       BRO26106.467034918.6920      6094     228.0    0.0000 2.796E-17  HITRAN         BRO        26
 0.000E+00 0.000E+00 1.192E-20 3.661E-20 3.702E-20 5.071E-21 0.000E+00 0.000E+00 0.000E+00 0.000E+00
 0.000E+00 2.373E-20 5.651E-20 5.692E-20 4.115E-20 1.729E-20 9.607E-21 4.238E-20 9.944E-20 1.565E-19
 1.893E-19 1.735E-19 1.173E-19 4.485E-20 0.000E+00 0.000E+00 5.628E-21 7.886E-20 1.440E-19 2.011E-19
 2.096E-19 1.857E-19 1.537E-19 1.218E-19 1.060E-19 1.226E-19 1.392E-19 1.639E-19 1.724E-19 1.728E-19
 1.651E-19 1.493E-19 1.336E-19 1.259E-19 1.182E-19 1.105E-19 1.109E-19 1.194E-19 1.441E-19 1.769E-19
 2.097E-19 2.182E-19 2.105E-19 1.785E-19 1.385E-19 1.146E-19 1.069E-19 1.235E-19 1.644E-19 2.052E-19
 2.299E-19 2.384E-19 2.226E-19 2.069E-19 1.911E-19 1.915E-19 2.081E-19 2.408E-19 2.655E-19 2.821E-19
 2.825E-19 2.829E-19 2.672E-19 2.514E-19 2.437E-19 2.279E-19 2.283E-19 2.287E-19 2.453E-19 2.781E-19
 3.109E-19 3.355E-19 3.440E-19 3.283E-19 2.963E-19 2.643E-19 2.485E-19 2.489E-19 2.817E-19 3.145E-19
 3.473E-19 3.558E-19 3.481E-19 3.242E-19 2.922E-19 2.845E-19 2.849E-19 2.934E-19 2.938E-19 2.780E-19
 2.461E-19 2.060E-19 1.659E-19 1.502E-19 1.667E-19 1.914E-19 2.161E-19 2.165E-19 1.926E-19 1.445E-19
 8.823E-20 5.627E-20 5.667E-20 8.134E-20 1.222E-19 1.631E-19 1.796E-19 1.558E-19 1.076E-19 5.137E-20
 3.225E-21 0.000E+00 0.000E+00 4.420E-21 3.718E-20 7.804E-20 9.462E-20 1.112E-19 1.035E-19 9.581E-20
 8.002E-20 7.233E-20 6.463E-20 7.312E-20 8.161E-20 1.063E-19 1.229E-19 1.394E-19 1.398E-19 1.321E-19
 1.164E-19 1.087E-19 1.091E-19 1.256E-19 1.584E-19 1.912E-19 2.158E-19 2.162E-19 1.923E-19 1.523E-19
 1.203E-19 9.642E-20 9.682E-20 1.215E-19 1.542E-19 1.870E-19 1.955E-19 1.878E-19 1.639E-19 1.319E-19
 1.081E-19 1.004E-19 1.088E-19 1.254E-19 1.501E-19 1.667E-19 1.671E-19 1.513E-19 1.355E-19 1.116E-19
 1.039E-19 9.619E-20 8.849E-20 8.888E-20 9.736E-20 1.058E-19 1.143E-19 1.228E-19 1.313E-19 1.317E-19
 1.321E-19 1.163E-19 9.239E-20 7.659E-20 6.080E-20 6.119E-20 6.158E-20 7.815E-20 8.663E-20 9.511E-20
 9.550E-20 8.779E-20 8.818E-20 8.857E-20 8.896E-20 9.743E-20 9.782E-20 8.203E-20 5.814E-20 3.426E-20
 1.846E-20 1.076E-20 1.923E-20 3.580E-20 6.046E-20 7.702E-20 7.741E-20 7.780E-20 6.200E-20 5.429E-20
 5.468E-20 6.315E-20 7.972E-20 8.819E-20 1.048E-19 1.051E-19 9.743E-20 8.973E-20 8.202E-20 6.622E-20
 5.851E-20 5.080E-20 5.119E-20 5.966E-20 6.813E-20 8.470E-20 1.093E-19 1.178E-19 1.182E-19 1.105E-19
 1.028E-19 8.698E-20 7.927E-20 7.965E-20 9.621E-20 1.128E-19 1.293E-19 1.297E-19 1.220E-19 9.811E-20
 7.421E-20 5.841E-20 4.261E-20 4.299E-20 4.336E-20 4.374E-20 5.221E-20 6.068E-20 7.724E-20 1.019E-19
 1.184E-19 1.431E-19 1.516E-19 1.519E-19 1.361E-19 1.203E-19 1.126E-19 1.049E-19 1.214E-19 1.299E-19
 1.384E-19 1.307E-19 1.068E-19 7.477E-20 4.278E-20 2.698E-20 4.353E-20 8.436E-20 1.495E-19 2.227E-19
 2.716E-19 2.881E-19 2.723E-19 2.241E-19 1.679E-19 1.197E-19 9.579E-20 1.043E-19 1.289E-19 1.697E-19
 2.025E-19 2.271E-19 2.275E-19 2.197E-19 2.039E-19 1.881E-19 1.804E-19 1.889E-19 1.973E-19 2.139E-19
 2.061E-19 1.984E-19 1.745E-19 1.425E-19 1.186E-19 1.028E-19 9.506E-20 9.543E-20 1.120E-19 1.204E-19
 1.370E-19 1.454E-19 1.458E-19 1.462E-19 1.384E-19 1.307E-19 1.230E-19 1.233E-19 1.318E-19 1.402E-19
 1.568E-19 1.572E-19 1.575E-19 1.417E-19 1.259E-19 1.181E-19 1.185E-19 1.270E-19 1.516E-19 1.681E-19
 1.847E-19 1.850E-19 1.773E-19 1.696E-19 1.699E-19 1.865E-19 2.030E-19 2.277E-19 2.361E-19 2.365E-19
 2.206E-19 2.048E-19 1.971E-19 1.974E-19 2.140E-19 2.305E-19 2.471E-19 2.474E-19 2.316E-19 2.158E-19
 2.080E-19 2.165E-19 2.411E-19 2.738E-19 3.065E-19 3.231E-19 3.153E-19 3.076E-19 2.918E-19 2.840E-19
 3.006E-19 3.171E-19 3.417E-19 3.664E-19 3.667E-19 3.590E-19 3.512E-19 3.354E-19 3.438E-19 3.523E-19
 3.607E-19 3.773E-19 3.938E-19 4.023E-19 4.188E-19 4.353E-19 4.600E-19 4.846E-19 5.011E-19 5.096E-19
 5.099E-19 5.184E-19 5.187E-19 5.272E-19 5.518E-19 5.683E-19 5.849E-19 6.014E-19 6.098E-19 6.183E-19
 6.348E-19 6.433E-19 6.598E-19 6.682E-19 6.767E-19 6.770E-19 6.693E-19 6.777E-19 6.862E-19 7.108E-19
 7.435E-19 7.682E-19 7.847E-19 7.931E-19 7.854E-19 7.776E-19 7.699E-19 7.783E-19 7.948E-19 8.276E-19
 8.522E-19 8.768E-19 8.853E-19 8.856E-19 8.698E-19 8.458E-19 8.219E-19 7.979E-19 7.902E-19 7.905E-19
 8.070E-19 8.317E-19 8.563E-19 8.728E-19 8.732E-19 8.654E-19 8.496E-19 8.256E-19 8.016E-19 7.777E-19
 7.537E-19 7.217E-19 6.896E-19 6.495E-19 6.093E-19 5.854E-19 5.776E-19 5.780E-19 5.945E-19 6.029E-19
 6.033E-19 5.874E-19 5.473E-19 5.071E-19 4.751E-19 4.430E-19 4.353E-19 4.275E-19 4.279E-19 4.282E-19
 4.204E-19 4.046E-19 3.887E-19 3.729E-19 3.570E-19 3.412E-19 3.334E-19 3.175E-19 3.098E-19 3.101E-19
 3.104E-19 3.189E-19 3.192E-19 3.114E-19 2.956E-19 2.797E-19 2.639E-19 2.642E-19 2.645E-19 2.729E-19
 2.733E-19 2.574E-19 2.416E-19 2.176E-19 2.018E-19 2.021E-19 2.186E-19 2.351E-19 2.435E-19 2.438E-19
 2.361E-19 2.202E-19 1.963E-19 1.885E-19 1.969E-19 2.053E-19 2.138E-19 2.141E-19 2.063E-19 1.985E-19
 1.827E-19 1.749E-19 1.833E-19 1.917E-19 1.921E-19 1.924E-19 1.846E-19 1.769E-19 1.772E-19 1.775E-19
 1.859E-19 1.943E-19 1.946E-19 1.788E-19 1.548E-19 1.390E-19 1.312E-19 1.396E-19 1.561E-19 1.807E-19
 1.972E-19 1.975E-19 1.898E-19 1.739E-19 1.661E-19 1.664E-19 1.748E-19 1.833E-19 1.836E-19 1.758E-19
 1.680E-19 1.764E-19 1.848E-19 2.175E-19 2.502E-19 2.748E-19 2.832E-19 2.835E-19 2.676E-19 2.518E-19
 2.278E-19 2.119E-19 1.961E-19 1.721E-19 1.401E-19 1.080E-19 9.215E-20 1.006E-19 1.332E-19 1.902E-19
 2.390E-19 2.636E-19 2.639E-19 2.238E-19 1.836E-19 1.597E-19 1.600E-19 2.008E-19 2.577E-19 3.066E-19
 3.231E-19 3.072E-19 2.670E-19 2.269E-19 2.029E-19 2.032E-19 2.197E-19 2.443E-19 2.527E-19 2.449E-19
 2.290E-19 2.051E-19 1.973E-19 2.057E-19 2.303E-19 2.549E-19 2.633E-19 2.555E-19 2.396E-19 2.318E-19
 2.321E-19 2.567E-19 2.894E-19 3.139E-19 3.223E-19 3.065E-19 2.744E-19 2.504E-19 2.426E-19 2.429E-19
 2.675E-19 2.921E-19 3.086E-19 3.170E-19 3.173E-19 3.176E-19 3.179E-19 3.263E-19 3.347E-19 3.350E-19
 3.191E-19 3.032E-19 2.873E-19 2.795E-19 2.960E-19 3.206E-19 3.532E-19 3.697E-19 3.700E-19 3.541E-19
 3.302E-19 3.143E-19 3.146E-19 3.391E-19 3.637E-19 3.964E-19 4.048E-19 4.051E-19 3.811E-19 3.652E-19
 3.574E-19 3.577E-19 3.661E-19 3.825E-19 3.828E-19 3.750E-19 3.672E-19 3.675E-19 3.678E-19 3.843E-19
 4.008E-19 4.173E-19 4.256E-19 4.259E-19 4.262E-19 4.265E-19 4.349E-19 4.514E-19 4.598E-19 4.681E-19
 4.603E-19 4.444E-19 4.285E-19 4.207E-19 4.210E-19 4.375E-19 4.621E-19 4.785E-19 4.950E-19 5.034E-19
 4.956E-19 4.959E-19 4.881E-19 4.964E-19 4.967E-19 5.051E-19 5.054E-19 5.057E-19 5.060E-19 5.062E-19
 5.065E-19 5.149E-19 5.233E-19 5.317E-19 5.400E-19 5.484E-19 5.649E-19 5.813E-19 5.978E-19 6.224E-19
 6.388E-19 6.553E-19 6.637E-19 6.640E-19 6.643E-19 6.564E-19 6.486E-19 6.408E-19 6.249E-19 6.252E-19
 6.254E-19 6.338E-19 6.503E-19 6.667E-19 6.751E-19 6.754E-19 6.676E-19 6.598E-19 6.519E-19 6.522E-19
 6.687E-19 6.932E-19 7.340E-19 7.747E-19 7.993E-19 8.158E-19 8.241E-19 8.163E-19 8.085E-19 8.007E-19
 8.009E-19 8.012E-19 8.015E-19 8.098E-19 8.182E-19 8.428E-19 8.673E-19 8.919E-19 9.165E-19 9.248E-19
 9.251E-19 9.173E-19 9.013E-19 8.854E-19 8.938E-19 9.102E-19 9.348E-19 9.755E-19 1.008E-18 1.041E-18
 1.065E-18 1.082E-18 1.098E-18 1.107E-18 1.115E-18 1.115E-18 1.108E-18 1.108E-18 1.116E-18 1.133E-18
 1.149E-18 1.174E-18 1.190E-18 1.207E-18 1.207E-18 1.199E-18 1.191E-18 1.191E-18 1.192E-18 1.192E-18
 1.192E-18 1.192E-18 1.193E-18 1.201E-18 1.218E-18 1.234E-18 1.259E-18 1.283E-18 1.300E-18 1.300E-18
 1.292E-18 1.276E-18 1.268E-18 1.260E-18 1.277E-18 1.285E-18 1.302E-18 1.310E-18 1.318E-18 1.319E-18
 1.327E-18 1.343E-18 1.368E-18 1.376E-18 1.368E-18 1.353E-18 1.320E-18 1.296E-18 1.280E-18 1.289E-18
 1.313E-18 1.338E-18 1.354E-18 1.355E-18 1.339E-18 1.315E-18 1.290E-18 1.283E-18 1.299E-18 1.307E-18
 1.324E-18 1.316E-18 1.292E-18 1.268E-18 1.252E-18 1.244E-18 1.252E-18 1.261E-18 1.261E-18 1.245E-18
 1.221E-18 1.197E-18 1.173E-18 1.157E-18 1.157E-18 1.149E-18 1.125E-18 1.101E-18 1.069E-18 1.045E-18
 1.053E-18 1.086E-18 1.119E-18 1.135E-18 1.103E-18 1.022E-18 9.092E-19 7.960E-19 7.396E-19 7.480E-19
 8.292E-19 9.428E-19 1.048E-18 1.097E-18 1.081E-18 1.000E-18 8.954E-19 8.147E-19 7.825E-19 8.071E-19
 8.640E-19 9.128E-19 9.454E-19 9.376E-19 9.054E-19 8.652E-19 8.411E-19 8.495E-19 8.821E-19 9.147E-19
 9.393E-19 9.476E-19 9.316E-19 9.076E-19 8.835E-19 8.676E-19 8.597E-19 8.600E-19 8.602E-19 8.604E-19
 8.526E-19 8.528E-19 8.450E-19 8.452E-19 8.373E-19 8.295E-19 8.216E-19 8.137E-19 8.140E-19 8.223E-19
 8.306E-19 8.309E-19 8.311E-19 8.152E-19 7.992E-19 7.832E-19 7.754E-19 7.756E-19 7.839E-19 7.842E-19
 7.844E-19 7.765E-19 7.606E-19 7.446E-19 7.449E-19 7.613E-19 7.777E-19 8.022E-19 8.105E-19 8.027E-19
 7.867E-19 7.708E-19 7.548E-19 7.550E-19 7.633E-19 7.717E-19 7.719E-19 7.721E-19 7.643E-19 7.645E-19
 7.566E-19 7.568E-19 7.571E-19 7.411E-19 7.251E-19 7.011E-19 6.770E-19 6.611E-19 6.694E-19 7.020E-19
 7.427E-19 7.672E-19 7.836E-19 7.676E-19 7.355E-19 6.952E-19 6.712E-19 6.633E-19 6.878E-19 7.285E-19
 7.611E-19 7.856E-19 7.939E-19 7.780E-19 7.539E-19 7.298E-19 7.220E-19 7.303E-19 7.386E-19 7.550E-19
 7.633E-19 7.716E-19 7.719E-19 7.802E-19 7.966E-19 8.130E-19 8.294E-19 8.377E-19 8.379E-19 8.220E-19
 7.979E-19 7.738E-19 7.578E-19 7.500E-19 7.502E-19 7.666E-19 7.830E-19 7.994E-19 8.077E-19 8.241E-19
 8.324E-19 8.407E-19 8.409E-19 8.331E-19 8.252E-19 8.092E-19 8.013E-19 8.015E-19 8.179E-19 8.505E-19
 8.912E-19 9.319E-19 9.564E-19 9.647E-19 9.649E-19 9.571E-19 9.573E-19 9.575E-19 9.658E-19 9.741E-19
 9.824E-19 9.826E-19 9.666E-19 9.668E-19 9.670E-19 9.834E-19 1.008E-18 1.024E-18 1.033E-18 1.017E-18
 9.845E-19 9.280E-19 8.877E-19 8.474E-19 8.395E-19 8.397E-19 8.399E-19 8.320E-19 8.161E-19 7.920E-19
 7.679E-19 7.600E-19 7.764E-19 8.090E-19 8.416E-19 8.661E-19 8.744E-19 8.584E-19 8.424E-19 8.264E-19
 8.185E-19 8.268E-19 8.513E-19 8.758E-19 8.922E-19 9.004E-19 8.926E-19 8.847E-19 8.849E-19 8.770E-19
 8.772E-19 8.773E-19 8.775E-19 8.858E-19 8.941E-19 9.105E-19 9.269E-19 9.352E-19 9.435E-19 9.356E-19
 9.115E-19 8.955E-19 8.795E-19 8.797E-19 8.880E-19 9.125E-19 9.451E-19 9.696E-19 9.940E-19 1.002E-18
 1.003E-18 1.003E-18 9.948E-19 9.869E-19 9.871E-19 9.792E-19 9.794E-19 9.877E-19 9.960E-19 1.004E-18
 1.013E-18 1.021E-18 1.021E-18 1.021E-18 1.038E-18 1.054E-18 1.087E-18 1.111E-18 1.144E-18 1.160E-18
 1.160E-18 1.160E-18 1.169E-18 1.185E-18 1.218E-18 1.250E-18 1.283E-18 1.299E-18 1.299E-18 1.283E-18
 1.259E-18 1.243E-18 1.243E-18 1.252E-18 1.276E-18 1.293E-18 1.301E-18 1.309E-18 1.317E-18 1.334E-18
 1.350E-18 1.383E-18 1.415E-18 1.448E-18 1.473E-18 1.481E-18 1.489E-18 1.497E-18 1.498E-18 1.498E-18
 1.498E-18 1.498E-18 1.506E-18 1.523E-18 1.555E-18 1.612E-18 1.669E-18 1.726E-18 1.759E-18 1.767E-18
 1.751E-18 1.719E-18 1.670E-18 1.646E-18 1.638E-18 1.647E-18 1.679E-18 1.720E-18 1.769E-18 1.817E-18
 1.858E-18 1.907E-18 1.956E-18 2.005E-18 2.053E-18 2.094E-18 2.127E-18 2.151E-18 2.168E-18 2.184E-18
 2.200E-18 2.225E-18 2.241E-18 2.258E-18 2.266E-18 2.274E-18 2.291E-18 2.299E-18 2.324E-18 2.348E-18
 2.381E-18 2.421E-18 2.454E-18 2.487E-18 2.503E-18 2.519E-18 2.520E-18 2.520E-18 2.528E-18 2.536E-18
 2.561E-18 2.585E-18 2.610E-18 2.634E-18 2.651E-18 2.659E-18 2.667E-18 2.676E-18 2.684E-18 2.708E-18
 2.741E-18 2.766E-18 2.790E-18 2.807E-18 2.815E-18 2.823E-18 2.823E-18 2.832E-18 2.840E-18 2.856E-18
 2.873E-18 2.889E-18 2.905E-18 2.922E-18 2.946E-18 2.955E-18 2.955E-18 2.955E-18 2.939E-18 2.931E-18
 2.931E-18 2.948E-18 2.972E-18 3.005E-18 3.037E-18 3.054E-18 3.046E-18 3.030E-18 2.997E-18 2.973E-18
 2.957E-18 2.957E-18 2.966E-18 2.974E-18 2.966E-18 2.958E-18 2.934E-18 2.910E-18 2.893E-18 2.886E-18
 2.886E-18 2.894E-18 2.902E-18 2.886E-18 2.854E-18 2.813E-18 2.773E-18 2.741E-18 2.717E-18 2.717E-18
 2.725E-18 2.725E-18 2.717E-18 2.685E-18 2.636E-18 2.580E-18 2.523E-18 2.483E-18 2.459E-18 2.451E-18
 2.451E-18 2.459E-18 2.443E-18 2.427E-18 2.395E-18 2.362E-18 2.338E-18 2.314E-18 2.290E-18 2.257E-18
 2.225E-18 2.177E-18 2.128E-18 2.088E-18 2.056E-18 2.031E-18 2.015E-18 2.007E-18 1.983E-18 1.951E-18
 1.919E-18 1.886E-18 1.854E-18 1.830E-18 1.814E-18 1.798E-18 1.782E-18 1.758E-18 1.733E-18 1.717E-18
 1.693E-18 1.677E-18 1.653E-18 1.621E-18 1.588E-18 1.556E-18 1.524E-18 1.508E-18 1.508E-18 1.516E-18
 1.533E-18 1.533E-18 1.525E-18 1.509E-18 1.493E-18 1.477E-18 1.469E-18 1.469E-18 1.461E-18 1.445E-18
 1.404E-18 1.364E-18 1.324E-18 1.291E-18 1.283E-18 1.284E-18 1.284E-18 1.276E-18 1.252E-18 1.219E-18
 1.179E-18 1.147E-18 1.139E-18 1.139E-18 1.155E-18 1.164E-18 1.172E-18 1.156E-18 1.132E-18 1.099E-18
 1.067E-18 1.051E-18 1.043E-18 1.043E-18 1.051E-18 1.060E-18 1.076E-18 1.076E-18 1.076E-18 1.052E-18
 1.028E-18 9.958E-19 9.716E-19 9.556E-19 9.638E-19 9.801E-19 9.965E-19 1.005E-18 9.967E-19 9.807E-19
 9.565E-19 9.324E-19 9.244E-19 9.245E-19 9.328E-19 9.410E-19 9.412E-19 9.332E-19 9.171E-19 9.092E-19
 9.093E-19 9.094E-19 9.096E-19 9.016E-19 8.856E-19 8.614E-19 8.372E-19 8.212E-19 8.132E-19 8.215E-19
 8.378E-19 8.379E-19 8.299E-19 8.220E-19 8.059E-19 7.980E-19 7.981E-19 7.982E-19 7.903E-19 7.742E-19
 7.500E-19 7.259E-19 7.179E-19 7.262E-19 7.425E-19 7.588E-19 7.670E-19 7.671E-19 7.430E-19 7.269E-19
 7.109E-19 7.029E-19 7.030E-19 7.032E-19 7.033E-19 6.953E-19 6.873E-19 6.875E-19 7.038E-19 7.363E-19
 7.688E-19 7.932E-19 7.933E-19 7.692E-19 7.369E-19 7.047E-19 6.967E-19 7.049E-19 7.293E-19 7.376E-19
 7.296E-19 7.054E-19 6.813E-19 6.976E-19 7.544E-19 8.597E-19 9.894E-19 1.095E-18 1.152E-18 1.144E-18
 1.087E-18 1.006E-18 9.335E-19 9.012E-19 9.013E-19 9.257E-19 9.501E-19 9.584E-19 9.504E-19 9.262E-19
 9.101E-19 9.103E-19 9.266E-19 9.510E-19 9.835E-19 1.008E-18 1.024E-18 1.049E-18 1.081E-18 1.114E-18
 1.154E-18 1.187E-18 1.203E-18 1.203E-18 1.203E-18 1.212E-18 1.236E-18 1.285E-18 1.333E-18 1.374E-18
 1.407E-18 1.431E-18 1.455E-18 1.480E-18 1.520E-18 1.577E-18 1.634E-18 1.675E-18 1.707E-18 1.732E-18
 1.772E-18 1.813E-18 1.878E-18 1.951E-18 2.016E-18 2.065E-18 2.097E-18 2.122E-18 2.154E-18 2.203E-18
 2.276E-18 2.374E-18 2.471E-18 2.552E-18 2.609E-18 2.658E-18 2.699E-18 2.764E-18 2.845E-18 2.942E-18
 3.048E-18 3.154E-18 3.251E-18 3.333E-18 3.422E-18 3.512E-18 3.625E-18 3.747E-18 3.869E-18 3.983E-18
 4.089E-18 4.195E-18 4.292E-18 4.398E-18 4.512E-18 4.634E-18 4.756E-18 4.895E-18 5.033E-18 5.188E-18
 5.343E-18 5.514E-18 5.677E-18 5.840E-18 5.995E-18 6.142E-18 6.305E-18 6.476E-18 6.664E-18 6.868E-18
 7.088E-18 7.300E-18 7.496E-18 7.684E-18 7.864E-18 8.052E-18 8.248E-18 8.460E-18 8.698E-18 8.943E-18
 9.197E-18 9.442E-18 9.688E-18 9.917E-18 1.013E-17 1.033E-17 1.049E-17 1.064E-17 1.076E-17 1.086E-17
 1.094E-17 1.098E-17 1.096E-17 1.084E-17 1.059E-17 1.020E-17 9.673E-18 9.043E-18 8.348E-18 7.638E-18
 6.961E-18 6.341E-18 5.779E-18 5.274E-18 4.835E-18 4.444E-18 4.111E-18 3.835E-18 3.616E-18 3.445E-18
 3.315E-18 3.210E-18 3.113E-18 3.007E-18 2.910E-18 2.805E-18 2.707E-18 2.618E-18 2.537E-18 2.480E-18
 2.432E-18 2.391E-18 2.359E-18 2.319E-18 2.270E-18 2.213E-18 2.157E-18 2.108E-18 2.060E-18 2.019E-18
 1.987E-18 1.954E-18 1.914E-18 1.865E-18 1.825E-18 1.801E-18 1.793E-18 1.809E-18 1.842E-18 1.874E-18
 1.890E-18 1.882E-18 1.858E-18 1.818E-18 1.777E-18 1.745E-18 1.721E-18 1.705E-18 1.697E-18 1.689E-18
 1.673E-18 1.656E-18 1.648E-18 1.649E-18 1.641E-18 1.624E-18 1.608E-18 1.584E-18 1.568E-18 1.552E-18
 1.560E-18 1.576E-18 1.585E-18 1.593E-18 1.585E-18 1.569E-18 1.536E-18 1.520E-18 1.512E-18 1.512E-18
 1.529E-18 1.537E-18 1.529E-18 1.513E-18 1.488E-18 1.472E-18 1.464E-18 1.473E-18 1.481E-18 1.489E-18
 1.489E-18 1.481E-18 1.465E-18 1.465E-18 1.481E-18 1.506E-18 1.530E-18 1.538E-18 1.530E-18 1.506E-18
 1.466E-18 1.425E-18 1.401E-18 1.401E-18 1.401E-18 1.417E-18 1.442E-18 1.458E-18 1.474E-18 1.491E-18
 1.499E-18 1.507E-18 1.499E-18 1.483E-18 1.467E-18 1.443E-18 1.443E-18 1.451E-18 1.467E-18 1.483E-18
 1.492E-18 1.484E-18 1.468E-18 1.451E-18 1.443E-18 1.460E-18 1.476E-18 1.500E-18 1.509E-18 1.509E-18
 1.501E-18 1.493E-18 1.485E-18 1.493E-18 1.509E-18 1.517E-18 1.509E-18 1.493E-18 1.469E-18 1.461E-18
 1.469E-18 1.493E-18 1.534E-18 1.550E-18 1.550E-18 1.518E-18 1.486E-18 1.462E-18 1.470E-18 1.518E-18
 1.583E-18 1.640E-18 1.665E-18 1.648E-18 1.608E-18 1.559E-18 1.535E-18 1.543E-18 1.592E-18 1.649E-18
 1.698E-18 1.714E-18 1.698E-18 1.649E-18 1.593E-18 1.552E-18 1.536E-18 1.552E-18 1.577E-18 1.601E-18
 1.625E-18 1.642E-18 1.658E-18 1.674E-18 1.699E-18 1.723E-18 1.747E-18 1.756E-18 1.756E-18 1.756E-18
 1.756E-18 1.764E-18 1.772E-18 1.789E-18 1.805E-18 1.813E-18 1.821E-18 1.837E-18 1.854E-18 1.878E-18
 1.903E-18 1.919E-18 1.935E-18 1.935E-18 1.943E-18 1.952E-18 1.968E-18 1.992E-18 2.025E-18 2.041E-18
 2.049E-18 2.049E-18 2.049E-18 2.049E-18 2.074E-18 2.098E-18 2.139E-18 2.179E-18 2.212E-18 2.228E-18
 2.228E-18 2.237E-18 2.245E-18 2.269E-18 2.302E-18 2.342E-18 2.383E-18 2.423E-18 2.448E-18 2.472E-18
 2.489E-18 2.513E-18 2.529E-18 2.562E-18 2.602E-18 2.643E-18 2.684E-18 2.716E-18 2.757E-18 2.781E-18
 2.814E-18 2.838E-18 2.871E-18 2.920E-18 2.968E-18 3.017E-18 3.074E-18 3.123E-18 3.155E-18 3.180E-18
 3.188E-18 3.204E-18 3.229E-18 3.269E-18 3.318E-18 3.391E-18 3.456E-18 3.513E-18 3.562E-18 3.595E-18
 3.619E-18 3.652E-18 3.692E-18 3.749E-18 3.822E-18 3.904E-18 3.985E-18 4.058E-18 4.107E-18 4.156E-18
 4.205E-18 4.254E-18 4.319E-18 4.392E-18 4.473E-18 4.530E-18 4.579E-18 4.612E-18 4.636E-18 4.661E-18
 4.701E-18 4.767E-18 4.848E-18 4.938E-18 5.019E-18 5.084E-18 5.149E-18 5.198E-18 5.263E-18 5.345E-18
 5.443E-18 5.540E-18 5.638E-18 5.728E-18 5.793E-18 5.858E-18 5.924E-18 6.005E-18 6.103E-18 6.209E-18
 6.323E-18 6.421E-18 6.503E-18 6.552E-18 6.592E-18 6.641E-18 6.707E-18 6.796E-18 6.911E-18 7.049E-18
 7.172E-18 7.286E-18 7.376E-18 7.441E-18 7.490E-18 7.539E-18 7.605E-18 7.686E-18 7.776E-18 7.874E-18
 7.956E-18 8.030E-18 8.095E-18 8.152E-18 8.218E-18 8.299E-18 8.398E-18 8.488E-18 8.577E-18 8.643E-18
 8.676E-18 8.700E-18 8.717E-18 8.741E-18 8.782E-18 8.839E-18 8.897E-18 8.946E-18 8.970E-18 8.962E-18
 8.946E-18 8.922E-18 8.905E-18 8.897E-18 8.897E-18 8.905E-18 8.897E-18 8.865E-18 8.816E-18 8.759E-18
 8.685E-18 8.620E-18 8.554E-18 8.489E-18 8.407E-18 8.309E-18 8.195E-18 8.056E-18 7.917E-18 7.771E-18
 7.640E-18 7.509E-18 7.387E-18 7.257E-18 7.118E-18 6.979E-18 6.833E-18 6.686E-18 6.531E-18 6.376E-18
 6.221E-18 6.058E-18 5.887E-18 5.708E-18 5.537E-18 5.366E-18 5.212E-18 5.065E-18 4.935E-18 4.797E-18
 4.667E-18 4.537E-18 4.399E-18 4.252E-18 4.114E-18 3.976E-18 3.846E-18 3.732E-18 3.627E-18 3.529E-18
 3.424E-18 3.326E-18 3.221E-18 3.115E-18 3.010E-18 2.921E-18 2.832E-18 2.759E-18 2.694E-18 2.629E-18
 2.564E-18 2.499E-18 2.426E-18 2.361E-18 2.305E-18 2.256E-18 2.207E-18 2.167E-18 2.126E-18 2.086E-18
 2.037E-18 1.981E-18 1.924E-18 1.867E-18 1.819E-18 1.770E-18 1.730E-18 1.705E-18 1.697E-18 1.697E-18
 1.714E-18 1.730E-18 1.738E-18 1.730E-18 1.706E-18 1.657E-18 1.592E-18 1.520E-18 1.447E-18 1.390E-18
 1.350E-18 1.325E-18 1.325E-18 1.325E-18 1.334E-18 1.342E-18 1.350E-18 1.342E-18 1.334E-18 1.318E-18
 1.301E-18 1.302E-18 1.302E-18 1.318E-18 1.334E-18 1.342E-18 1.342E-18 1.334E-18 1.318E-18 1.302E-18
 1.294E-18 1.302E-18 1.318E-18 1.343E-18 1.351E-18 1.343E-18 1.310E-18 1.262E-18 1.205E-18 1.149E-18
 1.100E-18 1.084E-18 1.084E-18 1.100E-18 1.124E-18 1.141E-18 1.149E-18 1.141E-18 1.133E-18 1.117E-18
 1.109E-18 1.100E-18 1.109E-18 1.117E-18 1.125E-18 1.133E-18 1.133E-18 1.133E-18 1.141E-18 1.158E-18
 1.182E-18 1.222E-18 1.263E-18 1.287E-18 1.312E-18 1.312E-18 1.304E-18 1.296E-18 1.288E-18 1.288E-18
 1.304E-18 1.328E-18 1.353E-18 1.377E-18 1.401E-18 1.426E-18 1.450E-18 1.482E-18 1.515E-18 1.539E-18
 1.564E-18 1.580E-18 1.596E-18 1.612E-18 1.629E-18 1.653E-18 1.669E-18 1.693E-18 1.710E-18 1.734E-18
 1.758E-18 1.791E-18 1.831E-18 1.880E-18 1.921E-18 1.961E-18 1.994E-18 2.018E-18 2.034E-18 2.051E-18
 2.075E-18 2.099E-18 2.116E-18 2.132E-18 2.140E-18 2.156E-18 2.189E-18 2.246E-18 2.310E-18 2.392E-18
 2.465E-18 2.521E-18 2.570E-18 2.595E-18 2.627E-18 2.668E-18 2.725E-18 2.789E-18 2.854E-18 2.903E-18
 2.936E-18 2.968E-18 2.993E-18 3.041E-18 3.114E-18 3.212E-18 3.309E-18 3.407E-18 3.480E-18 3.537E-18
 3.586E-18 3.626E-18 3.691E-18 3.756E-18 3.838E-18 3.919E-18 3.992E-18 4.049E-18 4.114E-18 4.187E-18
 4.269E-18 4.358E-18 4.464E-18 4.561E-18 4.659E-18 4.740E-18 4.822E-18 4.911E-18 5.001E-18 5.107E-18
 5.204E-18 5.310E-18 5.400E-18 5.481E-18 5.571E-18 5.669E-18 5.791E-18 5.929E-18 6.076E-18 6.215E-18
 6.353E-18 6.484E-18 6.598E-18 6.720E-18 6.843E-18 6.965E-18 7.096E-18 7.226E-18 7.349E-18 7.455E-18
 7.561E-18 7.667E-18 7.781E-18 7.904E-18 8.043E-18 8.190E-18 8.337E-18 8.484E-18 8.631E-18 8.778E-18
 8.909E-18 9.048E-18 9.179E-18 9.318E-18 9.457E-18 9.596E-18 9.752E-18 9.899E-18 1.004E-17 1.017E-17
 1.028E-17 1.038E-17 1.046E-17 1.055E-17 1.064E-17 1.073E-17 1.083E-17 1.092E-17 1.101E-17 1.108E-17
 1.115E-17 1.122E-17 1.130E-17 1.139E-17 1.147E-17 1.155E-17 1.160E-17 1.161E-17 1.160E-17 1.156E-17
 1.151E-17 1.148E-17 1.146E-17 1.145E-17 1.143E-17 1.140E-17 1.134E-17 1.126E-17 1.116E-17 1.106E-17
 1.095E-17 1.084E-17 1.074E-17 1.062E-17 1.050E-17 1.036E-17 1.021E-17 1.006E-17 9.901E-18 9.745E-18
 9.590E-18 9.434E-18 9.271E-18 9.115E-18 8.960E-18 8.813E-18 8.674E-18 8.527E-18 8.380E-18 8.208E-18
 8.029E-18 7.841E-18 7.661E-18 7.490E-18 7.335E-18 7.204E-18 7.090E-18 6.976E-18 6.862E-18 6.739E-18
 6.617E-18 6.487E-18 6.364E-18 6.234E-18 6.096E-18 5.965E-18 5.843E-18 5.729E-18 5.631E-18 5.550E-18
 5.477E-18 5.403E-18 5.306E-18 5.192E-18 5.045E-18 4.891E-18 4.753E-18 4.639E-18 4.566E-18 4.517E-18
 4.484E-18 4.444E-18 4.379E-18 4.297E-18 4.208E-18 4.127E-18 4.078E-18 4.054E-18 4.045E-18 4.029E-18
 4.005E-18 3.948E-18 3.867E-18 3.777E-18 3.696E-18 3.623E-18 3.574E-18 3.534E-18 3.501E-18 3.469E-18
 3.428E-18 3.388E-18 3.347E-18 3.307E-18 3.274E-18 3.242E-18 3.201E-18 3.161E-18 3.120E-18 3.088E-18
 3.063E-18 3.047E-18 3.031E-18 3.007E-18 2.974E-18 2.934E-18 2.893E-18 2.852E-18 2.820E-18 2.788E-18
 2.763E-18 2.739E-18 2.715E-18 2.690E-18 2.658E-18 2.642E-18 2.617E-18 2.601E-18 2.585E-18 2.561E-18
 2.536E-18 2.504E-18 2.480E-18 2.447E-18 2.431E-18 2.407E-18 2.390E-18 2.374E-18 2.366E-18 2.350E-18
 2.342E-18 2.342E-18 2.342E-18 2.334E-18 2.326E-18 2.310E-18 2.293E-18 2.261E-18 2.245E-18 2.229E-18
 2.212E-18 2.204E-18 2.196E-18 2.180E-18 2.156E-18 2.131E-18 2.115E-18 2.099E-18 2.083E-18 2.067E-18
 2.050E-18 2.042E-18 2.034E-18 2.042E-18 2.067E-18 2.083E-18 2.107E-18 2.115E-18 2.099E-18 2.075E-18
 2.034E-18 2.002E-18 1.978E-18 1.970E-18 1.978E-18 1.994E-18 2.002E-18 2.010E-18 2.010E-18 2.010E-18
 2.018E-18 2.035E-18 2.051E-18 2.067E-18 2.075E-18 2.059E-18 2.035E-18 1.994E-18 1.970E-18 1.954E-18
 1.954E-18 1.962E-18 1.986E-18 2.003E-18 2.019E-18 2.019E-18 2.011E-18 2.003E-18 1.995E-18 2.003E-18
 2.019E-18 2.035E-18 2.051E-18 2.068E-18 2.076E-18 2.076E-18 2.084E-18 2.100E-18 2.133E-18 2.181E-18
 2.238E-18 2.295E-18 2.335E-18 2.352E-18 2.352E-18 2.335E-18 2.327E-18 2.327E-18 2.344E-18 2.368E-18
 2.400E-18 2.425E-18 2.441E-18 2.449E-18 2.473E-18 2.498E-18 2.547E-18 2.603E-18 2.668E-18 2.717E-18
 2.749E-18 2.766E-18 2.774E-18 2.766E-18 2.774E-18 2.798E-18 2.847E-18 2.904E-18 2.969E-18 3.034E-18
 3.090E-18 3.139E-18 3.180E-18 3.212E-18 3.245E-18 3.294E-18 3.342E-18 3.407E-18 3.472E-18 3.529E-18
 3.586E-18 3.627E-18 3.667E-18 3.716E-18 3.773E-18 3.838E-18 3.919E-18 4.000E-18 4.082E-18 4.155E-18
 4.220E-18 4.293E-18 4.374E-18 4.464E-18 4.545E-18 4.635E-18 4.716E-18 4.789E-18 4.871E-18 4.960E-18
 5.074E-18 5.196E-18 5.335E-18 5.465E-18 5.579E-18 5.685E-18 5.791E-18 5.905E-18 6.043E-18 6.206E-18
 6.369E-18 6.524E-18 6.663E-18 6.793E-18 6.916E-18 7.062E-18 7.234E-18 7.438E-18 7.650E-18 7.846E-18
 8.018E-18 8.165E-18 8.312E-18 8.483E-18 8.688E-18 8.933E-18 9.195E-18 9.456E-18 9.686E-18 9.882E-18
 1.007E-17 1.027E-17 1.050E-17 1.077E-17 1.107E-17 1.137E-17 1.166E-17 1.193E-17 1.221E-17 1.251E-17
 1.285E-17 1.321E-17 1.359E-17 1.395E-17 1.428E-17 1.459E-17 1.492E-17 1.528E-17 1.568E-17 1.612E-17
 1.657E-17 1.699E-17 1.737E-17 1.775E-17 1.814E-17 1.857E-17 1.905E-17 1.957E-17 2.006E-17 2.053E-17
 2.096E-17 2.140E-17 2.188E-17 2.245E-17 2.306E-17 2.369E-17 2.424E-17 2.468E-17 2.505E-17 2.545E-17
 2.598E-17 2.668E-17 2.743E-17 2.796E-17 2.787E-17 2.677E-17 2.448E-17 2.106E-17 1.688E-17 1.251E-17
 8.541E-18 5.433E-18 3.401E-18 2.370E-18 2.062E-18 2.135E-18 2.273E-18 2.297E-18 2.192E-18 2.021E-18
 1.876E-18 1.827E-18 1.867E-18 1.940E-18 2.005E-18 2.005E-18 1.965E-18 1.908E-18 1.868E-18 1.876E-18
 1.924E-18 1.973E-18 2.014E-18 2.022E-18 1.997E-18 1.973E-18 1.949E-18 1.949E-18 1.965E-18 1.989E-18
 2.006E-18 2.014E-18 2.022E-18 2.022E-18 2.014E-18 2.014E-18 1.998E-18 1.981E-18 1.965E-18 1.957E-18
 1.973E-18 2.014E-18 2.054E-18 2.087E-18 2.103E-18 2.087E-18 2.046E-18 1.998E-18 1.965E-18 1.957E-18
 1.973E-18 2.006E-18 2.030E-18 2.046E-18 2.055E-18 2.046E-18 2.046E-18 2.046E-18 2.055E-18 2.063E-18
 2.079E-18 2.079E-18 2.087E-18 2.087E-18 2.087E-18 2.079E-18 2.079E-18 2.071E-18 2.063E-18 2.063E-18
 2.063E-18 2.071E-18 2.087E-18 2.095E-18 2.095E-18 2.087E-18 2.071E-18 2.071E-18 2.071E-18 2.095E-18
 2.136E-18 2.168E-18 2.193E-18 2.201E-18 2.177E-18 2.144E-18 2.112E-18 2.071E-18 2.047E-18 2.031E-18
 2.023E-18 2.023E-18 2.039E-18 2.079E-18 2.128E-18 2.185E-18 2.234E-18 2.258E-18 2.266E-18 2.242E-18
 2.209E-18 2.193E-18 2.201E-18 2.234E-18 2.290E-18 2.339E-18 2.372E-18 2.380E-18 2.355E-18 2.331E-18
 2.315E-18 2.323E-18 2.364E-18 2.404E-18 2.445E-18 2.469E-18 2.477E-18 2.477E-18 2.469E-18 2.477E-18
 2.510E-18 2.550E-18 2.591E-18 2.623E-18 2.639E-18 2.640E-18 2.631E-18 2.623E-18 2.623E-18 2.640E-18
 2.672E-18 2.704E-18 2.737E-18 2.761E-18 2.778E-18 2.786E-18 2.802E-18 2.826E-18 2.859E-18 2.899E-18
 2.932E-18 2.948E-18 2.948E-18 2.932E-18 2.908E-18 2.899E-18 2.916E-18 2.964E-18 3.029E-18 3.094E-18
 3.151E-18 3.184E-18 3.192E-18 3.184E-18 3.176E-18 3.192E-18 3.224E-18 3.281E-18 3.338E-18 3.395E-18
 3.427E-18 3.444E-18 3.452E-18 3.460E-18 3.484E-18 3.517E-18 3.574E-18 3.630E-18 3.695E-18 3.760E-18
 3.817E-18 3.874E-18 3.923E-18 3.964E-18 4.004E-18 4.045E-18 4.094E-18 4.143E-18 4.208E-18 4.273E-18
 4.346E-18 4.419E-18 4.476E-18 4.541E-18 4.590E-18 4.655E-18 4.712E-18 4.785E-18 4.850E-18 4.915E-18
 4.972E-18 5.021E-18 5.062E-18 5.102E-18 5.151E-18 5.216E-18 5.281E-18 5.355E-18 5.436E-18 5.518E-18
 5.599E-18 5.680E-18 5.778E-18 5.876E-18 5.974E-18 6.080E-18 6.186E-18 6.292E-18 6.398E-18 6.495E-18
 6.593E-18 6.683E-18 6.764E-18 6.854E-18 6.944E-18 7.042E-18 7.156E-18 7.270E-18 7.384E-18 7.491E-18
 7.597E-18 7.687E-18 7.776E-18 7.874E-18 7.997E-18 8.128E-18 8.275E-18 8.422E-18 8.577E-18 8.724E-18
 8.871E-18 9.027E-18 9.182E-18 9.337E-18 9.501E-18 9.657E-18 9.796E-18 9.935E-18 1.007E-17 1.020E-17
 1.034E-17 1.048E-17 1.064E-17 1.081E-17 1.098E-17 1.116E-17 1.134E-17 1.153E-17 1.173E-17 1.193E-17
 1.211E-17 1.227E-17 1.243E-17 1.258E-17 1.276E-17 1.296E-17 1.319E-17 1.344E-17 1.368E-17 1.390E-17
 1.410E-17 1.425E-17 1.439E-17 1.452E-17 1.466E-17 1.480E-17 1.494E-17 1.510E-17 1.526E-17 1.541E-17
 1.558E-17 1.575E-17 1.593E-17 1.608E-17 1.621E-17 1.632E-17 1.640E-17 1.645E-17 1.650E-17 1.656E-17
 1.662E-17 1.667E-17 1.671E-17 1.673E-17 1.671E-17 1.668E-17 1.663E-17 1.657E-17 1.649E-17 1.640E-17
 1.625E-17 1.606E-17 1.582E-17 1.555E-17 1.525E-17 1.494E-17 1.463E-17 1.429E-17 1.392E-17 1.351E-17
 1.306E-17 1.257E-17 1.207E-17 1.157E-17 1.107E-17 1.059E-17 1.011E-17 9.608E-18 9.101E-18 8.594E-18
 8.095E-18 7.630E-18 7.197E-18 6.798E-18 6.423E-18 6.056E-18 5.697E-18 5.364E-18 5.038E-18 4.753E-18
 4.501E-18 4.265E-18 4.046E-18 3.818E-18 3.591E-18 3.372E-18 3.177E-18 3.006E-18 2.885E-18 2.795E-18
 2.722E-18 2.649E-18 2.560E-18 2.455E-18 2.349E-18 2.244E-18 2.163E-18 2.098E-18 2.041E-18 1.984E-18
 1.927E-18 1.863E-18 1.798E-18 1.757E-18 1.725E-18 1.717E-18 1.709E-18 1.692E-18 1.660E-18 1.611E-18
 1.563E-18 1.514E-18 1.498E-18 1.498E-18 1.514E-18 1.539E-18 1.555E-18 1.555E-18 1.547E-18 1.522E-18
 1.498E-18 1.490E-18 1.482E-18 1.482E-18 1.474E-18 1.458E-18 1.433E-18 1.401E-18 1.377E-18 1.352E-18
 1.344E-18 1.344E-18 1.352E-18 1.368E-18 1.393E-18 1.433E-18 1.466E-18 1.498E-18 1.514E-18 1.506E-18
 1.474E-18 1.433E-18 1.385E-18 1.368E-18 1.377E-18 1.425E-18 1.490E-18 1.563E-18 1.620E-18 1.652E-18
 1.652E-18 1.644E-18 1.636E-18 1.644E-18 1.660E-18 1.693E-18 1.725E-18 1.757E-18 1.774E-18 1.782E-18
 1.782E-18 1.790E-18 1.798E-18 1.814E-18 1.839E-18 1.863E-18 1.887E-18 1.911E-18 1.944E-18 1.976E-18
 2.017E-18 2.057E-18 2.098E-18 2.138E-18 2.171E-18 2.203E-18 2.236E-18 2.268E-18 2.293E-18 2.317E-18
 2.341E-18 2.349E-18 2.366E-18 2.390E-18 2.422E-18 2.471E-18 2.536E-18 2.601E-18 2.666E-18 2.706E-18
 2.739E-18 2.747E-18 2.755E-18 2.771E-18 2.796E-18 2.844E-18 2.917E-18 2.990E-18 3.063E-18 3.120E-18
 3.153E-18 3.177E-18 3.193E-18 3.218E-18 3.258E-18 3.315E-18 3.380E-18 3.453E-18 3.518E-18 3.575E-18
 3.632E-18 3.689E-18 3.762E-18 3.843E-18 3.924E-18 4.014E-18 4.079E-18 4.119E-18 4.144E-18 4.168E-18
 4.209E-18 4.274E-18 4.363E-18 4.461E-18 4.567E-18 4.664E-18 4.746E-18 4.811E-18 4.876E-18 4.941E-18
 5.022E-18 5.120E-18 5.218E-18 5.315E-18 5.405E-18 5.486E-18 5.568E-18 5.657E-18 5.763E-18 5.869E-18
 5.991E-18 6.113E-18 6.219E-18 6.325E-18 6.415E-18 6.505E-18 6.586E-18 6.684E-18 6.790E-18 6.896E-18
 7.018E-18 7.133E-18 7.247E-18 7.353E-18 7.443E-18 7.541E-18 7.647E-18 7.777E-18 7.924E-18 8.088E-18
 8.267E-18 8.431E-18 8.578E-18 8.701E-18 8.815E-18 8.929E-18 9.077E-18 9.248E-18 9.437E-18 9.633E-18
 9.805E-18 9.936E-18 1.004E-17 1.013E-17 1.023E-17 1.036E-17 1.052E-17 1.070E-17 1.088E-17 1.105E-17
 1.121E-17 1.137E-17 1.155E-17 1.176E-17 1.201E-17 1.226E-17 1.252E-17 1.274E-17 1.292E-17 1.307E-17
 1.319E-17 1.333E-17 1.348E-17 1.364E-17 1.382E-17 1.397E-17 1.411E-17 1.424E-17 1.436E-17 1.448E-17
 1.462E-17 1.475E-17 1.488E-17 1.499E-17 1.509E-17 1.516E-17 1.523E-17 1.532E-17 1.541E-17 1.552E-17
 1.561E-17 1.568E-17 1.571E-17 1.572E-17 1.570E-17 1.566E-17 1.561E-17 1.556E-17 1.548E-17 1.540E-17
 1.530E-17 1.518E-17 1.507E-17 1.495E-17 1.481E-17 1.466E-17 1.448E-17 1.428E-17 1.406E-17 1.383E-17
 1.360E-17 1.336E-17 1.310E-17 1.283E-17 1.254E-17 1.221E-17 1.189E-17 1.158E-17 1.130E-17 1.104E-17
 1.079E-17 1.053E-17 1.026E-17 9.969E-18 9.657E-18 9.355E-18 9.052E-18 8.774E-18 8.513E-18 8.251E-18
 7.981E-18 7.704E-18 7.434E-18 7.173E-18 6.937E-18 6.733E-18 6.554E-18 6.382E-18 6.219E-18 6.040E-18
 5.853E-18 5.657E-18 5.462E-18 5.275E-18 5.104E-18 4.949E-18 4.811E-18 4.681E-18 4.559E-18 4.437E-18
 4.323E-18 4.217E-18 4.128E-18 4.063E-18 4.006E-18 3.957E-18 3.884E-18 3.786E-18 3.656E-18 3.510E-18
 3.356E-18 3.234E-18 3.161E-18 3.145E-18 3.153E-18 3.161E-18 3.128E-18 3.064E-18 2.958E-18 2.844E-18
 2.763E-18 2.723E-18 2.731E-18 2.747E-18 2.755E-18 2.706E-18 2.617E-18 2.495E-18 2.382E-18 2.317E-18
 2.309E-18 2.333E-18 2.366E-18 2.374E-18 2.333E-18 2.252E-18 2.171E-18 2.106E-18 2.082E-18 2.090E-18
 2.122E-18 2.130E-18 2.122E-18 2.090E-18 2.041E-18 2.009E-18 2.001E-18 2.001E-18 2.001E-18 1.985E-18
 1.952E-18 1.903E-18 1.871E-18 1.863E-18 1.879E-18 1.920E-18 1.960E-18 1.976E-18 1.968E-18 1.952E-18
 1.944E-18 1.944E-18 1.976E-18 2.009E-18 2.025E-18 2.025E-18 2.001E-18 1.968E-18 1.952E-18 1.944E-18
 1.960E-18 1.976E-18 1.984E-18 1.960E-18 1.936E-18 1.911E-18 1.920E-18 1.968E-18 2.041E-18 2.114E-18
 2.163E-18 2.163E-18 2.130E-18 2.074E-18 2.033E-18 2.017E-18 2.049E-18 2.098E-18 2.147E-18 2.187E-18
 2.195E-18 2.203E-18 2.203E-18 2.228E-18 2.260E-18 2.309E-18 2.349E-18 2.382E-18 2.398E-18 2.414E-18
 2.422E-18 2.447E-18 2.487E-18 2.520E-18 2.560E-18 2.593E-18 2.625E-18 2.666E-18 2.714E-18 2.779E-18
 2.844E-18 2.909E-18 2.958E-18 2.998E-18 3.031E-18 3.055E-18 3.088E-18 3.120E-18 3.144E-18 3.177E-18
 3.217E-18 3.266E-18 3.331E-18 3.412E-18 3.502E-18 3.591E-18 3.672E-18 3.737E-18 3.786E-18 3.843E-18
 3.916E-18 4.005E-18 4.111E-18 4.217E-18 4.314E-18 4.395E-18 4.460E-18 4.534E-18 4.615E-18 4.721E-18
 4.835E-18 4.949E-18 5.054E-18 5.144E-18 5.225E-18 5.315E-18 5.421E-18 5.535E-18 5.649E-18 5.754E-18
 5.844E-18 5.925E-18 6.015E-18 6.137E-18 6.300E-18 6.496E-18 6.700E-18 6.879E-18 7.034E-18 7.156E-18
 7.271E-18 7.401E-18 7.564E-18 7.744E-18 7.932E-18 8.103E-18 8.259E-18 8.397E-18 8.545E-18 8.741E-18
 8.986E-18 9.264E-18 9.542E-18 9.771E-18 9.935E-18 1.003E-17 1.011E-17 1.020E-17 1.035E-17 1.058E-17
 1.084E-17 1.111E-17 1.134E-17 1.152E-17 1.166E-17 1.180E-17 1.199E-17 1.224E-17 1.253E-17 1.282E-17
 1.308E-17 1.331E-17 1.348E-17 1.364E-17 1.382E-17 1.406E-17 1.434E-17 1.465E-17 1.493E-17 1.517E-17
 1.535E-17 1.549E-17 1.562E-17 1.577E-17 1.594E-17 1.615E-17 1.636E-17 1.655E-17 1.670E-17 1.681E-17
 1.688E-17 1.692E-17 1.696E-17 1.697E-17 1.698E-17 1.697E-17 1.692E-17 1.682E-17 1.670E-17 1.655E-17
 1.637E-17 1.616E-17 1.593E-17 1.568E-17 1.541E-17 1.510E-17 1.477E-17 1.442E-17 1.405E-17 1.365E-17
 1.324E-17 1.283E-17 1.242E-17 1.202E-17 1.163E-17 1.125E-17 1.088E-17 1.051E-17 1.016E-17 9.820E-18
 9.493E-18 9.190E-18 8.904E-18 8.634E-18 8.365E-18 8.095E-18 7.834E-18 7.572E-18 7.336E-18 7.107E-18
 6.920E-18 6.748E-18 6.593E-18 6.438E-18 6.275E-18 6.104E-18 5.917E-18 5.738E-18 5.567E-18 5.412E-18
 5.282E-18 5.176E-18 5.078E-18 4.989E-18 4.899E-18 4.810E-18 4.720E-18 4.631E-18 4.541E-18 4.436E-18
 4.330E-18 4.216E-18 4.102E-18 3.997E-18 3.924E-18 3.875E-18 3.859E-18 3.859E-18 3.850E-18 3.826E-18
 3.753E-18 3.647E-18 3.534E-18 3.428E-18 3.355E-18 3.322E-18 3.331E-18 3.363E-18 3.395E-18 3.395E-18
 3.363E-18 3.298E-18 3.217E-18 3.136E-18 3.071E-18 3.030E-18 3.006E-18 2.990E-18 2.965E-18 2.941E-18
 2.900E-18 2.860E-18 2.819E-18 2.787E-18 2.762E-18 2.738E-18 2.722E-18 2.714E-18 2.705E-18 2.705E-18
 2.705E-18 2.714E-18 2.722E-18 2.722E-18 2.697E-18 2.657E-18 2.600E-18 2.543E-18 2.486E-18 2.454E-18
 2.446E-18 2.462E-18 2.486E-18 2.511E-18 2.519E-18 2.502E-18 2.470E-18 2.421E-18 2.381E-18 2.365E-18
 2.373E-18 2.397E-18 2.429E-18 2.462E-18 2.478E-18 2.478E-18 2.470E-18 2.462E-18 2.462E-18 2.478E-18
 2.502E-18 2.527E-18 2.543E-18 2.535E-18 2.519E-18 2.494E-18 2.478E-18 2.478E-18 2.494E-18 2.527E-18
 2.551E-18 2.567E-18 2.567E-18 2.559E-18 2.543E-18 2.543E-18 2.551E-18 2.575E-18 2.616E-18 2.664E-18
 2.697E-18 2.713E-18 2.705E-18 2.697E-18 2.681E-18 2.689E-18 2.713E-18 2.778E-18 2.851E-18 2.916E-18
 2.965E-18 2.973E-18 2.957E-18 2.924E-18 2.900E-18 2.900E-18 2.932E-18 2.997E-18 3.070E-18 3.127E-18
 3.168E-18 3.176E-18 3.159E-18 3.143E-18 3.135E-18 3.151E-18 3.176E-18 3.216E-18 3.249E-18 3.289E-18
 3.338E-18 3.403E-18 3.476E-18 3.549E-18 3.614E-18 3.647E-18 3.647E-18 3.630E-18 3.614E-18 3.630E-18
 3.679E-18 3.776E-18 3.898E-18 4.004E-18 4.085E-18 4.126E-18 4.150E-18 4.183E-18 4.248E-18 4.345E-18
 4.475E-18 4.606E-18 4.695E-18 4.736E-18 4.736E-18 4.736E-18 4.768E-18 4.850E-18 4.988E-18 5.159E-18
 5.313E-18 5.444E-18 5.525E-18 5.598E-18 5.688E-18 5.818E-18 5.989E-18 6.177E-18 6.348E-18 6.446E-18
 6.462E-18 6.413E-18 6.348E-18 6.323E-18 6.397E-18 6.568E-18 6.845E-18 7.179E-18 7.506E-18 7.800E-18
 8.028E-18 8.184E-18 8.298E-18 8.388E-18 8.486E-18 8.592E-18 8.723E-18 8.878E-18 9.050E-18 9.246E-18
 9.451E-18 9.680E-18 9.909E-18 1.015E-17 1.038E-17 1.060E-17 1.082E-17 1.104E-17 1.125E-17 1.145E-17
 1.165E-17 1.184E-17 1.203E-17 1.225E-17 1.251E-17 1.280E-17 1.313E-17 1.348E-17 1.382E-17 1.413E-17
 1.441E-17 1.466E-17 1.492E-17 1.519E-17 1.550E-17 1.585E-17 1.620E-17 1.656E-17 1.688E-17 1.719E-17
 1.747E-17 1.776E-17 1.806E-17 1.839E-17 1.872E-17 1.904E-17 1.934E-17 1.961E-17 1.987E-17 2.011E-17
 2.035E-17 2.056E-17 2.071E-17 2.075E-17 2.064E-17 2.032E-17 1.980E-17 1.908E-17 1.818E-17 1.714E-17
 1.597E-17 1.473E-17 1.343E-17 1.211E-17 1.081E-17 9.598E-18 8.502E-18 7.563E-18 6.787E-18 6.168E-18
 5.671E-18 5.264E-18 4.922E-18 4.629E-18 4.377E-18 4.166E-18 4.003E-18 3.889E-18 3.808E-18 3.743E-18
 3.678E-18 3.605E-18 3.516E-18 3.402E-18 3.288E-18 3.175E-18 3.093E-18 3.037E-18 3.020E-18 3.020E-18
 3.028E-18 3.020E-18 2.988E-18 2.931E-18 2.866E-18 2.817E-18 2.801E-18 2.809E-18 2.842E-18 2.874E-18
 2.890E-18 2.874E-18 2.825E-18 2.769E-18 2.720E-18 2.688E-18 2.679E-18 2.671E-18 2.655E-18 2.623E-18
 2.582E-18 2.533E-18 2.501E-18 2.485E-18 2.485E-18 2.509E-18 2.525E-18 2.549E-18 2.574E-18 2.606E-18
 2.639E-18 2.679E-18 2.704E-18 2.704E-18 2.663E-18 2.598E-18 2.533E-18 2.493E-18 2.493E-18 2.533E-18
 2.598E-18 2.639E-18 2.639E-18 2.574E-18 2.468E-18 2.355E-18 2.265E-18 2.225E-18 2.249E-18 2.298E-18
 2.355E-18 2.395E-18 2.411E-18 2.411E-18 2.411E-18 2.428E-18 2.460E-18 2.492E-18 2.509E-18 2.501E-18
 2.484E-18 2.460E-18 2.476E-18 2.517E-18 2.590E-18 2.655E-18 2.695E-18 2.679E-18 2.630E-18 2.565E-18
 2.525E-18 2.517E-18 2.557E-18 2.614E-18 2.663E-18 2.671E-18 2.638E-18 2.581E-18 2.533E-18 2.508E-18
 2.541E-18 2.606E-18 2.687E-18 2.752E-18 2.776E-18 2.776E-18 2.760E-18 2.744E-18 2.744E-18 2.776E-18
 2.825E-18 2.865E-18 2.898E-18 2.906E-18 2.898E-18 2.882E-18 2.865E-18 2.865E-18 2.873E-18 2.906E-18
 2.946E-18 3.003E-18 3.052E-18 3.109E-18 3.149E-18 3.166E-18 3.157E-18 3.133E-18 3.109E-18 3.092E-18
 3.109E-18 3.165E-18 3.255E-18 3.360E-18 3.458E-18 3.531E-18 3.563E-18 3.580E-18 3.571E-18 3.563E-18
 3.571E-18 3.604E-18 3.653E-18 3.718E-18 3.783E-18 3.839E-18 3.896E-18 3.945E-18 3.986E-18 4.026E-18
 4.067E-18 4.108E-18 4.140E-18 4.181E-18 4.221E-18 4.262E-18 4.319E-18 4.384E-18 4.465E-18 4.555E-18
 4.652E-18 4.750E-18 4.831E-18 4.888E-18 4.937E-18 4.969E-18 5.010E-18 5.059E-18 5.124E-18 5.214E-18
 5.319E-18 5.425E-18 5.531E-18 5.629E-18 5.735E-18 5.840E-18 5.954E-18 6.069E-18 6.166E-18 6.240E-18
 6.280E-18 6.313E-18 6.337E-18 6.394E-18 6.492E-18 6.639E-18 6.827E-18 7.030E-18 7.218E-18 7.381E-18
 7.495E-18 7.577E-18 7.634E-18 7.667E-18 7.708E-18 7.765E-18 7.838E-18 7.944E-18 8.083E-18 8.279E-18
 8.508E-18 8.753E-18 8.982E-18 9.170E-18 9.309E-18 9.399E-18 9.481E-18 9.596E-18 9.759E-18 9.980E-18
 1.024E-17 1.049E-17 1.069E-17 1.084E-17 1.093E-17 1.102E-17 1.115E-17 1.136E-17 1.163E-17 1.193E-17
 1.223E-17 1.249E-17 1.269E-17 1.285E-17 1.301E-17 1.319E-17 1.341E-17 1.366E-17 1.391E-17 1.413E-17
 1.433E-17 1.450E-17 1.468E-17 1.488E-17 1.512E-17 1.539E-17 1.563E-17 1.586E-17 1.604E-17 1.619E-17
 1.637E-17 1.657E-17 1.680E-17 1.705E-17 1.728E-17 1.745E-17 1.754E-17 1.758E-17 1.759E-17 1.760E-17
 1.760E-17 1.756E-17 1.740E-17 1.706E-17 1.648E-17 1.566E-17 1.461E-17 1.338E-17 1.205E-17 1.064E-17
 9.186E-18 7.740E-18 6.320E-18 4.993E-18 3.814E-18 2.848E-18 2.109E-18 1.623E-18 1.348E-18 1.234E-18
 1.210E-18 1.234E-18 1.267E-18 1.283E-18 1.299E-18 1.299E-18 1.291E-18 1.283E-18 1.275E-18 1.283E-18
 1.307E-18 1.356E-18 1.412E-18 1.469E-18 1.493E-18 1.493E-18 1.469E-18 1.445E-18 1.436E-18 1.461E-18
 1.509E-18 1.574E-18 1.631E-18 1.655E-18 1.663E-18 1.655E-18 1.655E-18 1.679E-18 1.720E-18 1.777E-18
 1.809E-18 1.817E-18 1.801E-18 1.777E-18 1.760E-18 1.760E-18 1.777E-18 1.793E-18 1.801E-18 1.777E-18
 1.744E-18 1.712E-18 1.720E-18 1.768E-18 1.866E-18 1.971E-18 2.036E-18 2.036E-18 1.963E-18 1.841E-18
 1.720E-18 1.647E-18 1.647E-18 1.720E-18 1.833E-18 1.939E-18 2.003E-18 2.011E-18 1.987E-18 1.963E-18
 1.963E-18 2.020E-18 2.109E-18 2.222E-18 2.320E-18 2.368E-18 2.368E-18 2.319E-18 2.263E-18 2.214E-18
 2.190E-18 2.198E-18 2.230E-18 2.279E-18 2.319E-18 2.352E-18 2.384E-18 2.409E-18 2.433E-18 2.449E-18
 2.449E-18 2.441E-18 2.425E-18 2.392E-18 2.376E-18 2.384E-18 2.417E-18 2.481E-18 2.563E-18 2.652E-18
 2.733E-18 2.782E-18 2.814E-18 2.822E-18 2.814E-18 2.814E-18 2.822E-18 2.846E-18 2.895E-18 2.968E-18
 3.041E-18 3.122E-18 3.195E-18 3.252E-18 3.301E-18 3.333E-18 3.358E-18 3.366E-18 3.374E-18 3.390E-18
 3.415E-18 3.455E-18 3.504E-18 3.569E-18 3.634E-18 3.699E-18 3.756E-18 3.796E-18 3.829E-18 3.853E-18
 3.869E-18 3.894E-18 3.926E-18 3.959E-18 3.991E-18 4.015E-18 4.032E-18 4.048E-18 4.064E-18 4.105E-18
 4.170E-18 4.267E-18 4.381E-18 4.503E-18 4.593E-18 4.658E-18 4.682E-18 4.690E-18 4.690E-18 4.715E-18
 4.763E-18 4.845E-18 4.950E-18 5.056E-18 5.154E-18 5.243E-18 5.317E-18 5.390E-18 5.463E-18 5.544E-18
 5.642E-18 5.740E-18 5.838E-18 5.919E-18 5.984E-18 6.017E-18 6.041E-18 6.049E-18 6.074E-18 6.131E-18
 6.237E-18 6.392E-18 6.579E-18 6.767E-18 6.921E-18 7.028E-18 7.085E-18 7.109E-18 7.158E-18 7.248E-18
 7.386E-18 7.558E-18 7.713E-18 7.819E-18 7.852E-18 7.835E-18 7.827E-18 7.884E-18 8.056E-18 8.334E-18
 8.652E-18 8.947E-18 9.126E-18 9.159E-18 9.077E-18 8.946E-18 8.857E-18 8.873E-18 9.004E-18 9.216E-18
 9.462E-18 9.666E-18 9.805E-18 9.895E-18 9.969E-18 1.007E-17 1.021E-17 1.039E-17 1.056E-17 1.070E-17
 1.079E-17 1.085E-17 1.089E-17 1.095E-17 1.106E-17 1.120E-17 1.134E-17 1.145E-17 1.153E-17 1.158E-17
 1.160E-17 1.165E-17 1.172E-17 1.182E-17 1.193E-17 1.202E-17 1.208E-17 1.212E-17 1.212E-17 1.212E-17
 1.210E-17 1.206E-17 1.200E-17 1.191E-17 1.179E-17 1.166E-17 1.152E-17 1.139E-17 1.126E-17 1.113E-17
 1.098E-17 1.080E-17 1.056E-17 1.028E-17 9.960E-18 9.616E-18 9.240E-18 8.856E-18 8.455E-18 8.047E-18
 7.630E-18 7.206E-18 6.782E-18 6.358E-18 5.926E-18 5.510E-18 5.111E-18 4.737E-18 4.412E-18 4.127E-18
 3.883E-18 3.664E-18 3.461E-18 3.250E-18 3.047E-18 2.852E-18 2.665E-18 2.503E-18 2.357E-18 2.235E-18
 2.122E-18 2.033E-18 1.968E-18 1.944E-18 1.944E-18 1.960E-18 1.960E-18 1.911E-18 1.822E-18 1.700E-18
 1.579E-18 1.490E-18 1.465E-18 1.498E-18 1.554E-18 1.595E-18 1.595E-18 1.538E-18 1.457E-18 1.400E-18
 1.384E-18 1.433E-18 1.522E-18 1.611E-18 1.659E-18 1.659E-18 1.603E-18 1.538E-18 1.497E-18 1.505E-18
 1.562E-18 1.643E-18 1.716E-18 1.748E-18 1.732E-18 1.684E-18 1.619E-18 1.570E-18 1.562E-18 1.586E-18
 1.643E-18 1.708E-18 1.773E-18 1.821E-18 1.862E-18 1.894E-18 1.918E-18 1.951E-18 1.983E-18 2.016E-18
 2.064E-18 2.121E-18 2.162E-18 2.194E-18 2.194E-18 2.170E-18 2.137E-18 2.121E-18 2.121E-18 2.145E-18
 2.186E-18 2.218E-18 2.226E-18 2.202E-18 2.161E-18 2.129E-18 2.113E-18 2.137E-18 2.186E-18 2.250E-18
 2.307E-18 2.348E-18 2.364E-18 2.380E-18 2.421E-18 2.494E-18 2.599E-18 2.713E-18 2.802E-18 2.842E-18
 2.842E-18 2.794E-18 2.737E-18 2.696E-18 2.696E-18 2.737E-18 2.826E-18 2.931E-18 3.037E-18 3.110E-18
 3.142E-18 3.126E-18 3.077E-18 3.037E-18 3.012E-18 3.037E-18 3.110E-18 3.223E-18 3.345E-18 3.451E-18
 3.516E-18 3.540E-18 3.548E-18 3.556E-18 3.589E-18 3.654E-18 3.735E-18 3.808E-18 3.857E-18 3.881E-18
 3.897E-18 3.930E-18 4.003E-18 4.125E-18 4.263E-18 4.393E-18 4.474E-18 4.491E-18 4.474E-18 4.450E-18
 4.458E-18 4.507E-18 4.604E-18 4.726E-18 4.832E-18 4.921E-18 4.995E-18 5.060E-18 5.149E-18 5.263E-18
 5.377E-18 5.483E-18 5.556E-18 5.597E-18 5.613E-18 5.646E-18 5.719E-18 5.833E-18 5.971E-18 6.118E-18
 6.232E-18 6.305E-18 6.354E-18 6.403E-18 6.477E-18 6.591E-18 6.746E-18 6.900E-18 7.047E-18 7.170E-18
 7.243E-18 7.300E-18 7.333E-18 7.365E-18 7.398E-18 7.447E-18 7.520E-18 7.626E-18 7.782E-18 7.961E-18
 8.165E-18 8.361E-18 8.517E-18 8.615E-18 8.664E-18 8.688E-18 8.704E-18 8.745E-18 8.811E-18 8.892E-18
 8.974E-18 9.040E-18 9.105E-18 9.187E-18 9.293E-18 9.448E-18 9.620E-18 9.800E-18 9.956E-18 1.007E-17
 1.015E-17 1.020E-17 1.023E-17 1.025E-17 1.025E-17 1.021E-17 1.014E-17 1.005E-17 9.956E-18 9.906E-18
 9.915E-18 9.980E-18 1.006E-17 1.012E-17 1.013E-17 1.009E-17 1.000E-17 9.914E-18 9.824E-18 9.734E-18
 9.603E-18 9.407E-18 9.153E-18 8.859E-18 8.573E-18 8.352E-18 8.197E-18 8.090E-18 7.976E-18 7.772E-18
 7.470E-18 7.070E-18 6.646E-18 6.271E-18 6.002E-18 5.855E-18 5.766E-18 5.668E-18 5.497E-18 5.236E-18
 4.903E-18 4.569E-18 4.309E-18 4.138E-18 4.049E-18 3.984E-18 3.894E-18 3.732E-18 3.520E-18 3.293E-18
 3.098E-18 2.968E-18 2.895E-18 2.846E-18 2.789E-18 2.692E-18 2.570E-18 2.449E-18 2.351E-18 2.303E-18
 2.303E-18 2.311E-18 2.294E-18 2.213E-18 2.083E-18 1.929E-18 1.783E-18 1.694E-18 1.670E-18 1.719E-18
 1.800E-18 1.881E-18 1.913E-18 1.897E-18 1.832E-18 1.743E-18 1.662E-18 1.605E-18 1.589E-18 1.597E-18
 1.621E-18 1.629E-18 1.613E-18 1.564E-18 1.515E-18 1.475E-18 1.451E-18 1.451E-18 1.467E-18 1.467E-18
 1.442E-18 1.386E-18 1.329E-18 1.305E-18 1.337E-18 1.426E-18 1.572E-18 1.718E-18 1.815E-18 1.839E-18
 1.790E-18 1.701E-18 1.620E-18 1.596E-18 1.636E-18 1.742E-18 1.863E-18 1.944E-18 1.968E-18 1.928E-18
 1.855E-18 1.782E-18 1.750E-18 1.774E-18 1.830E-18 1.903E-18 1.968E-18 2.017E-18 2.041E-18 2.065E-18
 2.090E-18 2.130E-18 2.179E-18 2.236E-18 2.284E-18 2.317E-18 2.341E-18 2.357E-18 2.357E-18 2.365E-18
 2.381E-18 2.422E-18 2.479E-18 2.568E-18 2.673E-18 2.771E-18 2.835E-18 2.860E-18 2.835E-18 2.787E-18
 2.738E-18 2.730E-18 2.770E-18 2.860E-18 2.973E-18 3.071E-18 3.127E-18 3.152E-18 3.152E-18 3.160E-18
 3.192E-18 3.257E-18 3.338E-18 3.411E-18 3.476E-18 3.525E-18 3.574E-18 3.647E-18 3.744E-18 3.858E-18
 3.988E-18 4.085E-18 4.142E-18 4.158E-18 4.142E-18 4.118E-18 4.110E-18 4.118E-18 4.134E-18 4.150E-18
 4.166E-18 4.174E-18 4.199E-18 4.239E-18 4.321E-18 4.418E-18 4.516E-18 4.605E-18 4.662E-18 4.711E-18
 4.768E-18 4.857E-18 4.987E-18 5.134E-18 5.288E-18 5.394E-18 5.459E-18 5.484E-18 5.492E-18 5.524E-18
 5.598E-18 5.712E-18 5.842E-18 5.948E-18 6.013E-18 6.029E-18 6.037E-18 6.062E-18 6.151E-18 6.314E-18
 6.526E-18 6.763E-18 6.950E-18 7.072E-18 7.130E-18 7.138E-18 7.162E-18 7.219E-18 7.325E-18 7.472E-18
 7.627E-18 7.758E-18 7.848E-18 7.913E-18 7.994E-18 8.101E-18 8.256E-18 8.427E-18 8.574E-18 8.672E-18
 8.697E-18 8.664E-18 8.607E-18 8.582E-18 8.615E-18 8.713E-18 8.852E-18 8.975E-18 9.048E-18 9.056E-18
 9.015E-18 8.966E-18 8.942E-18 8.966E-18 9.024E-18 9.064E-18 9.064E-18 8.991E-18 8.852E-18 8.672E-18
 8.492E-18 8.345E-18 8.222E-18 8.108E-18 7.969E-18 7.773E-18 7.528E-18 7.234E-18 6.940E-18 6.671E-18
 6.451E-18 6.272E-18 6.125E-18 5.995E-18 5.856E-18 5.701E-18 5.522E-18 5.310E-18 5.058E-18 4.789E-18
 4.505E-18 4.236E-18 4.025E-18 3.879E-18 3.814E-18 3.789E-18 3.773E-18 3.724E-18 3.627E-18 3.480E-18
 3.318E-18 3.196E-18 3.123E-18 3.115E-18 3.139E-18 3.147E-18 3.115E-18 3.025E-18 2.895E-18 2.749E-18
 2.627E-18 2.530E-18 2.465E-18 2.400E-18 2.327E-18 2.254E-18 2.205E-18 2.205E-18 2.270E-18 2.368E-18
 2.473E-18 2.522E-18 2.481E-18 2.343E-18 2.148E-18 1.954E-18 1.832E-18 1.800E-18 1.873E-18 1.994E-18
 2.108E-18 2.172E-18 2.156E-18 2.067E-18 1.937E-18 1.815E-18 1.726E-18 1.694E-18 1.718E-18 1.783E-18
 1.848E-18 1.904E-18 1.920E-18 1.896E-18 1.839E-18 1.783E-18 1.734E-18 1.726E-18 1.750E-18 1.790E-18
 1.823E-18 1.831E-18 1.782E-18 1.709E-18 1.628E-18 1.588E-18 1.620E-18 1.717E-18 1.855E-18 1.985E-18
 2.074E-18 2.082E-18 2.025E-18 1.936E-18 1.855E-18 1.806E-18 1.806E-18 1.838E-18 1.887E-18 1.935E-18
 1.968E-18 2.000E-18 2.024E-18 2.065E-18 2.113E-18 2.162E-18 2.203E-18 2.227E-18 2.243E-18 2.259E-18
 2.267E-18 2.267E-18 2.259E-18 2.227E-18 2.186E-18 2.153E-18 2.162E-18 2.218E-18 2.340E-18 2.486E-18
 2.632E-18 2.737E-18 2.770E-18 2.745E-18 2.680E-18 2.631E-18 2.623E-18 2.664E-18 2.729E-18 2.802E-18
 2.867E-18 2.899E-18 2.931E-18 2.972E-18 3.021E-18 3.077E-18 3.126E-18 3.134E-18 3.118E-18 3.085E-18
 3.069E-18 3.101E-18 3.199E-18 3.337E-18 3.499E-18 3.637E-18 3.735E-18 3.808E-18 3.873E-18 3.946E-18
 4.035E-18 4.132E-18 4.189E-18 4.181E-18 4.116E-18 4.018E-18 3.945E-18 3.945E-18 4.051E-18 4.238E-18
 4.473E-18 4.677E-18 4.807E-18 4.847E-18 4.839E-18 4.815E-18 4.823E-18 4.888E-18 5.002E-18 5.124E-18
 5.229E-18 5.286E-18 5.319E-18 5.335E-18 5.376E-18 5.457E-18 5.555E-18 5.677E-18 5.799E-18 5.905E-18
 6.019E-18 6.133E-18 6.255E-18 6.377E-18 6.467E-18 6.524E-18 6.540E-18 6.532E-18 6.540E-18 6.597E-18
 6.711E-18 6.882E-18 7.054E-18 7.217E-18 7.323E-18 7.404E-18 7.478E-18 7.584E-18 7.739E-18 7.935E-18
 8.122E-18 8.261E-18 8.327E-18 8.302E-18 8.220E-18 8.147E-18 8.106E-18 8.122E-18 8.171E-18 8.212E-18
 8.195E-18 8.122E-18 7.983E-18 7.820E-18 7.664E-18 7.542E-18 7.444E-18 7.338E-18 7.207E-18 7.011E-18
 6.775E-18 6.497E-18 6.212E-18 5.935E-18 5.650E-18 5.357E-18 5.047E-18 4.738E-18 4.437E-18 4.185E-18
 3.998E-18 3.860E-18 3.762E-18 3.648E-18 3.510E-18 3.331E-18 3.128E-18 2.942E-18 2.796E-18 2.714E-18
 2.682E-18 2.690E-18 2.690E-18 2.674E-18 2.641E-18 2.576E-18 2.511E-18 2.446E-18 2.381E-18 2.316E-18
 2.259E-18 2.219E-18 2.186E-18 2.186E-18 2.219E-18 2.267E-18 2.308E-18 2.324E-18 2.299E-18 2.251E-18
 2.186E-18 2.129E-18 2.080E-18 2.048E-18 2.023E-18 2.007E-18 1.975E-18 1.950E-18 1.934E-18 1.934E-18
 1.950E-18 1.982E-18 2.023E-18 2.055E-18 2.080E-18 2.096E-18 2.104E-18 2.096E-18 2.079E-18 2.031E-18
 1.974E-18 1.917E-18 1.884E-18 1.876E-18 1.892E-18 1.909E-18 1.892E-18 1.819E-18 1.673E-18 1.495E-18
 1.317E-18 1.203E-18 1.179E-18 1.252E-18 1.389E-18 1.535E-18 1.657E-18 1.738E-18 1.819E-18 1.908E-18
 2.037E-18 2.191E-18 2.313E-18 2.353E-18 2.280E-18 2.118E-18 1.923E-18 1.769E-18 1.729E-18 1.818E-18
 1.996E-18 2.174E-18 2.280E-18 2.264E-18 2.150E-18 2.004E-18 1.898E-18 1.890E-18 2.004E-18 2.182E-18
 2.369E-18 2.506E-18 2.555E-18 2.522E-18 2.457E-18 2.401E-18 2.360E-18 2.344E-18 2.344E-18 2.327E-18
 2.295E-18 2.279E-18 2.295E-18 2.359E-18 2.465E-18 2.595E-18 2.692E-18 2.732E-18 2.700E-18 2.627E-18
 2.554E-18 2.513E-18 2.545E-18 2.651E-18 2.797E-18 2.943E-18 3.056E-18 3.097E-18 3.081E-18 3.032E-18
 2.975E-18 2.967E-18 3.015E-18 3.121E-18 3.259E-18 3.397E-18 3.510E-18 3.567E-18 3.583E-18 3.567E-18
 3.551E-18 3.559E-18 3.591E-18 3.648E-18 3.705E-18 3.737E-18 3.737E-18 3.721E-18 3.721E-18 3.753E-18
 3.842E-18 3.997E-18 4.175E-18 4.354E-18 4.500E-18 4.582E-18 4.606E-18 4.590E-18 4.557E-18 4.524E-18
 4.524E-18 4.565E-18 4.646E-18 4.768E-18 4.923E-18 5.093E-18 5.248E-18 5.386E-18 5.476E-18 5.516E-18
 5.541E-18 5.565E-18 5.622E-18 5.720E-18 5.858E-18 6.013E-18 6.151E-18 6.249E-18 6.306E-18 6.330E-18
 6.355E-18 6.379E-18 6.436E-18 6.517E-18 6.607E-18 6.713E-18 6.819E-18 6.933E-18 7.063E-18 7.194E-18
 7.308E-18 7.398E-18 7.438E-18 7.430E-18 7.381E-18 7.308E-18 7.242E-18 7.185E-18 7.120E-18 7.046E-18
 6.932E-18 6.777E-18 6.573E-18 6.320E-18 6.018E-18 5.676E-18 5.293E-18 4.878E-18 4.463E-18 4.073E-18
 3.748E-18 3.496E-18 3.325E-18 3.195E-18 3.057E-18 2.895E-18 2.700E-18 2.497E-18 2.335E-18 2.254E-18
 2.262E-18 2.326E-18 2.407E-18 2.432E-18 2.383E-18 2.261E-18 2.099E-18 1.953E-18 1.855E-18 1.831E-18
 1.863E-18 1.912E-18 1.969E-18 2.017E-18 2.041E-18 2.057E-18 2.057E-18 2.017E-18 1.927E-18 1.781E-18
 1.611E-18 1.465E-18 1.392E-18 1.433E-18 1.570E-18 1.773E-18 1.951E-18 2.056E-18 2.048E-18 1.943E-18
 1.780E-18 1.634E-18 1.529E-18 1.488E-18 1.488E-18 1.513E-18 1.529E-18 1.520E-18 1.512E-18 1.520E-18
 1.544E-18 1.593E-18 1.642E-18 1.690E-18 1.722E-18 1.747E-18 1.787E-18 1.836E-18 1.908E-18 1.965E-18
 2.006E-18 1.989E-18 1.924E-18 1.835E-18 1.738E-18 1.681E-18 1.673E-18 1.705E-18 1.786E-18 1.867E-18
 1.948E-18 2.004E-18 2.037E-18 2.045E-18 2.037E-18 2.020E-18 2.004E-18 2.004E-18 2.020E-18 2.060E-18
 2.125E-18 2.182E-18 2.230E-18 2.246E-18 2.230E-18 2.198E-18 2.165E-18 2.157E-18 2.181E-18 2.213E-18
 2.238E-18 2.238E-18 2.213E-18 2.189E-18 2.197E-18 2.261E-18 2.367E-18 2.505E-18 2.618E-18 2.667E-18
 2.650E-18 2.569E-18 2.488E-18 2.447E-18 2.471E-18 2.561E-18 2.666E-18 2.723E-18 2.714E-18 2.633E-18
 2.519E-18 2.438E-18 2.438E-18 2.544E-18 2.738E-18 2.973E-18 3.184E-18 3.330E-18 3.395E-18 3.403E-18
 3.363E-18 3.297E-18 3.208E-18 3.094E-18 2.940E-18 2.769E-18 2.615E-18 2.510E-18 2.493E-18 2.566E-18
 2.688E-18 2.826E-18 2.923E-18 2.963E-18 2.979E-18 3.004E-18 3.077E-18 3.215E-18 3.393E-18 3.580E-18
 3.718E-18 3.775E-18 3.766E-18 3.742E-18 3.750E-18 3.823E-18 3.961E-18 4.131E-18 4.278E-18 4.367E-18
 4.399E-18 4.407E-18 4.440E-18 4.529E-18 4.675E-18 4.862E-18 5.025E-18 5.131E-18 5.180E-18 5.204E-18
 5.236E-18 5.326E-18 5.472E-18 5.635E-18 5.773E-18 5.838E-18 5.830E-18 5.765E-18 5.699E-18 5.691E-18
 5.756E-18 5.870E-18 6.000E-18 6.098E-18 6.163E-18 6.196E-18 6.244E-18 6.334E-18 6.440E-18 6.529E-18
 6.537E-18 6.423E-18 6.187E-18 5.852E-18 5.510E-18 5.193E-18 4.940E-18 4.720E-18 4.468E-18 4.135E-18
 3.712E-18 3.241E-18 2.794E-18 2.437E-18 2.218E-18 2.112E-18 2.047E-18 1.974E-18 1.836E-18 1.650E-18
 1.463E-18 1.334E-18 1.301E-18 1.358E-18 1.447E-18 1.519E-18 1.536E-18 1.487E-18 1.430E-18 1.406E-18
 1.454E-18 1.575E-18 1.713E-18 1.802E-18 1.802E-18 1.696E-18 1.526E-18 1.356E-18 1.250E-18 1.242E-18
 1.315E-18 1.428E-18 1.525E-18 1.566E-18 1.549E-18 1.509E-18 1.468E-18 1.468E-18 1.533E-18 1.630E-18
 1.743E-18 1.824E-18 1.840E-18 1.783E-18 1.662E-18 1.508E-18 1.378E-18 1.297E-18 1.305E-18 1.410E-18
 1.588E-18 1.790E-18 1.960E-18 2.050E-18 2.033E-18 1.944E-18 1.806E-18 1.676E-18 1.587E-18 1.562E-18
 1.603E-18 1.684E-18 1.765E-18 1.845E-18 1.910E-18 1.967E-18 2.015E-18 2.040E-18 2.047E-18 2.023E-18
 1.974E-18 1.934E-18 1.917E-18 1.958E-18 2.047E-18 2.184E-18 2.314E-18 2.411E-18 2.452E-18 2.443E-18
 2.403E-18 2.370E-18 2.362E-18 2.386E-18 2.410E-18 2.410E-18 2.345E-18 2.231E-18 2.077E-18 1.931E-18
 1.826E-18 1.777E-18 1.809E-18 1.890E-18 2.011E-18 2.149E-18 2.311E-18 2.481E-18 2.660E-18 2.822E-18
 2.952E-18 3.008E-18 2.992E-18 2.894E-18 2.764E-18 2.651E-18 2.602E-18 2.634E-18 2.748E-18 2.902E-18
 3.040E-18 3.104E-18 3.072E-18 2.966E-18 2.828E-18 2.714E-18 2.682E-18 2.738E-18 2.884E-18 3.063E-18
 3.225E-18 3.330E-18 3.371E-18 3.354E-18 3.314E-18 3.265E-18 3.224E-18 3.183E-18 3.142E-18 3.102E-18
 3.077E-18 3.085E-18 3.158E-18 3.288E-18 3.458E-18 3.621E-18 3.742E-18 3.799E-18 3.799E-18 3.766E-18
 3.750E-18 3.758E-18 3.815E-18 3.879E-18 3.936E-18 3.968E-18 3.976E-18 4.009E-18 4.082E-18 4.220E-18
 4.382E-18 4.529E-18 4.593E-18 4.569E-18 4.463E-18 4.341E-18 4.284E-18 4.349E-18 4.544E-18 4.820E-18
 5.080E-18 5.243E-18 5.267E-18 5.161E-18 4.990E-18 4.819E-18 4.738E-18 4.770E-18 4.892E-18 5.063E-18
 5.217E-18 5.290E-18 5.249E-18 5.095E-18 4.826E-18 4.460E-18 4.045E-18 3.614E-18 3.192E-18 2.826E-18
 2.518E-18 2.274E-18 2.087E-18 1.933E-18 1.820E-18 1.714E-18 1.641E-18 1.568E-18 1.495E-18 1.397E-18
 1.268E-18 1.146E-18 1.073E-18 1.121E-18 1.332E-18 1.688E-18 2.093E-18 2.393E-18 2.450E-18 2.182E-18
 1.623E-18 9.257E-19 3.105E-19 0.000E+00 9.170E-20 5.446E-19 1.168E-18 1.719E-18 1.986E-18 1.897E-18
 1.524E-18 1.037E-18 6.649E-19 5.514E-19 7.374E-19 1.126E-18 1.555E-18 1.863E-18 1.952E-18 1.830E-18
 1.587E-18 1.360E-18 1.254E-18 1.327E-18 1.546E-18 1.829E-18 2.072E-18 2.202E-18 2.177E-18 2.023E-18
 1.804E-18 1.609E-18 1.480E-18 1.463E-18 1.520E-18 1.609E-18 1.657E-18 1.641E-18 1.551E-18 1.430E-18
 1.332E-18 1.332E-18 1.429E-18 1.607E-18 1.802E-18 1.931E-18 1.963E-18 1.890E-18 1.777E-18 1.695E-18
 1.711E-18 1.841E-18 2.035E-18 2.230E-18 2.343E-18 2.343E-18 2.237E-18 2.075E-18 1.921E-18 1.840E-18
 1.831E-18 1.872E-18 1.920E-18 1.944E-18 1.928E-18 1.895E-18 1.871E-18 1.887E-18 1.935E-18 2.016E-18
 2.089E-18 2.129E-18 2.121E-18 2.080E-18 2.031E-18 1.991E-18 1.991E-18 2.023E-18 2.087E-18 2.160E-18
 2.233E-18 2.290E-18 2.330E-18 2.370E-18 2.419E-18 2.492E-18 2.581E-18 2.686E-18 2.775E-18 2.832E-18
 2.856E-18 2.856E-18 2.856E-18 2.888E-18 2.985E-18 3.131E-18 3.285E-18 3.391E-18 3.398E-18 3.293E-18
 3.090E-18 2.862E-18 2.691E-18 2.651E-18 2.748E-18 2.942E-18 3.170E-18 3.364E-18 3.486E-18 3.534E-18
 3.542E-18 3.534E-18 3.534E-18 3.534E-18 3.501E-18 3.436E-18 3.346E-18 3.249E-18 3.175E-18 3.159E-18
 3.175E-18 3.207E-18 3.240E-18 3.272E-18 3.337E-18 3.475E-18 3.718E-18 4.027E-18 4.327E-18 4.522E-18
 4.538E-18 4.375E-18 4.107E-18 3.847E-18 3.700E-18 3.716E-18 3.854E-18 4.008E-18 4.057E-18 3.959E-18
 3.707E-18 3.390E-18 3.098E-18 2.870E-18 2.691E-18 2.488E-18 2.180E-18 1.758E-18 1.280E-18 8.666E-19
 6.316E-19 6.314E-19 8.336E-19 1.109E-18 1.327E-18 1.392E-18 1.311E-18 1.140E-18 9.862E-19 9.212E-19
 9.372E-19 9.775E-19 9.692E-19 8.799E-19 7.339E-19 6.204E-19 6.202E-19 7.738E-19 1.033E-18 1.308E-18
 1.478E-18 1.502E-18 1.388E-18 1.234E-18 1.129E-18 1.145E-18 1.258E-18 1.387E-18 1.444E-18 1.379E-18
 1.200E-18 9.976E-19 8.840E-19 9.081E-19 1.094E-18 1.361E-18 1.612E-18 1.766E-18 1.790E-18 1.717E-18
 1.595E-18 1.514E-18 1.497E-18 1.546E-18 1.643E-18 1.756E-18 1.845E-18 1.910E-18 1.934E-18 1.909E-18
 1.844E-18 1.731E-18 1.609E-18 1.528E-18 1.527E-18 1.641E-18 1.835E-18 2.062E-18 2.256E-18 2.345E-18
 2.312E-18 2.191E-18 2.036E-18 1.898E-18 1.825E-18 1.800E-18 1.800E-18 1.792E-18 1.775E-18 1.775E-18
 1.816E-18 1.905E-18 2.018E-18 2.099E-18 2.107E-18 2.017E-18 1.863E-18 1.725E-18 1.668E-18 1.749E-18
 1.927E-18 2.121E-18 2.259E-18 2.267E-18 2.153E-18 1.974E-18 1.836E-18 1.804E-18 1.885E-18 2.030E-18
 2.152E-18 2.184E-18 2.111E-18 1.973E-18 1.851E-18 1.810E-18 1.883E-18 2.045E-18 2.215E-18 2.352E-18
 2.425E-18 2.466E-18 2.522E-18 2.619E-18 2.781E-18 2.960E-18 3.097E-18 3.122E-18 3.040E-18 2.878E-18
 2.707E-18 2.601E-18 2.585E-18 2.649E-18 2.738E-18 2.795E-18 2.795E-18 2.746E-18 2.681E-18 2.640E-18
 2.664E-18 2.753E-18 2.858E-18 2.956E-18 3.004E-18 3.020E-18 3.020E-18 3.044E-18 3.109E-18 3.222E-18
 3.344E-18 3.433E-18 3.449E-18 3.392E-18 3.270E-18 3.107E-18 2.952E-18 2.839E-18 2.773E-18 2.749E-18
 2.757E-18 2.781E-18 2.805E-18 2.813E-18 2.788E-18 2.691E-18 2.512E-18 2.228E-18 1.846E-18 1.417E-18
 9.870E-19 6.306E-19 4.037E-19 3.387E-19 4.113E-19 5.729E-19 7.589E-19 8.882E-19 9.365E-19 8.958E-19
 7.984E-19 7.010E-19 6.441E-19 6.682E-19 7.732E-19 9.267E-19 1.080E-18 1.210E-18 1.274E-18 1.274E-18
 1.241E-18 1.193E-18 1.152E-18 1.135E-18 1.143E-18 1.151E-18 1.151E-18 1.134E-18 1.094E-18 1.045E-18
 1.012E-18 1.020E-18 1.060E-18 1.133E-18 1.222E-18 1.294E-18 1.327E-18 1.302E-18 1.237E-18 1.164E-18
 1.107E-18 1.098E-18 1.147E-18 1.228E-18 1.316E-18 1.389E-18 1.413E-18 1.405E-18 1.380E-18 1.356E-18
 1.323E-18 1.282E-18 1.209E-18 1.104E-18 9.899E-19 8.925E-19 8.841E-19 9.810E-19 1.183E-18 1.458E-18
 1.718E-18 1.888E-18 1.920E-18 1.806E-18 1.627E-18 1.449E-18 1.368E-18 1.408E-18 1.570E-18 1.796E-18
 2.007E-18 2.161E-18 2.225E-18 2.225E-18 2.184E-18 2.143E-18 2.127E-18 2.127E-18 2.118E-18 2.085E-18
 2.020E-18 1.939E-18 1.850E-18 1.784E-18 1.744E-18 1.751E-18 1.808E-18 1.913E-18 2.067E-18 2.245E-18
 2.431E-18 2.593E-18 2.699E-18 2.731E-18 2.690E-18 2.617E-18 2.543E-18 2.511E-18 2.543E-18 2.607E-18
 2.680E-18 2.704E-18 2.647E-18 2.525E-18 2.363E-18 2.224E-18 2.176E-18 2.232E-18 2.394E-18 2.605E-18
 2.807E-18 2.929E-18 2.937E-18 2.823E-18 2.636E-18 2.441E-18 2.311E-18 2.310E-18 2.464E-18 2.748E-18
 3.113E-18 3.470E-18 3.738E-18 3.843E-18 3.786E-18 3.566E-18 3.258E-18 2.941E-18 2.689E-18 2.542E-18
 2.493E-18 2.501E-18 2.501E-18 2.436E-18 2.289E-18 2.070E-18 1.827E-18 1.632E-18 1.518E-18 1.510E-18
 1.574E-18 1.655E-18 1.679E-18 1.622E-18 1.452E-18 1.208E-18 9.407E-19 7.137E-19 5.596E-19 5.107E-19
 5.509E-19 6.478E-19 7.608E-19 8.577E-19 9.141E-19 9.138E-19 8.893E-19 8.404E-19 7.996E-19 7.913E-19
 8.315E-19 8.960E-19 9.929E-19 1.074E-18 1.122E-18 1.130E-18 1.089E-18 1.032E-18 9.831E-19 9.585E-19
 9.744E-19 1.015E-18 1.055E-18 1.087E-18 1.095E-18 1.103E-18 1.143E-18 1.232E-18 1.385E-18 1.579E-18
 1.766E-18 1.895E-18 1.943E-18 1.903E-18 1.821E-18 1.748E-18 1.707E-18 1.715E-18 1.747E-18 1.755E-18
 1.714E-18 1.625E-18 1.503E-18 1.413E-18 1.389E-18 1.421E-18 1.510E-18 1.599E-18 1.663E-18 1.712E-18
 1.768E-18 1.865E-18 2.003E-18 2.140E-18 2.229E-18 2.196E-18 2.026E-18 1.758E-18 1.498E-18 1.344E-18
 1.368E-18 1.570E-18 1.870E-18 2.129E-18 2.267E-18 2.250E-18 2.120E-18 1.982E-18 1.925E-18 1.965E-18
 2.062E-18 2.127E-18 2.062E-18 1.843E-18 1.542E-18 1.283E-18 1.218E-18 1.420E-18 1.841E-18 2.352E-18
 2.773E-18 2.960E-18 2.830E-18 2.440E-18 1.896E-18 1.377E-18 1.028E-18 9.391E-19 1.125E-18 1.522E-18
 2.008E-18 2.478E-18 2.810E-18 2.924E-18 2.818E-18 2.550E-18 2.217E-18 1.957E-18 1.868E-18 1.997E-18
 2.305E-18 2.662E-18 2.937E-18 3.010E-18 2.856E-18 2.498E-18 2.060E-18 1.654E-18 1.370E-18 1.240E-18
 1.224E-18 1.272E-18 1.337E-18 1.393E-18 1.433E-18 1.482E-18 1.530E-18 1.570E-18 1.578E-18 1.545E-18
 1.480E-18 1.399E-18 1.334E-18 1.317E-18 1.333E-18 1.389E-18 1.454E-18 1.510E-18 1.575E-18 1.639E-18
 1.688E-18 1.712E-18 1.663E-18 1.533E-18 1.322E-18 1.103E-18 9.648E-19 9.726E-19 1.150E-18 1.442E-18
 1.750E-18 1.960E-18 2.016E-18 1.935E-18 1.781E-18 1.675E-18 1.675E-18 1.796E-18 1.974E-18 2.112E-18
 2.160E-18 2.111E-18 2.005E-18 1.924E-18 1.915E-18 1.980E-18 2.053E-18 2.077E-18 2.003E-18 1.841E-18
 1.646E-18 1.492E-18 1.410E-18 1.402E-18 1.426E-18 1.433E-18 1.417E-18 1.408E-18 1.465E-18 1.602E-18
 1.813E-18 2.015E-18 2.136E-18 2.104E-18 1.933E-18 1.714E-18 1.568E-18 1.583E-18 1.753E-18 2.021E-18
 2.239E-18 2.312E-18 2.206E-18 1.979E-18 1.711E-18 1.492E-18 1.362E-18 1.280E-18 1.158E-18 9.635E-19
 7.041E-19 4.851E-19 4.038E-19 5.573E-19 9.213E-19 1.391E-18 1.804E-18 2.014E-18 1.973E-18 1.730E-18
 1.430E-18 1.194E-18 1.137E-18 1.250E-18 1.452E-18 1.622E-18 1.662E-18 1.549E-18 1.313E-18 1.037E-18
 8.265E-19 7.289E-19 7.771E-19 9.144E-19 1.084E-18 1.189E-18 1.173E-18 9.858E-19 6.616E-19 2.889E-19
 0.000E+00 0.000E+00 0.000E+00 2.388E-19 6.431E-19 9.991E-19 1.161E-18 1.071E-18 7.793E-19 4.470E-19
 2.200E-19 2.277E-19 4.539E-19 8.017E-19 1.093E-18 1.206E-18 1.108E-18 8.730E-19 6.378E-19 5.403E-19
 6.209E-19 8.148E-19 1.001E-18 1.049E-18 9.027E-19 6.028E-19 2.786E-19 5.167E-20 0.000E+00 9.135E-20
 2.690E-19 4.223E-19 5.110E-19 5.430E-19 5.993E-19 7.284E-19 9.629E-19 1.238E-18 1.464E-18 1.569E-18
 1.520E-18 1.374E-18 1.228E-18 1.171E-18 1.227E-18 1.372E-18 1.502E-18 1.534E-18 1.444E-18 1.257E-18
 1.063E-18 9.650E-19 1.013E-18 1.207E-18 1.474E-18 1.701E-18 1.822E-18 1.789E-18 1.610E-18 1.367E-18
 1.115E-18 9.368E-19 8.716E-19 9.360E-19 1.106E-18 1.356E-18 1.615E-18 1.834E-18 1.963E-18 1.971E-18
 1.865E-18 1.678E-18 1.467E-18 1.256E-18 1.094E-18 9.960E-19 9.632E-19 9.952E-19 1.092E-18 1.237E-18
 1.391E-18 1.496E-18 1.504E-18 1.357E-18 1.082E-18 7.329E-19 4.411E-19 3.112E-19 3.998E-19 6.747E-19
 1.039E-18 1.346E-18 1.492E-18 1.435E-18 1.248E-18 1.037E-18 8.986E-19 8.902E-19 9.546E-19 1.027E-18
 1.027E-18 9.210E-19 7.505E-19 5.882E-19 4.907E-19 4.579E-19 4.413E-19 3.843E-19 2.625E-19 1.326E-19
 1.080E-19 3.018E-19 7.547E-19 1.386E-18 1.969E-18 2.245E-18 2.001E-18 1.206E-18 2.396E-20 0.000E+00
 0.000E+00 0.000E+00 0.000E+00 0.000E+00 0.000E+00 7.497E-19 1.600E-18 2.102E-18 2.272E-18 2.175E-18
 1.939E-18 1.663E-18 1.419E-18 1.241E-18 1.167E-18 1.191E-18 1.272E-18 1.353E-18 1.377E-18 1.263E-18
 1.019E-18 6.707E-19 3.303E-19 9.527E-20 6.252E-20 2.402E-19 5.716E-19 9.275E-19 1.194E-18 1.291E-18
 1.194E-18 9.422E-19 6.179E-19 3.019E-19
