       BRO25927.025034973.0680      4692     298.0    0.0000 2.148E-17  HITRAN         BRO        26
 0.000E+00 5.384E-20 8.514E-20 6.164E-20 2.290E-20 2.071E-20 5.810E-20 9.854E-20 9.331E-20 3.021E-20
 0.000E+00 0.000E+00 0.000E+00 0.000E+00 5.579E-20 8.405E-20 7.577E-20 6.139E-20 7.443E-20 1.149E-19
 1.584E-19 1.714E-19 1.540E-19 1.152E-19 8.259E-20 7.126E-20 8.125E-20 9.733E-20 1.134E-19 1.234E-19
 1.273E-19 1.221E-19 1.138E-19 1.024E-19 9.112E-20 7.674E-20 6.846E-20 6.931E-20 7.930E-20 9.538E-20
 1.054E-19 9.708E-20 7.053E-20 3.789E-20 1.743E-20 2.133E-20 4.654E-20 7.479E-20 8.173E-20 6.736E-20
 3.472E-20 1.122E-20 0.000E+00 6.829E-21 1.986E-20 3.289E-20 4.287E-20 5.590E-20 5.979E-20 5.151E-20
 3.105E-20 1.668E-20 1.753E-20 3.969E-20 7.098E-20 8.097E-20 6.964E-20 4.918E-20 3.785E-20 5.087E-20
 7.608E-20 8.911E-20 8.082E-20 5.731E-20 4.599E-20 5.901E-20 7.508E-20 7.289E-20 3.720E-20 0.000E+00
 0.000E+00 1.235E-20 6.190E-20 9.015E-20 6.664E-20 1.269E-20 0.000E+00 0.000E+00 5.176E-20 1.013E-19
 8.999E-20 1.169E-20 0.000E+00 0.000E+00 0.000E+00 0.000E+00 1.287E-20 5.633E-20 6.935E-20 7.629E-20
 9.844E-20 1.297E-19 1.488E-19 1.345E-19 9.268E-20 5.395E-20 4.566E-20 7.086E-20 1.143E-19 1.426E-19
 1.404E-19 1.108E-19 6.898E-20 4.243E-20 3.718E-20 5.325E-20 7.844E-20 1.006E-19 1.136E-19 1.175E-19
 1.214E-19 1.283E-19 1.444E-19 1.604E-19 1.704E-19 1.682E-19 1.569E-19 1.486E-19 1.464E-19 1.563E-19
 1.633E-19 1.672E-19 1.619E-19 1.566E-19 1.666E-19 1.857E-19 2.048E-19 2.087E-19 1.943E-19 1.647E-19
 1.473E-19 1.512E-19 1.764E-19 2.046E-19 2.207E-19 2.215E-19 2.071E-19 2.018E-19 2.088E-19 2.248E-19
 2.378E-19 2.387E-19 2.243E-19 2.129E-19 2.107E-19 2.237E-19 2.459E-19 2.680E-19 2.719E-19 2.636E-19
 2.462E-19 2.287E-19 2.265E-19 2.334E-19 2.464E-19 2.473E-19 2.329E-19 2.002E-19 1.584E-19 1.227E-19
 1.022E-19 1.061E-19 1.191E-19 1.382E-19 1.451E-19 1.429E-19 1.346E-19 1.293E-19 1.332E-19 1.431E-19
 1.500E-19 1.478E-19 1.365E-19 1.251E-19 1.229E-19 1.359E-19 1.550E-19 1.649E-19 1.505E-19 1.179E-19
 8.824E-20 7.688E-20 9.292E-20 1.181E-19 1.372E-19 1.319E-19 1.145E-19 1.122E-19 1.374E-19 1.778E-19
 1.999E-19 1.825E-19 1.224E-19 5.627E-20 2.057E-20 3.965E-20 8.916E-20 1.387E-19 1.578E-19 1.464E-19
 1.289E-19 1.237E-19 1.336E-19 1.436E-19 1.352E-19 1.147E-19 9.730E-20 1.042E-19 1.324E-19 1.637E-19
 1.797E-19 1.775E-19 1.661E-19 1.608E-19 1.647E-19 1.746E-19 1.785E-19 1.732E-19 1.649E-19 1.657E-19
 1.726E-19 1.795E-19 1.803E-19 1.750E-19 1.697E-19 1.705E-19 1.774E-19 1.843E-19 1.851E-19 1.798E-19
 1.806E-19 1.875E-19 2.005E-19 2.104E-19 2.112E-19 2.090E-19 2.037E-19 2.076E-19 2.114E-19 2.152E-19
 2.160E-19 2.138E-19 2.085E-19 2.063E-19 2.010E-19 1.987E-19 2.026E-19 2.095E-19 2.194E-19 2.293E-19
 2.332E-19 2.309E-19 2.317E-19 2.386E-19 2.455E-19 2.463E-19 2.379E-19 2.265E-19 2.243E-19 2.342E-19
 2.502E-19 2.632E-19 2.640E-19 2.526E-19 2.443E-19 2.481E-19 2.611E-19 2.740E-19 2.748E-19 2.665E-19
 2.642E-19 2.711E-19 2.871E-19 3.001E-19 3.009E-19 2.925E-19 2.903E-19 2.910E-19 2.949E-19 2.865E-19
 2.568E-19 2.181E-19 1.884E-19 1.892E-19 2.113E-19 2.394E-19 2.585E-19 2.623E-19 2.540E-19 2.517E-19
 2.525E-19 2.502E-19 2.449E-19 2.396E-19 2.434E-19 2.624E-19 2.845E-19 2.975E-19 2.891E-19 2.716E-19
 2.633E-19 2.671E-19 2.861E-19 2.991E-19 2.999E-19 2.884E-19 2.770E-19 2.748E-19 2.816E-19 2.854E-19
 2.832E-19 2.748E-19 2.756E-19 2.885E-19 3.075E-19 3.205E-19 3.182E-19 3.037E-19 2.923E-19 2.901E-19
 2.999E-19 3.129E-19 3.167E-19 3.114E-19 3.091E-19 3.159E-19 3.289E-19 3.357E-19 3.334E-19 3.190E-19
 3.076E-19 3.053E-19 3.182E-19 3.372E-19 3.502E-19 3.570E-19 3.547E-19 3.555E-19 3.562E-19 3.600E-19
 3.638E-19 3.676E-19 3.714E-19 3.813E-19 3.973E-19 4.102E-19 4.232E-19 4.300E-19 4.399E-19 4.498E-19
 4.597E-19 4.696E-19 4.795E-19 4.924E-19 5.053E-19 5.213E-19 5.342E-19 5.411E-19 5.418E-19 5.456E-19
 5.555E-19 5.715E-19 5.875E-19 6.004E-19 6.042E-19 6.049E-19 6.087E-19 6.217E-19 6.407E-19 6.597E-19
 6.757E-19 6.917E-19 7.016E-19 7.145E-19 7.213E-19 7.251E-19 7.228E-19 7.266E-19 7.365E-19 7.555E-19
 7.776E-19 7.966E-19 8.034E-19 8.072E-19 8.049E-19 8.026E-19 7.972E-19 7.919E-19 7.895E-19 7.903E-19
 8.001E-19 8.131E-19 8.138E-19 7.932E-19 7.573E-19 7.184E-19 6.887E-19 6.742E-19 6.657E-19 6.573E-19
 6.428E-19 6.222E-19 5.986E-19 5.780E-19 5.604E-19 5.459E-19 5.283E-19 5.138E-19 5.054E-19 4.970E-19
 4.886E-19 4.771E-19 4.595E-19 4.450E-19 4.305E-19 4.221E-19 4.107E-19 3.992E-19 3.938E-19 3.915E-19
 3.922E-19 3.929E-19 3.845E-19 3.700E-19 3.555E-19 3.501E-19 3.539E-19 3.576E-19 3.614E-19 3.560E-19
 3.506E-19 3.483E-19 3.520E-19 3.558E-19 3.565E-19 3.511E-19 3.396E-19 3.312E-19 3.258E-19 3.296E-19
 3.333E-19 3.401E-19 3.469E-19 3.537E-19 3.574E-19 3.521E-19 3.436E-19 3.321E-19 3.298E-19 3.305E-19
 3.373E-19 3.380E-19 3.326E-19 3.302E-19 3.340E-19 3.469E-19 3.628E-19 3.695E-19 3.611E-19 3.527E-19
 3.473E-19 3.541E-19 3.639E-19 3.676E-19 3.592E-19 3.385E-19 3.210E-19 3.217E-19 3.376E-19 3.656E-19
 3.907E-19 3.944E-19 3.738E-19 3.410E-19 3.143E-19 3.119E-19 3.400E-19 3.924E-19 4.388E-19 4.608E-19
 4.432E-19 3.982E-19 3.532E-19 3.326E-19 3.424E-19 3.704E-19 3.985E-19 4.083E-19 3.968E-19 3.792E-19
 3.708E-19 3.806E-19 4.026E-19 4.276E-19 4.496E-19 4.594E-19 4.570E-19 4.455E-19 4.340E-19 4.286E-19
 4.323E-19 4.451E-19 4.610E-19 4.708E-19 4.745E-19 4.691E-19 4.636E-19 4.643E-19 4.680E-19 4.778E-19
 4.876E-19 4.974E-19 5.011E-19 5.048E-19 5.024E-19 5.031E-19 5.068E-19 5.135E-19 5.233E-19 5.301E-19
 5.338E-19 5.283E-19 5.229E-19 5.235E-19 5.303E-19 5.431E-19 5.559E-19 5.657E-19 5.694E-19 5.701E-19
 5.768E-19 5.835E-19 5.933E-19 6.001E-19 6.068E-19 6.074E-19 6.111E-19 6.148E-19 6.185E-19 6.222E-19
 6.289E-19 6.357E-19 6.454E-19 6.552E-19 6.650E-19 6.748E-19 6.815E-19 6.882E-19 6.889E-19 6.834E-19
 6.810E-19 6.816E-19 6.914E-19 7.042E-19 7.140E-19 7.207E-19 7.183E-19 7.128E-19 7.195E-19 7.324E-19
 7.482E-19 7.641E-19 7.739E-19 7.806E-19 7.873E-19 7.910E-19 7.916E-19 7.861E-19 7.776E-19 7.721E-19
 7.788E-19 7.947E-19 8.197E-19 8.417E-19 8.545E-19 8.581E-19 8.527E-19 8.441E-19 8.387E-19 8.423E-19
 8.521E-19 8.710E-19 8.868E-19 8.966E-19 8.942E-19 8.917E-19 8.893E-19 8.929E-19 9.058E-19 9.216E-19
 9.344E-19 9.411E-19 9.509E-19 9.606E-19 9.704E-19 9.771E-19 9.838E-19 9.874E-19 9.941E-19 1.004E-18
 1.020E-18 1.033E-18 1.039E-18 1.049E-18 1.059E-18 1.075E-18 1.094E-18 1.106E-18 1.113E-18 1.117E-18
 1.120E-18 1.127E-18 1.140E-18 1.153E-18 1.165E-18 1.172E-18 1.182E-18 1.192E-18 1.204E-18 1.217E-18
 1.227E-18 1.237E-18 1.243E-18 1.250E-18 1.254E-18 1.257E-18 1.264E-18 1.274E-18 1.283E-18 1.293E-18
 1.297E-18 1.294E-18 1.289E-18 1.293E-18 1.299E-18 1.312E-18 1.325E-18 1.325E-18 1.323E-18 1.314E-18
 1.306E-18 1.303E-18 1.307E-18 1.310E-18 1.314E-18 1.309E-18 1.303E-18 1.294E-18 1.292E-18 1.290E-18
 1.290E-18 1.285E-18 1.276E-18 1.258E-18 1.244E-18 1.232E-18 1.226E-18 1.224E-18 1.221E-18 1.219E-18
 1.210E-18 1.202E-18 1.187E-18 1.172E-18 1.155E-18 1.143E-18 1.134E-18 1.132E-18 1.129E-18 1.118E-18
 1.106E-18 1.101E-18 1.104E-18 1.114E-18 1.108E-18 1.081E-18 1.030E-18 9.788E-19 9.489E-19 9.525E-19
 9.775E-19 9.994E-19 9.999E-19 9.822E-19 9.583E-19 9.467E-19 9.533E-19 9.630E-19 9.636E-19 9.489E-19
 9.311E-19 9.195E-19 9.170E-19 9.145E-19 9.089E-19 9.003E-19 8.978E-19 8.953E-19 8.959E-19 8.934E-19
 8.848E-19 8.731E-19 8.706E-19 8.772E-19 8.839E-19 8.875E-19 8.788E-19 8.641E-19 8.586E-19 8.622E-19
 8.688E-19 8.724E-19 8.638E-19 8.521E-19 8.435E-19 8.471E-19 8.568E-19 8.634E-19 8.670E-19 8.645E-19
 8.589E-19 8.564E-19 8.539E-19 8.483E-19 8.427E-19 8.402E-19 8.438E-19 8.534E-19 8.631E-19 8.667E-19
 8.642E-19 8.616E-19 8.622E-19 8.657E-19 8.693E-19 8.729E-19 8.764E-19 8.800E-19 8.866E-19 8.963E-19
 8.999E-19 9.034E-19 9.070E-19 9.136E-19 9.233E-19 9.329E-19 9.395E-19 9.431E-19 9.436E-19 9.472E-19
 9.568E-19 9.695E-19 9.822E-19 9.980E-19 1.014E-18 1.026E-18 1.033E-18 1.034E-18 1.034E-18 1.041E-18
 1.056E-18 1.075E-18 1.088E-18 1.098E-18 1.101E-18 1.111E-18 1.133E-18 1.158E-18 1.182E-18 1.195E-18
 1.199E-18 1.202E-18 1.212E-18 1.231E-18 1.256E-18 1.274E-18 1.287E-18 1.297E-18 1.306E-18 1.319E-18
 1.335E-18 1.348E-18 1.357E-18 1.361E-18 1.352E-18 1.331E-18 1.289E-18 1.235E-18 1.180E-18 1.135E-18
 1.102E-18 1.084E-18 1.069E-18 1.057E-18 1.040E-18 1.022E-18 1.010E-18 1.005E-18 1.002E-18 1.005E-18
 1.009E-18 1.009E-18 1.004E-18 9.952E-19 9.896E-19 9.901E-19 9.966E-19 1.009E-18 1.022E-18 1.029E-18
 1.029E-18 1.036E-18 1.042E-18 1.052E-18 1.058E-18 1.062E-18 1.065E-18 1.066E-18 1.072E-18 1.079E-18
 1.089E-18 1.098E-18 1.108E-18 1.120E-18 1.139E-18 1.152E-18 1.158E-18 1.162E-18 1.165E-18 1.172E-18
 1.188E-18 1.200E-18 1.210E-18 1.217E-18 1.223E-18 1.236E-18 1.255E-18 1.276E-18 1.286E-18 1.289E-18
 1.290E-18 1.297E-18 1.309E-18 1.328E-18 1.350E-18 1.369E-18 1.384E-18 1.400E-18 1.416E-18 1.431E-18
 1.447E-18 1.463E-18 1.482E-18 1.500E-18 1.513E-18 1.523E-18 1.529E-18 1.545E-18 1.567E-18 1.598E-18
 1.629E-18 1.653E-18 1.669E-18 1.682E-18 1.698E-18 1.722E-18 1.747E-18 1.769E-18 1.785E-18 1.801E-18
 1.819E-18 1.838E-18 1.857E-18 1.870E-18 1.885E-18 1.907E-18 1.941E-18 1.981E-18 2.015E-18 2.037E-18
 2.050E-18 2.066E-18 2.088E-18 2.119E-18 2.153E-18 2.178E-18 2.196E-18 2.206E-18 2.219E-18 2.234E-18
 2.259E-18 2.287E-18 2.315E-18 2.337E-18 2.359E-18 2.372E-18 2.387E-18 2.403E-18 2.428E-18 2.459E-18
 2.493E-18 2.521E-18 2.537E-18 2.546E-18 2.556E-18 2.575E-18 2.597E-18 2.618E-18 2.634E-18 2.647E-18
 2.653E-18 2.666E-18 2.679E-18 2.691E-18 2.701E-18 2.711E-18 2.720E-18 2.736E-18 2.749E-18 2.755E-18
 2.759E-18 2.756E-18 2.753E-18 2.757E-18 2.760E-18 2.761E-18 2.758E-18 2.752E-18 2.750E-18 2.747E-18
 2.747E-18 2.742E-18 2.730E-18 2.718E-18 2.709E-18 2.697E-18 2.679E-18 2.661E-18 2.637E-18 2.619E-18
 2.604E-18 2.589E-18 2.571E-18 2.544E-18 2.511E-18 2.480E-18 2.456E-18 2.438E-18 2.417E-18 2.390E-18
 2.360E-18 2.330E-18 2.302E-18 2.281E-18 2.260E-18 2.233E-18 2.203E-18 2.176E-18 2.145E-18 2.118E-18
 2.085E-18 2.049E-18 2.012E-18 1.979E-18 1.955E-18 1.937E-18 1.919E-18 1.895E-18 1.871E-18 1.847E-18
 1.826E-18 1.802E-18 1.775E-18 1.741E-18 1.708E-18 1.678E-18 1.663E-18 1.654E-18 1.645E-18 1.633E-18
 1.612E-18 1.588E-18 1.561E-18 1.537E-18 1.519E-18 1.501E-18 1.480E-18 1.462E-18 1.444E-18 1.432E-18
 1.427E-18 1.424E-18 1.415E-18 1.397E-18 1.376E-18 1.352E-18 1.331E-18 1.322E-18 1.320E-18 1.314E-18
 1.308E-18 1.299E-18 1.291E-18 1.282E-18 1.276E-18 1.267E-18 1.255E-18 1.240E-18 1.232E-18 1.229E-18
 1.229E-18 1.233E-18 1.227E-18 1.218E-18 1.209E-18 1.203E-18 1.201E-18 1.201E-18 1.195E-18 1.187E-18
 1.181E-18 1.175E-18 1.175E-18 1.179E-18 1.176E-18 1.170E-18 1.164E-18 1.162E-18 1.156E-18 1.153E-18
 1.148E-18 1.145E-18 1.145E-18 1.142E-18 1.140E-18 1.137E-18 1.134E-18 1.132E-18 1.135E-18 1.135E-18
 1.132E-18 1.130E-18 1.124E-18 1.121E-18 1.122E-18 1.119E-18 1.113E-18 1.107E-18 1.105E-18 1.108E-18
 1.117E-18 1.121E-18 1.115E-18 1.103E-18 1.094E-18 1.095E-18 1.104E-18 1.111E-18 1.111E-18 1.099E-18
 1.090E-18 1.090E-18 1.100E-18 1.109E-18 1.119E-18 1.128E-18 1.144E-18 1.162E-18 1.178E-18 1.178E-18
 1.163E-18 1.148E-18 1.152E-18 1.186E-18 1.238E-18 1.281E-18 1.299E-18 1.294E-18 1.288E-18 1.300E-18
 1.331E-18 1.368E-18 1.396E-18 1.405E-18 1.412E-18 1.430E-18 1.464E-18 1.504E-18 1.541E-18 1.572E-18
 1.600E-18 1.634E-18 1.671E-18 1.711E-18 1.745E-18 1.775E-18 1.809E-18 1.856E-18 1.908E-18 1.960E-18
 2.006E-18 2.049E-18 2.095E-18 2.151E-18 2.212E-18 2.274E-18 2.335E-18 2.394E-18 2.455E-18 2.526E-18
 2.603E-18 2.680E-18 2.760E-18 2.837E-18 2.917E-18 2.997E-18 3.080E-18 3.163E-18 3.246E-18 3.342E-18
 3.443E-18 3.554E-18 3.668E-18 3.779E-18 3.890E-18 4.001E-18 4.116E-18 4.233E-18 4.353E-18 4.480E-18
 4.613E-18 4.752E-18 4.897E-18 5.046E-18 5.197E-18 5.349E-18 5.507E-18 5.675E-18 5.848E-18 6.022E-18
 6.199E-18 6.376E-18 6.559E-18 6.752E-18 6.951E-18 7.147E-18 7.344E-18 7.537E-18 7.736E-18 7.936E-18
 8.133E-18 8.314E-18 8.480E-18 8.624E-18 8.749E-18 8.846E-18 8.891E-18 8.847E-18 8.675E-18 8.348E-18
 7.855E-18 7.236E-18 6.546E-18 5.861E-18 5.246E-18 4.724E-18 4.305E-18 3.958E-18 3.666E-18 3.414E-18
 3.199E-18 3.025E-18 2.881E-18 2.762E-18 2.652E-18 2.551E-18 2.459E-18 2.380E-18 2.310E-18 2.249E-18
 2.191E-18 2.136E-18 2.090E-18 2.054E-18 2.021E-18 1.984E-18 1.948E-18 1.911E-18 1.884E-18 1.863E-18
 1.845E-18 1.827E-18 1.806E-18 1.784E-18 1.766E-18 1.754E-18 1.742E-18 1.730E-18 1.715E-18 1.703E-18
 1.695E-18 1.686E-18 1.677E-18 1.665E-18 1.656E-18 1.653E-18 1.650E-18 1.651E-18 1.645E-18 1.633E-18
 1.627E-18 1.624E-18 1.630E-18 1.634E-18 1.631E-18 1.625E-18 1.622E-18 1.626E-18 1.632E-18 1.638E-18
 1.635E-18 1.626E-18 1.618E-18 1.615E-18 1.618E-18 1.615E-18 1.612E-18 1.613E-18 1.616E-18 1.622E-18
 1.629E-18 1.626E-18 1.620E-18 1.614E-18 1.614E-18 1.624E-18 1.630E-18 1.627E-18 1.618E-18 1.616E-18
 1.622E-18 1.637E-18 1.653E-18 1.659E-18 1.656E-18 1.654E-18 1.648E-18 1.648E-18 1.645E-18 1.639E-18
 1.636E-18 1.643E-18 1.652E-18 1.661E-18 1.662E-18 1.653E-18 1.647E-18 1.656E-18 1.672E-18 1.684E-18
 1.681E-18 1.666E-18 1.648E-18 1.648E-18 1.664E-18 1.683E-18 1.692E-18 1.686E-18 1.683E-18 1.699E-18
 1.729E-18 1.763E-18 1.779E-18 1.773E-18 1.761E-18 1.764E-18 1.789E-18 1.826E-18 1.856E-18 1.869E-18
 1.863E-18 1.857E-18 1.860E-18 1.882E-18 1.907E-18 1.928E-18 1.941E-18 1.947E-18 1.950E-18 1.963E-18
 1.981E-18 2.006E-18 2.031E-18 2.049E-18 2.065E-18 2.077E-18 2.093E-18 2.114E-18 2.142E-18 2.173E-18
 2.194E-18 2.207E-18 2.219E-18 2.241E-18 2.275E-18 2.315E-18 2.345E-18 2.364E-18 2.370E-18 2.383E-18
 2.411E-18 2.451E-18 2.494E-18 2.531E-18 2.555E-18 2.577E-18 2.599E-18 2.636E-18 2.676E-18 2.719E-18
 2.753E-18 2.783E-18 2.811E-18 2.842E-18 2.882E-18 2.925E-18 2.968E-18 3.008E-18 3.045E-18 3.082E-18
 3.122E-18 3.166E-18 3.209E-18 3.258E-18 3.304E-18 3.357E-18 3.409E-18 3.462E-18 3.514E-18 3.560E-18
 3.603E-18 3.650E-18 3.705E-18 3.770E-18 3.838E-18 3.900E-18 3.952E-18 4.001E-18 4.051E-18 4.113E-18
 4.187E-18 4.258E-18 4.326E-18 4.384E-18 4.440E-18 4.502E-18 4.573E-18 4.653E-18 4.734E-18 4.805E-18
 4.873E-18 4.938E-18 5.009E-18 5.096E-18 5.188E-18 5.284E-18 5.371E-18 5.446E-18 5.511E-18 5.579E-18
 5.653E-18 5.740E-18 5.830E-18 5.923E-18 6.010E-18 6.091E-18 6.168E-18 6.246E-18 6.324E-18 6.401E-18
 6.485E-18 6.572E-18 6.659E-18 6.747E-18 6.827E-18 6.902E-18 6.974E-18 7.049E-18 7.120E-18 7.189E-18
 7.248E-18 7.298E-18 7.345E-18 7.398E-18 7.454E-18 7.510E-18 7.557E-18 7.588E-18 7.607E-18 7.626E-18
 7.645E-18 7.661E-18 7.664E-18 7.649E-18 7.621E-18 7.590E-18 7.559E-18 7.525E-18 7.478E-18 7.419E-18
 7.345E-18 7.264E-18 7.180E-18 7.087E-18 6.979E-18 6.854E-18 6.718E-18 6.582E-18 6.448E-18 6.309E-18
 6.160E-18 5.996E-18 5.826E-18 5.656E-18 5.486E-18 5.316E-18 5.143E-18 4.971E-18 4.801E-18 4.641E-18
 4.481E-18 4.321E-18 4.161E-18 3.998E-18 3.847E-18 3.709E-18 3.580E-18 3.454E-18 3.328E-18 3.203E-18
 3.092E-18 2.991E-18 2.896E-18 2.801E-18 2.704E-18 2.606E-18 2.517E-18 2.441E-18 2.373E-18 2.309E-18
 2.245E-18 2.181E-18 2.129E-18 2.080E-18 2.029E-18 1.974E-18 1.913E-18 1.861E-18 1.825E-18 1.806E-18
 1.791E-18 1.767E-18 1.733E-18 1.694E-18 1.657E-18 1.636E-18 1.624E-18 1.615E-18 1.600E-18 1.579E-18
 1.555E-18 1.536E-18 1.521E-18 1.515E-18 1.515E-18 1.513E-18 1.510E-18 1.507E-18 1.501E-18 1.501E-18
 1.504E-18 1.510E-18 1.520E-18 1.520E-18 1.517E-18 1.511E-18 1.511E-18 1.517E-18 1.527E-18 1.524E-18
 1.509E-18 1.475E-18 1.433E-18 1.396E-18 1.372E-18 1.363E-18 1.369E-18 1.384E-18 1.397E-18 1.409E-18
 1.418E-18 1.428E-18 1.437E-18 1.449E-18 1.465E-18 1.483E-18 1.496E-18 1.511E-18 1.526E-18 1.545E-18
 1.566E-18 1.588E-18 1.609E-18 1.631E-18 1.655E-18 1.680E-18 1.704E-18 1.726E-18 1.751E-18 1.775E-18
 1.803E-18 1.833E-18 1.867E-18 1.901E-18 1.935E-18 1.965E-18 1.996E-18 2.030E-18 2.064E-18 2.097E-18
 2.131E-18 2.171E-18 2.211E-18 2.251E-18 2.294E-18 2.334E-18 2.377E-18 2.420E-18 2.466E-18 2.515E-18
 2.567E-18 2.625E-18 2.684E-18 2.742E-18 2.794E-18 2.843E-18 2.889E-18 2.945E-18 3.003E-18 3.068E-18
 3.132E-18 3.191E-18 3.252E-18 3.317E-18 3.397E-18 3.480E-18 3.563E-18 3.630E-18 3.692E-18 3.754E-18
 3.828E-18 3.914E-18 4.006E-18 4.102E-18 4.191E-18 4.284E-18 4.376E-18 4.472E-18 4.561E-18 4.651E-18
 4.740E-18 4.839E-18 4.953E-18 5.071E-18 5.182E-18 5.284E-18 5.380E-18 5.482E-18 5.594E-18 5.714E-18
 5.835E-18 5.956E-18 6.074E-18 6.195E-18 6.325E-18 6.459E-18 6.592E-18 6.723E-18 6.850E-18 6.981E-18
 7.114E-18 7.248E-18 7.379E-18 7.507E-18 7.634E-18 7.772E-18 7.915E-18 8.062E-18 8.202E-18 8.333E-18
 8.461E-18 8.590E-18 8.715E-18 8.840E-18 8.959E-18 9.071E-18 9.184E-18 9.291E-18 9.397E-18 9.491E-18
 9.576E-18 9.648E-18 9.721E-18 9.783E-18 9.843E-18 9.887E-18 9.912E-18 9.928E-18 9.931E-18 9.928E-18
 9.919E-18 9.894E-18 9.850E-18 9.794E-18 9.719E-18 9.634E-18 9.537E-18 9.431E-18 9.315E-18 9.196E-18
 9.068E-18 8.930E-18 8.780E-18 8.615E-18 8.443E-18 8.265E-18 8.091E-18 7.916E-18 7.739E-18 7.561E-18
 7.378E-18 7.191E-18 7.011E-18 6.840E-18 6.676E-18 6.521E-18 6.363E-18 6.205E-18 6.041E-18 5.880E-18
 5.725E-18 5.580E-18 5.447E-18 5.320E-18 5.197E-18 5.076E-18 4.962E-18 4.854E-18 4.746E-18 4.639E-18
 4.531E-18 4.429E-18 4.343E-18 4.263E-18 4.183E-18 4.088E-18 3.971E-18 3.848E-18 3.734E-18 3.654E-18
 3.608E-18 3.581E-18 3.553E-18 3.507E-18 3.449E-18 3.385E-18 3.320E-18 3.265E-18 3.216E-18 3.173E-18
 3.130E-18 3.087E-18 3.045E-18 3.002E-18 2.953E-18 2.907E-18 2.867E-18 2.833E-18 2.806E-18 2.775E-18
 2.748E-18 2.717E-18 2.687E-18 2.656E-18 2.623E-18 2.589E-18 2.562E-18 2.540E-18 2.525E-18 2.510E-18
 2.485E-18 2.458E-18 2.430E-18 2.415E-18 2.403E-18 2.394E-18 2.379E-18 2.354E-18 2.330E-18 2.312E-18
 2.303E-18 2.293E-18 2.281E-18 2.263E-18 2.242E-18 2.233E-18 2.227E-18 2.224E-18 2.218E-18 2.202E-18
 2.190E-18 2.187E-18 2.187E-18 2.187E-18 2.181E-18 2.169E-18 2.157E-18 2.154E-18 2.160E-18 2.163E-18
 2.157E-18 2.148E-18 2.148E-18 2.158E-18 2.176E-18 2.188E-18 2.182E-18 2.170E-18 2.164E-18 2.176E-18
 2.210E-18 2.241E-18 2.256E-18 2.253E-18 2.241E-18 2.238E-18 2.256E-18 2.284E-18 2.315E-18 2.345E-18
 2.376E-18 2.416E-18 2.465E-18 2.502E-18 2.520E-18 2.520E-18 2.514E-18 2.523E-18 2.548E-18 2.579E-18
 2.597E-18 2.600E-18 2.597E-18 2.600E-18 2.622E-18 2.653E-18 2.690E-18 2.723E-18 2.754E-18 2.791E-18
 2.831E-18 2.874E-18 2.908E-18 2.935E-18 2.972E-18 3.018E-18 3.076E-18 3.132E-18 3.175E-18 3.206E-18
 3.227E-18 3.261E-18 3.310E-18 3.375E-18 3.445E-18 3.516E-18 3.584E-18 3.645E-18 3.701E-18 3.753E-18
 3.808E-18 3.879E-18 3.968E-18 4.064E-18 4.153E-18 4.230E-18 4.295E-18 4.366E-18 4.455E-18 4.563E-18
 4.674E-18 4.776E-18 4.869E-18 4.961E-18 5.070E-18 5.184E-18 5.301E-18 5.413E-18 5.521E-18 5.639E-18
 5.775E-18 5.917E-18 6.057E-18 6.187E-18 6.314E-18 6.463E-18 6.634E-18 6.817E-18 6.991E-18 7.153E-18
 7.314E-18 7.489E-18 7.682E-18 7.887E-18 8.087E-18 8.277E-18 8.474E-18 8.693E-18 8.930E-18 9.168E-18
 9.397E-18 9.619E-18 9.854E-18 1.011E-17 1.040E-17 1.068E-17 1.096E-17 1.123E-17 1.151E-17 1.181E-17
 1.213E-17 1.244E-17 1.274E-17 1.306E-17 1.342E-17 1.380E-17 1.419E-17 1.455E-17 1.489E-17 1.524E-17
 1.564E-17 1.608E-17 1.651E-17 1.692E-17 1.732E-17 1.777E-17 1.826E-17 1.874E-17 1.915E-17 1.950E-17
 1.991E-17 2.050E-17 2.117E-17 2.148E-17 2.081E-17 1.871E-17 1.526E-17 1.115E-17 7.327E-18 4.565E-18
 3.098E-18 2.629E-18 2.617E-18 2.620E-18 2.485E-18 2.302E-18 2.195E-18 2.195E-18 2.235E-18 2.219E-18
 2.146E-18 2.060E-18 2.015E-18 2.018E-18 2.024E-18 2.009E-18 1.972E-18 1.951E-18 1.960E-18 1.981E-18
 1.988E-18 1.966E-18 1.939E-18 1.924E-18 1.933E-18 1.951E-18 1.954E-18 1.945E-18 1.933E-18 1.939E-18
 1.954E-18 1.970E-18 1.973E-18 1.970E-18 1.970E-18 1.985E-18 2.001E-18 2.007E-18 2.001E-18 1.995E-18
 2.001E-18 2.019E-18 2.038E-18 2.041E-18 2.032E-18 2.029E-18 2.047E-18 2.074E-18 2.102E-18 2.111E-18
 2.105E-18 2.099E-18 2.105E-18 2.127E-18 2.145E-18 2.148E-18 2.145E-18 2.148E-18 2.164E-18 2.185E-18
 2.200E-18 2.204E-18 2.194E-18 2.191E-18 2.204E-18 2.228E-18 2.256E-18 2.274E-18 2.283E-18 2.293E-18
 2.299E-18 2.311E-18 2.323E-18 2.339E-18 2.357E-18 2.379E-18 2.397E-18 2.412E-18 2.422E-18 2.434E-18
 2.449E-18 2.471E-18 2.498E-18 2.526E-18 2.547E-18 2.563E-18 2.578E-18 2.593E-18 2.609E-18 2.627E-18
 2.655E-18 2.695E-18 2.738E-18 2.774E-18 2.796E-18 2.808E-18 2.824E-18 2.851E-18 2.894E-18 2.940E-18
 2.983E-18 3.017E-18 3.054E-18 3.103E-18 3.161E-18 3.229E-18 3.290E-18 3.349E-18 3.398E-18 3.441E-18
 3.481E-18 3.515E-18 3.545E-18 3.573E-18 3.613E-18 3.662E-18 3.721E-18 3.776E-18 3.819E-18 3.853E-18
 3.884E-18 3.924E-18 3.973E-18 4.035E-18 4.099E-18 4.164E-18 4.226E-18 4.284E-18 4.340E-18 4.395E-18
 4.451E-18 4.509E-18 4.571E-18 4.636E-18 4.704E-18 4.771E-18 4.836E-18 4.898E-18 4.963E-18 5.034E-18
 5.114E-18 5.198E-18 5.284E-18 5.365E-18 5.439E-18 5.510E-18 5.594E-18 5.686E-18 5.792E-18 5.897E-18
 5.993E-18 6.086E-18 6.179E-18 6.281E-18 6.399E-18 6.520E-18 6.635E-18 6.741E-18 6.843E-18 6.952E-18
 7.073E-18 7.197E-18 7.322E-18 7.449E-18 7.580E-18 7.717E-18 7.857E-18 7.995E-18 8.123E-18 8.250E-18
 8.382E-18 8.528E-18 8.685E-18 8.844E-18 9.004E-18 9.163E-18 9.326E-18 9.489E-18 9.646E-18 9.793E-18
 9.934E-18 1.008E-17 1.026E-17 1.045E-17 1.064E-17 1.081E-17 1.096E-17 1.109E-17 1.124E-17 1.141E-17
 1.159E-17 1.176E-17 1.191E-17 1.205E-17 1.220E-17 1.236E-17 1.252E-17 1.266E-17 1.279E-17 1.291E-17
 1.303E-17 1.315E-17 1.328E-17 1.339E-17 1.348E-17 1.354E-17 1.358E-17 1.360E-17 1.362E-17 1.363E-17
 1.361E-17 1.357E-17 1.350E-17 1.340E-17 1.326E-17 1.309E-17 1.289E-17 1.266E-17 1.240E-17 1.209E-17
 1.175E-17 1.136E-17 1.093E-17 1.049E-17 1.002E-17 9.532E-18 9.028E-18 8.509E-18 7.988E-18 7.477E-18
 6.983E-18 6.508E-18 6.061E-18 5.641E-18 5.251E-18 4.896E-18 4.569E-18 4.267E-18 3.987E-18 3.726E-18
 3.492E-18 3.287E-18 3.106E-18 2.943E-18 2.790E-18 2.646E-18 2.511E-18 2.392E-18 2.291E-18 2.209E-18
 2.138E-18 2.077E-18 2.016E-18 1.952E-18 1.891E-18 1.839E-18 1.802E-18 1.775E-18 1.754E-18 1.732E-18
 1.708E-18 1.686E-18 1.668E-18 1.656E-18 1.647E-18 1.632E-18 1.616E-18 1.604E-18 1.598E-18 1.601E-18
 1.607E-18 1.613E-18 1.617E-18 1.620E-18 1.629E-18 1.638E-18 1.644E-18 1.650E-18 1.653E-18 1.663E-18
 1.678E-18 1.699E-18 1.721E-18 1.742E-18 1.757E-18 1.773E-18 1.794E-18 1.822E-18 1.849E-18 1.877E-18
 1.898E-18 1.920E-18 1.941E-18 1.965E-18 1.993E-18 2.027E-18 2.063E-18 2.100E-18 2.131E-18 2.155E-18
 2.173E-18 2.198E-18 2.229E-18 2.265E-18 2.308E-18 2.348E-18 2.388E-18 2.431E-18 2.477E-18 2.523E-18
 2.565E-18 2.599E-18 2.630E-18 2.667E-18 2.713E-18 2.768E-18 2.820E-18 2.869E-18 2.915E-18 2.967E-18
 3.028E-18 3.096E-18 3.160E-18 3.213E-18 3.255E-18 3.302E-18 3.360E-18 3.427E-18 3.501E-18 3.572E-18
 3.636E-18 3.701E-18 3.772E-18 3.849E-18 3.922E-18 3.987E-18 4.049E-18 4.113E-18 4.187E-18 4.273E-18
 4.360E-18 4.443E-18 4.517E-18 4.588E-18 4.662E-18 4.748E-18 4.847E-18 4.946E-18 5.041E-18 5.134E-18
 5.223E-18 5.322E-18 5.427E-18 5.542E-18 5.659E-18 5.774E-18 5.888E-18 5.997E-18 6.105E-18 6.214E-18
 6.322E-18 6.437E-18 6.555E-18 6.682E-18 6.812E-18 6.949E-18 7.083E-18 7.213E-18 7.344E-18 7.475E-18
 7.615E-18 7.764E-18 7.920E-18 8.070E-18 8.213E-18 8.354E-18 8.497E-18 8.650E-18 8.819E-18 8.994E-18
 9.163E-18 9.323E-18 9.470E-18 9.614E-18 9.761E-18 9.918E-18 1.009E-17 1.025E-17 1.041E-17 1.057E-17
 1.072E-17 1.087E-17 1.103E-17 1.120E-17 1.136E-17 1.151E-17 1.164E-17 1.177E-17 1.190E-17 1.204E-17
 1.218E-17 1.232E-17 1.244E-17 1.254E-17 1.263E-17 1.272E-17 1.280E-17 1.288E-17 1.294E-17 1.298E-17
 1.300E-17 1.301E-17 1.300E-17 1.299E-17 1.297E-17 1.293E-17 1.288E-17 1.280E-17 1.270E-17 1.256E-17
 1.240E-17 1.222E-17 1.202E-17 1.181E-17 1.157E-17 1.132E-17 1.105E-17 1.079E-17 1.052E-17 1.024E-17
 9.941E-18 9.621E-18 9.292E-18 8.964E-18 8.651E-18 8.351E-18 8.061E-18 7.768E-18 7.469E-18 7.174E-18
 6.891E-18 6.631E-18 6.385E-18 6.150E-18 5.921E-18 5.692E-18 5.469E-18 5.256E-18 5.061E-18 4.882E-18
 4.713E-18 4.549E-18 4.389E-18 4.238E-18 4.097E-18 3.967E-18 3.848E-18 3.734E-18 3.620E-18 3.510E-18
 3.402E-18 3.298E-18 3.206E-18 3.120E-18 3.037E-18 2.957E-18 2.881E-18 2.813E-18 2.752E-18 2.700E-18
 2.651E-18 2.605E-18 2.559E-18 2.513E-18 2.467E-18 2.424E-18 2.385E-18 2.351E-18 2.330E-18 2.311E-18
 2.293E-18 2.269E-18 2.235E-18 2.204E-18 2.186E-18 2.189E-18 2.201E-18 2.217E-18 2.214E-18 2.195E-18
 2.162E-18 2.131E-18 2.110E-18 2.104E-18 2.110E-18 2.119E-18 2.125E-18 2.134E-18 2.146E-18 2.162E-18
 2.177E-18 2.189E-18 2.192E-18 2.195E-18 2.199E-18 2.211E-18 2.238E-18 2.269E-18 2.297E-18 2.312E-18
 2.312E-18 2.309E-18 2.312E-18 2.333E-18 2.367E-18 2.404E-18 2.434E-18 2.462E-18 2.480E-18 2.505E-18
 2.529E-18 2.560E-18 2.597E-18 2.640E-18 2.689E-18 2.735E-18 2.777E-18 2.811E-18 2.848E-18 2.888E-18
 2.937E-18 2.986E-18 3.032E-18 3.066E-18 3.096E-18 3.130E-18 3.179E-18 3.244E-18 3.314E-18 3.379E-18
 3.437E-18 3.493E-18 3.554E-18 3.628E-18 3.708E-18 3.791E-18 3.868E-18 3.938E-18 4.009E-18 4.080E-18
 4.157E-18 4.237E-18 4.329E-18 4.425E-18 4.526E-18 4.622E-18 4.715E-18 4.807E-18 4.909E-18 5.020E-18
 5.134E-18 5.249E-18 5.354E-18 5.459E-18 5.570E-18 5.697E-18 5.833E-18 5.966E-18 6.093E-18 6.214E-18
 6.341E-18 6.487E-18 6.642E-18 6.800E-18 6.953E-18 7.102E-18 7.257E-18 7.422E-18 7.596E-18 7.764E-18
 7.923E-18 8.076E-18 8.235E-18 8.410E-18 8.604E-18 8.816E-18 9.035E-18 9.257E-18 9.483E-18 9.699E-18
 9.903E-18 1.009E-17 1.026E-17 1.044E-17 1.063E-17 1.085E-17 1.107E-17 1.129E-17 1.148E-17 1.167E-17
 1.187E-17 1.208E-17 1.229E-17 1.249E-17 1.268E-17 1.286E-17 1.304E-17 1.321E-17 1.338E-17 1.352E-17
 1.364E-17 1.374E-17 1.382E-17 1.389E-17 1.394E-17 1.396E-17 1.393E-17 1.387E-17 1.376E-17 1.363E-17
 1.347E-17 1.328E-17 1.305E-17 1.278E-17 1.246E-17 1.212E-17 1.174E-17 1.135E-17 1.095E-17 1.054E-17
 1.014E-17 9.740E-18 9.345E-18 8.960E-18 8.592E-18 8.242E-18 7.912E-18 7.591E-18 7.283E-18 6.987E-18
 6.714E-18 6.469E-18 6.252E-18 6.051E-18 5.856E-18 5.661E-18 5.466E-18 5.284E-18 5.117E-18 4.978E-18
 4.851E-18 4.731E-18 4.608E-18 4.488E-18 4.367E-18 4.260E-18 4.161E-18 4.069E-18 3.973E-18 3.875E-18
 3.777E-18 3.691E-18 3.620E-18 3.561E-18 3.509E-18 3.457E-18 3.402E-18 3.343E-18 3.285E-18 3.230E-18
 3.178E-18 3.138E-18 3.107E-18 3.083E-18 3.055E-18 3.021E-18 2.978E-18 2.929E-18 2.889E-18 2.859E-18
 2.844E-18 2.825E-18 2.804E-18 2.776E-18 2.752E-18 2.739E-18 2.733E-18 2.727E-18 2.703E-18 2.669E-18
 2.641E-18 2.629E-18 2.641E-18 2.657E-18 2.654E-18 2.626E-18 2.583E-18 2.550E-18 2.546E-18 2.565E-18
 2.592E-18 2.605E-18 2.605E-18 2.595E-18 2.592E-18 2.599E-18 2.608E-18 2.611E-18 2.611E-18 2.614E-18
 2.629E-18 2.644E-18 2.654E-18 2.648E-18 2.641E-18 2.641E-18 2.663E-18 2.697E-18 2.727E-18 2.743E-18
 2.743E-18 2.746E-18 2.758E-18 2.785E-18 2.819E-18 2.847E-18 2.868E-18 2.887E-18 2.914E-18 2.951E-18
 2.991E-18 3.025E-18 3.055E-18 3.083E-18 3.107E-18 3.138E-18 3.169E-18 3.206E-18 3.252E-18 3.304E-18
 3.356E-18 3.405E-18 3.442E-18 3.473E-18 3.503E-18 3.540E-18 3.586E-18 3.639E-18 3.691E-18 3.755E-18
 3.826E-18 3.900E-18 3.977E-18 4.045E-18 4.106E-18 4.174E-18 4.248E-18 4.331E-18 4.411E-18 4.479E-18
 4.547E-18 4.621E-18 4.710E-18 4.806E-18 4.895E-18 4.972E-18 5.046E-18 5.136E-18 5.250E-18 5.386E-18
 5.516E-18 5.624E-18 5.717E-18 5.813E-18 5.934E-18 6.079E-18 6.222E-18 6.343E-18 6.445E-18 6.547E-18
 6.684E-18 6.861E-18 7.054E-18 7.234E-18 7.383E-18 7.501E-18 7.617E-18 7.750E-18 7.913E-18 8.093E-18
 8.290E-18 8.486E-18 8.690E-18 8.886E-18 9.080E-18 9.271E-18 9.465E-18 9.669E-18 9.889E-18 1.013E-17
 1.037E-17 1.060E-17 1.082E-17 1.103E-17 1.126E-17 1.150E-17 1.176E-17 1.203E-17 1.230E-17 1.255E-17
 1.280E-17 1.305E-17 1.331E-17 1.359E-17 1.388E-17 1.418E-17 1.445E-17 1.471E-17 1.497E-17 1.522E-17
 1.546E-17 1.569E-17 1.588E-17 1.604E-17 1.614E-17 1.617E-17 1.605E-17 1.572E-17 1.514E-17 1.432E-17
 1.328E-17 1.210E-17 1.084E-17 9.569E-18 8.356E-18 7.271E-18 6.377E-18 5.693E-18 5.195E-18 4.825E-18
 4.519E-18 4.248E-18 4.008E-18 3.805E-18 3.642E-18 3.507E-18 3.391E-18 3.292E-18 3.212E-18 3.148E-18
 3.087E-18 3.016E-18 2.940E-18 2.869E-18 2.823E-18 2.805E-18 2.789E-18 2.759E-18 2.704E-18 2.648E-18
 2.621E-18 2.630E-18 2.658E-18 2.670E-18 2.648E-18 2.603E-18 2.563E-18 2.550E-18 2.572E-18 2.600E-18
 2.612E-18 2.593E-18 2.557E-18 2.523E-18 2.505E-18 2.511E-18 2.529E-18 2.547E-18 2.547E-18 2.526E-18
 2.495E-18 2.471E-18 2.462E-18 2.465E-18 2.468E-18 2.465E-18 2.456E-18 2.453E-18 2.468E-18 2.492E-18
 2.511E-18 2.514E-18 2.508E-18 2.514E-18 2.548E-18 2.597E-18 2.636E-18 2.636E-18 2.609E-18 2.584E-18
 2.587E-18 2.621E-18 2.655E-18 2.664E-18 2.652E-18 2.655E-18 2.695E-18 2.765E-18 2.823E-18 2.845E-18
 2.829E-18 2.817E-18 2.848E-18 2.912E-18 2.980E-18 3.004E-18 2.995E-18 2.980E-18 3.001E-18 3.053E-18
 3.109E-18 3.133E-18 3.133E-18 3.139E-18 3.173E-18 3.228E-18 3.271E-18 3.283E-18 3.280E-18 3.299E-18
 3.360E-18 3.449E-18 3.508E-18 3.514E-18 3.486E-18 3.480E-18 3.535E-18 3.637E-18 3.735E-18 3.784E-18
 3.793E-18 3.806E-18 3.858E-18 3.953E-18 4.043E-18 4.089E-18 4.098E-18 4.110E-18 4.166E-18 4.264E-18
 4.366E-18 4.437E-18 4.471E-18 4.501E-18 4.560E-18 4.652E-18 4.748E-18 4.822E-18 4.871E-18 4.924E-18
 4.998E-18 5.100E-18 5.202E-18 5.291E-18 5.359E-18 5.434E-18 5.520E-18 5.625E-18 5.727E-18 5.817E-18
 5.904E-18 5.997E-18 6.099E-18 6.198E-18 6.279E-18 6.350E-18 6.449E-18 6.601E-18 6.806E-18 7.005E-18
 7.135E-18 7.179E-18 7.170E-18 7.182E-18 7.281E-18 7.465E-18 7.686E-18 7.885E-18 8.032E-18 8.150E-18
 8.272E-18 8.419E-18 8.587E-18 8.756E-18 8.922E-18 9.091E-18 9.275E-18 9.466E-18 9.648E-18 9.799E-18
 9.927E-18 1.007E-17 1.023E-17 1.044E-17 1.066E-17 1.085E-17 1.104E-17 1.121E-17 1.138E-17 1.157E-17
 1.176E-17 1.194E-17 1.211E-17 1.230E-17 1.249E-17 1.267E-17 1.283E-17 1.297E-17 1.311E-17 1.326E-17
 1.341E-17 1.353E-17 1.361E-17 1.365E-17 1.368E-17 1.371E-17 1.368E-17 1.349E-17 1.304E-17 1.230E-17
 1.130E-17 1.013E-17 8.844E-18 7.462E-18 6.028E-18 4.625E-18 3.410E-18 2.515E-18 1.995E-18 1.775E-18
 1.707E-18 1.662E-18 1.579E-18 1.494E-18 1.454E-18 1.469E-18 1.512E-18 1.537E-18 1.524E-18 1.503E-18
 1.506E-18 1.543E-18 1.595E-18 1.637E-18 1.653E-18 1.653E-18 1.650E-18 1.662E-18 1.689E-18 1.723E-18
 1.763E-18 1.793E-18 1.808E-18 1.811E-18 1.805E-18 1.808E-18 1.833E-18 1.876E-18 1.915E-18 1.940E-18
 1.952E-18 1.967E-18 2.001E-18 2.047E-18 2.090E-18 2.102E-18 2.093E-18 2.083E-18 2.102E-18 2.148E-18
 2.200E-18 2.233E-18 2.246E-18 2.252E-18 2.264E-18 2.285E-18 2.307E-18 2.319E-18 2.334E-18 2.365E-18
 2.420E-18 2.481E-18 2.524E-18 2.533E-18 2.524E-18 2.524E-18 2.552E-18 2.604E-18 2.656E-18 2.686E-18
 2.702E-18 2.723E-18 2.763E-18 2.818E-18 2.870E-18 2.901E-18 2.916E-18 2.926E-18 2.944E-18 2.978E-18
 3.014E-18 3.054E-18 3.097E-18 3.146E-18 3.199E-18 3.245E-18 3.278E-18 3.303E-18 3.327E-18 3.364E-18
 3.420E-18 3.478E-18 3.533E-18 3.573E-18 3.607E-18 3.644E-18 3.693E-18 3.758E-18 3.825E-18 3.884E-18
 3.930E-18 3.964E-18 4.007E-18 4.065E-18 4.148E-18 4.241E-18 4.321E-18 4.376E-18 4.416E-18 4.462E-18
 4.530E-18 4.623E-18 4.725E-18 4.811E-18 4.876E-18 4.937E-18 5.015E-18 5.104E-18 5.194E-18 5.271E-18
 5.327E-18 5.385E-18 5.463E-18 5.558E-18 5.654E-18 5.741E-18 5.806E-18 5.871E-18 5.948E-18 6.041E-18
 6.143E-18 6.243E-18 6.336E-18 6.435E-18 6.531E-18 6.618E-18 6.686E-18 6.748E-18 6.829E-18 6.950E-18
 7.099E-18 7.236E-18 7.320E-18 7.364E-18 7.413E-18 7.522E-18 7.697E-18 7.880E-18 8.008E-18 8.061E-18
 8.083E-18 8.142E-18 8.280E-18 8.467E-18 8.632E-18 8.726E-18 8.761E-18 8.789E-18 8.861E-18 8.976E-18
 9.101E-18 9.195E-18 9.258E-18 9.311E-18 9.386E-18 9.483E-18 9.580E-18 9.653E-18 9.696E-18 9.731E-18
 9.769E-18 9.806E-18 9.831E-18 9.831E-18 9.816E-18 9.787E-18 9.747E-18 9.690E-18 9.602E-18 9.487E-18
 9.349E-18 9.195E-18 9.023E-18 8.814E-18 8.561E-18 8.258E-18 7.921E-18 7.563E-18 7.190E-18 6.795E-18
 6.389E-18 5.974E-18 5.565E-18 5.160E-18 4.765E-18 4.380E-18 4.011E-18 3.679E-18 3.393E-18 3.153E-18
 2.948E-18 2.764E-18 2.593E-18 2.440E-18 2.308E-18 2.201E-18 2.115E-18 2.039E-18 1.975E-18 1.920E-18
 1.871E-18 1.825E-18 1.776E-18 1.736E-18 1.712E-18 1.712E-18 1.727E-18 1.740E-18 1.740E-18 1.730E-18
 1.724E-18 1.727E-18 1.743E-18 1.761E-18 1.767E-18 1.770E-18 1.782E-18 1.804E-18 1.834E-18 1.856E-18
 1.859E-18 1.847E-18 1.840E-18 1.856E-18 1.896E-18 1.947E-18 1.987E-18 2.006E-18 2.006E-18 1.999E-18
 2.003E-18 2.018E-18 2.048E-18 2.088E-18 2.131E-18 2.177E-18 2.217E-18 2.244E-18 2.259E-18 2.266E-18
 2.275E-18 2.296E-18 2.333E-18 2.382E-18 2.428E-18 2.465E-18 2.495E-18 2.532E-18 2.581E-18 2.636E-18
 2.688E-18 2.722E-18 2.743E-18 2.768E-18 2.817E-18 2.897E-18 2.985E-18 3.053E-18 3.084E-18 3.081E-18
 3.081E-18 3.111E-18 3.176E-18 3.262E-18 3.341E-18 3.400E-18 3.449E-18 3.492E-18 3.547E-18 3.609E-18
 3.667E-18 3.725E-18 3.790E-18 3.864E-18 3.941E-18 4.008E-18 4.067E-18 4.119E-18 4.175E-18 4.252E-18
 4.338E-18 4.424E-18 4.495E-18 4.557E-18 4.612E-18 4.677E-18 4.754E-18 4.831E-18 4.908E-18 4.985E-18
 5.066E-18 5.149E-18 5.229E-18 5.300E-18 5.368E-18 5.443E-18 5.529E-18 5.622E-18 5.712E-18 5.792E-18
 5.860E-18 5.931E-18 6.003E-18 6.077E-18 6.145E-18 6.207E-18 6.269E-18 6.344E-18 6.434E-18 6.536E-18
 6.632E-18 6.722E-18 6.809E-18 6.902E-18 7.002E-18 7.104E-18 7.188E-18 7.257E-18 7.316E-18 7.378E-18
 7.453E-18 7.533E-18 7.614E-18 7.695E-18 7.786E-18 7.889E-18 7.991E-18 8.079E-18 8.135E-18 8.163E-18
 8.182E-18 8.207E-18 8.247E-18 8.297E-18 8.335E-18 8.353E-18 8.350E-18 8.332E-18 8.297E-18 8.247E-18
 8.185E-18 8.113E-18 8.042E-18 7.964E-18 7.870E-18 7.746E-18 7.593E-18 7.416E-18 7.229E-18 7.036E-18
 6.822E-18 6.574E-18 6.295E-18 5.994E-18 5.706E-18 5.437E-18 5.193E-18 4.955E-18 4.715E-18 4.474E-18
 4.247E-18 4.040E-18 3.847E-18 3.653E-18 3.456E-18 3.263E-18 3.091E-18 2.950E-18 2.840E-18 2.742E-18
 2.644E-18 2.546E-18 2.454E-18 2.380E-18 2.319E-18 2.261E-18 2.200E-18 2.136E-18 2.078E-18 2.035E-18
 2.011E-18 1.992E-18 1.974E-18 1.952E-18 1.931E-18 1.916E-18 1.904E-18 1.901E-18 1.895E-18 1.895E-18
 1.891E-18 1.888E-18 1.879E-18 1.867E-18 1.855E-18 1.855E-18 1.873E-18 1.907E-18 1.941E-18 1.956E-18
 1.953E-18 1.934E-18 1.922E-18 1.931E-18 1.962E-18 1.996E-18 2.017E-18 2.023E-18 2.020E-18 2.029E-18
 2.060E-18 2.109E-18 2.158E-18 2.188E-18 2.185E-18 2.164E-18 2.149E-18 2.167E-18 2.225E-18 2.308E-18
 2.375E-18 2.403E-18 2.400E-18 2.387E-18 2.400E-18 2.452E-18 2.528E-18 2.596E-18 2.638E-18 2.663E-18
 2.691E-18 2.737E-18 2.801E-18 2.865E-18 2.914E-18 2.951E-18 2.988E-18 3.037E-18 3.092E-18 3.151E-18
 3.206E-18 3.261E-18 3.325E-18 3.390E-18 3.445E-18 3.482E-18 3.501E-18 3.528E-18 3.580E-18 3.663E-18
 3.753E-18 3.817E-18 3.851E-18 3.869E-18 3.900E-18 3.959E-18 4.033E-18 4.097E-18 4.146E-18 4.180E-18
 4.230E-18 4.303E-18 4.402E-18 4.504E-18 4.587E-18 4.655E-18 4.710E-18 4.769E-18 4.834E-18 4.911E-18
 4.997E-18 5.090E-18 5.179E-18 5.260E-18 5.325E-18 5.383E-18 5.458E-18 5.560E-18 5.686E-18 5.813E-18
 5.916E-18 5.993E-18 6.067E-18 6.154E-18 6.259E-18 6.356E-18 6.424E-18 6.467E-18 6.517E-18 6.598E-18
 6.715E-18 6.840E-18 6.933E-18 6.979E-18 7.007E-18 7.051E-18 7.129E-18 7.225E-18 7.303E-18 7.343E-18
 7.356E-18 7.362E-18 7.371E-18 7.378E-18 7.359E-18 7.315E-18 7.253E-18 7.200E-18 7.157E-18 7.110E-18
 7.033E-18 6.908E-18 6.741E-18 6.551E-18 6.359E-18 6.167E-18 5.975E-18 5.777E-18 5.567E-18 5.344E-18
 5.109E-18 4.856E-18 4.594E-18 4.348E-18 4.135E-18 3.969E-18 3.840E-18 3.720E-18 3.591E-18 3.447E-18
 3.296E-18 3.158E-18 3.045E-18 2.953E-18 2.873E-18 2.796E-18 2.720E-18 2.643E-18 2.573E-18 2.512E-18
 2.463E-18 2.429E-18 2.405E-18 2.377E-18 2.334E-18 2.279E-18 2.215E-18 2.163E-18 2.139E-18 2.136E-18
 2.139E-18 2.130E-18 2.099E-18 2.056E-18 2.020E-18 2.004E-18 1.998E-18 1.992E-18 1.971E-18 1.940E-18
 1.922E-18 1.934E-18 1.968E-18 2.004E-18 2.017E-18 1.998E-18 1.968E-18 1.956E-18 1.974E-18 2.005E-18
 2.017E-18 2.005E-18 1.980E-18 1.977E-18 2.008E-18 2.066E-18 2.115E-18 2.136E-18 2.133E-18 2.133E-18
 2.155E-18 2.191E-18 2.216E-18 2.210E-18 2.188E-18 2.179E-18 2.213E-18 2.283E-18 2.357E-18 2.403E-18
 2.421E-18 2.433E-18 2.458E-18 2.491E-18 2.519E-18 2.522E-18 2.501E-18 2.489E-18 2.501E-18 2.544E-18
 2.596E-18 2.633E-18 2.651E-18 2.669E-18 2.694E-18 2.731E-18 2.770E-18 2.798E-18 2.826E-18 2.866E-18
 2.924E-18 2.988E-18 3.053E-18 3.102E-18 3.148E-18 3.203E-18 3.274E-18 3.353E-18 3.427E-18 3.486E-18
 3.529E-18 3.565E-18 3.608E-18 3.658E-18 3.725E-18 3.799E-18 3.879E-18 3.947E-18 3.993E-18 4.021E-18
 4.054E-18 4.113E-18 4.205E-18 4.316E-18 4.409E-18 4.467E-18 4.507E-18 4.566E-18 4.665E-18 4.794E-18
 4.921E-18 5.010E-18 5.050E-18 5.078E-18 5.118E-18 5.199E-18 5.301E-18 5.403E-18 5.492E-18 5.563E-18
 5.634E-18 5.715E-18 5.805E-18 5.901E-18 5.997E-18 6.083E-18 6.158E-18 6.220E-18 6.276E-18 6.338E-18
 6.415E-18 6.505E-18 6.586E-18 6.642E-18 6.667E-18 6.676E-18 6.682E-18 6.688E-18 6.670E-18 6.602E-18
 6.471E-18 6.301E-18 6.109E-18 5.917E-18 5.712E-18 5.484E-18 5.227E-18 4.965E-18 4.721E-18 4.499E-18
 4.293E-18 4.087E-18 3.868E-18 3.659E-18 3.472E-18 3.315E-18 3.183E-18 3.061E-18 2.944E-18 2.834E-18
 2.730E-18 2.641E-18 2.564E-18 2.503E-18 2.460E-18 2.430E-18 2.396E-18 2.344E-18 2.271E-18 2.203E-18
 2.161E-18 2.155E-18 2.161E-18 2.149E-18 2.103E-18 2.039E-18 1.993E-18 1.984E-18 2.002E-18 2.008E-18
 1.990E-18 1.956E-18 1.935E-18 1.947E-18 1.972E-18 1.975E-18 1.941E-18 1.895E-18 1.877E-18 1.904E-18
 1.953E-18 1.981E-18 1.963E-18 1.920E-18 1.899E-18 1.932E-18 2.006E-18 2.073E-18 2.091E-18 2.055E-18
 2.000E-18 1.957E-18 1.942E-18 1.926E-18 1.893E-18 1.838E-18 1.789E-18 1.774E-18 1.804E-18 1.875E-18
 1.957E-18 2.027E-18 2.067E-18 2.079E-18 2.076E-18 2.076E-18 2.095E-18 2.128E-18 2.174E-18 2.214E-18
 2.236E-18 2.239E-18 2.233E-18 2.233E-18 2.236E-18 2.242E-18 2.248E-18 2.257E-18 2.288E-18 2.346E-18
 2.429E-18 2.511E-18 2.576E-18 2.609E-18 2.622E-18 2.634E-18 2.658E-18 2.701E-18 2.750E-18 2.787E-18
 2.806E-18 2.815E-18 2.830E-18 2.876E-18 2.953E-18 3.042E-18 3.106E-18 3.134E-18 3.134E-18 3.143E-18
 3.189E-18 3.278E-18 3.373E-18 3.444E-18 3.484E-18 3.515E-18 3.570E-18 3.656E-18 3.745E-18 3.804E-18
 3.825E-18 3.844E-18 3.899E-18 4.013E-18 4.152E-18 4.269E-18 4.336E-18 4.367E-18 4.398E-18 4.463E-18
 4.552E-18 4.648E-18 4.725E-18 4.796E-18 4.873E-18 4.953E-18 5.027E-18 5.086E-18 5.136E-18 5.207E-18
 5.309E-18 5.426E-18 5.519E-18 5.562E-18 5.581E-18 5.618E-18 5.705E-18 5.822E-18 5.915E-18 5.943E-18
 5.912E-18 5.869E-18 5.838E-18 5.813E-18 5.739E-18 5.572E-18 5.325E-18 5.041E-18 4.769E-18 4.522E-18
 4.264E-18 3.978E-18 3.670E-18 3.385E-18 3.154E-18 2.967E-18 2.796E-18 2.612E-18 2.431E-18 2.297E-18
 2.233E-18 2.227E-18 2.220E-18 2.172E-18 2.080E-18 1.985E-18 1.930E-18 1.921E-18 1.930E-18 1.918E-18
 1.878E-18 1.833E-18 1.814E-18 1.836E-18 1.879E-18 1.912E-18 1.915E-18 1.891E-18 1.851E-18 1.818E-18
 1.799E-18 1.790E-18 1.784E-18 1.772E-18 1.757E-18 1.735E-18 1.720E-18 1.720E-18 1.733E-18 1.754E-18
 1.769E-18 1.775E-18 1.766E-18 1.760E-18 1.763E-18 1.773E-18 1.776E-18 1.776E-18 1.770E-18 1.779E-18
 1.806E-18 1.843E-18 1.874E-18 1.874E-18 1.849E-18 1.822E-18 1.810E-18 1.819E-18 1.837E-18 1.840E-18
 1.834E-18 1.828E-18 1.843E-18 1.880E-18 1.923E-18 1.947E-18 1.948E-18 1.941E-18 1.954E-18 2.006E-18
 2.082E-18 2.146E-18 2.174E-18 2.168E-18 2.162E-18 2.183E-18 2.229E-18 2.281E-18 2.309E-18 2.312E-18
 2.318E-18 2.352E-18 2.422E-18 2.499E-18 2.545E-18 2.554E-18 2.542E-18 2.554E-18 2.603E-18 2.677E-18
 2.735E-18 2.766E-18 2.781E-18 2.809E-18 2.870E-18 2.937E-18 2.980E-18 2.977E-18 2.956E-18 2.959E-18
 3.017E-18 3.128E-18 3.247E-18 3.333E-18 3.376E-18 3.395E-18 3.416E-18 3.450E-18 3.493E-18 3.543E-18
 3.595E-18 3.659E-18 3.736E-18 3.807E-18 3.862E-18 3.906E-18 3.958E-18 4.038E-18 4.143E-18 4.241E-18
 4.312E-18 4.343E-18 4.355E-18 4.380E-18 4.432E-18 4.503E-18 4.580E-18 4.654E-18 4.731E-18 4.815E-18
 4.898E-18 4.963E-18 5.000E-18 5.025E-18 5.056E-18 5.102E-18 5.142E-18 5.136E-18 5.050E-18 4.871E-18
 4.633E-18 4.371E-18 4.107E-18 3.833E-18 3.538E-18 3.207E-18 2.857E-18 2.517E-18 2.223E-18 2.003E-18
 1.857E-18 1.768E-18 1.707E-18 1.655E-18 1.604E-18 1.561E-18 1.540E-18 1.534E-18 1.524E-18 1.500E-18
 1.451E-18 1.406E-18 1.378E-18 1.384E-18 1.403E-18 1.421E-18 1.427E-18 1.436E-18 1.464E-18 1.501E-18
 1.522E-18 1.504E-18 1.458E-18 1.421E-18 1.434E-18 1.504E-18 1.589E-18 1.638E-18 1.632E-18 1.596E-18
 1.568E-18 1.571E-18 1.587E-18 1.590E-18 1.575E-18 1.578E-18 1.627E-18 1.718E-18 1.807E-18 1.831E-18
 1.776E-18 1.682E-18 1.612E-18 1.603E-18 1.636E-18 1.670E-18 1.670E-18 1.645E-18 1.636E-18 1.664E-18
 1.728E-18 1.795E-18 1.841E-18 1.860E-18 1.860E-18 1.857E-18 1.866E-18 1.884E-18 1.915E-18 1.961E-18
 2.007E-18 2.040E-18 2.053E-18 2.065E-18 2.105E-18 2.184E-18 2.285E-18 2.352E-18 2.353E-18 2.298E-18
 2.239E-18 2.252E-18 2.347E-18 2.475E-18 2.561E-18 2.564E-18 2.503E-18 2.445E-18 2.445E-18 2.512E-18
 2.595E-18 2.650E-18 2.653E-18 2.629E-18 2.617E-18 2.641E-18 2.699E-18 2.773E-18 2.844E-18 2.902E-18
 2.948E-18 2.982E-18 2.997E-18 2.994E-18 2.985E-18 2.979E-18 2.997E-18 3.040E-18 3.102E-18 3.160E-18
 3.206E-18 3.228E-18 3.237E-18 3.249E-18 3.283E-18 3.341E-18 3.415E-18 3.486E-18 3.529E-18 3.541E-18
 3.538E-18 3.548E-18 3.588E-18 3.664E-18 3.757E-18 3.846E-18 3.904E-18 3.923E-18 3.920E-18 3.923E-18
 3.957E-18 4.025E-18 4.099E-18 4.126E-18 4.068E-18 3.911E-18 3.681E-18 3.416E-18 3.146E-18 2.861E-18
 2.549E-18 2.213E-18 1.901E-18 1.666E-18 1.532E-18 1.480E-18 1.455E-18 1.425E-18 1.394E-18 1.388E-18
 1.410E-18 1.431E-18 1.407E-18 1.337E-18 1.282E-18 1.319E-18 1.459E-18 1.627E-18 1.694E-18 1.594E-18
 1.383E-18 1.219E-18 1.228E-18 1.411E-18 1.640E-18 1.753E-18 1.695E-18 1.548E-18 1.445E-18 1.457E-18
 1.542E-18 1.597E-18 1.561E-18 1.475E-18 1.433E-18 1.476E-18 1.564E-18 1.604E-18 1.564E-18 1.491E-18
 1.488E-18 1.592E-18 1.732E-18 1.797E-18 1.717E-18 1.556E-18 1.443E-18 1.476E-18 1.641E-18 1.815E-18
 1.895E-18 1.858E-18 1.767E-18 1.709E-18 1.706E-18 1.724E-18 1.730E-18 1.727E-18 1.752E-18 1.822E-18
 1.908E-18 1.951E-18 1.926E-18 1.878E-18 1.868E-18 1.927E-18 2.015E-18 2.064E-18 2.046E-18 2.000E-18
 1.994E-18 2.046E-18 2.114E-18 2.132E-18 2.089E-18 2.043E-18 2.071E-18 2.187E-18 2.325E-18 2.386E-18
 2.344E-18 2.255E-18 2.224E-18 2.298E-18 2.436E-18 2.552E-18 2.586E-18 2.552E-18 2.516E-18 2.519E-18
 2.552E-18 2.586E-18 2.602E-18 2.617E-18 2.657E-18 2.721E-18 2.776E-18 2.789E-18 2.767E-18 2.746E-18
 2.765E-18 2.826E-18 2.906E-18 2.979E-18 3.044E-18 3.102E-18 3.142E-18 3.136E-18 3.078E-18 3.001E-18
 2.986E-18 3.063E-18 3.207E-18 3.317E-18 3.333E-18 3.259E-18 3.195E-18 3.213E-18 3.299E-18 3.355E-18
 3.266E-18 3.021E-18 2.699E-18 2.420E-18 2.234E-18 2.093E-18 1.934E-18 1.727E-18 1.513E-18 1.352E-18
 1.263E-18 1.215E-18 1.169E-18 1.126E-18 1.114E-18 1.148E-18 1.203E-18 1.230E-18 1.206E-18 1.170E-18
 1.164E-18 1.206E-18 1.249E-18 1.246E-18 1.197E-18 1.161E-18 1.198E-18 1.292E-18 1.365E-18 1.344E-18
 1.241E-18 1.146E-18 1.158E-18 1.268E-18 1.378E-18 1.387E-18 1.299E-18 1.204E-18 1.205E-18 1.296E-18
 1.385E-18 1.376E-18 1.272E-18 1.196E-18 1.248E-18 1.422E-18 1.586E-18 1.614E-18 1.495E-18 1.349E-18
 1.318E-18 1.434E-18 1.605E-18 1.697E-18 1.666E-18 1.590E-18 1.575E-18 1.651E-18 1.737E-18 1.734E-18
 1.624E-18 1.502E-18 1.484E-18 1.600E-18 1.774E-18 1.884E-18 1.875E-18 1.793E-18 1.738E-18 1.765E-18
 1.851E-18 1.915E-18 1.915E-18 1.869E-18 1.839E-18 1.864E-18 1.931E-18 2.001E-18 2.050E-18 2.075E-18
 2.102E-18 2.130E-18 2.142E-18 2.127E-18 2.109E-18 2.121E-18 2.198E-18 2.314E-18 2.409E-18 2.424E-18
 2.354E-18 2.262E-18 2.244E-18 2.345E-18 2.535E-18 2.712E-18 2.774E-18 2.679E-18 2.483E-18 2.309E-18
 2.242E-18 2.306E-18 2.438E-18 2.542E-18 2.569E-18 2.536E-18 2.502E-18 2.518E-18 2.582E-18 2.652E-18
 2.686E-18 2.665E-18 2.619E-18 2.579E-18 2.555E-18 2.524E-18 2.454E-18 2.335E-18 2.170E-18 1.983E-18
 1.788E-18 1.593E-18 1.407E-18 1.257E-18 1.163E-18 1.127E-18 1.130E-18 1.142E-18 1.145E-18 1.145E-18
 1.157E-18 1.176E-18 1.191E-18 1.185E-18 1.158E-18 1.131E-18 1.134E-18 1.176E-18 1.247E-18 1.311E-18
 1.341E-18 1.326E-18 1.287E-18 1.241E-18 1.220E-18 1.244E-18 1.311E-18 1.394E-18 1.458E-18 1.470E-18
 1.443E-18 1.406E-18 1.407E-18 1.449E-18 1.510E-18 1.538E-18 1.505E-18 1.441E-18 1.386E-18 1.383E-18
 1.429E-18 1.484E-18 1.526E-18 1.551E-18 1.579E-18 1.618E-18 1.658E-18 1.670E-18 1.655E-18 1.625E-18
 1.616E-18 1.634E-18 1.668E-18 1.692E-18 1.692E-18 1.693E-18 1.711E-18 1.745E-18 1.766E-18 1.745E-18
 1.681E-18 1.611E-18 1.583E-18 1.614E-18 1.687E-18 1.770E-18 1.846E-18 1.920E-18 1.999E-18 2.070E-18
 2.110E-18 2.094E-18 2.018E-18 1.902E-18 1.789E-18 1.710E-18 1.692E-18 1.747E-18 1.863E-18 1.997E-18
 2.080E-18 2.068E-18 1.973E-18 1.863E-18 1.827E-18 1.888E-18 2.007E-18 2.090E-18 2.081E-18 1.992E-18
 1.901E-18 1.867E-18 1.889E-18 1.904E-18 1.862E-18 1.770E-18 1.685E-18 1.651E-18 1.660E-18 1.657E-18
 1.590E-18 1.462E-18 1.331E-18 1.240E-18 1.197E-18 1.161E-18 1.100E-18 1.024E-18 9.725E-19 9.695E-19
 1.003E-18 1.022E-18 1.006E-18 9.821E-19 9.975E-19 1.065E-18 1.153E-18 1.193E-18 1.169E-18 1.114E-18
 1.090E-18 1.126E-18 1.187E-18 1.215E-18 1.187E-18 1.145E-18 1.148E-18 1.215E-18 1.292E-18 1.313E-18
 1.249E-18 1.167E-18 1.149E-18 1.228E-18 1.353E-18 1.426E-18 1.390E-18 1.289E-18 1.226E-18 1.268E-18
 1.393E-18 1.512E-18 1.537E-18 1.467E-18 1.369E-18 1.330E-18 1.376E-18 1.470E-18 1.547E-18 1.577E-18
 1.571E-18 1.565E-18 1.593E-18 1.648E-18 1.697E-18 1.718E-18 1.697E-18 1.645E-18 1.594E-18 1.579E-18
 1.631E-18 1.731E-18 1.832E-18 1.860E-18 1.781E-18 1.637E-18 1.530E-18 1.555E-18 1.717E-18 1.928E-18
 2.062E-18 2.053E-18 1.952E-18 1.885E-18 1.944E-18 2.106E-18 2.268E-18 2.314E-18 2.222E-18 2.072E-18
 1.959E-18 1.926E-18 1.926E-18 1.899E-18 1.816E-18 1.713E-18 1.658E-18 1.679E-18 1.740E-18 1.786E-18
 1.774E-18 1.716E-18 1.634E-18 1.552E-18 1.460E-18 1.360E-18 1.256E-18 1.168E-18 1.092E-18 1.010E-18
 9.034E-19 7.818E-19 7.058E-19 7.212E-19 8.278E-19 9.588E-19 1.026E-18 9.865E-19 8.891E-19 8.253E-19
 8.559E-19 9.595E-19 1.051E-18 1.057E-18 9.781E-19 8.839E-19 8.444E-19 8.872E-19 9.664E-19 1.021E-18
 1.018E-18 9.881E-19 9.821E-19 1.022E-18 1.095E-18 1.156E-18 1.162E-18 1.120E-18 1.062E-18 1.032E-18
 1.059E-18 1.145E-18 1.251E-18 1.319E-18 1.310E-18 1.212E-18 1.075E-18 9.626E-19 9.384E-19 1.012E-18
 1.149E-18 1.292E-18 1.390E-18 1.430E-18 1.421E-18 1.390E-18 1.357E-18 1.336E-18 1.339E-18 1.372E-18
 1.421E-18 1.467E-18 1.480E-18 1.464E-18 1.440E-18 1.434E-18 1.459E-18 1.492E-18 1.511E-18 1.496E-18
 1.465E-18 1.444E-18 1.450E-18 1.475E-18 1.496E-18 1.503E-18 1.497E-18 1.494E-18 1.506E-18 1.528E-18
 1.555E-18 1.586E-18 1.623E-18 1.641E-18 1.611E-18 1.498E-18 1.309E-18 1.096E-18 9.253E-19 8.494E-19
 8.495E-19 8.770E-19 8.802E-19 8.499E-19 8.166E-19 8.197E-19 8.686E-19 9.357E-19 9.724E-19 9.634E-19
 9.239E-19 8.845E-19 8.694E-19 8.848E-19 9.123E-19 9.429E-19 9.613E-19 9.645E-19 9.464E-19 9.161E-19
 8.888E-19 8.920E-19 9.378E-19 1.011E-18 1.087E-18 1.139E-18 1.158E-18 1.161E-18 1.158E-18 1.164E-18
 1.170E-18 1.174E-18 1.174E-18 1.180E-18 1.195E-18 1.214E-18 1.217E-18 1.202E-18 1.175E-18 1.153E-18
 1.160E-18 1.202E-18 1.279E-18 1.367E-18 1.450E-18 1.493E-18 1.493E-18 1.450E-18 1.392E-18 1.344E-18
 1.329E-18 1.344E-18 1.372E-18 1.399E-18 1.412E-18 1.403E-18 1.375E-18 1.330E-18 1.287E-18 1.269E-18
 1.284E-18 1.315E-18 1.318E-18 1.260E-18 1.151E-18 1.038E-18 9.928E-19 1.026E-18 1.097E-18 1.130E-18
 1.088E-18 1.003E-18 9.480E-19 9.694E-19 1.040E-18 1.085E-18 1.043E-18 9.334E-19 8.392E-19 8.302E-19
 9.217E-19 1.047E-18 1.120E-18 1.117E-18 1.068E-18 1.023E-18 1.005E-18 9.927E-19 9.746E-19 9.564E-19
 9.779E-19 1.051E-18 1.130E-18 1.146E-18 1.058E-18 9.086E-19 7.961E-19 8.053E-19 9.303E-19 1.089E-18
 1.174E-18 1.141E-18 1.037E-18 9.614E-19 9.829E-19 1.108E-18 1.260E-18 1.346E-18 1.312E-18 1.175E-18
 1.008E-18 8.895E-19 8.774E-19 9.567E-19 1.066E-18 1.134E-18 1.131E-18 1.073E-18 1.015E-18 9.910E-19
 1.000E-18 1.007E-18 9.884E-19 9.642E-19 9.704E-19 1.016E-18 1.071E-18 1.074E-18 9.953E-19 8.676E-19
 7.734E-19 7.796E-19 8.741E-19 9.869E-19 1.051E-18 1.039E-18 9.873E-19 9.448E-19 9.206E-19 8.963E-19
 8.447E-19 7.901E-19
