    ClONO2 1240.0050 1339.9280      1400    213.00     0.000 3.695E-18 0.15         ClONO2         5
 1.989E-20 5.759E-21 0.000E+00 7.296E-21 0.000E+00 3.883E-21 1.765E-20 1.536E-20 0.000E+00 1.077E-20
 4.355E-21 2.503E-21 1.629E-20 0.000E+00 3.035E-21 4.660E-22 0.000E+00 4.784E-21 1.538E-20 0.000E+00
 2.929E-20 2.277E-20 0.000E+00 1.601E-20 3.081E-20 1.543E-20 5.867E-20 3.768E-20 0.000E+00 0.000E+00
 6.330E-21 2.687E-21 6.954E-21 4.663E-21 0.000E+00 1.279E-20 1.709E-20 1.562E-20 0.000E+00 2.474E-20
 6.661E-21 9.577E-21 1.282E-20 2.961E-20 1.141E-20 2.065E-20 2.218E-20 1.182E-20 0.000E+00 1.004E-20
 0.000E+00 3.154E-21 8.092E-21 1.472E-20 9.437E-21 0.000E+00 2.187E-21 0.000E+00 0.000E+00 4.892E-21
 0.000E+00 4.916E-21 0.000E+00 2.364E-20 3.518E-21 3.423E-20 8.971E-21 1.713E-20 2.108E-22 1.840E-20
 1.331E-20 5.414E-21 2.220E-20 2.195E-20 0.000E+00 6.394E-21 1.678E-20 0.000E+00 0.000E+00 0.000E+00
 1.748E-21 1.041E-20 1.001E-20 2.348E-20 0.000E+00 9.776E-21 1.654E-20 0.000E+00 0.000E+00 2.638E-20
 1.263E-20 0.000E+00 1.325E-20 1.435E-20 8.024E-21 2.103E-21 0.000E+00 9.566E-22 1.366E-20 1.654E-20
 5.584E-21 6.445E-21 0.000E+00 1.224E-20 2.014E-20 1.066E-20 3.077E-20 6.764E-21 2.116E-21 2.032E-20
 0.000E+00 0.000E+00 5.285E-21 1.367E-20 0.000E+00 5.241E-22 9.347E-21 2.839E-20 0.000E+00 0.000E+00
 0.000E+00 0.000E+00 6.732E-21 9.239E-21 2.276E-20 0.000E+00 2.426E-20 0.000E+00 0.000E+00 1.257E-20
 1.213E-20 4.991E-22 4.027E-20 1.169E-20 0.000E+00 2.696E-20 8.012E-21 0.000E+00 0.000E+00 0.000E+00
 1.130E-20 0.000E+00 1.363E-20 6.011E-21 0.000E+00 3.381E-22 4.858E-21 0.000E+00 2.540E-21 0.000E+00
 0.000E+00 0.000E+00 9.419E-21 1.120E-22 0.000E+00 0.000E+00 0.000E+00 0.000E+00 0.000E+00 0.000E+00
 0.000E+00 0.000E+00 1.368E-21 0.000E+00 0.000E+00 0.000E+00 0.000E+00 0.000E+00 4.072E-21 0.000E+00
 4.447E-21 0.000E+00 0.000E+00 0.000E+00 2.222E-21 4.675E-21 0.000E+00 2.595E-22 0.000E+00 0.000E+00
 0.000E+00 0.000E+00 0.000E+00 1.001E-20 0.000E+00 0.000E+00 0.000E+00 4.389E-22 8.769E-21 2.087E-21
 0.000E+00 0.000E+00 0.000E+00 0.000E+00 0.000E+00 6.734E-21 9.695E-21 7.596E-21 0.000E+00 1.377E-20
 0.000E+00 0.000E+00 0.000E+00 7.969E-21 0.000E+00 0.000E+00 0.000E+00 7.462E-22 0.000E+00 9.962E-21
 1.078E-21 1.336E-20 1.562E-20 3.150E-20 1.090E-20 0.000E+00 1.108E-20 0.000E+00 0.000E+00 0.000E+00
 0.000E+00 9.651E-21 0.000E+00 4.922E-21 7.176E-21 0.000E+00 0.000E+00 0.000E+00 1.054E-20 0.000E+00
 0.000E+00 1.323E-20 6.394E-21 0.000E+00 0.000E+00 0.000E+00 2.649E-21 0.000E+00 0.000E+00 3.872E-21
 0.000E+00 0.000E+00 4.533E-21 0.000E+00 0.000E+00 0.000E+00 1.785E-20 0.000E+00 2.674E-21 8.643E-22
 0.000E+00 5.887E-21 9.914E-21 6.695E-22 0.000E+00 1.226E-20 2.992E-22 0.000E+00 0.000E+00 1.424E-20
 0.000E+00 1.037E-21 2.413E-21 7.584E-21 6.344E-21 0.000E+00 4.408E-21 1.067E-20 0.000E+00 0.000E+00
 1.378E-20 0.000E+00 0.000E+00 0.000E+00 7.934E-21 9.414E-21 1.936E-20 1.317E-20 7.346E-21 2.319E-20
 8.798E-21 0.000E+00 1.966E-21 1.787E-20 0.000E+00 9.475E-21 0.000E+00 0.000E+00 1.437E-20 8.181E-21
 0.000E+00 1.742E-20 0.000E+00 1.102E-20 0.000E+00 7.158E-21 2.028E-20 0.000E+00 5.629E-21 3.050E-21
 9.600E-21 0.000E+00 1.429E-20 1.238E-21 0.000E+00 6.303E-21 1.508E-20 2.471E-20 0.000E+00 1.998E-20
 6.709E-21 6.302E-21 2.558E-20 0.000E+00 1.057E-20 2.416E-20 1.526E-20 5.026E-21 1.331E-20 4.234E-20
 4.714E-21 0.000E+00 2.681E-21 2.205E-20 0.000E+00 2.704E-20 2.962E-20 1.539E-20 1.158E-20 1.432E-20
 2.172E-20 2.760E-21 8.022E-21 2.648E-20 3.491E-21 1.972E-20 1.317E-20 3.832E-21 1.917E-20 1.319E-20
 3.254E-20 3.411E-20 5.377E-21 1.015E-20 1.183E-20 5.494E-21 1.359E-20 1.749E-20 2.469E-20 3.262E-20
 1.075E-20 1.694E-20 3.978E-21 5.301E-21 1.736E-20 2.402E-20 1.130E-23 0.000E+00 3.308E-20 1.645E-20
 3.044E-21 2.399E-20 1.788E-20 2.166E-20 2.271E-20 2.768E-20 0.000E+00 1.052E-20 2.124E-21 6.193E-21
 1.881E-20 2.136E-20 2.232E-20 2.619E-20 1.893E-20 1.375E-20 3.492E-20 3.166E-20 1.437E-20 3.868E-20
 5.013E-20 1.940E-20 2.625E-20 1.676E-20 3.473E-20 1.071E-20 1.515E-20 3.181E-20 2.071E-20 2.840E-20
 3.935E-20 3.435E-20 4.029E-20 2.937E-20 1.707E-20 4.623E-20 1.980E-20 4.042E-20 1.844E-20 4.094E-20
 2.099E-20 2.614E-20 2.162E-20 1.669E-20 2.098E-20 2.739E-20 3.414E-20 2.905E-20 2.580E-20 5.179E-20
 1.289E-20 2.434E-20 3.565E-20 1.937E-20 3.933E-20 4.292E-20 3.864E-20 3.460E-20 2.713E-20 3.661E-20
 2.554E-20 4.152E-20 3.699E-20 3.427E-20 2.416E-20 2.625E-20 5.702E-20 3.394E-20 3.220E-20 6.442E-20
 4.393E-20 2.552E-20 2.440E-20 5.421E-20 3.424E-20 4.761E-20 4.785E-20 4.896E-20 4.889E-20 4.350E-20
 6.060E-20 4.381E-20 4.048E-20 4.906E-20 5.887E-20 3.248E-20 4.191E-20 5.572E-20 4.255E-20 4.937E-20
 6.942E-20 4.099E-20 3.876E-20 6.868E-20 4.679E-20 4.977E-20 7.803E-20 6.717E-20 6.115E-20 6.742E-20
 5.368E-20 5.419E-20 7.070E-20 9.175E-20 3.043E-20 8.292E-20 3.626E-20 7.758E-20 7.052E-20 6.891E-20
 8.255E-20 7.324E-20 8.610E-20 7.713E-20 7.460E-20 6.561E-20 6.944E-20 9.215E-20 6.161E-20 1.085E-19
 1.005E-19 7.622E-20 1.088E-19 8.714E-20 1.107E-19 9.995E-20 1.182E-19 1.199E-19 9.120E-20 1.170E-19
 1.056E-19 1.415E-19 1.187E-19 1.421E-19 1.333E-19 1.251E-19 1.367E-19 1.014E-19 1.043E-19 1.397E-19
 1.172E-19 1.338E-19 1.030E-19 1.375E-19 1.332E-19 1.652E-19 1.373E-19 1.257E-19 1.526E-19 1.484E-19
 1.697E-19 1.651E-19 1.508E-19 1.675E-19 1.330E-19 1.871E-19 1.564E-19 1.587E-19 1.774E-19 2.051E-19
 2.022E-19 1.791E-19 2.122E-19 1.923E-19 2.013E-19 1.943E-19 2.081E-19 2.181E-19 2.130E-19 2.388E-19
 2.411E-19 2.346E-19 2.320E-19 2.610E-19 2.204E-19 2.498E-19 2.534E-19 2.595E-19 2.944E-19 2.801E-19
 2.684E-19 2.955E-19 2.902E-19 2.985E-19 2.973E-19 3.126E-19 3.086E-19 3.609E-19 3.360E-19 3.548E-19
 3.826E-19 3.740E-19 3.457E-19 3.834E-19 3.807E-19 3.791E-19 4.095E-19 4.190E-19 3.895E-19 4.480E-19
 4.435E-19 4.582E-19 4.584E-19 4.821E-19 4.403E-19 4.918E-19 5.524E-19 4.683E-19 5.182E-19 5.899E-19
 5.302E-19 5.586E-19 5.886E-19 5.804E-19 5.392E-19 6.287E-19 5.867E-19 6.165E-19 6.454E-19 6.572E-19
 6.609E-19 6.276E-19 7.453E-19 6.478E-19 6.996E-19 7.577E-19 6.813E-19 8.427E-19 7.327E-19 7.844E-19
 8.344E-19 7.559E-19 9.050E-19 8.081E-19 8.446E-19 9.036E-19 8.883E-19 9.155E-19 9.261E-19 9.614E-19
 9.211E-19 9.386E-19 1.008E-18 9.397E-19 1.002E-18 1.135E-18 8.973E-19 1.199E-18 1.019E-18 9.884E-19
 1.268E-18 9.730E-19 1.157E-18 1.242E-18 1.021E-18 1.252E-18 1.260E-18 1.054E-18 1.388E-18 1.196E-18
 1.171E-18 1.403E-18 1.109E-18 1.423E-18 1.276E-18 1.351E-18 1.273E-18 1.408E-18 1.264E-18 1.458E-18
 1.374E-18 1.262E-18 1.598E-18 1.162E-18 1.777E-18 1.179E-18 1.481E-18 1.603E-18 1.138E-18 1.876E-18
 1.119E-18 1.665E-18 1.411E-18 1.552E-18 1.514E-18 1.505E-18 1.585E-18 1.377E-18 1.787E-18 1.228E-18
 1.838E-18 1.311E-18 1.571E-18 1.752E-18 1.277E-18 1.849E-18 1.339E-18 1.646E-18 1.562E-18 1.460E-18
 1.650E-18 1.499E-18 1.585E-18 1.624E-18 1.499E-18 1.517E-18 1.600E-18 1.436E-18 1.576E-18 1.447E-18
 1.425E-18 1.647E-18 1.366E-18 1.557E-18 1.335E-18 1.489E-18 1.437E-18 1.313E-18 1.491E-18 1.251E-18
 1.545E-18 1.262E-18 1.455E-18 1.327E-18 1.296E-18 1.372E-18 1.234E-18 1.269E-18 1.253E-18 1.244E-18
 1.174E-18 1.273E-18 1.081E-18 1.217E-18 1.007E-18 1.207E-18 1.053E-18 1.090E-18 1.073E-18 1.052E-18
 1.056E-18 9.654E-19 1.038E-18 9.310E-19 1.020E-18 9.344E-19 9.425E-19 9.035E-19 9.269E-19 8.719E-19
 8.720E-19 8.632E-19 8.384E-19 8.684E-19 8.282E-19 8.395E-19 9.023E-19 9.165E-19 9.134E-19 9.572E-19
 9.305E-19 1.148E-18 1.104E-18 1.230E-18 1.341E-18 1.446E-18 1.634E-18 1.841E-18 1.994E-18 2.175E-18
 2.347E-18 2.662E-18 2.726E-18 3.192E-18 3.278E-18 3.517E-18 3.695E-18 3.658E-18 3.646E-18 2.970E-18
 1.918E-18 1.420E-18 1.297E-18 1.279E-18 1.046E-18 6.691E-19 6.205E-19 6.192E-19 4.204E-19 4.523E-19
 3.286E-19 3.984E-19 3.501E-19 4.013E-19 3.470E-19 4.210E-19 4.258E-19 4.402E-19 4.666E-19 4.790E-19
 5.009E-19 5.675E-19 5.727E-19 6.207E-19 5.394E-19 6.916E-19 6.006E-19 7.225E-19 6.449E-19 7.365E-19
 7.844E-19 7.955E-19 8.656E-19 8.275E-19 9.245E-19 8.613E-19 1.025E-18 9.718E-19 1.056E-18 1.109E-18
 1.082E-18 1.127E-18 1.126E-18 1.241E-18 1.198E-18 1.310E-18 1.297E-18 1.305E-18 1.414E-18 1.292E-18
 1.444E-18 1.398E-18 1.585E-18 1.498E-18 1.641E-18 1.574E-18 1.598E-18 1.674E-18 1.617E-18 1.629E-18
 1.641E-18 1.608E-18 1.703E-18 1.613E-18 1.758E-18 1.634E-18 1.769E-18 1.636E-18 1.744E-18 1.716E-18
 1.735E-18 1.778E-18 1.704E-18 1.812E-18 1.737E-18 1.735E-18 1.748E-18 1.714E-18 1.780E-18 1.662E-18
 1.842E-18 1.659E-18 1.835E-18 1.712E-18 1.758E-18 1.726E-18 1.673E-18 1.722E-18 1.734E-18 1.731E-18
 1.759E-18 1.612E-18 1.758E-18 1.528E-18 1.778E-18 1.586E-18 1.729E-18 1.560E-18 1.703E-18 1.592E-18
 1.624E-18 1.594E-18 1.494E-18 1.537E-18 1.518E-18 1.459E-18 1.547E-18 1.475E-18 1.532E-18 1.384E-18
 1.462E-18 1.352E-18 1.449E-18 1.327E-18 1.403E-18 1.288E-18 1.406E-18 1.258E-18 1.345E-18 1.212E-18
 1.262E-18 1.200E-18 1.221E-18 1.194E-18 1.148E-18 1.209E-18 1.083E-18 1.106E-18 1.117E-18 1.071E-18
 1.103E-18 1.058E-18 1.054E-18 9.955E-19 9.986E-19 9.655E-19 9.429E-19 9.184E-19 9.156E-19 9.166E-19
 9.012E-19 8.736E-19 8.444E-19 8.260E-19 7.935E-19 8.039E-19 7.690E-19 7.402E-19 7.712E-19 7.297E-19
 7.184E-19 6.935E-19 6.875E-19 6.555E-19 6.644E-19 6.244E-19 6.522E-19 5.916E-19 5.812E-19 5.682E-19
 5.788E-19 5.370E-19 5.549E-19 5.280E-19 5.396E-19 4.886E-19 4.912E-19 4.806E-19 4.838E-19 4.560E-19
 4.382E-19 4.554E-19 4.085E-19 4.375E-19 3.983E-19 4.268E-19 3.980E-19 3.713E-19 3.752E-19 3.610E-19
 3.777E-19 3.470E-19 3.457E-19 3.254E-19 3.269E-19 2.825E-19 3.108E-19 2.854E-19 3.068E-19 2.750E-19
 2.816E-19 2.756E-19 2.545E-19 2.623E-19 2.221E-19 2.731E-19 2.053E-19 2.293E-19 2.082E-19 2.353E-19
 1.997E-19 2.098E-19 1.953E-19 1.785E-19 1.831E-19 1.735E-19 1.962E-19 1.544E-19 1.737E-19 1.349E-19
 1.533E-19 1.130E-19 1.756E-19 1.223E-19 1.340E-19 1.283E-19 1.580E-19 9.398E-20 1.316E-19 1.093E-19
 1.212E-19 9.921E-20 1.121E-19 1.253E-19 9.400E-20 9.396E-20 1.014E-19 9.636E-20 1.027E-19 9.804E-20
 7.511E-20 1.169E-19 6.239E-20 8.233E-20 7.291E-20 9.038E-20 8.085E-20 7.756E-20 6.542E-20 7.903E-20
 7.543E-20 6.622E-20 7.328E-20 5.959E-20 7.682E-20 4.345E-20 5.917E-20 4.569E-20 6.427E-20 5.953E-20
 2.329E-20 4.488E-20 5.424E-20 4.864E-20 3.261E-20 5.479E-20 5.465E-20 2.885E-20 6.111E-20 8.086E-20
 5.167E-20 3.542E-20 5.833E-20 5.428E-20 6.759E-21 5.739E-20 3.129E-20 4.563E-20 4.091E-20 4.948E-20
 1.634E-20 1.611E-20 4.368E-20 4.422E-20 3.308E-20 2.486E-20 4.230E-20 2.420E-20 4.282E-20 3.589E-20
 3.025E-20 1.790E-20 5.753E-20 3.151E-20 3.056E-20 3.379E-20 4.919E-20 3.924E-20 3.281E-20 1.761E-20
 2.605E-20 3.911E-20 2.242E-20 3.365E-20 2.964E-20 2.905E-20 2.602E-20 3.012E-20 1.135E-20 1.617E-20
 1.727E-20 3.524E-20 2.098E-20 3.211E-20 1.677E-20 3.238E-20 2.241E-20 2.433E-20 2.975E-20 3.031E-20
 3.389E-20 2.286E-20 1.220E-20 2.247E-20 1.112E-20 3.240E-20 3.520E-20 1.215E-20 2.395E-20 3.660E-20
 1.710E-20 1.080E-20 1.670E-20 1.994E-20 3.327E-20 2.406E-20 2.914E-20 2.600E-20 1.480E-20 2.993E-20
 3.525E-20 2.622E-20 3.140E-20 2.688E-20 1.265E-20 1.331E-20 1.976E-20 9.126E-21 1.667E-20 1.472E-20
 9.947E-21 1.809E-20 2.294E-20 1.802E-20 2.497E-20 2.722E-20 1.971E-20 1.866E-20 2.032E-20 4.277E-20
 9.694E-21 2.166E-20 2.891E-20 9.641E-21 2.147E-20 1.900E-20 1.834E-20 9.585E-21 1.960E-20 0.000E+00
 7.892E-21 0.000E+00 2.426E-20 0.000E+00 4.644E-21 1.866E-20 0.000E+00 2.277E-20 2.192E-20 1.169E-20
 0.000E+00 4.343E-21 1.796E-20 4.091E-21 5.562E-21 2.208E-20 3.705E-21 1.593E-20 0.000E+00 1.454E-20
 4.838E-21 0.000E+00 4.042E-21 2.008E-20 2.329E-21 1.220E-20 0.000E+00 0.000E+00 1.781E-20 1.431E-20
 0.000E+00 1.010E-20 8.325E-21 2.468E-22 1.573E-20 2.068E-20 1.614E-21 0.000E+00 1.950E-21 1.061E-20
 1.122E-20 1.753E-21 6.334E-21 0.000E+00 8.919E-21 3.155E-21 0.000E+00 4.949E-21 0.000E+00 7.292E-22
 0.000E+00 0.000E+00 3.990E-22 8.641E-21 7.401E-21 7.556E-21 2.053E-21 3.334E-21 6.622E-21 0.000E+00
 0.000E+00 0.000E+00 1.654E-20 3.512E-21 0.000E+00 2.212E-21 1.136E-20 1.038E-21 4.804E-22 0.000E+00
 0.000E+00 1.356E-21 0.000E+00 2.259E-20 1.258E-20 0.000E+00 0.000E+00 2.062E-20 1.286E-20 1.108E-20
 5.105E-21 1.035E-20 0.000E+00 1.918E-20 4.682E-21 8.643E-21 1.832E-20 8.551E-21 1.653E-20 1.642E-20
 1.520E-20 8.739E-21 9.433E-21 3.341E-22 8.581E-21 0.000E+00 4.882E-21 2.496E-20 1.585E-20 1.298E-20
 1.608E-20 2.262E-20 1.552E-20 1.986E-20 3.195E-20 2.247E-20 9.949E-21 1.356E-20 1.763E-20 9.572E-21
 7.618E-21 1.895E-20 1.492E-20 7.513E-21 0.000E+00 3.414E-21 1.894E-20 0.000E+00 2.807E-20 6.511E-21
 1.615E-20 1.358E-20 1.016E-20 1.910E-20 1.044E-20 1.837E-20 2.575E-20 7.108E-21 3.584E-20 1.467E-20
 9.045E-21 7.020E-21 2.563E-20 1.384E-20 2.070E-20 1.012E-20 3.331E-20 1.848E-20 1.215E-20 8.575E-21
 1.634E-20 0.000E+00 1.130E-20 2.074E-20 1.011E-20 2.013E-20 1.997E-20 1.021E-20 1.518E-20 3.467E-20
 1.106E-20 1.472E-20 1.453E-20 1.697E-20 2.309E-20 5.438E-21 8.433E-21 3.051E-20 8.428E-21 1.836E-20
 2.171E-20 2.737E-20 1.299E-20 8.618E-21 2.280E-20 6.864E-22 2.289E-20 1.353E-20 2.096E-20 2.469E-20
 1.204E-20 0.000E+00 2.283E-20 8.762E-21 1.034E-20 4.551E-21 1.701E-20 0.000E+00 1.017E-20 5.766E-21
 2.113E-20 1.700E-20 2.667E-20 1.283E-20 2.254E-20 3.351E-20 2.185E-20 1.602E-20 2.973E-20 2.374E-21
 3.522E-21 0.000E+00 5.613E-22 2.736E-20 1.696E-20 4.693E-21 1.171E-22 1.452E-20 9.527E-21 2.223E-20
 2.939E-20 1.077E-20 1.806E-20 1.068E-20 2.882E-20 2.624E-20 6.955E-21 9.162E-21 1.471E-20 4.805E-21
 1.622E-20 3.585E-20 2.138E-20 2.792E-20 1.748E-20 2.336E-20 1.593E-20 2.770E-20 2.185E-20 2.532E-20
 1.211E-20 3.750E-20 1.972E-20 1.391E-20 8.746E-21 1.023E-20 2.209E-20 3.158E-20 2.742E-20 2.702E-20
 2.590E-20 2.519E-20 3.999E-20 4.543E-20 1.781E-20 3.656E-20 3.571E-20 4.142E-20 2.999E-20 4.412E-20
 1.834E-20 1.857E-20 2.069E-20 2.276E-20 2.095E-20 1.633E-20 3.617E-20 6.373E-21 1.233E-20 3.553E-20
 7.893E-21 3.058E-20 9.095E-21 7.601E-21 1.406E-20 1.564E-20 1.846E-20 5.440E-21 1.811E-20 2.240E-20
 1.257E-20 1.700E-20 1.338E-20 1.255E-20 1.543E-20 1.185E-20 1.622E-20 2.865E-20 1.455E-20 2.652E-20
 9.367E-21 1.882E-20 2.273E-20 1.968E-20 1.632E-20 2.793E-20 2.518E-20 1.916E-20 2.599E-20 2.934E-20
 2.809E-20 1.340E-20 1.226E-20 3.226E-20 1.878E-20 3.618E-20 3.282E-20 2.711E-20 3.975E-20 3.247E-20
 3.826E-20 3.871E-20 5.126E-20 4.184E-20 3.329E-20 5.285E-20 3.112E-20 2.657E-20 1.544E-20 3.444E-20
