    ClONO2 1240.0050 1339.9280      1400    296.00     0.000 2.512E-18 0.15         ClONO2         5
 2.964E-20 2.628E-20 2.963E-20 2.207E-20 2.655E-20 2.914E-20 2.635E-20 2.590E-20 2.743E-20 2.699E-20
 2.517E-20 2.619E-20 2.819E-20 2.618E-20 2.904E-20 3.318E-20 3.007E-20 2.435E-20 2.833E-20 3.293E-20
 3.287E-20 3.563E-20 3.078E-20 3.301E-20 3.823E-20 4.283E-20 4.887E-20 4.888E-20 3.294E-20 3.038E-20
 2.780E-20 2.750E-20 2.624E-20 2.771E-20 3.389E-20 3.032E-20 2.370E-20 2.249E-20 2.325E-20 2.198E-20
 3.057E-20 2.968E-20 2.778E-20 2.675E-20 3.206E-20 2.935E-20 2.866E-20 3.150E-20 2.976E-20 2.874E-20
 2.607E-20 2.649E-20 3.098E-20 2.744E-20 2.973E-20 3.186E-20 2.363E-20 2.854E-20 2.640E-20 3.180E-20
 2.806E-20 3.065E-20 3.123E-20 2.831E-20 3.094E-20 3.256E-20 3.412E-20 2.940E-20 2.987E-20 2.777E-20
 2.737E-20 2.914E-20 2.691E-20 2.993E-20 3.234E-20 3.002E-20 3.414E-20 3.504E-20 2.992E-20 2.691E-20
 3.335E-20 2.758E-20 3.477E-20 2.971E-20 3.167E-20 3.593E-20 3.357E-20 3.572E-20 2.980E-20 3.551E-20
 2.979E-20 3.393E-20 3.106E-20 3.680E-20 3.368E-20 2.664E-20 3.009E-20 2.619E-20 2.839E-20 2.965E-20
 3.206E-20 2.966E-20 2.870E-20 2.549E-20 2.709E-20 2.962E-20 2.539E-20 2.973E-20 3.085E-20 2.367E-20
 2.649E-20 2.862E-20 2.936E-20 2.242E-20 2.345E-20 2.626E-20 2.654E-20 2.870E-20 3.002E-20 2.797E-20
 2.412E-20 2.497E-20 2.398E-20 2.309E-20 2.163E-20 2.436E-20 2.661E-20 2.970E-20 2.563E-20 2.482E-20
 2.489E-20 2.575E-20 2.299E-20 2.469E-20 2.590E-20 2.233E-20 2.418E-20 2.059E-20 2.146E-20 2.180E-20
 2.552E-20 2.369E-20 2.471E-20 2.364E-20 2.294E-20 2.424E-20 2.819E-20 2.717E-20 1.976E-20 2.237E-20
 1.914E-20 1.994E-20 2.403E-20 2.320E-20 2.052E-20 2.012E-20 2.449E-20 2.672E-20 2.226E-20 2.205E-20
 2.260E-20 2.280E-20 2.448E-20 1.968E-20 2.180E-20 2.162E-20 1.992E-20 2.707E-20 2.319E-20 1.786E-20
 2.387E-20 2.241E-20 2.167E-20 2.187E-20 2.685E-20 2.401E-20 2.083E-20 2.811E-20 2.655E-20 2.094E-20
 1.992E-20 2.347E-20 2.055E-20 2.257E-20 2.243E-20 2.224E-20 2.544E-20 2.455E-20 2.408E-20 2.765E-20
 2.342E-20 2.774E-20 2.684E-20 1.968E-20 2.697E-20 2.667E-20 2.855E-20 2.537E-20 2.602E-20 2.589E-20
 2.414E-20 2.632E-20 2.473E-20 2.986E-20 2.937E-20 2.356E-20 2.553E-20 2.520E-20 2.237E-20 2.903E-20
 3.110E-20 2.298E-20 2.556E-20 2.899E-20 2.845E-20 2.939E-20 3.088E-20 2.956E-20 2.365E-20 2.963E-20
 3.163E-20 2.580E-20 2.187E-20 2.403E-20 2.778E-20 2.612E-20 3.007E-20 3.345E-20 3.040E-20 2.787E-20
 2.727E-20 3.153E-20 2.932E-20 2.700E-20 3.256E-20 2.590E-20 2.230E-20 2.367E-20 2.471E-20 2.974E-20
 2.139E-20 3.208E-20 2.540E-20 2.246E-20 3.511E-20 3.353E-20 3.819E-20 2.577E-20 3.046E-20 3.116E-20
 3.220E-20 3.451E-20 3.275E-20 3.134E-20 3.319E-20 2.923E-20 2.925E-20 3.654E-20 3.050E-20 3.051E-20
 3.080E-20 3.618E-20 3.980E-20 3.229E-20 3.311E-20 3.352E-20 2.981E-20 3.406E-20 3.353E-20 3.755E-20
 2.899E-20 4.324E-20 3.749E-20 2.804E-20 3.435E-20 3.574E-20 3.485E-20 2.495E-20 3.097E-20 3.033E-20
 3.349E-20 3.087E-20 3.155E-20 3.481E-20 3.621E-20 3.002E-20 3.505E-20 3.647E-20 3.196E-20 3.532E-20
 3.469E-20 3.517E-20 3.469E-20 3.883E-20 3.809E-20 3.192E-20 3.289E-20 3.503E-20 3.801E-20 3.667E-20
 2.998E-20 4.475E-20 3.548E-20 3.440E-20 3.746E-20 3.100E-20 4.107E-20 3.992E-20 3.730E-20 3.895E-20
 3.583E-20 3.736E-20 3.692E-20 3.949E-20 3.748E-20 3.553E-20 3.957E-20 3.788E-20 4.462E-20 4.242E-20
 4.165E-20 3.886E-20 3.565E-20 4.127E-20 3.906E-20 3.778E-20 4.796E-20 3.847E-20 4.372E-20 4.682E-20
 4.585E-20 4.817E-20 4.142E-20 5.240E-20 4.703E-20 4.432E-20 4.481E-20 4.546E-20 4.810E-20 4.730E-20
 4.928E-20 4.979E-20 4.678E-20 4.714E-20 4.819E-20 4.936E-20 5.100E-20 4.883E-20 5.136E-20 5.457E-20
 5.136E-20 5.159E-20 5.527E-20 5.431E-20 5.095E-20 5.210E-20 5.624E-20 5.478E-20 5.792E-20 5.774E-20
 6.106E-20 6.203E-20 6.226E-20 6.217E-20 6.522E-20 6.501E-20 5.607E-20 6.279E-20 6.266E-20 6.346E-20
 7.273E-20 6.845E-20 7.169E-20 7.273E-20 6.937E-20 7.150E-20 7.302E-20 7.563E-20 7.626E-20 8.088E-20
 7.647E-20 8.121E-20 8.114E-20 7.344E-20 8.174E-20 8.530E-20 7.901E-20 8.323E-20 8.523E-20 8.228E-20
 7.861E-20 7.913E-20 8.249E-20 7.646E-20 7.663E-20 7.568E-20 7.149E-20 7.744E-20 7.927E-20 8.017E-20
 7.995E-20 7.700E-20 8.188E-20 7.709E-20 8.517E-20 7.993E-20 8.425E-20 8.733E-20 8.051E-20 9.133E-20
 8.601E-20 9.255E-20 9.387E-20 8.766E-20 9.508E-20 9.355E-20 9.658E-20 9.990E-20 9.633E-20 1.022E-19
 9.740E-20 1.064E-19 1.025E-19 1.018E-19 1.104E-19 1.012E-19 1.106E-19 1.072E-19 1.122E-19 1.203E-19
 1.133E-19 1.239E-19 1.174E-19 1.240E-19 1.281E-19 1.223E-19 1.347E-19 1.229E-19 1.336E-19 1.317E-19
 1.290E-19 1.420E-19 1.406E-19 1.421E-19 1.388E-19 1.503E-19 1.482E-19 1.449E-19 1.587E-19 1.546E-19
 1.611E-19 1.647E-19 1.631E-19 1.700E-19 1.601E-19 1.681E-19 1.699E-19 1.755E-19 1.821E-19 1.782E-19
 1.977E-19 1.847E-19 1.935E-19 2.020E-19 1.805E-19 2.107E-19 1.960E-19 1.970E-19 2.183E-19 2.103E-19
 2.215E-19 2.138E-19 2.273E-19 2.259E-19 2.309E-19 2.375E-19 2.322E-19 2.444E-19 2.405E-19 2.492E-19
 2.596E-19 2.517E-19 2.671E-19 2.709E-19 2.605E-19 2.725E-19 2.833E-19 2.678E-19 2.755E-19 3.027E-19
 2.799E-19 3.063E-19 3.187E-19 2.991E-19 3.125E-19 3.183E-19 3.202E-19 3.195E-19 3.383E-19 3.354E-19
 3.381E-19 3.615E-19 3.512E-19 3.576E-19 3.662E-19 3.755E-19 3.662E-19 3.645E-19 3.995E-19 3.829E-19
 4.002E-19 4.064E-19 4.118E-19 4.325E-19 4.004E-19 4.285E-19 4.385E-19 4.344E-19 4.280E-19 4.501E-19
 4.888E-19 4.430E-19 4.818E-19 5.017E-19 4.643E-19 4.999E-19 4.992E-19 5.052E-19 5.177E-19 5.203E-19
 5.427E-19 5.375E-19 5.447E-19 5.595E-19 5.517E-19 5.763E-19 5.699E-19 5.768E-19 6.166E-19 5.797E-19
 6.189E-19 6.499E-19 6.051E-19 6.309E-19 6.547E-19 6.508E-19 6.338E-19 6.848E-19 6.911E-19 6.610E-19
 7.287E-19 7.206E-19 6.946E-19 7.341E-19 7.508E-19 7.233E-19 7.552E-19 7.735E-19 7.542E-19 8.022E-19
 8.056E-19 8.159E-19 8.221E-19 8.330E-19 8.283E-19 8.333E-19 8.968E-19 8.317E-19 8.656E-19 9.289E-19
 8.918E-19 8.842E-19 9.381E-19 9.309E-19 8.871E-19 9.865E-19 9.439E-19 9.538E-19 9.945E-19 9.721E-19
 1.012E-18 9.916E-19 1.045E-18 1.005E-18 1.037E-18 1.081E-18 1.022E-18 1.108E-18 1.067E-18 1.102E-18
 1.130E-18 1.090E-18 1.165E-18 1.104E-18 1.153E-18 1.171E-18 1.157E-18 1.200E-18 1.172E-18 1.218E-18
 1.208E-18 1.184E-18 1.248E-18 1.171E-18 1.216E-18 1.284E-18 1.155E-18 1.298E-18 1.267E-18 1.216E-18
 1.344E-18 1.238E-18 1.276E-18 1.344E-18 1.254E-18 1.326E-18 1.356E-18 1.246E-18 1.424E-18 1.306E-18
 1.292E-18 1.402E-18 1.231E-18 1.410E-18 1.336E-18 1.337E-18 1.333E-18 1.369E-18 1.364E-18 1.325E-18
 1.387E-18 1.283E-18 1.420E-18 1.281E-18 1.430E-18 1.311E-18 1.321E-18 1.469E-18 1.218E-18 1.465E-18
 1.283E-18 1.382E-18 1.363E-18 1.357E-18 1.355E-18 1.342E-18 1.354E-18 1.279E-18 1.482E-18 1.150E-18
 1.500E-18 1.223E-18 1.319E-18 1.444E-18 1.170E-18 1.453E-18 1.219E-18 1.326E-18 1.320E-18 1.258E-18
 1.313E-18 1.283E-18 1.273E-18 1.290E-18 1.256E-18 1.229E-18 1.272E-18 1.218E-18 1.258E-18 1.215E-18
 1.195E-18 1.230E-18 1.187E-18 1.197E-18 1.149E-18 1.156E-18 1.138E-18 1.131E-18 1.171E-18 1.082E-18
 1.180E-18 1.069E-18 1.112E-18 1.109E-18 1.034E-18 1.115E-18 1.042E-18 1.067E-18 1.051E-18 1.030E-18
 1.021E-18 1.016E-18 9.929E-19 9.835E-19 9.594E-19 9.831E-19 9.672E-19 9.754E-19 9.611E-19 9.570E-19
 9.565E-19 9.236E-19 9.670E-19 9.501E-19 9.894E-19 9.756E-19 9.690E-19 9.716E-19 9.714E-19 9.813E-19
 9.977E-19 1.001E-18 1.030E-18 1.037E-18 1.073E-18 1.111E-18 1.175E-18 1.237E-18 1.242E-18 1.300E-18
 1.338E-18 1.450E-18 1.513E-18 1.591E-18 1.681E-18 1.769E-18 1.939E-18 2.046E-18 2.115E-18 2.207E-18
 2.264E-18 2.366E-18 2.365E-18 2.512E-18 2.491E-18 2.429E-18 2.491E-18 2.317E-18 2.229E-18 1.885E-18
 1.429E-18 1.120E-18 1.006E-18 9.531E-19 8.365E-19 6.673E-19 6.087E-19 5.922E-19 5.136E-19 4.679E-19
 4.431E-19 4.398E-19 4.466E-19 4.531E-19 4.626E-19 4.636E-19 4.777E-19 4.954E-19 5.123E-19 5.182E-19
 5.541E-19 5.805E-19 5.827E-19 5.863E-19 5.857E-19 6.292E-19 6.375E-19 6.657E-19 6.712E-19 6.931E-19
 7.320E-19 7.378E-19 7.762E-19 7.808E-19 8.085E-19 8.267E-19 8.660E-19 8.819E-19 9.167E-19 9.440E-19
 9.514E-19 9.755E-19 9.829E-19 1.022E-18 1.041E-18 1.100E-18 1.087E-18 1.126E-18 1.143E-18 1.134E-18
 1.176E-18 1.195E-18 1.238E-18 1.256E-18 1.289E-18 1.298E-18 1.298E-18 1.344E-18 1.341E-18 1.336E-18
 1.354E-18 1.355E-18 1.393E-18 1.394E-18 1.415E-18 1.415E-18 1.445E-18 1.420E-18 1.445E-18 1.470E-18
 1.456E-18 1.510E-18 1.457E-18 1.522E-18 1.486E-18 1.510E-18 1.506E-18 1.503E-18 1.544E-18 1.502E-18
 1.539E-18 1.536E-18 1.567E-18 1.562E-18 1.540E-18 1.555E-18 1.526E-18 1.569E-18 1.564E-18 1.566E-18
 1.567E-18 1.559E-18 1.567E-18 1.511E-18 1.578E-18 1.537E-18 1.580E-18 1.539E-18 1.533E-18 1.547E-18
 1.501E-18 1.557E-18 1.476E-18 1.528E-18 1.474E-18 1.482E-18 1.505E-18 1.483E-18 1.488E-18 1.437E-18
 1.453E-18 1.437E-18 1.437E-18 1.434E-18 1.419E-18 1.416E-18 1.423E-18 1.395E-18 1.404E-18 1.373E-18
 1.371E-18 1.348E-18 1.341E-18 1.353E-18 1.301E-18 1.356E-18 1.252E-18 1.285E-18 1.287E-18 1.246E-18
 1.270E-18 1.232E-18 1.233E-18 1.193E-18 1.189E-18 1.169E-18 1.164E-18 1.133E-18 1.139E-18 1.136E-18
 1.115E-18 1.104E-18 1.073E-18 1.062E-18 1.037E-18 1.047E-18 1.031E-18 1.009E-18 1.005E-18 9.852E-19
 9.535E-19 9.429E-19 9.304E-19 9.135E-19 9.063E-19 8.976E-19 8.848E-19 8.761E-19 8.522E-19 8.385E-19
 8.298E-19 8.153E-19 8.109E-19 8.044E-19 7.839E-19 7.662E-19 7.707E-19 7.453E-19 7.379E-19 7.279E-19
 7.048E-19 7.105E-19 6.867E-19 6.848E-19 6.593E-19 6.522E-19 6.444E-19 6.196E-19 6.179E-19 6.100E-19
 6.151E-19 5.896E-19 5.809E-19 5.606E-19 5.678E-19 5.373E-19 5.440E-19 5.307E-19 5.208E-19 5.293E-19
 5.112E-19 5.106E-19 4.871E-19 4.856E-19 4.662E-19 4.661E-19 4.497E-19 4.476E-19 4.399E-19 4.374E-19
 4.143E-19 4.113E-19 3.925E-19 3.953E-19 3.872E-19 3.750E-19 3.712E-19 3.545E-19 3.614E-19 3.392E-19
 3.522E-19 3.234E-19 3.246E-19 3.147E-19 3.167E-19 3.016E-19 3.002E-19 2.885E-19 2.800E-19 2.841E-19
 2.757E-19 2.694E-19 2.620E-19 2.596E-19 2.534E-19 2.513E-19 2.378E-19 2.361E-19 2.242E-19 2.261E-19
 2.093E-19 2.290E-19 2.106E-19 2.196E-19 1.970E-19 1.949E-19 1.945E-19 1.894E-19 1.928E-19 1.898E-19
 1.904E-19 1.691E-19 1.824E-19 1.658E-19 1.756E-19 1.596E-19 1.703E-19 1.681E-19 1.585E-19 1.564E-19
 1.484E-19 1.520E-19 1.480E-19 1.469E-19 1.486E-19 1.410E-19 1.403E-19 1.384E-19 1.267E-19 1.409E-19
 1.375E-19 1.283E-19 1.228E-19 1.243E-19 1.175E-19 1.215E-19 1.207E-19 1.249E-19 1.167E-19 1.141E-19
 1.124E-19 1.112E-19 1.103E-19 1.190E-19 1.106E-19 1.034E-19 1.086E-19 9.913E-20 9.663E-20 1.037E-19
 1.095E-19 9.503E-20 9.869E-20 9.665E-20 9.206E-20 9.137E-20 1.093E-19 9.844E-20 9.551E-20 9.161E-20
 8.819E-20 8.535E-20 9.840E-20 9.949E-20 8.108E-20 8.652E-20 8.308E-20 8.183E-20 8.687E-20 9.529E-20
 8.155E-20 8.366E-20 8.184E-20 8.186E-20 8.131E-20 8.869E-20 8.607E-20 7.508E-20 7.767E-20 7.957E-20
 7.496E-20 8.176E-20 8.368E-20 7.284E-20 7.840E-20 6.910E-20 7.008E-20 7.054E-20 7.479E-20 7.438E-20
 7.453E-20 6.617E-20 6.620E-20 6.832E-20 7.719E-20 8.414E-20 6.766E-20 6.627E-20 6.644E-20 6.323E-20
 7.537E-20 7.742E-20 6.381E-20 6.374E-20 6.140E-20 5.873E-20 6.590E-20 7.403E-20 6.383E-20 6.034E-20
 6.447E-20 6.529E-20 6.049E-20 6.847E-20 6.907E-20 5.663E-20 6.486E-20 5.739E-20 5.676E-20 6.940E-20
 6.378E-20 5.832E-20 6.278E-20 6.027E-20 5.490E-20 6.401E-20 6.776E-20 6.114E-20 5.994E-20 5.770E-20
 5.661E-20 6.294E-20 7.069E-20 5.933E-20 5.400E-20 5.729E-20 5.234E-20 5.761E-20 6.000E-20 5.383E-20
 5.074E-20 4.795E-20 4.514E-20 4.773E-20 5.397E-20 5.228E-20 4.905E-20 4.854E-20 4.056E-20 4.374E-20
 5.090E-20 5.014E-20 4.566E-20 4.863E-20 4.642E-20 4.435E-20 5.168E-20 4.837E-20 4.629E-20 4.786E-20
 4.446E-20 4.324E-20 4.974E-20 4.630E-20 4.534E-20 4.389E-20 3.967E-20 4.163E-20 4.714E-20 4.651E-20
 4.047E-20 4.437E-20 3.773E-20 3.975E-20 4.431E-20 3.982E-20 4.051E-20 3.788E-20 3.958E-20 4.006E-20
 4.293E-20 4.430E-20 4.234E-20 4.180E-20 4.072E-20 4.285E-20 4.585E-20 4.261E-20 4.166E-20 4.001E-20
 3.867E-20 3.831E-20 4.364E-20 5.145E-20 3.845E-20 4.097E-20 4.044E-20 4.154E-20 4.449E-20 3.882E-20
 3.998E-20 3.940E-20 4.157E-20 4.086E-20 3.900E-20 3.696E-20 3.807E-20 3.529E-20 3.280E-20 3.843E-20
 3.827E-20 3.557E-20 3.717E-20 3.599E-20 3.984E-20 4.086E-20 3.667E-20 3.900E-20 3.897E-20 3.949E-20
 4.471E-20 4.289E-20 4.398E-20 4.013E-20 3.490E-20 4.042E-20 5.036E-20 4.769E-20 4.274E-20 5.265E-20
 5.246E-20 5.031E-20 5.114E-20 5.280E-20 5.063E-20 4.879E-20 4.061E-20 3.373E-20 3.607E-20 3.496E-20
 3.492E-20 3.475E-20 2.878E-20 3.037E-20 2.997E-20 3.028E-20 3.396E-20 3.068E-20 3.327E-20 2.909E-20
 3.185E-20 2.891E-20 3.216E-20 3.695E-20 3.165E-20 3.152E-20 3.018E-20 2.792E-20 3.076E-20 3.178E-20
 2.976E-20 3.312E-20 3.461E-20 3.405E-20 3.343E-20 3.020E-20 2.951E-20 3.283E-20 3.471E-20 3.697E-20
 3.023E-20 3.013E-20 3.132E-20 2.763E-20 3.175E-20 3.251E-20 3.580E-20 3.406E-20 2.986E-20 3.355E-20
 3.324E-20 3.855E-20 3.298E-20 3.064E-20 3.439E-20 3.107E-20 3.231E-20 2.917E-20 3.023E-20 3.139E-20
 3.411E-20 3.500E-20 3.349E-20 3.109E-20 3.322E-20 2.918E-20 2.810E-20 3.484E-20 2.989E-20 3.278E-20
 3.607E-20 2.701E-20 3.160E-20 3.896E-20 3.140E-20 3.372E-20 3.233E-20 2.361E-20 3.157E-20 3.422E-20
 3.004E-20 3.489E-20 2.948E-20 2.529E-20 3.337E-20 3.134E-20 2.665E-20 2.938E-20 2.627E-20 3.070E-20
 3.634E-20 2.741E-20 2.665E-20 2.710E-20 2.385E-20 3.618E-20 3.052E-20 2.371E-20 2.605E-20 2.349E-20
 3.036E-20 3.345E-20 3.119E-20 2.243E-20 2.427E-20 3.243E-20 3.503E-20 3.221E-20 2.512E-20 2.238E-20
 2.655E-20 3.470E-20 3.563E-20 2.771E-20 2.872E-20 2.886E-20 3.056E-20 3.504E-20 3.083E-20 3.144E-20
 2.908E-20 2.987E-20 3.231E-20 3.231E-20 3.307E-20 2.887E-20 2.403E-20 3.345E-20 4.119E-20 3.537E-20
 3.268E-20 2.716E-20 2.704E-20 3.653E-20 3.858E-20 3.197E-20 2.893E-20 2.531E-20 2.886E-20 3.771E-20
 3.055E-20 2.933E-20 2.606E-20 2.994E-20 3.798E-20 2.807E-20 2.651E-20 2.103E-20 1.946E-20 2.940E-20
 2.970E-20 2.396E-20 2.092E-20 2.073E-20 2.944E-20 3.569E-20 2.703E-20 2.440E-20 2.411E-20 2.486E-20
 3.740E-20 3.091E-20 2.678E-20 2.477E-20 2.221E-20 3.833E-20 3.294E-20 2.593E-20 2.643E-20 2.477E-20
 3.533E-20 3.590E-20 2.929E-20 2.930E-20 2.626E-20 3.524E-20 4.065E-20 3.220E-20 2.493E-20 2.793E-20
 3.904E-20 4.157E-20 3.516E-20 3.139E-20 3.116E-20 3.441E-20 4.102E-20 3.748E-20 3.277E-20 2.979E-20
 4.171E-20 4.501E-20 3.578E-20 3.456E-20 3.502E-20 4.001E-20 3.184E-20 2.394E-20 2.678E-20 3.079E-20
