    ClONO2 1680.0530 1789.9760      1540    296.00     0.000 1.990E-18 0.15         ClONO2         5
 1.163E-20 9.971E-21 1.554E-20 1.688E-20 1.312E-20 1.223E-20 1.485E-20 1.723E-20 1.982E-20 1.718E-20
 1.665E-20 1.928E-20 1.563E-20 1.437E-20 1.727E-20 1.422E-20 8.214E-21 8.702E-21 1.816E-20 1.701E-20
 1.220E-20 1.454E-20 1.293E-20 8.834E-21 2.107E-20 1.183E-20 9.471E-21 2.240E-20 1.156E-20 1.428E-20
 1.464E-20 1.845E-20 2.232E-20 1.945E-20 1.975E-20 1.326E-20 1.178E-20 1.478E-20 1.981E-20 2.194E-20
 1.550E-20 1.536E-20 1.717E-20 1.568E-20 1.339E-20 1.737E-20 2.432E-20 1.517E-20 1.694E-20 1.258E-20
 1.688E-20 1.743E-20 1.939E-20 2.354E-20 1.618E-20 2.092E-20 1.262E-20 1.650E-20 1.508E-20 2.121E-20
 2.653E-20 1.891E-20 1.943E-20 1.714E-20 1.996E-20 1.887E-20 1.826E-20 2.652E-20 2.418E-20 1.810E-20
 1.873E-20 1.914E-20 1.756E-20 2.650E-20 3.193E-20 2.288E-20 2.123E-20 2.096E-20 2.206E-20 1.910E-20
 3.315E-20 2.668E-20 2.420E-20 2.262E-20 2.042E-20 2.114E-20 2.262E-20 3.508E-20 2.457E-20 2.736E-20
 2.276E-20 2.312E-20 2.558E-20 2.984E-20 3.119E-20 2.467E-20 2.943E-20 2.708E-20 2.619E-20 2.263E-20
 3.478E-20 3.764E-20 2.853E-20 3.335E-20 3.037E-20 3.428E-20 2.942E-20 4.304E-20 3.561E-20 2.744E-20
 3.713E-20 2.801E-20 3.299E-20 3.049E-20 4.157E-20 3.515E-20 3.254E-20 3.840E-20 3.341E-20 3.133E-20
 4.090E-20 4.739E-20 3.697E-20 3.361E-20 3.262E-20 3.764E-20 2.984E-20 4.634E-20 5.281E-20 3.674E-20
 3.253E-20 4.220E-20 3.982E-20 3.228E-20 5.841E-20 5.177E-20 3.951E-20 3.322E-20 3.719E-20 3.657E-20
 3.985E-20 6.277E-20 4.580E-20 4.187E-20 3.949E-20 4.062E-20 3.919E-20 5.153E-20 5.876E-20 4.773E-20
 4.786E-20 4.249E-20 4.073E-20 3.661E-20 5.836E-20 4.690E-20 4.552E-20 4.527E-20 4.150E-20 4.256E-20
 4.776E-20 6.589E-20 5.342E-20 5.413E-20 5.782E-20 5.085E-20 4.088E-20 5.894E-20 6.108E-20 5.020E-20
 5.028E-20 4.727E-20 5.175E-20 5.387E-20 6.530E-20 5.903E-20 5.433E-20 5.202E-20 5.676E-20 5.118E-20
 5.993E-20 7.017E-20 4.876E-20 5.496E-20 4.506E-20 5.571E-20 5.992E-20 6.963E-20 6.230E-20 6.063E-20
 5.767E-20 5.637E-20 6.472E-20 5.649E-20 7.900E-20 6.228E-20 5.966E-20 5.946E-20 5.507E-20 6.195E-20
 7.931E-20 6.975E-20 5.912E-20 6.407E-20 6.667E-20 6.381E-20 6.908E-20 8.694E-20 6.497E-20 7.199E-20
 7.224E-20 6.038E-20 6.303E-20 9.430E-20 6.823E-20 7.402E-20 7.360E-20 5.733E-20 6.627E-20 7.456E-20
 9.163E-20 6.311E-20 7.174E-20 7.283E-20 6.025E-20 7.104E-20 9.207E-20 7.936E-20 7.593E-20 7.195E-20
 6.849E-20 7.048E-20 7.901E-20 9.324E-20 7.776E-20 7.402E-20 8.568E-20 7.164E-20 7.358E-20 1.052E-19
 8.248E-20 8.233E-20 7.771E-20 8.250E-20 8.463E-20 9.660E-20 1.030E-19 9.090E-20 8.317E-20 9.342E-20
 8.605E-20 9.256E-20 1.192E-19 8.772E-20 9.137E-20 9.547E-20 9.012E-20 1.023E-19 1.099E-19 1.038E-19
 9.735E-20 9.132E-20 1.057E-19 9.075E-20 1.159E-19 1.202E-19 8.984E-20 1.149E-19 9.651E-20 9.902E-20
 1.202E-19 1.154E-19 1.123E-19 1.101E-19 1.013E-19 1.157E-19 1.097E-19 1.327E-19 1.313E-19 9.972E-20
 1.155E-19 1.088E-19 1.131E-19 1.394E-19 1.221E-19 1.173E-19 1.211E-19 1.162E-19 1.265E-19 1.259E-19
 1.469E-19 1.272E-19 1.152E-19 1.446E-19 1.181E-19 1.341E-19 1.632E-19 1.213E-19 1.427E-19 1.388E-19
 1.221E-19 1.550E-19 1.445E-19 1.431E-19 1.467E-19 1.355E-19 1.472E-19 1.452E-19 1.616E-19 1.631E-19
 1.396E-19 1.602E-19 1.485E-19 1.459E-19 1.672E-19 1.557E-19 1.603E-19 1.540E-19 1.480E-19 1.718E-19
 1.495E-19 1.734E-19 1.697E-19 1.521E-19 1.829E-19 1.570E-19 1.705E-19 1.902E-19 1.584E-19 1.773E-19
 1.728E-19 1.596E-19 1.858E-19 1.789E-19 1.900E-19 1.826E-19 1.755E-19 1.922E-19 1.815E-19 1.915E-19
 1.941E-19 1.807E-19 1.999E-19 1.771E-19 1.911E-19 2.075E-19 1.785E-19 2.162E-19 1.995E-19 1.946E-19
 2.137E-19 1.941E-19 2.100E-19 2.038E-19 2.010E-19 2.205E-19 2.031E-19 2.165E-19 2.197E-19 2.077E-19
 2.282E-19 2.186E-19 2.251E-19 2.298E-19 2.130E-19 2.349E-19 2.148E-19 2.286E-19 2.383E-19 2.125E-19
 2.522E-19 2.350E-19 2.348E-19 2.550E-19 2.199E-19 2.555E-19 2.443E-19 2.294E-19 2.677E-19 2.356E-19
 2.611E-19 2.564E-19 2.389E-19 2.775E-19 2.440E-19 2.604E-19 2.796E-19 2.569E-19 2.751E-19 2.550E-19
 2.838E-19 2.742E-19 2.616E-19 2.962E-19 2.591E-19 3.023E-19 2.839E-19 2.693E-19 3.152E-19 2.661E-19
 3.045E-19 3.039E-19 2.720E-19 3.275E-19 2.842E-19 3.166E-19 3.125E-19 2.877E-19 3.369E-19 2.874E-19
 3.172E-19 3.254E-19 2.978E-19 3.317E-19 3.061E-19 3.194E-19 3.387E-19 3.170E-19 3.577E-19 3.360E-19
 3.354E-19 3.482E-19 3.358E-19 3.714E-19 3.407E-19 3.660E-19 3.767E-19 3.390E-19 3.955E-19 3.659E-19
 3.685E-19 3.968E-19 3.558E-19 3.999E-19 3.802E-19 3.730E-19 4.073E-19 3.836E-19 4.071E-19 4.069E-19
 4.091E-19 4.088E-19 3.909E-19 4.304E-19 4.116E-19 4.177E-19 4.272E-19 4.112E-19 4.433E-19 4.183E-19
 4.408E-19 4.393E-19 4.227E-19 4.778E-19 4.191E-19 4.453E-19 4.821E-19 4.283E-19 4.769E-19 4.479E-19
 4.572E-19 4.897E-19 4.551E-19 4.998E-19 4.746E-19 4.601E-19 4.966E-19 4.611E-19 4.958E-19 4.929E-19
 4.888E-19 5.120E-19 4.972E-19 5.228E-19 5.152E-19 5.238E-19 5.090E-19 5.187E-19 5.356E-19 5.313E-19
 5.500E-19 5.283E-19 5.327E-19 5.592E-19 5.426E-19 5.638E-19 5.406E-19 5.455E-19 5.732E-19 5.427E-19
 5.928E-19 5.685E-19 5.709E-19 6.030E-19 5.776E-19 6.071E-19 5.997E-19 5.845E-19 6.023E-19 6.043E-19
 6.187E-19 6.186E-19 6.290E-19 6.342E-19 6.221E-19 6.493E-19 6.291E-19 6.445E-19 6.527E-19 6.121E-19
 6.680E-19 6.420E-19 6.658E-19 6.948E-19 6.576E-19 7.049E-19 6.650E-19 6.893E-19 6.982E-19 6.751E-19
 7.145E-19 6.755E-19 7.157E-19 7.327E-19 7.114E-19 7.468E-19 7.031E-19 7.400E-19 7.334E-19 7.363E-19
 7.711E-19 7.143E-19 7.877E-19 7.323E-19 7.719E-19 8.119E-19 7.219E-19 8.104E-19 7.204E-19 7.788E-19
 8.209E-19 7.533E-19 8.521E-19 7.719E-19 8.285E-19 8.364E-19 8.064E-19 8.682E-19 7.649E-19 8.381E-19
 8.248E-19 8.128E-19 9.067E-19 8.283E-19 8.886E-19 8.859E-19 8.802E-19 9.010E-19 8.193E-19 8.791E-19
 8.390E-19 9.091E-19 9.061E-19 8.741E-19 9.873E-19 8.645E-19 9.793E-19 9.576E-19 8.484E-19 9.739E-19
 8.687E-19 9.393E-19 9.600E-19 9.387E-19 1.030E-18 9.685E-19 1.027E-18 9.763E-19 9.904E-19 9.609E-19
 9.643E-19 1.014E-18 9.392E-19 1.073E-18 1.030E-18 1.033E-18 1.082E-18 9.812E-19 1.062E-18 1.012E-18
 9.962E-19 1.081E-18 1.052E-18 1.079E-18 1.110E-18 1.132E-18 1.086E-18 1.077E-18 1.101E-18 1.081E-18
 1.083E-18 1.084E-18 1.150E-18 1.148E-18 1.150E-18 1.178E-18 1.134E-18 1.133E-18 1.150E-18 1.152E-18
 1.144E-18 1.173E-18 1.171E-18 1.237E-18 1.234E-18 1.235E-18 1.230E-18 1.138E-18 1.212E-18 1.233E-18
 1.235E-18 1.257E-18 1.249E-18 1.307E-18 1.328E-18 1.305E-18 1.255E-18 1.211E-18 1.262E-18 1.249E-18
 1.324E-18 1.356E-18 1.323E-18 1.363E-18 1.353E-18 1.367E-18 1.296E-18 1.268E-18 1.310E-18 1.290E-18
 1.397E-18 1.398E-18 1.380E-18 1.487E-18 1.357E-18 1.470E-18 1.373E-18 1.358E-18 1.414E-18 1.357E-18
 1.515E-18 1.458E-18 1.593E-18 1.526E-18 1.485E-18 1.568E-18 1.390E-18 1.506E-18 1.445E-18 1.504E-18
 1.555E-18 1.579E-18 1.742E-18 1.605E-18 1.631E-18 1.509E-18 1.561E-18 1.507E-18 1.518E-18 1.551E-18
 1.507E-18 1.750E-18 1.631E-18 1.764E-18 1.518E-18 1.598E-18 1.644E-18 1.555E-18 1.640E-18 1.381E-18
 1.600E-18 1.637E-18 1.765E-18 1.712E-18 1.519E-18 1.668E-18 1.596E-18 1.689E-18 1.536E-18 1.547E-18
 1.624E-18 1.732E-18 1.876E-18 1.660E-18 1.624E-18 1.718E-18 1.721E-18 1.618E-18 1.540E-18 1.608E-18
 1.695E-18 1.762E-18 1.913E-18 1.616E-18 1.624E-18 1.831E-18 1.672E-18 1.626E-18 1.642E-18 1.664E-18
 1.709E-18 1.847E-18 1.751E-18 1.659E-18 1.781E-18 1.791E-18 1.675E-18 1.624E-18 1.595E-18 1.725E-18
 1.706E-18 1.866E-18 1.747E-18 1.602E-18 1.990E-18 1.460E-18 1.810E-18 1.519E-18 1.595E-18 1.760E-18
 1.533E-18 1.980E-18 1.482E-18 1.807E-18 1.576E-18 1.563E-18 1.613E-18 1.534E-18 1.612E-18 1.531E-18
 1.781E-18 1.570E-18 1.638E-18 1.530E-18 1.527E-18 1.501E-18 1.494E-18 1.520E-18 1.459E-18 1.632E-18
 1.481E-18 1.482E-18 1.476E-18 1.354E-18 1.428E-18 1.328E-18 1.392E-18 1.396E-18 1.381E-18 1.489E-18
 1.352E-18 1.334E-18 1.302E-18 1.301E-18 1.304E-18 1.318E-18 1.329E-18 1.299E-18 1.309E-18 1.317E-18
 1.281E-18 1.280E-18 1.309E-18 1.275E-18 1.297E-18 1.291E-18 1.254E-18 1.376E-18 1.291E-18 1.286E-18
 1.319E-18 1.272E-18 1.378E-18 1.309E-18 1.386E-18 1.390E-18 1.336E-18 1.402E-18 1.380E-18 1.419E-18
 1.468E-18 1.411E-18 1.407E-18 1.411E-18 1.452E-18 1.445E-18 1.432E-18 1.478E-18 1.424E-18 1.394E-18
 1.338E-18 1.269E-18 1.201E-18 1.164E-18 1.147E-18 1.066E-18 1.020E-18 1.006E-18 8.824E-19 8.026E-19
 7.919E-19 8.050E-19 8.428E-19 8.172E-19 8.281E-19 8.503E-19 8.490E-19 9.056E-19 8.743E-19 8.802E-19
 9.050E-19 8.931E-19 9.335E-19 9.242E-19 9.500E-19 9.963E-19 1.016E-18 1.029E-18 9.955E-19 1.052E-18
 1.120E-18 1.125E-18 1.120E-18 1.114E-18 1.184E-18 1.165E-18 1.198E-18 1.187E-18 1.267E-18 1.329E-18
 1.327E-18 1.280E-18 1.324E-18 1.377E-18 1.329E-18 1.445E-18 1.393E-18 1.486E-18 1.517E-18 1.422E-18
 1.443E-18 1.520E-18 1.511E-18 1.527E-18 1.579E-18 1.573E-18 1.632E-18 1.616E-18 1.562E-18 1.575E-18
 1.647E-18 1.672E-18 1.684E-18 1.650E-18 1.694E-18 1.736E-18 1.688E-18 1.694E-18 1.741E-18 1.710E-18
 1.708E-18 1.735E-18 1.781E-18 1.862E-18 1.786E-18 1.719E-18 1.737E-18 1.790E-18 1.856E-18 1.782E-18
 1.800E-18 1.795E-18 1.869E-18 1.754E-18 1.756E-18 1.779E-18 1.784E-18 1.838E-18 1.745E-18 1.861E-18
 1.800E-18 1.839E-18 1.713E-18 1.804E-18 1.808E-18 1.781E-18 1.792E-18 1.723E-18 1.830E-18 1.761E-18
 1.723E-18 1.695E-18 1.704E-18 1.734E-18 1.712E-18 1.721E-18 1.716E-18 1.726E-18 1.709E-18 1.647E-18
 1.673E-18 1.677E-18 1.683E-18 1.659E-18 1.641E-18 1.675E-18 1.631E-18 1.599E-18 1.596E-18 1.576E-18
 1.587E-18 1.553E-18 1.557E-18 1.549E-18 1.561E-18 1.504E-18 1.502E-18 1.504E-18 1.511E-18 1.486E-18
 1.458E-18 1.482E-18 1.471E-18 1.456E-18 1.388E-18 1.412E-18 1.387E-18 1.391E-18 1.367E-18 1.355E-18
 1.351E-18 1.366E-18 1.272E-18 1.330E-18 1.284E-18 1.264E-18 1.268E-18 1.263E-18 1.285E-18 1.246E-18
 1.220E-18 1.190E-18 1.210E-18 1.168E-18 1.184E-18 1.146E-18 1.173E-18 1.139E-18 1.138E-18 1.102E-18
 1.100E-18 1.064E-18 1.096E-18 1.041E-18 1.085E-18 1.039E-18 1.012E-18 9.963E-19 9.879E-19 1.014E-18
 9.570E-19 1.016E-18 9.351E-19 9.982E-19 8.912E-19 9.522E-19 8.924E-19 9.093E-19 8.818E-19 8.907E-19
 8.921E-19 8.667E-19 8.594E-19 8.124E-19 8.341E-19 8.086E-19 8.169E-19 7.931E-19 8.042E-19 7.788E-19
 7.916E-19 7.381E-19 7.880E-19 7.158E-19 7.688E-19 6.883E-19 7.652E-19 7.119E-19 7.017E-19 6.797E-19
 6.930E-19 7.021E-19 6.345E-19 6.974E-19 6.322E-19 6.910E-19 6.039E-19 6.427E-19 6.141E-19 6.239E-19
 6.090E-19 6.076E-19 5.997E-19 6.077E-19 5.839E-19 5.815E-19 5.726E-19 5.719E-19 5.700E-19 5.489E-19
 5.681E-19 5.394E-19 5.409E-19 5.128E-19 5.451E-19 4.999E-19 5.383E-19 4.857E-19 5.287E-19 4.843E-19
 4.962E-19 5.039E-19 4.827E-19 4.864E-19 4.805E-19 4.843E-19 4.703E-19 4.784E-19 4.579E-19 4.623E-19
 4.452E-19 4.628E-19 4.433E-19 4.557E-19 4.371E-19 4.354E-19 4.260E-19 4.429E-19 4.082E-19 4.393E-19
 4.016E-19 4.116E-19 4.185E-19 3.991E-19 4.158E-19 3.931E-19 4.017E-19 3.908E-19 3.929E-19 3.903E-19
 3.855E-19 3.688E-19 3.852E-19 3.660E-19 3.712E-19 3.741E-19 3.744E-19 3.597E-19 3.578E-19 3.564E-19
 3.597E-19 3.412E-19 3.634E-19 3.393E-19 3.483E-19 3.412E-19 3.315E-19 3.403E-19 3.175E-19 3.460E-19
 3.183E-19 3.315E-19 3.183E-19 3.244E-19 3.084E-19 3.205E-19 3.056E-19 3.116E-19 3.154E-19 3.073E-19
 3.037E-19 2.957E-19 3.059E-19 3.032E-19 3.046E-19 2.977E-19 2.916E-19 2.857E-19 2.887E-19 2.764E-19
 2.872E-19 2.690E-19 2.867E-19 2.796E-19 2.696E-19 2.723E-19 2.656E-19 2.721E-19 2.643E-19 2.613E-19
 2.683E-19 2.531E-19 2.566E-19 2.582E-19 2.521E-19 2.548E-19 2.459E-19 2.487E-19 2.498E-19 2.423E-19
 2.448E-19 2.353E-19 2.380E-19 2.380E-19 2.340E-19 2.395E-19 2.214E-19 2.364E-19 2.155E-19 2.283E-19
 2.270E-19 2.101E-19 2.194E-19 2.234E-19 2.143E-19 2.165E-19 2.066E-19 2.146E-19 2.121E-19 2.027E-19
 2.082E-19 1.944E-19 2.091E-19 1.951E-19 2.012E-19 1.970E-19 1.918E-19 1.945E-19 1.870E-19 1.799E-19
 1.855E-19 1.851E-19 1.866E-19 1.781E-19 1.856E-19 1.775E-19 1.743E-19 1.803E-19 1.693E-19 1.746E-19
 1.590E-19 1.704E-19 1.656E-19 1.617E-19 1.625E-19 1.610E-19 1.627E-19 1.616E-19 1.494E-19 1.508E-19
 1.491E-19 1.576E-19 1.577E-19 1.507E-19 1.525E-19 1.506E-19 1.476E-19 1.390E-19 1.424E-19 1.343E-19
 1.388E-19 1.438E-19 1.404E-19 1.395E-19 1.311E-19 1.305E-19 1.309E-19 1.273E-19 1.272E-19 1.224E-19
 1.295E-19 1.268E-19 1.218E-19 1.204E-19 1.240E-19 1.199E-19 1.163E-19 1.110E-19 1.125E-19 1.117E-19
 1.104E-19 1.102E-19 1.038E-19 1.076E-19 1.085E-19 1.032E-19 9.844E-20 1.061E-19 9.773E-20 1.014E-19
 9.799E-20 1.015E-19 1.001E-19 9.445E-20 9.567E-20 9.269E-20 9.415E-20 9.219E-20 9.036E-20 9.422E-20
 8.698E-20 8.377E-20 8.927E-20 8.346E-20 7.873E-20 7.992E-20 8.334E-20 8.253E-20 8.284E-20 8.050E-20
 8.004E-20 7.717E-20 7.627E-20 7.906E-20 7.178E-20 6.935E-20 7.133E-20 6.666E-20 7.754E-20 6.659E-20
 7.420E-20 6.914E-20 6.733E-20 6.801E-20 6.513E-20 6.723E-20 5.875E-20 6.652E-20 5.942E-20 6.007E-20
 6.230E-20 6.807E-20 6.113E-20 5.764E-20 5.893E-20 5.592E-20 5.428E-20 5.883E-20 5.485E-20 5.392E-20
 5.578E-20 5.183E-20 4.889E-20 5.142E-20 5.285E-20 5.265E-20 5.091E-20 5.054E-20 5.089E-20 4.003E-20
 4.803E-20 4.684E-20 4.636E-20 4.362E-20 4.379E-20 4.163E-20 4.296E-20 4.133E-20 3.885E-20 3.606E-20
 4.214E-20 4.366E-20 3.747E-20 4.129E-20 4.024E-20 3.764E-20 3.531E-20 3.641E-20 3.766E-20 3.747E-20
 3.265E-20 3.446E-20 3.002E-20 3.616E-20 3.366E-20 3.521E-20 3.392E-20 3.281E-20 3.193E-20 3.585E-20
 3.196E-20 2.715E-20 3.107E-20 3.090E-20 3.259E-20 2.930E-20 3.087E-20 2.840E-20 3.011E-20 2.991E-20
 2.651E-20 2.503E-20 2.470E-20 2.701E-20 2.916E-20 2.306E-20 2.452E-20 2.087E-20 2.802E-20 2.537E-20
 2.393E-20 2.143E-20 2.379E-20 2.754E-20 1.917E-20 2.502E-20 2.173E-20 2.523E-20 2.325E-20 2.032E-20
 2.330E-20 2.083E-20 1.970E-20 2.181E-20 1.745E-20 2.038E-20 1.734E-20 1.445E-20 1.660E-20 1.776E-20
 1.629E-20 1.842E-20 2.072E-20 1.586E-20 1.672E-20 1.071E-20 1.562E-20 1.987E-20 1.531E-20 1.359E-20
 1.697E-20 2.065E-20 1.718E-20 1.374E-20 1.865E-20 1.589E-20 1.198E-20 1.436E-20 1.669E-20 1.086E-20
 1.286E-20 1.667E-20 1.487E-20 1.543E-20 1.369E-20 1.392E-20 1.483E-20 1.350E-20 1.302E-20 1.229E-20
 8.543E-21 1.218E-20 1.167E-20 1.297E-20 1.157E-20 1.177E-20 1.357E-20 1.268E-20 1.126E-20 1.071E-20
 8.795E-21 7.756E-21 1.034E-20 1.066E-20 8.848E-21 9.756E-21 1.261E-20 1.112E-20 1.013E-20 9.013E-21
 9.854E-21 1.221E-20 9.118E-21 7.053E-21 8.313E-21 8.059E-21 1.035E-20 1.035E-20 6.468E-21 3.458E-21
 1.319E-20 1.125E-20 8.354E-21 1.286E-20 1.003E-20 9.900E-21 1.060E-20 9.014E-21 7.181E-21 8.541E-21
 9.004E-21 6.668E-21 5.913E-21 9.044E-21 9.296E-21 9.110E-21 6.861E-21 7.566E-21 1.135E-20 9.470E-21
 6.363E-21 7.370E-21 3.747E-21 4.157E-21 8.211E-21 8.541E-21 9.308E-21 7.836E-21 9.181E-21 9.235E-21
 9.492E-21 6.617E-21 6.201E-21 7.808E-21 3.031E-21 7.473E-21 8.678E-21 4.530E-21 6.261E-21 9.577E-21
 9.696E-21 6.083E-21 8.161E-21 7.003E-21 9.240E-21 1.010E-20 4.106E-21 3.698E-21 9.703E-21 7.190E-21
 4.642E-21 5.079E-21 8.062E-21 7.059E-21 8.404E-21 1.297E-20 7.135E-21 7.512E-21 6.334E-21 8.755E-21
 4.769E-21 7.451E-21 8.904E-21 3.521E-21 6.340E-21 8.582E-21 7.008E-21 6.236E-21 5.504E-21 4.145E-21
 6.367E-21 7.066E-21 7.865E-21 5.630E-21 5.847E-21 6.205E-21 6.248E-21 7.531E-21 5.009E-21 4.644E-21
 8.351E-21 1.155E-20 8.258E-21 4.247E-21 3.962E-21 4.848E-21 8.018E-21 1.353E-21 5.428E-21 7.643E-21
 8.762E-22 2.826E-21 2.827E-21 5.037E-21 3.981E-21 3.616E-21 2.672E-21 0.000E+00 3.990E-21 5.441E-21
 5.121E-21 4.645E-21 3.773E-21 8.078E-21 7.083E-21 7.285E-21 5.017E-21 9.494E-21 6.217E-21 4.686E-21
 7.898E-21 1.049E-21 1.299E-21 5.460E-22 2.634E-21 7.758E-21 5.423E-21 1.146E-21 4.135E-21 6.053E-21
 3.554E-21 6.166E-21 9.570E-21 4.304E-21 3.349E-21 6.383E-21 6.397E-21 7.685E-21 5.755E-21 5.684E-21
 6.278E-21 3.905E-21 4.017E-21 2.597E-21 3.091E-21 2.915E-22 4.737E-21 3.217E-21 2.583E-21 5.898E-21
