    ClONO2 1680.0530 1789.9760      1540    213.00     0.000 2.774E-18 0.15         ClONO2         5
 6.699E-21 0.000E+00 0.000E+00 9.656E-21 2.464E-21 0.000E+00 0.000E+00 0.000E+00 0.000E+00 1.281E-21
 1.257E-20 0.000E+00 1.215E-20 0.000E+00 0.000E+00 0.000E+00 1.746E-20 0.000E+00 1.689E-20 1.036E-20
 0.000E+00 1.290E-20 0.000E+00 5.919E-23 0.000E+00 5.078E-21 0.000E+00 9.535E-21 0.000E+00 2.880E-21
 1.794E-20 0.000E+00 0.000E+00 1.502E-20 2.328E-20 8.303E-21 2.483E-20 1.916E-21 0.000E+00 0.000E+00
 1.014E-20 0.000E+00 1.401E-21 0.000E+00 9.782E-22 0.000E+00 0.000E+00 1.769E-20 0.000E+00 0.000E+00
 0.000E+00 1.302E-20 5.290E-21 0.000E+00 1.124E-20 0.000E+00 0.000E+00 2.290E-20 0.000E+00 0.000E+00
 3.186E-21 0.000E+00 0.000E+00 3.336E-21 0.000E+00 0.000E+00 5.035E-21 6.859E-21 0.000E+00 6.090E-21
 0.000E+00 1.432E-20 3.881E-21 1.061E-20 1.514E-20 0.000E+00 0.000E+00 3.471E-20 1.602E-20 4.423E-21
 5.147E-21 0.000E+00 9.198E-21 7.667E-21 3.685E-21 2.332E-21 0.000E+00 0.000E+00 1.894E-20 8.866E-21
 0.000E+00 7.291E-21 0.000E+00 3.499E-21 0.000E+00 0.000E+00 0.000E+00 0.000E+00 0.000E+00 0.000E+00
 9.527E-21 5.105E-21 0.000E+00 1.245E-20 0.000E+00 5.240E-21 0.000E+00 3.862E-22 0.000E+00 1.174E-20
 2.566E-21 0.000E+00 5.065E-21 1.469E-21 4.406E-21 6.065E-21 3.594E-21 1.572E-21 1.318E-20 1.580E-20
 1.272E-20 1.156E-20 1.409E-20 6.007E-21 3.357E-21 9.567E-21 9.370E-21 1.652E-20 1.916E-21 1.500E-20
 0.000E+00 9.683E-21 1.300E-20 0.000E+00 0.000E+00 2.970E-20 0.000E+00 0.000E+00 2.676E-20 1.276E-20
 0.000E+00 3.046E-20 6.204E-21 0.000E+00 4.740E-21 1.655E-20 0.000E+00 8.479E-21 1.079E-20 5.762E-21
 2.960E-20 6.374E-21 1.442E-20 2.379E-20 4.363E-21 1.683E-20 6.749E-22 7.731E-22 6.834E-21 1.663E-20
 3.908E-20 3.091E-21 1.636E-20 2.324E-20 2.182E-20 2.868E-20 8.609E-21 3.419E-21 3.126E-21 1.289E-20
 1.970E-20 1.777E-20 6.694E-21 1.763E-20 1.112E-20 1.518E-20 0.000E+00 1.631E-20 1.154E-20 4.022E-21
 2.893E-20 0.000E+00 2.717E-20 8.364E-21 5.611E-21 1.688E-20 2.270E-21 1.974E-20 3.253E-20 1.366E-20
 1.117E-20 3.289E-20 1.085E-20 2.051E-20 5.978E-21 1.605E-20 3.697E-21 3.014E-20 6.961E-21 7.239E-21
 2.887E-20 3.979E-20 5.091E-21 8.441E-21 8.736E-21 1.420E-20 6.158E-21 3.412E-20 2.293E-21 2.584E-20
 1.162E-20 2.302E-20 0.000E+00 1.760E-20 2.226E-20 2.056E-20 1.011E-20 1.647E-20 1.796E-20 1.725E-20
 4.404E-21 1.923E-20 1.246E-20 1.498E-20 1.348E-20 1.335E-20 9.934E-21 3.137E-20 1.477E-20 2.041E-20
 0.000E+00 1.962E-20 2.558E-20 1.230E-20 2.269E-20 1.701E-20 3.464E-20 4.116E-21 2.974E-20 2.249E-20
 2.349E-20 2.452E-20 2.685E-20 2.811E-20 2.261E-20 1.464E-20 2.493E-20 3.997E-20 2.553E-20 2.842E-20
 1.868E-20 1.566E-20 3.571E-20 3.787E-20 1.402E-20 2.304E-20 1.891E-20 1.642E-20 4.668E-20 2.248E-20
 3.214E-20 3.102E-20 4.168E-20 4.713E-20 4.404E-20 3.502E-20 4.148E-20 4.557E-20 2.229E-20 4.413E-20
 5.011E-20 4.976E-20 4.406E-20 2.738E-20 3.171E-20 4.486E-20 4.528E-20 4.481E-20 3.890E-20 3.510E-20
 4.888E-20 5.408E-20 3.178E-20 6.838E-20 5.726E-20 3.646E-20 5.084E-20 5.565E-20 4.961E-20 5.629E-20
 7.300E-20 5.116E-20 3.607E-20 7.092E-20 4.170E-20 4.541E-20 8.653E-20 4.447E-20 6.499E-20 6.102E-20
 5.913E-20 7.146E-20 5.382E-20 5.812E-20 8.985E-20 5.324E-20 8.092E-20 5.904E-20 6.778E-20 5.582E-20
 6.509E-20 6.436E-20 7.160E-20 4.988E-20 8.656E-20 6.498E-20 5.657E-20 7.904E-20 4.379E-20 7.354E-20
 6.335E-20 7.203E-20 5.951E-20 8.236E-20 9.374E-20 7.103E-20 7.941E-20 8.376E-20 6.822E-20 9.067E-20
 7.712E-20 1.022E-19 8.312E-20 7.146E-20 7.435E-20 8.523E-20 8.137E-20 1.045E-19 7.920E-20 1.048E-19
 7.686E-20 7.288E-20 1.045E-19 7.788E-20 7.003E-20 9.994E-20 8.432E-20 1.126E-19 8.988E-20 1.027E-19
 1.189E-19 8.933E-20 1.352E-19 9.754E-20 8.674E-20 9.750E-20 9.442E-20 1.058E-19 1.009E-19 8.610E-20
 1.207E-19 8.976E-20 1.168E-19 1.143E-19 8.461E-20 1.216E-19 8.681E-20 1.309E-19 1.350E-19 1.041E-19
 1.206E-19 9.228E-20 1.241E-19 1.259E-19 9.751E-20 1.141E-19 1.078E-19 1.350E-19 1.332E-19 1.102E-19
 1.439E-19 1.227E-19 1.152E-19 1.589E-19 1.199E-19 1.263E-19 1.491E-19 1.347E-19 1.425E-19 1.268E-19
 1.768E-19 1.289E-19 1.345E-19 1.745E-19 1.285E-19 1.689E-19 1.611E-19 1.513E-19 1.912E-19 1.538E-19
 1.767E-19 1.484E-19 1.389E-19 1.906E-19 1.390E-19 1.832E-19 1.821E-19 1.568E-19 1.917E-19 1.636E-19
 1.958E-19 1.790E-19 1.575E-19 2.133E-19 1.709E-19 1.959E-19 2.051E-19 1.797E-19 2.132E-19 1.948E-19
 1.940E-19 2.247E-19 1.809E-19 2.258E-19 1.728E-19 2.172E-19 2.401E-19 1.770E-19 2.328E-19 2.310E-19
 2.441E-19 2.486E-19 2.065E-19 2.555E-19 2.030E-19 2.392E-19 2.811E-19 2.142E-19 2.610E-19 2.597E-19
 2.705E-19 2.662E-19 2.366E-19 2.765E-19 2.574E-19 2.662E-19 2.818E-19 2.246E-19 2.970E-19 2.329E-19
 2.842E-19 2.995E-19 2.774E-19 3.370E-19 2.614E-19 2.692E-19 3.435E-19 2.683E-19 3.600E-19 2.913E-19
 3.026E-19 3.471E-19 2.820E-19 3.491E-19 3.250E-19 3.126E-19 3.161E-19 3.029E-19 3.600E-19 3.233E-19
 3.308E-19 3.607E-19 3.416E-19 3.681E-19 3.626E-19 3.611E-19 3.571E-19 3.413E-19 3.947E-19 3.835E-19
 3.855E-19 3.624E-19 3.813E-19 4.129E-19 3.943E-19 3.926E-19 3.966E-19 3.918E-19 4.101E-19 4.053E-19
 4.511E-19 3.943E-19 4.215E-19 4.571E-19 3.815E-19 4.733E-19 4.139E-19 4.271E-19 4.604E-19 4.480E-19
 4.564E-19 4.627E-19 4.612E-19 4.964E-19 4.698E-19 5.257E-19 4.692E-19 4.779E-19 4.763E-19 4.220E-19
 5.148E-19 4.716E-19 5.091E-19 5.248E-19 4.881E-19 5.721E-19 5.111E-19 5.437E-19 5.659E-19 4.926E-19
 5.780E-19 5.089E-19 5.995E-19 5.932E-19 5.421E-19 6.462E-19 5.205E-19 5.880E-19 6.169E-19 5.487E-19
 6.455E-19 5.365E-19 6.453E-19 6.147E-19 6.095E-19 6.763E-19 5.684E-19 6.530E-19 5.858E-19 6.056E-19
 6.851E-19 6.065E-19 7.292E-19 6.170E-19 6.806E-19 6.566E-19 6.736E-19 7.245E-19 5.806E-19 7.191E-19
 6.350E-19 6.540E-19 8.256E-19 6.333E-19 7.791E-19 7.151E-19 7.047E-19 7.696E-19 6.654E-19 7.572E-19
 6.809E-19 7.259E-19 7.272E-19 7.126E-19 9.162E-19 6.425E-19 8.886E-19 7.668E-19 6.734E-19 8.684E-19
 6.264E-19 8.286E-19 7.331E-19 7.932E-19 9.356E-19 7.546E-19 9.439E-19 7.262E-19 8.758E-19 7.986E-19
 7.610E-19 8.926E-19 6.975E-19 9.672E-19 8.864E-19 8.698E-19 9.594E-19 7.590E-19 9.279E-19 8.362E-19
 8.002E-19 9.364E-19 8.500E-19 8.997E-19 9.570E-19 1.033E-18 9.145E-19 9.489E-19 8.763E-19 8.711E-19
 9.563E-19 8.649E-19 9.937E-19 9.491E-19 9.765E-19 1.102E-18 9.719E-19 9.810E-19 9.299E-19 9.165E-19
 9.743E-19 9.314E-19 9.983E-19 1.048E-18 1.085E-18 1.179E-18 1.041E-18 9.980E-19 9.895E-19 1.033E-18
 1.062E-18 1.058E-18 1.133E-18 1.137E-18 1.199E-18 1.172E-18 1.114E-18 1.067E-18 1.076E-18 1.034E-18
 1.144E-18 1.214E-18 1.157E-18 1.266E-18 1.242E-18 1.233E-18 1.168E-18 1.084E-18 1.141E-18 1.129E-18
 1.210E-18 1.270E-18 1.208E-18 1.410E-18 1.249E-18 1.394E-18 1.236E-18 1.220E-18 1.304E-18 1.194E-18
 1.458E-18 1.328E-18 1.592E-18 1.456E-18 1.509E-18 1.550E-18 1.222E-18 1.557E-18 1.245E-18 1.542E-18
 1.458E-18 1.614E-18 1.895E-18 1.630E-18 1.797E-18 1.419E-18 1.540E-18 1.411E-18 1.429E-18 1.567E-18
 1.418E-18 1.914E-18 1.676E-18 1.965E-18 1.547E-18 1.667E-18 1.674E-18 1.562E-18 1.718E-18 1.281E-18
 1.762E-18 1.617E-18 2.126E-18 1.767E-18 1.674E-18 1.867E-18 1.579E-18 1.931E-18 1.513E-18 1.696E-18
 1.805E-18 1.892E-18 2.412E-18 1.788E-18 1.885E-18 1.927E-18 1.903E-18 1.762E-18 1.724E-18 1.807E-18
 1.917E-18 2.163E-18 2.499E-18 1.848E-18 1.915E-18 2.149E-18 1.922E-18 1.851E-18 1.922E-18 1.920E-18
 2.042E-18 2.464E-18 2.196E-18 2.003E-18 2.217E-18 2.194E-18 1.992E-18 1.967E-18 1.862E-18 2.127E-18
 2.136E-18 2.416E-18 2.266E-18 1.878E-18 2.598E-18 1.615E-18 2.363E-18 1.695E-18 2.095E-18 2.123E-18
 1.968E-18 2.774E-18 1.680E-18 2.593E-18 1.722E-18 2.150E-18 1.784E-18 2.060E-18 1.910E-18 1.883E-18
 2.692E-18 1.894E-18 2.303E-18 1.764E-18 1.994E-18 1.783E-18 1.832E-18 1.968E-18 1.752E-18 2.327E-18
 1.895E-18 1.900E-18 1.857E-18 1.669E-18 1.800E-18 1.524E-18 1.764E-18 1.691E-18 1.812E-18 1.975E-18
 1.663E-18 1.604E-18 1.519E-18 1.515E-18 1.561E-18 1.540E-18 1.607E-18 1.450E-18 1.597E-18 1.478E-18
 1.444E-18 1.408E-18 1.480E-18 1.338E-18 1.412E-18 1.357E-18 1.303E-18 1.545E-18 1.308E-18 1.283E-18
 1.330E-18 1.215E-18 1.451E-18 1.227E-18 1.492E-18 1.395E-18 1.347E-18 1.431E-18 1.363E-18 1.504E-18
 1.574E-18 1.521E-18 1.539E-18 1.494E-18 1.655E-18 1.638E-18 1.690E-18 1.830E-18 1.676E-18 1.759E-18
 1.646E-18 1.598E-18 1.516E-18 1.457E-18 1.459E-18 1.303E-18 1.257E-18 1.168E-18 9.340E-19 6.742E-19
 6.914E-19 6.433E-19 7.487E-19 6.628E-19 7.406E-19 6.874E-19 7.891E-19 8.090E-19 7.633E-19 8.262E-19
 8.877E-19 8.077E-19 9.868E-19 8.396E-19 9.765E-19 9.810E-19 1.075E-18 1.039E-18 1.024E-18 1.132E-18
 1.278E-18 1.199E-18 1.282E-18 1.198E-18 1.351E-18 1.258E-18 1.395E-18 1.295E-18 1.490E-18 1.548E-18
 1.598E-18 1.387E-18 1.611E-18 1.542E-18 1.557E-18 1.777E-18 1.571E-18 1.921E-18 1.829E-18 1.637E-18
 1.738E-18 1.771E-18 1.791E-18 1.794E-18 2.004E-18 1.865E-18 2.082E-18 1.891E-18 1.857E-18 1.843E-18
 2.007E-18 2.028E-18 2.016E-18 2.003E-18 2.067E-18 2.127E-18 2.001E-18 2.051E-18 2.025E-18 2.021E-18
 2.014E-18 2.083E-18 2.089E-18 2.335E-18 2.048E-18 2.064E-18 2.020E-18 2.091E-18 2.210E-18 2.030E-18
 2.160E-18 2.082E-18 2.281E-18 2.023E-18 1.922E-18 2.045E-18 1.943E-18 2.121E-18 1.956E-18 2.182E-18
 2.016E-18 2.164E-18 1.839E-18 2.101E-18 1.927E-18 2.010E-18 1.979E-18 1.900E-18 2.115E-18 1.939E-18
 1.911E-18 1.777E-18 1.857E-18 1.823E-18 1.840E-18 1.859E-18 1.855E-18 1.880E-18 1.787E-18 1.727E-18
 1.766E-18 1.739E-18 1.703E-18 1.712E-18 1.671E-18 1.798E-18 1.675E-18 1.641E-18 1.619E-18 1.561E-18
 1.584E-18 1.531E-18 1.531E-18 1.526E-18 1.600E-18 1.442E-18 1.461E-18 1.408E-18 1.472E-18 1.409E-18
 1.372E-18 1.451E-18 1.428E-18 1.452E-18 1.239E-18 1.364E-18 1.242E-18 1.310E-18 1.248E-18 1.287E-18
 1.227E-18 1.276E-18 1.077E-18 1.217E-18 1.079E-18 1.165E-18 1.097E-18 1.155E-18 1.112E-18 1.176E-18
 9.970E-19 1.056E-18 1.010E-18 1.022E-18 1.012E-18 9.876E-19 1.020E-18 9.781E-19 9.695E-19 9.006E-19
 9.432E-19 8.458E-19 9.189E-19 8.406E-19 9.295E-19 8.721E-19 8.255E-19 7.671E-19 7.994E-19 8.381E-19
 7.401E-19 8.182E-19 7.456E-19 8.277E-19 6.546E-19 8.128E-19 6.705E-19 7.270E-19 6.494E-19 7.653E-19
 6.556E-19 7.196E-19 6.416E-19 6.281E-19 6.407E-19 5.948E-19 6.627E-19 5.529E-19 6.709E-19 5.589E-19
 6.737E-19 4.983E-19 6.825E-19 4.722E-19 6.275E-19 4.883E-19 6.331E-19 5.185E-19 5.502E-19 4.946E-19
 5.616E-19 5.153E-19 4.913E-19 5.349E-19 4.597E-19 5.757E-19 4.001E-19 5.418E-19 3.941E-19 5.303E-19
 4.027E-19 5.276E-19 4.315E-19 5.103E-19 4.018E-19 4.549E-19 4.366E-19 4.355E-19 4.331E-19 3.951E-19
 4.670E-19 4.137E-19 4.287E-19 3.599E-19 4.273E-19 3.455E-19 4.319E-19 3.271E-19 4.464E-19 3.474E-19
 4.030E-19 3.597E-19 3.718E-19 3.568E-19 3.702E-19 3.591E-19 3.796E-19 3.743E-19 3.265E-19 3.862E-19
 2.874E-19 3.799E-19 2.805E-19 3.848E-19 2.974E-19 3.506E-19 2.764E-19 3.574E-19 2.722E-19 3.669E-19
 2.528E-19 3.439E-19 2.760E-19 3.413E-19 2.775E-19 3.022E-19 2.815E-19 3.063E-19 2.843E-19 2.871E-19
 2.570E-19 2.581E-19 3.023E-19 2.562E-19 2.897E-19 2.305E-19 2.730E-19 2.277E-19 2.756E-19 2.105E-19
 2.611E-19 2.089E-19 2.933E-19 2.076E-19 2.733E-19 2.333E-19 2.515E-19 2.077E-19 2.496E-19 2.339E-19
 2.282E-19 2.224E-19 2.257E-19 2.254E-19 1.820E-19 2.151E-19 1.913E-19 2.303E-19 1.696E-19 2.221E-19
 1.774E-19 2.246E-19 1.932E-19 2.234E-19 1.766E-19 2.047E-19 1.785E-19 2.088E-19 1.559E-19 1.888E-19
 1.510E-19 1.906E-19 1.417E-19 2.014E-19 1.350E-19 2.041E-19 1.322E-19 2.039E-19 1.356E-19 1.772E-19
 1.502E-19 1.699E-19 1.401E-19 1.850E-19 1.260E-19 1.483E-19 1.259E-19 1.547E-19 1.299E-19 1.348E-19
 1.354E-19 1.396E-19 1.382E-19 1.416E-19 1.181E-19 1.247E-19 1.164E-19 1.337E-19 1.246E-19 1.244E-19
 1.209E-19 9.301E-20 1.148E-19 1.118E-19 1.143E-19 1.253E-19 1.280E-19 1.024E-19 1.060E-19 9.023E-20
 1.013E-19 9.189E-20 1.038E-19 9.986E-20 1.183E-19 1.045E-19 9.060E-20 9.363E-20 9.962E-20 7.326E-20
 9.251E-20 6.777E-20 8.882E-20 7.563E-20 1.038E-19 8.598E-20 8.775E-20 6.841E-20 8.022E-20 6.758E-20
 7.066E-20 6.930E-20 7.862E-20 5.697E-20 7.315E-20 4.020E-20 6.178E-20 5.354E-20 4.857E-20 6.309E-20
 5.016E-20 5.235E-20 5.837E-20 5.707E-20 4.610E-20 4.706E-20 5.822E-20 4.264E-20 6.538E-20 6.079E-20
 3.626E-20 4.169E-20 5.133E-20 3.625E-20 3.820E-20 4.139E-20 4.006E-20 3.589E-20 3.770E-20 4.918E-20
 2.639E-20 3.612E-20 3.761E-20 3.596E-20 2.324E-20 4.220E-20 5.822E-20 3.053E-20 2.521E-20 3.434E-20
 3.019E-20 1.863E-20 2.496E-20 9.936E-21 2.396E-20 2.287E-20 1.939E-20 5.456E-21 1.900E-20 1.486E-20
 2.363E-20 1.161E-21 2.964E-20 2.477E-20 3.279E-21 1.831E-21 2.638E-20 0.000E+00 1.004E-20 1.527E-20
 6.498E-22 1.280E-20 1.570E-20 0.000E+00 0.000E+00 0.000E+00 1.608E-20 0.000E+00 0.000E+00 1.793E-20
 0.000E+00 0.000E+00 1.872E-20 0.000E+00 5.533E-21 1.068E-20 0.000E+00 0.000E+00 1.970E-21 0.000E+00
 1.211E-20 1.031E-20 5.426E-21 2.639E-21 0.000E+00 0.000E+00 3.439E-21 7.871E-21 1.333E-21 0.000E+00
 0.000E+00 0.000E+00 3.585E-21 1.650E-20 0.000E+00 0.000E+00 5.728E-21 0.000E+00 7.238E-21 0.000E+00
 0.000E+00 0.000E+00 0.000E+00 3.414E-21 0.000E+00 0.000E+00 0.000E+00 0.000E+00 0.000E+00 0.000E+00
 0.000E+00 0.000E+00 0.000E+00 0.000E+00 0.000E+00 0.000E+00 2.180E-21 0.000E+00 0.000E+00 0.000E+00
 0.000E+00 0.000E+00 2.554E-21 0.000E+00 0.000E+00 0.000E+00 0.000E+00 0.000E+00 1.432E-21 0.000E+00
 0.000E+00 0.000E+00 0.000E+00 0.000E+00 0.000E+00 0.000E+00 0.000E+00 0.000E+00 0.000E+00 0.000E+00
 0.000E+00 0.000E+00 0.000E+00 4.060E-21 0.000E+00 1.524E-22 0.000E+00 0.000E+00 5.733E-21 0.000E+00
 0.000E+00 0.000E+00 0.000E+00 0.000E+00 0.000E+00 0.000E+00 0.000E+00 0.000E+00 0.000E+00 0.000E+00
 0.000E+00 0.000E+00 3.200E-21 0.000E+00 0.000E+00 6.445E-21 1.704E-21 0.000E+00 0.000E+00 2.594E-21
 0.000E+00 0.000E+00 0.000E+00 0.000E+00 0.000E+00 0.000E+00 0.000E+00 0.000E+00 0.000E+00 0.000E+00
 0.000E+00 0.000E+00 0.000E+00 0.000E+00 0.000E+00 0.000E+00 4.240E-22 0.000E+00 0.000E+00 0.000E+00
 0.000E+00 0.000E+00 0.000E+00 0.000E+00 0.000E+00 0.000E+00 0.000E+00 0.000E+00 0.000E+00 0.000E+00
 0.000E+00 0.000E+00 0.000E+00 3.780E-21 0.000E+00 0.000E+00 0.000E+00 0.000E+00 0.000E+00 0.000E+00
 0.000E+00 0.000E+00 0.000E+00 0.000E+00 0.000E+00 0.000E+00 0.000E+00 0.000E+00 0.000E+00 0.000E+00
 0.000E+00 0.000E+00 0.000E+00 1.609E-21 0.000E+00 0.000E+00 0.000E+00 1.964E-21 0.000E+00 0.000E+00
 0.000E+00 0.000E+00 0.000E+00 6.960E-22 1.240E-22 0.000E+00 0.000E+00 0.000E+00 0.000E+00 5.865E-21
 0.000E+00 0.000E+00 0.000E+00 0.000E+00 0.000E+00 3.955E-21 0.000E+00 0.000E+00 0.000E+00 0.000E+00
 0.000E+00 0.000E+00 0.000E+00 0.000E+00 0.000E+00 4.537E-21 0.000E+00 0.000E+00 0.000E+00 0.000E+00
 0.000E+00 0.000E+00 0.000E+00 0.000E+00 0.000E+00 0.000E+00 0.000E+00 0.000E+00 0.000E+00 3.135E-21
 0.000E+00 0.000E+00 6.766E-21 0.000E+00 0.000E+00 0.000E+00 0.000E+00 0.000E+00 0.000E+00 0.000E+00
 0.000E+00 0.000E+00 0.000E+00 0.000E+00 0.000E+00 0.000E+00 6.753E-21 0.000E+00 5.841E-21 0.000E+00
 0.000E+00 0.000E+00 0.000E+00 6.555E-21 0.000E+00 0.000E+00 0.000E+00 0.000E+00 0.000E+00 0.000E+00
 0.000E+00 1.045E-21 2.832E-21 0.000E+00 0.000E+00 0.000E+00 0.000E+00 1.575E-21 0.000E+00 0.000E+00
 0.000E+00 0.000E+00 0.000E+00 0.000E+00 9.480E-21 0.000E+00 0.000E+00 6.190E-21 0.000E+00 0.000E+00
 0.000E+00 0.000E+00 0.000E+00 0.000E+00 0.000E+00 0.000E+00 0.000E+00 0.000E+00 0.000E+00 0.000E+00
 1.518E-20 1.352E-20 0.000E+00 0.000E+00 0.000E+00 0.000E+00 0.000E+00 0.000E+00 0.000E+00 0.000E+00
 0.000E+00 0.000E+00 0.000E+00 5.456E-22 0.000E+00 6.455E-21 0.000E+00 0.000E+00 0.000E+00 6.095E-21
 3.276E-21 0.000E+00 0.000E+00 0.000E+00 0.000E+00 0.000E+00 0.000E+00 0.000E+00 0.000E+00 0.000E+00
 0.000E+00 0.000E+00 0.000E+00 0.000E+00 0.000E+00 0.000E+00 0.000E+00 7.429E-21 0.000E+00 0.000E+00
 0.000E+00 0.000E+00 0.000E+00 0.000E+00 0.000E+00 0.000E+00 0.000E+00 0.000E+00 0.000E+00 0.000E+00
