   C2Cl3F3 1005.4990 1231.9990       454  213.0000    0.0000 2.152E-18  NCAR    CFC-113
 4.569E-21 5.133E-21 6.058E-21 7.410E-21 7.634E-21 9.092E-21 1.067E-20 1.158E-20 1.354E-20 1.618E-20
 1.771E-20 1.885E-20 1.985E-20 2.192E-20 2.324E-20 2.390E-20 2.517E-20 2.662E-20 2.760E-20 2.895E-20
 3.058E-20 3.225E-20 3.254E-20 3.271E-20 3.426E-20 3.580E-20 3.645E-20 3.664E-20 3.634E-20 3.669E-20
 3.644E-20 3.667E-20 3.709E-20 3.805E-20 3.926E-20 4.016E-20 4.048E-20 4.158E-20 4.233E-20 4.213E-20
 4.241E-20 4.256E-20 4.367E-20 4.540E-20 4.716E-20 5.032E-20 5.475E-20 6.093E-20 6.882E-20 7.783E-20
 8.794E-20 1.010E-19 1.149E-19 1.292E-19 1.458E-19 1.650E-19 1.857E-19 2.067E-19 2.302E-19 2.576E-19
 2.842E-19 3.088E-19 3.326E-19 3.544E-19 3.733E-19 3.897E-19 4.063E-19 4.251E-19 4.470E-19 4.752E-19
 5.119E-19 5.620E-19 6.238E-19 6.926E-19 7.608E-19 8.187E-19 8.479E-19 8.350E-19 7.847E-19 7.147E-19
 6.525E-19 6.234E-19 6.401E-19 6.800E-19 7.220E-19 7.565E-19 7.780E-19 7.861E-19 7.842E-19 7.737E-19
 7.596E-19 7.475E-19 7.373E-19 7.282E-19 7.193E-19 7.092E-19 6.928E-19 6.714E-19 6.437E-19 6.121E-19
 5.864E-19 5.695E-19 5.557E-19 5.445E-19 5.335E-19 5.187E-19 4.979E-19 4.690E-19 4.333E-19 3.935E-19
 3.507E-19 3.091E-19 2.722E-19 2.391E-19 2.108E-19 1.857E-19 1.628E-19 1.430E-19 1.270E-19 1.130E-19
 1.004E-19 9.048E-20 8.296E-20 7.587E-20 7.172E-20 6.908E-20 6.329E-20 5.685E-20 5.311E-20 5.132E-20
 5.080E-20 4.900E-20 4.761E-20 4.682E-20 4.794E-20 4.936E-20 4.868E-20 4.798E-20 5.069E-20 4.640E-20
 3.774E-20 3.205E-20 3.049E-20 3.170E-20 3.249E-20 3.270E-20 3.216E-20 3.151E-20 3.085E-20 2.918E-20
 2.783E-20 2.629E-20 2.613E-20 2.679E-20 2.625E-20 2.458E-20 2.478E-20 2.541E-20 2.627E-20 2.780E-20
 2.945E-20 3.026E-20 3.143E-20 3.237E-20 3.354E-20 3.524E-20 3.745E-20 3.982E-20 4.346E-20 4.682E-20
 5.005E-20 5.349E-20 5.603E-20 5.850E-20 6.259E-20 6.609E-20 6.881E-20 7.166E-20 7.425E-20 7.596E-20
 7.894E-20 8.354E-20 8.944E-20 9.611E-20 1.032E-19 1.080E-19 1.083E-19 1.080E-19 1.098E-19 1.117E-19
 1.165E-19 1.215E-19 1.282E-19 1.389E-19 1.514E-19 1.623E-19 1.723E-19 1.837E-19 1.969E-19 2.035E-19
 2.085E-19 2.232E-19 2.479E-19 2.767E-19 3.081E-19 3.447E-19 3.875E-19 4.303E-19 4.743E-19 5.243E-19
 5.809E-19 6.389E-19 6.994E-19 7.622E-19 8.248E-19 8.810E-19 9.288E-19 9.564E-19 9.672E-19 9.603E-19
 9.460E-19 9.465E-19 9.681E-19 1.020E-18 1.110E-18 1.236E-18 1.430E-18 1.754E-18 2.152E-18 2.009E-18
 1.322E-18 9.289E-19 8.060E-19 7.503E-19 7.370E-19 7.549E-19 7.797E-19 7.914E-19 7.833E-19 7.567E-19
 7.096E-19 6.465E-19 5.769E-19 5.012E-19 4.248E-19 3.525E-19 2.869E-19 2.293E-19 1.808E-19 1.395E-19
 1.070E-19 8.255E-20 6.254E-20 4.714E-20 3.788E-20 3.123E-20 2.627E-20 2.240E-20 1.964E-20 1.785E-20
 1.746E-20 1.687E-20 1.611E-20 1.597E-20 1.706E-20 1.803E-20 1.842E-20 1.783E-20 1.739E-20 1.626E-20
 1.481E-20 1.406E-20 1.454E-20 1.493E-20 1.531E-20 1.577E-20 1.577E-20 1.525E-20 1.488E-20 1.443E-20
 1.398E-20 1.413E-20 1.460E-20 1.447E-20 1.551E-20 1.728E-20 1.941E-20 2.210E-20 2.560E-20 2.552E-20
 1.921E-20 1.344E-20 1.237E-20 1.207E-20 1.273E-20 1.416E-20 1.571E-20 1.749E-20 1.956E-20 2.061E-20
 2.161E-20 2.336E-20 2.595E-20 2.837E-20 3.155E-20 3.572E-20 4.105E-20 4.700E-20 5.387E-20 6.138E-20
 7.061E-20 8.141E-20 9.528E-20 1.096E-19 1.241E-19 1.398E-19 1.573E-19 1.759E-19 1.955E-19 2.152E-19
 2.346E-19 2.527E-19 2.712E-19 2.899E-19 3.094E-19 3.269E-19 3.498E-19 3.821E-19 4.221E-19 4.744E-19
 5.381E-19 6.053E-19 6.708E-19 7.194E-19 7.462E-19 7.366E-19 7.016E-19 6.971E-19 7.252E-19 7.588E-19
 7.890E-19 8.120E-19 8.297E-19 8.413E-19 8.538E-19 8.798E-19 9.335E-19 1.023E-18 1.157E-18 1.333E-18
 1.519E-18 1.599E-18 1.474E-18 1.197E-18 9.629E-19 8.526E-19 8.191E-19 8.102E-19 8.175E-19 8.400E-19
 8.652E-19 8.848E-19 8.951E-19 8.939E-19 8.879E-19 8.880E-19 8.992E-19 8.894E-19 8.481E-19 7.451E-19
 6.190E-19 5.372E-19 4.653E-19 4.066E-19 3.640E-19 3.358E-19 3.145E-19 3.000E-19 2.886E-19 2.773E-19
 2.626E-19 2.460E-19 2.269E-19 2.078E-19 1.869E-19 1.652E-19 1.445E-19 1.279E-19 1.140E-19 1.038E-19
 9.673E-20 9.326E-20 9.260E-20 9.557E-20 1.011E-19 1.093E-19 1.205E-19 1.347E-19 1.498E-19 1.668E-19
 1.863E-19 2.077E-19 2.319E-19 2.571E-19 2.847E-19 3.142E-19 3.440E-19 3.746E-19 4.057E-19 4.351E-19
 4.634E-19 4.907E-19 5.172E-19 5.422E-19 5.680E-19 5.949E-19 6.233E-19 6.526E-19 6.833E-19 7.100E-19
 7.272E-19 7.289E-19 7.162E-19 6.888E-19 6.572E-19 6.188E-19 5.817E-19 5.658E-19 5.520E-19 5.357E-19
 5.156E-19 4.956E-19 4.742E-19 4.488E-19 4.151E-19 3.783E-19 3.452E-19 3.156E-19 2.857E-19 2.545E-19
 2.240E-19 1.955E-19 1.680E-19 1.433E-19 1.209E-19 1.019E-19 8.473E-20 6.951E-20 5.554E-20 4.385E-20
 3.321E-20 2.328E-20 1.680E-20 1.289E-20 0.000E+00 0.000E+00 0.000E+00 0.000E+00 0.000E+00 0.000E+00
