   C2Cl3F3  780.4990  994.9990       430  213.0000    0.0000 1.824E-18  NCAR    CFC-113
 1.694E-20 2.244E-20 2.656E-20 2.715E-20 2.769E-20 2.970E-20 3.139E-20 3.330E-20 3.467E-20 3.743E-20
 4.228E-20 4.298E-20 4.025E-20 4.150E-20 4.428E-20 4.709E-20 5.761E-20 6.610E-20 6.044E-20 5.348E-20
 5.233E-20 5.453E-20 5.641E-20 5.882E-20 6.282E-20 6.496E-20 6.506E-20 6.656E-20 6.944E-20 6.978E-20
 7.033E-20 7.319E-20 7.591E-20 7.859E-20 8.102E-20 8.596E-20 9.264E-20 9.979E-20 1.085E-19 1.173E-19
 1.277E-19 1.403E-19 1.540E-19 1.713E-19 1.894E-19 2.082E-19 2.296E-19 2.564E-19 2.855E-19 3.180E-19
 3.526E-19 3.904E-19 4.331E-19 4.835E-19 5.375E-19 5.939E-19 6.594E-19 7.388E-19 8.283E-19 9.271E-19
 1.021E-18 1.105E-18 1.193E-18 1.282E-18 1.342E-18 1.370E-18 1.410E-18 1.460E-18 1.492E-18 1.534E-18
 1.580E-18 1.631E-18 1.664E-18 1.685E-18 1.757E-18 1.824E-18 1.743E-18 1.651E-18 1.607E-18 1.477E-18
 1.504E-18 1.607E-18 1.542E-18 1.473E-18 1.435E-18 1.301E-18 1.187E-18 1.079E-18 9.607E-19 8.337E-19
 7.116E-19 5.932E-19 4.869E-19 3.925E-19 3.125E-19 2.447E-19 1.920E-19 1.524E-19 1.246E-19 1.052E-19
 9.179E-20 8.312E-20 8.023E-20 7.771E-20 7.190E-20 6.410E-20 6.311E-20 6.433E-20 6.430E-20 6.348E-20
 6.396E-20 6.403E-20 6.478E-20 6.465E-20 6.499E-20 6.557E-20 6.369E-20 5.852E-20 5.594E-20 5.617E-20
 5.641E-20 5.534E-20 5.580E-20 5.779E-20 6.016E-20 6.088E-20 6.086E-20 6.014E-20 5.981E-20 5.923E-20
 5.835E-20 5.888E-20 5.865E-20 5.936E-20 5.984E-20 5.999E-20 6.217E-20 6.417E-20 6.391E-20 6.331E-20
 6.296E-20 6.184E-20 6.048E-20 6.080E-20 6.227E-20 6.330E-20 6.358E-20 6.439E-20 6.618E-20 6.744E-20
 6.573E-20 6.480E-20 6.389E-20 6.327E-20 6.508E-20 6.745E-20 6.722E-20 6.677E-20 6.760E-20 6.929E-20
 7.018E-20 6.957E-20 6.930E-20 6.723E-20 6.426E-20 6.483E-20 6.555E-20 6.387E-20 6.378E-20 6.657E-20
 7.021E-20 7.556E-20 8.252E-20 8.968E-20 9.259E-20 9.395E-20 9.664E-20 1.029E-19 1.116E-19 1.196E-19
 1.256E-19 1.313E-19 1.356E-19 1.405E-19 1.470E-19 1.537E-19 1.596E-19 1.678E-19 1.802E-19 1.953E-19
 2.035E-19 2.088E-19 2.037E-19 1.832E-19 1.683E-19 1.747E-19 1.921E-19 2.117E-19 2.279E-19 2.422E-19
 2.532E-19 2.606E-19 2.650E-19 2.685E-19 2.723E-19 2.758E-19 2.776E-19 2.798E-19 2.839E-19 2.896E-19
 2.926E-19 2.906E-19 2.921E-19 3.028E-19 3.108E-19 3.057E-19 3.005E-19 3.043E-19 3.014E-19 2.915E-19
 2.932E-19 2.967E-19 2.957E-19 2.944E-19 2.932E-19 2.910E-19 2.893E-19 2.897E-19 2.890E-19 2.857E-19
 2.846E-19 2.873E-19 2.923E-19 3.021E-19 3.158E-19 3.327E-19 3.554E-19 3.826E-19 4.142E-19 4.518E-19
 4.931E-19 5.363E-19 5.787E-19 6.198E-19 6.638E-19 7.089E-19 7.468E-19 7.803E-19 8.147E-19 8.499E-19
 8.820E-19 9.145E-19 9.536E-19 9.978E-19 1.039E-18 1.069E-18 1.094E-18 1.119E-18 1.134E-18 1.132E-18
 1.119E-18 1.112E-18 1.109E-18 1.080E-18 1.038E-18 1.020E-18 1.030E-18 1.047E-18 1.055E-18 1.049E-18
 1.020E-18 9.655E-19 9.015E-19 8.240E-19 7.488E-19 6.982E-19 6.686E-19 6.500E-19 6.282E-19 6.047E-19
 5.844E-19 5.680E-19 5.516E-19 5.353E-19 5.158E-19 4.902E-19 4.649E-19 4.465E-19 4.346E-19 4.234E-19
 4.065E-19 3.829E-19 3.581E-19 3.446E-19 3.516E-19 3.650E-19 3.619E-19 3.370E-19 3.031E-19 2.849E-19
 2.892E-19 2.891E-19 2.702E-19 2.452E-19 2.202E-19 2.002E-19 1.854E-19 1.735E-19 1.632E-19 1.517E-19
 1.390E-19 1.258E-19 1.134E-19 1.014E-19 8.958E-20 7.763E-20 6.748E-20 5.933E-20 5.210E-20 4.685E-20
 4.282E-20 3.946E-20 3.669E-20 3.400E-20 3.128E-20 3.004E-20 2.953E-20 2.958E-20 2.938E-20 2.825E-20
 2.647E-20 2.528E-20 2.492E-20 2.520E-20 2.542E-20 2.486E-20 2.499E-20 2.552E-20 2.543E-20 2.529E-20
 2.496E-20 2.446E-20 2.443E-20 2.324E-20 2.186E-20 2.185E-20 2.184E-20 2.200E-20 2.135E-20 2.010E-20
 2.018E-20 2.002E-20 1.918E-20 1.879E-20 1.886E-20 1.964E-20 1.993E-20 1.911E-20 1.876E-20 1.862E-20
 1.867E-20 1.866E-20 1.926E-20 1.983E-20 1.951E-20 1.954E-20 2.034E-20 2.081E-20 2.000E-20 1.907E-20
 1.997E-20 2.064E-20 2.105E-20 2.181E-20 2.193E-20 2.245E-20 2.349E-20 2.335E-20 2.298E-20 2.315E-20
 2.495E-20 2.634E-20 2.620E-20 2.574E-20 2.620E-20 2.667E-20 2.672E-20 2.597E-20 2.592E-20 2.699E-20
 2.748E-20 2.740E-20 2.854E-20 2.913E-20 2.938E-20 2.979E-20 2.992E-20 3.001E-20 2.929E-20 2.931E-20
 3.033E-20 2.981E-20 2.867E-20 2.749E-20 2.668E-20 2.671E-20 2.746E-20 2.660E-20 2.433E-20 2.265E-20
 2.217E-20 2.209E-20 2.154E-20 2.031E-20 1.851E-20 1.721E-20 1.643E-20 1.522E-20 1.417E-20 1.301E-20
 1.174E-20 1.054E-20 1.001E-20 8.831E-21 7.829E-21 7.266E-21 6.968E-21 5.306E-21 3.667E-21 3.102E-21
