   C2Cl3F3 1005.4990 1231.9990       454  203.0000    0.0000 2.512E-18  NCAR    CFC-113
 5.708E-21 5.573E-21 6.054E-21 8.063E-21 9.022E-21 1.080E-20 1.257E-20 1.249E-20 1.403E-20 1.672E-20
 1.847E-20 2.003E-20 2.130E-20 2.380E-20 2.559E-20 2.613E-20 2.803E-20 2.986E-20 3.068E-20 3.165E-20
 3.300E-20 3.446E-20 3.490E-20 3.624E-20 3.760E-20 3.811E-20 3.867E-20 3.932E-20 3.916E-20 3.916E-20
 3.860E-20 3.966E-20 4.069E-20 4.103E-20 4.181E-20 4.306E-20 4.283E-20 4.365E-20 4.501E-20 4.541E-20
 4.560E-20 4.597E-20 4.616E-20 4.708E-20 4.920E-20 5.225E-20 5.643E-20 6.253E-20 7.030E-20 7.994E-20
 9.138E-20 1.048E-19 1.197E-19 1.360E-19 1.540E-19 1.747E-19 1.980E-19 2.236E-19 2.511E-19 2.822E-19
 3.137E-19 3.436E-19 3.722E-19 3.987E-19 4.223E-19 4.437E-19 4.644E-19 4.860E-19 5.095E-19 5.398E-19
 5.787E-19 6.327E-19 7.025E-19 7.839E-19 8.686E-19 9.452E-19 9.928E-19 9.912E-19 9.376E-19 8.530E-19
 7.734E-19 7.323E-19 7.486E-19 7.964E-19 8.496E-19 8.930E-19 9.194E-19 9.309E-19 9.308E-19 9.203E-19
 9.045E-19 8.885E-19 8.755E-19 8.659E-19 8.581E-19 8.478E-19 8.311E-19 8.091E-19 7.771E-19 7.388E-19
 7.058E-19 6.842E-19 6.673E-19 6.558E-19 6.436E-19 6.237E-19 5.972E-19 5.617E-19 5.187E-19 4.709E-19
 4.203E-19 3.693E-19 3.237E-19 2.836E-19 2.501E-19 2.204E-19 1.936E-19 1.700E-19 1.505E-19 1.336E-19
 1.187E-19 1.068E-19 9.779E-20 8.892E-20 8.341E-20 8.088E-20 7.413E-20 6.633E-20 6.122E-20 5.780E-20
 5.675E-20 5.526E-20 5.415E-20 5.318E-20 5.423E-20 5.574E-20 5.445E-20 5.322E-20 5.659E-20 5.227E-20
 4.232E-20 3.585E-20 3.383E-20 3.471E-20 3.612E-20 3.599E-20 3.571E-20 3.507E-20 3.433E-20 3.308E-20
 3.167E-20 3.027E-20 3.005E-20 3.011E-20 2.911E-20 2.836E-20 2.886E-20 2.955E-20 3.048E-20 3.159E-20
 3.301E-20 3.377E-20 3.572E-20 3.743E-20 3.936E-20 4.166E-20 4.397E-20 4.632E-20 5.037E-20 5.466E-20
 5.809E-20 6.066E-20 6.340E-20 6.710E-20 7.193E-20 7.636E-20 7.993E-20 8.331E-20 8.526E-20 8.698E-20
 9.056E-20 9.620E-20 1.035E-19 1.116E-19 1.195E-19 1.258E-19 1.265E-19 1.258E-19 1.275E-19 1.297E-19
 1.350E-19 1.408E-19 1.484E-19 1.594E-19 1.723E-19 1.850E-19 1.973E-19 2.101E-19 2.246E-19 2.328E-19
 2.381E-19 2.539E-19 2.799E-19 3.104E-19 3.453E-19 3.861E-19 4.356E-19 4.855E-19 5.366E-19 5.959E-19
 6.625E-19 7.298E-19 8.024E-19 8.797E-19 9.587E-19 1.031E-18 1.095E-18 1.136E-18 1.156E-18 1.153E-18
 1.136E-18 1.132E-18 1.151E-18 1.205E-18 1.304E-18 1.443E-18 1.661E-18 2.033E-18 2.512E-18 2.365E-18
 1.575E-18 1.125E-18 9.772E-19 9.090E-19 8.924E-19 9.104E-19 9.365E-19 9.482E-19 9.381E-19 9.036E-19
 8.425E-19 7.628E-19 6.762E-19 5.852E-19 4.947E-19 4.090E-19 3.307E-19 2.623E-19 2.049E-19 1.577E-19
 1.209E-19 9.228E-20 7.024E-20 5.309E-20 4.189E-20 3.439E-20 2.899E-20 2.451E-20 2.105E-20 1.890E-20
 1.831E-20 1.853E-20 1.822E-20 1.830E-20 1.931E-20 2.060E-20 2.161E-20 2.101E-20 2.014E-20 1.825E-20
 1.655E-20 1.637E-20 1.729E-20 1.748E-20 1.803E-20 1.857E-20 1.817E-20 1.829E-20 1.887E-20 1.836E-20
 1.800E-20 1.735E-20 1.741E-20 1.793E-20 1.865E-20 2.034E-20 2.359E-20 2.721E-20 3.125E-20 3.136E-20
 2.472E-20 1.794E-20 1.616E-20 1.585E-20 1.684E-20 1.820E-20 2.002E-20 2.144E-20 2.311E-20 2.488E-20
 2.711E-20 2.859E-20 3.110E-20 3.424E-20 3.725E-20 4.117E-20 4.735E-20 5.381E-20 6.065E-20 6.845E-20
 7.872E-20 9.107E-20 1.063E-19 1.218E-19 1.385E-19 1.563E-19 1.763E-19 1.985E-19 2.215E-19 2.443E-19
 2.674E-19 2.889E-19 3.112E-19 3.338E-19 3.558E-19 3.745E-19 3.997E-19 4.349E-19 4.780E-19 5.361E-19
 6.086E-19 6.872E-19 7.681E-19 8.308E-19 8.678E-19 8.609E-19 8.194E-19 8.161E-19 8.538E-19 8.976E-19
 9.361E-19 9.647E-19 9.854E-19 9.976E-19 1.007E-18 1.030E-18 1.086E-18 1.185E-18 1.336E-18 1.543E-18
 1.777E-18 1.904E-18 1.781E-18 1.451E-18 1.165E-18 1.029E-18 9.877E-19 9.781E-19 9.877E-19 1.013E-18
 1.041E-18 1.061E-18 1.071E-18 1.066E-18 1.054E-18 1.051E-18 1.063E-18 1.052E-18 1.007E-18 8.846E-19
 7.350E-19 6.412E-19 5.576E-19 4.875E-19 4.368E-19 4.033E-19 3.774E-19 3.593E-19 3.444E-19 3.291E-19
 3.107E-19 2.910E-19 2.671E-19 2.429E-19 2.181E-19 1.921E-19 1.667E-19 1.465E-19 1.296E-19 1.161E-19
 1.071E-19 1.026E-19 1.010E-19 1.035E-19 1.092E-19 1.181E-19 1.298E-19 1.452E-19 1.620E-19 1.808E-19
 2.023E-19 2.262E-19 2.539E-19 2.830E-19 3.136E-19 3.475E-19 3.829E-19 4.195E-19 4.572E-19 4.936E-19
 5.290E-19 5.631E-19 5.951E-19 6.255E-19 6.568E-19 6.898E-19 7.253E-19 7.616E-19 8.013E-19 8.386E-19
 8.649E-19 8.723E-19 8.631E-19 8.344E-19 7.990E-19 7.525E-19 7.063E-19 6.875E-19 6.717E-19 6.536E-19
 6.303E-19 6.053E-19 5.787E-19 5.477E-19 5.071E-19 4.624E-19 4.218E-19 3.848E-19 3.487E-19 3.123E-19
 2.760E-19 2.408E-19 2.071E-19 1.760E-19 1.485E-19 1.250E-19 1.035E-19 8.507E-20 6.881E-20 5.410E-20
 4.065E-20 2.923E-20 2.160E-20 1.622E-20 0.000E+00 0.000E+00 0.000E+00 0.000E+00 0.000E+00 0.000E+00
