   C2Cl3F3 1005.4990 1231.9990       454  273.0000    0.0000 1.503E-18  NCAR    CFC-113
 5.936E-21 6.249E-21 6.674E-21 7.558E-21 8.615E-21 1.060E-20 1.151E-20 1.129E-20 1.286E-20 1.484E-20
 1.545E-20 1.583E-20 1.626E-20 1.810E-20 1.938E-20 2.002E-20 2.102E-20 2.229E-20 2.347E-20 2.369E-20
 2.452E-20 2.606E-20 2.640E-20 2.695E-20 2.837E-20 2.947E-20 3.086E-20 3.146E-20 3.099E-20 3.102E-20
 3.207E-20 3.436E-20 3.667E-20 3.819E-20 3.967E-20 4.152E-20 4.368E-20 4.706E-20 4.997E-20 5.237E-20
 5.640E-20 6.145E-20 6.754E-20 7.373E-20 8.188E-20 9.221E-20 1.028E-19 1.148E-19 1.286E-19 1.438E-19
 1.599E-19 1.774E-19 1.956E-19 2.138E-19 2.320E-19 2.511E-19 2.711E-19 2.904E-19 3.096E-19 3.295E-19
 3.489E-19 3.671E-19 3.856E-19 4.038E-19 4.232E-19 4.444E-19 4.693E-19 4.993E-19 5.351E-19 5.767E-19
 6.199E-19 6.640E-19 7.047E-19 7.363E-19 7.539E-19 7.546E-19 7.360E-19 7.035E-19 6.665E-19 6.365E-19
 6.201E-19 6.207E-19 6.367E-19 6.578E-19 6.772E-19 6.912E-19 6.968E-19 6.961E-19 6.911E-19 6.806E-19
 6.671E-19 6.542E-19 6.409E-19 6.251E-19 6.057E-19 5.836E-19 5.595E-19 5.349E-19 5.097E-19 4.858E-19
 4.673E-19 4.533E-19 4.404E-19 4.285E-19 4.168E-19 4.026E-19 3.835E-19 3.609E-19 3.358E-19 3.086E-19
 2.791E-19 2.499E-19 2.228E-19 1.979E-19 1.763E-19 1.577E-19 1.403E-19 1.243E-19 1.110E-19 1.000E-19
 9.083E-20 8.298E-20 7.528E-20 6.783E-20 6.313E-20 6.018E-20 5.524E-20 4.969E-20 4.573E-20 4.372E-20
 4.312E-20 4.188E-20 4.118E-20 4.177E-20 4.269E-20 4.282E-20 4.171E-20 4.109E-20 4.196E-20 3.824E-20
 3.198E-20 2.817E-20 2.719E-20 2.664E-20 2.696E-20 2.708E-20 2.678E-20 2.622E-20 2.595E-20 2.629E-20
 2.553E-20 2.449E-20 2.445E-20 2.432E-20 2.421E-20 2.464E-20 2.586E-20 2.690E-20 2.783E-20 2.936E-20
 3.133E-20 3.318E-20 3.569E-20 3.721E-20 3.826E-20 4.030E-20 4.343E-20 4.599E-20 4.896E-20 5.298E-20
 5.596E-20 5.782E-20 6.009E-20 6.313E-20 6.737E-20 7.152E-20 7.430E-20 7.738E-20 8.105E-20 8.537E-20
 9.050E-20 9.416E-20 9.835E-20 1.046E-19 1.111E-19 1.148E-19 1.166E-19 1.198E-19 1.248E-19 1.302E-19
 1.378E-19 1.463E-19 1.572E-19 1.705E-19 1.836E-19 1.965E-19 2.110E-19 2.274E-19 2.429E-19 2.574E-19
 2.753E-19 3.000E-19 3.300E-19 3.615E-19 3.950E-19 4.331E-19 4.744E-19 5.142E-19 5.545E-19 5.973E-19
 6.402E-19 6.795E-19 7.151E-19 7.467E-19 7.753E-19 7.961E-19 8.089E-19 8.122E-19 8.117E-19 8.145E-19
 8.275E-19 8.572E-19 9.084E-19 9.840E-19 1.080E-18 1.185E-18 1.309E-18 1.446E-18 1.503E-18 1.296E-18
 9.356E-19 7.304E-19 6.540E-19 6.162E-19 6.024E-19 6.061E-19 6.142E-19 6.168E-19 6.122E-19 5.988E-19
 5.716E-19 5.327E-19 4.863E-19 4.359E-19 3.845E-19 3.335E-19 2.843E-19 2.388E-19 1.955E-19 1.587E-19
 1.289E-19 1.031E-19 8.124E-20 6.409E-20 5.054E-20 4.039E-20 3.400E-20 2.853E-20 2.392E-20 2.096E-20
 1.965E-20 1.885E-20 1.747E-20 1.710E-20 1.779E-20 1.828E-20 1.772E-20 1.704E-20 1.697E-20 1.571E-20
 1.430E-20 1.536E-20 1.643E-20 1.662E-20 1.714E-20 1.719E-20 1.643E-20 1.626E-20 1.650E-20 1.643E-20
 1.645E-20 1.685E-20 1.733E-20 1.821E-20 1.960E-20 2.064E-20 2.154E-20 2.254E-20 2.371E-20 2.294E-20
 2.078E-20 1.940E-20 1.931E-20 1.993E-20 2.115E-20 2.315E-20 2.611E-20 2.852E-20 3.096E-20 3.438E-20
 3.885E-20 4.311E-20 4.735E-20 5.308E-20 5.933E-20 6.657E-20 7.600E-20 8.545E-20 9.491E-20 1.056E-19
 1.183E-19 1.325E-19 1.479E-19 1.641E-19 1.808E-19 1.973E-19 2.147E-19 2.325E-19 2.514E-19 2.710E-19
 2.907E-19 3.102E-19 3.311E-19 3.542E-19 3.797E-19 4.073E-19 4.411E-19 4.809E-19 5.250E-19 5.725E-19
 6.209E-19 6.636E-19 6.959E-19 7.135E-19 7.166E-19 7.039E-19 6.854E-19 6.836E-19 6.956E-19 7.126E-19
 7.334E-19 7.571E-19 7.839E-19 8.119E-19 8.475E-19 8.988E-19 9.678E-19 1.048E-18 1.134E-18 1.209E-18
 1.241E-18 1.188E-18 1.054E-18 8.982E-19 7.848E-19 7.279E-19 7.018E-19 6.901E-19 6.915E-19 7.033E-19
 7.200E-19 7.374E-19 7.522E-19 7.612E-19 7.665E-19 7.698E-19 7.663E-19 7.420E-19 6.921E-19 6.126E-19
 5.287E-19 4.635E-19 4.065E-19 3.606E-19 3.265E-19 3.019E-19 2.838E-19 2.716E-19 2.630E-19 2.556E-19
 2.472E-19 2.385E-19 2.284E-19 2.178E-19 2.069E-19 1.961E-19 1.863E-19 1.788E-19 1.737E-19 1.708E-19
 1.707E-19 1.742E-19 1.799E-19 1.889E-19 1.993E-19 2.122E-19 2.278E-19 2.460E-19 2.648E-19 2.845E-19
 3.055E-19 3.277E-19 3.504E-19 3.729E-19 3.957E-19 4.183E-19 4.395E-19 4.601E-19 4.801E-19 4.978E-19
 5.140E-19 5.290E-19 5.437E-19 5.591E-19 5.744E-19 5.886E-19 6.003E-19 6.078E-19 6.103E-19 6.064E-19
 5.943E-19 5.749E-19 5.503E-19 5.223E-19 4.965E-19 4.718E-19 4.488E-19 4.325E-19 4.167E-19 4.011E-19
 3.836E-19 3.647E-19 3.464E-19 3.257E-19 3.009E-19 2.757E-19 2.525E-19 2.294E-19 2.065E-19 1.843E-19
 1.628E-19 1.434E-19 1.253E-19 1.086E-19 9.351E-20 8.077E-20 6.807E-20 5.589E-20 4.553E-20 3.671E-20
 2.930E-20 2.328E-20 1.895E-20 1.573E-20 0.000E+00 0.000E+00 0.000E+00 0.000E+00 0.000E+00 0.000E+00
