   C2Cl3F3  780.4990  994.9990       430  203.0000    0.0000 2.426E-18  NCAR    CFC-113
 1.664E-20 2.128E-20 2.406E-20 2.494E-20 2.688E-20 2.960E-20 3.226E-20 3.532E-20 3.672E-20 3.977E-20
 4.391E-20 4.347E-20 4.037E-20 4.199E-20 4.387E-20 4.713E-20 6.175E-20 7.191E-20 6.353E-20 5.522E-20
 5.463E-20 5.593E-20 5.790E-20 6.155E-20 6.479E-20 6.634E-20 6.630E-20 6.785E-20 6.945E-20 6.895E-20
 7.043E-20 7.375E-20 7.711E-20 8.028E-20 8.266E-20 8.799E-20 9.546E-20 1.033E-19 1.135E-19 1.242E-19
 1.343E-19 1.479E-19 1.633E-19 1.812E-19 2.005E-19 2.211E-19 2.442E-19 2.734E-19 3.068E-19 3.445E-19
 3.849E-19 4.277E-19 4.745E-19 5.323E-19 5.928E-19 6.537E-19 7.274E-19 8.210E-19 9.283E-19 1.047E-18
 1.162E-18 1.270E-18 1.383E-18 1.503E-18 1.591E-18 1.638E-18 1.696E-18 1.771E-18 1.822E-18 1.887E-18
 1.960E-18 2.046E-18 2.115E-18 2.156E-18 2.283E-18 2.426E-18 2.252E-18 2.108E-18 2.023E-18 1.838E-18
 1.863E-18 1.988E-18 1.890E-18 1.792E-18 1.736E-18 1.568E-18 1.424E-18 1.288E-18 1.145E-18 9.910E-19
 8.410E-19 6.977E-19 5.689E-19 4.547E-19 3.593E-19 2.793E-19 2.171E-19 1.706E-19 1.376E-19 1.129E-19
 9.617E-20 8.562E-20 8.198E-20 7.834E-20 7.224E-20 6.491E-20 6.411E-20 6.565E-20 6.541E-20 6.423E-20
 6.511E-20 6.558E-20 6.654E-20 6.646E-20 6.690E-20 6.797E-20 6.555E-20 5.922E-20 5.525E-20 5.412E-20
 5.503E-20 5.523E-20 5.539E-20 5.682E-20 5.875E-20 6.002E-20 5.953E-20 5.843E-20 5.896E-20 5.878E-20
 5.763E-20 5.873E-20 5.965E-20 5.852E-20 5.864E-20 5.968E-20 6.204E-20 6.418E-20 6.413E-20 6.296E-20
 6.300E-20 6.372E-20 6.288E-20 6.241E-20 6.336E-20 6.370E-20 6.415E-20 6.578E-20 6.763E-20 7.020E-20
 6.804E-20 6.531E-20 6.357E-20 6.339E-20 6.638E-20 7.002E-20 7.126E-20 7.063E-20 6.958E-20 7.040E-20
 7.165E-20 7.254E-20 7.277E-20 7.111E-20 6.782E-20 6.609E-20 6.517E-20 6.424E-20 6.485E-20 6.705E-20
 7.060E-20 7.673E-20 8.419E-20 9.182E-20 9.635E-20 9.932E-20 1.030E-19 1.109E-19 1.194E-19 1.277E-19
 1.353E-19 1.424E-19 1.487E-19 1.552E-19 1.617E-19 1.676E-19 1.733E-19 1.827E-19 1.978E-19 2.157E-19
 2.261E-19 2.343E-19 2.322E-19 2.081E-19 1.874E-19 1.931E-19 2.134E-19 2.359E-19 2.545E-19 2.710E-19
 2.836E-19 2.923E-19 2.982E-19 3.018E-19 3.059E-19 3.113E-19 3.148E-19 3.180E-19 3.239E-19 3.317E-19
 3.358E-19 3.332E-19 3.346E-19 3.460E-19 3.549E-19 3.495E-19 3.448E-19 3.511E-19 3.476E-19 3.344E-19
 3.366E-19 3.404E-19 3.384E-19 3.352E-19 3.328E-19 3.290E-19 3.244E-19 3.231E-19 3.222E-19 3.190E-19
 3.170E-19 3.186E-19 3.238E-19 3.333E-19 3.475E-19 3.684E-19 3.956E-19 4.267E-19 4.618E-19 5.056E-19
 5.555E-19 6.080E-19 6.588E-19 7.097E-19 7.630E-19 8.171E-19 8.652E-19 9.076E-19 9.502E-19 9.944E-19
 1.034E-18 1.074E-18 1.120E-18 1.174E-18 1.224E-18 1.263E-18 1.300E-18 1.335E-18 1.357E-18 1.357E-18
 1.339E-18 1.330E-18 1.330E-18 1.293E-18 1.237E-18 1.211E-18 1.220E-18 1.240E-18 1.251E-18 1.244E-18
 1.212E-18 1.147E-18 1.068E-18 9.738E-19 8.813E-19 8.201E-19 7.855E-19 7.632E-19 7.362E-19 7.075E-19
 6.836E-19 6.643E-19 6.452E-19 6.267E-19 6.046E-19 5.749E-19 5.448E-19 5.234E-19 5.093E-19 4.958E-19
 4.783E-19 4.527E-19 4.228E-19 4.051E-19 4.126E-19 4.287E-19 4.260E-19 3.977E-19 3.580E-19 3.355E-19
 3.407E-19 3.417E-19 3.183E-19 2.867E-19 2.574E-19 2.339E-19 2.156E-19 2.008E-19 1.878E-19 1.739E-19
 1.583E-19 1.423E-19 1.277E-19 1.139E-19 9.958E-20 8.553E-20 7.392E-20 6.345E-20 5.444E-20 4.854E-20
 4.447E-20 4.058E-20 3.682E-20 3.447E-20 3.189E-20 3.086E-20 3.150E-20 3.117E-20 3.000E-20 2.867E-20
 2.751E-20 2.672E-20 2.577E-20 2.580E-20 2.665E-20 2.669E-20 2.659E-20 2.576E-20 2.506E-20 2.528E-20
 2.519E-20 2.396E-20 2.327E-20 2.228E-20 2.146E-20 2.171E-20 2.149E-20 2.114E-20 2.071E-20 2.056E-20
 2.117E-20 2.111E-20 2.019E-20 1.931E-20 1.940E-20 2.010E-20 1.977E-20 1.854E-20 1.878E-20 1.895E-20
 1.882E-20 1.903E-20 1.960E-20 2.070E-20 2.069E-20 2.055E-20 2.156E-20 2.168E-20 2.059E-20 2.015E-20
 2.118E-20 2.160E-20 2.201E-20 2.260E-20 2.282E-20 2.309E-20 2.434E-20 2.452E-20 2.466E-20 2.475E-20
 2.633E-20 2.785E-20 2.812E-20 2.759E-20 2.817E-20 2.868E-20 2.865E-20 2.790E-20 2.837E-20 2.929E-20
 2.942E-20 2.972E-20 3.130E-20 3.196E-20 3.180E-20 3.269E-20 3.295E-20 3.289E-20 3.271E-20 3.243E-20
 3.257E-20 3.287E-20 3.188E-20 3.106E-20 3.038E-20 2.905E-20 2.879E-20 2.810E-20 2.691E-20 2.602E-20
 2.495E-20 2.395E-20 2.307E-20 2.221E-20 2.042E-20 1.861E-20 1.749E-20 1.648E-20 1.566E-20 1.428E-20
 1.239E-20 1.197E-20 1.165E-20 9.540E-21 8.274E-21 7.355E-21 7.231E-21 6.893E-21 5.301E-21 4.008E-21
