   C2Cl3F3 1005.4990 1231.9990       454  293.0000    0.0000 1.336E-18  NCAR    CFC-113
 5.886E-21 6.176E-21 7.625E-21 8.936E-21 9.114E-21 9.735E-21 1.036E-20 1.071E-20 1.203E-20 1.358E-20
 1.491E-20 1.587E-20 1.671E-20 1.743E-20 1.768E-20 1.831E-20 1.977E-20 2.087E-20 2.142E-20 2.169E-20
 2.313E-20 2.451E-20 2.487E-20 2.610E-20 2.762E-20 2.816E-20 2.821E-20 2.919E-20 3.069E-20 3.188E-20
 3.283E-20 3.457E-20 3.694E-20 3.968E-20 4.219E-20 4.462E-20 4.756E-20 5.094E-20 5.502E-20 5.981E-20
 6.571E-20 7.244E-20 8.002E-20 8.840E-20 9.805E-20 1.093E-19 1.212E-19 1.354E-19 1.509E-19 1.668E-19
 1.829E-19 1.998E-19 2.172E-19 2.347E-19 2.526E-19 2.711E-19 2.893E-19 3.077E-19 3.260E-19 3.443E-19
 3.636E-19 3.826E-19 4.009E-19 4.204E-19 4.419E-19 4.655E-19 4.925E-19 5.247E-19 5.605E-19 5.986E-19
 6.353E-19 6.706E-19 7.003E-19 7.198E-19 7.264E-19 7.184E-19 6.976E-19 6.691E-19 6.392E-19 6.184E-19
 6.093E-19 6.129E-19 6.280E-19 6.447E-19 6.592E-19 6.682E-19 6.705E-19 6.685E-19 6.619E-19 6.502E-19
 6.364E-19 6.228E-19 6.080E-19 5.909E-19 5.706E-19 5.471E-19 5.231E-19 5.004E-19 4.785E-19 4.564E-19
 4.389E-19 4.252E-19 4.121E-19 4.004E-19 3.877E-19 3.732E-19 3.555E-19 3.343E-19 3.111E-19 2.857E-19
 2.590E-19 2.329E-19 2.092E-19 1.874E-19 1.676E-19 1.495E-19 1.332E-19 1.183E-19 1.060E-19 9.594E-20
 8.701E-20 7.849E-20 7.048E-20 6.423E-20 6.012E-20 5.674E-20 5.223E-20 4.760E-20 4.379E-20 4.118E-20
 4.009E-20 3.884E-20 3.825E-20 3.815E-20 3.856E-20 3.848E-20 3.757E-20 3.678E-20 3.655E-20 3.250E-20
 2.699E-20 2.384E-20 2.312E-20 2.320E-20 2.369E-20 2.356E-20 2.291E-20 2.324E-20 2.347E-20 2.356E-20
 2.297E-20 2.173E-20 2.183E-20 2.297E-20 2.297E-20 2.343E-20 2.457E-20 2.499E-20 2.598E-20 2.741E-20
 2.950E-20 3.146E-20 3.381E-20 3.573E-20 3.719E-20 3.961E-20 4.245E-20 4.455E-20 4.795E-20 5.204E-20
 5.518E-20 5.772E-20 6.010E-20 6.377E-20 6.775E-20 7.078E-20 7.352E-20 7.722E-20 8.143E-20 8.527E-20
 8.982E-20 9.508E-20 9.987E-20 1.055E-19 1.113E-19 1.150E-19 1.184E-19 1.228E-19 1.285E-19 1.358E-19
 1.455E-19 1.561E-19 1.674E-19 1.809E-19 1.949E-19 2.090E-19 2.240E-19 2.407E-19 2.586E-19 2.763E-19
 2.957E-19 3.205E-19 3.510E-19 3.843E-19 4.189E-19 4.554E-19 4.930E-19 5.294E-19 5.661E-19 6.030E-19
 6.397E-19 6.729E-19 7.032E-19 7.297E-19 7.516E-19 7.665E-19 7.747E-19 7.783E-19 7.832E-19 7.895E-19
 8.079E-19 8.446E-19 8.997E-19 9.726E-19 1.059E-18 1.147E-18 1.244E-18 1.334E-18 1.336E-18 1.140E-18
 8.497E-19 6.866E-19 6.233E-19 5.901E-19 5.761E-19 5.764E-19 5.807E-19 5.824E-19 5.743E-19 5.586E-19
 5.341E-19 5.011E-19 4.617E-19 4.163E-19 3.692E-19 3.233E-19 2.795E-19 2.384E-19 2.008E-19 1.657E-19
 1.354E-19 1.108E-19 8.890E-20 7.055E-20 5.665E-20 4.631E-20 3.761E-20 3.039E-20 2.503E-20 2.250E-20
 2.156E-20 2.062E-20 1.909E-20 1.847E-20 1.860E-20 1.822E-20 1.759E-20 1.693E-20 1.644E-20 1.550E-20
 1.409E-20 1.336E-20 1.319E-20 1.309E-20 1.325E-20 1.349E-20 1.311E-20 1.378E-20 1.420E-20 1.443E-20
 1.442E-20 1.456E-20 1.582E-20 1.696E-20 1.747E-20 1.876E-20 2.040E-20 2.087E-20 2.129E-20 2.092E-20
 1.979E-20 1.896E-20 1.892E-20 2.015E-20 2.274E-20 2.557E-20 2.878E-20 3.214E-20 3.530E-20 3.913E-20
 4.387E-20 4.882E-20 5.502E-20 6.199E-20 6.864E-20 7.694E-20 8.739E-20 9.786E-20 1.082E-19 1.204E-19
 1.342E-19 1.490E-19 1.653E-19 1.810E-19 1.964E-19 2.130E-19 2.312E-19 2.497E-19 2.686E-19 2.883E-19
 3.076E-19 3.275E-19 3.504E-19 3.755E-19 4.025E-19 4.324E-19 4.671E-19 5.048E-19 5.455E-19 5.886E-19
 6.298E-19 6.643E-19 6.885E-19 7.000E-19 7.006E-19 6.900E-19 6.772E-19 6.785E-19 6.904E-19 7.078E-19
 7.291E-19 7.532E-19 7.806E-19 8.117E-19 8.497E-19 8.999E-19 9.625E-19 1.030E-18 1.093E-18 1.137E-18
 1.141E-18 1.077E-18 9.591E-19 8.342E-19 7.460E-19 7.005E-19 6.788E-19 6.681E-19 6.681E-19 6.785E-19
 6.925E-19 7.072E-19 7.199E-19 7.272E-19 7.305E-19 7.306E-19 7.234E-19 6.965E-19 6.477E-19 5.763E-19
 5.034E-19 4.444E-19 3.925E-19 3.518E-19 3.215E-19 2.996E-19 2.834E-19 2.717E-19 2.636E-19 2.568E-19
 2.500E-19 2.432E-19 2.351E-19 2.261E-19 2.179E-19 2.104E-19 2.036E-19 1.999E-19 1.974E-19 1.965E-19
 1.986E-19 2.038E-19 2.110E-19 2.206E-19 2.317E-19 2.450E-19 2.604E-19 2.780E-19 2.963E-19 3.158E-19
 3.353E-19 3.553E-19 3.764E-19 3.967E-19 4.164E-19 4.350E-19 4.527E-19 4.698E-19 4.859E-19 5.006E-19
 5.141E-19 5.265E-19 5.392E-19 5.508E-19 5.610E-19 5.700E-19 5.756E-19 5.772E-19 5.734E-19 5.635E-19
 5.477E-19 5.272E-19 5.044E-19 4.795E-19 4.553E-19 4.329E-19 4.127E-19 3.974E-19 3.820E-19 3.665E-19
 3.502E-19 3.319E-19 3.133E-19 2.937E-19 2.721E-19 2.499E-19 2.291E-19 2.079E-19 1.870E-19 1.668E-19
 1.476E-19 1.300E-19 1.140E-19 9.924E-20 8.591E-20 7.401E-20 6.267E-20 5.198E-20 4.209E-20 3.390E-20
 2.725E-20 2.141E-20 1.714E-20 1.403E-20 0.000E+00 0.000E+00 0.000E+00 0.000E+00 0.000E+00 0.000E+00
