   C2Cl3F3  780.4990  994.9990       430  273.0000    0.0000 1.482E-18  NCAR    CFC-113
 2.128E-20 2.337E-20 2.528E-20 2.635E-20 2.755E-20 2.888E-20 2.950E-20 3.018E-20 3.126E-20 3.381E-20
 3.791E-20 3.803E-20 3.551E-20 3.630E-20 4.007E-20 4.453E-20 5.101E-20 5.540E-20 5.246E-20 4.987E-20
 5.137E-20 5.427E-20 5.501E-20 5.680E-20 6.111E-20 6.374E-20 6.560E-20 6.917E-20 7.314E-20 7.625E-20
 8.072E-20 8.638E-20 9.216E-20 9.756E-20 1.029E-19 1.126E-19 1.252E-19 1.374E-19 1.528E-19 1.690E-19
 1.840E-19 2.023E-19 2.233E-19 2.470E-19 2.729E-19 3.007E-19 3.317E-19 3.672E-19 4.050E-19 4.456E-19
 4.892E-19 5.352E-19 5.847E-19 6.381E-19 6.947E-19 7.557E-19 8.192E-19 8.849E-19 9.520E-19 1.015E-18
 1.069E-18 1.116E-18 1.159E-18 1.195E-18 1.220E-18 1.236E-18 1.260E-18 1.289E-18 1.318E-18 1.357E-18
 1.393E-18 1.421E-18 1.444E-18 1.458E-18 1.482E-18 1.473E-18 1.375E-18 1.299E-18 1.254E-18 1.201E-18
 1.216E-18 1.243E-18 1.187E-18 1.132E-18 1.090E-18 1.005E-18 9.241E-19 8.447E-19 7.611E-19 6.723E-19
 5.859E-19 5.027E-19 4.265E-19 3.577E-19 2.984E-19 2.472E-19 2.042E-19 1.712E-19 1.458E-19 1.259E-19
 1.120E-19 1.021E-19 9.579E-20 8.956E-20 8.173E-20 7.482E-20 7.233E-20 7.036E-20 6.875E-20 6.926E-20
 7.043E-20 7.051E-20 7.126E-20 7.041E-20 6.910E-20 6.762E-20 6.534E-20 6.250E-20 6.082E-20 6.128E-20
 6.253E-20 6.202E-20 6.128E-20 6.113E-20 6.166E-20 6.163E-20 6.115E-20 5.985E-20 5.916E-20 5.905E-20
 5.954E-20 6.134E-20 6.078E-20 5.929E-20 5.872E-20 5.849E-20 5.988E-20 6.140E-20 6.103E-20 5.959E-20
 5.818E-20 5.724E-20 5.724E-20 5.806E-20 6.021E-20 6.122E-20 6.052E-20 6.045E-20 6.137E-20 6.271E-20
 6.212E-20 6.201E-20 6.178E-20 6.142E-20 6.259E-20 6.443E-20 6.538E-20 6.535E-20 6.611E-20 6.693E-20
 6.698E-20 6.765E-20 6.925E-20 6.906E-20 6.811E-20 6.871E-20 7.076E-20 7.227E-20 7.565E-20 8.045E-20
 8.493E-20 9.066E-20 9.715E-20 1.023E-19 1.055E-19 1.084E-19 1.121E-19 1.175E-19 1.236E-19 1.295E-19
 1.340E-19 1.373E-19 1.418E-19 1.493E-19 1.583E-19 1.659E-19 1.734E-19 1.834E-19 1.938E-19 2.012E-19
 2.034E-19 2.022E-19 1.962E-19 1.894E-19 1.903E-19 2.011E-19 2.159E-19 2.309E-19 2.439E-19 2.564E-19
 2.666E-19 2.737E-19 2.796E-19 2.840E-19 2.857E-19 2.874E-19 2.893E-19 2.913E-19 2.931E-19 2.947E-19
 2.949E-19 2.948E-19 2.972E-19 3.029E-19 3.057E-19 3.031E-19 3.024E-19 3.041E-19 3.039E-19 3.041E-19
 3.087E-19 3.136E-19 3.192E-19 3.253E-19 3.300E-19 3.339E-19 3.373E-19 3.442E-19 3.519E-19 3.568E-19
 3.624E-19 3.704E-19 3.809E-19 3.938E-19 4.096E-19 4.284E-19 4.510E-19 4.766E-19 5.043E-19 5.349E-19
 5.668E-19 5.984E-19 6.278E-19 6.567E-19 6.869E-19 7.167E-19 7.426E-19 7.669E-19 7.915E-19 8.170E-19
 8.435E-19 8.702E-19 8.957E-19 9.201E-19 9.403E-19 9.526E-19 9.619E-19 9.694E-19 9.740E-19 9.729E-19
 9.661E-19 9.595E-19 9.519E-19 9.377E-19 9.226E-19 9.159E-19 9.167E-19 9.174E-19 9.101E-19 8.906E-19
 8.585E-19 8.150E-19 7.667E-19 7.171E-19 6.732E-19 6.386E-19 6.147E-19 5.969E-19 5.780E-19 5.584E-19
 5.401E-19 5.235E-19 5.064E-19 4.876E-19 4.670E-19 4.446E-19 4.231E-19 4.052E-19 3.894E-19 3.723E-19
 3.534E-19 3.316E-19 3.131E-19 3.048E-19 3.058E-19 3.071E-19 2.984E-19 2.779E-19 2.559E-19 2.445E-19
 2.420E-19 2.376E-19 2.255E-19 2.090E-19 1.913E-19 1.747E-19 1.612E-19 1.513E-19 1.433E-19 1.350E-19
 1.260E-19 1.156E-19 1.067E-19 9.871E-20 8.932E-20 7.976E-20 7.104E-20 6.295E-20 5.538E-20 4.980E-20
 4.526E-20 4.095E-20 3.770E-20 3.512E-20 3.252E-20 3.121E-20 2.986E-20 2.849E-20 2.664E-20 2.493E-20
 2.401E-20 2.319E-20 2.271E-20 2.319E-20 2.331E-20 2.280E-20 2.327E-20 2.310E-20 2.244E-20 2.303E-20
 2.272E-20 2.156E-20 2.071E-20 2.038E-20 2.060E-20 2.081E-20 2.078E-20 2.061E-20 2.005E-20 1.951E-20
 1.998E-20 1.948E-20 1.866E-20 1.836E-20 1.848E-20 1.896E-20 1.822E-20 1.716E-20 1.740E-20 1.797E-20
 1.760E-20 1.776E-20 1.852E-20 1.869E-20 1.911E-20 1.921E-20 1.923E-20 1.919E-20 1.846E-20 1.859E-20
 1.921E-20 1.939E-20 1.925E-20 1.978E-20 2.013E-20 2.093E-20 2.245E-20 2.352E-20 2.316E-20 2.341E-20
 2.457E-20 2.516E-20 2.489E-20 2.477E-20 2.461E-20 2.474E-20 2.498E-20 2.452E-20 2.487E-20 2.566E-20
 2.541E-20 2.501E-20 2.667E-20 2.750E-20 2.682E-20 2.715E-20 2.734E-20 2.694E-20 2.606E-20 2.578E-20
 2.628E-20 2.584E-20 2.541E-20 2.387E-20 2.285E-20 2.273E-20 2.320E-20 2.278E-20 2.132E-20 2.033E-20
 1.941E-20 1.803E-20 1.745E-20 1.688E-20 1.562E-20 1.485E-20 1.321E-20 1.148E-20 1.144E-20 1.030E-20
 9.075E-21 8.363E-21 7.755E-21 6.838E-21 6.136E-21 5.535E-21 4.943E-21 3.731E-21 2.341E-21 1.909E-21
