   C2Cl3F3  780.4990  994.9990       430  233.0000    0.0000 1.635E-18  NCAR    CFC-113
 2.030E-20 2.375E-20 2.720E-20 2.884E-20 2.969E-20 3.074E-20 3.176E-20 3.302E-20 3.400E-20 3.737E-20
 4.152E-20 4.204E-20 3.981E-20 4.084E-20 4.359E-20 4.648E-20 5.535E-20 6.188E-20 5.714E-20 5.248E-20
 5.308E-20 5.465E-20 5.539E-20 5.786E-20 6.127E-20 6.460E-20 6.637E-20 6.846E-20 7.040E-20 7.181E-20
 7.272E-20 7.620E-20 7.971E-20 8.349E-20 8.793E-20 9.375E-20 1.005E-19 1.088E-19 1.198E-19 1.317E-19
 1.434E-19 1.575E-19 1.741E-19 1.932E-19 2.141E-19 2.363E-19 2.611E-19 2.912E-19 3.243E-19 3.603E-19
 3.975E-19 4.374E-19 4.832E-19 5.372E-19 5.935E-19 6.508E-19 7.178E-19 7.962E-19 8.806E-19 9.683E-19
 1.049E-18 1.120E-18 1.190E-18 1.257E-18 1.299E-18 1.317E-18 1.346E-18 1.382E-18 1.411E-18 1.447E-18
 1.482E-18 1.520E-18 1.547E-18 1.561E-18 1.602E-18 1.635E-18 1.574E-18 1.488E-18 1.440E-18 1.352E-18
 1.379E-18 1.450E-18 1.392E-18 1.331E-18 1.296E-18 1.185E-18 1.086E-18 9.893E-19 8.849E-19 7.738E-19
 6.658E-19 5.617E-19 4.672E-19 3.817E-19 3.097E-19 2.487E-19 1.990E-19 1.607E-19 1.346E-19 1.147E-19
 1.002E-19 9.055E-20 8.633E-20 8.260E-20 7.623E-20 6.814E-20 6.589E-20 6.635E-20 6.630E-20 6.615E-20
 6.773E-20 6.770E-20 6.784E-20 6.733E-20 6.722E-20 6.764E-20 6.600E-20 6.182E-20 5.898E-20 5.910E-20
 5.989E-20 5.892E-20 5.883E-20 5.990E-20 6.089E-20 6.125E-20 6.075E-20 5.983E-20 6.035E-20 6.083E-20
 5.973E-20 5.992E-20 5.997E-20 6.010E-20 6.076E-20 6.101E-20 6.256E-20 6.319E-20 6.221E-20 6.134E-20
 6.164E-20 6.047E-20 5.875E-20 5.993E-20 6.144E-20 6.123E-20 6.155E-20 6.344E-20 6.506E-20 6.698E-20
 6.658E-20 6.408E-20 6.248E-20 6.289E-20 6.527E-20 6.728E-20 6.634E-20 6.571E-20 6.643E-20 6.766E-20
 6.833E-20 6.838E-20 6.851E-20 6.763E-20 6.589E-20 6.629E-20 6.659E-20 6.621E-20 6.783E-20 7.152E-20
 7.552E-20 8.074E-20 8.746E-20 9.429E-20 9.802E-20 1.001E-19 1.032E-19 1.097E-19 1.176E-19 1.248E-19
 1.303E-19 1.349E-19 1.390E-19 1.444E-19 1.508E-19 1.576E-19 1.647E-19 1.734E-19 1.862E-19 1.985E-19
 2.043E-19 2.074E-19 2.008E-19 1.845E-19 1.757E-19 1.842E-19 2.013E-19 2.198E-19 2.350E-19 2.488E-19
 2.595E-19 2.659E-19 2.707E-19 2.745E-19 2.776E-19 2.804E-19 2.824E-19 2.849E-19 2.884E-19 2.925E-19
 2.933E-19 2.909E-19 2.928E-19 3.009E-19 3.066E-19 3.025E-19 2.989E-19 3.022E-19 2.990E-19 2.924E-19
 2.960E-19 3.008E-19 3.022E-19 3.027E-19 3.037E-19 3.035E-19 3.028E-19 3.047E-19 3.072E-19 3.085E-19
 3.110E-19 3.149E-19 3.216E-19 3.329E-19 3.476E-19 3.665E-19 3.895E-19 4.159E-19 4.460E-19 4.818E-19
 5.212E-19 5.607E-19 5.977E-19 6.339E-19 6.727E-19 7.103E-19 7.429E-19 7.731E-19 8.020E-19 8.319E-19
 8.630E-19 8.956E-19 9.312E-19 9.684E-19 1.001E-18 1.023E-18 1.042E-18 1.059E-18 1.069E-18 1.066E-18
 1.055E-18 1.048E-18 1.042E-18 1.019E-18 9.905E-19 9.780E-19 9.852E-19 9.970E-19 1.000E-18 9.896E-19
 9.605E-19 9.104E-19 8.518E-19 7.843E-19 7.213E-19 6.761E-19 6.478E-19 6.294E-19 6.085E-19 5.862E-19
 5.677E-19 5.518E-19 5.355E-19 5.180E-19 4.976E-19 4.730E-19 4.490E-19 4.307E-19 4.179E-19 4.046E-19
 3.862E-19 3.622E-19 3.385E-19 3.273E-19 3.329E-19 3.427E-19 3.371E-19 3.132E-19 2.839E-19 2.694E-19
 2.715E-19 2.695E-19 2.534E-19 2.317E-19 2.096E-19 1.910E-19 1.765E-19 1.653E-19 1.559E-19 1.461E-19
 1.348E-19 1.226E-19 1.120E-19 1.017E-19 9.049E-20 7.959E-20 7.038E-20 6.201E-20 5.413E-20 4.897E-20
 4.472E-20 4.109E-20 3.817E-20 3.542E-20 3.286E-20 3.195E-20 3.179E-20 3.100E-20 3.036E-20 2.891E-20
 2.710E-20 2.640E-20 2.611E-20 2.643E-20 2.663E-20 2.566E-20 2.556E-20 2.603E-20 2.533E-20 2.508E-20
 2.500E-20 2.426E-20 2.353E-20 2.315E-20 2.268E-20 2.195E-20 2.126E-20 2.145E-20 2.119E-20 2.055E-20
 2.127E-20 2.131E-20 2.016E-20 1.923E-20 1.948E-20 2.002E-20 1.956E-20 1.870E-20 1.882E-20 1.940E-20
 1.998E-20 1.949E-20 1.884E-20 1.917E-20 2.014E-20 2.065E-20 2.076E-20 2.058E-20 1.994E-20 1.982E-20
 2.074E-20 2.149E-20 2.116E-20 2.139E-20 2.218E-20 2.309E-20 2.416E-20 2.443E-20 2.437E-20 2.488E-20
 2.612E-20 2.610E-20 2.515E-20 2.527E-20 2.647E-20 2.712E-20 2.734E-20 2.661E-20 2.675E-20 2.783E-20
 2.806E-20 2.774E-20 2.838E-20 2.851E-20 2.891E-20 2.933E-20 2.946E-20 2.988E-20 2.936E-20 2.885E-20
 2.936E-20 2.945E-20 2.802E-20 2.623E-20 2.589E-20 2.534E-20 2.536E-20 2.535E-20 2.395E-20 2.223E-20
 2.117E-20 2.087E-20 2.028E-20 1.901E-20 1.721E-20 1.641E-20 1.570E-20 1.401E-20 1.287E-20 1.175E-20
 1.058E-20 9.573E-21 9.217E-21 8.241E-21 7.225E-21 6.140E-21 5.931E-21 5.374E-21 4.456E-21 3.844E-21
