   C2Cl3F3  780.4990  994.9990       430  253.0000    0.0000 1.575E-18  NCAR    CFC-113
 1.960E-20 2.277E-20 2.576E-20 2.759E-20 2.773E-20 2.809E-20 2.980E-20 3.034E-20 3.107E-20 3.473E-20
 3.795E-20 3.737E-20 3.709E-20 3.930E-20 4.113E-20 4.355E-20 5.102E-20 5.634E-20 5.373E-20 5.120E-20
 5.178E-20 5.396E-20 5.516E-20 5.711E-20 6.140E-20 6.512E-20 6.663E-20 6.840E-20 7.062E-20 7.183E-20
 7.488E-20 7.971E-20 8.522E-20 8.948E-20 9.335E-20 1.011E-19 1.101E-19 1.206E-19 1.339E-19 1.475E-19
 1.604E-19 1.773E-19 1.967E-19 2.181E-19 2.413E-19 2.657E-19 2.938E-19 3.285E-19 3.653E-19 4.022E-19
 4.416E-19 4.859E-19 5.334E-19 5.870E-19 6.451E-19 7.054E-19 7.717E-19 8.453E-19 9.210E-19 9.973E-19
 1.064E-18 1.121E-18 1.176E-18 1.227E-18 1.258E-18 1.273E-18 1.299E-18 1.330E-18 1.359E-18 1.399E-18
 1.438E-18 1.475E-18 1.500E-18 1.517E-18 1.561E-18 1.575E-18 1.480E-18 1.396E-18 1.349E-18 1.281E-18
 1.301E-18 1.349E-18 1.292E-18 1.232E-18 1.193E-18 1.094E-18 1.002E-18 9.161E-19 8.254E-19 7.264E-19
 6.294E-19 5.351E-19 4.478E-19 3.702E-19 3.049E-19 2.488E-19 2.028E-19 1.679E-19 1.423E-19 1.223E-19
 1.062E-19 9.551E-20 9.087E-20 8.581E-20 7.792E-20 7.128E-20 6.975E-20 6.869E-20 6.800E-20 6.828E-20
 6.932E-20 6.944E-20 6.985E-20 6.949E-20 6.892E-20 6.784E-20 6.552E-20 6.210E-20 6.099E-20 6.152E-20
 6.138E-20 6.095E-20 6.126E-20 6.194E-20 6.202E-20 6.082E-20 6.050E-20 6.032E-20 6.054E-20 6.024E-20
 5.858E-20 5.981E-20 6.141E-20 6.152E-20 6.071E-20 5.940E-20 6.095E-20 6.236E-20 6.143E-20 6.074E-20
 6.085E-20 5.959E-20 5.946E-20 6.064E-20 6.135E-20 6.097E-20 6.088E-20 6.202E-20 6.320E-20 6.405E-20
 6.408E-20 6.301E-20 6.162E-20 6.145E-20 6.312E-20 6.466E-20 6.625E-20 6.648E-20 6.546E-20 6.617E-20
 6.792E-20 6.852E-20 6.864E-20 6.785E-20 6.758E-20 6.882E-20 6.972E-20 6.977E-20 7.148E-20 7.544E-20
 8.097E-20 8.669E-20 9.242E-20 9.842E-20 1.020E-19 1.047E-19 1.089E-19 1.149E-19 1.207E-19 1.271E-19
 1.324E-19 1.363E-19 1.408E-19 1.459E-19 1.522E-19 1.598E-19 1.688E-19 1.802E-19 1.917E-19 2.004E-19
 2.044E-19 2.049E-19 1.979E-19 1.864E-19 1.829E-19 1.928E-19 2.088E-19 2.260E-19 2.402E-19 2.526E-19
 2.622E-19 2.692E-19 2.752E-19 2.793E-19 2.815E-19 2.839E-19 2.859E-19 2.876E-19 2.907E-19 2.936E-19
 2.942E-19 2.922E-19 2.939E-19 3.019E-19 3.061E-19 3.021E-19 2.997E-19 3.024E-19 3.003E-19 2.972E-19
 3.021E-19 3.071E-19 3.087E-19 3.115E-19 3.145E-19 3.167E-19 3.191E-19 3.235E-19 3.276E-19 3.310E-19
 3.355E-19 3.419E-19 3.504E-19 3.627E-19 3.782E-19 3.976E-19 4.205E-19 4.462E-19 4.751E-19 5.083E-19
 5.442E-19 5.790E-19 6.118E-19 6.452E-19 6.789E-19 7.124E-19 7.423E-19 7.692E-19 7.959E-19 8.238E-19
 8.526E-19 8.823E-19 9.132E-19 9.446E-19 9.705E-19 9.875E-19 1.001E-18 1.013E-18 1.020E-18 1.018E-18
 1.010E-18 1.002E-18 9.950E-19 9.765E-19 9.558E-19 9.484E-19 9.529E-19 9.592E-19 9.571E-19 9.425E-19
 9.111E-19 8.640E-19 8.107E-19 7.527E-19 6.995E-19 6.599E-19 6.338E-19 6.162E-19 5.961E-19 5.747E-19
 5.557E-19 5.393E-19 5.223E-19 5.041E-19 4.842E-19 4.609E-19 4.377E-19 4.191E-19 4.046E-19 3.897E-19
 3.703E-19 3.475E-19 3.269E-19 3.167E-19 3.191E-19 3.243E-19 3.167E-19 2.943E-19 2.695E-19 2.561E-19
 2.557E-19 2.527E-19 2.392E-19 2.201E-19 2.005E-19 1.835E-19 1.689E-19 1.580E-19 1.496E-19 1.410E-19
 1.315E-19 1.204E-19 1.091E-19 9.920E-20 8.952E-20 7.948E-20 7.064E-20 6.237E-20 5.479E-20 4.914E-20
 4.478E-20 4.111E-20 3.763E-20 3.444E-20 3.172E-20 3.028E-20 2.950E-20 2.913E-20 2.875E-20 2.736E-20
 2.568E-20 2.458E-20 2.433E-20 2.469E-20 2.465E-20 2.415E-20 2.404E-20 2.383E-20 2.367E-20 2.391E-20
 2.385E-20 2.284E-20 2.248E-20 2.201E-20 2.059E-20 2.047E-20 2.060E-20 2.112E-20 2.117E-20 1.993E-20
 1.964E-20 1.968E-20 1.900E-20 1.841E-20 1.861E-20 1.867E-20 1.816E-20 1.729E-20 1.753E-20 1.824E-20
 1.913E-20 1.893E-20 1.888E-20 1.983E-20 1.988E-20 1.922E-20 1.935E-20 1.990E-20 1.920E-20 1.873E-20
 1.965E-20 2.059E-20 2.092E-20 2.069E-20 2.077E-20 2.215E-20 2.314E-20 2.297E-20 2.299E-20 2.349E-20
 2.558E-20 2.662E-20 2.591E-20 2.535E-20 2.556E-20 2.592E-20 2.620E-20 2.557E-20 2.550E-20 2.710E-20
 2.746E-20 2.672E-20 2.737E-20 2.773E-20 2.792E-20 2.862E-20 2.856E-20 2.811E-20 2.770E-20 2.759E-20
 2.795E-20 2.754E-20 2.693E-20 2.574E-20 2.479E-20 2.431E-20 2.367E-20 2.345E-20 2.261E-20 2.179E-20
 2.044E-20 1.932E-20 1.974E-20 1.937E-20 1.747E-20 1.606E-20 1.463E-20 1.267E-20 1.228E-20 1.139E-20
 1.016E-20 9.433E-21 8.917E-21 7.558E-21 7.173E-21 6.721E-21 6.092E-21 4.844E-21 3.539E-21 2.769E-21
