   C2Cl2F4  870.0070  959.9930      6067  253.0000    0.0000 1.206E-18  NCAR    CFC-114
 6.615E-20 6.143E-20 6.135E-20 5.674E-20 5.305E-20 5.477E-20 5.478E-20 5.378E-20 6.033E-20 6.223E-20
 5.555E-20 5.051E-20 4.918E-20 5.143E-20 4.608E-20 5.061E-20 6.651E-20 7.142E-20 6.806E-20 6.522E-20
 6.248E-20 6.563E-20 6.324E-20 6.097E-20 6.647E-20 6.863E-20 6.403E-20 4.757E-20 4.454E-20 4.986E-20
 4.917E-20 5.327E-20 5.273E-20 5.956E-20 6.571E-20 5.556E-20 6.095E-20 7.390E-20 7.211E-20 6.700E-20
 5.867E-20 5.711E-20 5.781E-20 5.894E-20 6.339E-20 6.908E-20 6.895E-20 6.518E-20 6.113E-20 6.053E-20
 6.475E-20 6.490E-20 6.635E-20 7.755E-20 7.600E-20 6.795E-20 6.930E-20 6.607E-20 5.648E-20 6.145E-20
 7.152E-20 7.089E-20 7.241E-20 7.521E-20 7.723E-20 7.673E-20 7.609E-20 6.786E-20 5.875E-20 6.356E-20
 6.849E-20 7.089E-20 7.591E-20 7.536E-20 6.223E-20 5.423E-20 5.846E-20 6.877E-20 6.968E-20 7.076E-20
 6.982E-20 7.476E-20 7.974E-20 7.464E-20 6.515E-20 5.557E-20 5.514E-20 5.548E-20 5.999E-20 6.509E-20
 7.612E-20 8.279E-20 7.852E-20 7.532E-20 6.507E-20 5.402E-20 5.753E-20 6.782E-20 6.678E-20 6.130E-20
 7.232E-20 8.139E-20 7.519E-20 7.685E-20 7.252E-20 6.511E-20 6.858E-20 6.728E-20 7.013E-20 8.741E-20
 8.141E-20 6.598E-20 6.414E-20 6.362E-20 6.273E-20 7.262E-20 7.786E-20 8.097E-20 8.691E-20 8.117E-20
 7.402E-20 7.050E-20 6.889E-20 7.138E-20 7.133E-20 7.320E-20 7.472E-20 7.929E-20 8.105E-20 7.505E-20
 7.392E-20 7.210E-20 8.466E-20 9.890E-20 9.742E-20 8.761E-20 8.876E-20 8.927E-20 9.063E-20 8.715E-20
 8.215E-20 8.166E-20 8.692E-20 9.043E-20 8.960E-20 9.306E-20 9.471E-20 8.706E-20 8.916E-20 8.963E-20
 8.296E-20 7.918E-20 8.247E-20 8.272E-20 7.854E-20 7.798E-20 8.293E-20 8.254E-20 7.782E-20 7.453E-20
 7.710E-20 8.264E-20 8.308E-20 9.135E-20 1.007E-19 1.066E-19 1.014E-19 8.886E-20 8.906E-20 9.166E-20
 9.002E-20 9.126E-20 9.337E-20 8.885E-20 7.894E-20 7.742E-20 8.293E-20 7.796E-20 6.799E-20 7.361E-20
 8.849E-20 9.491E-20 9.631E-20 1.034E-19 9.976E-20 8.627E-20 7.759E-20 8.127E-20 7.597E-20 7.097E-20
 7.924E-20 8.883E-20 9.474E-20 9.782E-20 9.281E-20 8.371E-20 7.984E-20 8.739E-20 9.544E-20 9.823E-20
 1.003E-19 9.826E-20 8.906E-20 8.359E-20 9.258E-20 9.475E-20 8.593E-20 8.370E-20 8.478E-20 8.930E-20
 9.466E-20 8.947E-20 8.528E-20 8.159E-20 8.430E-20 8.225E-20 8.273E-20 9.557E-20 1.019E-19 1.016E-19
 1.082E-19 1.120E-19 1.055E-19 9.863E-20 1.013E-19 1.033E-19 1.063E-19 1.085E-19 1.032E-19 9.614E-20
 9.095E-20 9.067E-20 9.356E-20 9.880E-20 1.006E-19 9.723E-20 9.577E-20 1.045E-19 1.124E-19 1.060E-19
 9.770E-20 1.019E-19 9.683E-20 9.338E-20 9.278E-20 9.140E-20 8.726E-20 9.611E-20 1.107E-19 1.041E-19
 8.735E-20 8.671E-20 8.802E-20 8.478E-20 7.856E-20 7.654E-20 8.563E-20 1.002E-19 1.062E-19 1.032E-19
 1.026E-19 9.727E-20 8.850E-20 9.838E-20 1.087E-19 1.016E-19 9.809E-20 9.931E-20 9.435E-20 9.841E-20
 1.059E-19 9.900E-20 1.047E-19 1.092E-19 1.082E-19 1.066E-19 1.076E-19 1.098E-19 1.108E-19 1.094E-19
 1.112E-19 1.106E-19 1.110E-19 1.099E-19 1.005E-19 9.323E-20 9.030E-20 9.634E-20 1.060E-19 1.049E-19
 9.757E-20 1.008E-19 1.079E-19 1.059E-19 1.086E-19 1.138E-19 1.152E-19 1.136E-19 1.102E-19 1.078E-19
 1.035E-19 1.054E-19 1.137E-19 1.112E-19 1.030E-19 9.836E-20 8.924E-20 8.144E-20 7.943E-20 9.122E-20
 9.770E-20 9.697E-20 1.024E-19 1.064E-19 1.075E-19 9.655E-20 9.299E-20 1.008E-19 1.026E-19 1.022E-19
 1.029E-19 9.952E-20 1.039E-19 1.002E-19 8.864E-20 8.835E-20 9.660E-20 1.011E-19 1.084E-19 1.153E-19
 1.240E-19 1.320E-19 1.220E-19 1.140E-19 1.127E-19 1.044E-19 1.120E-19 1.240E-19 1.237E-19 1.174E-19
 1.128E-19 1.072E-19 1.014E-19 1.014E-19 9.963E-20 9.993E-20 1.057E-19 1.155E-19 1.204E-19 1.226E-19
 1.235E-19 1.303E-19 1.242E-19 1.073E-19 1.001E-19 1.004E-19 1.050E-19 1.078E-19 1.085E-19 1.123E-19
 1.132E-19 1.117E-19 1.081E-19 1.055E-19 1.146E-19 1.250E-19 1.298E-19 1.274E-19 1.269E-19 1.307E-19
 1.276E-19 1.169E-19 1.106E-19 1.172E-19 1.226E-19 1.309E-19 1.327E-19 1.190E-19 1.091E-19 1.110E-19
 1.127E-19 1.156E-19 1.227E-19 1.238E-19 1.181E-19 1.237E-19 1.258E-19 1.333E-19 1.361E-19 1.291E-19
 1.193E-19 1.126E-19 1.176E-19 1.296E-19 1.356E-19 1.339E-19 1.307E-19 1.288E-19 1.337E-19 1.264E-19
 1.192E-19 1.228E-19 1.332E-19 1.379E-19 1.446E-19 1.452E-19 1.415E-19 1.445E-19 1.380E-19 1.335E-19
 1.368E-19 1.385E-19 1.388E-19 1.415E-19 1.422E-19 1.385E-19 1.312E-19 1.239E-19 1.283E-19 1.266E-19
 1.165E-19 1.141E-19 1.292E-19 1.427E-19 1.455E-19 1.331E-19 1.286E-19 1.305E-19 1.362E-19 1.459E-19
 1.528E-19 1.541E-19 1.465E-19 1.392E-19 1.328E-19 1.331E-19 1.369E-19 1.290E-19 1.206E-19 1.258E-19
 1.327E-19 1.354E-19 1.302E-19 1.372E-19 1.364E-19 1.317E-19 1.339E-19 1.296E-19 1.324E-19 1.470E-19
 1.478E-19 1.439E-19 1.362E-19 1.283E-19 1.278E-19 1.261E-19 1.222E-19 1.233E-19 1.307E-19 1.386E-19
 1.445E-19 1.442E-19 1.455E-19 1.513E-19 1.379E-19 1.278E-19 1.377E-19 1.453E-19 1.480E-19 1.465E-19
 1.413E-19 1.375E-19 1.318E-19 1.191E-19 1.115E-19 1.129E-19 1.182E-19 1.349E-19 1.549E-19 1.439E-19
 1.344E-19 1.340E-19 1.285E-19 1.243E-19 1.217E-19 1.242E-19 1.318E-19 1.394E-19 1.414E-19 1.422E-19
 1.402E-19 1.402E-19 1.474E-19 1.490E-19 1.423E-19 1.408E-19 1.494E-19 1.421E-19 1.304E-19 1.335E-19
 1.322E-19 1.285E-19 1.341E-19 1.376E-19 1.371E-19 1.380E-19 1.448E-19 1.430E-19 1.373E-19 1.333E-19
 1.278E-19 1.228E-19 1.193E-19 1.288E-19 1.423E-19 1.445E-19 1.417E-19 1.396E-19 1.361E-19 1.317E-19
 1.254E-19 1.256E-19 1.327E-19 1.478E-19 1.522E-19 1.504E-19 1.407E-19 1.240E-19 1.227E-19 1.297E-19
 1.322E-19 1.363E-19 1.393E-19 1.398E-19 1.391E-19 1.383E-19 1.334E-19 1.260E-19 1.300E-19 1.354E-19
 1.391E-19 1.435E-19 1.481E-19 1.454E-19 1.354E-19 1.331E-19 1.323E-19 1.258E-19 1.232E-19 1.244E-19
 1.265E-19 1.327E-19 1.468E-19 1.583E-19 1.538E-19 1.493E-19 1.429E-19 1.417E-19 1.477E-19 1.487E-19
 1.472E-19 1.519E-19 1.564E-19 1.554E-19 1.542E-19 1.471E-19 1.445E-19 1.474E-19 1.526E-19 1.580E-19
 1.561E-19 1.550E-19 1.615E-19 1.571E-19 1.509E-19 1.456E-19 1.450E-19 1.537E-19 1.568E-19 1.517E-19
 1.541E-19 1.526E-19 1.420E-19 1.358E-19 1.409E-19 1.449E-19 1.450E-19 1.462E-19 1.582E-19 1.619E-19
 1.491E-19 1.477E-19 1.507E-19 1.502E-19 1.529E-19 1.585E-19 1.592E-19 1.610E-19 1.674E-19 1.658E-19
 1.566E-19 1.527E-19 1.471E-19 1.471E-19 1.439E-19 1.440E-19 1.542E-19 1.713E-19 1.698E-19 1.624E-19
 1.561E-19 1.463E-19 1.481E-19 1.535E-19 1.579E-19 1.649E-19 1.668E-19 1.530E-19 1.459E-19 1.496E-19
 1.501E-19 1.470E-19 1.505E-19 1.595E-19 1.642E-19 1.676E-19 1.660E-19 1.612E-19 1.591E-19 1.564E-19
 1.576E-19 1.646E-19 1.700E-19 1.694E-19 1.700E-19 1.762E-19 1.690E-19 1.533E-19 1.528E-19 1.580E-19
 1.615E-19 1.639E-19 1.646E-19 1.659E-19 1.694E-19 1.744E-19 1.718E-19 1.712E-19 1.677E-19 1.701E-19
 1.778E-19 1.798E-19 1.746E-19 1.689E-19 1.664E-19 1.634E-19 1.662E-19 1.712E-19 1.666E-19 1.623E-19
 1.692E-19 1.701E-19 1.744E-19 1.795E-19 1.760E-19 1.703E-19 1.738E-19 1.731E-19 1.707E-19 1.751E-19
 1.753E-19 1.712E-19 1.736E-19 1.771E-19 1.727E-19 1.698E-19 1.755E-19 1.827E-19 1.861E-19 1.849E-19
 1.870E-19 1.917E-19 1.907E-19 1.876E-19 1.910E-19 1.836E-19 1.791E-19 1.827E-19 1.837E-19 1.873E-19
 1.925E-19 1.932E-19 1.882E-19 1.782E-19 1.694E-19 1.718E-19 1.782E-19 1.817E-19 1.968E-19 2.104E-19
 2.075E-19 1.990E-19 1.958E-19 1.859E-19 1.725E-19 1.785E-19 1.854E-19 1.858E-19 1.898E-19 1.915E-19
 1.963E-19 1.999E-19 1.911E-19 1.855E-19 1.842E-19 1.926E-19 2.015E-19 2.034E-19 2.043E-19 2.035E-19
 1.960E-19 1.918E-19 1.901E-19 1.855E-19 1.887E-19 1.900E-19 2.016E-19 2.093E-19 1.998E-19 2.016E-19
 2.006E-19 1.986E-19 1.955E-19 2.018E-19 2.087E-19 2.067E-19 2.051E-19 2.090E-19 2.054E-19 2.016E-19
 2.022E-19 1.994E-19 2.051E-19 2.136E-19 2.101E-19 2.010E-19 1.970E-19 1.903E-19 1.847E-19 1.848E-19
 1.887E-19 1.860E-19 1.887E-19 1.925E-19 1.895E-19 1.875E-19 1.854E-19 1.838E-19 1.876E-19 1.875E-19
 1.816E-19 1.841E-19 1.953E-19 2.011E-19 1.952E-19 1.833E-19 1.866E-19 1.907E-19 1.869E-19 1.801E-19
 1.877E-19 1.959E-19 1.989E-19 2.055E-19 2.053E-19 2.040E-19 2.032E-19 2.055E-19 2.050E-19 2.050E-19
 2.056E-19 2.006E-19 2.004E-19 2.042E-19 2.047E-19 2.115E-19 2.157E-19 2.098E-19 2.053E-19 2.098E-19
 2.084E-19 2.118E-19 2.174E-19 2.147E-19 2.115E-19 2.137E-19 2.127E-19 2.138E-19 2.063E-19 2.031E-19
 2.131E-19 2.183E-19 2.152E-19 2.175E-19 2.156E-19 2.104E-19 2.163E-19 2.144E-19 2.170E-19 2.253E-19
 2.233E-19 2.210E-19 2.200E-19 2.170E-19 2.102E-19 2.032E-19 2.100E-19 2.206E-19 2.165E-19 2.106E-19
 2.081E-19 2.092E-19 2.081E-19 1.964E-19 1.956E-19 2.064E-19 2.146E-19 2.177E-19 2.182E-19 2.175E-19
 2.130E-19 2.049E-19 1.997E-19 1.958E-19 2.008E-19 2.099E-19 2.095E-19 2.079E-19 2.107E-19 2.034E-19
 1.971E-19 1.971E-19 1.900E-19 1.857E-19 1.937E-19 1.982E-19 2.030E-19 2.107E-19 2.104E-19 2.013E-19
 1.945E-19 1.970E-19 2.047E-19 2.061E-19 2.190E-19 2.392E-19 2.507E-19 2.425E-19 2.294E-19 2.257E-19
 2.176E-19 2.145E-19 2.146E-19 2.080E-19 2.079E-19 2.109E-19 2.119E-19 2.124E-19 2.054E-19 1.990E-19
 1.979E-19 2.051E-19 2.085E-19 2.047E-19 2.041E-19 2.025E-19 2.002E-19 2.012E-19 2.108E-19 2.164E-19
 2.127E-19 2.115E-19 2.041E-19 2.040E-19 2.075E-19 1.951E-19 1.861E-19 1.941E-19 2.103E-19 2.098E-19
 1.969E-19 1.985E-19 1.965E-19 2.010E-19 2.013E-19 1.944E-19 1.913E-19 1.890E-19 1.979E-19 2.083E-19
 2.113E-19 2.153E-19 2.175E-19 2.154E-19 2.121E-19 1.965E-19 1.906E-19 1.967E-19 2.007E-19 2.045E-19
 2.011E-19 2.002E-19 2.003E-19 1.972E-19 1.927E-19 1.873E-19 1.906E-19 2.017E-19 2.032E-19 2.059E-19
 2.111E-19 2.025E-19 2.028E-19 2.010E-19 1.925E-19 1.894E-19 1.879E-19 1.910E-19 2.021E-19 2.091E-19
 1.992E-19 1.953E-19 1.957E-19 1.881E-19 1.845E-19 1.854E-19 1.919E-19 2.057E-19 2.196E-19 2.256E-19
 2.196E-19 2.097E-19 2.054E-19 2.074E-19 2.111E-19 2.114E-19 2.066E-19 2.044E-19 2.071E-19 2.089E-19
 2.046E-19 2.036E-19 2.028E-19 1.997E-19 2.004E-19 2.084E-19 2.126E-19 2.008E-19 1.943E-19 1.992E-19
 2.029E-19 2.005E-19 1.949E-19 1.923E-19 1.959E-19 2.030E-19 2.141E-19 2.169E-19 2.135E-19 2.029E-19
 1.965E-19 1.980E-19 2.022E-19 2.071E-19 2.092E-19 2.190E-19 2.239E-19 2.136E-19 2.042E-19 1.997E-19
 1.986E-19 2.033E-19 2.005E-19 1.981E-19 2.052E-19 2.157E-19 2.138E-19 2.130E-19 2.099E-19 1.997E-19
 1.924E-19 2.077E-19 2.189E-19 2.119E-19 2.073E-19 2.052E-19 2.114E-19 2.178E-19 2.131E-19 2.089E-19
 2.077E-19 2.081E-19 2.069E-19 2.089E-19 2.144E-19 2.100E-19 2.068E-19 2.015E-19 2.035E-19 2.042E-19
 2.100E-19 2.194E-19 2.220E-19 2.239E-19 2.233E-19 2.216E-19 2.159E-19 2.138E-19 2.039E-19 2.049E-19
 2.145E-19 2.114E-19 2.118E-19 2.171E-19 2.142E-19 2.049E-19 2.057E-19 2.113E-19 2.198E-19 2.287E-19
 2.255E-19 2.196E-19 2.157E-19 2.107E-19 2.111E-19 2.110E-19 2.123E-19 2.124E-19 2.023E-19 1.951E-19
 1.998E-19 2.035E-19 2.136E-19 2.147E-19 2.020E-19 1.933E-19 2.014E-19 2.114E-19 2.221E-19 2.301E-19
 2.316E-19 2.339E-19 2.400E-19 2.444E-19 2.372E-19 2.258E-19 2.201E-19 2.185E-19 2.181E-19 2.148E-19
 2.174E-19 2.256E-19 2.170E-19 2.015E-19 2.012E-19 2.102E-19 2.210E-19 2.225E-19 2.197E-19 2.248E-19
 2.231E-19 2.179E-19 2.179E-19 2.108E-19 2.082E-19 2.191E-19 2.241E-19 2.156E-19 2.087E-19 2.074E-19
 2.095E-19 2.078E-19 2.068E-19 2.080E-19 2.169E-19 2.312E-19 2.313E-19 2.258E-19 2.207E-19 2.195E-19
 2.155E-19 2.081E-19 1.996E-19 2.028E-19 2.134E-19 2.211E-19 2.220E-19 2.207E-19 2.170E-19 2.141E-19
 2.067E-19 2.043E-19 2.060E-19 2.084E-19 2.147E-19 2.217E-19 2.269E-19 2.172E-19 2.060E-19 2.114E-19
 2.232E-19 2.244E-19 2.189E-19 2.188E-19 2.163E-19 2.108E-19 2.108E-19 2.125E-19 2.159E-19 2.160E-19
 2.140E-19 2.215E-19 2.290E-19 2.265E-19 2.217E-19 2.288E-19 2.337E-19 2.317E-19 2.329E-19 2.394E-19
 2.533E-19 2.567E-19 2.468E-19 2.385E-19 2.315E-19 2.165E-19 2.089E-19 2.087E-19 2.044E-19 2.140E-19
 2.237E-19 2.224E-19 2.121E-19 2.093E-19 2.135E-19 2.195E-19 2.206E-19 2.143E-19 2.107E-19 2.158E-19
 2.224E-19 2.307E-19 2.346E-19 2.289E-19 2.256E-19 2.323E-19 2.368E-19 2.309E-19 2.348E-19 2.401E-19
 2.400E-19 2.443E-19 2.383E-19 2.276E-19 2.278E-19 2.299E-19 2.374E-19 2.419E-19 2.430E-19 2.523E-19
 2.668E-19 2.723E-19 2.729E-19 2.561E-19 2.383E-19 2.419E-19 2.509E-19 2.529E-19 2.470E-19 2.421E-19
 2.369E-19 2.240E-19 2.200E-19 2.215E-19 2.266E-19 2.282E-19 2.294E-19 2.406E-19 2.517E-19 2.541E-19
 2.601E-19 2.515E-19 2.303E-19 2.298E-19 2.406E-19 2.507E-19 2.557E-19 2.517E-19 2.487E-19 2.409E-19
 2.311E-19 2.259E-19 2.285E-19 2.437E-19 2.591E-19 2.791E-19 3.094E-19 3.229E-19 3.137E-19 2.950E-19
 2.789E-19 2.783E-19 2.812E-19 2.859E-19 2.926E-19 3.026E-19 3.171E-19 3.269E-19 3.359E-19 3.599E-19
 4.086E-19 4.013E-19 3.365E-19 3.045E-19 2.859E-19 2.644E-19 2.404E-19 2.287E-19 2.222E-19 2.101E-19
 2.063E-19 2.119E-19 2.167E-19 2.180E-19 2.253E-19 2.240E-19 2.140E-19 1.968E-19 1.884E-19 1.935E-19
 1.925E-19 1.974E-19 2.034E-19 2.031E-19 2.095E-19 2.068E-19 1.985E-19 1.933E-19 1.873E-19 1.824E-19
 1.923E-19 1.992E-19 1.952E-19 1.963E-19 1.963E-19 1.968E-19 1.938E-19 1.946E-19 2.004E-19 2.071E-19
 2.074E-19 2.014E-19 1.969E-19 1.954E-19 1.883E-19 1.823E-19 1.774E-19 1.773E-19 1.830E-19 1.912E-19
 1.984E-19 2.054E-19 2.064E-19 2.082E-19 2.134E-19 2.122E-19 2.154E-19 2.319E-19 2.356E-19 2.217E-19
 2.150E-19 2.114E-19 1.963E-19 1.888E-19 1.881E-19 1.840E-19 1.827E-19 1.963E-19 2.030E-19 2.007E-19
 1.948E-19 1.820E-19 1.803E-19 1.917E-19 1.995E-19 1.951E-19 1.940E-19 1.891E-19 1.928E-19 1.978E-19
 1.959E-19 1.951E-19 1.888E-19 1.889E-19 1.953E-19 1.984E-19 2.088E-19 2.224E-19 2.193E-19 2.084E-19
 1.980E-19 1.982E-19 2.081E-19 2.071E-19 2.005E-19 1.963E-19 2.016E-19 2.059E-19 2.132E-19 2.171E-19
 2.082E-19 1.956E-19 1.897E-19 1.965E-19 2.046E-19 2.043E-19 2.074E-19 2.107E-19 2.134E-19 2.126E-19
 2.032E-19 1.940E-19 2.015E-19 2.174E-19 2.295E-19 2.336E-19 2.265E-19 2.198E-19 2.042E-19 1.866E-19
 1.888E-19 1.988E-19 2.047E-19 2.132E-19 2.179E-19 2.204E-19 2.145E-19 2.089E-19 2.055E-19 1.997E-19
 2.051E-19 2.103E-19 2.073E-19 2.056E-19 2.051E-19 2.043E-19 2.012E-19 1.977E-19 1.972E-19 1.995E-19
 2.023E-19 2.068E-19 2.126E-19 2.193E-19 2.158E-19 2.111E-19 2.024E-19 1.980E-19 1.934E-19 1.866E-19
 1.870E-19 1.903E-19 1.989E-19 1.993E-19 1.967E-19 1.858E-19 1.772E-19 1.794E-19 1.825E-19 1.821E-19
 1.897E-19 1.938E-19 1.960E-19 1.992E-19 2.068E-19 2.065E-19 2.036E-19 2.063E-19 1.992E-19 1.954E-19
 2.003E-19 1.988E-19 1.941E-19 1.952E-19 1.972E-19 1.954E-19 1.884E-19 1.863E-19 1.942E-19 2.052E-19
 2.046E-19 2.011E-19 2.035E-19 1.989E-19 1.970E-19 1.937E-19 1.970E-19 2.060E-19 2.008E-19 2.011E-19
 1.990E-19 1.965E-19 2.027E-19 1.978E-19 1.937E-19 1.954E-19 1.915E-19 1.906E-19 1.996E-19 2.126E-19
 2.149E-19 2.076E-19 2.016E-19 2.030E-19 1.942E-19 1.825E-19 1.835E-19 1.886E-19 1.960E-19 1.973E-19
 1.850E-19 1.768E-19 1.847E-19 1.902E-19 1.898E-19 1.922E-19 2.024E-19 2.040E-19 1.974E-19 2.034E-19
 2.002E-19 1.809E-19 1.776E-19 1.864E-19 1.956E-19 1.974E-19 1.922E-19 1.946E-19 1.950E-19 1.897E-19
 1.854E-19 1.860E-19 1.862E-19 1.947E-19 2.030E-19 1.969E-19 1.947E-19 1.983E-19 1.929E-19 1.865E-19
 1.817E-19 1.866E-19 1.917E-19 1.921E-19 1.930E-19 1.967E-19 1.933E-19 1.853E-19 1.790E-19 1.792E-19
 1.784E-19 1.835E-19 1.910E-19 1.953E-19 1.963E-19 1.958E-19 1.929E-19 1.886E-19 1.873E-19 1.873E-19
 1.838E-19 1.892E-19 2.022E-19 1.966E-19 1.832E-19 1.818E-19 1.838E-19 1.850E-19 1.858E-19 1.845E-19
 1.855E-19 1.901E-19 1.900E-19 1.904E-19 1.904E-19 1.873E-19 1.878E-19 1.844E-19 1.855E-19 1.903E-19
 1.994E-19 2.037E-19 1.959E-19 1.819E-19 1.784E-19 1.827E-19 1.898E-19 1.887E-19 1.868E-19 1.898E-19
 1.935E-19 1.895E-19 1.929E-19 1.901E-19 1.788E-19 1.795E-19 1.827E-19 1.924E-19 2.066E-19 2.106E-19
 2.081E-19 2.005E-19 1.899E-19 1.811E-19 1.781E-19 1.764E-19 1.801E-19 1.850E-19 1.871E-19 1.880E-19
 1.890E-19 1.857E-19 1.804E-19 1.776E-19 1.808E-19 1.927E-19 1.939E-19 1.876E-19 1.918E-19 1.936E-19
 1.876E-19 1.787E-19 1.706E-19 1.767E-19 1.817E-19 1.801E-19 1.786E-19 1.787E-19 1.809E-19 1.831E-19
 1.867E-19 1.813E-19 1.722E-19 1.760E-19 1.796E-19 1.761E-19 1.841E-19 1.891E-19 1.807E-19 1.763E-19
 1.703E-19 1.667E-19 1.708E-19 1.787E-19 1.810E-19 1.858E-19 1.852E-19 1.837E-19 1.816E-19 1.788E-19
 1.779E-19 1.795E-19 1.783E-19 1.797E-19 1.874E-19 1.906E-19 1.852E-19 1.774E-19 1.817E-19 1.765E-19
 1.637E-19 1.624E-19 1.715E-19 1.802E-19 1.834E-19 1.852E-19 1.845E-19 1.832E-19 1.857E-19 1.799E-19
 1.742E-19 1.713E-19 1.748E-19 1.844E-19 1.897E-19 1.832E-19 1.691E-19 1.569E-19 1.541E-19 1.595E-19
 1.642E-19 1.692E-19 1.705E-19 1.737E-19 1.776E-19 1.814E-19 1.790E-19 1.688E-19 1.640E-19 1.716E-19
 1.784E-19 1.823E-19 1.806E-19 1.780E-19 1.793E-19 1.771E-19 1.716E-19 1.701E-19 1.799E-19 1.828E-19
 1.844E-19 1.884E-19 1.838E-19 1.812E-19 1.752E-19 1.759E-19 1.803E-19 1.841E-19 1.787E-19 1.672E-19
 1.663E-19 1.726E-19 1.723E-19 1.690E-19 1.720E-19 1.737E-19 1.660E-19 1.731E-19 1.815E-19 1.763E-19
 1.741E-19 1.676E-19 1.631E-19 1.585E-19 1.559E-19 1.632E-19 1.762E-19 1.843E-19 1.865E-19 1.846E-19
 1.849E-19 1.799E-19 1.655E-19 1.566E-19 1.591E-19 1.630E-19 1.629E-19 1.681E-19 1.757E-19 1.789E-19
 1.793E-19 1.745E-19 1.681E-19 1.719E-19 1.777E-19 1.753E-19 1.670E-19 1.635E-19 1.693E-19 1.758E-19
 1.696E-19 1.548E-19 1.544E-19 1.628E-19 1.684E-19 1.676E-19 1.667E-19 1.658E-19 1.610E-19 1.614E-19
 1.675E-19 1.689E-19 1.687E-19 1.718E-19 1.722E-19 1.705E-19 1.726E-19 1.695E-19 1.631E-19 1.534E-19
 1.555E-19 1.593E-19 1.555E-19 1.640E-19 1.655E-19 1.657E-19 1.676E-19 1.644E-19 1.587E-19 1.514E-19
 1.466E-19 1.460E-19 1.540E-19 1.663E-19 1.683E-19 1.673E-19 1.663E-19 1.560E-19 1.504E-19 1.566E-19
 1.648E-19 1.670E-19 1.709E-19 1.790E-19 1.790E-19 1.686E-19 1.566E-19 1.498E-19 1.506E-19 1.531E-19
 1.499E-19 1.509E-19 1.575E-19 1.596E-19 1.557E-19 1.479E-19 1.504E-19 1.548E-19 1.561E-19 1.600E-19
 1.687E-19 1.692E-19 1.655E-19 1.648E-19 1.560E-19 1.526E-19 1.547E-19 1.557E-19 1.575E-19 1.593E-19
 1.606E-19 1.583E-19 1.606E-19 1.599E-19 1.540E-19 1.487E-19 1.476E-19 1.485E-19 1.543E-19 1.593E-19
 1.615E-19 1.568E-19 1.472E-19 1.443E-19 1.424E-19 1.396E-19 1.388E-19 1.441E-19 1.481E-19 1.537E-19
 1.579E-19 1.570E-19 1.559E-19 1.523E-19 1.495E-19 1.479E-19 1.455E-19 1.433E-19 1.460E-19 1.507E-19
 1.446E-19 1.391E-19 1.376E-19 1.485E-19 1.566E-19 1.552E-19 1.572E-19 1.611E-19 1.611E-19 1.575E-19
 1.492E-19 1.425E-19 1.430E-19 1.443E-19 1.457E-19 1.536E-19 1.626E-19 1.671E-19 1.613E-19 1.541E-19
 1.511E-19 1.428E-19 1.376E-19 1.434E-19 1.460E-19 1.434E-19 1.419E-19 1.485E-19 1.516E-19 1.397E-19
 1.322E-19 1.323E-19 1.361E-19 1.459E-19 1.484E-19 1.442E-19 1.445E-19 1.455E-19 1.450E-19 1.411E-19
 1.354E-19 1.393E-19 1.499E-19 1.503E-19 1.457E-19 1.490E-19 1.494E-19 1.345E-19 1.228E-19 1.275E-19
 1.295E-19 1.310E-19 1.429E-19 1.491E-19 1.541E-19 1.514E-19 1.479E-19 1.453E-19 1.374E-19 1.375E-19
 1.400E-19 1.423E-19 1.493E-19 1.493E-19 1.413E-19 1.391E-19 1.393E-19 1.384E-19 1.400E-19 1.379E-19
 1.359E-19 1.436E-19 1.487E-19 1.471E-19 1.392E-19 1.369E-19 1.385E-19 1.357E-19 1.370E-19 1.377E-19
 1.356E-19 1.413E-19 1.448E-19 1.344E-19 1.217E-19 1.183E-19 1.151E-19 1.181E-19 1.296E-19 1.398E-19
 1.438E-19 1.441E-19 1.475E-19 1.444E-19 1.339E-19 1.217E-19 1.268E-19 1.366E-19 1.402E-19 1.399E-19
 1.400E-19 1.362E-19 1.308E-19 1.265E-19 1.259E-19 1.274E-19 1.300E-19 1.307E-19 1.359E-19 1.364E-19
 1.358E-19 1.379E-19 1.358E-19 1.367E-19 1.391E-19 1.429E-19 1.442E-19 1.436E-19 1.445E-19 1.427E-19
 1.372E-19 1.374E-19 1.329E-19 1.280E-19 1.311E-19 1.373E-19 1.405E-19 1.375E-19 1.308E-19 1.300E-19
 1.285E-19 1.266E-19 1.282E-19 1.263E-19 1.320E-19 1.425E-19 1.459E-19 1.452E-19 1.401E-19 1.301E-19
 1.246E-19 1.240E-19 1.253E-19 1.302E-19 1.344E-19 1.336E-19 1.301E-19 1.273E-19 1.251E-19 1.231E-19
 1.229E-19 1.220E-19 1.220E-19 1.286E-19 1.317E-19 1.262E-19 1.281E-19 1.311E-19 1.304E-19 1.308E-19
 1.240E-19 1.194E-19 1.169E-19 1.201E-19 1.213E-19 1.210E-19 1.228E-19 1.239E-19 1.170E-19 1.160E-19
 1.274E-19 1.335E-19 1.342E-19 1.248E-19 1.226E-19 1.251E-19 1.178E-19 1.119E-19 1.116E-19 1.105E-19
 1.155E-19 1.194E-19 1.126E-19 1.097E-19 1.134E-19 1.121E-19 1.103E-19 1.120E-19 1.103E-19 1.152E-19
 1.179E-19 1.211E-19 1.256E-19 1.211E-19 1.183E-19 1.190E-19 1.113E-19 1.074E-19 1.096E-19 1.128E-19
 1.168E-19 1.135E-19 1.145E-19 1.181E-19 1.170E-19 1.084E-19 1.005E-19 1.029E-19 1.086E-19 1.153E-19
 1.211E-19 1.242E-19 1.249E-19 1.156E-19 1.019E-19 1.052E-19 1.109E-19 1.022E-19 1.062E-19 1.145E-19
 1.141E-19 1.075E-19 1.079E-19 1.109E-19 1.137E-19 1.130E-19 1.130E-19 1.221E-19 1.232E-19 1.191E-19
 1.169E-19 1.157E-19 1.042E-19 8.997E-20 8.626E-20 9.893E-20 1.110E-19 1.156E-19 1.177E-19 1.188E-19
 1.137E-19 1.053E-19 1.067E-19 1.096E-19 1.106E-19 1.200E-19 1.260E-19 1.250E-19 1.214E-19 1.213E-19
 1.176E-19 1.112E-19 1.088E-19 1.136E-19 1.262E-19 1.308E-19 1.302E-19 1.311E-19 1.265E-19 1.198E-19
 1.198E-19 1.197E-19 1.166E-19 1.168E-19 1.207E-19 1.195E-19 1.192E-19 1.172E-19 1.169E-19 1.183E-19
 1.114E-19 1.069E-19 1.111E-19 1.161E-19 1.182E-19 1.253E-19 1.302E-19 1.208E-19 1.147E-19 1.088E-19
 1.085E-19 1.116E-19 1.154E-19 1.147E-19 1.082E-19 9.916E-20 1.094E-19 1.156E-19 1.093E-19 1.099E-19
 1.085E-19 1.058E-19 1.072E-19 1.189E-19 1.240E-19 1.222E-19 1.223E-19 1.128E-19 1.053E-19 1.076E-19
 1.114E-19 1.198E-19 1.242E-19 1.228E-19 1.300E-19 1.249E-19 1.076E-19 1.056E-19 1.083E-19 1.134E-19
 1.155E-19 1.138E-19 1.128E-19 1.145E-19 1.152E-19 1.111E-19 1.075E-19 1.008E-19 1.007E-19 1.113E-19
 1.112E-19 1.052E-19 1.080E-19 1.099E-19 1.061E-19 1.089E-19 1.052E-19 1.056E-19 1.140E-19 1.096E-19
 1.038E-19 1.056E-19 1.094E-19 1.087E-19 9.508E-20 9.251E-20 9.350E-20 9.227E-20 9.480E-20 9.877E-20
 1.015E-19 1.096E-19 1.041E-19 9.455E-20 9.047E-20 9.448E-20 9.974E-20 1.016E-19 1.086E-19 1.081E-19
 1.042E-19 9.777E-20 1.021E-19 1.072E-19 1.032E-19 1.019E-19 1.031E-19 1.035E-19 1.097E-19 1.156E-19
 1.150E-19 1.125E-19 1.078E-19 1.009E-19 1.001E-19 1.014E-19 1.066E-19 1.123E-19 1.082E-19 1.074E-19
 1.072E-19 1.020E-19 1.017E-19 1.053E-19 1.085E-19 1.106E-19 1.126E-19 1.100E-19 1.080E-19 1.083E-19
 1.043E-19 1.051E-19 1.092E-19 1.084E-19 1.155E-19 1.190E-19 1.144E-19 1.110E-19 1.116E-19 1.079E-19
 9.938E-20 9.640E-20 1.027E-19 1.091E-19 1.149E-19 1.154E-19 1.065E-19 9.831E-20 9.253E-20 9.199E-20
 9.149E-20 9.691E-20 1.057E-19 1.107E-19 1.138E-19 1.127E-19 1.104E-19 1.047E-19 1.030E-19 1.065E-19
 1.137E-19 1.172E-19 1.185E-19 1.163E-19 1.117E-19 1.131E-19 1.065E-19 1.011E-19 1.003E-19 1.009E-19
 1.064E-19 1.086E-19 1.054E-19 1.051E-19 1.059E-19 9.867E-20 8.823E-20 8.494E-20 8.733E-20 9.384E-20
 1.015E-19 1.032E-19 1.019E-19 1.042E-19 1.028E-19 9.186E-20 9.096E-20 9.789E-20 1.014E-19 1.106E-19
 1.210E-19 1.256E-19 1.206E-19 1.117E-19 1.014E-19 9.795E-20 1.043E-19 1.010E-19 9.943E-20 1.064E-19
 1.143E-19 1.190E-19 1.110E-19 1.017E-19 9.909E-20 1.009E-19 1.046E-19 1.019E-19 1.010E-19 1.103E-19
 1.132E-19 1.066E-19 9.899E-20 1.019E-19 1.079E-19 1.077E-19 1.080E-19 1.128E-19 1.133E-19 1.092E-19
 1.076E-19 1.086E-19 1.085E-19 1.038E-19 9.782E-20 8.991E-20 9.096E-20 1.002E-19 1.088E-19 1.097E-19
 1.033E-19 9.465E-20 9.227E-20 9.465E-20 1.017E-19 1.104E-19 1.085E-19 1.065E-19 1.053E-19 1.043E-19
 1.054E-19 1.027E-19 9.815E-20 9.913E-20 1.072E-19 1.116E-19 1.121E-19 1.128E-19 1.103E-19 1.034E-19
 9.648E-20 9.382E-20 8.950E-20 9.253E-20 9.807E-20 1.014E-19 1.056E-19 1.025E-19 1.011E-19 1.047E-19
 1.031E-19 9.968E-20 1.022E-19 1.082E-19 1.100E-19 1.107E-19 1.078E-19 1.007E-19 9.480E-20 8.949E-20
 8.696E-20 8.787E-20 9.186E-20 1.023E-19 1.069E-19 1.171E-19 1.226E-19 1.115E-19 9.999E-20 9.154E-20
 9.488E-20 9.812E-20 1.005E-19 1.101E-19 1.126E-19 1.101E-19 1.022E-19 9.251E-20 9.051E-20 9.448E-20
 1.002E-19 1.060E-19 1.122E-19 1.132E-19 1.006E-19 9.219E-20 9.338E-20 8.655E-20 8.697E-20 9.567E-20
 9.819E-20 1.002E-19 1.090E-19 1.108E-19 1.078E-19 1.024E-19 9.590E-20 9.946E-20 1.052E-19 1.097E-19
 1.158E-19 1.074E-19 9.723E-20 9.427E-20 9.551E-20 9.473E-20 9.305E-20 9.890E-20 1.082E-19 1.124E-19
 1.164E-19 1.218E-19 1.150E-19 1.015E-19 9.522E-20 9.427E-20 1.012E-19 1.094E-19 1.081E-19 1.052E-19
 1.094E-19 1.075E-19 9.989E-20 1.016E-19 1.025E-19 9.811E-20 1.007E-19 1.091E-19 1.165E-19 1.196E-19
 1.092E-19 1.006E-19 9.668E-20 9.119E-20 8.876E-20 1.043E-19 1.197E-19 1.171E-19 1.053E-19 1.046E-19
 1.074E-19 1.026E-19 9.790E-20 9.832E-20 9.899E-20 1.032E-19 1.127E-19 1.175E-19 1.164E-19 1.085E-19
 1.053E-19 1.099E-19 1.104E-19 1.060E-19 1.069E-19 1.121E-19 1.153E-19 1.091E-19 1.030E-19 1.029E-19
 1.083E-19 1.091E-19 1.068E-19 1.120E-19 1.167E-19 1.165E-19 1.154E-19 1.068E-19 1.043E-19 1.025E-19
 1.024E-19 1.094E-19 1.104E-19 1.074E-19 1.091E-19 1.112E-19 1.070E-19 1.021E-19 9.974E-20 9.678E-20
 9.952E-20 1.055E-19 1.094E-19 1.187E-19 1.239E-19 1.185E-19 1.173E-19 1.146E-19 1.020E-19 9.623E-20
 9.812E-20 1.140E-19 1.274E-19 1.233E-19 1.205E-19 1.164E-19 1.041E-19 9.818E-20 9.821E-20 1.049E-19
 1.074E-19 1.104E-19 1.144E-19 1.094E-19 1.070E-19 1.083E-19 1.101E-19 1.110E-19 1.140E-19 1.071E-19
 1.019E-19 1.113E-19 1.144E-19 1.070E-19 9.885E-20 9.834E-20 1.015E-19 9.764E-20 1.031E-19 1.160E-19
 1.191E-19 1.182E-19 1.199E-19 1.180E-19 1.112E-19 1.091E-19 1.099E-19 1.138E-19 1.140E-19 1.169E-19
 1.203E-19 1.226E-19 1.214E-19 1.165E-19 1.086E-19 1.060E-19 1.101E-19 1.167E-19 1.214E-19 1.230E-19
 1.307E-19 1.321E-19 1.149E-19 1.050E-19 1.083E-19 1.100E-19 1.107E-19 1.112E-19 1.194E-19 1.244E-19
 1.222E-19 1.116E-19 1.056E-19 1.085E-19 1.105E-19 1.197E-19 1.234E-19 1.182E-19 1.155E-19 1.183E-19
 1.224E-19 1.203E-19 1.206E-19 1.200E-19 1.149E-19 1.165E-19 1.289E-19 1.334E-19 1.230E-19 1.131E-19
 1.107E-19 1.022E-19 1.001E-19 1.074E-19 1.137E-19 1.208E-19 1.253E-19 1.260E-19 1.170E-19 1.089E-19
 1.092E-19 1.138E-19 1.174E-19 1.174E-19 1.171E-19 1.222E-19 1.300E-19 1.293E-19 1.270E-19 1.164E-19
 1.103E-19 1.187E-19 1.230E-19 1.218E-19 1.206E-19 1.250E-19 1.253E-19 1.199E-19 1.152E-19 1.188E-19
 1.230E-19 1.225E-19 1.216E-19 1.251E-19 1.314E-19 1.257E-19 1.197E-19 1.184E-19 1.169E-19 1.175E-19
 1.207E-19 1.261E-19 1.307E-19 1.370E-19 1.443E-19 1.330E-19 1.154E-19 1.097E-19 1.129E-19 1.148E-19
 1.197E-19 1.243E-19 1.253E-19 1.257E-19 1.257E-19 1.245E-19 1.157E-19 1.077E-19 1.077E-19 1.131E-19
 1.245E-19 1.349E-19 1.317E-19 1.243E-19 1.184E-19 1.157E-19 1.182E-19 1.251E-19 1.230E-19 1.188E-19
 1.236E-19 1.329E-19 1.407E-19 1.366E-19 1.244E-19 1.128E-19 1.094E-19 1.232E-19 1.331E-19 1.369E-19
 1.378E-19 1.393E-19 1.365E-19 1.345E-19 1.371E-19 1.402E-19 1.395E-19 1.335E-19 1.330E-19 1.316E-19
 1.271E-19 1.185E-19 1.177E-19 1.215E-19 1.290E-19 1.314E-19 1.259E-19 1.250E-19 1.337E-19 1.398E-19
 1.396E-19 1.344E-19 1.227E-19 1.190E-19 1.256E-19 1.277E-19 1.334E-19 1.418E-19 1.397E-19 1.421E-19
 1.422E-19 1.380E-19 1.328E-19 1.258E-19 1.264E-19 1.323E-19 1.370E-19 1.413E-19 1.425E-19 1.434E-19
 1.455E-19 1.448E-19 1.436E-19 1.422E-19 1.409E-19 1.480E-19 1.517E-19 1.471E-19 1.450E-19 1.463E-19
 1.369E-19 1.295E-19 1.360E-19 1.426E-19 1.452E-19 1.460E-19 1.421E-19 1.472E-19 1.504E-19 1.380E-19
 1.386E-19 1.497E-19 1.562E-19 1.592E-19 1.615E-19 1.607E-19 1.607E-19 1.547E-19 1.478E-19 1.493E-19
 1.535E-19 1.568E-19 1.618E-19 1.591E-19 1.589E-19 1.564E-19 1.540E-19 1.546E-19 1.552E-19 1.564E-19
 1.635E-19 1.743E-19 1.669E-19 1.590E-19 1.574E-19 1.530E-19 1.556E-19 1.620E-19 1.554E-19 1.507E-19
 1.552E-19 1.620E-19 1.672E-19 1.695E-19 1.688E-19 1.652E-19 1.623E-19 1.594E-19 1.644E-19 1.707E-19
 1.727E-19 1.695E-19 1.695E-19 1.678E-19 1.640E-19 1.667E-19 1.628E-19 1.646E-19 1.713E-19 1.780E-19
 1.786E-19 1.745E-19 1.772E-19 1.743E-19 1.644E-19 1.628E-19 1.649E-19 1.685E-19 1.753E-19 1.794E-19
 1.798E-19 1.776E-19 1.747E-19 1.694E-19 1.617E-19 1.586E-19 1.615E-19 1.730E-19 1.826E-19 1.782E-19
 1.736E-19 1.728E-19 1.696E-19 1.686E-19 1.740E-19 1.778E-19 1.795E-19 1.867E-19 1.862E-19 1.754E-19
 1.724E-19 1.791E-19 1.857E-19 1.824E-19 1.786E-19 1.852E-19 1.907E-19 1.916E-19 1.890E-19 1.813E-19
 1.759E-19 1.755E-19 1.776E-19 1.764E-19 1.782E-19 1.814E-19 1.819E-19 1.818E-19 1.821E-19 1.852E-19
 1.886E-19 1.811E-19 1.772E-19 1.840E-19 1.909E-19 1.972E-19 1.940E-19 1.912E-19 1.926E-19 1.847E-19
 1.783E-19 1.872E-19 1.965E-19 2.033E-19 2.091E-19 2.097E-19 2.056E-19 2.006E-19 1.920E-19 1.851E-19
 1.910E-19 1.966E-19 1.951E-19 1.978E-19 2.038E-19 2.095E-19 2.079E-19 1.996E-19 1.971E-19 1.976E-19
 1.990E-19 2.041E-19 2.079E-19 2.082E-19 2.065E-19 2.068E-19 2.108E-19 2.046E-19 1.940E-19 1.975E-19
 2.095E-19 2.175E-19 2.186E-19 2.173E-19 2.143E-19 2.099E-19 2.089E-19 2.108E-19 2.021E-19 2.044E-19
 2.180E-19 2.313E-19 2.361E-19 2.367E-19 2.409E-19 2.355E-19 2.211E-19 2.141E-19 2.156E-19 2.197E-19
 2.285E-19 2.350E-19 2.358E-19 2.319E-19 2.298E-19 2.288E-19 2.270E-19 2.303E-19 2.352E-19 2.406E-19
 2.534E-19 2.570E-19 2.489E-19 2.506E-19 2.469E-19 2.362E-19 2.402E-19 2.460E-19 2.496E-19 2.542E-19
 2.542E-19 2.522E-19 2.537E-19 2.518E-19 2.493E-19 2.460E-19 2.504E-19 2.600E-19 2.683E-19 2.617E-19
 2.525E-19 2.566E-19 2.563E-19 2.457E-19 2.488E-19 2.598E-19 2.628E-19 2.614E-19 2.699E-19 2.780E-19
 2.634E-19 2.507E-19 2.554E-19 2.609E-19 2.618E-19 2.655E-19 2.721E-19 2.816E-19 2.799E-19 2.730E-19
 2.778E-19 2.826E-19 2.794E-19 2.837E-19 2.798E-19 2.788E-19 2.909E-19 2.941E-19 2.877E-19 2.764E-19
 2.736E-19 2.787E-19 2.803E-19 2.863E-19 2.958E-19 2.992E-19 3.029E-19 3.104E-19 3.061E-19 2.918E-19
 2.879E-19 2.991E-19 3.044E-19 3.037E-19 3.069E-19 3.173E-19 3.178E-19 3.130E-19 3.170E-19 3.148E-19
 3.064E-19 3.098E-19 3.234E-19 3.297E-19 3.287E-19 3.270E-19 3.298E-19 3.267E-19 3.267E-19 3.261E-19
 3.333E-19 3.307E-19 3.356E-19 3.517E-19 3.560E-19 3.510E-19 3.467E-19 3.448E-19 3.433E-19 3.516E-19
 3.575E-19 3.635E-19 3.602E-19 3.510E-19 3.456E-19 3.452E-19 3.412E-19 3.356E-19 3.310E-19 3.320E-19
 3.450E-19 3.571E-19 3.634E-19 3.634E-19 3.630E-19 3.599E-19 3.547E-19 3.560E-19 3.539E-19 3.604E-19
 3.696E-19 3.739E-19 3.740E-19 3.698E-19 3.671E-19 3.661E-19 3.605E-19 3.601E-19 3.746E-19 3.885E-19
 3.885E-19 3.886E-19 3.885E-19 3.821E-19 3.762E-19 3.772E-19 3.770E-19 3.769E-19 3.825E-19 3.886E-19
 3.933E-19 3.954E-19 3.978E-19 3.920E-19 3.822E-19 3.799E-19 3.902E-19 3.984E-19 3.991E-19 4.008E-19
 4.060E-19 4.082E-19 4.050E-19 3.993E-19 3.970E-19 4.034E-19 4.126E-19 4.207E-19 4.274E-19 4.242E-19
 4.191E-19 4.159E-19 4.104E-19 4.144E-19 4.164E-19 4.182E-19 4.270E-19 4.279E-19 4.290E-19 4.294E-19
 4.231E-19 4.190E-19 4.233E-19 4.278E-19 4.292E-19 4.340E-19 4.336E-19 4.377E-19 4.493E-19 4.512E-19
 4.388E-19 4.266E-19 4.288E-19 4.381E-19 4.466E-19 4.524E-19 4.527E-19 4.488E-19 4.527E-19 4.533E-19
 4.509E-19 4.497E-19 4.478E-19 4.513E-19 4.558E-19 4.603E-19 4.606E-19 4.574E-19 4.573E-19 4.621E-19
 4.647E-19 4.608E-19 4.598E-19 4.636E-19 4.716E-19 4.848E-19 4.892E-19 4.741E-19 4.652E-19 4.717E-19
 4.784E-19 4.810E-19 4.858E-19 4.904E-19 4.922E-19 4.947E-19 4.897E-19 4.859E-19 4.818E-19 4.814E-19
 4.836E-19 4.877E-19 4.942E-19 4.966E-19 4.919E-19 4.844E-19 4.777E-19 4.761E-19 4.797E-19 4.805E-19
 4.861E-19 5.011E-19 5.177E-19 5.221E-19 5.147E-19 5.104E-19 5.112E-19 5.031E-19 4.944E-19 5.001E-19
 5.062E-19 4.975E-19 4.912E-19 4.971E-19 5.010E-19 4.952E-19 4.979E-19 5.119E-19 5.227E-19 5.221E-19
 5.245E-19 5.253E-19 5.243E-19 5.312E-19 5.353E-19 5.333E-19 5.228E-19 5.241E-19 5.322E-19 5.383E-19
 5.361E-19 5.340E-19 5.334E-19 5.324E-19 5.302E-19 5.360E-19 5.426E-19 5.380E-19 5.352E-19 5.485E-19
 5.577E-19 5.554E-19 5.482E-19 5.421E-19 5.455E-19 5.474E-19 5.568E-19 5.679E-19 5.594E-19 5.543E-19
 5.534E-19 5.450E-19 5.480E-19 5.546E-19 5.580E-19 5.611E-19 5.655E-19 5.696E-19 5.684E-19 5.543E-19
 5.547E-19 5.560E-19 5.530E-19 5.550E-19 5.600E-19 5.679E-19 5.786E-19 5.775E-19 5.718E-19 5.735E-19
 5.712E-19 5.678E-19 5.766E-19 5.874E-19 5.906E-19 5.881E-19 5.855E-19 5.963E-19 5.996E-19 5.938E-19
 5.831E-19 5.719E-19 5.774E-19 5.889E-19 5.950E-19 5.967E-19 5.951E-19 5.848E-19 5.817E-19 5.756E-19
 5.731E-19 5.941E-19 6.060E-19 6.024E-19 6.071E-19 6.111E-19 6.120E-19 6.085E-19 5.997E-19 5.959E-19
 6.017E-19 6.123E-19 6.221E-19 6.256E-19 6.226E-19 6.218E-19 6.217E-19 6.148E-19 6.101E-19 6.087E-19
 6.074E-19 6.177E-19 6.278E-19 6.299E-19 6.264E-19 6.163E-19 6.107E-19 6.130E-19 6.149E-19 6.286E-19
 6.381E-19 6.330E-19 6.283E-19 6.266E-19 6.302E-19 6.359E-19 6.316E-19 6.252E-19 6.230E-19 6.257E-19
 6.347E-19 6.388E-19 6.374E-19 6.469E-19 6.405E-19 6.348E-19 6.358E-19 6.330E-19 6.339E-19 6.419E-19
 6.457E-19 6.429E-19 6.435E-19 6.429E-19 6.373E-19 6.410E-19 6.426E-19 6.401E-19 6.376E-19 6.417E-19
 6.475E-19 6.572E-19 6.555E-19 6.352E-19 6.271E-19 6.224E-19 6.269E-19 6.461E-19 6.557E-19 6.582E-19
 6.534E-19 6.496E-19 6.544E-19 6.489E-19 6.408E-19 6.425E-19 6.477E-19 6.535E-19 6.615E-19 6.756E-19
 6.773E-19 6.637E-19 6.576E-19 6.518E-19 6.540E-19 6.631E-19 6.675E-19 6.603E-19 6.500E-19 6.483E-19
 6.559E-19 6.538E-19 6.562E-19 6.621E-19 6.618E-19 6.657E-19 6.749E-19 6.694E-19 6.658E-19 6.617E-19
 6.489E-19 6.431E-19 6.486E-19 6.645E-19 6.789E-19 6.695E-19 6.540E-19 6.493E-19 6.561E-19 6.605E-19
 6.622E-19 6.584E-19 6.586E-19 6.617E-19 6.704E-19 6.746E-19 6.733E-19 6.671E-19 6.596E-19 6.542E-19
 6.466E-19 6.506E-19 6.632E-19 6.664E-19 6.682E-19 6.659E-19 6.626E-19 6.693E-19 6.753E-19 6.782E-19
 6.649E-19 6.590E-19 6.647E-19 6.718E-19 6.794E-19 6.745E-19 6.570E-19 6.440E-19 6.400E-19 6.475E-19
 6.607E-19 6.672E-19 6.640E-19 6.602E-19 6.569E-19 6.611E-19 6.718E-19 6.725E-19 6.621E-19 6.570E-19
 6.622E-19 6.725E-19 6.785E-19 6.741E-19 6.646E-19 6.490E-19 6.362E-19 6.422E-19 6.567E-19 6.697E-19
 6.698E-19 6.633E-19 6.600E-19 6.669E-19 6.707E-19 6.699E-19 6.630E-19 6.631E-19 6.666E-19 6.693E-19
 6.728E-19 6.711E-19 6.678E-19 6.660E-19 6.629E-19 6.567E-19 6.585E-19 6.703E-19 6.708E-19 6.701E-19
 6.794E-19 6.748E-19 6.620E-19 6.620E-19 6.654E-19 6.671E-19 6.649E-19 6.719E-19 6.845E-19 6.796E-19
 6.648E-19 6.628E-19 6.602E-19 6.512E-19 6.599E-19 6.711E-19 6.710E-19 6.700E-19 6.721E-19 6.755E-19
 6.782E-19 6.707E-19 6.566E-19 6.526E-19 6.652E-19 6.765E-19 6.791E-19 6.807E-19 6.747E-19 6.803E-19
 6.814E-19 6.613E-19 6.622E-19 6.741E-19 6.762E-19 6.757E-19 6.776E-19 6.864E-19 6.958E-19 6.847E-19
 6.753E-19 6.729E-19 6.708E-19 6.703E-19 6.747E-19 6.771E-19 6.761E-19 6.811E-19 6.794E-19 6.686E-19
 6.684E-19 6.719E-19 6.713E-19 6.776E-19 6.851E-19 6.890E-19 6.935E-19 6.927E-19 6.866E-19 6.853E-19
 6.826E-19 6.841E-19 6.932E-19 6.949E-19 6.857E-19 6.853E-19 6.908E-19 6.829E-19 6.803E-19 6.787E-19
 6.766E-19 6.864E-19 6.917E-19 6.959E-19 6.931E-19 6.793E-19 6.804E-19 6.857E-19 6.873E-19 6.892E-19
 6.851E-19 6.826E-19 6.916E-19 6.908E-19 6.888E-19 6.981E-19 6.991E-19 6.909E-19 6.927E-19 6.979E-19
 7.004E-19 7.086E-19 7.112E-19 7.049E-19 6.997E-19 6.989E-19 7.022E-19 7.043E-19 7.068E-19 7.067E-19
 7.061E-19 7.129E-19 7.193E-19 7.228E-19 7.135E-19 7.005E-19 7.077E-19 7.185E-19 7.273E-19 7.246E-19
 7.162E-19 7.156E-19 7.279E-19 7.368E-19 7.407E-19 7.423E-19 7.333E-19 7.339E-19 7.422E-19 7.539E-19
 7.620E-19 7.575E-19 7.451E-19 7.442E-19 7.440E-19 7.456E-19 7.573E-19 7.742E-19 7.721E-19 7.668E-19
 7.756E-19 7.858E-19 7.843E-19 7.756E-19 7.733E-19 7.758E-19 7.763E-19 7.835E-19 7.839E-19 7.820E-19
 7.786E-19 7.715E-19 7.744E-19 7.896E-19 7.990E-19 7.973E-19 7.942E-19 7.962E-19 8.103E-19 8.191E-19
 8.142E-19 8.028E-19 8.015E-19 8.162E-19 8.319E-19 8.351E-19 8.390E-19 8.353E-19 8.290E-19 8.270E-19
 8.252E-19 8.180E-19 8.117E-19 8.233E-19 8.362E-19 8.509E-19 8.595E-19 8.550E-19 8.482E-19 8.463E-19
 8.528E-19 8.594E-19 8.687E-19 8.709E-19 8.592E-19 8.648E-19 8.687E-19 8.614E-19 8.616E-19 8.599E-19
 8.563E-19 8.673E-19 8.806E-19 8.964E-19 9.177E-19 9.192E-19 9.153E-19 9.184E-19 9.229E-19 9.304E-19
 9.276E-19 9.157E-19 9.245E-19 9.387E-19 9.472E-19 9.586E-19 9.527E-19 9.335E-19 9.319E-19 9.451E-19
 9.549E-19 9.562E-19 9.596E-19 9.616E-19 9.590E-19 9.554E-19 9.558E-19 9.613E-19 9.675E-19 9.665E-19
 9.707E-19 9.854E-19 9.922E-19 9.902E-19 9.828E-19 9.770E-19 9.825E-19 9.955E-19 1.008E-18 1.005E-18
 1.002E-18 1.009E-18 1.021E-18 1.025E-18 1.014E-18 1.006E-18 1.010E-18 1.024E-18 1.042E-18 1.052E-18
 1.050E-18 1.044E-18 1.043E-18 1.052E-18 1.057E-18 1.042E-18 1.037E-18 1.047E-18 1.057E-18 1.078E-18
 1.093E-18 1.086E-18 1.075E-18 1.066E-18 1.066E-18 1.079E-18 1.088E-18 1.084E-18 1.083E-18 1.098E-18
 1.097E-18 1.081E-18 1.080E-18 1.085E-18 1.082E-18 1.084E-18 1.091E-18 1.105E-18 1.115E-18 1.100E-18
 1.095E-18 1.102E-18 1.098E-18 1.104E-18 1.113E-18 1.120E-18 1.133E-18 1.160E-18 1.180E-18 1.186E-18
 1.177E-18 1.164E-18 1.166E-18 1.178E-18 1.192E-18 1.206E-18 1.201E-18 1.184E-18 1.179E-18 1.168E-18
 1.142E-18 1.119E-18 1.100E-18 1.100E-18 1.111E-18 1.120E-18 1.127E-18 1.114E-18 1.089E-18 1.067E-18
 1.070E-18 1.084E-18 1.094E-18 1.095E-18 1.082E-18 1.081E-18 1.097E-18 1.097E-18 1.079E-18 1.066E-18
 1.038E-18 1.023E-18 1.024E-18 1.028E-18 1.031E-18 1.032E-18 1.037E-18 1.045E-18 1.061E-18 1.085E-18
 1.094E-18 1.097E-18 1.099E-18 1.070E-18 1.042E-18 1.021E-18 9.955E-19 9.766E-19 9.798E-19 9.782E-19
 9.809E-19 9.922E-19 9.827E-19 9.691E-19 9.686E-19 9.655E-19 9.333E-19 8.991E-19 8.827E-19 8.745E-19
 8.808E-19 8.872E-19 8.813E-19 8.720E-19 8.609E-19 8.500E-19 8.372E-19 8.330E-19 8.298E-19 8.168E-19
 8.027E-19 7.993E-19 7.980E-19 7.867E-19 7.797E-19 7.727E-19 7.716E-19 7.931E-19 8.108E-19 8.086E-19
 8.016E-19 7.982E-19 7.896E-19 7.671E-19 7.391E-19 7.324E-19 7.370E-19 7.390E-19 7.525E-19 7.624E-19
 7.666E-19 7.732E-19 7.758E-19 7.742E-19 7.781E-19 7.793E-19 7.742E-19 7.579E-19 7.273E-19 7.115E-19
 7.109E-19 7.087E-19 7.141E-19 7.126E-19 7.138E-19 7.181E-19 7.118E-19 7.090E-19 6.995E-19 6.676E-19
 6.176E-19 5.607E-19 5.237E-19 5.160E-19 5.256E-19 5.282E-19 5.193E-19 5.178E-19 5.203E-19 5.206E-19
 5.191E-19 5.158E-19 5.105E-19 5.097E-19 5.163E-19 5.217E-19 5.234E-19 5.190E-19 5.169E-19 5.228E-19
 5.218E-19 5.269E-19 5.305E-19 5.230E-19 5.296E-19 5.452E-19 5.496E-19 5.437E-19 5.350E-19 5.327E-19
 5.295E-19 5.209E-19 5.209E-19 5.352E-19 5.468E-19 5.507E-19 5.538E-19 5.531E-19 5.482E-19 5.502E-19
 5.496E-19 5.529E-19 5.611E-19 5.624E-19 5.636E-19 5.698E-19 5.732E-19 5.706E-19 5.674E-19 5.620E-19
 5.581E-19 5.648E-19 5.709E-19 5.752E-19 5.772E-19 5.729E-19 5.692E-19 5.717E-19 5.756E-19 5.777E-19
 5.837E-19 5.959E-19 5.972E-19 5.845E-19 5.769E-19 5.811E-19 5.851E-19 5.850E-19 5.828E-19 5.848E-19
 5.869E-19 5.910E-19 5.964E-19 5.994E-19 6.065E-19 5.979E-19 5.928E-19 5.897E-19 5.942E-19 6.096E-19
 6.164E-19 6.094E-19 6.056E-19 5.984E-19 6.015E-19 6.086E-19 5.980E-19 5.950E-19 6.046E-19 6.147E-19
 6.243E-19 6.290E-19 6.271E-19 6.269E-19 6.209E-19 6.231E-19 6.233E-19 6.214E-19 6.385E-19 6.483E-19
 6.457E-19 6.423E-19 6.399E-19 6.424E-19 6.447E-19 6.391E-19 6.381E-19 6.422E-19 6.485E-19 6.464E-19
 6.363E-19 6.281E-19 6.265E-19 6.356E-19 6.437E-19 6.465E-19 6.409E-19 6.441E-19 6.557E-19 6.663E-19
 6.682E-19 6.545E-19 6.455E-19 6.439E-19 6.490E-19 6.566E-19 6.608E-19 6.577E-19 6.563E-19 6.591E-19
 6.603E-19 6.528E-19 6.574E-19 6.702E-19 6.771E-19 6.830E-19 6.871E-19 6.842E-19 6.734E-19 6.728E-19
 6.777E-19 6.690E-19 6.598E-19 6.670E-19 6.797E-19 6.926E-19 6.914E-19 6.864E-19 6.900E-19 6.773E-19
 6.629E-19 6.655E-19 6.707E-19 6.765E-19 6.889E-19 7.077E-19 7.115E-19 6.978E-19 6.882E-19 6.807E-19
 6.764E-19 6.864E-19 6.976E-19 7.076E-19 7.072E-19 7.074E-19 7.027E-19 6.933E-19 6.906E-19 6.924E-19
 6.990E-19 7.107E-19 7.064E-19 7.024E-19 7.075E-19 7.041E-19 6.945E-19 6.948E-19 7.014E-19 6.983E-19
 6.998E-19 7.036E-19 7.092E-19 7.156E-19 7.114E-19 7.042E-19 6.979E-19 6.965E-19 7.024E-19 7.140E-19
 7.120E-19 7.109E-19 7.157E-19 7.136E-19 7.189E-19 7.125E-19 7.036E-19 7.119E-19 7.210E-19 7.178E-19
 7.136E-19 7.176E-19 7.119E-19 7.055E-19 7.034E-19 7.056E-19 6.953E-19 6.920E-19 7.093E-19 7.227E-19
 7.244E-19 7.110E-19 6.992E-19 7.011E-19 7.074E-19 7.026E-19 6.942E-19 6.977E-19 7.088E-19 7.148E-19
 7.154E-19 7.052E-19 7.078E-19 7.171E-19 7.137E-19 7.065E-19 7.053E-19 7.077E-19 7.158E-19 7.167E-19
 7.068E-19 7.052E-19 7.007E-19 6.938E-19 6.870E-19 6.836E-19 6.851E-19 6.912E-19 7.081E-19 7.112E-19
 7.047E-19 6.950E-19 6.948E-19 6.981E-19 6.871E-19 6.824E-19 6.855E-19 6.990E-19 7.094E-19 7.025E-19
 6.983E-19 6.926E-19 6.929E-19 6.924E-19 6.956E-19 6.986E-19 6.941E-19 6.909E-19 6.927E-19 6.922E-19
 6.856E-19 6.719E-19 6.743E-19 6.930E-19 6.987E-19 6.953E-19 6.881E-19 6.901E-19 6.922E-19 6.798E-19
 6.739E-19 6.698E-19 6.779E-19 6.868E-19 6.872E-19 6.809E-19 6.772E-19 6.746E-19 6.675E-19 6.633E-19
 6.657E-19 6.672E-19 6.630E-19 6.618E-19 6.633E-19 6.721E-19 6.713E-19 6.636E-19 6.562E-19 6.588E-19
 6.595E-19 6.570E-19 6.544E-19 6.534E-19 6.500E-19 6.505E-19 6.495E-19 6.290E-19 6.189E-19 6.301E-19
 6.461E-19 6.542E-19 6.459E-19 6.344E-19 6.325E-19 6.397E-19 6.323E-19 6.127E-19 6.035E-19 6.134E-19
 6.228E-19 6.226E-19 6.142E-19 6.093E-19 6.136E-19 6.113E-19 6.098E-19 5.997E-19 6.031E-19 6.166E-19
 6.253E-19 6.301E-19 6.228E-19 6.058E-19 5.964E-19 5.994E-19 6.039E-19 5.985E-19 5.881E-19 5.899E-19
 5.968E-19 5.934E-19 5.702E-19 5.636E-19 5.700E-19 5.796E-19 5.878E-19 5.902E-19 5.892E-19 5.922E-19
 5.951E-19 5.833E-19 5.620E-19 5.534E-19 5.584E-19 5.589E-19 5.569E-19 5.583E-19 5.578E-19 5.574E-19
 5.530E-19 5.430E-19 5.276E-19 5.266E-19 5.321E-19 5.387E-19 5.399E-19 5.326E-19 5.290E-19 5.397E-19
 5.468E-19 5.282E-19 5.187E-19 5.255E-19 5.309E-19 5.361E-19 5.230E-19 5.170E-19 5.289E-19 5.336E-19
 5.170E-19 4.923E-19 4.835E-19 4.931E-19 5.052E-19 5.027E-19 4.988E-19 5.094E-19 5.111E-19 4.924E-19
 4.800E-19 4.789E-19 4.809E-19 4.821E-19 4.796E-19 4.730E-19 4.742E-19 4.739E-19 4.764E-19 4.654E-19
 4.521E-19 4.465E-19 4.546E-19 4.658E-19 4.709E-19 4.650E-19 4.589E-19 4.579E-19 4.576E-19 4.439E-19
 4.345E-19 4.297E-19 4.259E-19 4.302E-19 4.324E-19 4.365E-19 4.407E-19 4.373E-19 4.353E-19 4.338E-19
 4.295E-19 4.231E-19 4.211E-19 4.255E-19 4.347E-19 4.314E-19 4.183E-19 4.100E-19 4.022E-19 3.992E-19
 4.035E-19 4.091E-19 4.068E-19 4.102E-19 4.036E-19 3.944E-19 3.913E-19 3.915E-19 3.945E-19 3.954E-19
 3.944E-19 3.857E-19 3.814E-19 3.853E-19 3.803E-19 3.741E-19 3.727E-19 3.709E-19 3.695E-19 3.659E-19
 3.661E-19 3.670E-19 3.636E-19 3.598E-19 3.525E-19 3.434E-19 3.393E-19 3.428E-19 3.494E-19 3.525E-19
 3.466E-19 3.379E-19 3.354E-19 3.287E-19 3.260E-19 3.305E-19 3.251E-19 3.266E-19 3.282E-19 3.217E-19
 3.206E-19 3.245E-19 3.215E-19 3.161E-19 3.109E-19 3.074E-19 3.136E-19 3.175E-19 3.216E-19 3.189E-19
 3.079E-19 3.082E-19 3.079E-19 3.020E-19 3.014E-19 3.055E-19 3.072E-19 3.060E-19 3.050E-19 2.954E-19
 2.799E-19 2.749E-19 2.751E-19 2.733E-19 2.807E-19 2.903E-19 2.878E-19 2.810E-19 2.858E-19 2.925E-19
 2.831E-19 2.739E-19 2.726E-19 2.674E-19 2.602E-19 2.628E-19 2.554E-19 2.512E-19 2.532E-19 2.485E-19
 2.419E-19 2.380E-19 2.458E-19 2.453E-19 2.363E-19 2.359E-19 2.470E-19 2.491E-19 2.397E-19 2.390E-19
 2.394E-19 2.316E-19 2.306E-19 2.362E-19 2.360E-19 2.377E-19 2.378E-19 2.293E-19 2.205E-19 2.175E-19
 2.155E-19 2.203E-19 2.249E-19 2.270E-19 2.265E-19 2.230E-19 2.189E-19 2.117E-19 2.030E-19 2.030E-19
 2.059E-19 2.093E-19 2.124E-19 2.133E-19 2.115E-19 2.037E-19 2.053E-19 2.075E-19 1.984E-19 1.892E-19
 1.927E-19 1.999E-19 1.988E-19 1.953E-19 2.006E-19 2.003E-19 1.983E-19 1.947E-19 1.887E-19 1.852E-19
 1.849E-19 1.898E-19 1.875E-19 1.842E-19 1.804E-19 1.765E-19 1.703E-19 1.662E-19 1.638E-19 1.687E-19
 1.791E-19 1.792E-19 1.677E-19 1.653E-19 1.746E-19 1.684E-19 1.629E-19 1.696E-19 1.712E-19 1.666E-19
 1.643E-19 1.589E-19 1.540E-19 1.507E-19 1.517E-19 1.474E-19 1.458E-19 1.507E-19 1.539E-19 1.536E-19
 1.503E-19 1.457E-19 1.436E-19 1.388E-19 1.339E-19 1.354E-19 1.420E-19 1.471E-19 1.499E-19 1.458E-19
 1.386E-19 1.350E-19 1.299E-19 1.231E-19 1.237E-19 1.295E-19 1.366E-19 1.390E-19 1.379E-19 1.375E-19
 1.374E-19 1.309E-19 1.223E-19 1.260E-19 1.283E-19 1.330E-19 1.368E-19 1.348E-19 1.308E-19 1.266E-19
 1.154E-19 1.100E-19 1.068E-19 1.010E-19 1.113E-19 1.206E-19 1.244E-19 1.176E-19 1.139E-19 1.121E-19
 1.064E-19 1.094E-19 1.082E-19 1.124E-19 1.179E-19 1.167E-19 1.157E-19 1.196E-19 1.185E-19 1.123E-19
 1.018E-19 9.383E-20 1.011E-19 1.115E-19 1.131E-19 1.130E-19 1.117E-19 1.083E-19 1.071E-19 1.058E-19
 1.003E-19 1.007E-19 1.110E-19 1.140E-19 1.097E-19 1.035E-19 9.887E-20 9.366E-20 9.018E-20 8.805E-20
 9.036E-20 9.214E-20 9.678E-20 1.053E-19 1.108E-19 1.042E-19 9.340E-20 9.042E-20 9.146E-20 9.189E-20
 9.246E-20 9.381E-20 9.394E-20 9.980E-20 9.857E-20 9.112E-20 8.737E-20 8.354E-20 8.063E-20 8.578E-20
 8.955E-20 9.038E-20 8.866E-20 8.767E-20 8.264E-20 8.115E-20 7.937E-20 7.563E-20 7.726E-20 8.525E-20
 8.380E-20 8.385E-20 8.900E-20 8.697E-20 8.256E-20 7.532E-20 6.975E-20 7.396E-20 8.432E-20 8.711E-20
 8.187E-20 7.864E-20 7.742E-20 7.318E-20 6.741E-20 6.658E-20 6.850E-20 7.267E-20 8.078E-20 8.638E-20
 8.811E-20 8.185E-20 7.590E-20 7.611E-20 7.881E-20 7.718E-20 7.394E-20 7.951E-20 8.632E-20 8.353E-20
 7.937E-20 7.834E-20 7.276E-20 6.664E-20 6.491E-20 6.352E-20 6.852E-20 7.232E-20 7.811E-20 7.860E-20
 7.330E-20 7.550E-20 7.800E-20 7.534E-20 7.304E-20 7.182E-20 7.065E-20 7.337E-20 7.409E-20 7.299E-20
 7.116E-20 6.861E-20 6.851E-20 7.158E-20 7.537E-20 7.964E-20 8.333E-20 7.957E-20 6.931E-20 6.758E-20
 6.578E-20 6.226E-20 6.221E-20 5.847E-20 6.258E-20 7.309E-20 7.943E-20 7.833E-20 7.435E-20 7.599E-20
 7.548E-20 7.525E-20 7.445E-20 7.545E-20 7.711E-20 7.286E-20 7.353E-20 6.972E-20 6.862E-20 6.721E-20
 6.205E-20 5.868E-20 5.836E-20 6.460E-20 7.214E-20 6.865E-20 5.887E-20 5.505E-20 5.533E-20 5.700E-20
 6.251E-20 6.493E-20 6.709E-20 6.920E-20 6.889E-20 6.855E-20 6.327E-20 5.913E-20 6.011E-20 6.279E-20
 6.716E-20 7.276E-20 7.560E-20 7.747E-20 7.076E-20 6.143E-20 5.812E-20 5.340E-20 6.068E-20 6.782E-20
 7.181E-20 7.825E-20 8.612E-20 8.298E-20 7.319E-20 6.741E-20 6.342E-20 6.134E-20 6.705E-20 7.724E-20
 8.345E-20 8.128E-20 7.538E-20 7.244E-20 6.939E-20 6.215E-20 6.126E-20 6.169E-20 5.456E-20 6.010E-20
 6.782E-20 7.024E-20 7.041E-20 6.611E-20 6.490E-20 6.623E-20 6.588E-20 6.631E-20 6.655E-20 7.235E-20
 7.301E-20 6.994E-20 6.258E-20 5.767E-20 5.451E-20 5.857E-20 6.288E-20 6.663E-20 7.325E-20 7.264E-20
 6.935E-20 6.503E-20 6.185E-20 5.818E-20 5.809E-20 6.368E-20 6.962E-20 7.486E-20 7.873E-20 7.819E-20
 7.324E-20 6.890E-20 7.029E-20 7.441E-20 7.138E-20 7.403E-20 7.871E-20 7.740E-20 7.466E-20 7.176E-20
 6.829E-20 6.199E-20 6.050E-20 6.558E-20 6.766E-20 6.597E-20 6.704E-20 6.871E-20 6.591E-20 6.508E-20
 6.648E-20 7.014E-20 7.478E-20 7.672E-20 7.481E-20 7.391E-20 7.226E-20 7.120E-20 7.286E-20 7.587E-20
 7.051E-20 6.681E-20 6.683E-20 6.702E-20 7.184E-20 7.513E-20 7.436E-20 6.528E-20 5.900E-20 6.164E-20
 6.501E-20 6.579E-20 6.481E-20 6.345E-20 6.455E-20 6.605E-20 6.291E-20 5.495E-20 5.629E-20 6.136E-20
 6.303E-20 6.594E-20 7.097E-20 7.009E-20 7.676E-20 7.915E-20 7.217E-20 6.716E-20 6.435E-20 6.657E-20
 6.643E-20 7.122E-20 7.747E-20 7.495E-20 6.495E-20 5.759E-20 5.631E-20 5.931E-20 5.590E-20 5.770E-20
 6.921E-20 7.735E-20 7.784E-20 7.006E-20 7.109E-20 7.419E-20 6.855E-20 6.324E-20 6.996E-20 7.816E-20
 7.759E-20 7.774E-20 7.673E-20 7.031E-20 6.442E-20 5.810E-20 6.122E-20 6.829E-20 7.458E-20 7.629E-20
 6.940E-20 6.457E-20 6.280E-20 5.852E-20 5.954E-20 6.300E-20 6.876E-20 7.425E-20 7.677E-20 7.765E-20
 8.218E-20 7.753E-20 6.772E-20 6.544E-20 7.426E-20 7.719E-20 6.990E-20 7.194E-20 7.804E-20 7.838E-20
 7.386E-20 7.014E-20 7.126E-20 7.458E-20 7.902E-20 8.017E-20 7.494E-20 7.710E-20 7.585E-20 7.104E-20
 7.338E-20 7.606E-20 6.977E-20 6.677E-20 6.636E-20 6.697E-20 7.245E-20 8.064E-20 8.193E-20 7.795E-20
 7.504E-20 6.782E-20 6.394E-20 6.629E-20 6.961E-20 7.364E-20 7.599E-20 8.082E-20 8.025E-20 7.197E-20
 6.588E-20 6.515E-20 6.442E-20 6.770E-20 7.167E-20 6.850E-20 7.046E-20 7.675E-20 7.358E-20 6.598E-20
 6.067E-20 6.126E-20 6.972E-20 7.317E-20 6.874E-20 6.422E-20 6.953E-20 7.282E-20 6.935E-20 6.807E-20
 6.985E-20 7.056E-20 7.581E-20 7.957E-20 8.151E-20 7.899E-20 7.429E-20 7.137E-20 6.520E-20 6.337E-20
 7.011E-20 7.655E-20 7.626E-20 7.613E-20 7.586E-20 7.875E-20 7.584E-20 6.897E-20 6.361E-20 6.147E-20
 6.521E-20 6.877E-20 7.102E-20 7.433E-20 7.117E-20 7.280E-20 7.257E-20 6.942E-20 7.239E-20 7.462E-20
 7.277E-20 7.359E-20 7.956E-20 7.795E-20 6.777E-20 6.206E-20 6.274E-20 6.844E-20 6.893E-20 6.837E-20
 7.341E-20 7.652E-20 7.154E-20 6.785E-20 6.561E-20 5.991E-20 6.179E-20 6.949E-20 7.406E-20 7.616E-20
 7.460E-20 7.421E-20 7.290E-20 6.597E-20 5.535E-20 5.987E-20 7.155E-20 7.074E-20 7.035E-20 7.226E-20
 7.196E-20 7.306E-20 7.224E-20 7.318E-20 7.091E-20 6.671E-20 6.854E-20 6.997E-20 7.572E-20 8.116E-20
 7.317E-20 6.672E-20 6.202E-20 5.836E-20 6.409E-20 6.683E-20 7.020E-20 7.156E-20 7.426E-20 7.162E-20
 6.870E-20 6.821E-20 6.812E-20 7.530E-20 8.008E-20 7.624E-20 7.533E-20 7.642E-20 7.865E-20 7.709E-20
 7.149E-20 7.144E-20 7.084E-20 6.261E-20 6.325E-20 7.320E-20 7.988E-20 7.833E-20 7.431E-20 7.353E-20
 7.109E-20 7.191E-20 8.036E-20 7.800E-20 7.697E-20 7.993E-20 8.313E-20 8.310E-20 7.945E-20 7.781E-20
 7.785E-20 7.344E-20 7.074E-20 7.180E-20 7.435E-20 7.914E-20 8.098E-20 7.749E-20 7.034E-20 7.008E-20
 7.500E-20 7.535E-20 7.605E-20 8.250E-20 8.698E-20 8.252E-20 7.948E-20 7.981E-20 7.845E-20 7.787E-20
 7.447E-20 7.586E-20 8.089E-20 8.567E-20 9.029E-20 9.034E-20 9.051E-20 8.952E-20 8.404E-20 8.201E-20
 8.595E-20 9.103E-20 9.387E-20 9.144E-20 9.005E-20 9.447E-20 8.617E-20 8.225E-20 8.611E-20 8.497E-20
 9.085E-20 9.948E-20 9.606E-20 8.976E-20 9.036E-20 8.959E-20 9.289E-20 9.271E-20 8.975E-20 9.314E-20
 9.344E-20 9.498E-20 9.456E-20 9.295E-20 8.945E-20 8.305E-20 7.995E-20 8.517E-20 8.888E-20 9.311E-20
 9.727E-20 9.788E-20 9.582E-20 9.593E-20 9.788E-20 9.821E-20 9.629E-20 9.887E-20 1.056E-19 1.037E-19
 9.880E-20 9.905E-20 9.775E-20 9.617E-20 9.534E-20 9.616E-20 9.824E-20 1.061E-19 1.063E-19 1.049E-19
 1.028E-19 9.936E-20 9.926E-20 9.801E-20 9.403E-20 9.025E-20 9.607E-20 1.050E-19 1.060E-19 1.047E-19
 1.032E-19 1.016E-19 1.046E-19 1.017E-19 9.819E-20 1.037E-19 1.065E-19 1.045E-19 1.013E-19 9.934E-20
 1.041E-19 1.025E-19 9.928E-20 1.016E-19 1.089E-19 1.156E-19 1.156E-19 1.121E-19 1.100E-19 1.088E-19
 1.104E-19 1.108E-19 1.086E-19 1.101E-19 1.177E-19 1.222E-19 1.189E-19 1.135E-19 1.106E-19 1.105E-19
 1.114E-19 1.088E-19 1.081E-19 1.124E-19 1.186E-19 1.227E-19 1.196E-19 1.133E-19 1.096E-19 1.099E-19
 1.124E-19 1.165E-19 1.190E-19 1.210E-19 1.230E-19 1.196E-19 1.173E-19 1.147E-19 1.083E-19 1.074E-19
 1.150E-19 1.162E-19 1.139E-19 1.195E-19 1.260E-19 1.221E-19 1.121E-19 1.086E-19 1.144E-19 1.154E-19
 1.144E-19 1.195E-19 1.266E-19 1.291E-19 1.234E-19 1.198E-19 1.211E-19 1.161E-19 1.119E-19 1.180E-19
 1.232E-19 1.218E-19 1.172E-19 1.201E-19 1.259E-19 1.287E-19 1.315E-19 1.333E-19 1.311E-19 1.260E-19
 1.223E-19 1.183E-19 1.164E-19 1.180E-19 1.165E-19 1.186E-19 1.260E-19 1.289E-19 1.259E-19 1.213E-19
 1.212E-19 1.262E-19 1.244E-19 1.182E-19 1.125E-19 1.067E-19 1.113E-19 1.172E-19 1.169E-19 1.147E-19
 1.176E-19 1.180E-19 1.106E-19 1.073E-19 1.129E-19 1.135E-19 1.118E-19 1.144E-19 1.172E-19 1.191E-19
 1.137E-19 1.089E-19 1.081E-19 1.096E-19 1.109E-19 1.083E-19 1.066E-19 1.131E-19 1.204E-19 1.237E-19
 1.235E-19 1.157E-19 1.080E-19 1.091E-19 1.125E-19 1.137E-19 1.181E-19 1.219E-19 1.192E-19 1.125E-19
 1.135E-19 1.186E-19 1.187E-19 1.107E-19 1.136E-19 1.225E-19 1.231E-19 1.147E-19 1.040E-19 1.028E-19
 1.048E-19 1.048E-19 1.039E-19 1.083E-19 1.080E-19 1.072E-19 1.108E-19 1.074E-19 1.024E-19 1.010E-19
 9.655E-20 9.056E-20 8.928E-20 9.225E-20 9.421E-20 9.645E-20 9.626E-20 9.679E-20 9.417E-20 9.602E-20
 9.501E-20 9.337E-20 9.754E-20 1.066E-19 1.132E-19 1.079E-19 1.056E-19 1.075E-19 1.030E-19 9.810E-20
 9.725E-20 9.760E-20 9.710E-20 9.605E-20 8.876E-20 8.599E-20 8.589E-20 8.154E-20 8.014E-20 8.238E-20
 8.283E-20 8.540E-20 8.972E-20 9.179E-20 8.981E-20 8.572E-20 8.572E-20 8.149E-20 7.703E-20 8.171E-20
 8.704E-20 8.773E-20 8.895E-20 8.512E-20 8.125E-20 7.852E-20 7.911E-20 7.879E-20 7.810E-20 8.342E-20
 8.750E-20 8.584E-20 8.525E-20 8.892E-20 9.002E-20 8.761E-20 8.537E-20 8.623E-20 8.657E-20 8.868E-20
 9.225E-20 9.650E-20 9.863E-20 9.164E-20 8.563E-20 8.266E-20 8.210E-20 8.902E-20 9.332E-20 9.314E-20
 9.299E-20 8.701E-20 8.707E-20 9.512E-20 9.234E-20 8.288E-20 8.334E-20 8.801E-20 9.452E-20 1.010E-19
 9.819E-20 9.095E-20 8.670E-20 8.135E-20 7.911E-20 7.947E-20 8.130E-20 8.405E-20 9.207E-20 9.147E-20
 8.739E-20 8.688E-20 8.531E-20 7.552E-20 7.128E-20 7.820E-20 8.924E-20 9.516E-20 9.716E-20 9.761E-20
 9.158E-20 8.433E-20 8.323E-20 8.924E-20 9.209E-20 9.590E-20 9.209E-20 8.900E-20 9.101E-20 9.039E-20
 8.261E-20 7.743E-20 8.350E-20 8.184E-20 8.053E-20 8.610E-20 9.061E-20 9.725E-20 9.773E-20 9.677E-20
 8.968E-20 8.172E-20 7.911E-20 8.399E-20 9.642E-20 9.920E-20 9.366E-20 9.108E-20 8.254E-20 7.868E-20
 8.910E-20 9.476E-20 9.198E-20 9.363E-20 9.200E-20 8.923E-20 9.126E-20 9.050E-20 8.545E-20 8.269E-20
 8.369E-20 9.198E-20 9.968E-20 9.908E-20 9.715E-20 9.066E-20 8.634E-20 8.276E-20 8.076E-20 8.208E-20
 8.655E-20 9.445E-20 9.598E-20 9.146E-20 8.984E-20 8.925E-20 8.638E-20 8.493E-20 8.889E-20 9.332E-20
 9.395E-20 9.357E-20 9.811E-20 1.075E-19 1.097E-19 1.053E-19 1.001E-19 9.534E-20 9.468E-20 9.117E-20
 9.380E-20 1.001E-19 9.699E-20 9.654E-20 9.667E-20 9.453E-20 9.578E-20 9.079E-20 9.136E-20 1.027E-19
 1.092E-19 1.002E-19 9.315E-20 9.211E-20 8.957E-20 8.693E-20 8.415E-20 8.536E-20 8.943E-20 9.326E-20
 9.851E-20 1.018E-19 9.634E-20 9.471E-20 9.052E-20 8.796E-20 9.155E-20 9.855E-20 1.002E-19 9.987E-20
 1.014E-19 9.846E-20 9.431E-20 9.038E-20 8.660E-20 9.113E-20 9.842E-20 1.008E-19 9.846E-20 9.523E-20
 9.553E-20 9.319E-20 9.287E-20 9.452E-20 9.771E-20 1.016E-19 1.063E-19 1.157E-19 1.178E-19 1.128E-19
 1.104E-19 1.207E-19 1.224E-19 1.181E-19 1.116E-19 1.043E-19 1.039E-19 1.052E-19 1.004E-19 9.355E-20
 9.063E-20 8.770E-20 8.553E-20 8.742E-20 8.686E-20 8.727E-20 8.922E-20 8.626E-20 8.804E-20 9.582E-20
 9.452E-20 8.770E-20 9.330E-20 9.419E-20 9.802E-20 1.024E-19 1.002E-19 1.036E-19 1.038E-19 9.751E-20
 9.290E-20 9.433E-20 1.032E-19 1.082E-19 1.080E-19 1.020E-19 9.691E-20 9.569E-20 9.660E-20 9.457E-20
 9.561E-20 9.949E-20 1.064E-19 1.060E-19 1.074E-19 1.089E-19 1.018E-19 9.734E-20 9.749E-20 9.299E-20
 9.173E-20 9.532E-20 9.449E-20 9.605E-20 9.784E-20 9.598E-20 9.391E-20 9.421E-20 9.351E-20 9.112E-20
 9.562E-20 9.941E-20 9.380E-20 9.534E-20 9.977E-20 1.007E-19 9.799E-20 9.489E-20 9.291E-20 9.020E-20
 9.526E-20 9.558E-20 9.791E-20 9.799E-20 9.107E-20 8.979E-20 8.832E-20 8.908E-20 9.295E-20 9.608E-20
 1.016E-19 1.035E-19 1.042E-19 1.082E-19 1.168E-19 1.250E-19 1.310E-19 1.233E-19 1.066E-19 1.007E-19
 1.001E-19 9.897E-20 9.427E-20 9.446E-20 9.447E-20 9.834E-20 9.713E-20 9.668E-20 9.528E-20 9.596E-20
 9.761E-20 9.700E-20 9.913E-20 9.737E-20 9.146E-20 9.315E-20 9.671E-20 9.947E-20 1.027E-19 1.032E-19
 9.629E-20 8.589E-20 8.442E-20 8.852E-20 8.758E-20 9.022E-20 9.323E-20 8.967E-20 9.034E-20 9.095E-20
 8.612E-20 8.688E-20 8.834E-20 8.945E-20 9.398E-20 9.645E-20 9.424E-20 8.891E-20 8.201E-20 8.255E-20
 8.523E-20 7.915E-20 7.711E-20 8.349E-20 8.780E-20 8.828E-20 9.324E-20 9.593E-20 9.156E-20 8.959E-20
 9.197E-20 9.808E-20 9.781E-20 9.393E-20 8.964E-20 8.417E-20 8.272E-20 7.682E-20 7.538E-20 7.916E-20
 7.824E-20 7.343E-20 7.620E-20 8.242E-20 8.875E-20 9.555E-20 9.586E-20 8.947E-20 8.451E-20 8.464E-20
 8.815E-20 8.885E-20 9.006E-20 9.664E-20 9.649E-20 8.857E-20 8.692E-20 8.972E-20 9.172E-20 8.880E-20
 9.122E-20 9.239E-20 9.286E-20 9.521E-20 8.492E-20 7.940E-20 8.836E-20 9.006E-20 9.003E-20 9.611E-20
 1.026E-19 1.044E-19 1.039E-19 1.046E-19 9.919E-20 9.161E-20 8.998E-20 9.189E-20 9.584E-20 9.440E-20
 9.623E-20 1.015E-19 1.014E-19 9.587E-20 8.905E-20 8.478E-20 8.430E-20 9.286E-20 9.610E-20 9.918E-20
 1.017E-19 9.551E-20 9.335E-20 9.310E-20 8.890E-20 8.573E-20 8.761E-20 8.830E-20 9.354E-20 9.742E-20
 9.486E-20 9.197E-20 8.853E-20 8.366E-20 8.117E-20 8.460E-20 8.918E-20 9.696E-20 9.466E-20 8.353E-20
 8.097E-20 8.175E-20 7.984E-20 7.862E-20 8.037E-20 8.844E-20 8.802E-20 9.061E-20 9.573E-20 9.144E-20
 8.588E-20 8.048E-20 7.722E-20 7.756E-20 8.240E-20 8.504E-20 7.929E-20 8.419E-20 8.343E-20 7.605E-20
 7.945E-20 7.845E-20 7.812E-20 8.326E-20 8.559E-20 8.543E-20 8.916E-20 9.156E-20 8.839E-20 8.869E-20
 8.583E-20 8.470E-20 8.599E-20 8.942E-20 9.271E-20 9.303E-20 8.920E-20 8.699E-20 8.584E-20 8.261E-20
 7.980E-20 7.697E-20 7.982E-20 8.195E-20 8.123E-20 8.185E-20 8.812E-20 8.648E-20 8.390E-20 8.739E-20
 8.592E-20 8.397E-20 9.703E-20 1.118E-19 1.117E-19 1.045E-19 1.009E-19 9.347E-20 8.682E-20 8.648E-20
 9.029E-20 8.984E-20 8.814E-20 9.553E-20 9.585E-20 9.084E-20 8.391E-20 7.803E-20 7.795E-20 7.914E-20
 8.328E-20 8.555E-20 9.005E-20 9.385E-20 8.844E-20 8.579E-20 8.667E-20 8.030E-20 7.886E-20 8.307E-20
 7.997E-20 7.617E-20 7.713E-20 7.579E-20 7.575E-20 7.426E-20 7.729E-20 8.415E-20 8.400E-20 8.243E-20
 8.475E-20 8.647E-20 8.715E-20 8.482E-20 7.990E-20 7.104E-20 7.045E-20 7.455E-20 7.248E-20 7.373E-20
 8.006E-20 8.305E-20 7.959E-20 8.027E-20 7.415E-20 6.507E-20 6.515E-20 7.724E-20 8.639E-20 8.415E-20
 7.880E-20 8.016E-20 8.218E-20 8.121E-20 8.394E-20 7.766E-20 7.171E-20 7.866E-20 8.340E-20 7.623E-20
 7.007E-20 7.120E-20 7.643E-20 8.198E-20 8.042E-20 8.072E-20 7.751E-20 7.558E-20 7.871E-20 8.377E-20
 9.017E-20 8.997E-20 8.188E-20 7.743E-20 8.169E-20 8.626E-20 9.653E-20 1.031E-19 1.017E-19 1.049E-19
 1.093E-19 1.124E-19 1.171E-19 1.125E-19 9.198E-20 7.589E-20 6.948E-20 7.184E-20 7.478E-20 7.104E-20
 6.350E-20 5.891E-20 6.227E-20 6.424E-20 6.686E-20 7.033E-20 7.045E-20 6.969E-20 6.824E-20 6.842E-20
 6.860E-20 5.875E-20 5.459E-20 6.263E-20 7.102E-20 7.263E-20 7.290E-20 6.714E-20 6.058E-20 6.084E-20
 6.149E-20 6.323E-20 6.316E-20 6.491E-20 6.457E-20 6.515E-20 6.676E-20 6.404E-20 5.598E-20 5.412E-20
 5.857E-20 6.398E-20 6.403E-20 6.700E-20 7.157E-20 6.567E-20 5.910E-20 6.080E-20 6.541E-20 6.666E-20
 7.016E-20 6.595E-20 6.082E-20 6.675E-20 6.984E-20 6.559E-20 6.180E-20 6.107E-20 6.036E-20 6.334E-20
 6.509E-20 5.569E-20 5.573E-20 6.165E-20 6.257E-20 6.422E-20 6.369E-20 6.029E-20 6.307E-20 6.406E-20
 6.258E-20 6.240E-20 6.599E-20 6.557E-20 5.637E-20 5.491E-20 5.880E-20 5.780E-20 5.950E-20 6.362E-20
 6.773E-20 6.802E-20 6.277E-20 6.378E-20 6.380E-20 5.783E-20 5.634E-20 5.999E-20 6.117E-20 6.092E-20
 5.757E-20 5.774E-20 6.007E-20 5.214E-20 4.587E-20 4.642E-20 4.850E-20 5.830E-20 6.296E-20 5.825E-20
 5.573E-20 5.645E-20 5.829E-20 6.084E-20 5.861E-20 5.023E-20 4.756E-20 5.310E-20 5.455E-20 5.351E-20
 5.192E-20 4.678E-20 4.830E-20 4.981E-20 5.339E-20 5.548E-20 5.641E-20 5.622E-20 5.538E-20 5.640E-20
 5.404E-20 4.695E-20 4.333E-20 4.815E-20 5.012E-20 4.970E-20 5.578E-20 5.892E-20 5.509E-20 5.005E-20
 4.924E-20 5.170E-20 5.123E-20 4.783E-20 5.076E-20 5.390E-20 5.252E-20 5.695E-20 5.674E-20 5.371E-20
 4.905E-20 4.973E-20 5.145E-20 5.288E-20 5.354E-20 5.637E-20 5.566E-20 5.286E-20 4.689E-20 4.196E-20
 4.555E-20 4.580E-20 5.035E-20 5.414E-20 5.610E-20 5.753E-20 4.991E-20 3.982E-20 3.824E-20 3.983E-20
 4.115E-20 4.449E-20 4.556E-20 4.509E-20 4.935E-20 5.326E-20 5.029E-20 4.813E-20 4.657E-20 4.389E-20
 4.917E-20 5.572E-20 5.733E-20 6.214E-20 6.129E-20 5.601E-20 5.323E-20 4.985E-20 4.342E-20 4.006E-20
 4.488E-20 4.828E-20 4.632E-20 5.214E-20 5.712E-20 5.412E-20 4.489E-20 3.843E-20 4.197E-20 4.885E-20
 5.172E-20 5.070E-20 4.995E-20 4.957E-20 4.932E-20 4.619E-20 4.442E-20 4.848E-20 5.639E-20 6.145E-20
 5.799E-20 5.479E-20 5.347E-20 4.850E-20 4.281E-20 4.156E-20 4.270E-20 4.607E-20 5.212E-20 5.560E-20
 5.089E-20 4.429E-20 4.555E-20 4.535E-20 4.238E-20 3.588E-20 3.596E-20 4.274E-20 4.935E-20 5.360E-20
 5.248E-20 4.894E-20 4.728E-20 4.424E-20 4.689E-20 4.647E-20 4.384E-20 4.524E-20 5.091E-20 5.168E-20
 4.575E-20 4.325E-20 4.493E-20 4.698E-20 4.364E-20 3.486E-20 3.388E-20 4.044E-20 4.428E-20 4.435E-20
 4.263E-20 4.515E-20 4.835E-20 5.254E-20 5.227E-20 4.484E-20 5.040E-20 5.944E-20 5.506E-20 5.238E-20
 5.341E-20 4.840E-20 4.338E-20 4.302E-20 4.470E-20 4.948E-20 5.790E-20 5.970E-20 5.511E-20 5.015E-20
 5.046E-20 5.313E-20 5.147E-20 4.816E-20 4.961E-20 5.037E-20 5.193E-20 5.285E-20 4.709E-20 4.611E-20
 4.729E-20 4.622E-20 4.920E-20 5.036E-20 4.941E-20 5.429E-20 5.305E-20 4.632E-20 4.085E-20 4.368E-20
 4.375E-20 4.421E-20 5.097E-20 5.382E-20 4.899E-20 4.903E-20 5.289E-20 4.904E-20 4.463E-20 4.700E-20
 4.723E-20 4.516E-20 4.157E-20 4.239E-20 4.552E-20 4.306E-20 4.071E-20 4.358E-20 4.194E-20 4.283E-20
 4.673E-20 4.738E-20 5.077E-20 5.297E-20 4.931E-20 4.773E-20 4.249E-20 3.358E-20 3.492E-20 4.119E-20
 4.685E-20 5.052E-20 5.256E-20 4.524E-20 3.752E-20 3.746E-20 3.621E-20 3.929E-20 4.044E-20 4.409E-20
 5.088E-20 5.152E-20 4.748E-20 4.855E-20 4.509E-20 3.965E-20 4.025E-20 3.858E-20 4.162E-20 4.514E-20
 4.717E-20 4.572E-20 4.632E-20 4.375E-20 4.109E-20 4.134E-20 4.194E-20 4.350E-20 4.329E-20 4.636E-20
 4.928E-20 4.964E-20 5.059E-20 4.308E-20 4.046E-20 4.318E-20 4.061E-20 4.092E-20 4.416E-20 4.668E-20
 4.604E-20 4.539E-20 4.556E-20 4.654E-20 4.345E-20 3.928E-20 4.187E-20 4.169E-20 4.782E-20 5.058E-20
 4.118E-20 3.595E-20 3.477E-20 3.415E-20 3.317E-20 3.980E-20 4.540E-20 4.149E-20 4.265E-20 3.995E-20
 4.008E-20 4.130E-20 3.969E-20 3.940E-20 4.130E-20 4.060E-20 4.084E-20 3.968E-20 4.409E-20 4.887E-20
 4.345E-20 3.644E-20 3.063E-20 3.213E-20 4.082E-20 4.425E-20 4.520E-20 4.614E-20 4.523E-20 4.303E-20
 3.880E-20 4.121E-20 4.565E-20 4.608E-20 4.967E-20 5.213E-20 4.656E-20 4.633E-20 4.211E-20 3.769E-20
 3.626E-20 3.754E-20 3.924E-20 4.419E-20 4.799E-20 4.548E-20 3.585E-20 3.065E-20 2.956E-20 3.364E-20
 3.734E-20 3.623E-20 3.371E-20 3.477E-20 3.682E-20 4.108E-20 3.900E-20 3.238E-20 3.556E-20 3.536E-20
 3.452E-20 3.972E-20 4.373E-20 4.359E-20 4.254E-20 3.622E-20 3.267E-20 2.623E-20 2.633E-20 3.336E-20
 3.675E-20 4.027E-20 4.045E-20 3.740E-20 3.348E-20 3.091E-20 2.966E-20 3.495E-20 3.567E-20 3.243E-20
 3.422E-20 3.803E-20 4.197E-20 4.251E-20 3.634E-20 3.522E-20 3.706E-20 3.673E-20 3.862E-20 3.777E-20
 3.427E-20 3.680E-20 3.932E-20 3.949E-20 3.641E-20 2.976E-20 3.259E-20 0.000E+00 0.000E+00 0.000E+00
