   C2Cl2F4  870.0070  959.9930      6067  273.0000    0.0000 1.155E-18  NCAR    CFC-114
 5.507E-20 6.355E-20 6.096E-20 5.365E-20 5.521E-20 5.861E-20 6.694E-20 7.053E-20 6.689E-20 6.421E-20
 5.727E-20 5.286E-20 5.202E-20 5.529E-20 5.576E-20 5.504E-20 6.110E-20 6.602E-20 6.839E-20 6.216E-20
 6.233E-20 6.702E-20 6.583E-20 6.559E-20 7.046E-20 7.097E-20 7.279E-20 6.818E-20 6.363E-20 6.941E-20
 6.671E-20 5.503E-20 5.059E-20 5.957E-20 6.496E-20 6.688E-20 6.331E-20 6.105E-20 5.978E-20 5.987E-20
 6.306E-20 6.392E-20 6.158E-20 7.286E-20 8.802E-20 9.169E-20 8.280E-20 6.852E-20 6.384E-20 7.206E-20
 7.560E-20 6.988E-20 7.386E-20 8.121E-20 8.014E-20 7.870E-20 7.406E-20 6.360E-20 7.016E-20 7.871E-20
 7.062E-20 6.836E-20 7.471E-20 7.721E-20 7.639E-20 7.371E-20 6.922E-20 6.458E-20 5.839E-20 6.088E-20
 6.862E-20 7.024E-20 6.846E-20 7.722E-20 8.140E-20 7.272E-20 6.591E-20 6.558E-20 6.796E-20 6.967E-20
 7.397E-20 7.795E-20 7.684E-20 6.988E-20 6.356E-20 5.883E-20 5.992E-20 6.817E-20 7.656E-20 7.695E-20
 7.553E-20 7.339E-20 7.263E-20 7.583E-20 7.625E-20 7.680E-20 7.449E-20 7.423E-20 8.080E-20 8.202E-20
 7.938E-20 7.771E-20 8.485E-20 8.172E-20 7.010E-20 7.239E-20 7.878E-20 8.610E-20 8.916E-20 8.857E-20
 9.038E-20 8.753E-20 8.224E-20 7.845E-20 8.057E-20 8.636E-20 8.487E-20 8.520E-20 8.839E-20 8.656E-20
 7.674E-20 6.787E-20 6.698E-20 7.015E-20 7.557E-20 7.935E-20 8.441E-20 9.666E-20 9.703E-20 9.379E-20
 9.240E-20 8.344E-20 8.408E-20 9.217E-20 9.424E-20 8.592E-20 8.145E-20 9.065E-20 9.304E-20 8.627E-20
 8.936E-20 9.421E-20 8.468E-20 7.689E-20 7.945E-20 8.454E-20 9.905E-20 1.032E-19 9.724E-20 8.811E-20
 7.736E-20 7.238E-20 8.028E-20 8.485E-20 8.030E-20 7.802E-20 7.872E-20 8.064E-20 8.642E-20 8.755E-20
 8.910E-20 8.394E-20 8.339E-20 9.858E-20 1.042E-19 1.059E-19 1.113E-19 1.128E-19 1.102E-19 1.010E-19
 9.305E-20 9.784E-20 1.040E-19 1.039E-19 9.935E-20 8.559E-20 7.712E-20 8.781E-20 8.888E-20 8.173E-20
 8.630E-20 9.296E-20 1.013E-19 1.046E-19 9.906E-20 9.882E-20 9.073E-20 8.308E-20 8.315E-20 9.568E-20
 9.962E-20 1.002E-19 9.696E-20 9.866E-20 1.048E-19 9.692E-20 8.829E-20 8.359E-20 7.829E-20 8.157E-20
 8.968E-20 1.045E-19 1.141E-19 1.094E-19 1.029E-19 9.167E-20 8.375E-20 8.326E-20 9.075E-20 9.723E-20
 1.030E-19 1.041E-19 1.001E-19 9.218E-20 8.447E-20 8.585E-20 8.724E-20 8.041E-20 9.021E-20 1.074E-19
 1.174E-19 1.181E-19 1.115E-19 1.087E-19 1.099E-19 1.038E-19 9.646E-20 1.038E-19 1.116E-19 1.005E-19
 8.429E-20 8.910E-20 9.770E-20 1.010E-19 9.591E-20 9.217E-20 1.009E-19 1.077E-19 1.125E-19 1.154E-19
 1.098E-19 1.040E-19 1.006E-19 9.123E-20 8.398E-20 9.770E-20 1.073E-19 1.003E-19 9.420E-20 9.334E-20
 9.012E-20 8.610E-20 8.365E-20 8.722E-20 9.470E-20 1.011E-19 1.019E-19 8.940E-20 9.227E-20 9.105E-20
 8.586E-20 9.275E-20 9.958E-20 1.059E-19 1.094E-19 1.041E-19 1.027E-19 1.074E-19 1.104E-19 1.046E-19
 9.681E-20 9.646E-20 1.063E-19 1.165E-19 1.261E-19 1.327E-19 1.384E-19 1.388E-19 1.279E-19 1.124E-19
 1.025E-19 1.022E-19 1.057E-19 1.153E-19 1.246E-19 1.227E-19 1.151E-19 1.094E-19 1.074E-19 1.052E-19
 1.048E-19 1.027E-19 1.041E-19 1.134E-19 1.215E-19 1.161E-19 1.097E-19 1.063E-19 1.041E-19 1.056E-19
 1.043E-19 1.088E-19 1.167E-19 1.158E-19 1.160E-19 1.123E-19 9.878E-20 9.244E-20 9.562E-20 1.034E-19
 1.040E-19 1.014E-19 1.147E-19 1.222E-19 1.117E-19 1.086E-19 1.057E-19 1.066E-19 1.126E-19 1.204E-19
 1.123E-19 1.082E-19 1.102E-19 1.117E-19 1.079E-19 9.648E-20 9.337E-20 1.007E-19 1.057E-19 1.175E-19
 1.270E-19 1.299E-19 1.213E-19 1.185E-19 1.144E-19 1.152E-19 1.223E-19 1.178E-19 1.156E-19 1.251E-19
 1.314E-19 1.288E-19 1.271E-19 1.199E-19 1.100E-19 1.069E-19 1.130E-19 1.113E-19 1.122E-19 1.214E-19
 1.275E-19 1.285E-19 1.266E-19 1.177E-19 1.168E-19 1.206E-19 1.257E-19 1.303E-19 1.249E-19 1.127E-19
 1.065E-19 1.078E-19 1.083E-19 1.070E-19 1.202E-19 1.301E-19 1.314E-19 1.286E-19 1.273E-19 1.271E-19
 1.259E-19 1.173E-19 1.223E-19 1.291E-19 1.261E-19 1.298E-19 1.365E-19 1.358E-19 1.268E-19 1.180E-19
 1.168E-19 1.186E-19 1.182E-19 1.189E-19 1.189E-19 1.255E-19 1.410E-19 1.445E-19 1.388E-19 1.301E-19
 1.266E-19 1.286E-19 1.293E-19 1.320E-19 1.327E-19 1.340E-19 1.328E-19 1.280E-19 1.212E-19 1.231E-19
 1.351E-19 1.404E-19 1.388E-19 1.440E-19 1.426E-19 1.311E-19 1.300E-19 1.464E-19 1.520E-19 1.471E-19
 1.446E-19 1.433E-19 1.448E-19 1.538E-19 1.455E-19 1.358E-19 1.343E-19 1.354E-19 1.329E-19 1.314E-19
 1.310E-19 1.248E-19 1.299E-19 1.386E-19 1.439E-19 1.429E-19 1.331E-19 1.264E-19 1.290E-19 1.373E-19
 1.434E-19 1.524E-19 1.635E-19 1.557E-19 1.517E-19 1.428E-19 1.376E-19 1.383E-19 1.390E-19 1.421E-19
 1.412E-19 1.414E-19 1.475E-19 1.483E-19 1.432E-19 1.397E-19 1.377E-19 1.387E-19 1.410E-19 1.437E-19
 1.406E-19 1.385E-19 1.396E-19 1.353E-19 1.302E-19 1.323E-19 1.259E-19 1.283E-19 1.448E-19 1.506E-19
 1.475E-19 1.496E-19 1.474E-19 1.395E-19 1.378E-19 1.435E-19 1.469E-19 1.510E-19 1.511E-19 1.548E-19
 1.577E-19 1.470E-19 1.327E-19 1.274E-19 1.347E-19 1.382E-19 1.369E-19 1.399E-19 1.431E-19 1.460E-19
 1.418E-19 1.245E-19 1.247E-19 1.344E-19 1.365E-19 1.417E-19 1.471E-19 1.580E-19 1.630E-19 1.599E-19
 1.536E-19 1.412E-19 1.301E-19 1.296E-19 1.453E-19 1.536E-19 1.454E-19 1.459E-19 1.457E-19 1.463E-19
 1.476E-19 1.402E-19 1.361E-19 1.403E-19 1.428E-19 1.427E-19 1.446E-19 1.383E-19 1.386E-19 1.497E-19
 1.490E-19 1.407E-19 1.388E-19 1.384E-19 1.434E-19 1.471E-19 1.531E-19 1.580E-19 1.487E-19 1.358E-19
 1.339E-19 1.307E-19 1.343E-19 1.429E-19 1.482E-19 1.491E-19 1.453E-19 1.421E-19 1.365E-19 1.351E-19
 1.379E-19 1.369E-19 1.424E-19 1.440E-19 1.430E-19 1.412E-19 1.419E-19 1.408E-19 1.422E-19 1.482E-19
 1.508E-19 1.598E-19 1.643E-19 1.613E-19 1.537E-19 1.455E-19 1.384E-19 1.318E-19 1.312E-19 1.456E-19
 1.570E-19 1.552E-19 1.487E-19 1.541E-19 1.509E-19 1.417E-19 1.411E-19 1.421E-19 1.493E-19 1.503E-19
 1.520E-19 1.600E-19 1.633E-19 1.630E-19 1.630E-19 1.562E-19 1.502E-19 1.565E-19 1.581E-19 1.542E-19
 1.612E-19 1.621E-19 1.538E-19 1.604E-19 1.592E-19 1.603E-19 1.649E-19 1.665E-19 1.634E-19 1.617E-19
 1.707E-19 1.639E-19 1.509E-19 1.434E-19 1.464E-19 1.494E-19 1.488E-19 1.569E-19 1.598E-19 1.534E-19
 1.479E-19 1.532E-19 1.553E-19 1.488E-19 1.530E-19 1.653E-19 1.739E-19 1.729E-19 1.642E-19 1.578E-19
 1.569E-19 1.534E-19 1.524E-19 1.541E-19 1.586E-19 1.638E-19 1.731E-19 1.742E-19 1.669E-19 1.650E-19
 1.641E-19 1.644E-19 1.682E-19 1.743E-19 1.708E-19 1.688E-19 1.670E-19 1.723E-19 1.771E-19 1.688E-19
 1.629E-19 1.685E-19 1.674E-19 1.615E-19 1.673E-19 1.712E-19 1.736E-19 1.813E-19 1.853E-19 1.807E-19
 1.700E-19 1.625E-19 1.685E-19 1.700E-19 1.697E-19 1.719E-19 1.698E-19 1.675E-19 1.636E-19 1.635E-19
 1.676E-19 1.638E-19 1.696E-19 1.832E-19 1.898E-19 1.886E-19 1.886E-19 1.831E-19 1.738E-19 1.762E-19
 1.779E-19 1.797E-19 1.846E-19 1.841E-19 1.830E-19 1.842E-19 1.793E-19 1.712E-19 1.676E-19 1.714E-19
 1.761E-19 1.824E-19 1.871E-19 1.841E-19 1.808E-19 1.790E-19 1.834E-19 1.841E-19 1.788E-19 1.779E-19
 1.822E-19 1.861E-19 1.841E-19 1.860E-19 1.850E-19 1.826E-19 1.774E-19 1.769E-19 1.835E-19 1.805E-19
 1.871E-19 1.937E-19 1.895E-19 1.866E-19 1.796E-19 1.778E-19 1.835E-19 1.913E-19 1.955E-19 1.988E-19
 1.978E-19 1.949E-19 1.804E-19 1.733E-19 1.798E-19 1.897E-19 1.979E-19 1.949E-19 1.912E-19 1.976E-19
 1.929E-19 1.832E-19 1.848E-19 1.813E-19 1.850E-19 1.863E-19 1.871E-19 2.000E-19 2.070E-19 2.019E-19
 1.938E-19 1.904E-19 1.938E-19 1.964E-19 1.984E-19 2.037E-19 2.058E-19 2.086E-19 2.169E-19 2.093E-19
 2.036E-19 1.981E-19 1.922E-19 1.945E-19 2.008E-19 2.056E-19 2.069E-19 2.093E-19 2.105E-19 2.027E-19
 1.954E-19 1.949E-19 1.945E-19 1.948E-19 2.026E-19 2.100E-19 2.125E-19 2.080E-19 2.034E-19 2.060E-19
 2.091E-19 2.119E-19 2.035E-19 1.944E-19 2.010E-19 2.099E-19 2.041E-19 1.922E-19 1.905E-19 1.906E-19
 1.913E-19 1.977E-19 1.967E-19 1.826E-19 1.779E-19 1.898E-19 1.952E-19 1.947E-19 1.889E-19 1.814E-19
 1.888E-19 1.984E-19 1.909E-19 1.892E-19 1.972E-19 2.022E-19 2.004E-19 1.998E-19 2.007E-19 2.028E-19
 2.033E-19 1.966E-19 2.042E-19 2.159E-19 2.106E-19 2.052E-19 1.966E-19 1.985E-19 2.024E-19 1.987E-19
 2.100E-19 2.157E-19 2.161E-19 2.160E-19 2.087E-19 2.092E-19 2.082E-19 2.026E-19 2.010E-19 2.056E-19
 2.155E-19 2.203E-19 2.237E-19 2.222E-19 2.076E-19 2.033E-19 2.137E-19 2.165E-19 2.168E-19 2.181E-19
 2.139E-19 2.139E-19 2.051E-19 1.978E-19 2.019E-19 2.009E-19 2.001E-19 2.076E-19 2.174E-19 2.270E-19
 2.280E-19 2.307E-19 2.307E-19 2.282E-19 2.248E-19 2.119E-19 2.046E-19 2.128E-19 2.213E-19 2.202E-19
 2.148E-19 2.094E-19 1.996E-19 1.951E-19 2.015E-19 2.112E-19 2.127E-19 2.167E-19 2.243E-19 2.214E-19
 2.190E-19 2.082E-19 2.013E-19 2.016E-19 2.009E-19 2.094E-19 2.138E-19 2.046E-19 2.021E-19 1.984E-19
 1.970E-19 2.003E-19 2.039E-19 1.966E-19 1.955E-19 2.086E-19 2.120E-19 2.096E-19 2.207E-19 2.236E-19
 2.122E-19 2.037E-19 1.998E-19 1.974E-19 2.088E-19 2.255E-19 2.404E-19 2.421E-19 2.375E-19 2.224E-19
 2.102E-19 2.159E-19 2.137E-19 2.154E-19 2.149E-19 2.072E-19 2.108E-19 2.197E-19 2.141E-19 2.107E-19
 2.063E-19 1.992E-19 2.010E-19 2.082E-19 2.035E-19 1.957E-19 2.016E-19 2.102E-19 2.099E-19 2.015E-19
 2.024E-19 2.056E-19 2.057E-19 2.107E-19 2.148E-19 2.125E-19 2.087E-19 2.092E-19 2.078E-19 2.076E-19
 2.063E-19 2.055E-19 2.169E-19 2.184E-19 2.080E-19 2.068E-19 2.024E-19 1.942E-19 1.921E-19 2.009E-19
 2.137E-19 2.116E-19 2.053E-19 2.045E-19 2.057E-19 2.021E-19 1.973E-19 1.964E-19 1.974E-19 2.033E-19
 2.026E-19 2.046E-19 2.065E-19 2.041E-19 2.003E-19 1.975E-19 2.000E-19 2.046E-19 2.091E-19 2.065E-19
 2.078E-19 2.065E-19 1.937E-19 1.833E-19 1.883E-19 1.904E-19 1.867E-19 1.940E-19 2.024E-19 2.083E-19
 2.093E-19 2.014E-19 1.879E-19 1.874E-19 1.920E-19 1.914E-19 1.887E-19 1.924E-19 2.045E-19 2.164E-19
 2.151E-19 2.100E-19 2.033E-19 2.031E-19 2.022E-19 1.970E-19 2.065E-19 2.191E-19 2.151E-19 2.046E-19
 2.071E-19 2.090E-19 2.068E-19 2.040E-19 2.041E-19 2.088E-19 2.088E-19 2.098E-19 2.124E-19 2.043E-19
 1.960E-19 1.914E-19 1.890E-19 1.912E-19 2.052E-19 2.182E-19 2.161E-19 2.105E-19 2.028E-19 2.011E-19
 2.034E-19 2.087E-19 2.038E-19 1.975E-19 2.102E-19 2.177E-19 2.110E-19 2.111E-19 2.117E-19 2.067E-19
 2.028E-19 2.044E-19 2.089E-19 2.163E-19 2.253E-19 2.280E-19 2.159E-19 2.035E-19 2.002E-19 1.989E-19
 1.888E-19 1.973E-19 2.200E-19 2.270E-19 2.321E-19 2.252E-19 2.174E-19 2.149E-19 2.141E-19 2.098E-19
 2.148E-19 2.167E-19 2.169E-19 2.229E-19 2.231E-19 2.133E-19 2.125E-19 2.149E-19 2.070E-19 2.074E-19
 2.184E-19 2.189E-19 2.187E-19 2.224E-19 2.238E-19 2.132E-19 2.028E-19 2.168E-19 2.219E-19 2.116E-19
 2.111E-19 2.117E-19 2.151E-19 2.188E-19 2.216E-19 2.146E-19 2.026E-19 2.044E-19 2.106E-19 2.115E-19
 2.196E-19 2.246E-19 2.226E-19 2.203E-19 2.092E-19 1.966E-19 2.005E-19 2.081E-19 2.136E-19 2.315E-19
 2.313E-19 2.168E-19 2.113E-19 2.124E-19 2.116E-19 2.057E-19 2.067E-19 2.150E-19 2.167E-19 2.164E-19
 2.216E-19 2.265E-19 2.244E-19 2.268E-19 2.274E-19 2.192E-19 2.220E-19 2.269E-19 2.203E-19 2.200E-19
 2.262E-19 2.211E-19 2.141E-19 2.188E-19 2.149E-19 2.171E-19 2.244E-19 2.309E-19 2.309E-19 2.184E-19
 2.135E-19 2.176E-19 2.128E-19 2.171E-19 2.229E-19 2.192E-19 2.180E-19 2.196E-19 2.222E-19 2.137E-19
 2.108E-19 2.158E-19 2.116E-19 2.147E-19 2.261E-19 2.357E-19 2.375E-19 2.272E-19 2.146E-19 2.078E-19
 2.056E-19 2.067E-19 2.090E-19 2.153E-19 2.233E-19 2.301E-19 2.313E-19 2.297E-19 2.172E-19 2.002E-19
 2.026E-19 2.129E-19 2.237E-19 2.273E-19 2.230E-19 2.287E-19 2.372E-19 2.391E-19 2.300E-19 2.201E-19
 2.191E-19 2.189E-19 2.188E-19 2.119E-19 2.128E-19 2.129E-19 2.125E-19 2.105E-19 2.044E-19 2.082E-19
 2.145E-19 2.208E-19 2.330E-19 2.335E-19 2.207E-19 2.143E-19 2.182E-19 2.188E-19 2.252E-19 2.437E-19
 2.609E-19 2.597E-19 2.486E-19 2.442E-19 2.414E-19 2.340E-19 2.359E-19 2.315E-19 2.217E-19 2.215E-19
 2.315E-19 2.389E-19 2.249E-19 2.239E-19 2.290E-19 2.226E-19 2.149E-19 2.106E-19 2.079E-19 2.138E-19
 2.279E-19 2.370E-19 2.423E-19 2.436E-19 2.425E-19 2.418E-19 2.350E-19 2.304E-19 2.367E-19 2.397E-19
 2.406E-19 2.463E-19 2.477E-19 2.389E-19 2.293E-19 2.337E-19 2.402E-19 2.404E-19 2.482E-19 2.556E-19
 2.651E-19 2.744E-19 2.786E-19 2.626E-19 2.429E-19 2.456E-19 2.455E-19 2.462E-19 2.512E-19 2.466E-19
 2.388E-19 2.394E-19 2.339E-19 2.307E-19 2.343E-19 2.339E-19 2.417E-19 2.547E-19 2.607E-19 2.602E-19
 2.560E-19 2.402E-19 2.300E-19 2.381E-19 2.471E-19 2.497E-19 2.490E-19 2.525E-19 2.539E-19 2.478E-19
 2.299E-19 2.222E-19 2.283E-19 2.367E-19 2.559E-19 2.815E-19 2.959E-19 3.045E-19 3.047E-19 2.872E-19
 2.722E-19 2.622E-19 2.678E-19 2.724E-19 2.801E-19 2.873E-19 2.974E-19 3.110E-19 3.102E-19 3.251E-19
 3.665E-19 3.612E-19 3.054E-19 2.800E-19 2.730E-19 2.650E-19 2.495E-19 2.304E-19 2.252E-19 2.261E-19
 2.257E-19 2.293E-19 2.186E-19 2.160E-19 2.224E-19 2.197E-19 2.070E-19 1.971E-19 1.957E-19 2.002E-19
 2.038E-19 2.017E-19 2.048E-19 2.125E-19 2.119E-19 2.077E-19 2.068E-19 1.958E-19 1.923E-19 1.935E-19
 1.920E-19 1.925E-19 1.986E-19 2.021E-19 2.058E-19 2.041E-19 1.948E-19 1.907E-19 1.922E-19 2.016E-19
 2.150E-19 2.194E-19 2.144E-19 2.021E-19 1.998E-19 1.981E-19 1.982E-19 1.995E-19 2.074E-19 2.203E-19
 2.147E-19 2.070E-19 2.062E-19 2.045E-19 2.027E-19 2.033E-19 2.082E-19 2.266E-19 2.375E-19 2.364E-19
 2.321E-19 2.232E-19 2.098E-19 1.990E-19 1.950E-19 1.895E-19 1.877E-19 2.035E-19 2.152E-19 2.105E-19
 1.975E-19 1.932E-19 2.028E-19 1.985E-19 1.909E-19 1.941E-19 1.928E-19 1.912E-19 2.009E-19 2.054E-19
 2.019E-19 1.982E-19 1.873E-19 1.867E-19 1.952E-19 2.068E-19 2.125E-19 2.162E-19 2.194E-19 2.187E-19
 2.173E-19 2.126E-19 2.106E-19 2.097E-19 2.074E-19 2.070E-19 2.123E-19 2.109E-19 2.072E-19 2.077E-19
 2.056E-19 1.964E-19 1.968E-19 2.060E-19 2.065E-19 2.071E-19 2.121E-19 2.208E-19 2.187E-19 2.124E-19
 2.074E-19 1.968E-19 2.045E-19 2.234E-19 2.250E-19 2.139E-19 2.177E-19 2.233E-19 2.095E-19 1.920E-19
 1.868E-19 1.894E-19 1.961E-19 2.014E-19 2.077E-19 2.118E-19 2.116E-19 2.057E-19 2.039E-19 2.070E-19
 2.062E-19 2.108E-19 2.157E-19 2.095E-19 2.054E-19 2.079E-19 2.117E-19 2.052E-19 2.014E-19 2.100E-19
 2.029E-19 2.021E-19 2.185E-19 2.223E-19 2.144E-19 2.126E-19 2.059E-19 2.042E-19 2.026E-19 1.952E-19
 1.876E-19 1.896E-19 1.962E-19 2.042E-19 2.054E-19 1.989E-19 1.944E-19 1.841E-19 1.847E-19 1.987E-19
 2.019E-19 1.963E-19 1.901E-19 1.859E-19 1.920E-19 1.965E-19 1.978E-19 2.003E-19 2.007E-19 2.027E-19
 2.092E-19 2.112E-19 2.061E-19 1.985E-19 1.972E-19 2.046E-19 2.093E-19 2.040E-19 2.007E-19 2.095E-19
 2.146E-19 2.084E-19 1.994E-19 2.047E-19 2.098E-19 2.054E-19 1.996E-19 2.012E-19 2.131E-19 2.130E-19
 2.034E-19 2.031E-19 2.026E-19 1.926E-19 1.921E-19 2.011E-19 2.051E-19 2.007E-19 2.090E-19 2.173E-19
 2.194E-19 2.167E-19 2.047E-19 2.050E-19 2.117E-19 2.108E-19 2.053E-19 1.981E-19 1.935E-19 1.861E-19
 1.773E-19 1.794E-19 1.907E-19 1.983E-19 2.006E-19 2.011E-19 2.038E-19 2.130E-19 2.128E-19 2.018E-19
 1.931E-19 1.838E-19 1.755E-19 1.788E-19 1.868E-19 1.927E-19 1.907E-19 1.940E-19 1.936E-19 1.891E-19
 1.870E-19 1.915E-19 1.920E-19 1.860E-19 1.953E-19 2.015E-19 1.982E-19 1.901E-19 1.930E-19 1.931E-19
 1.884E-19 1.882E-19 1.917E-19 1.970E-19 1.930E-19 1.896E-19 1.864E-19 1.808E-19 1.797E-19 1.785E-19
 1.782E-19 1.810E-19 1.900E-19 1.982E-19 2.000E-19 1.983E-19 1.958E-19 1.890E-19 1.853E-19 1.936E-19
 2.007E-19 1.971E-19 1.957E-19 1.988E-19 1.962E-19 1.894E-19 1.829E-19 1.826E-19 1.894E-19 1.940E-19
 1.955E-19 1.988E-19 2.002E-19 2.059E-19 2.024E-19 1.934E-19 1.847E-19 1.847E-19 1.866E-19 1.824E-19
 1.860E-19 1.924E-19 1.999E-19 1.992E-19 1.852E-19 1.809E-19 1.772E-19 1.788E-19 1.918E-19 1.957E-19
 1.870E-19 1.899E-19 2.010E-19 2.032E-19 1.993E-19 1.906E-19 1.913E-19 1.995E-19 1.986E-19 1.974E-19
 2.006E-19 2.015E-19 1.968E-19 1.840E-19 1.778E-19 1.863E-19 1.985E-19 2.020E-19 1.971E-19 1.912E-19
 1.874E-19 1.820E-19 1.782E-19 1.774E-19 1.824E-19 1.895E-19 1.987E-19 1.992E-19 1.917E-19 1.885E-19
 1.874E-19 1.878E-19 1.857E-19 1.811E-19 1.764E-19 1.847E-19 1.955E-19 1.943E-19 1.970E-19 1.921E-19
 1.812E-19 1.821E-19 1.903E-19 1.884E-19 1.871E-19 1.924E-19 1.962E-19 1.936E-19 1.882E-19 1.855E-19
 1.778E-19 1.736E-19 1.698E-19 1.689E-19 1.717E-19 1.829E-19 2.015E-19 2.020E-19 1.954E-19 1.903E-19
 1.857E-19 1.810E-19 1.804E-19 1.830E-19 1.894E-19 2.009E-19 2.013E-19 1.893E-19 1.828E-19 1.774E-19
 1.691E-19 1.710E-19 1.823E-19 1.906E-19 1.906E-19 1.879E-19 1.883E-19 1.812E-19 1.734E-19 1.747E-19
 1.800E-19 1.836E-19 1.882E-19 2.001E-19 1.992E-19 1.906E-19 1.832E-19 1.730E-19 1.662E-19 1.621E-19
 1.670E-19 1.776E-19 1.782E-19 1.744E-19 1.759E-19 1.736E-19 1.704E-19 1.719E-19 1.693E-19 1.740E-19
 1.820E-19 1.806E-19 1.783E-19 1.789E-19 1.733E-19 1.757E-19 1.817E-19 1.814E-19 1.720E-19 1.740E-19
 1.872E-19 1.864E-19 1.853E-19 1.831E-19 1.744E-19 1.772E-19 1.881E-19 1.861E-19 1.860E-19 1.914E-19
 1.947E-19 1.836E-19 1.724E-19 1.705E-19 1.713E-19 1.734E-19 1.745E-19 1.720E-19 1.661E-19 1.723E-19
 1.768E-19 1.782E-19 1.796E-19 1.807E-19 1.747E-19 1.712E-19 1.701E-19 1.804E-19 1.914E-19 1.852E-19
 1.779E-19 1.730E-19 1.733E-19 1.703E-19 1.692E-19 1.691E-19 1.708E-19 1.771E-19 1.824E-19 1.858E-19
 1.844E-19 1.746E-19 1.693E-19 1.741E-19 1.733E-19 1.776E-19 1.871E-19 1.852E-19 1.837E-19 1.768E-19
 1.697E-19 1.692E-19 1.671E-19 1.624E-19 1.581E-19 1.734E-19 1.857E-19 1.820E-19 1.739E-19 1.676E-19
 1.656E-19 1.669E-19 1.701E-19 1.754E-19 1.792E-19 1.770E-19 1.764E-19 1.706E-19 1.667E-19 1.658E-19
 1.608E-19 1.617E-19 1.623E-19 1.599E-19 1.699E-19 1.761E-19 1.717E-19 1.639E-19 1.600E-19 1.599E-19
 1.608E-19 1.648E-19 1.723E-19 1.742E-19 1.690E-19 1.690E-19 1.730E-19 1.708E-19 1.671E-19 1.642E-19
 1.602E-19 1.615E-19 1.735E-19 1.825E-19 1.789E-19 1.716E-19 1.626E-19 1.518E-19 1.536E-19 1.571E-19
 1.553E-19 1.627E-19 1.686E-19 1.657E-19 1.612E-19 1.581E-19 1.541E-19 1.516E-19 1.546E-19 1.625E-19
 1.693E-19 1.787E-19 1.745E-19 1.712E-19 1.749E-19 1.629E-19 1.561E-19 1.608E-19 1.620E-19 1.662E-19
 1.670E-19 1.711E-19 1.758E-19 1.620E-19 1.514E-19 1.550E-19 1.582E-19 1.591E-19 1.618E-19 1.638E-19
 1.639E-19 1.601E-19 1.616E-19 1.604E-19 1.531E-19 1.497E-19 1.539E-19 1.595E-19 1.598E-19 1.604E-19
 1.564E-19 1.502E-19 1.523E-19 1.516E-19 1.424E-19 1.392E-19 1.425E-19 1.541E-19 1.572E-19 1.501E-19
 1.486E-19 1.521E-19 1.474E-19 1.436E-19 1.551E-19 1.642E-19 1.640E-19 1.615E-19 1.549E-19 1.480E-19
 1.528E-19 1.551E-19 1.524E-19 1.531E-19 1.606E-19 1.631E-19 1.587E-19 1.632E-19 1.627E-19 1.600E-19
 1.543E-19 1.501E-19 1.531E-19 1.615E-19 1.636E-19 1.623E-19 1.611E-19 1.543E-19 1.461E-19 1.419E-19
 1.450E-19 1.457E-19 1.459E-19 1.401E-19 1.445E-19 1.595E-19 1.623E-19 1.551E-19 1.497E-19 1.432E-19
 1.408E-19 1.485E-19 1.533E-19 1.538E-19 1.529E-19 1.516E-19 1.517E-19 1.472E-19 1.329E-19 1.232E-19
 1.321E-19 1.382E-19 1.481E-19 1.582E-19 1.622E-19 1.589E-19 1.593E-19 1.598E-19 1.529E-19 1.470E-19
 1.473E-19 1.537E-19 1.533E-19 1.554E-19 1.537E-19 1.456E-19 1.402E-19 1.414E-19 1.393E-19 1.404E-19
 1.480E-19 1.520E-19 1.574E-19 1.580E-19 1.553E-19 1.534E-19 1.456E-19 1.434E-19 1.374E-19 1.372E-19
 1.496E-19 1.469E-19 1.421E-19 1.480E-19 1.491E-19 1.383E-19 1.253E-19 1.250E-19 1.337E-19 1.380E-19
 1.369E-19 1.415E-19 1.455E-19 1.478E-19 1.474E-19 1.402E-19 1.385E-19 1.417E-19 1.467E-19 1.523E-19
 1.461E-19 1.401E-19 1.405E-19 1.363E-19 1.332E-19 1.370E-19 1.388E-19 1.419E-19 1.430E-19 1.421E-19
 1.463E-19 1.452E-19 1.416E-19 1.330E-19 1.260E-19 1.341E-19 1.462E-19 1.510E-19 1.513E-19 1.466E-19
 1.423E-19 1.411E-19 1.362E-19 1.354E-19 1.331E-19 1.299E-19 1.390E-19 1.451E-19 1.481E-19 1.463E-19
 1.466E-19 1.452E-19 1.423E-19 1.403E-19 1.419E-19 1.441E-19 1.439E-19 1.483E-19 1.465E-19 1.369E-19
 1.271E-19 1.209E-19 1.171E-19 1.183E-19 1.257E-19 1.322E-19 1.352E-19 1.358E-19 1.399E-19 1.446E-19
 1.385E-19 1.317E-19 1.309E-19 1.391E-19 1.465E-19 1.437E-19 1.432E-19 1.414E-19 1.329E-19 1.247E-19
 1.243E-19 1.242E-19 1.288E-19 1.373E-19 1.372E-19 1.348E-19 1.305E-19 1.307E-19 1.346E-19 1.332E-19
 1.304E-19 1.326E-19 1.333E-19 1.401E-19 1.372E-19 1.215E-19 1.125E-19 1.167E-19 1.190E-19 1.155E-19
 1.180E-19 1.264E-19 1.290E-19 1.272E-19 1.254E-19 1.192E-19 1.168E-19 1.124E-19 1.112E-19 1.209E-19
 1.266E-19 1.270E-19 1.303E-19 1.300E-19 1.229E-19 1.132E-19 1.105E-19 1.096E-19 1.056E-19 1.097E-19
 1.167E-19 1.231E-19 1.319E-19 1.275E-19 1.178E-19 1.050E-19 1.084E-19 1.247E-19 1.280E-19 1.314E-19
 1.304E-19 1.232E-19 1.210E-19 1.265E-19 1.268E-19 1.139E-19 1.053E-19 1.079E-19 1.153E-19 1.216E-19
 1.273E-19 1.263E-19 1.272E-19 1.235E-19 1.166E-19 1.185E-19 1.252E-19 1.265E-19 1.267E-19 1.237E-19
 1.223E-19 1.204E-19 1.067E-19 9.562E-20 9.762E-20 1.035E-19 1.120E-19 1.198E-19 1.221E-19 1.270E-19
 1.292E-19 1.195E-19 1.085E-19 1.107E-19 1.205E-19 1.247E-19 1.216E-19 1.308E-19 1.324E-19 1.315E-19
 1.272E-19 1.214E-19 1.142E-19 1.111E-19 1.186E-19 1.352E-19 1.413E-19 1.392E-19 1.385E-19 1.315E-19
 1.206E-19 1.138E-19 1.173E-19 1.202E-19 1.180E-19 1.210E-19 1.229E-19 1.218E-19 1.194E-19 1.149E-19
 1.096E-19 1.091E-19 1.188E-19 1.257E-19 1.297E-19 1.337E-19 1.334E-19 1.315E-19 1.284E-19 1.242E-19
 1.203E-19 1.156E-19 1.165E-19 1.148E-19 1.139E-19 1.110E-19 1.218E-19 1.313E-19 1.239E-19 1.172E-19
 1.144E-19 1.125E-19 1.186E-19 1.246E-19 1.259E-19 1.256E-19 1.233E-19 1.242E-19 1.250E-19 1.163E-19
 1.196E-19 1.280E-19 1.317E-19 1.293E-19 1.249E-19 1.203E-19 1.154E-19 1.138E-19 1.060E-19 1.085E-19
 1.149E-19 1.192E-19 1.233E-19 1.208E-19 1.182E-19 1.158E-19 1.087E-19 1.052E-19 1.097E-19 1.127E-19
 1.093E-19 1.077E-19 1.110E-19 1.095E-19 1.080E-19 1.083E-19 1.085E-19 1.179E-19 1.196E-19 1.123E-19
 1.115E-19 1.138E-19 1.092E-19 1.034E-19 1.011E-19 1.010E-19 1.065E-19 1.098E-19 1.067E-19 1.088E-19
 1.160E-19 1.144E-19 1.089E-19 1.002E-19 9.195E-20 9.293E-20 1.094E-19 1.208E-19 1.175E-19 1.183E-19
 1.180E-19 1.140E-19 1.052E-19 1.028E-19 1.040E-19 1.096E-19 1.123E-19 1.136E-19 1.223E-19 1.267E-19
 1.196E-19 1.092E-19 9.726E-20 9.445E-20 1.021E-19 1.049E-19 1.020E-19 1.055E-19 1.098E-19 1.125E-19
 1.152E-19 1.056E-19 9.955E-20 1.020E-19 1.047E-19 1.092E-19 1.150E-19 1.135E-19 1.123E-19 1.140E-19
 1.069E-19 1.024E-19 1.045E-19 1.050E-19 1.094E-19 1.136E-19 1.122E-19 1.128E-19 1.134E-19 1.134E-19
 1.152E-19 1.095E-19 1.084E-19 1.135E-19 1.178E-19 1.147E-19 1.104E-19 1.085E-19 1.006E-19 9.388E-20
 9.056E-20 9.391E-20 1.013E-19 1.076E-19 1.174E-19 1.188E-19 1.104E-19 1.120E-19 1.130E-19 1.076E-19
 9.962E-20 1.034E-19 1.139E-19 1.168E-19 1.135E-19 1.139E-19 1.105E-19 1.043E-19 1.003E-19 1.011E-19
 1.124E-19 1.169E-19 1.168E-19 1.179E-19 1.153E-19 1.111E-19 1.043E-19 9.957E-20 1.001E-19 1.046E-19
 1.038E-19 1.058E-19 1.108E-19 1.053E-19 1.044E-19 1.057E-19 1.057E-19 1.065E-19 1.111E-19 1.138E-19
 1.163E-19 1.225E-19 1.216E-19 1.140E-19 1.047E-19 1.012E-19 1.017E-19 1.026E-19 1.075E-19 1.093E-19
 1.126E-19 1.210E-19 1.216E-19 1.113E-19 1.005E-19 9.853E-20 1.010E-19 9.794E-20 1.018E-19 1.089E-19
 1.091E-19 1.154E-19 1.157E-19 1.058E-19 1.049E-19 1.037E-19 1.115E-19 1.218E-19 1.205E-19 1.194E-19
 1.175E-19 1.069E-19 1.067E-19 1.096E-19 1.042E-19 9.994E-20 1.017E-19 1.066E-19 1.163E-19 1.186E-19
 1.039E-19 9.964E-20 1.054E-19 1.081E-19 1.093E-19 1.075E-19 1.089E-19 1.144E-19 1.107E-19 1.082E-19
 1.108E-19 1.066E-19 1.017E-19 1.069E-19 1.098E-19 1.133E-19 1.142E-19 1.081E-19 1.098E-19 1.091E-19
 1.000E-19 1.006E-19 1.071E-19 1.085E-19 1.152E-19 1.207E-19 1.221E-19 1.145E-19 1.093E-19 1.117E-19
 1.020E-19 9.363E-20 9.754E-20 1.023E-19 9.863E-20 1.014E-19 1.028E-19 9.992E-20 9.700E-20 9.541E-20
 9.375E-20 1.002E-19 1.071E-19 1.117E-19 1.258E-19 1.306E-19 1.169E-19 1.017E-19 9.190E-20 9.423E-20
 1.008E-19 1.020E-19 1.027E-19 1.086E-19 1.088E-19 1.044E-19 1.023E-19 9.982E-20 9.658E-20 9.961E-20
 1.130E-19 1.211E-19 1.192E-19 1.123E-19 1.073E-19 1.022E-19 9.471E-20 9.110E-20 9.673E-20 1.011E-19
 1.035E-19 1.070E-19 1.101E-19 1.100E-19 1.097E-19 1.056E-19 1.013E-19 1.096E-19 1.180E-19 1.159E-19
 1.133E-19 1.162E-19 1.187E-19 1.208E-19 1.108E-19 9.648E-20 9.536E-20 9.692E-20 1.037E-19 1.184E-19
 1.239E-19 1.229E-19 1.268E-19 1.227E-19 1.156E-19 1.124E-19 1.090E-19 1.048E-19 1.072E-19 1.104E-19
 1.114E-19 1.169E-19 1.153E-19 1.110E-19 1.051E-19 1.025E-19 1.059E-19 1.127E-19 1.214E-19 1.264E-19
 1.267E-19 1.241E-19 1.177E-19 1.055E-19 1.066E-19 1.143E-19 1.162E-19 1.189E-19 1.184E-19 1.145E-19
 1.167E-19 1.053E-19 1.002E-19 1.073E-19 1.091E-19 1.079E-19 1.165E-19 1.260E-19 1.286E-19 1.291E-19
 1.266E-19 1.237E-19 1.197E-19 1.192E-19 1.203E-19 1.223E-19 1.218E-19 1.209E-19 1.179E-19 1.133E-19
 1.029E-19 1.003E-19 1.077E-19 1.118E-19 1.152E-19 1.234E-19 1.219E-19 1.166E-19 1.153E-19 1.115E-19
 1.151E-19 1.187E-19 1.164E-19 1.158E-19 1.187E-19 1.218E-19 1.184E-19 1.144E-19 1.117E-19 1.119E-19
 1.185E-19 1.249E-19 1.262E-19 1.245E-19 1.250E-19 1.259E-19 1.245E-19 1.176E-19 1.144E-19 1.184E-19
 1.109E-19 1.177E-19 1.310E-19 1.280E-19 1.285E-19 1.290E-19 1.241E-19 1.115E-19 1.053E-19 1.087E-19
 1.179E-19 1.265E-19 1.329E-19 1.311E-19 1.220E-19 1.203E-19 1.240E-19 1.195E-19 1.151E-19 1.228E-19
 1.305E-19 1.370E-19 1.362E-19 1.272E-19 1.221E-19 1.185E-19 1.114E-19 1.073E-19 1.093E-19 1.154E-19
 1.205E-19 1.275E-19 1.288E-19 1.293E-19 1.266E-19 1.216E-19 1.233E-19 1.253E-19 1.231E-19 1.279E-19
 1.370E-19 1.334E-19 1.266E-19 1.209E-19 1.166E-19 1.187E-19 1.254E-19 1.291E-19 1.324E-19 1.355E-19
 1.298E-19 1.251E-19 1.322E-19 1.314E-19 1.213E-19 1.186E-19 1.195E-19 1.292E-19 1.395E-19 1.422E-19
 1.384E-19 1.303E-19 1.206E-19 1.110E-19 1.095E-19 1.216E-19 1.261E-19 1.286E-19 1.357E-19 1.401E-19
 1.407E-19 1.338E-19 1.229E-19 1.127E-19 1.156E-19 1.257E-19 1.369E-19 1.360E-19 1.272E-19 1.239E-19
 1.230E-19 1.175E-19 1.105E-19 1.107E-19 1.215E-19 1.315E-19 1.358E-19 1.392E-19 1.391E-19 1.331E-19
 1.309E-19 1.290E-19 1.253E-19 1.338E-19 1.488E-19 1.521E-19 1.447E-19 1.392E-19 1.353E-19 1.301E-19
 1.232E-19 1.178E-19 1.252E-19 1.359E-19 1.353E-19 1.359E-19 1.366E-19 1.359E-19 1.315E-19 1.300E-19
 1.315E-19 1.362E-19 1.489E-19 1.516E-19 1.468E-19 1.490E-19 1.440E-19 1.314E-19 1.350E-19 1.350E-19
 1.377E-19 1.437E-19 1.447E-19 1.453E-19 1.480E-19 1.485E-19 1.397E-19 1.340E-19 1.347E-19 1.340E-19
 1.360E-19 1.406E-19 1.440E-19 1.444E-19 1.435E-19 1.390E-19 1.346E-19 1.345E-19 1.330E-19 1.378E-19
 1.462E-19 1.505E-19 1.550E-19 1.503E-19 1.420E-19 1.402E-19 1.403E-19 1.388E-19 1.434E-19 1.505E-19
 1.544E-19 1.599E-19 1.557E-19 1.514E-19 1.460E-19 1.431E-19 1.474E-19 1.525E-19 1.538E-19 1.566E-19
 1.672E-19 1.687E-19 1.577E-19 1.615E-19 1.658E-19 1.567E-19 1.539E-19 1.562E-19 1.615E-19 1.677E-19
 1.602E-19 1.528E-19 1.525E-19 1.517E-19 1.458E-19 1.522E-19 1.589E-19 1.570E-19 1.574E-19 1.600E-19
 1.646E-19 1.585E-19 1.491E-19 1.492E-19 1.542E-19 1.532E-19 1.559E-19 1.590E-19 1.613E-19 1.633E-19
 1.594E-19 1.573E-19 1.521E-19 1.469E-19 1.501E-19 1.590E-19 1.649E-19 1.698E-19 1.714E-19 1.733E-19
 1.680E-19 1.590E-19 1.615E-19 1.631E-19 1.699E-19 1.767E-19 1.821E-19 1.868E-19 1.792E-19 1.656E-19
 1.620E-19 1.661E-19 1.715E-19 1.725E-19 1.755E-19 1.859E-19 1.837E-19 1.759E-19 1.728E-19 1.729E-19
 1.789E-19 1.866E-19 1.911E-19 1.868E-19 1.865E-19 1.853E-19 1.868E-19 1.859E-19 1.815E-19 1.814E-19
 1.777E-19 1.826E-19 1.870E-19 1.868E-19 1.866E-19 1.875E-19 1.847E-19 1.765E-19 1.755E-19 1.770E-19
 1.729E-19 1.805E-19 1.861E-19 1.876E-19 1.888E-19 1.831E-19 1.785E-19 1.784E-19 1.829E-19 1.797E-19
 1.817E-19 1.889E-19 1.945E-19 1.921E-19 1.814E-19 1.785E-19 1.885E-19 1.941E-19 1.928E-19 1.914E-19
 1.935E-19 1.949E-19 1.930E-19 1.912E-19 1.897E-19 1.842E-19 1.882E-19 1.949E-19 1.884E-19 1.883E-19
 1.964E-19 2.061E-19 2.069E-19 2.025E-19 1.996E-19 2.028E-19 1.997E-19 2.025E-19 2.111E-19 2.121E-19
 2.121E-19 2.104E-19 2.071E-19 2.079E-19 2.054E-19 2.017E-19 1.946E-19 1.929E-19 2.072E-19 2.118E-19
 2.072E-19 2.046E-19 2.073E-19 2.037E-19 2.032E-19 2.101E-19 2.159E-19 2.138E-19 2.132E-19 2.156E-19
 2.191E-19 2.173E-19 2.147E-19 2.142E-19 2.112E-19 2.087E-19 2.140E-19 2.246E-19 2.234E-19 2.176E-19
 2.182E-19 2.151E-19 2.109E-19 2.160E-19 2.164E-19 2.223E-19 2.276E-19 2.199E-19 2.168E-19 2.169E-19
 2.157E-19 2.097E-19 2.121E-19 2.230E-19 2.305E-19 2.311E-19 2.324E-19 2.282E-19 2.213E-19 2.239E-19
 2.239E-19 2.257E-19 2.300E-19 2.323E-19 2.384E-19 2.452E-19 2.462E-19 2.420E-19 2.297E-19 2.219E-19
 2.214E-19 2.214E-19 2.334E-19 2.469E-19 2.469E-19 2.471E-19 2.475E-19 2.513E-19 2.548E-19 2.535E-19
 2.498E-19 2.443E-19 2.448E-19 2.548E-19 2.543E-19 2.478E-19 2.491E-19 2.557E-19 2.526E-19 2.417E-19
 2.410E-19 2.529E-19 2.525E-19 2.530E-19 2.561E-19 2.500E-19 2.428E-19 2.486E-19 2.627E-19 2.677E-19
 2.687E-19 2.625E-19 2.597E-19 2.653E-19 2.655E-19 2.612E-19 2.615E-19 2.704E-19 2.785E-19 2.759E-19
 2.750E-19 2.783E-19 2.811E-19 2.788E-19 2.690E-19 2.673E-19 2.745E-19 2.780E-19 2.784E-19 2.784E-19
 2.833E-19 2.898E-19 2.961E-19 2.924E-19 2.855E-19 2.849E-19 2.850E-19 2.917E-19 3.005E-19 3.043E-19
 2.982E-19 2.936E-19 2.923E-19 2.932E-19 2.937E-19 2.910E-19 2.997E-19 3.056E-19 3.087E-19 3.064E-19
 3.028E-19 3.025E-19 3.066E-19 3.080E-19 3.023E-19 2.975E-19 3.005E-19 3.038E-19 3.035E-19 3.069E-19
 3.173E-19 3.176E-19 3.109E-19 3.136E-19 3.188E-19 3.256E-19 3.280E-19 3.269E-19 3.275E-19 3.307E-19
 3.285E-19 3.252E-19 3.259E-19 3.221E-19 3.234E-19 3.275E-19 3.343E-19 3.425E-19 3.407E-19 3.378E-19
 3.379E-19 3.346E-19 3.314E-19 3.372E-19 3.512E-19 3.624E-19 3.587E-19 3.564E-19 3.612E-19 3.543E-19
 3.419E-19 3.395E-19 3.480E-19 3.526E-19 3.564E-19 3.682E-19 3.744E-19 3.689E-19 3.657E-19 3.702E-19
 3.699E-19 3.688E-19 3.721E-19 3.761E-19 3.803E-19 3.857E-19 3.843E-19 3.754E-19 3.670E-19 3.695E-19
 3.731E-19 3.750E-19 3.856E-19 3.908E-19 3.936E-19 3.974E-19 3.947E-19 3.882E-19 3.991E-19 4.090E-19
 4.026E-19 3.992E-19 4.058E-19 4.110E-19 4.093E-19 4.044E-19 4.011E-19 4.029E-19 3.931E-19 3.903E-19
 3.987E-19 4.044E-19 4.095E-19 4.164E-19 4.239E-19 4.206E-19 4.135E-19 4.154E-19 4.203E-19 4.236E-19
 4.286E-19 4.343E-19 4.299E-19 4.225E-19 4.140E-19 4.109E-19 4.166E-19 4.279E-19 4.406E-19 4.427E-19
 4.394E-19 4.426E-19 4.468E-19 4.432E-19 4.333E-19 4.254E-19 4.243E-19 4.283E-19 4.387E-19 4.514E-19
 4.512E-19 4.525E-19 4.539E-19 4.529E-19 4.438E-19 4.379E-19 4.450E-19 4.546E-19 4.575E-19 4.610E-19
 4.583E-19 4.549E-19 4.633E-19 4.708E-19 4.698E-19 4.631E-19 4.692E-19 4.724E-19 4.760E-19 4.803E-19
 4.716E-19 4.671E-19 4.753E-19 4.714E-19 4.594E-19 4.632E-19 4.779E-19 4.839E-19 4.775E-19 4.749E-19
 4.829E-19 4.781E-19 4.673E-19 4.683E-19 4.725E-19 4.805E-19 4.895E-19 4.946E-19 4.966E-19 4.897E-19
 4.782E-19 4.762E-19 4.854E-19 4.922E-19 4.927E-19 4.907E-19 5.081E-19 5.121E-19 4.958E-19 4.933E-19
 4.949E-19 4.960E-19 5.057E-19 5.118E-19 5.200E-19 5.239E-19 5.193E-19 5.118E-19 5.032E-19 4.994E-19
 5.042E-19 5.086E-19 5.128E-19 5.248E-19 5.295E-19 5.253E-19 5.229E-19 5.221E-19 5.208E-19 5.162E-19
 5.235E-19 5.330E-19 5.256E-19 5.317E-19 5.388E-19 5.345E-19 5.278E-19 5.291E-19 5.292E-19 5.340E-19
 5.371E-19 5.345E-19 5.421E-19 5.494E-19 5.469E-19 5.402E-19 5.308E-19 5.263E-19 5.350E-19 5.387E-19
 5.378E-19 5.445E-19 5.446E-19 5.401E-19 5.469E-19 5.504E-19 5.446E-19 5.444E-19 5.482E-19 5.520E-19
 5.449E-19 5.368E-19 5.436E-19 5.456E-19 5.383E-19 5.457E-19 5.535E-19 5.507E-19 5.509E-19 5.514E-19
 5.594E-19 5.654E-19 5.624E-19 5.635E-19 5.641E-19 5.654E-19 5.617E-19 5.668E-19 5.801E-19 5.793E-19
 5.808E-19 5.831E-19 5.794E-19 5.716E-19 5.690E-19 5.631E-19 5.599E-19 5.642E-19 5.741E-19 5.860E-19
 5.950E-19 5.937E-19 5.869E-19 5.802E-19 5.738E-19 5.753E-19 5.881E-19 5.988E-19 6.000E-19 5.970E-19
 5.901E-19 5.871E-19 5.886E-19 5.881E-19 5.840E-19 5.890E-19 6.020E-19 6.071E-19 6.067E-19 6.092E-19
 6.041E-19 5.955E-19 5.876E-19 5.907E-19 5.946E-19 5.951E-19 6.028E-19 6.063E-19 6.004E-19 6.019E-19
 6.075E-19 6.101E-19 6.089E-19 6.039E-19 6.094E-19 6.171E-19 6.184E-19 6.197E-19 6.141E-19 6.008E-19
 5.960E-19 6.093E-19 6.175E-19 6.209E-19 6.340E-19 6.332E-19 6.191E-19 6.079E-19 6.008E-19 5.964E-19
 6.026E-19 6.246E-19 6.249E-19 6.222E-19 6.285E-19 6.303E-19 6.347E-19 6.321E-19 6.217E-19 6.123E-19
 6.224E-19 6.368E-19 6.508E-19 6.529E-19 6.441E-19 6.382E-19 6.373E-19 6.347E-19 6.298E-19 6.247E-19
 6.298E-19 6.358E-19 6.380E-19 6.532E-19 6.575E-19 6.489E-19 6.434E-19 6.351E-19 6.257E-19 6.300E-19
 6.429E-19 6.555E-19 6.547E-19 6.516E-19 6.532E-19 6.514E-19 6.532E-19 6.516E-19 6.496E-19 6.509E-19
 6.584E-19 6.680E-19 6.702E-19 6.622E-19 6.581E-19 6.612E-19 6.577E-19 6.569E-19 6.644E-19 6.614E-19
 6.548E-19 6.560E-19 6.558E-19 6.632E-19 6.667E-19 6.649E-19 6.625E-19 6.542E-19 6.499E-19 6.572E-19
 6.647E-19 6.691E-19 6.722E-19 6.599E-19 6.345E-19 6.315E-19 6.494E-19 6.688E-19 6.758E-19 6.697E-19
 6.651E-19 6.640E-19 6.692E-19 6.731E-19 6.678E-19 6.625E-19 6.623E-19 6.686E-19 6.839E-19 6.845E-19
 6.712E-19 6.610E-19 6.509E-19 6.454E-19 6.516E-19 6.699E-19 6.806E-19 6.772E-19 6.811E-19 6.800E-19
 6.675E-19 6.644E-19 6.719E-19 6.622E-19 6.518E-19 6.522E-19 6.703E-19 6.867E-19 6.760E-19 6.627E-19
 6.583E-19 6.544E-19 6.587E-19 6.646E-19 6.730E-19 6.814E-19 6.709E-19 6.559E-19 6.640E-19 6.716E-19
 6.690E-19 6.655E-19 6.609E-19 6.647E-19 6.762E-19 6.849E-19 6.911E-19 6.906E-19 6.804E-19 6.673E-19
 6.573E-19 6.643E-19 6.786E-19 6.871E-19 6.860E-19 6.868E-19 6.793E-19 6.702E-19 6.824E-19 6.889E-19
 6.796E-19 6.806E-19 6.785E-19 6.797E-19 6.793E-19 6.785E-19 6.722E-19 6.593E-19 6.545E-19 6.592E-19
 6.660E-19 6.735E-19 6.759E-19 6.761E-19 6.785E-19 6.763E-19 6.729E-19 6.658E-19 6.587E-19 6.623E-19
 6.662E-19 6.766E-19 6.872E-19 6.893E-19 6.833E-19 6.758E-19 6.709E-19 6.610E-19 6.622E-19 6.750E-19
 6.817E-19 6.751E-19 6.677E-19 6.678E-19 6.753E-19 6.849E-19 6.858E-19 6.801E-19 6.790E-19 6.782E-19
 6.786E-19 6.807E-19 6.721E-19 6.677E-19 6.698E-19 6.675E-19 6.714E-19 6.850E-19 6.860E-19 6.783E-19
 6.799E-19 6.812E-19 6.851E-19 6.870E-19 6.825E-19 6.723E-19 6.749E-19 6.809E-19 6.919E-19 7.020E-19
 6.906E-19 6.814E-19 6.815E-19 6.777E-19 6.827E-19 6.874E-19 6.857E-19 6.879E-19 6.908E-19 6.875E-19
 6.851E-19 6.869E-19 6.869E-19 6.880E-19 6.870E-19 6.875E-19 6.999E-19 7.024E-19 6.917E-19 6.853E-19
 6.859E-19 6.916E-19 6.985E-19 7.047E-19 7.017E-19 6.961E-19 6.997E-19 7.041E-19 7.069E-19 7.070E-19
 6.979E-19 6.963E-19 6.970E-19 6.998E-19 7.126E-19 7.267E-19 7.163E-19 7.061E-19 7.105E-19 7.022E-19
 6.985E-19 6.982E-19 6.918E-19 6.966E-19 7.056E-19 7.175E-19 7.228E-19 7.134E-19 7.066E-19 6.971E-19
 7.087E-19 7.279E-19 7.329E-19 7.265E-19 7.208E-19 7.275E-19 7.224E-19 7.161E-19 7.145E-19 7.095E-19
 7.069E-19 7.165E-19 7.251E-19 7.254E-19 7.286E-19 7.249E-19 7.196E-19 7.119E-19 7.055E-19 7.192E-19
 7.323E-19 7.224E-19 7.206E-19 7.292E-19 7.311E-19 7.306E-19 7.226E-19 7.136E-19 7.186E-19 7.389E-19
 7.494E-19 7.480E-19 7.488E-19 7.515E-19 7.493E-19 7.415E-19 7.480E-19 7.562E-19 7.540E-19 7.548E-19
 7.688E-19 7.756E-19 7.725E-19 7.705E-19 7.573E-19 7.524E-19 7.623E-19 7.668E-19 7.567E-19 7.567E-19
 7.688E-19 7.699E-19 7.733E-19 7.851E-19 7.936E-19 7.923E-19 7.867E-19 7.976E-19 8.085E-19 8.110E-19
 8.170E-19 8.161E-19 7.986E-19 7.798E-19 7.872E-19 8.081E-19 8.195E-19 8.176E-19 8.112E-19 8.156E-19
 8.204E-19 8.251E-19 8.357E-19 8.377E-19 8.324E-19 8.296E-19 8.313E-19 8.379E-19 8.474E-19 8.448E-19
 8.346E-19 8.253E-19 8.243E-19 8.352E-19 8.424E-19 8.392E-19 8.455E-19 8.609E-19 8.708E-19 8.703E-19
 8.716E-19 8.715E-19 8.663E-19 8.756E-19 8.834E-19 8.855E-19 8.868E-19 8.822E-19 8.792E-19 8.895E-19
 9.001E-19 8.898E-19 8.699E-19 8.665E-19 8.864E-19 9.032E-19 9.054E-19 9.112E-19 9.025E-19 9.018E-19
 9.119E-19 9.199E-19 9.287E-19 9.211E-19 9.116E-19 9.265E-19 9.411E-19 9.351E-19 9.226E-19 9.206E-19
 9.216E-19 9.221E-19 9.363E-19 9.541E-19 9.624E-19 9.599E-19 9.560E-19 9.456E-19 9.373E-19 9.470E-19
 9.584E-19 9.700E-19 9.875E-19 9.926E-19 9.979E-19 1.001E-18 9.858E-19 9.796E-19 9.891E-19 9.845E-19
 9.791E-19 9.922E-19 1.009E-18 1.008E-18 9.979E-19 9.972E-19 9.986E-19 1.006E-18 1.015E-18 1.008E-18
 1.006E-18 1.015E-18 1.026E-18 1.041E-18 1.041E-18 1.020E-18 1.009E-18 1.013E-18 1.018E-18 1.028E-18
 1.039E-18 1.041E-18 1.044E-18 1.061E-18 1.062E-18 1.058E-18 1.057E-18 1.057E-18 1.063E-18 1.068E-18
 1.070E-18 1.064E-18 1.057E-18 1.064E-18 1.075E-18 1.076E-18 1.076E-18 1.080E-18 1.080E-18 1.093E-18
 1.105E-18 1.096E-18 1.098E-18 1.093E-18 1.083E-18 1.092E-18 1.105E-18 1.112E-18 1.110E-18 1.092E-18
 1.080E-18 1.085E-18 1.081E-18 1.076E-18 1.071E-18 1.067E-18 1.083E-18 1.105E-18 1.109E-18 1.093E-18
 1.082E-18 1.090E-18 1.092E-18 1.087E-18 1.099E-18 1.099E-18 1.105E-18 1.126E-18 1.132E-18 1.140E-18
 1.150E-18 1.155E-18 1.152E-18 1.153E-18 1.145E-18 1.144E-18 1.141E-18 1.122E-18 1.106E-18 1.099E-18
 1.093E-18 1.078E-18 1.067E-18 1.071E-18 1.074E-18 1.072E-18 1.064E-18 1.050E-18 1.037E-18 1.019E-18
 1.013E-18 1.023E-18 1.036E-18 1.033E-18 1.022E-18 1.024E-18 1.037E-18 1.049E-18 1.047E-18 1.022E-18
 9.873E-19 9.714E-19 9.707E-19 9.775E-19 9.882E-19 9.881E-19 9.869E-19 9.884E-19 9.833E-19 9.922E-19
 1.002E-18 1.007E-18 1.010E-18 1.001E-18 9.841E-19 9.563E-19 9.319E-19 9.255E-19 9.249E-19 9.253E-19
 9.320E-19 9.396E-19 9.248E-19 9.111E-19 9.134E-19 9.022E-19 8.736E-19 8.616E-19 8.477E-19 8.385E-19
 8.411E-19 8.368E-19 8.293E-19 8.172E-19 8.144E-19 8.122E-19 8.030E-19 7.945E-19 7.869E-19 7.718E-19
 7.722E-19 7.724E-19 7.597E-19 7.521E-19 7.476E-19 7.373E-19 7.309E-19 7.380E-19 7.535E-19 7.595E-19
 7.643E-19 7.617E-19 7.504E-19 7.308E-19 7.035E-19 6.973E-19 6.994E-19 6.995E-19 7.073E-19 7.074E-19
 7.137E-19 7.295E-19 7.384E-19 7.371E-19 7.289E-19 7.262E-19 7.211E-19 7.136E-19 6.941E-19 6.776E-19
 6.773E-19 6.854E-19 6.858E-19 6.728E-19 6.726E-19 6.741E-19 6.729E-19 6.750E-19 6.646E-19 6.410E-19
 6.068E-19 5.695E-19 5.524E-19 5.492E-19 5.399E-19 5.389E-19 5.444E-19 5.451E-19 5.413E-19 5.412E-19
 5.409E-19 5.335E-19 5.309E-19 5.330E-19 5.463E-19 5.616E-19 5.557E-19 5.480E-19 5.538E-19 5.424E-19
 5.301E-19 5.374E-19 5.404E-19 5.400E-19 5.414E-19 5.497E-19 5.575E-19 5.556E-19 5.528E-19 5.549E-19
 5.606E-19 5.641E-19 5.636E-19 5.662E-19 5.710E-19 5.800E-19 5.826E-19 5.754E-19 5.734E-19 5.658E-19
 5.608E-19 5.675E-19 5.746E-19 5.794E-19 5.812E-19 5.764E-19 5.838E-19 5.857E-19 5.751E-19 5.737E-19
 5.777E-19 5.853E-19 5.887E-19 5.928E-19 5.941E-19 5.921E-19 5.920E-19 5.914E-19 5.892E-19 5.909E-19
 5.993E-19 5.983E-19 6.033E-19 6.146E-19 6.030E-19 5.947E-19 5.994E-19 6.014E-19 6.021E-19 6.046E-19
 6.060E-19 6.171E-19 6.330E-19 6.354E-19 6.264E-19 6.176E-19 6.095E-19 6.071E-19 6.130E-19 6.151E-19
 6.164E-19 6.147E-19 6.112E-19 6.103E-19 6.144E-19 6.241E-19 6.280E-19 6.283E-19 6.287E-19 6.303E-19
 6.304E-19 6.333E-19 6.409E-19 6.372E-19 6.297E-19 6.286E-19 6.281E-19 6.256E-19 6.358E-19 6.457E-19
 6.518E-19 6.457E-19 6.404E-19 6.464E-19 6.475E-19 6.493E-19 6.483E-19 6.465E-19 6.466E-19 6.514E-19
 6.517E-19 6.470E-19 6.353E-19 6.375E-19 6.531E-19 6.566E-19 6.606E-19 6.720E-19 6.691E-19 6.659E-19
 6.683E-19 6.639E-19 6.629E-19 6.649E-19 6.756E-19 6.755E-19 6.720E-19 6.711E-19 6.679E-19 6.650E-19
 6.623E-19 6.645E-19 6.588E-19 6.574E-19 6.709E-19 6.905E-19 6.880E-19 6.789E-19 6.832E-19 6.863E-19
 6.837E-19 6.761E-19 6.748E-19 6.819E-19 6.859E-19 6.939E-19 6.925E-19 6.794E-19 6.816E-19 6.873E-19
 6.815E-19 6.756E-19 6.777E-19 6.869E-19 6.960E-19 7.021E-19 7.074E-19 7.017E-19 6.957E-19 6.867E-19
 6.849E-19 6.969E-19 7.043E-19 7.034E-19 7.081E-19 7.070E-19 7.075E-19 7.051E-19 6.920E-19 6.873E-19
 6.910E-19 6.946E-19 7.015E-19 7.203E-19 7.234E-19 7.110E-19 7.097E-19 7.000E-19 6.899E-19 6.992E-19
 7.106E-19 7.093E-19 7.050E-19 7.088E-19 7.150E-19 7.154E-19 7.122E-19 7.115E-19 7.124E-19 7.171E-19
 7.234E-19 7.191E-19 7.111E-19 7.113E-19 7.217E-19 7.171E-19 7.056E-19 7.107E-19 7.162E-19 7.256E-19
 7.286E-19 7.333E-19 7.277E-19 7.155E-19 7.092E-19 7.029E-19 6.950E-19 7.007E-19 7.140E-19 7.179E-19
 7.140E-19 7.027E-19 6.916E-19 6.978E-19 7.102E-19 7.151E-19 7.084E-19 7.122E-19 7.245E-19 7.365E-19
 7.344E-19 7.160E-19 7.035E-19 7.017E-19 7.076E-19 7.119E-19 7.143E-19 7.160E-19 7.197E-19 7.132E-19
 7.087E-19 7.069E-19 7.005E-19 6.989E-19 7.005E-19 7.009E-19 7.031E-19 7.069E-19 7.067E-19 6.978E-19
 6.941E-19 6.896E-19 6.947E-19 7.018E-19 7.037E-19 6.963E-19 6.883E-19 6.919E-19 6.972E-19 7.029E-19
 7.049E-19 6.945E-19 6.929E-19 7.006E-19 7.095E-19 7.151E-19 7.069E-19 7.010E-19 6.996E-19 7.002E-19
 6.998E-19 6.900E-19 6.825E-19 6.853E-19 6.812E-19 6.824E-19 6.899E-19 6.926E-19 6.913E-19 6.908E-19
 6.836E-19 6.722E-19 6.738E-19 6.871E-19 6.880E-19 6.773E-19 6.728E-19 6.713E-19 6.626E-19 6.580E-19
 6.628E-19 6.704E-19 6.783E-19 6.734E-19 6.637E-19 6.644E-19 6.699E-19 6.608E-19 6.536E-19 6.525E-19
 6.537E-19 6.609E-19 6.575E-19 6.535E-19 6.568E-19 6.564E-19 6.422E-19 6.284E-19 6.282E-19 6.348E-19
 6.449E-19 6.482E-19 6.459E-19 6.408E-19 6.404E-19 6.382E-19 6.349E-19 6.331E-19 6.315E-19 6.359E-19
 6.391E-19 6.413E-19 6.378E-19 6.308E-19 6.187E-19 6.109E-19 6.171E-19 6.219E-19 6.206E-19 6.198E-19
 6.173E-19 6.191E-19 6.042E-19 5.958E-19 6.028E-19 6.026E-19 6.007E-19 5.935E-19 5.941E-19 5.981E-19
 6.010E-19 6.016E-19 5.945E-19 5.870E-19 5.883E-19 5.944E-19 5.873E-19 5.730E-19 5.739E-19 5.870E-19
 5.895E-19 5.821E-19 5.717E-19 5.680E-19 5.691E-19 5.695E-19 5.650E-19 5.616E-19 5.678E-19 5.738E-19
 5.719E-19 5.636E-19 5.478E-19 5.392E-19 5.490E-19 5.507E-19 5.480E-19 5.464E-19 5.518E-19 5.515E-19
 5.394E-19 5.215E-19 5.148E-19 5.270E-19 5.368E-19 5.326E-19 5.309E-19 5.385E-19 5.460E-19 5.336E-19
 5.168E-19 5.100E-19 5.176E-19 5.253E-19 5.225E-19 5.114E-19 4.951E-19 4.992E-19 5.164E-19 5.126E-19
 4.884E-19 4.842E-19 4.964E-19 4.995E-19 4.992E-19 4.985E-19 4.923E-19 4.878E-19 4.811E-19 4.769E-19
 4.811E-19 4.813E-19 4.768E-19 4.780E-19 4.856E-19 4.889E-19 4.813E-19 4.753E-19 4.687E-19 4.632E-19
 4.580E-19 4.603E-19 4.660E-19 4.706E-19 4.701E-19 4.578E-19 4.548E-19 4.575E-19 4.467E-19 4.389E-19
 4.349E-19 4.394E-19 4.454E-19 4.455E-19 4.484E-19 4.420E-19 4.314E-19 4.308E-19 4.373E-19 4.374E-19
 4.350E-19 4.360E-19 4.349E-19 4.371E-19 4.293E-19 4.181E-19 4.095E-19 4.020E-19 3.963E-19 3.949E-19
 3.974E-19 3.977E-19 3.999E-19 4.038E-19 4.022E-19 3.965E-19 3.879E-19 3.844E-19 3.910E-19 3.974E-19
 3.912E-19 3.833E-19 3.880E-19 3.805E-19 3.672E-19 3.619E-19 3.592E-19 3.592E-19 3.583E-19 3.594E-19
 3.599E-19 3.593E-19 3.675E-19 3.636E-19 3.568E-19 3.585E-19 3.582E-19 3.613E-19 3.627E-19 3.543E-19
 3.542E-19 3.552E-19 3.476E-19 3.351E-19 3.267E-19 3.245E-19 3.284E-19 3.377E-19 3.451E-19 3.415E-19
 3.356E-19 3.385E-19 3.336E-19 3.264E-19 3.266E-19 3.205E-19 3.150E-19 3.183E-19 3.229E-19 3.239E-19
 3.129E-19 2.972E-19 2.888E-19 2.892E-19 2.983E-19 3.118E-19 3.104E-19 3.014E-19 3.020E-19 3.051E-19
 3.012E-19 2.951E-19 2.909E-19 2.848E-19 2.899E-19 2.906E-19 2.867E-19 2.878E-19 2.850E-19 2.791E-19
 2.691E-19 2.627E-19 2.704E-19 2.747E-19 2.702E-19 2.681E-19 2.782E-19 2.813E-19 2.690E-19 2.626E-19
 2.628E-19 2.594E-19 2.556E-19 2.643E-19 2.682E-19 2.636E-19 2.572E-19 2.510E-19 2.427E-19 2.352E-19
 2.321E-19 2.304E-19 2.316E-19 2.421E-19 2.553E-19 2.567E-19 2.435E-19 2.389E-19 2.352E-19 2.320E-19
 2.313E-19 2.319E-19 2.284E-19 2.255E-19 2.287E-19 2.286E-19 2.247E-19 2.189E-19 2.143E-19 2.185E-19
 2.250E-19 2.219E-19 2.197E-19 2.186E-19 2.133E-19 2.085E-19 2.084E-19 2.068E-19 2.060E-19 2.026E-19
 2.037E-19 2.093E-19 2.148E-19 2.069E-19 1.957E-19 1.985E-19 1.987E-19 1.952E-19 1.931E-19 1.952E-19
 2.011E-19 2.013E-19 1.978E-19 1.950E-19 1.903E-19 1.869E-19 1.839E-19 1.879E-19 1.934E-19 1.947E-19
 1.902E-19 1.879E-19 1.809E-19 1.731E-19 1.681E-19 1.659E-19 1.661E-19 1.645E-19 1.675E-19 1.672E-19
 1.634E-19 1.620E-19 1.623E-19 1.560E-19 1.541E-19 1.552E-19 1.604E-19 1.653E-19 1.625E-19 1.666E-19
 1.719E-19 1.649E-19 1.491E-19 1.364E-19 1.414E-19 1.492E-19 1.502E-19 1.526E-19 1.582E-19 1.544E-19
 1.466E-19 1.467E-19 1.466E-19 1.437E-19 1.418E-19 1.466E-19 1.467E-19 1.487E-19 1.480E-19 1.404E-19
 1.336E-19 1.348E-19 1.320E-19 1.292E-19 1.348E-19 1.393E-19 1.384E-19 1.386E-19 1.404E-19 1.340E-19
 1.303E-19 1.265E-19 1.319E-19 1.424E-19 1.468E-19 1.428E-19 1.385E-19 1.337E-19 1.269E-19 1.243E-19
 1.182E-19 1.080E-19 1.140E-19 1.233E-19 1.284E-19 1.277E-19 1.253E-19 1.233E-19 1.194E-19 1.178E-19
 1.140E-19 1.127E-19 1.209E-19 1.221E-19 1.215E-19 1.212E-19 1.183E-19 1.126E-19 1.098E-19 1.097E-19
 1.076E-19 1.071E-19 1.088E-19 1.155E-19 1.217E-19 1.226E-19 1.144E-19 1.083E-19 1.077E-19 1.109E-19
 1.167E-19 1.239E-19 1.232E-19 1.225E-19 1.197E-19 1.113E-19 1.006E-19 9.578E-20 9.859E-20 9.722E-20
 9.959E-20 1.046E-19 1.049E-19 1.011E-19 9.819E-20 9.338E-20 8.631E-20 9.038E-20 9.977E-20 1.013E-19
 9.806E-20 1.045E-19 1.037E-19 9.452E-20 8.813E-20 8.700E-20 8.494E-20 8.206E-20 8.701E-20 9.631E-20
 1.001E-19 9.611E-20 9.097E-20 8.834E-20 8.513E-20 8.126E-20 8.067E-20 8.285E-20 8.771E-20 9.537E-20
 9.740E-20 9.123E-20 9.180E-20 8.946E-20 8.181E-20 8.205E-20 8.088E-20 9.170E-20 1.013E-19 1.009E-19
 9.986E-20 9.306E-20 8.359E-20 8.116E-20 7.823E-20 8.306E-20 9.077E-20 9.451E-20 9.302E-20 8.680E-20
 8.426E-20 7.915E-20 7.650E-20 7.696E-20 8.464E-20 9.285E-20 9.305E-20 9.334E-20 8.458E-20 7.753E-20
 8.252E-20 8.225E-20 8.005E-20 8.006E-20 7.942E-20 7.918E-20 8.957E-20 9.200E-20 8.127E-20 7.602E-20
 7.006E-20 6.614E-20 7.178E-20 7.559E-20 7.737E-20 7.726E-20 8.061E-20 8.006E-20 7.559E-20 7.171E-20
 7.183E-20 7.337E-20 7.913E-20 8.597E-20 8.693E-20 8.635E-20 8.619E-20 8.396E-20 7.673E-20 7.244E-20
 7.582E-20 7.773E-20 7.389E-20 7.387E-20 7.836E-20 8.164E-20 8.406E-20 8.116E-20 7.921E-20 7.195E-20
 7.028E-20 7.552E-20 7.951E-20 8.491E-20 8.703E-20 8.082E-20 7.748E-20 7.448E-20 7.362E-20 7.630E-20
 7.669E-20 7.439E-20 6.986E-20 7.167E-20 7.711E-20 8.491E-20 7.934E-20 7.234E-20 7.118E-20 7.480E-20
 8.176E-20 8.697E-20 9.184E-20 9.133E-20 7.988E-20 6.862E-20 6.643E-20 7.026E-20 7.187E-20 8.078E-20
 8.888E-20 8.720E-20 8.473E-20 8.398E-20 7.542E-20 6.517E-20 6.475E-20 6.570E-20 6.350E-20 6.225E-20
 6.696E-20 7.528E-20 7.344E-20 6.406E-20 6.614E-20 7.114E-20 7.160E-20 7.467E-20 7.661E-20 7.558E-20
 7.606E-20 7.502E-20 7.017E-20 6.502E-20 6.152E-20 5.929E-20 6.836E-20 7.377E-20 7.100E-20 7.482E-20
 7.660E-20 6.786E-20 6.390E-20 6.550E-20 6.845E-20 7.122E-20 7.395E-20 7.491E-20 7.528E-20 8.421E-20
 8.053E-20 6.812E-20 7.310E-20 7.717E-20 7.593E-20 7.869E-20 7.552E-20 8.006E-20 8.896E-20 8.541E-20
 7.754E-20 7.334E-20 6.812E-20 6.812E-20 6.525E-20 6.126E-20 6.981E-20 7.515E-20 6.875E-20 6.234E-20
 6.075E-20 6.619E-20 7.306E-20 7.287E-20 7.279E-20 8.096E-20 8.326E-20 8.498E-20 8.817E-20 7.786E-20
 6.282E-20 6.823E-20 7.607E-20 7.416E-20 7.291E-20 7.224E-20 7.277E-20 6.925E-20 6.828E-20 6.638E-20
 5.955E-20 6.033E-20 6.727E-20 6.850E-20 7.017E-20 7.415E-20 7.092E-20 6.577E-20 6.446E-20 6.182E-20
 6.233E-20 6.911E-20 7.494E-20 7.315E-20 7.252E-20 7.112E-20 7.011E-20 6.955E-20 6.746E-20 6.902E-20
 6.486E-20 6.527E-20 7.186E-20 7.395E-20 7.377E-20 6.846E-20 6.223E-20 5.789E-20 5.336E-20 5.285E-20
 6.293E-20 7.320E-20 7.460E-20 6.889E-20 6.423E-20 6.854E-20 7.239E-20 6.985E-20 6.843E-20 7.037E-20
 7.581E-20 7.498E-20 7.085E-20 6.980E-20 6.712E-20 6.272E-20 6.852E-20 7.113E-20 6.849E-20 7.176E-20
 7.791E-20 8.068E-20 7.792E-20 7.269E-20 6.966E-20 7.191E-20 7.621E-20 7.773E-20 7.790E-20 7.979E-20
 7.951E-20 7.475E-20 6.531E-20 6.853E-20 7.362E-20 7.433E-20 7.593E-20 8.109E-20 7.643E-20 7.188E-20
 7.476E-20 7.085E-20 6.741E-20 6.641E-20 6.500E-20 6.815E-20 7.653E-20 8.158E-20 7.825E-20 6.800E-20
 6.131E-20 6.558E-20 7.031E-20 7.249E-20 7.446E-20 7.467E-20 7.403E-20 7.072E-20 6.908E-20 6.694E-20
 6.363E-20 6.575E-20 6.641E-20 6.300E-20 6.855E-20 7.679E-20 8.227E-20 7.890E-20 6.960E-20 6.461E-20
 6.298E-20 6.840E-20 6.935E-20 6.972E-20 8.121E-20 8.698E-20 8.710E-20 8.161E-20 7.795E-20 7.610E-20
 6.954E-20 7.164E-20 7.720E-20 7.528E-20 7.258E-20 7.181E-20 7.439E-20 7.733E-20 7.288E-20 6.662E-20
 7.055E-20 7.010E-20 6.697E-20 6.636E-20 7.031E-20 7.486E-20 7.513E-20 7.464E-20 7.543E-20 7.561E-20
 8.213E-20 8.359E-20 7.480E-20 7.198E-20 7.921E-20 7.860E-20 7.203E-20 6.785E-20 6.084E-20 6.150E-20
 6.747E-20 6.908E-20 6.795E-20 7.630E-20 8.092E-20 8.064E-20 7.283E-20 6.852E-20 7.044E-20 6.804E-20
 6.771E-20 7.381E-20 8.172E-20 8.730E-20 8.317E-20 7.881E-20 7.329E-20 6.713E-20 6.750E-20 6.645E-20
 6.284E-20 6.723E-20 7.103E-20 7.482E-20 7.737E-20 7.291E-20 6.947E-20 7.118E-20 7.409E-20 7.990E-20
 8.209E-20 7.803E-20 7.812E-20 7.671E-20 6.704E-20 6.229E-20 6.640E-20 6.933E-20 7.310E-20 8.278E-20
 8.432E-20 8.171E-20 7.878E-20 7.746E-20 7.371E-20 7.029E-20 7.284E-20 7.976E-20 8.268E-20 8.609E-20
 8.729E-20 7.503E-20 6.862E-20 6.833E-20 6.853E-20 7.406E-20 8.058E-20 8.475E-20 9.224E-20 8.996E-20
 8.285E-20 8.128E-20 7.959E-20 7.651E-20 7.765E-20 8.194E-20 8.652E-20 8.863E-20 8.769E-20 7.909E-20
 7.643E-20 8.040E-20 7.395E-20 6.410E-20 6.649E-20 7.562E-20 8.404E-20 8.415E-20 7.845E-20 7.489E-20
 7.924E-20 8.446E-20 8.705E-20 8.744E-20 9.206E-20 9.554E-20 9.213E-20 8.720E-20 8.302E-20 7.868E-20
 7.697E-20 7.975E-20 8.071E-20 8.615E-20 9.067E-20 8.722E-20 8.451E-20 8.740E-20 9.393E-20 9.421E-20
 8.934E-20 8.256E-20 8.777E-20 9.402E-20 9.460E-20 9.300E-20 8.757E-20 8.436E-20 8.611E-20 8.709E-20
 8.606E-20 8.575E-20 8.658E-20 9.341E-20 9.763E-20 9.857E-20 9.952E-20 9.167E-20 8.760E-20 9.139E-20
 9.686E-20 9.735E-20 9.400E-20 9.591E-20 9.565E-20 9.526E-20 9.212E-20 8.498E-20 8.547E-20 9.624E-20
 9.784E-20 9.295E-20 9.663E-20 9.795E-20 9.482E-20 9.202E-20 8.887E-20 9.037E-20 9.684E-20 1.036E-19
 1.046E-19 1.011E-19 1.010E-19 9.991E-20 9.235E-20 9.154E-20 9.086E-20 8.968E-20 9.003E-20 9.096E-20
 9.868E-20 1.016E-19 9.199E-20 9.597E-20 1.010E-19 9.786E-20 1.001E-19 1.067E-19 1.113E-19 1.120E-19
 1.096E-19 1.075E-19 1.037E-19 1.028E-19 1.049E-19 1.075E-19 1.096E-19 1.095E-19 1.071E-19 1.105E-19
 1.135E-19 1.113E-19 1.071E-19 1.072E-19 1.132E-19 1.110E-19 1.092E-19 1.093E-19 1.070E-19 1.073E-19
 1.032E-19 1.005E-19 9.958E-20 9.678E-20 9.516E-20 9.872E-20 1.091E-19 1.143E-19 1.084E-19 1.026E-19
 1.073E-19 1.123E-19 1.111E-19 1.099E-19 1.122E-19 1.131E-19 1.142E-19 1.188E-19 1.188E-19 1.115E-19
 1.059E-19 1.100E-19 1.120E-19 1.141E-19 1.162E-19 1.152E-19 1.185E-19 1.207E-19 1.176E-19 1.135E-19
 1.110E-19 1.075E-19 1.072E-19 1.106E-19 1.178E-19 1.191E-19 1.198E-19 1.182E-19 1.170E-19 1.162E-19
 1.140E-19 1.133E-19 1.151E-19 1.125E-19 1.161E-19 1.254E-19 1.289E-19 1.174E-19 1.121E-19 1.122E-19
 1.072E-19 1.135E-19 1.205E-19 1.248E-19 1.268E-19 1.261E-19 1.210E-19 1.163E-19 1.168E-19 1.163E-19
 1.186E-19 1.225E-19 1.212E-19 1.178E-19 1.175E-19 1.167E-19 1.126E-19 1.083E-19 1.074E-19 1.114E-19
 1.185E-19 1.189E-19 1.211E-19 1.317E-19 1.325E-19 1.248E-19 1.180E-19 1.173E-19 1.196E-19 1.204E-19
 1.208E-19 1.215E-19 1.217E-19 1.235E-19 1.251E-19 1.208E-19 1.145E-19 1.090E-19 1.186E-19 1.310E-19
 1.246E-19 1.134E-19 1.110E-19 1.076E-19 1.020E-19 1.053E-19 1.104E-19 1.068E-19 1.049E-19 1.123E-19
 1.140E-19 1.125E-19 1.129E-19 1.103E-19 1.064E-19 1.048E-19 1.056E-19 1.076E-19 1.147E-19 1.175E-19
 1.071E-19 1.081E-19 1.104E-19 1.010E-19 9.823E-20 1.021E-19 1.051E-19 1.100E-19 1.104E-19 1.103E-19
 1.145E-19 1.149E-19 1.075E-19 1.031E-19 1.066E-19 1.097E-19 1.188E-19 1.296E-19 1.226E-19 1.097E-19
 1.051E-19 1.041E-19 9.808E-20 1.021E-19 1.101E-19 1.074E-19 1.094E-19 1.165E-19 1.145E-19 1.024E-19
 9.526E-20 9.515E-20 9.603E-20 1.034E-19 1.049E-19 1.037E-19 1.102E-19 1.105E-19 9.775E-20 9.196E-20
 9.164E-20 8.744E-20 8.966E-20 9.551E-20 9.921E-20 9.536E-20 9.253E-20 9.300E-20 9.453E-20 9.722E-20
 9.346E-20 9.200E-20 9.818E-20 1.005E-19 1.044E-19 1.058E-19 1.004E-19 1.001E-19 9.815E-20 9.322E-20
 8.752E-20 8.991E-20 9.102E-20 9.012E-20 9.129E-20 8.900E-20 8.893E-20 8.951E-20 8.716E-20 8.445E-20
 8.079E-20 8.549E-20 9.412E-20 8.818E-20 8.398E-20 8.199E-20 8.232E-20 8.125E-20 7.910E-20 8.107E-20
 8.342E-20 8.419E-20 8.719E-20 8.583E-20 8.630E-20 8.368E-20 8.051E-20 8.694E-20 9.109E-20 8.362E-20
 8.669E-20 9.487E-20 9.274E-20 9.173E-20 8.687E-20 8.220E-20 8.852E-20 9.696E-20 9.894E-20 9.909E-20
 1.004E-19 9.774E-20 9.935E-20 9.828E-20 9.132E-20 9.050E-20 9.342E-20 9.462E-20 9.567E-20 9.949E-20
 9.758E-20 9.239E-20 8.873E-20 9.103E-20 9.492E-20 9.441E-20 9.191E-20 8.967E-20 9.428E-20 1.020E-19
 1.004E-19 9.096E-20 8.279E-20 8.211E-20 8.684E-20 9.430E-20 9.246E-20 8.615E-20 8.669E-20 9.060E-20
 9.476E-20 9.144E-20 8.887E-20 9.003E-20 8.842E-20 8.936E-20 9.217E-20 9.185E-20 8.969E-20 9.618E-20
 9.730E-20 8.972E-20 8.532E-20 8.099E-20 8.698E-20 9.756E-20 9.381E-20 8.974E-20 9.515E-20 8.867E-20
 7.700E-20 8.036E-20 8.544E-20 8.620E-20 8.815E-20 9.252E-20 8.928E-20 8.927E-20 9.372E-20 8.952E-20
 8.120E-20 8.475E-20 9.292E-20 9.643E-20 9.606E-20 9.965E-20 1.005E-19 9.280E-20 8.758E-20 7.972E-20
 7.674E-20 7.988E-20 9.099E-20 1.042E-19 1.063E-19 1.042E-19 9.971E-20 9.120E-20 8.523E-20 7.823E-20
 7.697E-20 8.575E-20 9.453E-20 9.414E-20 9.346E-20 9.195E-20 9.317E-20 9.336E-20 8.973E-20 9.061E-20
 8.846E-20 9.038E-20 9.503E-20 9.276E-20 9.140E-20 9.271E-20 9.228E-20 9.529E-20 9.703E-20 9.679E-20
 1.023E-19 1.034E-19 1.034E-19 1.055E-19 1.008E-19 9.352E-20 9.133E-20 9.348E-20 9.805E-20 1.006E-19
 1.020E-19 1.009E-19 1.004E-19 1.015E-19 9.688E-20 9.257E-20 8.859E-20 9.151E-20 9.859E-20 1.022E-19
 9.981E-20 9.840E-20 9.813E-20 9.775E-20 9.365E-20 8.902E-20 8.920E-20 9.142E-20 9.477E-20 1.005E-19
 1.049E-19 1.010E-19 1.018E-19 9.958E-20 9.234E-20 9.443E-20 9.705E-20 9.132E-20 9.014E-20 1.003E-19
 1.056E-19 9.792E-20 9.449E-20 9.844E-20 9.993E-20 9.669E-20 9.943E-20 1.055E-19 1.066E-19 9.881E-20
 9.184E-20 9.019E-20 8.946E-20 9.253E-20 9.730E-20 1.023E-19 1.064E-19 1.095E-19 1.045E-19 9.942E-20
 1.007E-19 1.120E-19 1.151E-19 1.079E-19 1.047E-19 1.056E-19 1.033E-19 9.833E-20 9.790E-20 9.102E-20
 8.952E-20 9.175E-20 9.029E-20 9.431E-20 9.738E-20 9.985E-20 1.002E-19 1.005E-19 1.004E-19 9.322E-20
 8.602E-20 8.742E-20 9.470E-20 1.010E-19 9.984E-20 9.715E-20 1.056E-19 1.082E-19 1.031E-19 9.690E-20
 9.805E-20 1.018E-19 1.057E-19 1.085E-19 1.095E-19 1.041E-19 9.748E-20 1.013E-19 1.043E-19 9.655E-20
 9.278E-20 9.591E-20 1.032E-19 1.090E-19 1.102E-19 1.070E-19 1.026E-19 9.535E-20 8.779E-20 8.935E-20
 9.416E-20 1.013E-19 1.067E-19 1.059E-19 9.995E-20 9.936E-20 9.571E-20 8.965E-20 8.699E-20 9.488E-20
 9.854E-20 1.014E-19 1.017E-19 9.949E-20 9.737E-20 9.450E-20 9.786E-20 9.810E-20 9.784E-20 1.025E-19
 1.089E-19 1.098E-19 1.010E-19 9.168E-20 9.076E-20 9.058E-20 8.594E-20 8.903E-20 9.498E-20 9.875E-20
 1.006E-19 1.054E-19 1.153E-19 1.153E-19 1.131E-19 1.153E-19 1.212E-19 1.223E-19 1.142E-19 1.036E-19
 1.018E-19 1.034E-19 9.601E-20 9.088E-20 8.943E-20 8.999E-20 9.264E-20 9.874E-20 1.024E-19 9.401E-20
 9.151E-20 9.563E-20 9.449E-20 9.324E-20 9.840E-20 1.037E-19 1.034E-19 1.050E-19 1.030E-19 9.813E-20
 9.079E-20 8.235E-20 8.281E-20 8.538E-20 8.300E-20 8.199E-20 8.234E-20 8.613E-20 8.977E-20 9.078E-20
 9.402E-20 9.653E-20 9.490E-20 9.491E-20 9.809E-20 9.830E-20 1.007E-19 1.002E-19 9.279E-20 8.604E-20
 8.644E-20 8.657E-20 8.744E-20 8.349E-20 8.752E-20 9.420E-20 9.061E-20 8.975E-20 9.372E-20 9.585E-20
 9.065E-20 8.303E-20 8.272E-20 8.731E-20 9.019E-20 9.634E-20 9.441E-20 8.796E-20 8.547E-20 8.073E-20
 8.059E-20 8.767E-20 9.155E-20 9.489E-20 9.773E-20 1.003E-19 9.690E-20 8.814E-20 8.584E-20 8.772E-20
 9.093E-20 9.430E-20 9.318E-20 9.202E-20 9.424E-20 9.490E-20 9.745E-20 9.508E-20 8.776E-20 8.726E-20
 8.994E-20 9.142E-20 9.753E-20 9.816E-20 9.226E-20 9.535E-20 1.005E-19 9.228E-20 8.968E-20 9.520E-20
 9.455E-20 9.684E-20 1.002E-19 9.846E-20 8.859E-20 8.307E-20 8.747E-20 9.080E-20 8.742E-20 8.668E-20
 9.529E-20 1.053E-19 1.074E-19 9.820E-20 9.265E-20 8.863E-20 8.407E-20 8.640E-20 9.091E-20 9.328E-20
 9.467E-20 9.523E-20 9.664E-20 9.752E-20 9.514E-20 9.017E-20 9.147E-20 9.554E-20 9.205E-20 9.203E-20
 9.985E-20 1.042E-19 1.013E-19 9.448E-20 9.252E-20 9.212E-20 9.308E-20 9.668E-20 9.596E-20 9.613E-20
 9.621E-20 9.251E-20 8.458E-20 8.080E-20 8.013E-20 8.343E-20 8.837E-20 9.021E-20 8.658E-20 8.662E-20
 8.884E-20 8.413E-20 7.614E-20 7.085E-20 7.646E-20 8.349E-20 8.789E-20 9.150E-20 9.134E-20 8.470E-20
 8.049E-20 8.155E-20 8.178E-20 7.920E-20 7.589E-20 7.969E-20 8.414E-20 8.888E-20 9.132E-20 8.968E-20
 8.790E-20 9.141E-20 8.639E-20 8.588E-20 9.229E-20 9.332E-20 8.910E-20 8.939E-20 8.789E-20 8.659E-20
 9.059E-20 8.449E-20 7.490E-20 8.056E-20 8.813E-20 8.825E-20 9.206E-20 9.346E-20 8.911E-20 8.884E-20
 9.264E-20 9.265E-20 1.019E-19 1.142E-19 1.115E-19 1.020E-19 1.015E-19 9.353E-20 8.528E-20 8.925E-20
 9.581E-20 9.663E-20 9.271E-20 8.949E-20 8.758E-20 8.339E-20 8.706E-20 9.036E-20 8.798E-20 8.204E-20
 8.319E-20 8.378E-20 8.224E-20 8.827E-20 8.734E-20 7.490E-20 7.448E-20 7.582E-20 7.503E-20 7.672E-20
 7.830E-20 8.222E-20 8.653E-20 8.869E-20 8.156E-20 7.700E-20 8.025E-20 8.455E-20 8.485E-20 8.628E-20
 9.095E-20 9.159E-20 8.650E-20 8.423E-20 8.182E-20 7.615E-20 7.458E-20 7.882E-20 8.350E-20 8.455E-20
 8.251E-20 8.121E-20 8.159E-20 7.754E-20 7.001E-20 6.689E-20 7.227E-20 8.053E-20 8.352E-20 8.624E-20
 8.727E-20 8.752E-20 8.211E-20 7.638E-20 7.813E-20 8.130E-20 7.782E-20 7.842E-20 7.971E-20 8.277E-20
 7.994E-20 7.447E-20 7.690E-20 7.300E-20 7.038E-20 7.301E-20 7.757E-20 8.116E-20 8.664E-20 8.817E-20
 8.587E-20 8.282E-20 7.944E-20 7.894E-20 8.172E-20 8.357E-20 8.572E-20 9.384E-20 1.024E-19 1.030E-19
 1.005E-19 9.898E-20 9.688E-20 9.240E-20 8.605E-20 7.616E-20 7.716E-20 8.309E-20 8.040E-20 7.718E-20
 7.035E-20 7.105E-20 7.030E-20 6.490E-20 6.657E-20 7.651E-20 8.177E-20 7.802E-20 7.192E-20 7.414E-20
 7.363E-20 6.700E-20 6.533E-20 6.605E-20 6.363E-20 6.161E-20 6.347E-20 6.848E-20 6.557E-20 6.757E-20
 6.948E-20 6.736E-20 6.891E-20 6.810E-20 6.902E-20 6.875E-20 6.663E-20 6.740E-20 6.547E-20 5.870E-20
 6.069E-20 6.280E-20 6.679E-20 6.691E-20 6.355E-20 6.873E-20 6.942E-20 6.283E-20 6.216E-20 6.244E-20
 6.035E-20 6.157E-20 6.736E-20 6.934E-20 7.260E-20 7.259E-20 6.454E-20 5.944E-20 6.039E-20 6.418E-20
 6.438E-20 6.355E-20 6.800E-20 6.667E-20 5.938E-20 5.723E-20 6.043E-20 5.947E-20 5.461E-20 5.902E-20
 5.889E-20 5.571E-20 6.393E-20 7.069E-20 6.997E-20 6.353E-20 6.225E-20 6.240E-20 6.169E-20 6.271E-20
 6.860E-20 7.308E-20 7.476E-20 6.926E-20 6.084E-20 5.753E-20 5.453E-20 5.418E-20 5.590E-20 6.097E-20
 6.167E-20 5.730E-20 4.997E-20 4.624E-20 5.005E-20 5.585E-20 6.141E-20 6.577E-20 6.743E-20 6.120E-20
 5.583E-20 5.597E-20 5.425E-20 5.474E-20 5.638E-20 5.663E-20 5.708E-20 5.335E-20 5.022E-20 5.417E-20
 5.813E-20 5.507E-20 5.478E-20 5.836E-20 5.829E-20 6.061E-20 6.273E-20 6.437E-20 6.293E-20 6.351E-20
 5.700E-20 4.802E-20 5.197E-20 5.329E-20 4.813E-20 4.625E-20 5.273E-20 5.615E-20 5.432E-20 5.524E-20
 5.511E-20 5.213E-20 5.209E-20 5.051E-20 5.213E-20 5.816E-20 5.904E-20 5.961E-20 5.857E-20 5.841E-20
 5.803E-20 5.438E-20 5.419E-20 5.222E-20 4.860E-20 5.139E-20 5.305E-20 5.065E-20 4.991E-20 5.475E-20
 5.384E-20 5.562E-20 5.845E-20 5.596E-20 5.262E-20 5.177E-20 5.312E-20 5.093E-20 4.429E-20 3.977E-20
 4.151E-20 4.408E-20 4.379E-20 5.169E-20 5.568E-20 4.938E-20 4.529E-20 4.337E-20 4.517E-20 4.512E-20
 4.828E-20 5.704E-20 5.950E-20 5.813E-20 6.070E-20 6.058E-20 5.264E-20 4.578E-20 4.815E-20 5.062E-20
 5.060E-20 5.026E-20 5.258E-20 5.564E-20 5.047E-20 4.876E-20 5.294E-20 5.403E-20 5.007E-20 4.867E-20
 5.752E-20 5.632E-20 5.236E-20 5.476E-20 5.352E-20 4.791E-20 4.632E-20 4.470E-20 4.227E-20 4.315E-20
 5.236E-20 5.401E-20 4.861E-20 4.827E-20 4.471E-20 3.627E-20 3.985E-20 4.977E-20 5.750E-20 6.498E-20
 6.316E-20 5.669E-20 4.960E-20 4.746E-20 4.582E-20 4.259E-20 4.580E-20 4.627E-20 4.322E-20 4.989E-20
 5.456E-20 5.237E-20 4.661E-20 4.243E-20 4.873E-20 5.043E-20 4.418E-20 5.043E-20 5.656E-20 5.374E-20
 4.766E-20 4.127E-20 4.232E-20 4.445E-20 4.201E-20 4.667E-20 5.733E-20 5.765E-20 4.740E-20 4.108E-20
 4.243E-20 4.372E-20 4.272E-20 4.321E-20 4.606E-20 4.303E-20 4.421E-20 5.170E-20 5.667E-20 5.535E-20
 5.043E-20 4.437E-20 4.331E-20 4.378E-20 4.670E-20 4.971E-20 5.023E-20 5.370E-20 5.301E-20 5.595E-20
 5.451E-20 5.052E-20 4.824E-20 4.629E-20 4.314E-20 4.730E-20 4.963E-20 5.146E-20 4.872E-20 4.424E-20
 4.546E-20 4.395E-20 4.486E-20 4.996E-20 5.382E-20 5.321E-20 4.960E-20 4.332E-20 4.119E-20 4.192E-20
 4.196E-20 5.046E-20 5.578E-20 5.427E-20 5.271E-20 4.817E-20 4.365E-20 3.918E-20 3.636E-20 3.651E-20
 4.107E-20 4.095E-20 4.203E-20 4.973E-20 5.015E-20 4.438E-20 4.247E-20 4.325E-20 4.404E-20 4.719E-20
 5.158E-20 5.245E-20 5.222E-20 5.129E-20 5.244E-20 4.693E-20 4.012E-20 3.926E-20 3.997E-20 3.868E-20
 4.069E-20 4.114E-20 4.068E-20 4.186E-20 4.335E-20 4.625E-20 4.504E-20 4.392E-20 5.286E-20 5.952E-20
 5.969E-20 5.539E-20 4.958E-20 4.322E-20 3.733E-20 3.998E-20 4.716E-20 4.831E-20 4.445E-20 4.595E-20
 4.812E-20 4.829E-20 3.751E-20 3.227E-20 4.001E-20 4.254E-20 4.201E-20 4.073E-20 3.929E-20 4.263E-20
 4.675E-20 4.426E-20 4.597E-20 4.944E-20 4.617E-20 4.125E-20 4.176E-20 4.761E-20 4.852E-20 4.434E-20
 4.012E-20 3.905E-20 4.181E-20 4.437E-20 4.549E-20 4.618E-20 4.810E-20 4.992E-20 4.427E-20 3.855E-20
 3.726E-20 3.909E-20 4.111E-20 4.186E-20 4.530E-20 4.436E-20 3.981E-20 4.349E-20 4.953E-20 4.194E-20
 2.782E-20 2.833E-20 3.293E-20 3.827E-20 4.134E-20 4.834E-20 5.763E-20 5.630E-20 4.646E-20 4.172E-20
 3.936E-20 3.950E-20 4.061E-20 4.067E-20 4.525E-20 4.496E-20 4.506E-20 4.883E-20 4.547E-20 3.919E-20
 3.935E-20 4.054E-20 4.406E-20 4.569E-20 4.543E-20 4.724E-20 4.074E-20 4.030E-20 4.301E-20 3.914E-20
 3.732E-20 3.754E-20 4.202E-20 4.569E-20 4.365E-20 4.091E-20 3.937E-20 3.826E-20 3.517E-20 3.028E-20
 3.401E-20 3.625E-20 3.360E-20 3.475E-20 4.480E-20 4.389E-20 3.625E-20 3.409E-20 3.389E-20 3.290E-20
 3.309E-20 3.466E-20 4.017E-20 4.305E-20 3.747E-20 3.411E-20 3.191E-20 3.303E-20 3.227E-20 3.201E-20
 3.584E-20 3.662E-20 3.470E-20 3.081E-20 3.201E-20 3.643E-20 3.686E-20 3.612E-20 3.825E-20 4.155E-20
 4.291E-20 4.205E-20 3.892E-20 3.514E-20 3.214E-20 2.641E-20 2.940E-20 3.697E-20 3.872E-20 3.900E-20
 3.971E-20 3.819E-20 3.419E-20 3.059E-20 2.852E-20 2.511E-20 2.117E-20 0.000E+00 0.000E+00 0.000E+00
