   C2Cl2F4  815.0010  859.9940      3034  233.0000    0.0000 2.811E-18  NCAR    CFC-114
 2.411E-20 2.322E-20 3.148E-20 4.866E-20 6.114E-20 5.947E-20 5.790E-20 5.207E-20 3.855E-20 3.273E-20
 3.151E-20 2.891E-20 3.548E-20 3.782E-20 4.065E-20 4.780E-20 4.436E-20 3.259E-20 1.945E-20 2.187E-20
 2.584E-20 3.570E-20 4.518E-20 5.443E-20 5.747E-20 4.648E-20 3.635E-20 2.675E-20 2.230E-20 3.049E-20
 2.903E-20 1.492E-20 1.667E-20 2.492E-20 2.764E-20 2.014E-20 2.039E-20 2.570E-20 2.299E-20 3.076E-20
 4.950E-20 4.906E-20 4.603E-20 5.313E-20 5.562E-20 4.802E-20 4.228E-20 4.662E-20 4.275E-20 3.820E-20
 4.124E-20 4.652E-20 5.264E-20 3.685E-20 2.400E-20 2.530E-20 2.441E-20 2.932E-20 3.536E-20 4.248E-20
 4.666E-20 3.877E-20 3.035E-20 3.092E-20 3.080E-20 2.857E-20 3.734E-20 4.102E-20 4.271E-20 5.669E-20
 6.175E-20 4.618E-20 3.389E-20 3.088E-20 3.628E-20 3.845E-20 4.230E-20 4.918E-20 4.308E-20 3.288E-20
 3.242E-20 3.507E-20 4.274E-20 4.083E-20 3.170E-20 3.601E-20 4.181E-20 4.890E-20 4.630E-20 5.284E-20
 4.913E-20 4.707E-20 4.687E-20 4.278E-20 3.943E-20 3.982E-20 5.261E-20 5.289E-20 5.506E-20 6.163E-20
 4.737E-20 3.280E-20 3.338E-20 3.066E-20 2.830E-20 3.209E-20 3.891E-20 5.053E-20 4.082E-20 2.616E-20
 2.732E-20 3.043E-20 3.997E-20 4.444E-20 4.278E-20 3.764E-20 4.012E-20 4.111E-20 3.149E-20 3.943E-20
 4.219E-20 3.883E-20 4.965E-20 5.942E-20 5.164E-20 5.357E-20 6.089E-20 5.295E-20 3.755E-20 2.275E-20
 2.150E-20 3.104E-20 4.267E-20 5.086E-20 5.250E-20 5.145E-20 5.026E-20 3.275E-20 1.794E-20 2.388E-20
 1.904E-20 3.401E-20 5.613E-20 5.416E-20 5.874E-20 6.130E-20 5.384E-20 5.145E-20 5.474E-20 4.724E-20
 4.476E-20 5.116E-20 5.742E-20 5.526E-20 5.686E-20 4.829E-20 4.296E-20 4.788E-20 4.619E-20 4.214E-20
 5.488E-20 5.889E-20 5.692E-20 4.683E-20 3.303E-20 3.507E-20 3.983E-20 4.822E-20 5.422E-20 5.243E-20
 5.132E-20 5.277E-20 4.273E-20 3.672E-20 3.080E-20 3.051E-20 3.003E-20 3.436E-20 3.806E-20 4.109E-20
 5.261E-20 5.365E-20 4.456E-20 5.382E-20 5.258E-20 2.930E-20 3.166E-20 4.284E-20 4.647E-20 6.267E-20
 6.857E-20 7.383E-20 7.252E-20 5.071E-20 4.337E-20 4.915E-20 5.238E-20 5.399E-20 7.133E-20 6.226E-20
 4.477E-20 4.225E-20 2.801E-20 2.637E-20 4.180E-20 4.371E-20 4.308E-20 4.379E-20 4.699E-20 4.975E-20
 4.563E-20 3.736E-20 3.730E-20 4.355E-20 5.587E-20 6.099E-20 5.477E-20 5.987E-20 5.682E-20 5.672E-20
 5.790E-20 4.610E-20 3.269E-20 3.833E-20 5.130E-20 5.617E-20 5.738E-20 5.890E-20 4.806E-20 3.751E-20
 3.654E-20 3.887E-20 4.167E-20 3.875E-20 4.877E-20 5.661E-20 5.458E-20 5.604E-20 5.815E-20 5.524E-20
 4.334E-20 4.762E-20 5.495E-20 5.020E-20 4.787E-20 4.601E-20 3.714E-20 3.430E-20 3.823E-20 4.650E-20
 4.983E-20 5.653E-20 5.849E-20 5.614E-20 4.544E-20 4.036E-20 4.579E-20 4.630E-20 4.339E-20 3.273E-20
 4.085E-20 6.596E-20 7.486E-20 6.126E-20 5.735E-20 6.834E-20 7.321E-20 6.352E-20 5.866E-20 6.197E-20
 6.283E-20 6.792E-20 7.517E-20 6.717E-20 5.542E-20 5.734E-20 5.583E-20 5.051E-20 5.542E-20 6.914E-20
 8.173E-20 7.186E-20 6.569E-20 5.802E-20 5.061E-20 5.650E-20 6.616E-20 6.591E-20 5.727E-20 6.148E-20
 6.427E-20 6.262E-20 5.877E-20 4.892E-20 4.730E-20 4.429E-20 4.377E-20 4.869E-20 5.123E-20 5.361E-20
 6.691E-20 6.605E-20 5.546E-20 5.287E-20 4.607E-20 3.877E-20 4.182E-20 4.661E-20 4.611E-20 5.006E-20
 4.947E-20 4.397E-20 3.281E-20 3.326E-20 5.172E-20 5.936E-20 6.283E-20 7.058E-20 6.064E-20 5.671E-20
 5.460E-20 5.200E-20 4.845E-20 4.861E-20 5.218E-20 4.718E-20 4.033E-20 4.316E-20 4.032E-20 4.073E-20
 5.032E-20 4.667E-20 4.262E-20 3.845E-20 4.683E-20 6.130E-20 5.988E-20 5.922E-20 6.797E-20 6.987E-20
 6.855E-20 5.406E-20 3.753E-20 4.079E-20 6.048E-20 7.414E-20 6.277E-20 5.842E-20 5.379E-20 5.783E-20
 6.411E-20 5.290E-20 5.043E-20 4.828E-20 5.443E-20 6.794E-20 6.155E-20 5.292E-20 4.755E-20 4.450E-20
 4.225E-20 4.893E-20 6.545E-20 6.248E-20 5.555E-20 5.791E-20 6.500E-20 6.089E-20 5.769E-20 5.793E-20
 6.574E-20 7.895E-20 7.963E-20 8.073E-20 6.991E-20 5.082E-20 4.124E-20 3.839E-20 4.191E-20 3.605E-20
 4.190E-20 6.038E-20 5.944E-20 5.593E-20 5.867E-20 5.105E-20 4.732E-20 5.274E-20 5.636E-20 6.399E-20
 7.280E-20 7.297E-20 7.075E-20 7.685E-20 7.018E-20 6.067E-20 6.269E-20 7.064E-20 7.767E-20 7.319E-20
 6.144E-20 6.158E-20 6.042E-20 5.623E-20 5.281E-20 4.785E-20 4.014E-20 4.865E-20 4.809E-20 4.677E-20
 6.023E-20 6.615E-20 6.032E-20 4.980E-20 3.195E-20 2.517E-20 4.712E-20 5.689E-20 5.843E-20 5.914E-20
 6.249E-20 6.414E-20 5.907E-20 5.615E-20 5.925E-20 6.408E-20 7.153E-20 7.987E-20 6.751E-20 6.005E-20
 6.443E-20 6.675E-20 6.187E-20 4.817E-20 4.424E-20 4.750E-20 5.738E-20 5.877E-20 5.349E-20 4.756E-20
 4.828E-20 4.840E-20 4.931E-20 4.287E-20 4.783E-20 6.103E-20 7.257E-20 7.227E-20 7.031E-20 6.663E-20
 5.743E-20 4.616E-20 5.201E-20 5.974E-20 5.653E-20 5.809E-20 6.318E-20 6.611E-20 5.183E-20 5.299E-20
 5.275E-20 4.410E-20 5.622E-20 7.087E-20 7.233E-20 6.809E-20 6.142E-20 5.864E-20 4.612E-20 4.437E-20
 4.797E-20 4.297E-20 4.539E-20 5.409E-20 5.766E-20 6.153E-20 5.718E-20 4.876E-20 4.365E-20 4.786E-20
 4.696E-20 4.110E-20 4.736E-20 6.246E-20 7.075E-20 6.543E-20 6.501E-20 6.112E-20 3.895E-20 3.938E-20
 4.865E-20 4.602E-20 5.168E-20 4.952E-20 4.826E-20 6.046E-20 6.442E-20 5.262E-20 5.914E-20 6.995E-20
 6.384E-20 5.798E-20 6.504E-20 6.976E-20 6.742E-20 5.381E-20 4.670E-20 4.952E-20 5.424E-20 5.180E-20
 4.990E-20 6.117E-20 7.399E-20 6.989E-20 5.554E-20 5.398E-20 5.105E-20 4.839E-20 5.372E-20 6.155E-20
 5.916E-20 5.792E-20 6.283E-20 5.808E-20 5.074E-20 4.512E-20 4.860E-20 6.180E-20 6.856E-20 7.446E-20
 7.639E-20 7.293E-20 6.287E-20 6.072E-20 6.173E-20 6.441E-20 6.285E-20 6.356E-20 7.108E-20 7.490E-20
 6.782E-20 6.362E-20 6.447E-20 5.911E-20 5.845E-20 5.717E-20 6.674E-20 7.249E-20 7.319E-20 7.201E-20
 6.420E-20 6.458E-20 6.047E-20 5.353E-20 4.963E-20 5.665E-20 6.220E-20 6.512E-20 6.985E-20 6.663E-20
 5.660E-20 5.316E-20 5.554E-20 5.455E-20 6.207E-20 6.403E-20 5.980E-20 5.299E-20 4.253E-20 3.640E-20
 4.374E-20 4.412E-20 4.858E-20 4.932E-20 5.250E-20 6.141E-20 6.748E-20 7.257E-20 6.782E-20 6.782E-20
 5.963E-20 6.048E-20 6.130E-20 7.616E-20 7.954E-20 7.142E-20 7.142E-20 7.091E-20 6.147E-20 5.540E-20
 6.289E-20 7.693E-20 8.811E-20 8.092E-20 6.816E-20 6.039E-20 5.806E-20 6.200E-20 6.696E-20 5.686E-20
 4.908E-20 5.905E-20 5.975E-20 5.432E-20 6.295E-20 6.968E-20 5.252E-20 4.596E-20 5.740E-20 6.772E-20
 7.293E-20 7.894E-20 7.508E-20 5.772E-20 5.161E-20 4.452E-20 4.426E-20 5.132E-20 6.043E-20 6.969E-20
 7.348E-20 7.195E-20 7.430E-20 7.304E-20 6.350E-20 5.612E-20 5.610E-20 5.224E-20 4.484E-20 6.280E-20
 8.218E-20 7.879E-20 6.662E-20 6.683E-20 7.243E-20 7.759E-20 8.158E-20 8.305E-20 8.414E-20 7.834E-20
 7.370E-20 7.519E-20 7.280E-20 6.866E-20 6.223E-20 5.256E-20 5.354E-20 6.012E-20 6.932E-20 8.706E-20
 9.228E-20 7.301E-20 5.726E-20 6.286E-20 7.800E-20 8.382E-20 8.522E-20 9.313E-20 9.544E-20 9.114E-20
 9.298E-20 9.201E-20 6.773E-20 5.807E-20 6.873E-20 7.376E-20 7.288E-20 7.209E-20 7.229E-20 8.041E-20
 7.886E-20 6.909E-20 6.843E-20 6.613E-20 5.985E-20 6.049E-20 7.737E-20 7.668E-20 6.637E-20 5.945E-20
 4.741E-20 4.864E-20 6.171E-20 6.221E-20 5.942E-20 6.776E-20 7.048E-20 6.196E-20 6.325E-20 6.618E-20
 5.699E-20 4.804E-20 4.896E-20 5.550E-20 6.655E-20 6.766E-20 7.212E-20 6.841E-20 6.388E-20 6.755E-20
 5.812E-20 6.243E-20 6.594E-20 7.267E-20 6.804E-20 6.128E-20 6.719E-20 6.670E-20 5.468E-20 4.013E-20
 4.205E-20 5.465E-20 6.787E-20 8.055E-20 8.963E-20 8.270E-20 6.707E-20 5.863E-20 6.746E-20 7.537E-20
 7.893E-20 9.174E-20 9.795E-20 9.835E-20 8.534E-20 7.189E-20 6.782E-20 7.585E-20 8.444E-20 8.591E-20
 9.158E-20 9.893E-20 9.431E-20 8.004E-20 6.723E-20 7.457E-20 7.548E-20 7.067E-20 7.264E-20 6.324E-20
 7.008E-20 8.218E-20 8.719E-20 8.391E-20 5.977E-20 5.506E-20 6.282E-20 6.252E-20 6.715E-20 7.346E-20
 8.353E-20 8.127E-20 8.056E-20 7.776E-20 7.426E-20 6.619E-20 6.049E-20 7.082E-20 7.986E-20 8.733E-20
 8.993E-20 8.088E-20 7.831E-20 7.423E-20 7.059E-20 7.034E-20 7.494E-20 7.979E-20 7.724E-20 6.798E-20
 6.597E-20 7.865E-20 8.032E-20 7.092E-20 7.674E-20 7.596E-20 7.719E-20 8.486E-20 8.946E-20 8.746E-20
 7.344E-20 6.708E-20 6.185E-20 5.172E-20 6.539E-20 8.145E-20 8.805E-20 9.212E-20 9.550E-20 8.793E-20
 6.946E-20 6.037E-20 5.868E-20 5.551E-20 6.996E-20 9.718E-20 9.551E-20 8.470E-20 8.335E-20 7.837E-20
 7.111E-20 8.121E-20 7.763E-20 6.011E-20 7.391E-20 9.436E-20 9.419E-20 8.153E-20 6.785E-20 7.238E-20
 6.427E-20 5.730E-20 6.951E-20 8.483E-20 9.087E-20 1.022E-19 9.616E-20 8.369E-20 7.879E-20 7.751E-20
 7.747E-20 7.983E-20 7.194E-20 7.696E-20 8.450E-20 8.778E-20 8.532E-20 7.715E-20 7.714E-20 8.006E-20
 8.586E-20 7.434E-20 7.448E-20 8.164E-20 8.666E-20 9.746E-20 9.387E-20 8.313E-20 7.946E-20 7.358E-20
 7.356E-20 7.503E-20 8.626E-20 9.236E-20 8.803E-20 8.367E-20 7.444E-20 7.205E-20 7.814E-20 7.711E-20
 9.010E-20 9.979E-20 1.029E-19 1.006E-19 8.721E-20 7.697E-20 7.700E-20 8.284E-20 8.891E-20 9.824E-20
 1.055E-19 1.043E-19 1.014E-19 9.549E-20 9.468E-20 8.531E-20 7.987E-20 8.588E-20 9.485E-20 1.011E-19
 9.084E-20 8.240E-20 8.539E-20 9.347E-20 9.861E-20 9.345E-20 7.624E-20 7.615E-20 9.040E-20 1.025E-19
 1.005E-19 8.710E-20 8.341E-20 8.243E-20 7.558E-20 7.322E-20 7.917E-20 8.594E-20 8.371E-20 9.293E-20
 9.351E-20 8.477E-20 8.783E-20 8.555E-20 8.925E-20 9.793E-20 9.649E-20 9.430E-20 9.234E-20 8.820E-20
 9.008E-20 8.371E-20 7.240E-20 7.823E-20 8.765E-20 9.570E-20 9.506E-20 1.008E-19 1.034E-19 9.562E-20
 9.104E-20 8.367E-20 7.710E-20 7.254E-20 7.101E-20 8.380E-20 9.879E-20 9.588E-20 8.825E-20 8.737E-20
 9.361E-20 9.048E-20 8.582E-20 9.115E-20 9.453E-20 9.506E-20 9.970E-20 9.992E-20 9.234E-20 8.482E-20
 8.638E-20 9.036E-20 1.008E-19 1.036E-19 1.023E-19 1.050E-19 9.378E-20 8.889E-20 8.801E-20 8.468E-20
 8.178E-20 9.564E-20 1.131E-19 1.177E-19 1.216E-19 1.086E-19 1.129E-19 1.588E-19 1.989E-19 1.709E-19
 1.201E-19 9.700E-20 1.012E-19 1.126E-19 1.112E-19 1.028E-19 9.976E-20 9.877E-20 9.653E-20 9.674E-20
 9.438E-20 1.002E-19 1.038E-19 1.063E-19 9.926E-20 9.486E-20 9.219E-20 9.799E-20 1.086E-19 1.111E-19
 1.097E-19 1.021E-19 1.012E-19 1.078E-19 1.004E-19 9.349E-20 8.366E-20 7.982E-20 9.149E-20 9.709E-20
 1.106E-19 1.172E-19 1.142E-19 1.056E-19 8.873E-20 8.125E-20 9.511E-20 1.042E-19 1.067E-19 1.145E-19
 1.177E-19 1.156E-19 1.166E-19 1.103E-19 9.703E-20 8.613E-20 8.996E-20 1.070E-19 1.074E-19 1.025E-19
 1.139E-19 1.232E-19 1.201E-19 1.079E-19 9.223E-20 9.164E-20 1.044E-19 1.039E-19 1.030E-19 1.019E-19
 9.109E-20 9.187E-20 8.173E-20 7.541E-20 9.058E-20 1.075E-19 1.179E-19 1.159E-19 1.097E-19 9.822E-20
 9.292E-20 9.219E-20 8.360E-20 8.121E-20 8.985E-20 1.025E-19 1.080E-19 1.072E-19 1.075E-19 1.063E-19
 1.020E-19 9.627E-20 9.566E-20 1.054E-19 1.173E-19 1.254E-19 1.199E-19 1.164E-19 1.162E-19 1.113E-19
 1.198E-19 1.242E-19 1.109E-19 1.137E-19 1.206E-19 1.190E-19 1.148E-19 1.052E-19 9.087E-20 8.478E-20
 9.512E-20 1.085E-19 1.146E-19 1.126E-19 1.093E-19 1.125E-19 1.176E-19 1.178E-19 1.132E-19 1.074E-19
 1.098E-19 1.134E-19 1.145E-19 1.223E-19 1.276E-19 1.194E-19 1.175E-19 1.172E-19 1.124E-19 1.106E-19
 1.139E-19 1.107E-19 1.051E-19 1.078E-19 1.133E-19 1.097E-19 9.823E-20 9.992E-20 1.037E-19 1.049E-19
 1.126E-19 1.165E-19 1.126E-19 1.166E-19 1.155E-19 1.078E-19 1.123E-19 1.185E-19 1.214E-19 1.191E-19
 1.212E-19 1.257E-19 1.330E-19 1.261E-19 1.065E-19 1.111E-19 1.242E-19 1.361E-19 1.383E-19 1.348E-19
 1.349E-19 1.325E-19 1.232E-19 1.162E-19 1.100E-19 9.745E-20 1.097E-19 1.258E-19 1.251E-19 1.172E-19
 1.137E-19 1.159E-19 1.197E-19 1.236E-19 1.184E-19 1.114E-19 1.132E-19 1.170E-19 1.194E-19 1.121E-19
 1.043E-19 1.074E-19 1.131E-19 1.070E-19 1.053E-19 1.161E-19 1.258E-19 1.357E-19 1.356E-19 1.366E-19
 1.320E-19 1.274E-19 1.318E-19 1.289E-19 1.262E-19 1.289E-19 1.385E-19 1.467E-19 1.499E-19 1.434E-19
 1.305E-19 1.172E-19 1.101E-19 1.126E-19 1.199E-19 1.329E-19 1.356E-19 1.470E-19 1.475E-19 1.405E-19
 1.345E-19 1.180E-19 1.184E-19 1.209E-19 1.165E-19 1.302E-19 1.422E-19 1.395E-19 1.317E-19 1.261E-19
 1.261E-19 1.317E-19 1.366E-19 1.383E-19 1.395E-19 1.452E-19 1.400E-19 1.336E-19 1.370E-19 1.361E-19
 1.363E-19 1.362E-19 1.409E-19 1.462E-19 1.473E-19 1.330E-19 1.293E-19 1.328E-19 1.290E-19 1.276E-19
 1.299E-19 1.390E-19 1.487E-19 1.482E-19 1.413E-19 1.346E-19 1.367E-19 1.324E-19 1.318E-19 1.417E-19
 1.474E-19 1.413E-19 1.424E-19 1.532E-19 1.504E-19 1.454E-19 1.318E-19 1.302E-19 1.423E-19 1.447E-19
 1.548E-19 1.647E-19 1.598E-19 1.465E-19 1.416E-19 1.436E-19 1.423E-19 1.421E-19 1.372E-19 1.347E-19
 1.425E-19 1.515E-19 1.703E-19 1.674E-19 1.505E-19 1.420E-19 1.358E-19 1.398E-19 1.440E-19 1.541E-19
 1.643E-19 1.659E-19 1.607E-19 1.564E-19 1.549E-19 1.561E-19 1.536E-19 1.541E-19 1.541E-19 1.552E-19
 1.528E-19 1.552E-19 1.547E-19 1.481E-19 1.481E-19 1.511E-19 1.612E-19 1.714E-19 1.767E-19 1.775E-19
 1.675E-19 1.538E-19 1.563E-19 1.662E-19 1.601E-19 1.553E-19 1.565E-19 1.599E-19 1.663E-19 1.754E-19
 1.709E-19 1.598E-19 1.512E-19 1.526E-19 1.653E-19 1.689E-19 1.660E-19 1.682E-19 1.740E-19 1.654E-19
 1.550E-19 1.480E-19 1.574E-19 1.650E-19 1.627E-19 1.583E-19 1.652E-19 1.805E-19 1.780E-19 1.761E-19
 1.820E-19 1.792E-19 1.734E-19 1.819E-19 1.948E-19 1.905E-19 1.778E-19 1.757E-19 1.758E-19 1.765E-19
 1.755E-19 1.764E-19 1.833E-19 1.785E-19 1.829E-19 1.865E-19 1.843E-19 1.809E-19 1.778E-19 1.770E-19
 1.789E-19 1.858E-19 2.018E-19 2.100E-19 1.924E-19 1.767E-19 1.662E-19 1.593E-19 1.576E-19 1.592E-19
 1.532E-19 1.562E-19 1.735E-19 1.872E-19 1.834E-19 1.724E-19 1.697E-19 1.755E-19 1.810E-19 1.923E-19
 1.943E-19 1.965E-19 1.985E-19 1.963E-19 1.963E-19 1.910E-19 1.906E-19 1.909E-19 1.887E-19 1.817E-19
 1.928E-19 2.059E-19 1.979E-19 1.816E-19 1.701E-19 1.746E-19 1.953E-19 1.967E-19 1.948E-19 2.029E-19
 2.141E-19 2.155E-19 2.055E-19 1.966E-19 1.913E-19 1.915E-19 1.945E-19 1.974E-19 1.913E-19 1.878E-19
 1.969E-19 2.007E-19 1.973E-19 1.944E-19 1.860E-19 1.847E-19 2.068E-19 2.248E-19 2.224E-19 2.283E-19
 2.274E-19 2.141E-19 2.106E-19 2.103E-19 2.066E-19 2.044E-19 2.155E-19 2.333E-19 2.408E-19 2.380E-19
 2.316E-19 2.284E-19 2.303E-19 2.301E-19 2.296E-19 2.300E-19 2.320E-19 2.332E-19 2.432E-19 2.385E-19
 2.305E-19 2.287E-19 2.139E-19 2.245E-19 2.277E-19 2.180E-19 2.279E-19 2.518E-19 2.568E-19 2.435E-19
 2.265E-19 2.269E-19 2.391E-19 2.522E-19 2.718E-19 2.831E-19 2.812E-19 2.793E-19 2.699E-19 2.567E-19
 2.510E-19 2.545E-19 2.590E-19 2.559E-19 2.634E-19 2.746E-19 2.735E-19 2.664E-19 2.637E-19 2.723E-19
 2.683E-19 2.522E-19 2.591E-19 2.655E-19 2.670E-19 2.654E-19 2.609E-19 2.611E-19 2.595E-19 2.540E-19
 2.561E-19 2.611E-19 2.698E-19 2.768E-19 2.707E-19 2.631E-19 2.555E-19 2.532E-19 2.548E-19 2.560E-19
 2.567E-19 2.594E-19 2.673E-19 2.695E-19 2.708E-19 2.701E-19 2.561E-19 2.572E-19 2.705E-19 2.783E-19
 2.848E-19 2.870E-19 2.899E-19 2.889E-19 2.915E-19 2.847E-19 2.715E-19 2.691E-19 2.783E-19 2.852E-19
 2.845E-19 2.847E-19 2.883E-19 2.931E-19 2.983E-19 3.046E-19 3.018E-19 3.029E-19 3.063E-19 3.018E-19
 3.005E-19 3.044E-19 3.016E-19 2.973E-19 2.988E-19 2.899E-19 2.890E-19 3.094E-19 3.143E-19 3.098E-19
 3.151E-19 3.215E-19 3.225E-19 3.316E-19 3.353E-19 3.303E-19 3.304E-19 3.342E-19 3.306E-19 3.219E-19
 3.231E-19 3.144E-19 3.096E-19 3.170E-19 3.257E-19 3.345E-19 3.465E-19 3.523E-19 3.511E-19 3.428E-19
 3.465E-19 3.489E-19 3.394E-19 3.314E-19 3.304E-19 3.400E-19 3.403E-19 3.453E-19 3.567E-19 3.469E-19
 3.426E-19 3.502E-19 3.452E-19 3.555E-19 3.679E-19 3.681E-19 3.633E-19 3.641E-19 3.678E-19 3.764E-19
 3.654E-19 3.535E-19 3.536E-19 3.492E-19 3.666E-19 3.917E-19 3.875E-19 3.761E-19 3.738E-19 3.688E-19
 3.579E-19 3.596E-19 3.802E-19 3.907E-19 3.903E-19 3.913E-19 3.933E-19 3.924E-19 3.873E-19 3.775E-19
 3.775E-19 3.765E-19 3.795E-19 3.935E-19 4.006E-19 3.940E-19 3.864E-19 3.775E-19 3.815E-19 3.833E-19
 3.868E-19 4.063E-19 4.170E-19 4.165E-19 4.091E-19 4.004E-19 3.983E-19 4.015E-19 4.112E-19 4.115E-19
 4.046E-19 4.039E-19 4.013E-19 4.130E-19 4.310E-19 4.289E-19 4.209E-19 4.228E-19 4.217E-19 4.234E-19
 4.328E-19 4.392E-19 4.331E-19 4.324E-19 4.260E-19 4.295E-19 4.424E-19 4.460E-19 4.466E-19 4.503E-19
 4.589E-19 4.605E-19 4.547E-19 4.689E-19 4.716E-19 4.504E-19 4.428E-19 4.535E-19 4.721E-19 4.729E-19
 4.682E-19 4.699E-19 4.634E-19 4.535E-19 4.488E-19 4.464E-19 4.518E-19 4.626E-19 4.714E-19 4.776E-19
 4.786E-19 4.718E-19 4.744E-19 4.719E-19 4.800E-19 4.991E-19 4.985E-19 4.970E-19 5.045E-19 4.998E-19
 4.892E-19 4.837E-19 4.891E-19 4.948E-19 4.921E-19 4.863E-19 4.909E-19 5.057E-19 5.167E-19 5.104E-19
 5.020E-19 5.014E-19 5.096E-19 5.134E-19 5.153E-19 5.256E-19 5.324E-19 5.349E-19 5.266E-19 5.165E-19
 5.205E-19 5.201E-19 5.150E-19 5.249E-19 5.400E-19 5.597E-19 5.600E-19 5.429E-19 5.444E-19 5.459E-19
 5.343E-19 5.378E-19 5.539E-19 5.611E-19 5.500E-19 5.518E-19 5.563E-19 5.567E-19 5.622E-19 5.712E-19
 5.698E-19 5.577E-19 5.644E-19 5.727E-19 5.737E-19 5.718E-19 5.793E-19 5.869E-19 5.803E-19 5.772E-19
 5.843E-19 6.007E-19 6.077E-19 6.106E-19 5.904E-19 5.957E-19 6.158E-19 6.093E-19 6.078E-19 6.124E-19
 6.240E-19 6.283E-19 6.259E-19 6.207E-19 6.218E-19 6.150E-19 6.087E-19 6.009E-19 6.051E-19 6.188E-19
 6.295E-19 6.304E-19 6.270E-19 6.303E-19 6.307E-19 6.297E-19 6.269E-19 6.290E-19 6.462E-19 6.645E-19
 6.677E-19 6.646E-19 6.557E-19 6.541E-19 6.618E-19 6.652E-19 6.452E-19 6.328E-19 6.537E-19 6.628E-19
 6.595E-19 6.686E-19 6.726E-19 6.697E-19 6.637E-19 6.585E-19 6.620E-19 6.680E-19 6.690E-19 6.725E-19
 6.819E-19 6.902E-19 6.803E-19 6.792E-19 6.832E-19 6.765E-19 6.782E-19 6.813E-19 6.763E-19 6.908E-19
 7.049E-19 7.018E-19 7.057E-19 7.025E-19 7.075E-19 7.060E-19 7.028E-19 7.159E-19 7.293E-19 7.309E-19
 7.328E-19 7.175E-19 7.224E-19 7.459E-19 7.396E-19 7.396E-19 7.539E-19 7.585E-19 7.581E-19 7.592E-19
 7.511E-19 7.476E-19 7.457E-19 7.548E-19 7.665E-19 7.748E-19 7.786E-19 7.714E-19 7.608E-19 7.560E-19
 7.627E-19 7.640E-19 7.527E-19 7.477E-19 7.536E-19 7.651E-19 7.913E-19 7.998E-19 7.855E-19 7.780E-19
 7.675E-19 7.620E-19 7.827E-19 7.944E-19 7.957E-19 7.989E-19 7.972E-19 8.013E-19 7.923E-19 7.841E-19
 7.947E-19 7.994E-19 7.952E-19 8.058E-19 8.207E-19 8.294E-19 8.332E-19 8.243E-19 8.161E-19 8.188E-19
 8.173E-19 8.255E-19 8.353E-19 8.405E-19 8.507E-19 8.277E-19 8.140E-19 8.261E-19 8.325E-19 8.237E-19
 8.244E-19 8.343E-19 8.560E-19 8.614E-19 8.485E-19 8.368E-19 8.291E-19 8.475E-19 8.605E-19 8.612E-19
 8.694E-19 8.593E-19 8.400E-19 8.403E-19 8.541E-19 8.508E-19 8.412E-19 8.414E-19 8.586E-19 8.788E-19
 8.712E-19 8.705E-19 8.833E-19 8.868E-19 8.691E-19 8.650E-19 8.568E-19 8.673E-19 8.911E-19 8.941E-19
 9.080E-19 9.116E-19 9.069E-19 9.038E-19 9.009E-19 9.007E-19 9.003E-19 9.092E-19 9.175E-19 9.155E-19
 9.058E-19 9.161E-19 9.293E-19 9.352E-19 9.330E-19 9.312E-19 9.257E-19 9.249E-19 9.309E-19 9.410E-19
 9.446E-19 9.344E-19 9.207E-19 9.150E-19 9.139E-19 9.237E-19 9.278E-19 9.442E-19 9.581E-19 9.480E-19
 9.456E-19 9.547E-19 9.411E-19 9.129E-19 9.292E-19 9.514E-19 9.553E-19 9.568E-19 9.470E-19 9.312E-19
 9.342E-19 9.400E-19 9.431E-19 9.407E-19 9.381E-19 9.518E-19 9.644E-19 9.638E-19 9.588E-19 9.530E-19
 9.401E-19 9.370E-19 9.491E-19 9.709E-19 9.930E-19 9.772E-19 9.655E-19 9.677E-19 9.883E-19 9.966E-19
 9.637E-19 9.472E-19 9.576E-19 9.689E-19 9.752E-19 9.874E-19 9.822E-19 9.776E-19 9.918E-19 9.883E-19
 9.716E-19 9.664E-19 9.684E-19 9.702E-19 1.001E-18 1.011E-18 9.972E-19 9.810E-19 9.725E-19 9.716E-19
 9.863E-19 1.014E-18 1.020E-18 1.005E-18 9.887E-19 9.779E-19 9.891E-19 1.010E-18 9.986E-19 9.658E-19
 9.712E-19 9.960E-19 1.002E-18 1.012E-18 1.017E-18 1.011E-18 1.009E-18 1.007E-18 1.009E-18 1.029E-18
 1.037E-18 1.042E-18 1.042E-18 1.037E-18 1.039E-18 1.043E-18 1.042E-18 1.055E-18 1.055E-18 1.047E-18
 1.049E-18 1.044E-18 1.032E-18 1.025E-18 1.028E-18 1.031E-18 1.028E-18 1.012E-18 1.022E-18 1.053E-18
 1.055E-18 1.057E-18 1.051E-18 1.042E-18 1.049E-18 1.056E-18 1.056E-18 1.056E-18 1.055E-18 1.056E-18
 1.057E-18 1.053E-18 1.049E-18 1.065E-18 1.076E-18 1.060E-18 1.054E-18 1.062E-18 1.070E-18 1.078E-18
 1.088E-18 1.086E-18 1.084E-18 1.085E-18 1.081E-18 1.074E-18 1.079E-18 1.101E-18 1.108E-18 1.096E-18
 1.086E-18 1.075E-18 1.071E-18 1.082E-18 1.075E-18 1.062E-18 1.052E-18 1.046E-18 1.059E-18 1.064E-18
 1.068E-18 1.052E-18 1.062E-18 1.085E-18 1.092E-18 1.101E-18 1.100E-18 1.089E-18 1.066E-18 1.050E-18
 1.057E-18 1.069E-18 1.072E-18 1.068E-18 1.064E-18 1.071E-18 1.084E-18 1.087E-18 1.090E-18 1.094E-18
 1.115E-18 1.128E-18 1.114E-18 1.099E-18 1.082E-18 1.101E-18 1.118E-18 1.103E-18 1.093E-18 1.076E-18
 1.067E-18 1.084E-18 1.100E-18 1.123E-18 1.109E-18 1.099E-18 1.099E-18 1.070E-18 1.047E-18 1.054E-18
 1.090E-18 1.106E-18 1.096E-18 1.110E-18 1.093E-18 1.072E-18 1.095E-18 1.116E-18 1.128E-18 1.121E-18
 1.107E-18 1.112E-18 1.132E-18 1.141E-18 1.122E-18 1.107E-18 1.112E-18 1.142E-18 1.169E-18 1.186E-18
 1.195E-18 1.213E-18 1.221E-18 1.197E-18 1.169E-18 1.160E-18 1.163E-18 1.155E-18 1.181E-18 1.197E-18
 1.169E-18 1.140E-18 1.114E-18 1.094E-18 1.083E-18 1.098E-18 1.120E-18 1.102E-18 1.100E-18 1.121E-18
 1.123E-18 1.121E-18 1.129E-18 1.153E-18 1.153E-18 1.151E-18 1.163E-18 1.165E-18 1.173E-18 1.175E-18
 1.179E-18 1.171E-18 1.186E-18 1.204E-18 1.202E-18 1.205E-18 1.215E-18 1.214E-18 1.213E-18 1.200E-18
 1.189E-18 1.191E-18 1.178E-18 1.162E-18 1.165E-18 1.203E-18 1.229E-18 1.228E-18 1.222E-18 1.204E-18
 1.151E-18 1.102E-18 1.066E-18 1.067E-18 1.080E-18 1.076E-18 1.078E-18 1.072E-18 1.082E-18 1.112E-18
 1.116E-18 1.115E-18 1.133E-18 1.148E-18 1.156E-18 1.150E-18 1.141E-18 1.137E-18 1.140E-18 1.145E-18
 1.132E-18 1.113E-18 1.110E-18 1.111E-18 1.112E-18 1.113E-18 1.112E-18 1.115E-18 1.133E-18 1.150E-18
 1.170E-18 1.174E-18 1.183E-18 1.213E-18 1.268E-18 1.278E-18 1.202E-18 1.140E-18 1.125E-18 1.100E-18
 1.079E-18 1.101E-18 1.124E-18 1.118E-18 1.116E-18 1.117E-18 1.124E-18 1.137E-18 1.144E-18 1.160E-18
 1.150E-18 1.153E-18 1.198E-18 1.222E-18 1.220E-18 1.236E-18 1.236E-18 1.238E-18 1.249E-18 1.238E-18
 1.257E-18 1.301E-18 1.341E-18 1.367E-18 1.377E-18 1.394E-18 1.413E-18 1.480E-18 1.554E-18 1.544E-18
 1.477E-18 1.433E-18 1.417E-18 1.419E-18 1.409E-18 1.349E-18 1.268E-18 1.220E-18 1.208E-18 1.191E-18
 1.165E-18 1.146E-18 1.156E-18 1.153E-18 1.128E-18 1.138E-18 1.159E-18 1.164E-18 1.183E-18 1.232E-18
 1.282E-18 1.317E-18 1.330E-18 1.339E-18 1.355E-18 1.375E-18 1.396E-18 1.401E-18 1.333E-18 1.249E-18
 1.199E-18 1.174E-18 1.175E-18 1.188E-18 1.202E-18 1.230E-18 1.262E-18 1.285E-18 1.319E-18 1.362E-18
 1.419E-18 1.476E-18 1.543E-18 1.561E-18 1.518E-18 1.428E-18 1.347E-18 1.288E-18 1.247E-18 1.218E-18
 1.188E-18 1.157E-18 1.111E-18 1.043E-18 1.002E-18 1.014E-18 1.042E-18 1.057E-18 1.054E-18 1.032E-18
 1.028E-18 1.037E-18 1.056E-18 1.074E-18 1.076E-18 1.075E-18 1.092E-18 1.107E-18 1.114E-18 1.105E-18
 1.107E-18 1.117E-18 1.124E-18 1.117E-18 1.075E-18 1.051E-18 1.036E-18 1.017E-18 1.013E-18 1.027E-18
 1.038E-18 1.052E-18 1.071E-18 1.092E-18 1.107E-18 1.150E-18 1.179E-18 1.196E-18 1.224E-18 1.252E-18
 1.289E-18 1.307E-18 1.340E-18 1.387E-18 1.428E-18 1.449E-18 1.408E-18 1.340E-18 1.325E-18 1.373E-18
 1.433E-18 1.456E-18 1.474E-18 1.465E-18 1.435E-18 1.428E-18 1.423E-18 1.405E-18 1.423E-18 1.467E-18
 1.492E-18 1.506E-18 1.545E-18 1.594E-18 1.621E-18 1.903E-18 1.973E-18 2.078E-18 2.235E-18 2.427E-18
 2.579E-18 2.624E-18 2.498E-18 2.179E-18 1.902E-18 1.729E-18 1.549E-18 1.523E-18 1.533E-18 1.526E-18
 1.465E-18 1.363E-18 1.228E-18 1.119E-18 1.062E-18 1.026E-18 1.019E-18 1.021E-18 1.029E-18 1.040E-18
 1.054E-18 1.073E-18 1.094E-18 1.121E-18 1.137E-18 1.154E-18 1.180E-18 1.210E-18 1.220E-18 1.247E-18
 1.277E-18 1.292E-18 1.310E-18 1.339E-18 1.355E-18 1.331E-18 1.304E-18 1.237E-18 1.153E-18 1.102E-18
 1.078E-18 1.070E-18 1.074E-18 1.102E-18 1.127E-18 1.149E-18 1.182E-18 1.221E-18 1.262E-18 1.283E-18
 1.307E-18 1.347E-18 1.397E-18 1.427E-18 1.454E-18 1.492E-18 1.492E-18 1.456E-18 1.423E-18 1.353E-18
 1.231E-18 1.077E-18 9.628E-19 9.182E-19 9.141E-19 9.267E-19 9.136E-19 8.976E-19 8.873E-19 8.798E-19
 8.865E-19 8.848E-19 8.789E-19 9.045E-19 9.351E-19 9.447E-19 9.516E-19 9.491E-19 9.498E-19 9.432E-19
 9.405E-19 9.570E-19 9.512E-19 9.175E-19 9.058E-19 9.142E-19 9.058E-19 8.831E-19 8.741E-19 8.991E-19
 9.170E-19 9.126E-19 9.185E-19 9.420E-19 9.642E-19 9.710E-19 9.793E-19 9.856E-19 1.009E-18 1.061E-18
 1.079E-18 1.071E-18 1.078E-18 1.127E-18 1.161E-18 1.154E-18 1.184E-18 1.218E-18 1.244E-18 1.284E-18
 1.314E-18 1.353E-18 1.427E-18 1.495E-18 1.507E-18 1.539E-18 1.597E-18 1.638E-18 1.675E-18 1.662E-18
 1.611E-18 1.630E-18 1.641E-18 1.582E-18 1.551E-18 1.541E-18 1.574E-18 1.643E-18 1.675E-18 1.937E-18
 2.013E-18 2.109E-18 2.189E-18 2.216E-18 2.285E-18 2.452E-18 2.596E-18 2.678E-18 2.795E-18 2.811E-18
 2.774E-18 2.764E-18 2.693E-18 2.510E-18 2.202E-18 1.785E-18 1.396E-18 1.176E-18 1.082E-18 1.049E-18
 1.026E-18 9.880E-19 9.581E-19 9.711E-19 9.766E-19 9.714E-19 9.554E-19 9.545E-19 9.621E-19 9.521E-19
 9.301E-19 9.082E-19 9.240E-19 9.444E-19 9.450E-19 9.385E-19 9.543E-19 9.653E-19 9.550E-19 9.466E-19
 9.443E-19 9.561E-19 9.468E-19 9.512E-19 9.547E-19 9.550E-19 9.679E-19 9.762E-19 9.725E-19 9.493E-19
 9.535E-19 9.815E-19 9.883E-19 9.789E-19 9.722E-19 9.828E-19 9.912E-19 9.954E-19 9.882E-19 9.984E-19
 1.001E-18 9.855E-19 9.970E-19 9.924E-19 9.852E-19 9.859E-19 9.909E-19 9.882E-19 9.802E-19 9.732E-19
 9.683E-19 9.839E-19 9.800E-19 9.760E-19 9.855E-19 9.903E-19 1.001E-18 9.926E-19 9.743E-19 9.781E-19
 9.984E-19 9.994E-19 9.875E-19 9.975E-19 1.004E-18 1.004E-18 9.920E-19 1.000E-18 1.020E-18 1.026E-18
 1.006E-18 9.885E-19 1.003E-18 1.026E-18 1.010E-18 9.826E-19 9.951E-19 1.016E-18 1.030E-18 1.028E-18
 1.027E-18 1.016E-18 1.021E-18 1.008E-18 9.945E-19 9.959E-19 1.015E-18 1.033E-18 1.016E-18 1.012E-18
 1.014E-18 1.027E-18 1.046E-18 1.031E-18 1.009E-18 1.009E-18 1.022E-18 1.026E-18 1.017E-18 1.021E-18
 1.027E-18 1.016E-18 1.013E-18 1.030E-18 1.042E-18 1.035E-18 1.012E-18 1.015E-18 1.044E-18 1.061E-18
 1.029E-18 1.001E-18 1.026E-18 1.055E-18 1.043E-18 1.014E-18 1.025E-18 1.043E-18 1.055E-18 1.034E-18
 1.024E-18 1.033E-18 1.035E-18 1.028E-18 1.013E-18 1.044E-18 1.091E-18 1.076E-18 1.043E-18 1.034E-18
 1.061E-18 1.071E-18 1.049E-18 1.031E-18 1.033E-18 1.063E-18 1.063E-18 1.049E-18 1.060E-18 1.074E-18
 1.053E-18 1.023E-18 1.027E-18 1.038E-18 1.056E-18 1.067E-18 1.063E-18 1.048E-18 1.054E-18 1.058E-18
 1.034E-18 1.033E-18 1.051E-18 1.075E-18 1.062E-18 1.052E-18 1.033E-18 1.028E-18 1.017E-18 1.028E-18
 1.044E-18 1.048E-18 1.035E-18 1.024E-18 1.040E-18 1.051E-18 1.046E-18 1.021E-18 1.008E-18 1.027E-18
 1.033E-18 1.018E-18 1.004E-18 1.027E-18 1.054E-18 1.037E-18 1.008E-18 9.940E-19 1.022E-18 1.046E-18
 1.023E-18 1.009E-18 1.034E-18 1.048E-18 1.042E-18 1.017E-18 1.004E-18 1.012E-18 1.007E-18 9.903E-19
 1.001E-18 1.026E-18 1.027E-18 9.958E-19 9.824E-19 9.877E-19 1.009E-18 1.003E-18 9.900E-19 1.006E-18
 1.022E-18 1.018E-18 1.003E-18 9.903E-19 9.744E-19 9.745E-19 9.902E-19 9.909E-19 9.956E-19 9.862E-19
 9.852E-19 9.916E-19 9.788E-19 9.601E-19 9.647E-19 9.846E-19 9.695E-19 9.574E-19 9.691E-19 1.001E-18
 9.802E-19 9.420E-19 9.282E-19 9.439E-19 9.565E-19 9.411E-19 9.309E-19 9.402E-19 9.650E-19 9.577E-19
 9.335E-19 9.374E-19 9.486E-19 9.547E-19 9.263E-19 9.085E-19 9.252E-19 9.489E-19 9.415E-19 9.184E-19
 9.145E-19 9.213E-19 9.260E-19 8.973E-19 8.842E-19 8.976E-19 9.251E-19 9.127E-19 8.898E-19 8.937E-19
 9.092E-19 9.045E-19 8.737E-19 8.628E-19 8.795E-19 8.893E-19 8.730E-19 8.757E-19 8.937E-19 8.874E-19
 8.842E-19 8.617E-19 8.458E-19 8.593E-19 8.668E-19 8.646E-19 8.689E-19 8.526E-19 8.431E-19 8.447E-19
 8.354E-19 8.277E-19 8.329E-19 8.556E-19 8.446E-19 8.258E-19 8.239E-19 8.464E-19 8.434E-19 8.089E-19
 7.998E-19 8.152E-19 8.264E-19 8.114E-19 7.871E-19 8.027E-19 8.170E-19 8.034E-19 7.802E-19 7.784E-19
 7.935E-19 7.989E-19 7.825E-19 7.702E-19 7.717E-19 7.734E-19 7.589E-19 7.406E-19 7.427E-19 7.564E-19
 7.671E-19 7.569E-19 7.565E-19 7.678E-19 7.673E-19 7.433E-19 7.149E-19 7.146E-19 7.361E-19 7.322E-19
 7.187E-19 7.129E-19 7.107E-19 7.075E-19 6.972E-19 6.894E-19 6.946E-19 7.102E-19 6.950E-19 6.823E-19
 6.967E-19 7.080E-19 6.967E-19 6.736E-19 6.694E-19 6.856E-19 6.797E-19 6.633E-19 6.604E-19 6.664E-19
 6.698E-19 6.542E-19 6.534E-19 6.718E-19 6.748E-19 6.499E-19 6.359E-19 6.388E-19 6.406E-19 6.338E-19
 6.208E-19 6.187E-19 6.273E-19 6.238E-19 6.065E-19 6.104E-19 6.248E-19 6.283E-19 6.073E-19 5.958E-19
 5.965E-19 6.010E-19 5.902E-19 5.719E-19 5.713E-19 5.885E-19 5.930E-19 5.745E-19 5.686E-19 5.753E-19
 5.662E-19 5.409E-19 5.414E-19 5.589E-19 5.649E-19 5.514E-19 5.377E-19 5.309E-19 5.401E-19 5.307E-19
 5.097E-19 5.052E-19 5.269E-19 5.263E-19 4.996E-19 4.938E-19 5.121E-19 5.012E-19 4.856E-19 4.850E-19
 4.910E-19 4.833E-19 4.672E-19 4.783E-19 5.009E-19 4.960E-19 4.748E-19 4.645E-19 4.609E-19 4.632E-19
 4.614E-19 4.538E-19 4.506E-19 4.505E-19 4.462E-19 4.463E-19 4.381E-19 4.253E-19 4.207E-19 4.280E-19
 4.291E-19 4.270E-19 4.266E-19 4.344E-19 4.311E-19 4.270E-19 4.231E-19 4.121E-19 4.073E-19 4.092E-19
 4.152E-19 4.149E-19 4.097E-19 4.117E-19 4.036E-19 3.899E-19 3.885E-19 3.890E-19 3.885E-19 3.816E-19
 3.775E-19 3.780E-19 3.651E-19 3.511E-19 3.468E-19 3.552E-19 3.597E-19 3.614E-19 3.566E-19 3.480E-19
 3.382E-19 3.307E-19 3.435E-19 3.507E-19 3.327E-19 3.225E-19 3.225E-19 3.237E-19 3.212E-19 3.206E-19
 3.195E-19 3.193E-19 3.140E-19 3.004E-19 2.961E-19 3.018E-19 2.931E-19 2.720E-19 2.800E-19 3.033E-19
 3.064E-19 2.926E-19 2.830E-19 2.775E-19 2.684E-19 2.504E-19 2.508E-19 2.595E-19 2.677E-19 2.639E-19
 2.535E-19 2.566E-19 2.542E-19 2.412E-19 2.338E-19 2.380E-19 2.467E-19 2.432E-19 2.401E-19 2.385E-19
 2.304E-19 2.363E-19 2.409E-19 2.310E-19 2.210E-19 2.197E-19 2.157E-19 2.141E-19 2.207E-19 2.206E-19
 2.129E-19 2.034E-19 1.935E-19 1.908E-19 2.050E-19 2.229E-19 2.254E-19 2.128E-19 2.080E-19 2.088E-19
 2.014E-19 1.935E-19 1.900E-19 1.951E-19 1.966E-19 1.890E-19 1.769E-19 1.606E-19 1.483E-19 1.571E-19
 1.633E-19 1.589E-19 1.653E-19 1.743E-19 1.779E-19 1.779E-19 1.635E-19 1.559E-19 1.577E-19 1.501E-19
 1.552E-19 1.612E-19 1.676E-19 1.637E-19 1.515E-19 1.546E-19 1.494E-19 1.366E-19 1.408E-19 1.444E-19
 1.430E-19 1.486E-19 1.491E-19 1.511E-19 1.495E-19 1.445E-19 1.473E-19 1.480E-19 1.423E-19 1.441E-19
 1.488E-19 1.436E-19 1.335E-19 1.309E-19 1.366E-19 1.266E-19 1.104E-19 1.006E-19 1.125E-19 1.260E-19
 1.274E-19 1.216E-19 1.189E-19 1.235E-19 1.161E-19 1.104E-19 1.085E-19 9.875E-20 9.857E-20 1.196E-19
 1.269E-19 1.209E-19 1.154E-19 1.081E-19 1.051E-19 1.060E-19 1.079E-19 1.092E-19 1.109E-19 1.076E-19
 1.087E-19 1.175E-19 1.098E-19 9.693E-20 9.435E-20 9.569E-20 1.033E-19 1.117E-19 1.102E-19 1.119E-19
 1.130E-19 9.853E-20 9.207E-20 9.640E-20 9.432E-20 9.618E-20 1.082E-19 1.229E-19 1.242E-19 1.086E-19
 9.985E-20 8.577E-20 8.286E-20 9.782E-20 9.836E-20 9.157E-20 1.003E-19 1.091E-19 1.068E-19 1.025E-19
 9.058E-20 8.490E-20 8.004E-20 8.084E-20 8.615E-20 8.483E-20 7.603E-20 7.053E-20 7.239E-20 7.777E-20
 7.083E-20 6.220E-20 6.949E-20 8.314E-20 8.071E-20 7.070E-20 7.089E-20 7.353E-20 6.913E-20 6.383E-20
 7.036E-20 6.887E-20 6.900E-20 7.632E-20 7.832E-20 8.405E-20 8.420E-20 7.689E-20 7.225E-20 8.003E-20
 8.068E-20 7.470E-20 6.881E-20 5.816E-20 0.000E+00 0.000E+00 0.000E+00 0.000E+00 0.000E+00 0.000E+00
