   C2Cl2F4  870.0070  959.9930      6067  293.0000    0.0000 1.119E-18  NCAR    CFC-114
 7.669E-20 7.131E-20 6.873E-20 6.568E-20 6.580E-20 7.248E-20 7.819E-20 8.149E-20 8.158E-20 8.649E-20
 7.635E-20 6.269E-20 6.247E-20 6.462E-20 6.360E-20 6.085E-20 6.936E-20 8.087E-20 7.834E-20 7.323E-20
 7.548E-20 7.588E-20 7.579E-20 7.951E-20 8.836E-20 7.767E-20 6.692E-20 7.657E-20 7.970E-20 7.448E-20
 7.558E-20 6.972E-20 7.043E-20 7.622E-20 7.905E-20 7.936E-20 8.559E-20 8.818E-20 8.646E-20 7.957E-20
 7.366E-20 6.959E-20 8.050E-20 8.845E-20 8.739E-20 8.260E-20 7.702E-20 7.972E-20 7.788E-20 8.034E-20
 7.877E-20 7.712E-20 8.016E-20 8.929E-20 9.464E-20 9.209E-20 8.442E-20 7.621E-20 6.866E-20 6.554E-20
 6.805E-20 7.727E-20 8.650E-20 8.996E-20 8.527E-20 7.879E-20 7.283E-20 7.355E-20 7.510E-20 8.249E-20
 7.896E-20 8.056E-20 8.793E-20 8.628E-20 8.359E-20 8.225E-20 6.782E-20 7.346E-20 8.095E-20 7.726E-20
 8.093E-20 9.195E-20 8.859E-20 7.527E-20 7.020E-20 8.152E-20 9.333E-20 8.517E-20 7.475E-20 8.521E-20
 1.014E-19 1.044E-19 1.017E-19 9.263E-20 7.791E-20 7.596E-20 7.511E-20 6.947E-20 8.245E-20 7.914E-20
 8.037E-20 8.979E-20 9.629E-20 9.695E-20 8.750E-20 7.434E-20 7.702E-20 8.419E-20 8.899E-20 8.679E-20
 9.169E-20 9.674E-20 8.831E-20 7.816E-20 7.659E-20 7.637E-20 7.862E-20 8.676E-20 9.997E-20 9.240E-20
 8.575E-20 9.979E-20 9.484E-20 7.917E-20 7.506E-20 7.481E-20 8.070E-20 1.062E-19 1.109E-19 9.203E-20
 8.725E-20 9.507E-20 9.466E-20 8.958E-20 9.254E-20 9.342E-20 1.027E-19 1.176E-19 1.228E-19 1.220E-19
 1.166E-19 1.058E-19 9.435E-20 9.043E-20 9.888E-20 1.030E-19 1.050E-19 9.882E-20 9.290E-20 9.082E-20
 9.671E-20 9.808E-20 9.324E-20 9.051E-20 8.983E-20 9.136E-20 9.518E-20 1.023E-19 9.696E-20 9.376E-20
 9.852E-20 9.429E-20 9.228E-20 1.015E-19 1.009E-19 9.937E-20 1.002E-19 9.869E-20 9.882E-20 9.701E-20
 8.637E-20 8.749E-20 9.586E-20 1.000E-19 9.875E-20 1.047E-19 1.116E-19 1.087E-19 9.625E-20 9.997E-20
 1.035E-19 1.001E-19 1.094E-19 1.196E-19 1.137E-19 1.031E-19 9.541E-20 9.750E-20 1.044E-19 1.133E-19
 1.107E-19 1.050E-19 1.089E-19 1.104E-19 1.123E-19 1.081E-19 1.023E-19 9.555E-20 9.793E-20 1.088E-19
 1.105E-19 1.125E-19 1.089E-19 1.063E-19 1.094E-19 1.107E-19 1.071E-19 1.093E-19 1.123E-19 1.135E-19
 1.253E-19 1.264E-19 1.213E-19 1.188E-19 1.147E-19 1.013E-19 9.460E-20 9.804E-20 1.074E-19 1.117E-19
 1.191E-19 1.231E-19 1.162E-19 1.018E-19 1.043E-19 1.145E-19 1.118E-19 1.058E-19 1.124E-19 1.149E-19
 1.127E-19 1.085E-19 1.123E-19 1.124E-19 1.082E-19 1.084E-19 1.121E-19 1.280E-19 1.319E-19 1.230E-19
 1.196E-19 1.105E-19 9.842E-20 1.080E-19 1.202E-19 1.190E-19 1.162E-19 1.192E-19 1.217E-19 1.112E-19
 1.063E-19 1.064E-19 9.419E-20 8.963E-20 9.083E-20 9.225E-20 9.786E-20 1.113E-19 1.149E-19 1.059E-19
 9.722E-20 1.021E-19 1.057E-19 1.141E-19 1.213E-19 1.218E-19 1.152E-19 1.191E-19 1.197E-19 1.088E-19
 1.038E-19 1.091E-19 1.170E-19 1.209E-19 1.320E-19 1.339E-19 1.274E-19 1.198E-19 1.136E-19 1.136E-19
 1.123E-19 1.097E-19 1.018E-19 1.099E-19 1.288E-19 1.321E-19 1.224E-19 1.181E-19 1.195E-19 1.169E-19
 1.161E-19 1.170E-19 1.309E-19 1.418E-19 1.315E-19 1.192E-19 1.160E-19 1.118E-19 1.019E-19 1.092E-19
 1.285E-19 1.326E-19 1.326E-19 1.305E-19 1.249E-19 1.178E-19 1.061E-19 9.133E-20 1.028E-19 1.208E-19
 1.194E-19 1.164E-19 1.276E-19 1.332E-19 1.262E-19 1.099E-19 1.132E-19 1.191E-19 1.167E-19 1.235E-19
 1.249E-19 1.258E-19 1.277E-19 1.200E-19 1.184E-19 1.239E-19 1.301E-19 1.324E-19 1.315E-19 1.420E-19
 1.420E-19 1.335E-19 1.328E-19 1.289E-19 1.194E-19 1.153E-19 1.149E-19 1.187E-19 1.216E-19 1.206E-19
 1.251E-19 1.336E-19 1.320E-19 1.310E-19 1.235E-19 1.193E-19 1.253E-19 1.312E-19 1.428E-19 1.541E-19
 1.574E-19 1.465E-19 1.299E-19 1.256E-19 1.350E-19 1.395E-19 1.447E-19 1.486E-19 1.424E-19 1.332E-19
 1.314E-19 1.269E-19 1.289E-19 1.336E-19 1.350E-19 1.437E-19 1.478E-19 1.497E-19 1.437E-19 1.508E-19
 1.439E-19 1.242E-19 1.301E-19 1.399E-19 1.364E-19 1.382E-19 1.421E-19 1.371E-19 1.375E-19 1.423E-19
 1.390E-19 1.328E-19 1.364E-19 1.395E-19 1.369E-19 1.426E-19 1.630E-19 1.693E-19 1.545E-19 1.461E-19
 1.423E-19 1.392E-19 1.354E-19 1.394E-19 1.466E-19 1.462E-19 1.486E-19 1.415E-19 1.437E-19 1.525E-19
 1.472E-19 1.427E-19 1.451E-19 1.596E-19 1.780E-19 1.810E-19 1.652E-19 1.546E-19 1.501E-19 1.573E-19
 1.593E-19 1.576E-19 1.573E-19 1.560E-19 1.602E-19 1.554E-19 1.456E-19 1.413E-19 1.423E-19 1.376E-19
 1.472E-19 1.577E-19 1.571E-19 1.626E-19 1.677E-19 1.523E-19 1.401E-19 1.444E-19 1.470E-19 1.490E-19
 1.564E-19 1.663E-19 1.638E-19 1.550E-19 1.517E-19 1.484E-19 1.407E-19 1.319E-19 1.326E-19 1.458E-19
 1.559E-19 1.493E-19 1.397E-19 1.429E-19 1.511E-19 1.542E-19 1.569E-19 1.600E-19 1.546E-19 1.510E-19
 1.536E-19 1.616E-19 1.614E-19 1.614E-19 1.614E-19 1.497E-19 1.436E-19 1.511E-19 1.602E-19 1.542E-19
 1.516E-19 1.532E-19 1.565E-19 1.588E-19 1.592E-19 1.584E-19 1.566E-19 1.552E-19 1.549E-19 1.576E-19
 1.587E-19 1.482E-19 1.428E-19 1.446E-19 1.394E-19 1.379E-19 1.412E-19 1.441E-19 1.484E-19 1.573E-19
 1.598E-19 1.538E-19 1.419E-19 1.381E-19 1.491E-19 1.497E-19 1.538E-19 1.636E-19 1.668E-19 1.664E-19
 1.669E-19 1.593E-19 1.559E-19 1.557E-19 1.588E-19 1.694E-19 1.675E-19 1.612E-19 1.631E-19 1.647E-19
 1.599E-19 1.568E-19 1.544E-19 1.502E-19 1.485E-19 1.593E-19 1.643E-19 1.600E-19 1.519E-19 1.449E-19
 1.430E-19 1.414E-19 1.465E-19 1.670E-19 1.745E-19 1.628E-19 1.585E-19 1.555E-19 1.447E-19 1.456E-19
 1.518E-19 1.508E-19 1.541E-19 1.632E-19 1.634E-19 1.563E-19 1.511E-19 1.460E-19 1.447E-19 1.438E-19
 1.486E-19 1.570E-19 1.568E-19 1.580E-19 1.663E-19 1.751E-19 1.644E-19 1.458E-19 1.390E-19 1.397E-19
 1.475E-19 1.571E-19 1.530E-19 1.576E-19 1.699E-19 1.700E-19 1.701E-19 1.647E-19 1.567E-19 1.604E-19
 1.754E-19 1.775E-19 1.723E-19 1.719E-19 1.609E-19 1.483E-19 1.543E-19 1.617E-19 1.591E-19 1.598E-19
 1.709E-19 1.820E-19 1.829E-19 1.733E-19 1.601E-19 1.536E-19 1.617E-19 1.726E-19 1.722E-19 1.731E-19
 1.874E-19 2.029E-19 2.022E-19 1.865E-19 1.743E-19 1.608E-19 1.563E-19 1.610E-19 1.667E-19 1.769E-19
 1.769E-19 1.698E-19 1.647E-19 1.621E-19 1.659E-19 1.658E-19 1.646E-19 1.688E-19 1.765E-19 1.803E-19
 1.742E-19 1.692E-19 1.699E-19 1.704E-19 1.702E-19 1.743E-19 1.743E-19 1.750E-19 1.801E-19 1.863E-19
 1.808E-19 1.818E-19 1.780E-19 1.738E-19 1.762E-19 1.711E-19 1.723E-19 1.781E-19 1.837E-19 1.805E-19
 1.797E-19 1.772E-19 1.705E-19 1.711E-19 1.762E-19 1.818E-19 1.828E-19 1.798E-19 1.754E-19 1.718E-19
 1.653E-19 1.684E-19 1.761E-19 1.770E-19 1.796E-19 1.855E-19 1.865E-19 1.851E-19 1.807E-19 1.729E-19
 1.730E-19 1.757E-19 1.760E-19 1.740E-19 1.854E-19 1.966E-19 1.896E-19 1.779E-19 1.685E-19 1.669E-19
 1.784E-19 1.895E-19 1.887E-19 1.850E-19 1.866E-19 1.890E-19 1.925E-19 1.933E-19 1.898E-19 1.814E-19
 1.817E-19 1.902E-19 1.932E-19 1.853E-19 1.835E-19 1.886E-19 1.846E-19 1.836E-19 1.889E-19 2.020E-19
 2.043E-19 1.931E-19 1.904E-19 1.933E-19 2.018E-19 1.976E-19 1.858E-19 1.767E-19 1.771E-19 1.866E-19
 1.906E-19 2.024E-19 1.965E-19 1.913E-19 1.996E-19 2.038E-19 1.943E-19 1.908E-19 1.952E-19 1.951E-19
 1.996E-19 2.101E-19 2.130E-19 2.096E-19 2.008E-19 1.956E-19 2.016E-19 2.026E-19 2.003E-19 1.989E-19
 2.040E-19 2.116E-19 2.132E-19 2.047E-19 1.911E-19 1.864E-19 1.892E-19 1.967E-19 2.078E-19 2.114E-19
 2.080E-19 2.004E-19 2.046E-19 2.110E-19 2.072E-19 2.005E-19 2.113E-19 2.181E-19 2.211E-19 2.208E-19
 2.191E-19 2.142E-19 2.077E-19 2.026E-19 2.030E-19 2.087E-19 2.126E-19 2.117E-19 2.185E-19 2.168E-19
 2.074E-19 2.085E-19 2.118E-19 2.104E-19 2.100E-19 2.112E-19 2.031E-19 2.055E-19 2.115E-19 2.046E-19
 2.009E-19 2.115E-19 2.129E-19 2.152E-19 2.249E-19 2.317E-19 2.311E-19 2.313E-19 2.152E-19 2.096E-19
 2.097E-19 2.020E-19 2.032E-19 2.094E-19 2.186E-19 2.228E-19 2.142E-19 2.070E-19 2.096E-19 2.058E-19
 1.991E-19 2.044E-19 2.033E-19 2.038E-19 2.041E-19 2.011E-19 1.991E-19 2.031E-19 2.010E-19 1.903E-19
 1.945E-19 2.013E-19 2.093E-19 2.186E-19 2.228E-19 2.204E-19 2.159E-19 2.063E-19 1.984E-19 1.991E-19
 2.038E-19 2.140E-19 2.197E-19 2.232E-19 2.236E-19 2.190E-19 2.119E-19 2.095E-19 2.156E-19 2.187E-19
 2.148E-19 2.264E-19 2.354E-19 2.245E-19 2.182E-19 2.207E-19 2.224E-19 2.167E-19 2.113E-19 2.190E-19
 2.358E-19 2.365E-19 2.367E-19 2.352E-19 2.248E-19 2.152E-19 2.197E-19 2.252E-19 2.312E-19 2.313E-19
 2.369E-19 2.390E-19 2.285E-19 2.124E-19 2.046E-19 2.097E-19 2.159E-19 2.174E-19 2.122E-19 2.111E-19
 2.212E-19 2.327E-19 2.302E-19 2.186E-19 2.133E-19 2.201E-19 2.216E-19 2.254E-19 2.239E-19 2.292E-19
 2.274E-19 2.149E-19 2.081E-19 2.056E-19 2.084E-19 2.214E-19 2.346E-19 2.404E-19 2.391E-19 2.271E-19
 2.208E-19 2.138E-19 2.129E-19 2.150E-19 2.121E-19 2.134E-19 2.113E-19 2.073E-19 2.129E-19 2.146E-19
 2.117E-19 2.088E-19 2.081E-19 2.064E-19 2.122E-19 2.261E-19 2.319E-19 2.287E-19 2.191E-19 2.166E-19
 2.212E-19 2.197E-19 2.143E-19 2.145E-19 2.218E-19 2.343E-19 2.396E-19 2.313E-19 2.245E-19 2.188E-19
 2.201E-19 2.256E-19 2.278E-19 2.315E-19 2.280E-19 2.236E-19 2.241E-19 2.277E-19 2.286E-19 2.195E-19
 2.102E-19 2.142E-19 2.235E-19 2.259E-19 2.252E-19 2.211E-19 2.162E-19 2.200E-19 2.264E-19 2.257E-19
 2.142E-19 2.131E-19 2.241E-19 2.253E-19 2.261E-19 2.323E-19 2.298E-19 2.164E-19 1.963E-19 1.924E-19
 2.041E-19 2.113E-19 2.130E-19 2.186E-19 2.208E-19 2.141E-19 2.125E-19 2.164E-19 2.063E-19 1.989E-19
 2.073E-19 2.123E-19 2.254E-19 2.327E-19 2.201E-19 2.095E-19 2.090E-19 1.990E-19 1.990E-19 2.058E-19
 2.041E-19 2.103E-19 2.149E-19 2.101E-19 2.043E-19 2.122E-19 2.151E-19 2.064E-19 2.088E-19 2.212E-19
 2.281E-19 2.204E-19 2.095E-19 2.084E-19 2.143E-19 2.055E-19 1.998E-19 2.078E-19 2.096E-19 2.110E-19
 2.142E-19 2.091E-19 2.133E-19 2.143E-19 2.004E-19 1.992E-19 2.092E-19 2.169E-19 2.162E-19 2.159E-19
 2.225E-19 2.250E-19 2.230E-19 2.280E-19 2.199E-19 2.185E-19 2.211E-19 2.209E-19 2.221E-19 2.226E-19
 2.235E-19 2.205E-19 2.166E-19 2.123E-19 2.089E-19 2.108E-19 2.163E-19 2.237E-19 2.290E-19 2.263E-19
 2.200E-19 2.219E-19 2.222E-19 2.144E-19 2.155E-19 2.226E-19 2.222E-19 2.259E-19 2.240E-19 2.224E-19
 2.227E-19 2.147E-19 2.144E-19 2.212E-19 2.214E-19 2.229E-19 2.296E-19 2.272E-19 2.236E-19 2.222E-19
 2.188E-19 2.155E-19 2.185E-19 2.213E-19 2.283E-19 2.284E-19 2.286E-19 2.265E-19 2.195E-19 2.162E-19
 2.091E-19 2.176E-19 2.344E-19 2.290E-19 2.234E-19 2.281E-19 2.237E-19 2.140E-19 2.093E-19 2.103E-19
 2.221E-19 2.248E-19 2.269E-19 2.352E-19 2.389E-19 2.300E-19 2.181E-19 2.092E-19 2.088E-19 2.185E-19
 2.189E-19 2.180E-19 2.221E-19 2.281E-19 2.350E-19 2.284E-19 2.166E-19 2.156E-19 2.187E-19 2.260E-19
 2.346E-19 2.316E-19 2.294E-19 2.253E-19 2.126E-19 2.076E-19 2.127E-19 2.156E-19 2.170E-19 2.283E-19
 2.384E-19 2.383E-19 2.298E-19 2.183E-19 2.110E-19 2.098E-19 2.105E-19 2.207E-19 2.302E-19 2.292E-19
 2.270E-19 2.289E-19 2.274E-19 2.171E-19 2.134E-19 2.177E-19 2.145E-19 2.246E-19 2.383E-19 2.370E-19
 2.349E-19 2.316E-19 2.277E-19 2.260E-19 2.305E-19 2.280E-19 2.238E-19 2.262E-19 2.368E-19 2.365E-19
 2.308E-19 2.327E-19 2.286E-19 2.187E-19 2.228E-19 2.340E-19 2.351E-19 2.416E-19 2.534E-19 2.487E-19
 2.433E-19 2.388E-19 2.313E-19 2.311E-19 2.211E-19 2.261E-19 2.361E-19 2.365E-19 2.373E-19 2.369E-19
 2.306E-19 2.224E-19 2.264E-19 2.338E-19 2.302E-19 2.292E-19 2.308E-19 2.356E-19 2.359E-19 2.276E-19
 2.190E-19 2.181E-19 2.162E-19 2.202E-19 2.349E-19 2.458E-19 2.391E-19 2.346E-19 2.285E-19 2.175E-19
 2.150E-19 2.206E-19 2.254E-19 2.288E-19 2.356E-19 2.445E-19 2.456E-19 2.370E-19 2.290E-19 2.323E-19
 2.370E-19 2.315E-19 2.262E-19 2.247E-19 2.292E-19 2.338E-19 2.360E-19 2.336E-19 2.258E-19 2.211E-19
 2.293E-19 2.381E-19 2.406E-19 2.443E-19 2.503E-19 2.500E-19 2.479E-19 2.374E-19 2.340E-19 2.428E-19
 2.530E-19 2.613E-19 2.601E-19 2.571E-19 2.599E-19 2.517E-19 2.379E-19 2.301E-19 2.318E-19 2.354E-19
 2.422E-19 2.402E-19 2.353E-19 2.384E-19 2.416E-19 2.345E-19 2.226E-19 2.136E-19 2.199E-19 2.285E-19
 2.407E-19 2.512E-19 2.525E-19 2.499E-19 2.448E-19 2.454E-19 2.485E-19 2.435E-19 2.410E-19 2.564E-19
 2.684E-19 2.670E-19 2.634E-19 2.553E-19 2.475E-19 2.463E-19 2.397E-19 2.428E-19 2.516E-19 2.631E-19
 2.721E-19 2.717E-19 2.687E-19 2.696E-19 2.655E-19 2.595E-19 2.595E-19 2.611E-19 2.652E-19 2.729E-19
 2.625E-19 2.415E-19 2.333E-19 2.415E-19 2.481E-19 2.521E-19 2.569E-19 2.638E-19 2.655E-19 2.707E-19
 2.729E-19 2.581E-19 2.485E-19 2.433E-19 2.436E-19 2.573E-19 2.657E-19 2.713E-19 2.714E-19 2.621E-19
 2.524E-19 2.435E-19 2.435E-19 2.555E-19 2.724E-19 2.793E-19 2.851E-19 2.993E-19 3.021E-19 2.847E-19
 2.755E-19 2.719E-19 2.692E-19 2.676E-19 2.779E-19 2.878E-19 2.980E-19 2.982E-19 2.928E-19 3.026E-19
 3.275E-19 3.269E-19 2.979E-19 2.797E-19 2.655E-19 2.624E-19 2.583E-19 2.522E-19 2.426E-19 2.347E-19
 2.360E-19 2.334E-19 2.262E-19 2.297E-19 2.347E-19 2.309E-19 2.249E-19 2.180E-19 2.074E-19 2.084E-19
 2.140E-19 2.191E-19 2.247E-19 2.257E-19 2.237E-19 2.217E-19 2.201E-19 2.164E-19 2.111E-19 2.108E-19
 2.164E-19 2.205E-19 2.229E-19 2.226E-19 2.190E-19 2.049E-19 1.982E-19 2.061E-19 2.150E-19 2.191E-19
 2.221E-19 2.257E-19 2.287E-19 2.335E-19 2.283E-19 2.155E-19 2.080E-19 2.031E-19 2.040E-19 2.153E-19
 2.192E-19 2.163E-19 2.186E-19 2.174E-19 2.121E-19 2.150E-19 2.242E-19 2.364E-19 2.408E-19 2.373E-19
 2.309E-19 2.255E-19 2.193E-19 2.133E-19 2.095E-19 2.090E-19 2.126E-19 2.217E-19 2.320E-19 2.287E-19
 2.183E-19 2.179E-19 2.226E-19 2.183E-19 2.102E-19 2.050E-19 2.076E-19 2.120E-19 2.177E-19 2.187E-19
 2.147E-19 2.141E-19 2.182E-19 2.150E-19 2.136E-19 2.191E-19 2.264E-19 2.318E-19 2.278E-19 2.192E-19
 2.125E-19 2.181E-19 2.245E-19 2.125E-19 2.081E-19 2.218E-19 2.329E-19 2.309E-19 2.289E-19 2.290E-19
 2.228E-19 2.147E-19 2.097E-19 2.154E-19 2.296E-19 2.377E-19 2.349E-19 2.299E-19 2.328E-19 2.308E-19
 2.199E-19 2.168E-19 2.242E-19 2.311E-19 2.248E-19 2.180E-19 2.141E-19 2.149E-19 2.133E-19 2.101E-19
 2.105E-19 2.116E-19 2.162E-19 2.229E-19 2.277E-19 2.290E-19 2.277E-19 2.315E-19 2.301E-19 2.196E-19
 2.187E-19 2.248E-19 2.279E-19 2.258E-19 2.239E-19 2.197E-19 2.101E-19 2.065E-19 2.012E-19 2.007E-19
 2.086E-19 2.237E-19 2.373E-19 2.351E-19 2.309E-19 2.201E-19 2.111E-19 2.056E-19 2.021E-19 2.029E-19
 2.064E-19 2.083E-19 2.128E-19 2.172E-19 2.196E-19 2.135E-19 2.025E-19 1.971E-19 2.022E-19 2.111E-19
 2.188E-19 2.235E-19 2.240E-19 2.267E-19 2.195E-19 2.116E-19 2.130E-19 2.145E-19 2.182E-19 2.157E-19
 2.135E-19 2.204E-19 2.192E-19 2.121E-19 2.087E-19 2.122E-19 2.125E-19 2.136E-19 2.173E-19 2.183E-19
 2.159E-19 2.175E-19 2.142E-19 2.062E-19 2.003E-19 2.000E-19 2.026E-19 2.073E-19 2.130E-19 2.104E-19
 2.090E-19 2.140E-19 2.107E-19 1.982E-19 2.038E-19 2.135E-19 2.145E-19 2.069E-19 2.074E-19 2.184E-19
 2.235E-19 2.242E-19 2.182E-19 2.094E-19 1.975E-19 2.024E-19 2.102E-19 2.090E-19 2.097E-19 2.066E-19
 1.952E-19 1.959E-19 2.064E-19 2.079E-19 2.070E-19 2.098E-19 2.126E-19 2.096E-19 2.047E-19 1.967E-19
 1.972E-19 1.940E-19 1.916E-19 2.047E-19 2.110E-19 2.028E-19 1.999E-19 2.116E-19 2.194E-19 2.114E-19
 2.039E-19 1.999E-19 2.022E-19 2.122E-19 2.167E-19 2.165E-19 2.058E-19 1.974E-19 1.961E-19 1.998E-19
 1.933E-19 1.979E-19 2.108E-19 2.094E-19 2.066E-19 2.066E-19 2.001E-19 1.946E-19 1.920E-19 1.825E-19
 1.912E-19 2.014E-19 2.021E-19 2.060E-19 2.115E-19 2.115E-19 2.066E-19 2.010E-19 1.927E-19 1.884E-19
 1.928E-19 1.968E-19 2.050E-19 2.079E-19 1.996E-19 1.932E-19 1.924E-19 1.879E-19 1.822E-19 1.798E-19
 1.895E-19 2.040E-19 2.095E-19 2.041E-19 2.044E-19 2.057E-19 1.937E-19 1.866E-19 1.910E-19 1.998E-19
 2.066E-19 2.128E-19 2.104E-19 1.984E-19 1.899E-19 1.933E-19 1.952E-19 1.950E-19 2.005E-19 2.046E-19
 2.094E-19 2.113E-19 2.006E-19 2.027E-19 2.062E-19 2.000E-19 2.028E-19 2.037E-19 1.997E-19 2.044E-19
 2.015E-19 1.952E-19 1.978E-19 1.997E-19 1.950E-19 1.933E-19 1.969E-19 1.972E-19 1.996E-19 2.103E-19
 2.084E-19 1.946E-19 1.884E-19 1.878E-19 1.918E-19 1.907E-19 1.901E-19 1.957E-19 1.989E-19 1.959E-19
 1.930E-19 1.926E-19 1.864E-19 1.800E-19 1.853E-19 1.962E-19 2.059E-19 2.121E-19 2.118E-19 2.064E-19
 2.016E-19 1.964E-19 1.918E-19 1.848E-19 1.900E-19 1.997E-19 1.988E-19 1.974E-19 2.071E-19 2.038E-19
 1.856E-19 1.787E-19 1.855E-19 1.863E-19 1.906E-19 2.055E-19 2.077E-19 2.022E-19 1.915E-19 1.927E-19
 1.967E-19 1.871E-19 1.873E-19 2.001E-19 2.045E-19 2.016E-19 2.008E-19 1.949E-19 1.914E-19 1.869E-19
 1.893E-19 1.936E-19 1.868E-19 1.856E-19 1.961E-19 2.084E-19 2.080E-19 1.988E-19 1.891E-19 1.867E-19
 1.901E-19 1.906E-19 1.966E-19 2.011E-19 1.998E-19 1.886E-19 1.809E-19 1.783E-19 1.813E-19 1.880E-19
 1.898E-19 1.941E-19 1.944E-19 1.912E-19 1.907E-19 1.923E-19 1.888E-19 1.800E-19 1.732E-19 1.811E-19
 1.977E-19 1.982E-19 1.927E-19 1.900E-19 1.807E-19 1.798E-19 1.824E-19 1.860E-19 1.876E-19 1.940E-19
 1.992E-19 2.071E-19 2.072E-19 2.006E-19 1.944E-19 1.913E-19 1.920E-19 1.887E-19 1.903E-19 1.983E-19
 2.003E-19 1.972E-19 1.892E-19 1.799E-19 1.765E-19 1.735E-19 1.761E-19 1.857E-19 1.933E-19 1.995E-19
 1.957E-19 1.889E-19 1.824E-19 1.805E-19 1.811E-19 1.858E-19 1.877E-19 1.889E-19 1.944E-19 1.945E-19
 1.928E-19 1.903E-19 1.899E-19 1.852E-19 1.818E-19 1.882E-19 1.971E-19 1.983E-19 1.904E-19 1.854E-19
 1.786E-19 1.817E-19 1.913E-19 1.838E-19 1.817E-19 1.866E-19 1.966E-19 1.970E-19 1.890E-19 1.809E-19
 1.765E-19 1.741E-19 1.722E-19 1.743E-19 1.725E-19 1.798E-19 1.945E-19 1.965E-19 1.951E-19 1.896E-19
 1.817E-19 1.719E-19 1.735E-19 1.812E-19 1.860E-19 1.902E-19 1.922E-19 1.870E-19 1.768E-19 1.736E-19
 1.765E-19 1.742E-19 1.707E-19 1.719E-19 1.765E-19 1.778E-19 1.806E-19 1.801E-19 1.770E-19 1.776E-19
 1.708E-19 1.657E-19 1.697E-19 1.790E-19 1.844E-19 1.852E-19 1.824E-19 1.825E-19 1.843E-19 1.768E-19
 1.751E-19 1.844E-19 1.873E-19 1.886E-19 1.917E-19 1.858E-19 1.761E-19 1.666E-19 1.663E-19 1.697E-19
 1.675E-19 1.631E-19 1.668E-19 1.699E-19 1.715E-19 1.787E-19 1.782E-19 1.707E-19 1.679E-19 1.732E-19
 1.786E-19 1.878E-19 1.881E-19 1.808E-19 1.768E-19 1.682E-19 1.647E-19 1.653E-19 1.636E-19 1.670E-19
 1.757E-19 1.812E-19 1.789E-19 1.749E-19 1.727E-19 1.692E-19 1.618E-19 1.670E-19 1.771E-19 1.816E-19
 1.857E-19 1.888E-19 1.835E-19 1.711E-19 1.628E-19 1.588E-19 1.604E-19 1.651E-19 1.672E-19 1.692E-19
 1.737E-19 1.707E-19 1.634E-19 1.595E-19 1.617E-19 1.678E-19 1.628E-19 1.585E-19 1.625E-19 1.676E-19
 1.653E-19 1.569E-19 1.507E-19 1.600E-19 1.633E-19 1.599E-19 1.669E-19 1.753E-19 1.752E-19 1.747E-19
 1.749E-19 1.620E-19 1.557E-19 1.611E-19 1.608E-19 1.605E-19 1.657E-19 1.708E-19 1.680E-19 1.654E-19
 1.654E-19 1.680E-19 1.588E-19 1.560E-19 1.661E-19 1.712E-19 1.665E-19 1.590E-19 1.577E-19 1.618E-19
 1.544E-19 1.445E-19 1.454E-19 1.504E-19 1.615E-19 1.641E-19 1.655E-19 1.674E-19 1.641E-19 1.580E-19
 1.577E-19 1.546E-19 1.539E-19 1.606E-19 1.699E-19 1.689E-19 1.625E-19 1.630E-19 1.579E-19 1.488E-19
 1.447E-19 1.502E-19 1.555E-19 1.612E-19 1.711E-19 1.715E-19 1.679E-19 1.588E-19 1.535E-19 1.529E-19
 1.613E-19 1.644E-19 1.566E-19 1.608E-19 1.599E-19 1.527E-19 1.509E-19 1.546E-19 1.545E-19 1.491E-19
 1.530E-19 1.592E-19 1.561E-19 1.541E-19 1.570E-19 1.574E-19 1.585E-19 1.501E-19 1.447E-19 1.518E-19
 1.603E-19 1.579E-19 1.505E-19 1.496E-19 1.535E-19 1.470E-19 1.358E-19 1.369E-19 1.448E-19 1.527E-19
 1.531E-19 1.545E-19 1.599E-19 1.552E-19 1.457E-19 1.484E-19 1.570E-19 1.532E-19 1.467E-19 1.485E-19
 1.506E-19 1.515E-19 1.532E-19 1.513E-19 1.401E-19 1.391E-19 1.423E-19 1.434E-19 1.485E-19 1.532E-19
 1.551E-19 1.488E-19 1.426E-19 1.409E-19 1.431E-19 1.431E-19 1.497E-19 1.589E-19 1.701E-19 1.635E-19
 1.494E-19 1.533E-19 1.560E-19 1.488E-19 1.456E-19 1.534E-19 1.580E-19 1.568E-19 1.549E-19 1.490E-19
 1.393E-19 1.357E-19 1.375E-19 1.367E-19 1.331E-19 1.374E-19 1.415E-19 1.433E-19 1.443E-19 1.463E-19
 1.405E-19 1.281E-19 1.256E-19 1.300E-19 1.375E-19 1.466E-19 1.430E-19 1.338E-19 1.325E-19 1.367E-19
 1.364E-19 1.388E-19 1.437E-19 1.413E-19 1.322E-19 1.355E-19 1.426E-19 1.450E-19 1.491E-19 1.510E-19
 1.441E-19 1.375E-19 1.438E-19 1.460E-19 1.448E-19 1.444E-19 1.417E-19 1.347E-19 1.303E-19 1.308E-19
 1.379E-19 1.458E-19 1.439E-19 1.417E-19 1.372E-19 1.374E-19 1.319E-19 1.268E-19 1.215E-19 1.180E-19
 1.227E-19 1.322E-19 1.388E-19 1.365E-19 1.384E-19 1.405E-19 1.361E-19 1.250E-19 1.217E-19 1.252E-19
 1.289E-19 1.282E-19 1.305E-19 1.380E-19 1.446E-19 1.405E-19 1.295E-19 1.155E-19 1.108E-19 1.196E-19
 1.289E-19 1.294E-19 1.287E-19 1.291E-19 1.278E-19 1.247E-19 1.228E-19 1.349E-19 1.432E-19 1.393E-19
 1.383E-19 1.430E-19 1.439E-19 1.358E-19 1.262E-19 1.244E-19 1.232E-19 1.213E-19 1.287E-19 1.333E-19
 1.407E-19 1.510E-19 1.491E-19 1.357E-19 1.271E-19 1.211E-19 1.264E-19 1.268E-19 1.269E-19 1.394E-19
 1.397E-19 1.306E-19 1.227E-19 1.175E-19 1.118E-19 1.133E-19 1.212E-19 1.355E-19 1.348E-19 1.271E-19
 1.283E-19 1.321E-19 1.353E-19 1.330E-19 1.304E-19 1.366E-19 1.389E-19 1.339E-19 1.340E-19 1.393E-19
 1.387E-19 1.340E-19 1.363E-19 1.406E-19 1.383E-19 1.420E-19 1.483E-19 1.410E-19 1.347E-19 1.365E-19
 1.332E-19 1.259E-19 1.209E-19 1.219E-19 1.269E-19 1.275E-19 1.288E-19 1.310E-19 1.316E-19 1.260E-19
 1.277E-19 1.275E-19 1.234E-19 1.269E-19 1.345E-19 1.348E-19 1.296E-19 1.280E-19 1.223E-19 1.203E-19
 1.162E-19 1.125E-19 1.117E-19 1.091E-19 1.093E-19 1.155E-19 1.348E-19 1.364E-19 1.231E-19 1.160E-19
 1.113E-19 1.172E-19 1.290E-19 1.402E-19 1.445E-19 1.408E-19 1.286E-19 1.220E-19 1.235E-19 1.224E-19
 1.249E-19 1.335E-19 1.343E-19 1.292E-19 1.309E-19 1.243E-19 1.258E-19 1.300E-19 1.307E-19 1.302E-19
 1.248E-19 1.290E-19 1.295E-19 1.229E-19 1.206E-19 1.251E-19 1.304E-19 1.222E-19 1.103E-19 1.068E-19
 1.062E-19 1.170E-19 1.244E-19 1.226E-19 1.180E-19 1.143E-19 1.138E-19 1.152E-19 1.155E-19 1.201E-19
 1.191E-19 1.066E-19 1.033E-19 1.065E-19 1.134E-19 1.128E-19 1.110E-19 1.231E-19 1.293E-19 1.263E-19
 1.237E-19 1.174E-19 1.188E-19 1.189E-19 1.112E-19 1.118E-19 1.150E-19 1.179E-19 1.248E-19 1.280E-19
 1.239E-19 1.227E-19 1.167E-19 1.097E-19 1.126E-19 1.137E-19 1.210E-19 1.239E-19 1.248E-19 1.301E-19
 1.307E-19 1.276E-19 1.219E-19 1.180E-19 1.204E-19 1.234E-19 1.194E-19 1.190E-19 1.202E-19 1.203E-19
 1.164E-19 1.091E-19 1.078E-19 1.052E-19 1.029E-19 1.108E-19 1.170E-19 1.228E-19 1.199E-19 1.128E-19
 1.120E-19 1.145E-19 1.143E-19 1.185E-19 1.231E-19 1.208E-19 1.191E-19 1.210E-19 1.141E-19 1.098E-19
 1.058E-19 1.072E-19 1.117E-19 1.143E-19 1.180E-19 1.234E-19 1.258E-19 1.205E-19 1.130E-19 1.076E-19
 1.078E-19 1.082E-19 1.150E-19 1.244E-19 1.307E-19 1.312E-19 1.273E-19 1.172E-19 1.126E-19 1.198E-19
 1.257E-19 1.248E-19 1.237E-19 1.259E-19 1.325E-19 1.317E-19 1.189E-19 1.122E-19 1.114E-19 1.071E-19
 1.143E-19 1.262E-19 1.278E-19 1.233E-19 1.146E-19 1.106E-19 1.100E-19 1.036E-19 9.780E-20 9.795E-20
 1.080E-19 1.114E-19 1.104E-19 1.104E-19 1.142E-19 1.176E-19 1.159E-19 1.068E-19 1.150E-19 1.304E-19
 1.362E-19 1.328E-19 1.307E-19 1.255E-19 1.213E-19 1.167E-19 1.109E-19 1.179E-19 1.246E-19 1.276E-19
 1.317E-19 1.251E-19 1.129E-19 1.139E-19 1.123E-19 1.105E-19 1.144E-19 1.196E-19 1.238E-19 1.239E-19
 1.238E-19 1.157E-19 1.110E-19 1.106E-19 1.052E-19 1.059E-19 1.076E-19 1.086E-19 1.131E-19 1.153E-19
 1.141E-19 1.205E-19 1.181E-19 1.045E-19 9.294E-20 9.530E-20 1.063E-19 1.216E-19 1.306E-19 1.251E-19
 1.211E-19 1.197E-19 1.145E-19 1.067E-19 1.047E-19 1.136E-19 1.248E-19 1.346E-19 1.334E-19 1.259E-19
 1.184E-19 1.136E-19 1.067E-19 1.067E-19 1.074E-19 1.146E-19 1.246E-19 1.262E-19 1.198E-19 1.154E-19
 1.131E-19 1.128E-19 1.184E-19 1.221E-19 1.213E-19 1.229E-19 1.196E-19 1.143E-19 1.125E-19 1.108E-19
 1.070E-19 1.084E-19 1.136E-19 1.206E-19 1.228E-19 1.203E-19 1.234E-19 1.182E-19 1.154E-19 1.155E-19
 1.119E-19 1.142E-19 1.169E-19 1.205E-19 1.304E-19 1.282E-19 1.234E-19 1.177E-19 1.071E-19 9.895E-20
 1.080E-19 1.207E-19 1.301E-19 1.333E-19 1.293E-19 1.350E-19 1.353E-19 1.182E-19 1.048E-19 1.071E-19
 1.173E-19 1.195E-19 1.164E-19 1.165E-19 1.218E-19 1.199E-19 1.093E-19 1.021E-19 1.044E-19 1.104E-19
 1.139E-19 1.236E-19 1.357E-19 1.391E-19 1.372E-19 1.317E-19 1.209E-19 1.161E-19 1.163E-19 1.186E-19
 1.217E-19 1.266E-19 1.269E-19 1.238E-19 1.245E-19 1.168E-19 1.111E-19 1.148E-19 1.209E-19 1.304E-19
 1.376E-19 1.410E-19 1.368E-19 1.296E-19 1.288E-19 1.259E-19 1.246E-19 1.232E-19 1.197E-19 1.220E-19
 1.269E-19 1.267E-19 1.222E-19 1.187E-19 1.147E-19 1.099E-19 1.170E-19 1.302E-19 1.322E-19 1.339E-19
 1.402E-19 1.304E-19 1.193E-19 1.203E-19 1.266E-19 1.242E-19 1.285E-19 1.394E-19 1.416E-19 1.322E-19
 1.291E-19 1.255E-19 1.259E-19 1.254E-19 1.190E-19 1.286E-19 1.358E-19 1.406E-19 1.425E-19 1.396E-19
 1.329E-19 1.335E-19 1.285E-19 1.314E-19 1.426E-19 1.433E-19 1.339E-19 1.329E-19 1.350E-19 1.268E-19
 1.189E-19 1.197E-19 1.263E-19 1.299E-19 1.363E-19 1.398E-19 1.427E-19 1.410E-19 1.300E-19 1.241E-19
 1.198E-19 1.217E-19 1.245E-19 1.310E-19 1.398E-19 1.426E-19 1.378E-19 1.305E-19 1.249E-19 1.261E-19
 1.329E-19 1.310E-19 1.318E-19 1.380E-19 1.405E-19 1.401E-19 1.354E-19 1.262E-19 1.285E-19 1.351E-19
 1.328E-19 1.363E-19 1.488E-19 1.548E-19 1.493E-19 1.415E-19 1.349E-19 1.301E-19 1.343E-19 1.399E-19
 1.390E-19 1.376E-19 1.455E-19 1.489E-19 1.507E-19 1.522E-19 1.397E-19 1.270E-19 1.336E-19 1.442E-19
 1.453E-19 1.539E-19 1.590E-19 1.527E-19 1.425E-19 1.350E-19 1.357E-19 1.347E-19 1.284E-19 1.282E-19
 1.352E-19 1.451E-19 1.468E-19 1.468E-19 1.453E-19 1.391E-19 1.417E-19 1.495E-19 1.521E-19 1.603E-19
 1.629E-19 1.544E-19 1.522E-19 1.463E-19 1.438E-19 1.466E-19 1.518E-19 1.577E-19 1.598E-19 1.610E-19
 1.631E-19 1.566E-19 1.423E-19 1.331E-19 1.368E-19 1.466E-19 1.506E-19 1.488E-19 1.449E-19 1.425E-19
 1.499E-19 1.522E-19 1.450E-19 1.373E-19 1.348E-19 1.410E-19 1.495E-19 1.561E-19 1.562E-19 1.510E-19
 1.506E-19 1.480E-19 1.448E-19 1.537E-19 1.662E-19 1.715E-19 1.648E-19 1.555E-19 1.529E-19 1.487E-19
 1.399E-19 1.395E-19 1.451E-19 1.465E-19 1.529E-19 1.584E-19 1.635E-19 1.628E-19 1.539E-19 1.496E-19
 1.476E-19 1.453E-19 1.399E-19 1.433E-19 1.534E-19 1.636E-19 1.693E-19 1.693E-19 1.577E-19 1.500E-19
 1.502E-19 1.537E-19 1.599E-19 1.715E-19 1.787E-19 1.745E-19 1.633E-19 1.566E-19 1.506E-19 1.468E-19
 1.538E-19 1.633E-19 1.681E-19 1.717E-19 1.729E-19 1.693E-19 1.681E-19 1.654E-19 1.610E-19 1.540E-19
 1.532E-19 1.608E-19 1.712E-19 1.713E-19 1.705E-19 1.708E-19 1.669E-19 1.619E-19 1.620E-19 1.666E-19
 1.696E-19 1.660E-19 1.658E-19 1.663E-19 1.590E-19 1.554E-19 1.617E-19 1.666E-19 1.681E-19 1.629E-19
 1.611E-19 1.712E-19 1.748E-19 1.725E-19 1.710E-19 1.683E-19 1.669E-19 1.664E-19 1.698E-19 1.735E-19
 1.730E-19 1.807E-19 1.879E-19 1.766E-19 1.666E-19 1.669E-19 1.690E-19 1.733E-19 1.852E-19 1.933E-19
 1.937E-19 1.938E-19 1.928E-19 1.920E-19 1.887E-19 1.881E-19 1.861E-19 1.843E-19 1.873E-19 1.880E-19
 1.885E-19 1.844E-19 1.727E-19 1.757E-19 1.774E-19 1.726E-19 1.778E-19 1.969E-19 2.074E-19 2.036E-19
 1.976E-19 1.906E-19 1.855E-19 1.861E-19 1.868E-19 1.839E-19 1.855E-19 1.984E-19 2.085E-19 2.032E-19
 1.945E-19 1.968E-19 1.919E-19 1.853E-19 1.894E-19 1.912E-19 1.951E-19 1.957E-19 1.995E-19 2.006E-19
 1.930E-19 1.923E-19 1.940E-19 1.948E-19 1.996E-19 1.959E-19 1.973E-19 2.010E-19 2.000E-19 2.012E-19
 2.035E-19 2.007E-19 1.989E-19 2.043E-19 2.146E-19 2.199E-19 2.133E-19 2.076E-19 2.057E-19 2.055E-19
 2.053E-19 2.049E-19 2.057E-19 2.119E-19 2.136E-19 2.169E-19 2.195E-19 2.160E-19 2.064E-19 2.047E-19
 2.090E-19 2.154E-19 2.191E-19 2.217E-19 2.284E-19 2.318E-19 2.225E-19 2.076E-19 2.059E-19 2.097E-19
 2.189E-19 2.218E-19 2.234E-19 2.294E-19 2.305E-19 2.243E-19 2.170E-19 2.162E-19 2.195E-19 2.184E-19
 2.184E-19 2.159E-19 2.203E-19 2.285E-19 2.291E-19 2.287E-19 2.251E-19 2.254E-19 2.322E-19 2.315E-19
 2.305E-19 2.354E-19 2.310E-19 2.314E-19 2.344E-19 2.296E-19 2.216E-19 2.216E-19 2.253E-19 2.248E-19
 2.303E-19 2.430E-19 2.471E-19 2.417E-19 2.334E-19 2.255E-19 2.308E-19 2.400E-19 2.440E-19 2.514E-19
 2.563E-19 2.491E-19 2.461E-19 2.453E-19 2.375E-19 2.297E-19 2.340E-19 2.403E-19 2.473E-19 2.509E-19
 2.508E-19 2.482E-19 2.479E-19 2.422E-19 2.380E-19 2.375E-19 2.402E-19 2.461E-19 2.467E-19 2.532E-19
 2.632E-19 2.576E-19 2.483E-19 2.450E-19 2.451E-19 2.521E-19 2.522E-19 2.589E-19 2.655E-19 2.639E-19
 2.608E-19 2.630E-19 2.637E-19 2.634E-19 2.601E-19 2.602E-19 2.722E-19 2.860E-19 2.882E-19 2.832E-19
 2.729E-19 2.636E-19 2.659E-19 2.738E-19 2.781E-19 2.838E-19 2.846E-19 2.847E-19 2.786E-19 2.723E-19
 2.784E-19 2.786E-19 2.758E-19 2.829E-19 2.920E-19 2.874E-19 2.807E-19 2.818E-19 2.836E-19 2.825E-19
 2.808E-19 2.765E-19 2.790E-19 2.878E-19 2.913E-19 2.929E-19 2.929E-19 2.926E-19 2.935E-19 2.953E-19
 3.012E-19 3.023E-19 2.981E-19 2.922E-19 3.010E-19 3.064E-19 2.989E-19 2.955E-19 2.971E-19 3.044E-19
 3.011E-19 2.970E-19 3.033E-19 3.056E-19 3.048E-19 3.031E-19 3.020E-19 3.027E-19 3.027E-19 2.996E-19
 3.030E-19 3.141E-19 3.206E-19 3.169E-19 3.124E-19 3.134E-19 3.175E-19 3.240E-19 3.295E-19 3.341E-19
 3.361E-19 3.415E-19 3.344E-19 3.211E-19 3.208E-19 3.298E-19 3.263E-19 3.227E-19 3.302E-19 3.390E-19
 3.454E-19 3.513E-19 3.525E-19 3.503E-19 3.489E-19 3.477E-19 3.469E-19 3.464E-19 3.464E-19 3.535E-19
 3.561E-19 3.523E-19 3.570E-19 3.566E-19 3.597E-19 3.611E-19 3.613E-19 3.541E-19 3.587E-19 3.658E-19
 3.628E-19 3.623E-19 3.618E-19 3.619E-19 3.587E-19 3.597E-19 3.655E-19 3.689E-19 3.760E-19 3.785E-19
 3.757E-19 3.714E-19 3.654E-19 3.623E-19 3.606E-19 3.687E-19 3.811E-19 3.880E-19 3.851E-19 3.846E-19
 3.816E-19 3.790E-19 3.833E-19 3.851E-19 3.885E-19 3.920E-19 3.937E-19 4.024E-19 4.030E-19 3.912E-19
 3.850E-19 3.836E-19 3.838E-19 3.920E-19 4.070E-19 4.213E-19 4.212E-19 4.144E-19 4.127E-19 4.059E-19
 4.049E-19 4.058E-19 4.069E-19 4.136E-19 4.197E-19 4.246E-19 4.284E-19 4.290E-19 4.197E-19 4.154E-19
 4.207E-19 4.239E-19 4.313E-19 4.344E-19 4.281E-19 4.258E-19 4.261E-19 4.271E-19 4.298E-19 4.284E-19
 4.358E-19 4.457E-19 4.510E-19 4.537E-19 4.579E-19 4.574E-19 4.544E-19 4.501E-19 4.490E-19 4.530E-19
 4.593E-19 4.611E-19 4.514E-19 4.507E-19 4.535E-19 4.481E-19 4.466E-19 4.518E-19 4.510E-19 4.448E-19
 4.518E-19 4.644E-19 4.826E-19 4.950E-19 4.896E-19 4.762E-19 4.634E-19 4.654E-19 4.712E-19 4.784E-19
 4.824E-19 4.826E-19 4.815E-19 4.843E-19 4.891E-19 4.896E-19 4.760E-19 4.669E-19 4.774E-19 4.896E-19
 4.903E-19 4.916E-19 4.878E-19 4.853E-19 4.902E-19 4.868E-19 4.858E-19 4.873E-19 4.897E-19 4.937E-19
 4.928E-19 4.972E-19 5.019E-19 5.019E-19 4.992E-19 4.952E-19 4.944E-19 5.092E-19 5.208E-19 5.234E-19
 5.204E-19 5.108E-19 5.105E-19 5.129E-19 5.128E-19 5.160E-19 5.233E-19 5.235E-19 5.210E-19 5.255E-19
 5.249E-19 5.193E-19 5.254E-19 5.351E-19 5.336E-19 5.307E-19 5.345E-19 5.420E-19 5.366E-19 5.269E-19
 5.252E-19 5.248E-19 5.274E-19 5.283E-19 5.355E-19 5.408E-19 5.416E-19 5.425E-19 5.449E-19 5.432E-19
 5.425E-19 5.450E-19 5.410E-19 5.364E-19 5.433E-19 5.551E-19 5.641E-19 5.636E-19 5.547E-19 5.437E-19
 5.384E-19 5.437E-19 5.518E-19 5.544E-19 5.582E-19 5.635E-19 5.666E-19 5.630E-19 5.566E-19 5.541E-19
 5.497E-19 5.472E-19 5.507E-19 5.571E-19 5.687E-19 5.789E-19 5.846E-19 5.769E-19 5.637E-19 5.604E-19
 5.678E-19 5.760E-19 5.747E-19 5.753E-19 5.736E-19 5.781E-19 5.853E-19 5.800E-19 5.696E-19 5.738E-19
 5.781E-19 5.733E-19 5.721E-19 5.808E-19 5.821E-19 5.807E-19 5.789E-19 5.777E-19 5.882E-19 5.859E-19
 5.853E-19 5.856E-19 5.844E-19 5.865E-19 5.917E-19 5.922E-19 5.885E-19 5.960E-19 6.037E-19 5.987E-19
 5.911E-19 5.921E-19 5.972E-19 5.985E-19 5.924E-19 5.848E-19 5.808E-19 5.864E-19 5.881E-19 5.904E-19
 5.996E-19 6.022E-19 5.987E-19 5.919E-19 5.902E-19 5.957E-19 6.003E-19 6.093E-19 6.189E-19 6.247E-19
 6.263E-19 6.218E-19 6.118E-19 6.044E-19 6.091E-19 6.067E-19 6.021E-19 6.054E-19 6.123E-19 6.211E-19
 6.232E-19 6.169E-19 6.128E-19 6.087E-19 6.136E-19 6.253E-19 6.274E-19 6.270E-19 6.316E-19 6.357E-19
 6.287E-19 6.261E-19 6.270E-19 6.189E-19 6.160E-19 6.305E-19 6.369E-19 6.392E-19 6.484E-19 6.463E-19
 6.389E-19 6.266E-19 6.152E-19 6.222E-19 6.336E-19 6.368E-19 6.361E-19 6.398E-19 6.409E-19 6.374E-19
 6.333E-19 6.315E-19 6.337E-19 6.337E-19 6.350E-19 6.425E-19 6.525E-19 6.546E-19 6.532E-19 6.504E-19
 6.387E-19 6.278E-19 6.357E-19 6.563E-19 6.640E-19 6.636E-19 6.615E-19 6.507E-19 6.373E-19 6.251E-19
 6.196E-19 6.343E-19 6.454E-19 6.558E-19 6.720E-19 6.769E-19 6.711E-19 6.557E-19 6.436E-19 6.400E-19
 6.427E-19 6.559E-19 6.737E-19 6.792E-19 6.752E-19 6.661E-19 6.607E-19 6.582E-19 6.579E-19 6.625E-19
 6.682E-19 6.649E-19 6.619E-19 6.628E-19 6.628E-19 6.651E-19 6.627E-19 6.502E-19 6.458E-19 6.554E-19
 6.644E-19 6.658E-19 6.620E-19 6.678E-19 6.723E-19 6.583E-19 6.467E-19 6.470E-19 6.586E-19 6.728E-19
 6.721E-19 6.727E-19 6.769E-19 6.834E-19 6.812E-19 6.746E-19 6.768E-19 6.740E-19 6.726E-19 6.839E-19
 6.900E-19 6.860E-19 6.880E-19 6.873E-19 6.855E-19 6.866E-19 6.875E-19 6.733E-19 6.662E-19 6.757E-19
 6.786E-19 6.839E-19 6.740E-19 6.658E-19 6.711E-19 6.692E-19 6.773E-19 6.840E-19 6.852E-19 6.854E-19
 6.852E-19 6.922E-19 6.911E-19 6.759E-19 6.681E-19 6.761E-19 6.722E-19 6.736E-19 6.838E-19 6.895E-19
 6.908E-19 6.851E-19 6.763E-19 6.768E-19 6.737E-19 6.739E-19 6.876E-19 6.856E-19 6.850E-19 6.876E-19
 6.840E-19 6.770E-19 6.742E-19 6.772E-19 6.832E-19 6.854E-19 6.851E-19 6.978E-19 7.050E-19 6.932E-19
 6.827E-19 6.755E-19 6.734E-19 6.810E-19 6.901E-19 6.890E-19 6.868E-19 6.874E-19 6.864E-19 6.916E-19
 6.930E-19 6.870E-19 6.870E-19 6.976E-19 6.997E-19 6.848E-19 6.848E-19 6.919E-19 6.899E-19 6.851E-19
 6.805E-19 6.788E-19 6.953E-19 7.045E-19 6.961E-19 6.888E-19 6.888E-19 6.983E-19 7.016E-19 7.003E-19
 6.935E-19 6.896E-19 6.889E-19 6.975E-19 7.015E-19 6.962E-19 6.934E-19 6.817E-19 6.729E-19 6.753E-19
 6.854E-19 6.986E-19 7.003E-19 6.957E-19 6.920E-19 6.952E-19 7.030E-19 6.998E-19 6.951E-19 6.965E-19
 6.986E-19 6.990E-19 7.002E-19 6.974E-19 6.842E-19 6.809E-19 6.790E-19 6.731E-19 6.874E-19 7.037E-19
 6.989E-19 7.062E-19 7.147E-19 7.056E-19 6.932E-19 6.907E-19 6.899E-19 6.918E-19 6.923E-19 6.979E-19
 7.136E-19 7.228E-19 7.117E-19 6.915E-19 6.825E-19 6.844E-19 6.932E-19 7.094E-19 7.133E-19 7.034E-19
 7.010E-19 7.047E-19 7.082E-19 7.120E-19 7.087E-19 7.043E-19 7.041E-19 7.000E-19 7.115E-19 7.248E-19
 7.194E-19 7.121E-19 7.085E-19 7.032E-19 7.139E-19 7.168E-19 7.101E-19 7.111E-19 7.132E-19 7.168E-19
 7.245E-19 7.229E-19 7.102E-19 7.110E-19 7.192E-19 7.229E-19 7.254E-19 7.342E-19 7.287E-19 7.160E-19
 7.146E-19 7.121E-19 7.306E-19 7.472E-19 7.391E-19 7.305E-19 7.302E-19 7.307E-19 7.424E-19 7.465E-19
 7.339E-19 7.333E-19 7.345E-19 7.318E-19 7.416E-19 7.480E-19 7.477E-19 7.486E-19 7.472E-19 7.453E-19
 7.475E-19 7.376E-19 7.298E-19 7.353E-19 7.474E-19 7.548E-19 7.646E-19 7.688E-19 7.610E-19 7.546E-19
 7.520E-19 7.580E-19 7.735E-19 7.722E-19 7.624E-19 7.701E-19 7.737E-19 7.627E-19 7.577E-19 7.556E-19
 7.568E-19 7.710E-19 7.769E-19 7.812E-19 7.841E-19 7.753E-19 7.691E-19 7.723E-19 7.775E-19 7.841E-19
 7.821E-19 7.723E-19 7.700E-19 7.797E-19 7.824E-19 7.903E-19 7.867E-19 7.725E-19 7.770E-19 7.943E-19
 8.007E-19 7.955E-19 8.029E-19 8.030E-19 7.993E-19 7.970E-19 7.968E-19 7.971E-19 7.967E-19 8.021E-19
 8.099E-19 8.169E-19 8.179E-19 8.213E-19 8.124E-19 8.001E-19 8.099E-19 8.221E-19 8.239E-19 8.294E-19
 8.342E-19 8.366E-19 8.330E-19 8.366E-19 8.406E-19 8.425E-19 8.414E-19 8.429E-19 8.536E-19 8.631E-19
 8.651E-19 8.539E-19 8.487E-19 8.462E-19 8.447E-19 8.568E-19 8.683E-19 8.733E-19 8.718E-19 8.682E-19
 8.767E-19 8.828E-19 8.833E-19 8.895E-19 8.857E-19 8.835E-19 8.804E-19 8.883E-19 8.869E-19 8.752E-19
 8.769E-19 8.808E-19 8.816E-19 8.937E-19 9.092E-19 9.058E-19 9.082E-19 9.212E-19 9.237E-19 9.173E-19
 9.195E-19 9.198E-19 9.235E-19 9.270E-19 9.313E-19 9.445E-19 9.495E-19 9.399E-19 9.301E-19 9.291E-19
 9.299E-19 9.321E-19 9.308E-19 9.398E-19 9.507E-19 9.497E-19 9.534E-19 9.593E-19 9.556E-19 9.462E-19
 9.494E-19 9.637E-19 9.684E-19 9.594E-19 9.632E-19 9.769E-19 9.737E-19 9.663E-19 9.710E-19 9.663E-19
 9.647E-19 9.832E-19 1.010E-18 1.006E-18 9.976E-19 1.003E-18 9.988E-19 9.959E-19 1.004E-18 1.004E-18
 1.004E-18 1.003E-18 1.012E-18 1.024E-18 1.035E-18 1.049E-18 1.047E-18 1.031E-18 1.028E-18 1.031E-18
 1.027E-18 1.035E-18 1.044E-18 1.039E-18 1.045E-18 1.055E-18 1.053E-18 1.036E-18 1.032E-18 1.039E-18
 1.045E-18 1.059E-18 1.070E-18 1.069E-18 1.059E-18 1.052E-18 1.043E-18 1.047E-18 1.055E-18 1.060E-18
 1.069E-18 1.078E-18 1.079E-18 1.076E-18 1.073E-18 1.078E-18 1.078E-18 1.066E-18 1.061E-18 1.071E-18
 1.074E-18 1.081E-18 1.083E-18 1.077E-18 1.069E-18 1.072E-18 1.082E-18 1.088E-18 1.094E-18 1.096E-18
 1.092E-18 1.088E-18 1.076E-18 1.074E-18 1.089E-18 1.094E-18 1.084E-18 1.085E-18 1.098E-18 1.101E-18
 1.090E-18 1.084E-18 1.084E-18 1.081E-18 1.064E-18 1.058E-18 1.072E-18 1.085E-18 1.079E-18 1.081E-18
 1.089E-18 1.086E-18 1.081E-18 1.094E-18 1.106E-18 1.096E-18 1.088E-18 1.086E-18 1.100E-18 1.102E-18
 1.105E-18 1.104E-18 1.115E-18 1.119E-18 1.102E-18 1.097E-18 1.103E-18 1.083E-18 1.062E-18 1.070E-18
 1.066E-18 1.048E-18 1.035E-18 1.038E-18 1.036E-18 1.035E-18 1.041E-18 1.029E-18 1.002E-18 9.852E-19
 9.876E-19 9.973E-19 9.984E-19 9.910E-19 9.903E-19 9.906E-19 9.912E-19 9.874E-19 9.783E-19 9.623E-19
 9.425E-19 9.276E-19 9.293E-19 9.371E-19 9.397E-19 9.407E-19 9.315E-19 9.284E-19 9.331E-19 9.383E-19
 9.479E-19 9.476E-19 9.492E-19 9.440E-19 9.312E-19 9.124E-19 8.962E-19 8.828E-19 8.798E-19 8.796E-19
 8.734E-19 8.726E-19 8.717E-19 8.646E-19 8.588E-19 8.552E-19 8.411E-19 8.177E-19 8.017E-19 7.952E-19
 7.978E-19 7.990E-19 7.990E-19 8.030E-19 8.017E-19 7.948E-19 7.824E-19 7.726E-19 7.667E-19 7.589E-19
 7.543E-19 7.552E-19 7.523E-19 7.402E-19 7.258E-19 7.129E-19 7.097E-19 7.138E-19 7.180E-19 7.227E-19
 7.271E-19 7.283E-19 7.202E-19 7.075E-19 6.912E-19 6.847E-19 6.733E-19 6.769E-19 6.947E-19 6.938E-19
 6.946E-19 7.062E-19 7.111E-19 7.077E-19 7.077E-19 7.057E-19 6.989E-19 6.835E-19 6.724E-19 6.697E-19
 6.666E-19 6.651E-19 6.652E-19 6.630E-19 6.619E-19 6.604E-19 6.551E-19 6.521E-19 6.464E-19 6.391E-19
 6.162E-19 5.834E-19 5.643E-19 5.616E-19 5.670E-19 5.703E-19 5.743E-19 5.848E-19 5.812E-19 5.695E-19
 5.714E-19 5.704E-19 5.618E-19 5.571E-19 5.581E-19 5.718E-19 5.802E-19 5.764E-19 5.697E-19 5.665E-19
 5.666E-19 5.713E-19 5.721E-19 5.691E-19 5.737E-19 5.854E-19 5.953E-19 5.925E-19 5.871E-19 5.800E-19
 5.801E-19 5.873E-19 5.935E-19 5.924E-19 5.952E-19 5.967E-19 5.966E-19 5.953E-19 5.857E-19 5.774E-19
 5.794E-19 5.941E-19 6.062E-19 6.053E-19 6.025E-19 6.011E-19 6.011E-19 5.983E-19 5.976E-19 6.027E-19
 6.114E-19 6.192E-19 6.149E-19 6.112E-19 6.074E-19 6.061E-19 6.081E-19 6.114E-19 6.227E-19 6.190E-19
 6.137E-19 6.279E-19 6.341E-19 6.352E-19 6.343E-19 6.315E-19 6.223E-19 6.217E-19 6.148E-19 6.099E-19
 6.224E-19 6.326E-19 6.324E-19 6.353E-19 6.418E-19 6.382E-19 6.293E-19 6.327E-19 6.384E-19 6.430E-19
 6.472E-19 6.517E-19 6.491E-19 6.420E-19 6.369E-19 6.294E-19 6.355E-19 6.490E-19 6.594E-19 6.541E-19
 6.473E-19 6.446E-19 6.524E-19 6.580E-19 6.561E-19 6.489E-19 6.431E-19 6.464E-19 6.561E-19 6.619E-19
 6.677E-19 6.672E-19 6.598E-19 6.651E-19 6.717E-19 6.671E-19 6.677E-19 6.746E-19 6.802E-19 6.768E-19
 6.674E-19 6.646E-19 6.618E-19 6.636E-19 6.673E-19 6.627E-19 6.732E-19 6.833E-19 6.847E-19 6.827E-19
 6.753E-19 6.781E-19 6.799E-19 6.736E-19 6.809E-19 6.925E-19 6.931E-19 6.843E-19 6.875E-19 6.906E-19
 6.847E-19 6.767E-19 6.743E-19 6.782E-19 6.850E-19 6.984E-19 6.998E-19 6.922E-19 6.893E-19 6.888E-19
 6.879E-19 6.798E-19 6.753E-19 6.882E-19 6.969E-19 7.082E-19 7.111E-19 7.002E-19 6.953E-19 6.961E-19
 6.943E-19 6.842E-19 6.853E-19 6.927E-19 6.900E-19 7.015E-19 7.116E-19 7.075E-19 7.021E-19 7.051E-19
 7.094E-19 7.135E-19 7.157E-19 7.157E-19 7.211E-19 7.250E-19 7.208E-19 7.115E-19 7.090E-19 7.098E-19
 7.060E-19 7.143E-19 7.229E-19 7.249E-19 7.161E-19 7.162E-19 7.254E-19 7.166E-19 7.085E-19 7.034E-19
 6.988E-19 7.071E-19 7.170E-19 7.245E-19 7.211E-19 7.198E-19 7.142E-19 7.095E-19 7.247E-19 7.248E-19
 7.103E-19 7.142E-19 7.327E-19 7.316E-19 7.227E-19 7.164E-19 7.166E-19 7.269E-19 7.354E-19 7.329E-19
 7.250E-19 7.260E-19 7.252E-19 7.255E-19 7.283E-19 7.220E-19 7.130E-19 7.148E-19 7.193E-19 7.130E-19
 7.109E-19 7.160E-19 7.160E-19 7.199E-19 7.209E-19 7.097E-19 7.031E-19 7.118E-19 7.208E-19 7.211E-19
 7.232E-19 7.177E-19 7.066E-19 7.096E-19 7.159E-19 7.118E-19 7.132E-19 7.174E-19 7.233E-19 7.304E-19
 7.263E-19 7.112E-19 7.086E-19 7.141E-19 7.097E-19 7.070E-19 7.069E-19 7.107E-19 7.153E-19 7.198E-19
 7.160E-19 7.069E-19 7.049E-19 7.044E-19 7.024E-19 7.020E-19 7.018E-19 7.101E-19 7.188E-19 7.133E-19
 7.011E-19 6.851E-19 6.842E-19 6.968E-19 7.062E-19 7.089E-19 7.088E-19 7.087E-19 7.072E-19 6.980E-19
 6.935E-19 6.943E-19 6.897E-19 6.813E-19 6.839E-19 7.016E-19 7.089E-19 7.052E-19 7.013E-19 6.897E-19
 6.865E-19 6.889E-19 6.903E-19 6.911E-19 6.932E-19 6.894E-19 6.804E-19 6.897E-19 6.847E-19 6.650E-19
 6.648E-19 6.690E-19 6.746E-19 6.760E-19 6.770E-19 6.760E-19 6.719E-19 6.684E-19 6.673E-19 6.694E-19
 6.649E-19 6.601E-19 6.602E-19 6.618E-19 6.639E-19 6.677E-19 6.630E-19 6.500E-19 6.489E-19 6.580E-19
 6.670E-19 6.651E-19 6.549E-19 6.554E-19 6.554E-19 6.442E-19 6.377E-19 6.350E-19 6.343E-19 6.443E-19
 6.565E-19 6.565E-19 6.354E-19 6.242E-19 6.287E-19 6.249E-19 6.221E-19 6.212E-19 6.234E-19 6.296E-19
 6.310E-19 6.310E-19 6.327E-19 6.217E-19 6.134E-19 6.196E-19 6.226E-19 6.228E-19 6.210E-19 6.099E-19
 6.035E-19 6.147E-19 6.138E-19 6.006E-19 5.945E-19 5.947E-19 5.952E-19 5.926E-19 5.909E-19 6.004E-19
 6.122E-19 6.115E-19 5.972E-19 5.889E-19 5.912E-19 5.915E-19 5.819E-19 5.768E-19 5.844E-19 5.907E-19
 5.802E-19 5.713E-19 5.708E-19 5.708E-19 5.727E-19 5.723E-19 5.669E-19 5.650E-19 5.690E-19 5.654E-19
 5.616E-19 5.591E-19 5.546E-19 5.563E-19 5.593E-19 5.505E-19 5.435E-19 5.544E-19 5.579E-19 5.465E-19
 5.381E-19 5.307E-19 5.265E-19 5.317E-19 5.381E-19 5.341E-19 5.300E-19 5.414E-19 5.370E-19 5.206E-19
 5.163E-19 5.234E-19 5.230E-19 5.177E-19 5.190E-19 5.152E-19 5.075E-19 5.065E-19 5.083E-19 5.007E-19
 4.964E-19 4.974E-19 5.036E-19 5.092E-19 5.080E-19 5.029E-19 5.047E-19 5.011E-19 4.907E-19 4.830E-19
 4.759E-19 4.676E-19 4.685E-19 4.786E-19 4.809E-19 4.762E-19 4.797E-19 4.794E-19 4.698E-19 4.643E-19
 4.620E-19 4.656E-19 4.719E-19 4.710E-19 4.686E-19 4.636E-19 4.556E-19 4.528E-19 4.517E-19 4.464E-19
 4.444E-19 4.421E-19 4.433E-19 4.460E-19 4.427E-19 4.392E-19 4.357E-19 4.308E-19 4.298E-19 4.328E-19
 4.334E-19 4.213E-19 4.130E-19 4.193E-19 4.203E-19 4.152E-19 4.165E-19 4.146E-19 4.169E-19 4.168E-19
 4.097E-19 3.995E-19 3.971E-19 4.033E-19 3.980E-19 3.905E-19 3.882E-19 3.886E-19 3.908E-19 3.974E-19
 3.966E-19 3.919E-19 3.915E-19 3.851E-19 3.786E-19 3.750E-19 3.724E-19 3.793E-19 3.808E-19 3.726E-19
 3.747E-19 3.726E-19 3.636E-19 3.637E-19 3.693E-19 3.681E-19 3.632E-19 3.596E-19 3.589E-19 3.584E-19
 3.579E-19 3.553E-19 3.500E-19 3.490E-19 3.486E-19 3.491E-19 3.445E-19 3.486E-19 3.479E-19 3.345E-19
 3.309E-19 3.349E-19 3.276E-19 3.192E-19 3.181E-19 3.240E-19 3.303E-19 3.344E-19 3.319E-19 3.258E-19
 3.267E-19 3.213E-19 3.129E-19 3.153E-19 3.179E-19 3.219E-19 3.221E-19 3.123E-19 3.057E-19 3.035E-19
 3.024E-19 2.973E-19 2.941E-19 2.994E-19 2.934E-19 2.827E-19 2.943E-19 3.003E-19 2.918E-19 2.837E-19
 2.802E-19 2.754E-19 2.724E-19 2.813E-19 2.826E-19 2.829E-19 2.780E-19 2.666E-19 2.662E-19 2.728E-19
 2.789E-19 2.821E-19 2.741E-19 2.692E-19 2.726E-19 2.717E-19 2.694E-19 2.616E-19 2.526E-19 2.418E-19
 2.432E-19 2.549E-19 2.575E-19 2.639E-19 2.637E-19 2.536E-19 2.516E-19 2.506E-19 2.464E-19 2.434E-19
 2.423E-19 2.465E-19 2.476E-19 2.481E-19 2.439E-19 2.372E-19 2.301E-19 2.247E-19 2.229E-19 2.312E-19
 2.379E-19 2.346E-19 2.297E-19 2.235E-19 2.263E-19 2.237E-19 2.116E-19 2.068E-19 2.146E-19 2.197E-19
 2.202E-19 2.238E-19 2.252E-19 2.194E-19 2.163E-19 2.107E-19 2.015E-19 2.036E-19 2.082E-19 2.117E-19
 2.081E-19 2.082E-19 2.042E-19 1.933E-19 1.913E-19 1.902E-19 1.927E-19 1.917E-19 2.000E-19 2.089E-19
 2.024E-19 1.956E-19 1.917E-19 1.890E-19 1.874E-19 1.863E-19 1.880E-19 1.820E-19 1.834E-19 1.857E-19
 1.856E-19 1.827E-19 1.697E-19 1.676E-19 1.736E-19 1.731E-19 1.762E-19 1.792E-19 1.782E-19 1.787E-19
 1.820E-19 1.829E-19 1.779E-19 1.644E-19 1.592E-19 1.643E-19 1.733E-19 1.768E-19 1.759E-19 1.706E-19
 1.659E-19 1.594E-19 1.506E-19 1.510E-19 1.650E-19 1.674E-19 1.592E-19 1.575E-19 1.553E-19 1.495E-19
 1.447E-19 1.407E-19 1.461E-19 1.561E-19 1.582E-19 1.606E-19 1.583E-19 1.588E-19 1.537E-19 1.380E-19
 1.295E-19 1.280E-19 1.261E-19 1.358E-19 1.464E-19 1.521E-19 1.514E-19 1.458E-19 1.392E-19 1.407E-19
 1.447E-19 1.426E-19 1.347E-19 1.401E-19 1.472E-19 1.507E-19 1.464E-19 1.390E-19 1.309E-19 1.257E-19
 1.247E-19 1.223E-19 1.256E-19 1.295E-19 1.293E-19 1.318E-19 1.317E-19 1.269E-19 1.193E-19 1.188E-19
 1.244E-19 1.257E-19 1.303E-19 1.310E-19 1.258E-19 1.227E-19 1.220E-19 1.167E-19 1.114E-19 1.163E-19
 1.248E-19 1.289E-19 1.288E-19 1.273E-19 1.277E-19 1.167E-19 1.052E-19 1.060E-19 1.102E-19 1.094E-19
 1.164E-19 1.233E-19 1.222E-19 1.178E-19 1.112E-19 1.056E-19 1.061E-19 1.097E-19 1.106E-19 1.100E-19
 1.070E-19 1.124E-19 1.106E-19 1.053E-19 1.041E-19 1.024E-19 1.021E-19 1.016E-19 1.006E-19 1.041E-19
 1.079E-19 1.078E-19 1.023E-19 1.014E-19 1.041E-19 1.035E-19 1.025E-19 1.007E-19 1.071E-19 1.137E-19
 1.130E-19 1.053E-19 9.478E-20 9.123E-20 9.385E-20 9.754E-20 1.008E-19 1.044E-19 1.057E-19 1.076E-19
 1.075E-19 1.007E-19 9.287E-20 9.397E-20 1.012E-19 1.054E-19 1.117E-19 1.110E-19 1.043E-19 9.787E-20
 9.198E-20 8.800E-20 9.562E-20 1.020E-19 1.011E-19 1.010E-19 9.935E-20 9.537E-20 9.553E-20 9.082E-20
 8.892E-20 8.622E-20 8.051E-20 8.034E-20 8.557E-20 9.528E-20 9.893E-20 9.616E-20 8.994E-20 8.358E-20
 8.505E-20 9.063E-20 9.166E-20 8.817E-20 8.899E-20 9.311E-20 9.857E-20 9.694E-20 9.264E-20 8.773E-20
 8.155E-20 8.386E-20 8.656E-20 8.615E-20 8.982E-20 9.529E-20 9.363E-20 8.372E-20 8.099E-20 8.243E-20
 8.588E-20 8.884E-20 8.852E-20 9.188E-20 9.163E-20 9.001E-20 8.668E-20 8.472E-20 8.288E-20 8.109E-20
 8.476E-20 8.514E-20 8.373E-20 8.343E-20 8.991E-20 9.172E-20 8.293E-20 7.719E-20 7.543E-20 7.837E-20
 8.806E-20 8.938E-20 8.349E-20 8.974E-20 9.147E-20 8.649E-20 8.476E-20 8.729E-20 8.978E-20 9.066E-20
 9.148E-20 9.596E-20 9.398E-20 9.394E-20 8.950E-20 8.002E-20 7.294E-20 7.510E-20 7.648E-20 8.162E-20
 8.992E-20 8.363E-20 7.625E-20 7.478E-20 7.366E-20 7.358E-20 8.120E-20 8.553E-20 8.544E-20 8.439E-20
 8.437E-20 8.426E-20 7.780E-20 6.838E-20 6.850E-20 7.305E-20 7.083E-20 7.175E-20 7.480E-20 7.879E-20
 8.104E-20 7.906E-20 7.152E-20 6.797E-20 6.952E-20 7.141E-20 7.993E-20 8.899E-20 9.585E-20 9.413E-20
 8.540E-20 7.837E-20 7.554E-20 7.092E-20 7.713E-20 8.209E-20 7.846E-20 8.040E-20 8.401E-20 8.397E-20
 7.838E-20 6.895E-20 6.767E-20 7.048E-20 6.663E-20 7.039E-20 7.518E-20 7.953E-20 8.694E-20 8.864E-20
 8.080E-20 7.495E-20 8.395E-20 8.731E-20 7.809E-20 7.809E-20 8.521E-20 8.412E-20 7.707E-20 7.846E-20
 8.021E-20 7.817E-20 7.973E-20 8.148E-20 8.839E-20 9.031E-20 8.559E-20 8.345E-20 7.513E-20 6.946E-20
 6.915E-20 7.106E-20 7.662E-20 7.962E-20 8.010E-20 7.904E-20 7.166E-20 6.716E-20 6.434E-20 6.418E-20
 6.964E-20 7.870E-20 8.939E-20 9.308E-20 8.340E-20 7.859E-20 7.647E-20 6.840E-20 7.220E-20 7.571E-20
 6.885E-20 6.743E-20 7.769E-20 8.532E-20 8.186E-20 7.433E-20 6.976E-20 7.041E-20 6.679E-20 6.540E-20
 6.940E-20 7.100E-20 7.395E-20 8.043E-20 8.182E-20 7.155E-20 6.980E-20 7.467E-20 8.229E-20 8.251E-20
 8.047E-20 7.911E-20 8.172E-20 8.365E-20 7.795E-20 7.183E-20 7.492E-20 8.084E-20 7.866E-20 7.721E-20
 7.822E-20 7.747E-20 7.561E-20 7.394E-20 7.100E-20 7.304E-20 7.902E-20 8.442E-20 8.506E-20 7.705E-20
 7.812E-20 8.275E-20 7.702E-20 7.339E-20 7.808E-20 7.869E-20 7.410E-20 7.295E-20 8.246E-20 8.711E-20
 8.107E-20 7.509E-20 7.756E-20 8.249E-20 8.214E-20 8.036E-20 7.503E-20 7.222E-20 7.794E-20 7.492E-20
 6.859E-20 7.055E-20 6.820E-20 6.689E-20 6.790E-20 6.908E-20 7.760E-20 7.938E-20 7.872E-20 7.965E-20
 7.769E-20 7.669E-20 7.646E-20 7.877E-20 7.584E-20 7.229E-20 6.993E-20 7.529E-20 8.158E-20 8.192E-20
 7.558E-20 7.129E-20 7.297E-20 8.123E-20 9.309E-20 9.215E-20 8.765E-20 8.676E-20 8.213E-20 8.036E-20
 7.572E-20 7.178E-20 7.529E-20 7.874E-20 7.894E-20 8.416E-20 8.774E-20 8.248E-20 7.781E-20 7.730E-20
 7.939E-20 8.140E-20 8.359E-20 8.798E-20 8.713E-20 8.601E-20 7.953E-20 7.790E-20 7.636E-20 7.638E-20
 8.013E-20 8.139E-20 8.328E-20 8.607E-20 9.165E-20 9.109E-20 8.098E-20 7.288E-20 7.141E-20 7.627E-20
 8.247E-20 7.790E-20 7.629E-20 8.263E-20 8.305E-20 7.807E-20 7.638E-20 7.889E-20 7.534E-20 7.493E-20
 7.732E-20 8.247E-20 8.496E-20 7.766E-20 7.462E-20 7.507E-20 7.505E-20 7.203E-20 6.941E-20 7.363E-20
 8.245E-20 8.662E-20 8.674E-20 8.553E-20 8.071E-20 8.243E-20 8.075E-20 7.502E-20 7.818E-20 8.184E-20
 8.598E-20 8.340E-20 8.304E-20 7.980E-20 7.917E-20 7.910E-20 8.125E-20 8.816E-20 8.247E-20 7.855E-20
 8.392E-20 8.870E-20 8.955E-20 8.604E-20 7.933E-20 7.596E-20 7.883E-20 7.833E-20 8.013E-20 8.896E-20
 9.101E-20 8.735E-20 8.451E-20 8.341E-20 8.079E-20 8.062E-20 8.914E-20 8.937E-20 9.270E-20 1.011E-19
 9.660E-20 8.552E-20 8.334E-20 7.594E-20 7.530E-20 8.893E-20 9.467E-20 9.252E-20 9.149E-20 9.375E-20
 9.801E-20 8.800E-20 7.962E-20 8.637E-20 9.081E-20 8.755E-20 8.584E-20 8.839E-20 9.321E-20 9.676E-20
 9.153E-20 8.676E-20 8.863E-20 9.201E-20 9.499E-20 9.953E-20 9.977E-20 9.696E-20 9.292E-20 8.421E-20
 7.782E-20 7.668E-20 8.091E-20 8.934E-20 9.054E-20 9.230E-20 9.854E-20 1.002E-19 9.550E-20 9.138E-20
 8.828E-20 8.364E-20 8.635E-20 9.289E-20 9.531E-20 9.595E-20 9.759E-20 9.610E-20 8.598E-20 8.115E-20
 8.585E-20 9.223E-20 9.807E-20 1.055E-19 1.107E-19 1.082E-19 1.015E-19 9.295E-20 9.205E-20 1.008E-19
 1.043E-19 1.038E-19 1.037E-19 1.045E-19 1.048E-19 1.005E-19 9.614E-20 9.786E-20 1.049E-19 1.087E-19
 1.030E-19 1.018E-19 1.059E-19 1.087E-19 1.035E-19 1.010E-19 9.876E-20 9.956E-20 9.798E-20 9.727E-20
 9.848E-20 1.028E-19 1.059E-19 1.046E-19 1.012E-19 1.012E-19 1.013E-19 1.012E-19 1.012E-19 1.002E-19
 1.035E-19 1.044E-19 1.087E-19 1.085E-19 1.057E-19 1.090E-19 1.115E-19 1.110E-19 1.098E-19 1.043E-19
 1.009E-19 1.077E-19 1.167E-19 1.107E-19 1.084E-19 1.122E-19 1.188E-19 1.209E-19 1.162E-19 1.187E-19
 1.161E-19 1.131E-19 1.154E-19 1.138E-19 1.087E-19 1.053E-19 1.065E-19 1.104E-19 1.144E-19 1.157E-19
 1.157E-19 1.107E-19 1.056E-19 1.046E-19 1.050E-19 1.100E-19 1.155E-19 1.148E-19 1.127E-19 1.072E-19
 1.044E-19 1.055E-19 1.042E-19 1.075E-19 1.119E-19 1.116E-19 1.079E-19 1.127E-19 1.222E-19 1.194E-19
 1.144E-19 1.048E-19 1.110E-19 1.251E-19 1.270E-19 1.221E-19 1.250E-19 1.288E-19 1.252E-19 1.255E-19
 1.178E-19 1.136E-19 1.148E-19 1.155E-19 1.226E-19 1.322E-19 1.347E-19 1.298E-19 1.258E-19 1.176E-19
 1.169E-19 1.226E-19 1.216E-19 1.224E-19 1.230E-19 1.215E-19 1.198E-19 1.140E-19 1.115E-19 1.119E-19
 1.190E-19 1.251E-19 1.261E-19 1.242E-19 1.229E-19 1.265E-19 1.208E-19 1.126E-19 1.103E-19 1.120E-19
 1.124E-19 1.149E-19 1.148E-19 1.113E-19 1.127E-19 1.159E-19 1.072E-19 1.080E-19 1.096E-19 1.073E-19
 1.146E-19 1.204E-19 1.264E-19 1.263E-19 1.208E-19 1.215E-19 1.191E-19 1.243E-19 1.358E-19 1.340E-19
 1.286E-19 1.278E-19 1.258E-19 1.174E-19 1.097E-19 1.052E-19 1.134E-19 1.199E-19 1.176E-19 1.203E-19
 1.211E-19 1.242E-19 1.239E-19 1.147E-19 1.097E-19 1.090E-19 1.077E-19 1.069E-19 1.067E-19 1.155E-19
 1.206E-19 1.214E-19 1.207E-19 1.131E-19 1.081E-19 1.065E-19 1.060E-19 1.078E-19 1.091E-19 1.134E-19
 1.142E-19 1.077E-19 1.019E-19 1.015E-19 1.028E-19 1.055E-19 1.130E-19 1.174E-19 1.194E-19 1.207E-19
 1.155E-19 1.109E-19 1.070E-19 1.023E-19 1.034E-19 1.090E-19 1.168E-19 1.186E-19 1.169E-19 1.103E-19
 1.001E-19 1.006E-19 1.110E-19 1.138E-19 1.119E-19 1.096E-19 1.140E-19 1.177E-19 1.122E-19 1.049E-19
 1.062E-19 1.043E-19 1.000E-19 1.053E-19 1.062E-19 1.022E-19 9.963E-20 9.728E-20 9.962E-20 9.981E-20
 9.276E-20 9.538E-20 1.027E-19 9.593E-20 9.181E-20 1.008E-19 1.052E-19 1.003E-19 9.406E-20 8.898E-20
 9.058E-20 9.432E-20 9.791E-20 1.069E-19 1.083E-19 1.033E-19 9.743E-20 8.977E-20 9.000E-20 9.663E-20
 9.449E-20 8.811E-20 9.014E-20 9.218E-20 9.449E-20 9.278E-20 8.837E-20 9.224E-20 8.909E-20 8.931E-20
 9.609E-20 9.848E-20 9.130E-20 9.000E-20 9.189E-20 9.366E-20 9.117E-20 8.663E-20 8.803E-20 8.927E-20
 9.112E-20 8.980E-20 9.475E-20 1.000E-19 9.607E-20 9.188E-20 9.255E-20 9.134E-20 9.156E-20 9.465E-20
 9.502E-20 9.551E-20 9.497E-20 9.528E-20 9.022E-20 8.234E-20 8.285E-20 8.476E-20 8.638E-20 9.139E-20
 9.684E-20 9.960E-20 9.717E-20 9.616E-20 9.175E-20 8.937E-20 8.826E-20 8.366E-20 8.752E-20 9.557E-20
 9.878E-20 9.857E-20 1.005E-19 9.731E-20 9.503E-20 9.565E-20 9.233E-20 9.083E-20 9.628E-20 9.868E-20
 9.760E-20 9.703E-20 9.821E-20 9.385E-20 8.712E-20 9.019E-20 9.624E-20 9.761E-20 9.528E-20 9.787E-20
 1.003E-19 9.545E-20 9.046E-20 8.716E-20 8.493E-20 8.641E-20 9.628E-20 1.026E-19 1.017E-19 9.826E-20
 9.680E-20 9.070E-20 8.502E-20 8.823E-20 9.239E-20 9.844E-20 1.024E-19 1.035E-19 9.711E-20 9.302E-20
 9.298E-20 9.061E-20 9.375E-20 1.003E-19 1.035E-19 1.022E-19 1.005E-19 1.008E-19 9.753E-20 9.313E-20
 9.139E-20 9.119E-20 1.012E-19 1.059E-19 1.009E-19 1.006E-19 9.650E-20 9.273E-20 9.816E-20 9.967E-20
 9.227E-20 9.391E-20 9.785E-20 1.008E-19 9.989E-20 9.169E-20 9.187E-20 9.374E-20 8.999E-20 8.894E-20
 9.093E-20 9.124E-20 9.217E-20 9.287E-20 9.590E-20 1.017E-19 1.010E-19 9.713E-20 9.388E-20 9.128E-20
 9.365E-20 9.288E-20 8.899E-20 9.062E-20 9.181E-20 9.778E-20 1.002E-19 9.429E-20 9.383E-20 9.244E-20
 9.240E-20 9.959E-20 1.043E-19 1.044E-19 1.025E-19 9.539E-20 9.597E-20 1.006E-19 9.691E-20 9.578E-20
 9.998E-20 9.676E-20 1.005E-19 1.075E-19 1.039E-19 9.737E-20 9.508E-20 9.893E-20 1.028E-19 1.021E-19
 1.015E-19 1.056E-19 1.039E-19 9.640E-20 9.910E-20 1.018E-19 9.470E-20 9.758E-20 1.062E-19 1.091E-19
 1.091E-19 1.083E-19 1.088E-19 1.069E-19 1.022E-19 1.010E-19 1.014E-19 1.020E-19 1.030E-19 1.017E-19
 1.059E-19 1.109E-19 1.066E-19 1.005E-19 9.564E-20 9.593E-20 1.025E-19 1.068E-19 1.104E-19 1.094E-19
 1.069E-19 1.026E-19 9.603E-20 9.721E-20 1.021E-19 1.026E-19 1.004E-19 9.845E-20 1.011E-19 1.034E-19
 9.681E-20 1.094E-19 1.125E-19 1.060E-19 1.047E-19 1.068E-19 1.111E-19 1.051E-19 1.036E-19 1.077E-19
 1.043E-19 1.002E-19 9.592E-20 9.015E-20 9.698E-20 9.934E-20 9.601E-20 1.016E-19 1.060E-19 1.038E-19
 9.894E-20 9.388E-20 9.773E-20 1.033E-19 1.060E-19 1.047E-19 1.047E-19 1.089E-19 1.076E-19 1.026E-19
 1.072E-19 1.089E-19 1.049E-19 1.036E-19 1.045E-19 1.035E-19 9.848E-20 9.666E-20 9.903E-20 9.675E-20
 9.356E-20 1.010E-19 1.101E-19 1.201E-19 1.196E-19 1.133E-19 1.086E-19 1.061E-19 1.058E-19 1.043E-19
 1.000E-19 1.023E-19 1.081E-19 1.017E-19 9.532E-20 9.337E-20 9.307E-20 9.560E-20 9.895E-20 9.713E-20
 9.805E-20 1.000E-19 1.037E-19 1.050E-19 1.011E-19 9.760E-20 9.310E-20 9.353E-20 1.016E-19 1.039E-19
 9.891E-20 9.634E-20 9.468E-20 9.758E-20 9.726E-20 9.488E-20 1.001E-19 1.005E-19 9.877E-20 1.029E-19
 1.075E-19 1.103E-19 1.145E-19 1.181E-19 1.138E-19 1.123E-19 1.191E-19 1.097E-19 1.005E-19 1.011E-19
 1.049E-19 1.068E-19 9.850E-20 9.366E-20 9.309E-20 9.263E-20 9.729E-20 1.012E-19 1.033E-19 1.043E-19
 1.030E-19 1.006E-19 9.700E-20 9.739E-20 9.700E-20 9.600E-20 9.354E-20 9.588E-20 9.768E-20 9.398E-20
 9.287E-20 8.917E-20 8.680E-20 9.198E-20 9.338E-20 9.754E-20 1.040E-19 9.550E-20 9.199E-20 9.737E-20
 9.703E-20 9.510E-20 9.108E-20 8.973E-20 8.804E-20 9.171E-20 9.631E-20 9.502E-20 9.464E-20 9.890E-20
 9.146E-20 8.890E-20 9.273E-20 9.375E-20 9.774E-20 1.046E-19 1.107E-19 1.031E-19 9.678E-20 9.860E-20
 9.471E-20 8.298E-20 8.413E-20 8.891E-20 9.811E-20 1.076E-19 1.056E-19 1.028E-19 9.274E-20 8.601E-20
 8.493E-20 8.305E-20 8.462E-20 9.023E-20 9.928E-20 1.016E-19 1.003E-19 1.002E-19 9.654E-20 9.383E-20
 9.553E-20 9.778E-20 9.922E-20 9.970E-20 1.017E-19 1.026E-19 1.012E-19 1.030E-19 1.021E-19 9.628E-20
 9.500E-20 9.590E-20 9.808E-20 1.002E-19 1.011E-19 9.959E-20 9.812E-20 9.927E-20 9.342E-20 9.076E-20
 9.355E-20 9.314E-20 9.610E-20 1.014E-19 1.012E-19 9.271E-20 9.153E-20 9.940E-20 9.840E-20 9.764E-20
 9.442E-20 9.496E-20 9.811E-20 9.512E-20 9.704E-20 9.718E-20 9.841E-20 9.739E-20 9.650E-20 9.530E-20
 9.305E-20 9.869E-20 9.722E-20 9.327E-20 9.305E-20 8.633E-20 8.433E-20 8.777E-20 9.747E-20 1.055E-19
 1.010E-19 9.625E-20 9.685E-20 9.124E-20 9.185E-20 9.992E-20 9.967E-20 1.011E-19 9.768E-20 9.023E-20
 8.829E-20 8.706E-20 8.503E-20 8.298E-20 8.532E-20 8.762E-20 9.341E-20 9.462E-20 9.547E-20 9.819E-20
 9.330E-20 9.319E-20 9.199E-20 8.050E-20 7.455E-20 8.238E-20 8.558E-20 8.906E-20 9.600E-20 9.634E-20
 9.378E-20 8.727E-20 8.887E-20 9.230E-20 8.748E-20 8.551E-20 9.007E-20 9.517E-20 9.311E-20 9.277E-20
 9.088E-20 8.949E-20 8.997E-20 9.369E-20 9.533E-20 9.486E-20 9.492E-20 9.291E-20 8.785E-20 8.436E-20
 8.249E-20 8.214E-20 8.356E-20 8.126E-20 8.214E-20 9.017E-20 9.360E-20 9.749E-20 9.768E-20 9.101E-20
 9.182E-20 9.675E-20 1.018E-19 1.078E-19 1.123E-19 1.053E-19 9.698E-20 9.005E-20 8.781E-20 9.286E-20
 9.323E-20 9.282E-20 9.240E-20 9.276E-20 9.039E-20 8.480E-20 8.482E-20 8.802E-20 8.787E-20 9.356E-20
 9.441E-20 8.816E-20 8.557E-20 9.147E-20 9.470E-20 9.279E-20 8.773E-20 8.324E-20 7.988E-20 7.836E-20
 8.591E-20 9.262E-20 9.167E-20 8.643E-20 9.242E-20 9.196E-20 8.543E-20 8.278E-20 8.345E-20 8.300E-20
 8.446E-20 8.567E-20 8.306E-20 8.030E-20 7.887E-20 7.499E-20 7.275E-20 7.400E-20 7.722E-20 8.080E-20
 8.562E-20 8.782E-20 8.546E-20 8.391E-20 8.006E-20 7.634E-20 7.859E-20 8.094E-20 7.784E-20 7.854E-20
 8.809E-20 9.060E-20 8.670E-20 8.553E-20 8.552E-20 8.491E-20 8.183E-20 8.098E-20 8.859E-20 8.995E-20
 8.350E-20 7.883E-20 8.127E-20 8.718E-20 8.753E-20 8.261E-20 8.011E-20 8.177E-20 8.439E-20 8.819E-20
 8.498E-20 8.608E-20 9.084E-20 9.279E-20 9.225E-20 8.833E-20 9.125E-20 9.477E-20 9.625E-20 9.917E-20
 9.824E-20 9.740E-20 9.700E-20 9.133E-20 7.655E-20 7.457E-20 7.879E-20 7.917E-20 7.732E-20 7.520E-20
 7.628E-20 7.767E-20 7.316E-20 6.838E-20 7.389E-20 7.632E-20 7.580E-20 8.005E-20 7.821E-20 7.477E-20
 7.211E-20 7.148E-20 6.975E-20 7.042E-20 7.227E-20 7.525E-20 7.523E-20 6.610E-20 6.151E-20 6.400E-20
 6.693E-20 6.918E-20 7.038E-20 7.438E-20 7.843E-20 7.842E-20 8.094E-20 7.425E-20 6.602E-20 6.183E-20
 6.144E-20 6.044E-20 6.265E-20 6.938E-20 7.293E-20 7.298E-20 6.544E-20 6.190E-20 6.357E-20 6.908E-20
 7.256E-20 7.836E-20 8.078E-20 7.210E-20 7.093E-20 7.152E-20 6.714E-20 6.587E-20 6.178E-20 5.854E-20
 6.361E-20 6.435E-20 6.350E-20 6.508E-20 6.581E-20 6.023E-20 5.604E-20 6.177E-20 6.398E-20 6.802E-20
 7.071E-20 7.161E-20 7.372E-20 7.132E-20 6.382E-20 5.916E-20 6.150E-20 6.433E-20 7.117E-20 7.810E-20
 7.671E-20 7.304E-20 7.422E-20 6.760E-20 5.408E-20 5.042E-20 5.426E-20 5.814E-20 6.327E-20 6.365E-20
 6.451E-20 6.745E-20 6.741E-20 6.238E-20 5.814E-20 5.874E-20 6.292E-20 5.941E-20 5.988E-20 6.382E-20
 5.904E-20 6.139E-20 6.524E-20 6.036E-20 5.646E-20 5.702E-20 5.510E-20 5.677E-20 6.056E-20 5.791E-20
 5.866E-20 5.953E-20 5.403E-20 5.081E-20 5.939E-20 6.906E-20 7.549E-20 7.099E-20 5.998E-20 5.652E-20
 5.076E-20 5.018E-20 5.416E-20 5.282E-20 4.902E-20 5.024E-20 5.611E-20 6.102E-20 6.354E-20 6.048E-20
 5.040E-20 4.781E-20 5.360E-20 5.366E-20 5.310E-20 5.109E-20 5.253E-20 5.691E-20 5.734E-20 5.545E-20
 5.170E-20 4.957E-20 5.605E-20 6.036E-20 5.450E-20 5.453E-20 5.968E-20 6.155E-20 5.954E-20 5.441E-20
 5.049E-20 5.283E-20 5.639E-20 5.679E-20 6.087E-20 6.742E-20 6.579E-20 5.280E-20 5.102E-20 5.519E-20
 4.652E-20 4.448E-20 4.633E-20 4.608E-20 4.961E-20 5.273E-20 5.135E-20 5.110E-20 5.288E-20 6.012E-20
 5.897E-20 5.870E-20 6.307E-20 6.124E-20 5.444E-20 4.868E-20 4.923E-20 5.091E-20 4.788E-20 4.976E-20
 5.816E-20 5.448E-20 5.579E-20 6.034E-20 6.133E-20 6.147E-20 5.409E-20 4.889E-20 4.976E-20 4.723E-20
 4.668E-20 5.339E-20 5.833E-20 6.090E-20 5.966E-20 5.569E-20 4.895E-20 4.398E-20 5.164E-20 5.765E-20
 6.247E-20 6.660E-20 5.901E-20 5.239E-20 4.755E-20 4.747E-20 4.881E-20 4.925E-20 5.354E-20 5.882E-20
 5.849E-20 5.229E-20 4.492E-20 4.751E-20 4.662E-20 4.389E-20 4.832E-20 4.895E-20 5.535E-20 6.077E-20
 5.837E-20 5.432E-20 5.019E-20 4.894E-20 4.644E-20 4.489E-20 4.278E-20 4.662E-20 5.654E-20 5.444E-20
 4.805E-20 4.770E-20 4.984E-20 4.865E-20 4.215E-20 4.201E-20 4.779E-20 5.042E-20 5.084E-20 4.653E-20
 4.618E-20 4.910E-20 4.862E-20 5.221E-20 5.413E-20 4.938E-20 5.254E-20 5.592E-20 5.288E-20 4.722E-20
 4.264E-20 4.066E-20 4.423E-20 4.553E-20 5.077E-20 6.037E-20 6.303E-20 6.075E-20 6.080E-20 6.144E-20
 5.604E-20 4.883E-20 5.205E-20 5.759E-20 5.550E-20 5.184E-20 5.503E-20 5.470E-20 4.973E-20 4.819E-20
 4.939E-20 5.071E-20 5.133E-20 5.267E-20 5.464E-20 5.703E-20 5.610E-20 5.141E-20 4.811E-20 5.064E-20
 5.053E-20 5.131E-20 5.283E-20 6.098E-20 6.171E-20 5.809E-20 5.413E-20 5.091E-20 5.123E-20 5.000E-20
 4.554E-20 4.191E-20 5.235E-20 5.655E-20 5.026E-20 4.725E-20 4.450E-20 4.653E-20 5.443E-20 5.500E-20
 5.144E-20 5.343E-20 5.446E-20 5.151E-20 4.745E-20 4.496E-20 4.383E-20 3.879E-20 3.970E-20 4.283E-20
 4.340E-20 4.487E-20 4.370E-20 4.081E-20 4.146E-20 4.023E-20 4.192E-20 4.498E-20 4.601E-20 4.854E-20
 5.700E-20 6.067E-20 5.413E-20 4.305E-20 4.479E-20 5.260E-20 5.068E-20 4.454E-20 4.193E-20 4.701E-20
 4.469E-20 4.403E-20 3.923E-20 3.571E-20 3.977E-20 4.563E-20 5.184E-20 5.273E-20 4.905E-20 4.871E-20
 5.087E-20 4.737E-20 4.060E-20 3.901E-20 4.196E-20 4.651E-20 4.929E-20 5.208E-20 5.384E-20 5.189E-20
 5.004E-20 5.072E-20 4.431E-20 4.161E-20 4.415E-20 4.427E-20 4.579E-20 4.304E-20 4.331E-20 4.239E-20
 4.083E-20 3.410E-20 3.165E-20 3.570E-20 3.914E-20 4.559E-20 4.549E-20 4.275E-20 4.429E-20 4.307E-20
 3.922E-20 3.945E-20 4.012E-20 4.351E-20 4.467E-20 4.398E-20 3.984E-20 3.918E-20 4.259E-20 3.999E-20
 4.576E-20 4.795E-20 3.849E-20 3.935E-20 4.199E-20 4.001E-20 4.409E-20 5.378E-20 5.007E-20 4.322E-20
 4.138E-20 3.849E-20 3.576E-20 3.683E-20 4.377E-20 5.145E-20 5.471E-20 5.669E-20 5.212E-20 4.377E-20
 4.082E-20 3.834E-20 4.094E-20 4.931E-20 4.697E-20 4.281E-20 4.611E-20 4.747E-20 4.573E-20 4.314E-20
 3.831E-20 3.808E-20 4.168E-20 4.116E-20 4.281E-20 4.270E-20 4.574E-20 4.377E-20 3.266E-20 3.103E-20
 4.088E-20 4.373E-20 4.679E-20 4.388E-20 3.869E-20 3.934E-20 3.606E-20 3.461E-20 3.547E-20 3.642E-20
 3.878E-20 3.508E-20 3.324E-20 3.425E-20 3.732E-20 3.605E-20 3.176E-20 3.082E-20 2.748E-20 2.593E-20
 2.920E-20 3.239E-20 3.748E-20 3.828E-20 3.506E-20 3.620E-20 3.655E-20 3.623E-20 3.775E-20 3.537E-20
 3.277E-20 3.336E-20 3.320E-20 3.354E-20 3.169E-20 2.748E-20 2.853E-20 0.000E+00 0.000E+00 0.000E+00
