   C2Cl2F4  815.0010  859.9940      3034  203.0000    0.0000 3.558E-18  NCAR    CFC-114
 1.470E-20 1.340E-20 3.727E-20 5.236E-20 5.957E-20 5.669E-20 5.246E-20 4.930E-20 3.687E-20 2.188E-20
 2.011E-20 3.203E-20 3.999E-20 5.292E-20 5.825E-20 4.720E-20 3.646E-20 3.131E-20 3.357E-20 2.281E-20
 1.801E-20 4.093E-20 5.210E-20 4.435E-20 4.186E-20 4.713E-20 4.785E-20 3.167E-20 2.709E-20 3.157E-20
 2.574E-20 2.396E-20 3.573E-20 5.365E-20 5.693E-20 4.304E-20 3.000E-20 3.088E-20 3.241E-20 4.331E-20
 5.693E-20 5.399E-20 4.499E-20 4.566E-20 4.635E-20 4.594E-20 3.672E-20 2.974E-20 3.739E-20 4.221E-20
 3.985E-20 3.748E-20 4.386E-20 4.176E-20 2.812E-20 2.052E-20 2.071E-20 1.983E-20 3.145E-20 4.463E-20
 4.403E-20 3.679E-20 4.276E-20 5.004E-20 3.579E-20 2.113E-20 3.289E-20 5.002E-20 6.428E-20 5.597E-20
 4.054E-20 4.147E-20 4.471E-20 4.124E-20 3.665E-20 2.824E-20 2.217E-20 3.002E-20 5.143E-20 5.390E-20
 4.480E-20 4.875E-20 5.109E-20 4.968E-20 4.597E-20 4.710E-20 3.660E-20 3.741E-20 3.996E-20 3.599E-20
 2.764E-20 3.305E-20 4.075E-20 4.290E-20 5.019E-20 5.150E-20 5.716E-20 5.489E-20 3.344E-20 3.218E-20
 3.395E-20 1.161E-20 1.073E-21 1.906E-20 4.239E-20 4.556E-20 4.462E-20 4.752E-20 3.735E-20 2.271E-20
 3.193E-20 4.377E-20 4.258E-20 3.693E-20 4.247E-20 4.515E-20 4.788E-20 4.929E-20 4.734E-20 4.864E-20
 5.266E-20 4.799E-20 5.274E-20 6.008E-20 5.135E-20 5.892E-20 6.260E-20 5.656E-20 5.796E-20 4.354E-20
 3.895E-20 5.436E-20 5.334E-20 5.107E-20 4.623E-20 3.637E-20 3.036E-20 3.091E-20 3.467E-20 3.479E-20
 4.118E-20 5.279E-20 5.584E-20 5.712E-20 5.599E-20 4.751E-20 4.933E-20 6.040E-20 6.178E-20 4.349E-20
 4.105E-20 5.131E-20 5.320E-20 4.224E-20 4.163E-20 4.266E-20 4.541E-20 5.417E-20 5.011E-20 4.212E-20
 4.763E-20 6.636E-20 7.349E-20 7.164E-20 5.976E-20 4.198E-20 3.510E-20 4.093E-20 4.457E-20 4.459E-20
 4.056E-20 4.660E-20 5.112E-20 4.551E-20 3.773E-20 4.087E-20 3.996E-20 4.300E-20 4.647E-20 5.490E-20
 5.352E-20 5.704E-20 6.193E-20 5.975E-20 4.879E-20 4.491E-20 5.428E-20 6.205E-20 5.296E-20 4.582E-20
 5.189E-20 5.010E-20 5.383E-20 5.832E-20 5.510E-20 5.884E-20 6.317E-20 6.350E-20 6.899E-20 7.014E-20
 5.812E-20 3.792E-20 3.379E-20 3.494E-20 3.637E-20 3.338E-20 3.103E-20 3.622E-20 4.552E-20 3.566E-20
 3.558E-20 4.292E-20 4.131E-20 4.149E-20 6.005E-20 7.723E-20 7.795E-20 6.586E-20 6.387E-20 6.392E-20
 4.871E-20 4.727E-20 5.791E-20 5.480E-20 5.091E-20 5.552E-20 5.732E-20 6.405E-20 5.692E-20 4.808E-20
 5.001E-20 4.856E-20 4.723E-20 4.484E-20 4.722E-20 6.036E-20 6.866E-20 5.976E-20 5.568E-20 5.950E-20
 5.657E-20 4.948E-20 5.011E-20 5.306E-20 5.243E-20 4.612E-20 4.246E-20 4.347E-20 3.779E-20 3.507E-20
 5.088E-20 6.178E-20 5.471E-20 5.509E-20 6.374E-20 5.272E-20 3.306E-20 4.262E-20 5.298E-20 4.070E-20
 3.829E-20 5.086E-20 5.576E-20 5.556E-20 5.448E-20 5.128E-20 4.589E-20 4.782E-20 5.686E-20 5.863E-20
 5.478E-20 5.708E-20 7.037E-20 6.133E-20 4.526E-20 4.743E-20 5.153E-20 5.560E-20 5.341E-20 5.235E-20
 5.448E-20 6.063E-20 6.817E-20 7.267E-20 6.639E-20 5.580E-20 5.057E-20 5.624E-20 6.789E-20 7.454E-20
 7.525E-20 6.664E-20 6.072E-20 6.181E-20 5.403E-20 5.415E-20 5.620E-20 5.662E-20 6.025E-20 6.138E-20
 6.677E-20 5.842E-20 4.219E-20 4.685E-20 5.176E-20 4.508E-20 4.282E-20 4.756E-20 5.225E-20 4.738E-20
 4.590E-20 4.820E-20 5.218E-20 5.640E-20 5.987E-20 5.542E-20 6.393E-20 7.018E-20 5.781E-20 4.458E-20
 3.828E-20 4.998E-20 5.666E-20 5.078E-20 3.531E-20 3.623E-20 4.598E-20 5.097E-20 6.294E-20 6.981E-20
 6.141E-20 4.366E-20 3.698E-20 4.860E-20 6.260E-20 6.842E-20 5.962E-20 5.105E-20 5.652E-20 6.279E-20
 5.958E-20 5.817E-20 5.935E-20 6.601E-20 6.622E-20 6.415E-20 6.131E-20 5.339E-20 5.118E-20 5.520E-20
 5.750E-20 5.801E-20 5.223E-20 5.725E-20 6.623E-20 6.937E-20 7.740E-20 7.238E-20 6.469E-20 6.855E-20
 6.144E-20 5.335E-20 5.966E-20 6.487E-20 5.978E-20 5.346E-20 5.539E-20 5.507E-20 5.718E-20 5.665E-20
 5.777E-20 5.957E-20 6.954E-20 7.285E-20 6.387E-20 4.815E-20 4.135E-20 4.729E-20 4.305E-20 4.138E-20
 5.343E-20 6.217E-20 5.614E-20 4.764E-20 5.424E-20 5.795E-20 5.718E-20 4.898E-20 4.776E-20 5.956E-20
 6.804E-20 6.828E-20 7.082E-20 6.937E-20 6.594E-20 6.676E-20 6.967E-20 8.220E-20 8.668E-20 7.159E-20
 6.771E-20 7.248E-20 6.654E-20 6.449E-20 6.485E-20 5.127E-20 4.015E-20 4.492E-20 4.417E-20 4.191E-20
 4.890E-20 6.052E-20 7.412E-20 6.632E-20 4.803E-20 4.410E-20 4.857E-20 5.608E-20 5.863E-20 6.296E-20
 5.627E-20 4.536E-20 5.037E-20 5.890E-20 5.193E-20 5.592E-20 6.097E-20 5.966E-20 5.803E-20 6.422E-20
 5.464E-20 4.779E-20 6.586E-20 6.969E-20 6.183E-20 5.410E-20 5.934E-20 6.421E-20 5.889E-20 6.021E-20
 5.971E-20 4.687E-20 4.590E-20 5.267E-20 5.543E-20 6.039E-20 5.780E-20 5.761E-20 6.322E-20 5.636E-20
 5.082E-20 4.432E-20 4.848E-20 6.335E-20 6.765E-20 6.849E-20 6.233E-20 5.739E-20 6.004E-20 5.993E-20
 5.330E-20 5.375E-20 5.825E-20 5.951E-20 6.621E-20 6.941E-20 7.196E-20 7.485E-20 6.903E-20 5.811E-20
 5.029E-20 4.942E-20 4.737E-20 4.526E-20 4.525E-20 5.256E-20 5.432E-20 5.274E-20 5.790E-20 6.132E-20
 6.528E-20 6.530E-20 6.788E-20 6.015E-20 5.886E-20 7.148E-20 6.216E-20 5.303E-20 5.232E-20 4.624E-20
 4.313E-20 4.985E-20 5.306E-20 5.267E-20 5.589E-20 6.495E-20 6.577E-20 5.274E-20 4.521E-20 5.486E-20
 7.359E-20 7.058E-20 5.657E-20 5.312E-20 6.292E-20 6.807E-20 5.538E-20 5.217E-20 5.532E-20 4.808E-20
 4.548E-20 5.232E-20 5.684E-20 6.081E-20 6.590E-20 6.064E-20 6.510E-20 7.497E-20 7.625E-20 7.690E-20
 6.416E-20 5.831E-20 6.181E-20 5.918E-20 5.920E-20 6.371E-20 6.579E-20 5.643E-20 5.645E-20 5.845E-20
 6.342E-20 5.834E-20 5.355E-20 5.791E-20 6.208E-20 7.452E-20 7.559E-20 7.048E-20 7.512E-20 6.547E-20
 5.335E-20 4.924E-20 4.789E-20 5.328E-20 5.475E-20 6.531E-20 7.041E-20 7.093E-20 6.820E-20 7.433E-20
 7.537E-20 7.035E-20 6.888E-20 5.712E-20 6.151E-20 7.132E-20 6.192E-20 5.358E-20 5.530E-20 5.006E-20
 5.401E-20 6.536E-20 5.509E-20 5.199E-20 6.952E-20 7.892E-20 7.722E-20 7.243E-20 5.852E-20 5.416E-20
 5.781E-20 5.126E-20 5.356E-20 4.841E-20 3.760E-20 4.373E-20 5.537E-20 5.120E-20 5.529E-20 6.617E-20
 5.957E-20 6.694E-20 7.493E-20 7.378E-20 6.915E-20 7.484E-20 6.996E-20 5.742E-20 6.283E-20 6.743E-20
 7.081E-20 6.722E-20 6.779E-20 7.330E-20 6.997E-20 6.390E-20 5.741E-20 5.747E-20 6.182E-20 5.086E-20
 4.907E-20 6.785E-20 7.250E-20 5.984E-20 5.457E-20 5.822E-20 6.263E-20 6.119E-20 5.251E-20 4.857E-20
 5.247E-20 4.738E-20 4.564E-20 4.876E-20 5.619E-20 5.640E-20 4.598E-20 4.709E-20 4.638E-20 4.234E-20
 4.582E-20 5.996E-20 7.165E-20 7.494E-20 7.039E-20 6.206E-20 5.741E-20 5.329E-20 4.825E-20 5.603E-20
 7.651E-20 7.793E-20 6.809E-20 7.052E-20 7.216E-20 6.969E-20 6.675E-20 6.447E-20 6.987E-20 7.351E-20
 7.765E-20 8.515E-20 8.031E-20 7.704E-20 6.786E-20 5.422E-20 5.159E-20 6.132E-20 7.438E-20 7.908E-20
 7.594E-20 7.374E-20 6.358E-20 5.003E-20 6.121E-20 7.420E-20 7.155E-20 7.228E-20 8.590E-20 9.135E-20
 8.483E-20 6.767E-20 6.238E-20 6.570E-20 6.803E-20 7.032E-20 7.804E-20 8.214E-20 6.747E-20 6.177E-20
 7.441E-20 7.355E-20 5.352E-20 5.130E-20 6.108E-20 6.281E-20 6.481E-20 7.415E-20 7.359E-20 6.837E-20
 6.123E-20 5.188E-20 5.095E-20 6.020E-20 6.452E-20 6.291E-20 6.519E-20 6.769E-20 6.701E-20 7.396E-20
 6.827E-20 6.492E-20 7.141E-20 6.685E-20 6.268E-20 6.084E-20 6.817E-20 6.901E-20 6.308E-20 5.954E-20
 5.885E-20 6.249E-20 5.829E-20 5.641E-20 6.153E-20 6.674E-20 6.742E-20 6.275E-20 5.933E-20 5.130E-20
 5.338E-20 5.862E-20 7.063E-20 8.397E-20 8.148E-20 6.814E-20 5.840E-20 5.218E-20 5.377E-20 6.260E-20
 6.553E-20 6.688E-20 7.827E-20 9.578E-20 1.035E-19 8.799E-20 7.059E-20 6.186E-20 5.643E-20 6.149E-20
 6.517E-20 6.867E-20 7.252E-20 7.141E-20 6.587E-20 6.732E-20 6.796E-20 6.853E-20 6.452E-20 7.034E-20
 7.314E-20 7.622E-20 8.722E-20 8.387E-20 7.062E-20 7.279E-20 7.323E-20 6.809E-20 6.856E-20 6.877E-20
 7.027E-20 6.772E-20 7.135E-20 7.639E-20 7.317E-20 6.760E-20 7.975E-20 8.773E-20 8.394E-20 8.578E-20
 7.737E-20 7.845E-20 8.071E-20 7.220E-20 6.741E-20 6.758E-20 6.888E-20 7.054E-20 7.335E-20 7.682E-20
 7.527E-20 6.103E-20 6.354E-20 6.202E-20 6.381E-20 7.604E-20 8.269E-20 8.536E-20 7.336E-20 7.768E-20
 8.240E-20 6.179E-20 5.284E-20 6.153E-20 7.418E-20 7.630E-20 6.771E-20 7.838E-20 8.733E-20 7.831E-20
 7.755E-20 7.776E-20 7.405E-20 5.913E-20 6.600E-20 8.419E-20 7.958E-20 7.227E-20 7.778E-20 8.288E-20
 8.408E-20 7.278E-20 5.739E-20 6.481E-20 8.133E-20 8.092E-20 7.613E-20 7.727E-20 7.770E-20 7.546E-20
 6.914E-20 6.367E-20 6.468E-20 7.381E-20 8.100E-20 8.014E-20 7.298E-20 7.617E-20 8.213E-20 6.653E-20
 5.997E-20 6.507E-20 6.285E-20 6.726E-20 8.103E-20 8.473E-20 7.116E-20 5.968E-20 5.948E-20 6.990E-20
 7.818E-20 7.721E-20 8.543E-20 9.201E-20 8.411E-20 8.410E-20 7.603E-20 7.277E-20 7.640E-20 7.275E-20
 7.321E-20 8.681E-20 9.036E-20 9.422E-20 8.600E-20 7.698E-20 8.313E-20 8.293E-20 7.892E-20 7.937E-20
 8.270E-20 9.356E-20 9.849E-20 9.431E-20 9.283E-20 8.498E-20 8.456E-20 8.135E-20 8.163E-20 8.998E-20
 8.814E-20 8.330E-20 9.127E-20 9.904E-20 9.309E-20 8.012E-20 7.619E-20 8.425E-20 9.176E-20 9.749E-20
 1.025E-19 9.655E-20 8.958E-20 8.154E-20 7.402E-20 7.742E-20 7.642E-20 8.309E-20 9.605E-20 9.576E-20
 9.173E-20 8.937E-20 8.334E-20 7.370E-20 6.745E-20 6.477E-20 7.574E-20 8.077E-20 8.268E-20 7.255E-20
 6.671E-20 6.858E-20 6.632E-20 6.090E-20 6.268E-20 7.662E-20 8.817E-20 9.322E-20 8.443E-20 8.638E-20
 8.112E-20 7.378E-20 6.912E-20 6.570E-20 6.965E-20 8.108E-20 8.728E-20 8.710E-20 7.620E-20 7.557E-20
 7.213E-20 5.843E-20 6.276E-20 7.411E-20 8.347E-20 9.334E-20 9.676E-20 9.137E-20 9.307E-20 9.388E-20
 9.193E-20 8.484E-20 8.980E-20 9.630E-20 8.427E-20 7.733E-20 7.831E-20 7.829E-20 8.195E-20 7.891E-20
 7.450E-20 7.951E-20 7.663E-20 7.443E-20 8.107E-20 8.063E-20 8.626E-20 9.386E-20 9.139E-20 9.224E-20
 8.849E-20 8.182E-20 8.487E-20 9.470E-20 1.002E-19 1.046E-19 1.105E-19 1.297E-19 1.746E-19 1.641E-19
 1.183E-19 9.652E-20 9.618E-20 1.029E-19 1.037E-19 9.935E-20 9.624E-20 9.837E-20 8.991E-20 8.411E-20
 8.768E-20 9.728E-20 1.038E-19 1.067E-19 9.932E-20 9.152E-20 9.218E-20 8.753E-20 8.341E-20 8.378E-20
 9.326E-20 1.060E-19 1.056E-19 9.041E-20 8.035E-20 7.420E-20 6.968E-20 7.601E-20 8.912E-20 1.001E-19
 9.870E-20 9.825E-20 1.007E-19 9.539E-20 8.470E-20 7.760E-20 7.884E-20 8.438E-20 8.487E-20 8.960E-20
 9.897E-20 1.039E-19 9.860E-20 9.111E-20 9.490E-20 9.707E-20 9.659E-20 1.067E-19 1.075E-19 1.072E-19
 1.113E-19 1.063E-19 9.204E-20 9.016E-20 9.717E-20 1.013E-19 1.048E-19 1.060E-19 1.062E-19 9.768E-20
 9.106E-20 9.196E-20 9.329E-20 8.685E-20 7.220E-20 7.293E-20 9.559E-20 9.693E-20 8.931E-20 8.551E-20
 9.189E-20 1.016E-19 9.376E-20 8.541E-20 8.889E-20 9.071E-20 8.991E-20 8.991E-20 9.740E-20 9.876E-20
 8.888E-20 8.395E-20 9.491E-20 1.029E-19 9.379E-20 9.652E-20 1.016E-19 9.958E-20 1.013E-19 9.746E-20
 9.444E-20 1.007E-19 9.830E-20 9.351E-20 9.900E-20 1.037E-19 9.418E-20 9.355E-20 1.066E-19 1.088E-19
 9.950E-20 9.760E-20 1.084E-19 1.060E-19 1.091E-19 1.174E-19 1.091E-19 1.035E-19 9.816E-20 9.298E-20
 9.811E-20 1.049E-19 1.035E-19 1.004E-19 1.080E-19 1.015E-19 9.686E-20 9.976E-20 9.829E-20 1.009E-19
 1.035E-19 9.435E-20 9.583E-20 1.059E-19 1.048E-19 9.694E-20 9.432E-20 9.681E-20 1.014E-19 1.059E-19
 1.009E-19 9.665E-20 9.940E-20 9.835E-20 1.036E-19 1.078E-19 1.059E-19 1.025E-19 9.477E-20 1.039E-19
 1.106E-19 1.013E-19 1.024E-19 1.014E-19 9.731E-20 9.232E-20 8.564E-20 9.098E-20 9.627E-20 9.948E-20
 1.032E-19 1.109E-19 1.032E-19 1.057E-19 1.019E-19 8.651E-20 9.827E-20 1.171E-19 1.161E-19 1.070E-19
 1.152E-19 1.201E-19 1.085E-19 9.577E-20 9.462E-20 1.019E-19 1.022E-19 1.022E-19 1.076E-19 1.064E-19
 1.069E-19 1.066E-19 9.511E-20 9.171E-20 9.445E-20 8.798E-20 9.944E-20 1.210E-19 1.363E-19 1.314E-19
 1.130E-19 1.150E-19 1.152E-19 1.138E-19 1.130E-19 1.097E-19 1.081E-19 1.051E-19 1.062E-19 1.113E-19
 1.057E-19 1.001E-19 9.522E-20 9.474E-20 1.080E-19 1.107E-19 1.089E-19 1.119E-19 1.135E-19 1.155E-19
 1.121E-19 1.016E-19 1.059E-19 1.054E-19 1.122E-19 1.262E-19 1.282E-19 1.316E-19 1.242E-19 1.055E-19
 1.006E-19 1.021E-19 1.038E-19 1.080E-19 1.091E-19 1.207E-19 1.243E-19 1.205E-19 1.114E-19 1.032E-19
 1.067E-19 9.762E-20 9.068E-20 1.003E-19 1.080E-19 1.183E-19 1.172E-19 1.106E-19 1.062E-19 1.076E-19
 1.138E-19 1.155E-19 1.185E-19 1.160E-19 1.130E-19 1.122E-19 1.094E-19 1.045E-19 1.038E-19 1.024E-19
 1.034E-19 1.066E-19 1.159E-19 1.195E-19 1.144E-19 1.044E-19 9.612E-20 9.374E-20 9.734E-20 1.081E-19
 1.212E-19 1.384E-19 1.337E-19 1.163E-19 1.188E-19 1.217E-19 1.222E-19 1.192E-19 1.111E-19 1.133E-19
 1.203E-19 1.278E-19 1.328E-19 1.336E-19 1.265E-19 1.199E-19 1.131E-19 1.140E-19 1.204E-19 1.332E-19
 1.375E-19 1.236E-19 1.184E-19 1.194E-19 1.202E-19 1.245E-19 1.210E-19 1.175E-19 1.204E-19 1.239E-19
 1.288E-19 1.294E-19 1.327E-19 1.282E-19 1.232E-19 1.194E-19 1.211E-19 1.294E-19 1.314E-19 1.381E-19
 1.418E-19 1.345E-19 1.285E-19 1.242E-19 1.248E-19 1.221E-19 1.190E-19 1.177E-19 1.224E-19 1.254E-19
 1.322E-19 1.252E-19 1.186E-19 1.272E-19 1.263E-19 1.298E-19 1.355E-19 1.396E-19 1.309E-19 1.264E-19
 1.335E-19 1.298E-19 1.213E-19 1.271E-19 1.375E-19 1.439E-19 1.385E-19 1.359E-19 1.395E-19 1.395E-19
 1.319E-19 1.310E-19 1.359E-19 1.447E-19 1.475E-19 1.482E-19 1.479E-19 1.486E-19 1.466E-19 1.382E-19
 1.365E-19 1.402E-19 1.471E-19 1.542E-19 1.539E-19 1.532E-19 1.472E-19 1.354E-19 1.361E-19 1.409E-19
 1.375E-19 1.483E-19 1.608E-19 1.591E-19 1.516E-19 1.429E-19 1.282E-19 1.283E-19 1.319E-19 1.239E-19
 1.215E-19 1.291E-19 1.439E-19 1.550E-19 1.571E-19 1.487E-19 1.424E-19 1.385E-19 1.341E-19 1.302E-19
 1.387E-19 1.472E-19 1.576E-19 1.582E-19 1.515E-19 1.440E-19 1.424E-19 1.415E-19 1.455E-19 1.432E-19
 1.398E-19 1.544E-19 1.626E-19 1.473E-19 1.345E-19 1.278E-19 1.303E-19 1.361E-19 1.438E-19 1.575E-19
 1.636E-19 1.573E-19 1.558E-19 1.475E-19 1.408E-19 1.356E-19 1.379E-19 1.541E-19 1.551E-19 1.475E-19
 1.407E-19 1.442E-19 1.420E-19 1.348E-19 1.440E-19 1.504E-19 1.534E-19 1.589E-19 1.667E-19 1.785E-19
 1.806E-19 1.715E-19 1.631E-19 1.648E-19 1.640E-19 1.645E-19 1.684E-19 1.754E-19 1.856E-19 1.944E-19
 1.869E-19 1.733E-19 1.748E-19 1.729E-19 1.714E-19 1.743E-19 1.796E-19 1.870E-19 1.866E-19 1.809E-19
 1.761E-19 1.731E-19 1.635E-19 1.602E-19 1.623E-19 1.745E-19 1.725E-19 1.637E-19 1.721E-19 1.799E-19
 1.805E-19 1.776E-19 1.860E-19 1.974E-19 2.025E-19 2.116E-19 2.185E-19 2.224E-19 2.195E-19 2.009E-19
 1.830E-19 1.844E-19 1.892E-19 1.906E-19 1.912E-19 2.037E-19 2.232E-19 2.202E-19 2.062E-19 2.060E-19
 2.065E-19 2.031E-19 1.997E-19 1.992E-19 2.021E-19 1.973E-19 1.885E-19 1.792E-19 1.760E-19 1.776E-19
 1.775E-19 1.878E-19 2.033E-19 2.069E-19 1.970E-19 1.954E-19 1.963E-19 1.948E-19 1.903E-19 1.835E-19
 1.904E-19 1.952E-19 1.952E-19 1.981E-19 1.964E-19 1.868E-19 1.876E-19 1.884E-19 1.949E-19 2.001E-19
 2.073E-19 2.084E-19 2.058E-19 2.134E-19 2.159E-19 2.072E-19 1.878E-19 1.919E-19 2.066E-19 2.195E-19
 2.275E-19 2.254E-19 2.244E-19 2.242E-19 2.165E-19 2.079E-19 2.091E-19 2.165E-19 2.191E-19 2.267E-19
 2.266E-19 2.230E-19 2.172E-19 2.073E-19 2.167E-19 2.317E-19 2.299E-19 2.238E-19 2.273E-19 2.338E-19
 2.433E-19 2.561E-19 2.583E-19 2.477E-19 2.396E-19 2.443E-19 2.548E-19 2.479E-19 2.413E-19 2.506E-19
 2.523E-19 2.399E-19 2.355E-19 2.445E-19 2.472E-19 2.433E-19 2.556E-19 2.580E-19 2.614E-19 2.698E-19
 2.659E-19 2.663E-19 2.627E-19 2.552E-19 2.587E-19 2.556E-19 2.567E-19 2.520E-19 2.458E-19 2.519E-19
 2.468E-19 2.503E-19 2.624E-19 2.609E-19 2.595E-19 2.756E-19 2.820E-19 2.787E-19 2.885E-19 2.826E-19
 2.765E-19 2.780E-19 2.782E-19 2.788E-19 2.846E-19 2.890E-19 2.907E-19 2.942E-19 2.927E-19 2.880E-19
 2.851E-19 2.842E-19 2.832E-19 2.920E-19 2.960E-19 2.878E-19 2.855E-19 2.920E-19 2.974E-19 2.920E-19
 2.853E-19 2.912E-19 3.010E-19 2.990E-19 2.964E-19 3.025E-19 2.992E-19 2.876E-19 2.913E-19 2.986E-19
 3.054E-19 3.115E-19 3.101E-19 3.111E-19 3.076E-19 3.136E-19 3.138E-19 3.137E-19 3.101E-19 3.105E-19
 3.181E-19 3.154E-19 3.118E-19 3.140E-19 3.041E-19 3.070E-19 3.086E-19 3.046E-19 3.151E-19 3.230E-19
 3.228E-19 3.234E-19 3.238E-19 3.270E-19 3.342E-19 3.332E-19 3.373E-19 3.482E-19 3.520E-19 3.509E-19
 3.445E-19 3.549E-19 3.627E-19 3.461E-19 3.425E-19 3.439E-19 3.417E-19 3.440E-19 3.459E-19 3.463E-19
 3.437E-19 3.333E-19 3.298E-19 3.330E-19 3.369E-19 3.411E-19 3.516E-19 3.578E-19 3.678E-19 3.732E-19
 3.684E-19 3.644E-19 3.608E-19 3.596E-19 3.698E-19 3.812E-19 3.822E-19 3.883E-19 3.934E-19 3.992E-19
 3.982E-19 3.832E-19 3.806E-19 3.870E-19 3.804E-19 3.693E-19 3.729E-19 3.808E-19 3.933E-19 3.950E-19
 3.874E-19 3.860E-19 3.939E-19 3.990E-19 3.994E-19 4.107E-19 4.199E-19 4.234E-19 4.252E-19 4.221E-19
 4.133E-19 4.064E-19 4.142E-19 4.173E-19 4.136E-19 4.234E-19 4.290E-19 4.352E-19 4.391E-19 4.357E-19
 4.351E-19 4.339E-19 4.302E-19 4.304E-19 4.408E-19 4.443E-19 4.447E-19 4.472E-19 4.512E-19 4.494E-19
 4.505E-19 4.516E-19 4.533E-19 4.738E-19 4.913E-19 4.969E-19 4.902E-19 4.806E-19 4.758E-19 4.793E-19
 4.800E-19 4.900E-19 4.974E-19 4.889E-19 4.885E-19 4.987E-19 5.069E-19 5.071E-19 4.888E-19 4.850E-19
 5.005E-19 5.059E-19 5.077E-19 5.173E-19 5.213E-19 5.170E-19 5.194E-19 5.078E-19 5.072E-19 5.154E-19
 5.147E-19 5.204E-19 5.271E-19 5.330E-19 5.336E-19 5.265E-19 5.233E-19 5.309E-19 5.393E-19 5.504E-19
 5.531E-19 5.492E-19 5.385E-19 5.365E-19 5.484E-19 5.437E-19 5.317E-19 5.350E-19 5.446E-19 5.502E-19
 5.616E-19 5.721E-19 5.771E-19 5.635E-19 5.556E-19 5.627E-19 5.616E-19 5.706E-19 5.906E-19 5.973E-19
 5.930E-19 5.857E-19 5.792E-19 5.681E-19 5.766E-19 5.784E-19 5.793E-19 5.868E-19 5.902E-19 6.123E-19
 6.134E-19 6.039E-19 6.133E-19 6.225E-19 6.247E-19 6.239E-19 6.259E-19 6.293E-19 6.310E-19 6.301E-19
 6.335E-19 6.456E-19 6.469E-19 6.350E-19 6.302E-19 6.289E-19 6.224E-19 6.330E-19 6.554E-19 6.708E-19
 6.636E-19 6.583E-19 6.729E-19 6.787E-19 6.822E-19 6.862E-19 6.769E-19 6.758E-19 6.852E-19 6.852E-19
 6.779E-19 6.793E-19 6.722E-19 6.697E-19 6.747E-19 6.745E-19 6.879E-19 6.989E-19 7.141E-19 7.058E-19
 6.794E-19 6.719E-19 6.834E-19 6.981E-19 7.063E-19 7.142E-19 7.172E-19 7.226E-19 7.256E-19 7.254E-19
 7.196E-19 7.125E-19 7.150E-19 7.283E-19 7.494E-19 7.574E-19 7.459E-19 7.283E-19 7.292E-19 7.473E-19
 7.445E-19 7.493E-19 7.582E-19 7.631E-19 7.686E-19 7.735E-19 7.798E-19 7.682E-19 7.449E-19 7.581E-19
 7.766E-19 7.698E-19 7.680E-19 7.800E-19 7.754E-19 7.596E-19 7.665E-19 7.736E-19 7.778E-19 7.827E-19
 7.777E-19 7.859E-19 7.908E-19 7.833E-19 7.954E-19 7.884E-19 7.704E-19 7.723E-19 7.765E-19 8.005E-19
 8.125E-19 7.935E-19 8.088E-19 8.229E-19 8.202E-19 8.217E-19 8.212E-19 8.171E-19 8.122E-19 8.334E-19
 8.580E-19 8.684E-19 8.677E-19 8.561E-19 8.424E-19 8.422E-19 8.496E-19 8.503E-19 8.687E-19 8.811E-19
 8.721E-19 8.561E-19 8.580E-19 8.686E-19 8.782E-19 8.630E-19 8.575E-19 8.730E-19 8.817E-19 9.041E-19
 9.005E-19 8.786E-19 8.726E-19 8.715E-19 8.801E-19 8.872E-19 8.908E-19 8.867E-19 8.826E-19 8.907E-19
 8.961E-19 8.974E-19 9.039E-19 8.964E-19 8.999E-19 9.192E-19 9.130E-19 8.950E-19 8.848E-19 8.832E-19
 9.017E-19 9.153E-19 9.187E-19 9.148E-19 9.156E-19 9.325E-19 9.342E-19 9.402E-19 9.327E-19 9.232E-19
 9.270E-19 9.366E-19 9.394E-19 9.484E-19 9.505E-19 9.428E-19 9.531E-19 9.648E-19 9.544E-19 9.384E-19
 9.334E-19 9.457E-19 9.601E-19 9.577E-19 9.487E-19 9.688E-19 9.811E-19 9.816E-19 9.854E-19 9.877E-19
 9.770E-19 9.747E-19 9.831E-19 9.901E-19 9.911E-19 9.899E-19 9.883E-19 9.854E-19 9.675E-19 9.589E-19
 9.801E-19 9.867E-19 9.927E-19 9.904E-19 9.777E-19 9.795E-19 9.860E-19 9.917E-19 1.014E-18 1.007E-18
 1.005E-18 1.018E-18 1.016E-18 1.018E-18 1.012E-18 9.862E-19 9.886E-19 1.013E-18 1.026E-18 1.029E-18
 1.037E-18 1.033E-18 1.027E-18 1.037E-18 1.052E-18 1.056E-18 1.047E-18 1.048E-18 1.058E-18 1.070E-18
 1.066E-18 1.045E-18 1.046E-18 1.058E-18 1.059E-18 1.043E-18 1.040E-18 1.052E-18 1.067E-18 1.073E-18
 1.079E-18 1.077E-18 1.067E-18 1.055E-18 1.053E-18 1.070E-18 1.090E-18 1.085E-18 1.067E-18 1.062E-18
 1.070E-18 1.083E-18 1.077E-18 1.075E-18 1.077E-18 1.097E-18 1.102E-18 1.096E-18 1.108E-18 1.108E-18
 1.104E-18 1.111E-18 1.112E-18 1.099E-18 1.088E-18 1.074E-18 1.078E-18 1.089E-18 1.100E-18 1.111E-18
 1.101E-18 1.082E-18 1.070E-18 1.083E-18 1.096E-18 1.095E-18 1.095E-18 1.094E-18 1.095E-18 1.110E-18
 1.113E-18 1.096E-18 1.085E-18 1.103E-18 1.127E-18 1.141E-18 1.127E-18 1.111E-18 1.119E-18 1.135E-18
 1.139E-18 1.126E-18 1.111E-18 1.111E-18 1.124E-18 1.147E-18 1.170E-18 1.151E-18 1.121E-18 1.122E-18
 1.137E-18 1.144E-18 1.141E-18 1.143E-18 1.137E-18 1.127E-18 1.146E-18 1.164E-18 1.152E-18 1.129E-18
 1.131E-18 1.148E-18 1.155E-18 1.155E-18 1.151E-18 1.151E-18 1.151E-18 1.142E-18 1.123E-18 1.117E-18
 1.123E-18 1.139E-18 1.150E-18 1.140E-18 1.134E-18 1.165E-18 1.180E-18 1.163E-18 1.156E-18 1.166E-18
 1.184E-18 1.180E-18 1.152E-18 1.144E-18 1.156E-18 1.168E-18 1.190E-18 1.201E-18 1.202E-18 1.219E-18
 1.248E-18 1.265E-18 1.265E-18 1.251E-18 1.239E-18 1.236E-18 1.227E-18 1.212E-18 1.207E-18 1.221E-18
 1.207E-18 1.186E-18 1.177E-18 1.152E-18 1.132E-18 1.139E-18 1.150E-18 1.156E-18 1.174E-18 1.177E-18
 1.170E-18 1.175E-18 1.187E-18 1.201E-18 1.200E-18 1.198E-18 1.220E-18 1.241E-18 1.230E-18 1.229E-18
 1.232E-18 1.222E-18 1.220E-18 1.222E-18 1.242E-18 1.264E-18 1.275E-18 1.275E-18 1.281E-18 1.277E-18
 1.266E-18 1.250E-18 1.212E-18 1.183E-18 1.217E-18 1.258E-18 1.275E-18 1.294E-18 1.306E-18 1.281E-18
 1.240E-18 1.189E-18 1.154E-18 1.149E-18 1.135E-18 1.142E-18 1.162E-18 1.140E-18 1.141E-18 1.175E-18
 1.157E-18 1.137E-18 1.141E-18 1.153E-18 1.168E-18 1.164E-18 1.165E-18 1.198E-18 1.219E-18 1.221E-18
 1.194E-18 1.160E-18 1.141E-18 1.134E-18 1.147E-18 1.167E-18 1.174E-18 1.173E-18 1.160E-18 1.165E-18
 1.213E-18 1.249E-18 1.257E-18 1.270E-18 1.305E-18 1.314E-18 1.249E-18 1.188E-18 1.176E-18 1.176E-18
 1.174E-18 1.168E-18 1.169E-18 1.173E-18 1.167E-18 1.165E-18 1.190E-18 1.200E-18 1.191E-18 1.202E-18
 1.235E-18 1.251E-18 1.262E-18 1.272E-18 1.266E-18 1.262E-18 1.269E-18 1.301E-18 1.323E-18 1.328E-18
 1.320E-18 1.334E-18 1.361E-18 1.386E-18 1.426E-18 1.480E-18 1.536E-18 1.691E-18 1.765E-18 1.768E-18
 1.672E-18 1.506E-18 1.537E-18 1.680E-18 1.657E-18 1.443E-18 1.355E-18 1.282E-18 1.262E-18 1.258E-18
 1.237E-18 1.226E-18 1.229E-18 1.210E-18 1.175E-18 1.161E-18 1.187E-18 1.228E-18 1.253E-18 1.265E-18
 1.287E-18 1.318E-18 1.355E-18 1.386E-18 1.398E-18 1.417E-18 1.411E-18 1.384E-18 1.360E-18 1.304E-18
 1.249E-18 1.222E-18 1.229E-18 1.257E-18 1.262E-18 1.278E-18 1.315E-18 1.349E-18 1.387E-18 1.434E-18
 1.512E-18 1.726E-18 1.823E-18 1.817E-18 1.700E-18 1.492E-18 1.434E-18 1.385E-18 1.335E-18 1.279E-18
 1.231E-18 1.197E-18 1.162E-18 1.094E-18 1.050E-18 1.051E-18 1.058E-18 1.067E-18 1.069E-18 1.065E-18
 1.072E-18 1.085E-18 1.082E-18 1.089E-18 1.098E-18 1.085E-18 1.070E-18 1.088E-18 1.118E-18 1.131E-18
 1.129E-18 1.129E-18 1.125E-18 1.103E-18 1.072E-18 1.041E-18 1.018E-18 9.921E-19 9.799E-19 9.963E-19
 1.011E-18 1.023E-18 1.047E-18 1.069E-18 1.108E-18 1.158E-18 1.198E-18 1.217E-18 1.232E-18 1.260E-18
 1.305E-18 1.344E-18 1.367E-18 1.412E-18 1.475E-18 1.521E-18 1.512E-18 1.465E-18 1.439E-18 1.448E-18
 1.539E-18 1.615E-18 1.626E-18 1.610E-18 1.592E-18 1.581E-18 1.536E-18 1.544E-18 1.586E-18 1.618E-18
 1.920E-18 1.965E-18 1.989E-18 2.062E-18 2.163E-18 2.263E-18 2.369E-18 2.542E-18 2.787E-18 3.007E-18
 3.200E-18 3.150E-18 2.889E-18 2.604E-18 2.270E-18 2.011E-18 1.820E-18 1.691E-18 1.700E-18 1.752E-18
 1.683E-18 1.530E-18 1.375E-18 1.216E-18 1.112E-18 1.063E-18 1.063E-18 1.061E-18 1.043E-18 1.043E-18
 1.056E-18 1.084E-18 1.121E-18 1.141E-18 1.173E-18 1.214E-18 1.221E-18 1.205E-18 1.201E-18 1.246E-18
 1.305E-18 1.352E-18 1.391E-18 1.416E-18 1.451E-18 1.459E-18 1.384E-18 1.275E-18 1.193E-18 1.137E-18
 1.097E-18 1.086E-18 1.112E-18 1.149E-18 1.162E-18 1.184E-18 1.228E-18 1.286E-18 1.334E-18 1.354E-18
 1.386E-18 1.432E-18 1.516E-18 1.633E-18 1.676E-18 1.716E-18 1.730E-18 1.723E-18 1.710E-18 1.581E-18
 1.399E-18 1.172E-18 1.030E-18 9.769E-19 9.533E-19 9.463E-19 9.477E-19 9.495E-19 9.399E-19 9.274E-19
 9.097E-19 9.040E-19 9.088E-19 9.210E-19 9.243E-19 9.249E-19 9.294E-19 9.393E-19 9.550E-19 9.509E-19
 9.485E-19 9.723E-19 9.725E-19 9.274E-19 8.937E-19 8.745E-19 8.690E-19 8.779E-19 8.809E-19 8.805E-19
 8.753E-19 8.869E-19 8.953E-19 9.019E-19 9.233E-19 9.364E-19 9.439E-19 9.602E-19 9.946E-19 1.031E-18
 1.046E-18 1.076E-18 1.116E-18 1.152E-18 1.186E-18 1.213E-18 1.234E-18 1.276E-18 1.345E-18 1.393E-18
 1.439E-18 1.505E-18 1.585E-18 1.638E-18 1.650E-18 1.711E-18 1.955E-18 2.033E-18 2.095E-18 2.095E-18
 2.068E-18 2.099E-18 2.075E-18 1.972E-18 1.953E-18 2.018E-18 2.116E-18 2.179E-18 2.240E-18 2.348E-18
 2.455E-18 2.578E-18 2.676E-18 2.724E-18 2.845E-18 2.991E-18 3.114E-18 3.450E-18 3.515E-18 3.558E-18
 3.459E-18 3.308E-18 3.300E-18 3.162E-18 2.986E-18 2.410E-18 1.721E-18 1.410E-18 1.283E-18 1.217E-18
 1.177E-18 1.111E-18 1.058E-18 1.071E-18 1.077E-18 1.053E-18 1.016E-18 1.024E-18 1.048E-18 1.045E-18
 1.005E-18 9.851E-19 1.001E-18 1.017E-18 1.014E-18 9.831E-19 9.755E-19 9.812E-19 9.794E-19 9.656E-19
 9.382E-19 9.524E-19 9.698E-19 9.767E-19 9.891E-19 9.927E-19 9.851E-19 9.794E-19 9.946E-19 9.946E-19
 9.999E-19 1.004E-18 1.007E-18 1.026E-18 1.029E-18 1.024E-18 1.039E-18 1.060E-18 1.051E-18 1.049E-18
 1.047E-18 1.053E-18 1.063E-18 1.051E-18 1.045E-18 1.052E-18 1.087E-18 1.090E-18 1.064E-18 1.069E-18
 1.073E-18 1.069E-18 1.043E-18 1.066E-18 1.079E-18 1.080E-18 1.068E-18 1.039E-18 1.050E-18 1.087E-18
 1.108E-18 1.094E-18 1.089E-18 1.103E-18 1.099E-18 1.090E-18 1.057E-18 1.050E-18 1.077E-18 1.093E-18
 1.078E-18 1.067E-18 1.080E-18 1.104E-18 1.106E-18 1.080E-18 1.080E-18 1.090E-18 1.108E-18 1.086E-18
 1.079E-18 1.091E-18 1.118E-18 1.118E-18 1.108E-18 1.099E-18 1.098E-18 1.111E-18 1.115E-18 1.114E-18
 1.119E-18 1.128E-18 1.129E-18 1.113E-18 1.112E-18 1.134E-18 1.150E-18 1.141E-18 1.129E-18 1.118E-18
 1.117E-18 1.113E-18 1.112E-18 1.110E-18 1.116E-18 1.123E-18 1.116E-18 1.126E-18 1.142E-18 1.143E-18
 1.122E-18 1.114E-18 1.149E-18 1.160E-18 1.126E-18 1.101E-18 1.136E-18 1.177E-18 1.170E-18 1.108E-18
 1.083E-18 1.127E-18 1.146E-18 1.115E-18 1.094E-18 1.140E-18 1.190E-18 1.182E-18 1.135E-18 1.130E-18
 1.173E-18 1.183E-18 1.160E-18 1.150E-18 1.148E-18 1.173E-18 1.164E-18 1.134E-18 1.129E-18 1.153E-18
 1.179E-18 1.166E-18 1.149E-18 1.151E-18 1.174E-18 1.166E-18 1.143E-18 1.160E-18 1.180E-18 1.175E-18
 1.160E-18 1.146E-18 1.137E-18 1.159E-18 1.173E-18 1.162E-18 1.157E-18 1.167E-18 1.149E-18 1.150E-18
 1.159E-18 1.147E-18 1.141E-18 1.135E-18 1.162E-18 1.170E-18 1.156E-18 1.133E-18 1.131E-18 1.158E-18
 1.161E-18 1.138E-18 1.129E-18 1.165E-18 1.191E-18 1.178E-18 1.149E-18 1.146E-18 1.186E-18 1.177E-18
 1.144E-18 1.133E-18 1.165E-18 1.169E-18 1.129E-18 1.107E-18 1.126E-18 1.164E-18 1.151E-18 1.122E-18
 1.127E-18 1.165E-18 1.171E-18 1.138E-18 1.130E-18 1.152E-18 1.167E-18 1.136E-18 1.119E-18 1.138E-18
 1.146E-18 1.140E-18 1.123E-18 1.115E-18 1.109E-18 1.114E-18 1.131E-18 1.120E-18 1.110E-18 1.095E-18
 1.104E-18 1.109E-18 1.090E-18 1.069E-18 1.082E-18 1.117E-18 1.096E-18 1.075E-18 1.093E-18 1.137E-18
 1.131E-18 1.083E-18 1.059E-18 1.090E-18 1.116E-18 1.071E-18 1.047E-18 1.072E-18 1.115E-18 1.097E-18
 1.052E-18 1.054E-18 1.072E-18 1.084E-18 1.048E-18 1.028E-18 1.048E-18 1.076E-18 1.059E-18 1.020E-18
 1.015E-18 1.035E-18 1.047E-18 1.014E-18 9.905E-19 1.017E-18 1.041E-18 1.016E-18 9.922E-19 1.020E-18
 1.038E-18 1.008E-18 9.721E-19 9.723E-19 1.004E-18 1.017E-18 9.994E-19 9.825E-19 9.903E-19 9.941E-19
 9.810E-19 9.564E-19 9.511E-19 9.522E-19 9.575E-19 9.452E-19 9.296E-19 9.446E-19 9.599E-19 9.587E-19
 9.570E-19 9.385E-19 9.355E-19 9.491E-19 9.373E-19 9.278E-19 9.282E-19 9.450E-19 9.476E-19 9.105E-19
 8.966E-19 9.244E-19 9.385E-19 9.060E-19 8.838E-19 9.006E-19 9.370E-19 9.102E-19 8.577E-19 8.672E-19
 8.952E-19 8.943E-19 8.696E-19 8.629E-19 8.729E-19 8.863E-19 8.626E-19 8.325E-19 8.442E-19 8.614E-19
 8.562E-19 8.414E-19 8.344E-19 8.409E-19 8.451E-19 8.135E-19 7.911E-19 7.983E-19 8.175E-19 8.110E-19
 7.993E-19 7.992E-19 8.078E-19 8.053E-19 7.671E-19 7.504E-19 7.583E-19 7.734E-19 7.510E-19 7.328E-19
 7.495E-19 7.770E-19 7.689E-19 7.431E-19 7.405E-19 7.536E-19 7.494E-19 7.284E-19 7.316E-19 7.644E-19
 7.613E-19 7.215E-19 6.955E-19 6.986E-19 7.087E-19 6.835E-19 6.847E-19 7.128E-19 7.176E-19 6.967E-19
 6.736E-19 6.676E-19 6.639E-19 6.563E-19 6.366E-19 6.436E-19 6.787E-19 6.887E-19 6.650E-19 6.468E-19
 6.599E-19 6.739E-19 6.515E-19 6.305E-19 6.291E-19 6.419E-19 6.347E-19 6.150E-19 6.095E-19 6.132E-19
 6.098E-19 5.850E-19 5.692E-19 5.848E-19 5.972E-19 5.793E-19 5.684E-19 5.801E-19 5.904E-19 5.677E-19
 5.456E-19 5.461E-19 5.589E-19 5.442E-19 5.325E-19 5.410E-19 5.509E-19 5.345E-19 5.085E-19 5.031E-19
 5.189E-19 5.102E-19 4.879E-19 4.950E-19 5.214E-19 5.216E-19 5.004E-19 4.980E-19 5.094E-19 5.112E-19
 4.853E-19 4.779E-19 4.906E-19 4.846E-19 4.656E-19 4.542E-19 4.618E-19 4.617E-19 4.417E-19 4.234E-19
 4.210E-19 4.413E-19 4.438E-19 4.362E-19 4.436E-19 4.534E-19 4.434E-19 4.221E-19 4.149E-19 4.282E-19
 4.261E-19 4.162E-19 4.159E-19 4.166E-19 4.100E-19 3.891E-19 3.844E-19 3.908E-19 3.931E-19 3.905E-19
 3.896E-19 3.849E-19 3.782E-19 3.695E-19 3.559E-19 3.620E-19 3.623E-19 3.506E-19 3.576E-19 3.661E-19
 3.607E-19 3.491E-19 3.450E-19 3.484E-19 3.341E-19 3.169E-19 3.161E-19 3.257E-19 3.271E-19 3.134E-19
 3.050E-19 3.100E-19 3.150E-19 3.017E-19 2.948E-19 3.002E-19 2.980E-19 2.934E-19 2.943E-19 2.917E-19
 2.945E-19 2.847E-19 2.723E-19 2.787E-19 2.741E-19 2.643E-19 2.525E-19 2.577E-19 2.622E-19 2.595E-19
 2.530E-19 2.414E-19 2.359E-19 2.377E-19 2.418E-19 2.398E-19 2.304E-19 2.271E-19 2.246E-19 2.295E-19
 2.264E-19 2.195E-19 2.155E-19 2.103E-19 2.062E-19 2.127E-19 2.129E-19 2.119E-19 2.141E-19 2.066E-19
 2.030E-19 2.077E-19 2.046E-19 1.948E-19 1.945E-19 2.006E-19 2.068E-19 1.979E-19 1.920E-19 1.839E-19
 1.793E-19 1.788E-19 1.831E-19 1.842E-19 1.842E-19 1.845E-19 1.802E-19 1.614E-19 1.566E-19 1.635E-19
 1.636E-19 1.548E-19 1.578E-19 1.694E-19 1.726E-19 1.677E-19 1.552E-19 1.498E-19 1.504E-19 1.439E-19
 1.384E-19 1.383E-19 1.422E-19 1.459E-19 1.443E-19 1.444E-19 1.411E-19 1.370E-19 1.399E-19 1.410E-19
 1.340E-19 1.345E-19 1.390E-19 1.394E-19 1.293E-19 1.221E-19 1.285E-19 1.331E-19 1.298E-19 1.259E-19
 1.303E-19 1.338E-19 1.229E-19 1.129E-19 1.185E-19 1.123E-19 9.824E-20 9.128E-20 9.344E-20 9.988E-20
 1.055E-19 1.094E-19 1.049E-19 1.010E-19 9.567E-20 8.540E-20 8.506E-20 9.348E-20 9.680E-20 9.992E-20
 1.023E-19 9.646E-20 9.348E-20 9.437E-20 9.147E-20 8.947E-20 8.753E-20 9.034E-20 9.358E-20 9.725E-20
 9.478E-20 9.095E-20 9.156E-20 8.851E-20 8.408E-20 8.525E-20 9.175E-20 9.514E-20 9.796E-20 9.696E-20
 9.272E-20 9.648E-20 9.704E-20 9.146E-20 8.782E-20 9.255E-20 9.493E-20 9.509E-20 9.793E-20 9.830E-20
 9.584E-20 8.413E-20 7.720E-20 8.401E-20 8.931E-20 9.071E-20 9.757E-20 1.158E-19 1.128E-19 1.004E-19
 9.687E-20 8.762E-20 7.975E-20 7.622E-20 7.347E-20 7.377E-20 7.301E-20 6.893E-20 6.686E-20 6.697E-20
 6.365E-20 6.525E-20 7.445E-20 7.019E-20 6.315E-20 6.536E-20 7.150E-20 6.794E-20 6.884E-20 7.792E-20
 7.324E-20 6.453E-20 6.095E-20 6.685E-20 7.296E-20 7.535E-20 7.880E-20 7.663E-20 6.323E-20 5.012E-20
 5.365E-20 6.190E-20 6.058E-20 5.781E-20 0.000E+00 0.000E+00 0.000E+00 0.000E+00 0.000E+00 0.000E+00
