   C2Cl2F4  870.0070  959.9930      6067  233.0000    0.0000 1.243E-18  NCAR    CFC-114
 6.118E-20 5.768E-20 5.714E-20 5.400E-20 4.508E-20 4.029E-20 4.404E-20 5.630E-20 5.472E-20 5.002E-20
 5.477E-20 5.240E-20 4.723E-20 4.587E-20 5.333E-20 5.648E-20 5.647E-20 5.976E-20 6.147E-20 5.940E-20
 6.023E-20 6.113E-20 5.410E-20 5.616E-20 6.244E-20 5.880E-20 5.829E-20 5.372E-20 4.542E-20 4.567E-20
 4.212E-20 4.053E-20 4.610E-20 5.097E-20 4.752E-20 5.166E-20 5.928E-20 5.261E-20 5.472E-20 5.823E-20
 5.276E-20 4.364E-20 4.980E-20 5.834E-20 6.085E-20 6.622E-20 6.323E-20 6.299E-20 6.236E-20 6.431E-20
 7.026E-20 6.821E-20 7.458E-20 8.070E-20 7.252E-20 7.057E-20 6.070E-20 5.411E-20 6.479E-20 6.737E-20
 6.064E-20 6.445E-20 7.247E-20 7.500E-20 7.567E-20 7.894E-20 7.942E-20 7.912E-20 7.678E-20 6.571E-20
 6.295E-20 7.476E-20 7.666E-20 7.056E-20 6.705E-20 6.364E-20 6.035E-20 5.267E-20 5.530E-20 6.442E-20
 6.829E-20 6.847E-20 6.502E-20 5.772E-20 5.968E-20 6.093E-20 5.938E-20 5.618E-20 5.467E-20 6.604E-20
 7.488E-20 6.664E-20 6.499E-20 6.629E-20 5.914E-20 5.723E-20 6.140E-20 6.055E-20 6.440E-20 6.820E-20
 6.742E-20 7.401E-20 8.298E-20 8.251E-20 7.272E-20 6.950E-20 6.150E-20 6.872E-20 7.864E-20 7.845E-20
 7.404E-20 7.811E-20 8.232E-20 7.995E-20 6.707E-20 6.088E-20 7.080E-20 8.763E-20 9.540E-20 8.721E-20
 7.790E-20 7.540E-20 6.951E-20 6.120E-20 5.769E-20 5.974E-20 6.680E-20 7.367E-20 8.040E-20 8.130E-20
 7.996E-20 7.410E-20 8.317E-20 9.241E-20 8.612E-20 8.839E-20 9.213E-20 8.833E-20 9.241E-20 8.557E-20
 7.578E-20 7.727E-20 8.578E-20 8.041E-20 7.062E-20 7.608E-20 7.963E-20 7.709E-20 7.646E-20 7.155E-20
 6.714E-20 7.012E-20 7.767E-20 8.041E-20 7.703E-20 6.996E-20 6.685E-20 7.380E-20 7.757E-20 7.920E-20
 8.457E-20 8.345E-20 8.228E-20 8.570E-20 9.150E-20 1.006E-19 1.010E-19 8.999E-20 8.266E-20 8.202E-20
 8.330E-20 8.055E-20 7.850E-20 8.690E-20 9.703E-20 9.164E-20 8.091E-20 7.616E-20 7.565E-20 7.878E-20
 7.815E-20 7.620E-20 7.799E-20 8.329E-20 8.796E-20 8.723E-20 8.035E-20 7.841E-20 7.559E-20 7.599E-20
 8.845E-20 9.369E-20 8.762E-20 9.093E-20 8.826E-20 7.576E-20 7.322E-20 7.427E-20 7.982E-20 8.262E-20
 8.303E-20 9.156E-20 9.121E-20 9.214E-20 9.179E-20 8.153E-20 7.168E-20 7.094E-20 8.255E-20 8.818E-20
 8.583E-20 9.096E-20 8.836E-20 8.314E-20 8.274E-20 8.689E-20 8.993E-20 8.892E-20 9.218E-20 9.884E-20
 1.074E-19 1.023E-19 8.895E-20 8.995E-20 9.874E-20 1.024E-19 9.997E-20 1.022E-19 1.081E-19 1.067E-19
 1.015E-19 9.549E-20 9.151E-20 9.097E-20 9.384E-20 9.640E-20 9.529E-20 9.280E-20 1.056E-19 1.097E-19
 9.574E-20 9.245E-20 9.146E-20 9.321E-20 9.326E-20 9.424E-20 9.882E-20 9.383E-20 9.304E-20 9.459E-20
 8.513E-20 7.372E-20 7.570E-20 8.380E-20 8.118E-20 7.297E-20 7.314E-20 8.306E-20 8.411E-20 7.655E-20
 7.537E-20 8.286E-20 8.987E-20 9.377E-20 1.005E-19 9.825E-20 9.811E-20 9.963E-20 9.241E-20 8.951E-20
 9.339E-20 8.947E-20 9.249E-20 1.032E-19 1.054E-19 1.088E-19 1.107E-19 1.076E-19 1.056E-19 9.926E-20
 8.980E-20 8.872E-20 9.050E-20 9.459E-20 9.651E-20 9.735E-20 1.013E-19 1.017E-19 9.647E-20 9.111E-20
 9.039E-20 9.880E-20 1.046E-19 1.015E-19 1.062E-19 1.054E-19 8.694E-20 7.972E-20 8.844E-20 9.387E-20
 8.942E-20 8.596E-20 9.535E-20 1.034E-19 9.933E-20 9.324E-20 9.286E-20 8.991E-20 9.320E-20 1.040E-19
 1.040E-19 1.032E-19 1.099E-19 1.117E-19 1.079E-19 1.072E-19 1.056E-19 9.623E-20 9.504E-20 1.004E-19
 1.102E-19 1.057E-19 9.086E-20 8.252E-20 8.373E-20 8.646E-20 9.222E-20 1.003E-19 1.036E-19 1.080E-19
 1.140E-19 1.184E-19 1.120E-19 1.036E-19 9.275E-20 9.018E-20 9.071E-20 9.068E-20 1.018E-19 1.077E-19
 1.053E-19 1.039E-19 1.014E-19 1.030E-19 9.793E-20 9.659E-20 1.037E-19 1.112E-19 1.197E-19 1.235E-19
 1.226E-19 1.173E-19 1.103E-19 1.118E-19 1.094E-19 9.867E-20 9.333E-20 9.841E-20 1.059E-19 1.016E-19
 1.039E-19 1.057E-19 1.050E-19 1.072E-19 1.132E-19 1.167E-19 1.129E-19 1.166E-19 1.155E-19 1.119E-19
 1.118E-19 1.052E-19 1.008E-19 1.040E-19 1.081E-19 1.145E-19 1.138E-19 1.117E-19 1.140E-19 1.099E-19
 1.042E-19 1.079E-19 1.153E-19 1.212E-19 1.239E-19 1.246E-19 1.160E-19 1.198E-19 1.368E-19 1.294E-19
 1.147E-19 1.154E-19 1.188E-19 1.194E-19 1.148E-19 1.152E-19 1.113E-19 1.035E-19 1.103E-19 1.168E-19
 1.180E-19 1.166E-19 1.151E-19 1.282E-19 1.368E-19 1.361E-19 1.394E-19 1.411E-19 1.416E-19 1.392E-19
 1.341E-19 1.289E-19 1.325E-19 1.366E-19 1.434E-19 1.391E-19 1.343E-19 1.330E-19 1.281E-19 1.247E-19
 1.269E-19 1.303E-19 1.333E-19 1.357E-19 1.347E-19 1.325E-19 1.224E-19 1.253E-19 1.319E-19 1.300E-19
 1.383E-19 1.476E-19 1.436E-19 1.357E-19 1.362E-19 1.362E-19 1.280E-19 1.227E-19 1.259E-19 1.312E-19
 1.344E-19 1.408E-19 1.433E-19 1.360E-19 1.248E-19 1.190E-19 1.260E-19 1.319E-19 1.282E-19 1.274E-19
 1.243E-19 1.189E-19 1.226E-19 1.316E-19 1.342E-19 1.314E-19 1.270E-19 1.295E-19 1.349E-19 1.327E-19
 1.333E-19 1.398E-19 1.377E-19 1.345E-19 1.305E-19 1.297E-19 1.335E-19 1.322E-19 1.380E-19 1.440E-19
 1.421E-19 1.352E-19 1.256E-19 1.189E-19 1.155E-19 1.130E-19 1.157E-19 1.309E-19 1.402E-19 1.324E-19
 1.252E-19 1.269E-19 1.285E-19 1.227E-19 1.257E-19 1.312E-19 1.339E-19 1.350E-19 1.364E-19 1.401E-19
 1.427E-19 1.399E-19 1.385E-19 1.411E-19 1.396E-19 1.339E-19 1.354E-19 1.420E-19 1.402E-19 1.317E-19
 1.278E-19 1.263E-19 1.301E-19 1.360E-19 1.394E-19 1.406E-19 1.339E-19 1.304E-19 1.283E-19 1.236E-19
 1.218E-19 1.202E-19 1.268E-19 1.305E-19 1.311E-19 1.436E-19 1.470E-19 1.311E-19 1.073E-19 1.028E-19
 1.101E-19 1.178E-19 1.230E-19 1.241E-19 1.283E-19 1.286E-19 1.263E-19 1.286E-19 1.180E-19 1.154E-19
 1.201E-19 1.239E-19 1.236E-19 1.287E-19 1.322E-19 1.348E-19 1.346E-19 1.237E-19 1.184E-19 1.234E-19
 1.329E-19 1.393E-19 1.369E-19 1.294E-19 1.372E-19 1.356E-19 1.247E-19 1.234E-19 1.264E-19 1.340E-19
 1.399E-19 1.398E-19 1.367E-19 1.391E-19 1.386E-19 1.335E-19 1.409E-19 1.366E-19 1.286E-19 1.390E-19
 1.393E-19 1.448E-19 1.569E-19 1.434E-19 1.296E-19 1.320E-19 1.379E-19 1.411E-19 1.524E-19 1.540E-19
 1.493E-19 1.493E-19 1.553E-19 1.486E-19 1.388E-19 1.380E-19 1.361E-19 1.384E-19 1.450E-19 1.412E-19
 1.356E-19 1.312E-19 1.277E-19 1.294E-19 1.306E-19 1.354E-19 1.385E-19 1.428E-19 1.498E-19 1.533E-19
 1.513E-19 1.451E-19 1.439E-19 1.489E-19 1.510E-19 1.489E-19 1.571E-19 1.706E-19 1.738E-19 1.678E-19
 1.531E-19 1.542E-19 1.607E-19 1.568E-19 1.543E-19 1.566E-19 1.574E-19 1.609E-19 1.600E-19 1.558E-19
 1.493E-19 1.449E-19 1.431E-19 1.460E-19 1.570E-19 1.581E-19 1.546E-19 1.503E-19 1.487E-19 1.449E-19
 1.441E-19 1.502E-19 1.491E-19 1.541E-19 1.663E-19 1.720E-19 1.666E-19 1.640E-19 1.690E-19 1.682E-19
 1.580E-19 1.516E-19 1.517E-19 1.550E-19 1.601E-19 1.567E-19 1.501E-19 1.426E-19 1.482E-19 1.593E-19
 1.554E-19 1.488E-19 1.550E-19 1.629E-19 1.626E-19 1.758E-19 1.767E-19 1.684E-19 1.709E-19 1.624E-19
 1.585E-19 1.690E-19 1.712E-19 1.755E-19 1.782E-19 1.604E-19 1.462E-19 1.498E-19 1.479E-19 1.549E-19
 1.706E-19 1.779E-19 1.724E-19 1.688E-19 1.727E-19 1.628E-19 1.590E-19 1.637E-19 1.565E-19 1.567E-19
 1.698E-19 1.695E-19 1.663E-19 1.686E-19 1.707E-19 1.778E-19 1.777E-19 1.761E-19 1.781E-19 1.814E-19
 1.887E-19 1.935E-19 1.904E-19 1.878E-19 1.866E-19 1.787E-19 1.783E-19 1.838E-19 1.892E-19 1.845E-19
 1.778E-19 1.748E-19 1.720E-19 1.703E-19 1.754E-19 1.758E-19 1.735E-19 1.836E-19 1.911E-19 1.824E-19
 1.797E-19 1.794E-19 1.723E-19 1.715E-19 1.772E-19 1.782E-19 1.756E-19 1.807E-19 1.875E-19 1.893E-19
 1.903E-19 1.864E-19 1.847E-19 1.855E-19 1.890E-19 1.873E-19 1.935E-19 2.006E-19 2.063E-19 2.102E-19
 1.974E-19 1.893E-19 1.913E-19 1.993E-19 2.006E-19 1.982E-19 1.983E-19 1.956E-19 1.940E-19 1.951E-19
 1.893E-19 1.857E-19 1.937E-19 1.989E-19 2.002E-19 2.110E-19 2.162E-19 2.050E-19 1.969E-19 1.992E-19
 2.007E-19 2.021E-19 1.948E-19 1.898E-19 1.909E-19 1.938E-19 1.966E-19 1.948E-19 1.894E-19 1.897E-19
 1.884E-19 1.853E-19 1.848E-19 1.856E-19 1.813E-19 1.820E-19 1.737E-19 1.652E-19 1.728E-19 1.797E-19
 1.809E-19 1.781E-19 1.858E-19 1.946E-19 1.952E-19 1.909E-19 1.881E-19 1.859E-19 1.816E-19 1.806E-19
 1.867E-19 1.901E-19 1.966E-19 2.001E-19 1.999E-19 1.962E-19 1.898E-19 1.922E-19 1.958E-19 2.005E-19
 2.074E-19 2.011E-19 1.984E-19 2.015E-19 1.983E-19 1.949E-19 1.919E-19 1.901E-19 1.927E-19 2.043E-19
 2.205E-19 2.232E-19 2.165E-19 2.136E-19 2.075E-19 2.006E-19 2.025E-19 2.043E-19 2.099E-19 2.225E-19
 2.237E-19 2.174E-19 2.156E-19 2.179E-19 2.143E-19 2.074E-19 2.017E-19 2.077E-19 2.170E-19 2.227E-19
 2.262E-19 2.198E-19 2.135E-19 2.083E-19 2.104E-19 2.205E-19 2.252E-19 2.163E-19 2.127E-19 2.114E-19
 1.951E-19 1.885E-19 1.902E-19 1.934E-19 2.001E-19 2.020E-19 1.986E-19 2.043E-19 2.087E-19 2.044E-19
 2.048E-19 2.020E-19 1.983E-19 1.953E-19 1.913E-19 1.943E-19 1.973E-19 1.923E-19 1.963E-19 1.988E-19
 2.039E-19 2.061E-19 1.995E-19 1.960E-19 1.982E-19 1.977E-19 1.997E-19 2.091E-19 2.058E-19 2.043E-19
 2.041E-19 2.011E-19 1.979E-19 2.009E-19 2.184E-19 2.421E-19 2.523E-19 2.496E-19 2.407E-19 2.312E-19
 2.198E-19 2.055E-19 2.071E-19 2.167E-19 2.181E-19 2.183E-19 2.124E-19 2.035E-19 2.022E-19 2.073E-19
 2.084E-19 2.049E-19 2.060E-19 2.105E-19 2.096E-19 2.105E-19 2.161E-19 2.111E-19 2.010E-19 2.082E-19
 2.196E-19 2.130E-19 2.135E-19 2.165E-19 2.117E-19 2.108E-19 2.077E-19 2.000E-19 1.957E-19 1.968E-19
 2.012E-19 2.074E-19 2.108E-19 2.088E-19 2.062E-19 1.965E-19 1.945E-19 1.930E-19 1.938E-19 2.007E-19
 2.059E-19 2.049E-19 2.086E-19 2.124E-19 2.082E-19 1.976E-19 1.886E-19 1.919E-19 1.967E-19 1.945E-19
 1.903E-19 2.005E-19 2.084E-19 1.999E-19 1.888E-19 1.848E-19 1.826E-19 1.903E-19 1.954E-19 2.045E-19
 2.194E-19 2.166E-19 2.057E-19 1.983E-19 1.934E-19 1.941E-19 1.928E-19 1.921E-19 1.964E-19 1.984E-19
 1.931E-19 1.930E-19 1.980E-19 1.990E-19 1.973E-19 1.918E-19 1.925E-19 2.015E-19 2.088E-19 2.179E-19
 2.172E-19 2.103E-19 2.119E-19 2.134E-19 2.100E-19 2.048E-19 2.094E-19 2.141E-19 2.103E-19 1.987E-19
 1.937E-19 1.909E-19 1.856E-19 1.878E-19 1.963E-19 1.961E-19 1.933E-19 1.892E-19 1.863E-19 1.863E-19
 1.865E-19 1.915E-19 1.988E-19 2.064E-19 2.062E-19 2.042E-19 2.035E-19 2.021E-19 1.982E-19 1.974E-19
 1.952E-19 1.993E-19 2.037E-19 2.065E-19 2.036E-19 2.072E-19 2.184E-19 2.233E-19 2.072E-19 1.930E-19
 1.977E-19 2.035E-19 2.073E-19 2.154E-19 2.262E-19 2.258E-19 2.148E-19 2.036E-19 1.968E-19 1.904E-19
 1.861E-19 1.981E-19 2.104E-19 2.104E-19 2.109E-19 2.123E-19 2.045E-19 1.958E-19 2.001E-19 1.992E-19
 1.945E-19 1.980E-19 2.070E-19 2.102E-19 2.122E-19 2.111E-19 2.109E-19 2.059E-19 1.979E-19 1.988E-19
 2.038E-19 2.043E-19 2.052E-19 2.178E-19 2.270E-19 2.181E-19 2.074E-19 2.038E-19 1.991E-19 2.022E-19
 2.130E-19 2.097E-19 2.071E-19 1.998E-19 1.950E-19 1.935E-19 1.939E-19 1.972E-19 2.025E-19 2.106E-19
 2.107E-19 2.150E-19 2.179E-19 2.157E-19 2.123E-19 2.038E-19 2.043E-19 2.081E-19 2.109E-19 2.180E-19
 2.217E-19 2.152E-19 2.080E-19 2.042E-19 1.978E-19 1.931E-19 2.018E-19 2.158E-19 2.270E-19 2.383E-19
 2.378E-19 2.392E-19 2.488E-19 2.486E-19 2.446E-19 2.352E-19 2.207E-19 2.122E-19 2.098E-19 2.147E-19
 2.231E-19 2.213E-19 2.144E-19 2.186E-19 2.214E-19 2.208E-19 2.219E-19 2.206E-19 2.205E-19 2.220E-19
 2.223E-19 2.223E-19 2.107E-19 2.086E-19 2.176E-19 2.162E-19 2.158E-19 2.219E-19 2.123E-19 2.097E-19
 2.096E-19 2.047E-19 2.071E-19 2.161E-19 2.233E-19 2.288E-19 2.238E-19 2.172E-19 2.206E-19 2.185E-19
 2.203E-19 2.158E-19 2.082E-19 2.092E-19 2.127E-19 2.128E-19 2.133E-19 2.155E-19 2.147E-19 2.020E-19
 1.946E-19 2.010E-19 1.988E-19 2.041E-19 2.170E-19 2.184E-19 2.139E-19 2.100E-19 2.074E-19 2.089E-19
 2.174E-19 2.178E-19 2.064E-19 2.048E-19 2.143E-19 2.138E-19 2.093E-19 2.076E-19 2.101E-19 2.157E-19
 2.141E-19 2.113E-19 2.117E-19 2.200E-19 2.222E-19 2.215E-19 2.180E-19 2.188E-19 2.395E-19 2.627E-19
 2.741E-19 2.665E-19 2.480E-19 2.327E-19 2.234E-19 2.140E-19 2.067E-19 1.986E-19 1.982E-19 2.081E-19
 2.164E-19 2.186E-19 2.185E-19 2.270E-19 2.276E-19 2.112E-19 2.071E-19 2.091E-19 2.060E-19 2.167E-19
 2.241E-19 2.231E-19 2.260E-19 2.258E-19 2.224E-19 2.263E-19 2.276E-19 2.275E-19 2.326E-19 2.295E-19
 2.303E-19 2.353E-19 2.316E-19 2.194E-19 2.150E-19 2.172E-19 2.261E-19 2.334E-19 2.438E-19 2.565E-19
 2.670E-19 2.765E-19 2.801E-19 2.692E-19 2.499E-19 2.350E-19 2.355E-19 2.419E-19 2.446E-19 2.446E-19
 2.367E-19 2.277E-19 2.239E-19 2.161E-19 2.141E-19 2.296E-19 2.329E-19 2.264E-19 2.364E-19 2.580E-19
 2.618E-19 2.422E-19 2.232E-19 2.183E-19 2.307E-19 2.429E-19 2.447E-19 2.526E-19 2.544E-19 2.354E-19
 2.142E-19 2.121E-19 2.286E-19 2.459E-19 2.593E-19 2.847E-19 3.172E-19 3.380E-19 3.341E-19 3.158E-19
 2.951E-19 2.811E-19 2.761E-19 2.810E-19 2.954E-19 3.092E-19 3.209E-19 3.310E-19 3.547E-19 4.118E-19
 4.789E-19 4.577E-19 3.565E-19 2.963E-19 2.756E-19 2.564E-19 2.364E-19 2.267E-19 2.153E-19 2.062E-19
 2.074E-19 2.080E-19 2.053E-19 2.072E-19 2.134E-19 2.142E-19 2.051E-19 1.868E-19 1.792E-19 1.796E-19
 1.905E-19 2.089E-19 2.068E-19 1.941E-19 1.942E-19 1.930E-19 1.864E-19 1.800E-19 1.777E-19 1.821E-19
 1.883E-19 1.906E-19 1.904E-19 1.965E-19 1.966E-19 1.908E-19 1.927E-19 1.912E-19 1.862E-19 1.936E-19
 2.013E-19 2.035E-19 1.997E-19 1.936E-19 1.832E-19 1.779E-19 1.823E-19 1.907E-19 1.956E-19 1.942E-19
 1.914E-19 1.957E-19 2.025E-19 1.963E-19 1.921E-19 2.041E-19 2.236E-19 2.458E-19 2.477E-19 2.260E-19
 2.157E-19 2.055E-19 2.008E-19 1.999E-19 1.949E-19 1.911E-19 1.951E-19 1.976E-19 1.989E-19 2.010E-19
 1.935E-19 1.804E-19 1.804E-19 1.784E-19 1.801E-19 1.845E-19 1.825E-19 1.790E-19 1.810E-19 1.838E-19
 1.840E-19 1.820E-19 1.765E-19 1.727E-19 1.768E-19 1.870E-19 1.901E-19 1.954E-19 2.076E-19 2.117E-19
 2.050E-19 1.987E-19 1.941E-19 1.879E-19 1.846E-19 1.872E-19 1.938E-19 1.949E-19 1.933E-19 1.948E-19
 1.874E-19 1.763E-19 1.754E-19 1.820E-19 1.867E-19 1.944E-19 2.024E-19 2.011E-19 2.016E-19 2.106E-19
 2.029E-19 1.902E-19 1.920E-19 2.008E-19 2.062E-19 2.086E-19 2.118E-19 2.023E-19 1.921E-19 1.906E-19
 1.838E-19 1.901E-19 2.055E-19 2.130E-19 2.084E-19 2.065E-19 2.111E-19 2.108E-19 2.019E-19 1.966E-19
 2.053E-19 2.101E-19 2.091E-19 2.043E-19 1.946E-19 1.940E-19 1.909E-19 1.863E-19 1.891E-19 1.928E-19
 1.941E-19 1.993E-19 2.091E-19 2.138E-19 2.116E-19 2.115E-19 2.039E-19 1.961E-19 1.937E-19 1.880E-19
 1.851E-19 1.835E-19 1.853E-19 1.881E-19 1.878E-19 1.777E-19 1.728E-19 1.732E-19 1.745E-19 1.857E-19
 1.963E-19 2.008E-19 2.042E-19 2.061E-19 1.996E-19 1.927E-19 1.881E-19 1.842E-19 1.837E-19 1.938E-19
 2.004E-19 1.961E-19 1.948E-19 1.896E-19 1.838E-19 1.843E-19 1.839E-19 1.873E-19 1.941E-19 2.028E-19
 2.079E-19 2.066E-19 2.070E-19 2.032E-19 2.028E-19 1.960E-19 1.996E-19 2.121E-19 2.130E-19 2.098E-19
 2.047E-19 2.032E-19 2.054E-19 1.967E-19 1.956E-19 2.019E-19 2.027E-19 2.050E-19 2.039E-19 2.065E-19
 2.074E-19 2.070E-19 2.049E-19 1.958E-19 1.882E-19 1.817E-19 1.901E-19 1.892E-19 1.824E-19 1.836E-19
 1.814E-19 1.789E-19 1.831E-19 1.890E-19 1.902E-19 1.911E-19 1.888E-19 1.895E-19 1.868E-19 1.858E-19
 1.757E-19 1.692E-19 1.751E-19 1.869E-19 1.920E-19 1.904E-19 1.929E-19 1.945E-19 1.871E-19 1.769E-19
 1.783E-19 1.818E-19 1.860E-19 1.858E-19 1.834E-19 1.885E-19 1.921E-19 1.901E-19 1.900E-19 1.875E-19
 1.810E-19 1.881E-19 1.950E-19 1.919E-19 1.957E-19 1.910E-19 1.841E-19 1.808E-19 1.771E-19 1.733E-19
 1.722E-19 1.797E-19 1.893E-19 1.967E-19 1.947E-19 1.921E-19 1.944E-19 2.007E-19 1.921E-19 1.805E-19
 1.824E-19 1.914E-19 1.997E-19 2.003E-19 1.899E-19 1.751E-19 1.791E-19 1.887E-19 1.862E-19 1.857E-19
 1.892E-19 1.919E-19 1.983E-19 2.006E-19 1.892E-19 1.872E-19 1.868E-19 1.871E-19 1.912E-19 1.873E-19
 1.829E-19 1.900E-19 1.973E-19 1.963E-19 1.871E-19 1.683E-19 1.637E-19 1.742E-19 1.785E-19 1.814E-19
 1.939E-19 1.977E-19 1.958E-19 1.902E-19 1.825E-19 1.765E-19 1.764E-19 1.801E-19 1.852E-19 1.906E-19
 1.913E-19 1.907E-19 1.893E-19 1.799E-19 1.765E-19 1.829E-19 1.876E-19 1.853E-19 1.889E-19 1.927E-19
 1.915E-19 1.829E-19 1.750E-19 1.778E-19 1.782E-19 1.806E-19 1.823E-19 1.852E-19 1.857E-19 1.871E-19
 1.836E-19 1.746E-19 1.644E-19 1.652E-19 1.722E-19 1.793E-19 1.834E-19 1.772E-19 1.784E-19 1.774E-19
 1.782E-19 1.784E-19 1.659E-19 1.660E-19 1.780E-19 1.771E-19 1.713E-19 1.698E-19 1.753E-19 1.764E-19
 1.699E-19 1.622E-19 1.609E-19 1.626E-19 1.706E-19 1.814E-19 1.805E-19 1.790E-19 1.795E-19 1.777E-19
 1.743E-19 1.743E-19 1.717E-19 1.737E-19 1.792E-19 1.792E-19 1.779E-19 1.764E-19 1.717E-19 1.694E-19
 1.692E-19 1.704E-19 1.795E-19 1.879E-19 1.872E-19 1.819E-19 1.814E-19 1.782E-19 1.725E-19 1.727E-19
 1.776E-19 1.811E-19 1.831E-19 1.776E-19 1.733E-19 1.716E-19 1.631E-19 1.579E-19 1.596E-19 1.613E-19
 1.616E-19 1.680E-19 1.823E-19 1.844E-19 1.757E-19 1.747E-19 1.726E-19 1.694E-19 1.659E-19 1.601E-19
 1.598E-19 1.632E-19 1.629E-19 1.701E-19 1.702E-19 1.642E-19 1.653E-19 1.727E-19 1.760E-19 1.784E-19
 1.730E-19 1.726E-19 1.800E-19 1.786E-19 1.691E-19 1.663E-19 1.662E-19 1.626E-19 1.685E-19 1.748E-19
 1.781E-19 1.717E-19 1.585E-19 1.509E-19 1.517E-19 1.537E-19 1.613E-19 1.696E-19 1.686E-19 1.630E-19
 1.615E-19 1.678E-19 1.709E-19 1.616E-19 1.584E-19 1.651E-19 1.680E-19 1.680E-19 1.743E-19 1.758E-19
 1.715E-19 1.701E-19 1.642E-19 1.597E-19 1.597E-19 1.636E-19 1.706E-19 1.695E-19 1.687E-19 1.705E-19
 1.626E-19 1.628E-19 1.649E-19 1.601E-19 1.660E-19 1.677E-19 1.689E-19 1.650E-19 1.630E-19 1.674E-19
 1.566E-19 1.523E-19 1.543E-19 1.570E-19 1.649E-19 1.605E-19 1.607E-19 1.593E-19 1.566E-19 1.610E-19
 1.630E-19 1.590E-19 1.557E-19 1.604E-19 1.656E-19 1.712E-19 1.626E-19 1.557E-19 1.618E-19 1.598E-19
 1.489E-19 1.474E-19 1.547E-19 1.617E-19 1.651E-19 1.592E-19 1.546E-19 1.487E-19 1.514E-19 1.539E-19
 1.485E-19 1.457E-19 1.469E-19 1.532E-19 1.529E-19 1.557E-19 1.528E-19 1.494E-19 1.503E-19 1.493E-19
 1.586E-19 1.622E-19 1.644E-19 1.628E-19 1.592E-19 1.611E-19 1.571E-19 1.543E-19 1.528E-19 1.495E-19
 1.483E-19 1.533E-19 1.559E-19 1.529E-19 1.454E-19 1.390E-19 1.392E-19 1.486E-19 1.534E-19 1.570E-19
 1.585E-19 1.561E-19 1.546E-19 1.595E-19 1.641E-19 1.508E-19 1.346E-19 1.421E-19 1.501E-19 1.542E-19
 1.535E-19 1.469E-19 1.533E-19 1.612E-19 1.483E-19 1.384E-19 1.443E-19 1.463E-19 1.521E-19 1.532E-19
 1.519E-19 1.604E-19 1.558E-19 1.433E-19 1.385E-19 1.408E-19 1.454E-19 1.441E-19 1.418E-19 1.424E-19
 1.481E-19 1.515E-19 1.458E-19 1.391E-19 1.406E-19 1.406E-19 1.430E-19 1.462E-19 1.500E-19 1.497E-19
 1.456E-19 1.479E-19 1.478E-19 1.457E-19 1.483E-19 1.482E-19 1.498E-19 1.538E-19 1.562E-19 1.479E-19
 1.399E-19 1.350E-19 1.319E-19 1.300E-19 1.352E-19 1.478E-19 1.518E-19 1.620E-19 1.625E-19 1.496E-19
 1.436E-19 1.437E-19 1.416E-19 1.441E-19 1.502E-19 1.419E-19 1.433E-19 1.510E-19 1.452E-19 1.371E-19
 1.308E-19 1.244E-19 1.245E-19 1.285E-19 1.357E-19 1.424E-19 1.401E-19 1.428E-19 1.441E-19 1.339E-19
 1.276E-19 1.282E-19 1.268E-19 1.357E-19 1.418E-19 1.417E-19 1.395E-19 1.385E-19 1.340E-19 1.256E-19
 1.264E-19 1.308E-19 1.385E-19 1.428E-19 1.443E-19 1.482E-19 1.505E-19 1.430E-19 1.366E-19 1.359E-19
 1.359E-19 1.350E-19 1.355E-19 1.375E-19 1.367E-19 1.380E-19 1.374E-19 1.373E-19 1.329E-19 1.335E-19
 1.357E-19 1.389E-19 1.368E-19 1.327E-19 1.379E-19 1.348E-19 1.282E-19 1.276E-19 1.303E-19 1.317E-19
 1.363E-19 1.407E-19 1.335E-19 1.217E-19 1.241E-19 1.188E-19 1.088E-19 1.122E-19 1.224E-19 1.324E-19
 1.372E-19 1.421E-19 1.381E-19 1.242E-19 1.294E-19 1.376E-19 1.290E-19 1.293E-19 1.312E-19 1.270E-19
 1.255E-19 1.213E-19 1.125E-19 1.101E-19 1.160E-19 1.211E-19 1.251E-19 1.271E-19 1.313E-19 1.369E-19
 1.379E-19 1.344E-19 1.287E-19 1.266E-19 1.234E-19 1.214E-19 1.295E-19 1.315E-19 1.327E-19 1.316E-19
 1.271E-19 1.316E-19 1.332E-19 1.300E-19 1.295E-19 1.222E-19 1.215E-19 1.318E-19 1.341E-19 1.245E-19
 1.177E-19 1.178E-19 1.194E-19 1.247E-19 1.274E-19 1.339E-19 1.422E-19 1.436E-19 1.360E-19 1.342E-19
 1.263E-19 1.182E-19 1.186E-19 1.202E-19 1.227E-19 1.266E-19 1.268E-19 1.241E-19 1.201E-19 1.179E-19
 1.202E-19 1.231E-19 1.243E-19 1.242E-19 1.221E-19 1.226E-19 1.272E-19 1.289E-19 1.227E-19 1.078E-19
 1.029E-19 1.096E-19 1.114E-19 1.187E-19 1.227E-19 1.212E-19 1.169E-19 1.114E-19 1.156E-19 1.159E-19
 1.146E-19 1.109E-19 1.105E-19 1.160E-19 1.154E-19 1.107E-19 1.053E-19 9.851E-20 9.732E-20 1.000E-19
 1.035E-19 1.120E-19 1.190E-19 1.151E-19 1.085E-19 1.110E-19 1.102E-19 1.101E-19 1.112E-19 1.061E-19
 1.122E-19 1.186E-19 1.174E-19 1.103E-19 1.051E-19 9.995E-20 9.793E-20 9.957E-20 1.033E-19 1.061E-19
 1.066E-19 1.065E-19 1.092E-19 1.113E-19 1.051E-19 1.025E-19 1.010E-19 1.021E-19 1.132E-19 1.164E-19
 1.146E-19 1.148E-19 1.086E-19 1.072E-19 1.151E-19 1.170E-19 1.078E-19 9.970E-20 1.038E-19 1.053E-19
 1.051E-19 1.075E-19 1.058E-19 1.004E-19 9.913E-20 9.872E-20 9.943E-20 1.107E-19 1.192E-19 1.167E-19
 1.128E-19 1.083E-19 9.473E-20 8.670E-20 9.393E-20 1.008E-19 1.009E-19 1.118E-19 1.169E-19 1.135E-19
 1.083E-19 1.050E-19 1.100E-19 1.144E-19 1.097E-19 1.087E-19 1.142E-19 1.174E-19 1.188E-19 1.161E-19
 1.109E-19 1.052E-19 1.034E-19 1.040E-19 1.032E-19 1.069E-19 1.116E-19 1.144E-19 1.228E-19 1.156E-19
 1.021E-19 1.011E-19 1.075E-19 1.133E-19 1.081E-19 1.112E-19 1.208E-19 1.170E-19 1.124E-19 1.111E-19
 1.065E-19 1.083E-19 1.116E-19 1.113E-19 1.161E-19 1.217E-19 1.202E-19 1.129E-19 1.111E-19 1.067E-19
 1.033E-19 1.074E-19 1.042E-19 1.060E-19 1.067E-19 1.031E-19 1.128E-19 1.182E-19 1.065E-19 1.037E-19
 1.052E-19 1.063E-19 1.050E-19 1.042E-19 1.061E-19 1.078E-19 1.080E-19 1.142E-19 1.179E-19 1.062E-19
 1.085E-19 1.148E-19 1.135E-19 1.133E-19 1.062E-19 9.572E-20 9.302E-20 9.421E-20 9.871E-20 1.079E-19
 1.140E-19 1.133E-19 1.064E-19 1.019E-19 1.083E-19 1.098E-19 9.979E-20 9.864E-20 1.048E-19 1.097E-19
 1.055E-19 1.001E-19 9.719E-20 9.834E-20 9.913E-20 9.522E-20 9.643E-20 1.022E-19 1.063E-19 1.045E-19
 1.005E-19 9.810E-20 9.965E-20 9.547E-20 9.158E-20 9.284E-20 9.559E-20 9.821E-20 1.043E-19 1.048E-19
 1.024E-19 1.060E-19 1.094E-19 1.035E-19 9.867E-20 1.043E-19 1.090E-19 1.115E-19 1.103E-19 1.088E-19
 1.066E-19 9.980E-20 9.496E-20 9.478E-20 9.321E-20 9.599E-20 1.017E-19 9.892E-20 9.523E-20 1.005E-19
 1.006E-19 9.397E-20 9.249E-20 8.581E-20 8.732E-20 9.043E-20 9.314E-20 9.790E-20 9.827E-20 9.961E-20
 1.031E-19 1.006E-19 9.701E-20 9.375E-20 9.385E-20 9.814E-20 9.966E-20 1.018E-19 9.831E-20 9.416E-20
 1.026E-19 1.101E-19 1.103E-19 1.153E-19 1.177E-19 1.178E-19 1.158E-19 1.062E-19 1.009E-19 1.005E-19
 1.022E-19 1.000E-19 9.692E-20 1.014E-19 1.051E-19 1.054E-19 1.004E-19 9.699E-20 9.163E-20 8.652E-20
 8.780E-20 9.128E-20 9.791E-20 1.106E-19 1.122E-19 1.039E-19 9.948E-20 1.048E-19 1.022E-19 1.016E-19
 1.065E-19 1.102E-19 1.059E-19 1.032E-19 1.104E-19 1.155E-19 1.088E-19 1.003E-19 9.813E-20 1.014E-19
 1.044E-19 1.041E-19 1.062E-19 1.039E-19 9.961E-20 9.437E-20 9.087E-20 8.858E-20 9.367E-20 1.003E-19
 9.960E-20 1.030E-19 1.038E-19 9.908E-20 1.007E-19 1.066E-19 1.060E-19 1.104E-19 1.099E-19 1.014E-19
 1.067E-19 1.169E-19 1.169E-19 1.110E-19 1.067E-19 9.915E-20 1.020E-19 1.050E-19 1.098E-19 1.079E-19
 1.033E-19 1.009E-19 1.021E-19 1.018E-19 9.822E-20 9.813E-20 9.267E-20 9.139E-20 9.706E-20 1.052E-19
 1.125E-19 1.087E-19 1.009E-19 9.897E-20 9.650E-20 9.646E-20 1.051E-19 1.060E-19 1.065E-19 1.073E-19
 1.033E-19 9.546E-20 9.337E-20 9.465E-20 9.022E-20 9.074E-20 9.220E-20 9.358E-20 1.021E-19 1.047E-19
 9.832E-20 9.328E-20 8.950E-20 8.711E-20 8.834E-20 9.525E-20 1.071E-19 1.098E-19 1.045E-19 1.011E-19
 9.495E-20 9.599E-20 9.684E-20 9.657E-20 1.005E-19 1.064E-19 1.036E-19 1.016E-19 1.039E-19 9.874E-20
 8.807E-20 8.069E-20 8.343E-20 9.020E-20 9.335E-20 9.791E-20 9.888E-20 9.835E-20 9.280E-20 8.425E-20
 9.028E-20 9.604E-20 9.511E-20 9.673E-20 9.653E-20 1.014E-19 1.008E-19 9.392E-20 9.128E-20 9.060E-20
 8.853E-20 9.086E-20 9.435E-20 1.024E-19 1.078E-19 1.070E-19 9.673E-20 8.521E-20 8.042E-20 9.059E-20
 9.864E-20 1.028E-19 1.041E-19 1.079E-19 1.153E-19 1.107E-19 1.039E-19 9.816E-20 8.909E-20 8.021E-20
 8.769E-20 9.858E-20 1.066E-19 1.018E-19 9.173E-20 8.724E-20 8.664E-20 8.058E-20 7.952E-20 8.857E-20
 9.669E-20 9.737E-20 1.027E-19 1.031E-19 1.053E-19 1.064E-19 9.686E-20 9.403E-20 9.559E-20 9.762E-20
 1.079E-19 1.110E-19 1.028E-19 9.839E-20 9.347E-20 8.619E-20 9.163E-20 9.879E-20 1.045E-19 1.067E-19
 1.047E-19 1.038E-19 1.056E-19 1.006E-19 9.362E-20 9.470E-20 1.018E-19 1.064E-19 1.054E-19 1.014E-19
 9.695E-20 9.719E-20 9.246E-20 8.862E-20 8.286E-20 8.842E-20 1.002E-19 1.032E-19 1.032E-19 1.079E-19
 1.080E-19 1.054E-19 1.024E-19 1.010E-19 1.062E-19 1.061E-19 1.056E-19 1.128E-19 1.123E-19 9.937E-20
 9.177E-20 8.882E-20 9.139E-20 1.030E-19 1.045E-19 9.822E-20 1.021E-19 1.066E-19 1.098E-19 1.080E-19
 1.016E-19 9.853E-20 9.945E-20 9.989E-20 9.582E-20 9.744E-20 1.012E-19 1.001E-19 9.865E-20 9.728E-20
 9.786E-20 9.701E-20 9.477E-20 9.894E-20 1.034E-19 1.033E-19 1.053E-19 1.047E-19 9.743E-20 9.397E-20
 9.558E-20 9.561E-20 9.527E-20 1.010E-19 9.749E-20 9.753E-20 9.747E-20 9.813E-20 9.374E-20 9.268E-20
 9.447E-20 1.016E-19 1.097E-19 1.076E-19 1.103E-19 1.109E-19 1.073E-19 1.058E-19 1.009E-19 9.830E-20
 1.038E-19 1.112E-19 1.120E-19 1.086E-19 1.092E-19 9.826E-20 8.543E-20 8.672E-20 9.325E-20 9.490E-20
 9.981E-20 1.037E-19 1.074E-19 1.111E-19 1.097E-19 1.048E-19 9.576E-20 9.111E-20 1.015E-19 1.073E-19
 1.136E-19 1.145E-19 1.074E-19 1.070E-19 1.112E-19 1.016E-19 9.098E-20 9.745E-20 9.860E-20 9.708E-20
 9.909E-20 1.045E-19 1.042E-19 1.034E-19 1.045E-19 1.013E-19 1.041E-19 1.066E-19 1.107E-19 1.125E-19
 1.067E-19 1.049E-19 1.048E-19 1.042E-19 1.032E-19 9.884E-20 1.001E-19 1.083E-19 1.133E-19 1.097E-19
 1.054E-19 1.068E-19 1.080E-19 1.066E-19 1.094E-19 1.145E-19 1.079E-19 9.971E-20 1.062E-19 1.153E-19
 1.123E-19 1.033E-19 1.016E-19 9.534E-20 9.528E-20 1.015E-19 1.071E-19 1.133E-19 1.134E-19 1.126E-19
 1.124E-19 1.056E-19 9.716E-20 1.001E-19 1.026E-19 1.020E-19 1.111E-19 1.178E-19 1.092E-19 1.049E-19
 9.468E-20 8.900E-20 9.867E-20 1.057E-19 1.059E-19 1.067E-19 1.097E-19 1.148E-19 1.126E-19 1.008E-19
 1.034E-19 1.117E-19 1.193E-19 1.176E-19 1.089E-19 1.074E-19 1.092E-19 1.091E-19 1.031E-19 1.012E-19
 1.003E-19 1.067E-19 1.144E-19 1.182E-19 1.180E-19 1.144E-19 1.103E-19 1.113E-19 1.082E-19 1.034E-19
 1.069E-19 1.079E-19 1.151E-19 1.159E-19 1.107E-19 1.114E-19 1.135E-19 1.139E-19 1.164E-19 1.121E-19
 1.082E-19 1.120E-19 1.155E-19 1.185E-19 1.239E-19 1.185E-19 1.094E-19 1.130E-19 1.115E-19 1.015E-19
 9.886E-20 1.043E-19 1.068E-19 1.012E-19 9.981E-20 9.865E-20 9.796E-20 9.731E-20 9.829E-20 1.030E-19
 1.097E-19 1.222E-19 1.247E-19 1.229E-19 1.206E-19 1.123E-19 1.062E-19 1.022E-19 1.029E-19 1.104E-19
 1.111E-19 1.041E-19 1.069E-19 1.143E-19 1.093E-19 1.029E-19 1.009E-19 1.088E-19 1.173E-19 1.195E-19
 1.214E-19 1.247E-19 1.247E-19 1.201E-19 1.109E-19 1.068E-19 1.108E-19 1.187E-19 1.225E-19 1.208E-19
 1.181E-19 1.178E-19 1.136E-19 1.144E-19 1.178E-19 1.168E-19 1.169E-19 1.221E-19 1.252E-19 1.245E-19
 1.161E-19 1.082E-19 1.126E-19 1.182E-19 1.153E-19 1.198E-19 1.290E-19 1.282E-19 1.263E-19 1.229E-19
 1.225E-19 1.194E-19 1.185E-19 1.179E-19 1.129E-19 1.164E-19 1.324E-19 1.324E-19 1.307E-19 1.333E-19
 1.291E-19 1.167E-19 1.099E-19 1.177E-19 1.315E-19 1.341E-19 1.329E-19 1.292E-19 1.244E-19 1.286E-19
 1.297E-19 1.237E-19 1.227E-19 1.273E-19 1.351E-19 1.337E-19 1.232E-19 1.236E-19 1.268E-19 1.303E-19
 1.293E-19 1.262E-19 1.272E-19 1.316E-19 1.334E-19 1.296E-19 1.236E-19 1.221E-19 1.230E-19 1.242E-19
 1.300E-19 1.350E-19 1.327E-19 1.390E-19 1.377E-19 1.388E-19 1.391E-19 1.339E-19 1.350E-19 1.325E-19
 1.338E-19 1.441E-19 1.463E-19 1.404E-19 1.411E-19 1.409E-19 1.396E-19 1.344E-19 1.366E-19 1.395E-19
 1.431E-19 1.499E-19 1.517E-19 1.478E-19 1.425E-19 1.363E-19 1.322E-19 1.332E-19 1.419E-19 1.571E-19
 1.607E-19 1.502E-19 1.446E-19 1.412E-19 1.375E-19 1.334E-19 1.344E-19 1.371E-19 1.332E-19 1.416E-19
 1.487E-19 1.520E-19 1.531E-19 1.517E-19 1.501E-19 1.532E-19 1.524E-19 1.441E-19 1.407E-19 1.452E-19
 1.512E-19 1.515E-19 1.529E-19 1.488E-19 1.433E-19 1.398E-19 1.363E-19 1.386E-19 1.477E-19 1.536E-19
 1.599E-19 1.592E-19 1.507E-19 1.439E-19 1.452E-19 1.504E-19 1.550E-19 1.578E-19 1.588E-19 1.612E-19
 1.590E-19 1.514E-19 1.476E-19 1.453E-19 1.454E-19 1.554E-19 1.650E-19 1.684E-19 1.657E-19 1.597E-19
 1.566E-19 1.562E-19 1.531E-19 1.522E-19 1.532E-19 1.542E-19 1.541E-19 1.553E-19 1.585E-19 1.616E-19
 1.576E-19 1.516E-19 1.528E-19 1.582E-19 1.618E-19 1.638E-19 1.625E-19 1.659E-19 1.665E-19 1.630E-19
 1.613E-19 1.609E-19 1.612E-19 1.622E-19 1.658E-19 1.671E-19 1.628E-19 1.622E-19 1.602E-19 1.586E-19
 1.569E-19 1.610E-19 1.729E-19 1.818E-19 1.848E-19 1.838E-19 1.788E-19 1.681E-19 1.604E-19 1.619E-19
 1.687E-19 1.673E-19 1.658E-19 1.688E-19 1.767E-19 1.843E-19 1.803E-19 1.733E-19 1.747E-19 1.679E-19
 1.670E-19 1.735E-19 1.782E-19 1.766E-19 1.743E-19 1.765E-19 1.750E-19 1.717E-19 1.741E-19 1.831E-19
 1.856E-19 1.856E-19 1.943E-19 1.929E-19 1.839E-19 1.844E-19 1.934E-19 1.916E-19 1.873E-19 1.937E-19
 1.962E-19 1.933E-19 1.924E-19 1.915E-19 1.857E-19 1.880E-19 1.926E-19 1.896E-19 1.924E-19 2.036E-19
 2.122E-19 2.177E-19 2.136E-19 2.070E-19 2.041E-19 2.050E-19 2.011E-19 1.998E-19 2.115E-19 2.185E-19
 2.133E-19 2.137E-19 2.141E-19 2.079E-19 2.050E-19 2.017E-19 1.991E-19 2.024E-19 2.060E-19 2.112E-19
 2.159E-19 2.106E-19 2.070E-19 2.100E-19 2.131E-19 2.152E-19 2.179E-19 2.175E-19 2.247E-19 2.338E-19
 2.347E-19 2.275E-19 2.152E-19 2.129E-19 2.210E-19 2.294E-19 2.338E-19 2.318E-19 2.340E-19 2.414E-19
 2.366E-19 2.293E-19 2.347E-19 2.430E-19 2.435E-19 2.478E-19 2.498E-19 2.486E-19 2.459E-19 2.457E-19
 2.469E-19 2.434E-19 2.428E-19 2.436E-19 2.411E-19 2.495E-19 2.596E-19 2.608E-19 2.647E-19 2.690E-19
 2.610E-19 2.508E-19 2.587E-19 2.639E-19 2.673E-19 2.718E-19 2.767E-19 2.761E-19 2.740E-19 2.711E-19
 2.681E-19 2.688E-19 2.658E-19 2.697E-19 2.772E-19 2.794E-19 2.800E-19 2.804E-19 2.770E-19 2.762E-19
 2.852E-19 2.941E-19 2.938E-19 2.995E-19 3.020E-19 2.977E-19 2.980E-19 3.009E-19 2.956E-19 2.947E-19
 3.029E-19 3.110E-19 3.064E-19 2.968E-19 3.007E-19 3.038E-19 3.003E-19 2.954E-19 3.004E-19 3.047E-19
 3.075E-19 3.052E-19 3.134E-19 3.222E-19 3.174E-19 3.113E-19 3.100E-19 3.077E-19 3.120E-19 3.238E-19
 3.306E-19 3.317E-19 3.286E-19 3.218E-19 3.221E-19 3.229E-19 3.196E-19 3.196E-19 3.200E-19 3.216E-19
 3.276E-19 3.389E-19 3.428E-19 3.396E-19 3.391E-19 3.393E-19 3.352E-19 3.362E-19 3.405E-19 3.482E-19
 3.536E-19 3.530E-19 3.442E-19 3.365E-19 3.364E-19 3.387E-19 3.477E-19 3.559E-19 3.533E-19 3.582E-19
 3.605E-19 3.581E-19 3.576E-19 3.587E-19 3.650E-19 3.632E-19 3.581E-19 3.649E-19 3.695E-19 3.697E-19
 3.677E-19 3.636E-19 3.711E-19 3.724E-19 3.650E-19 3.718E-19 3.827E-19 3.869E-19 3.800E-19 3.727E-19
 3.706E-19 3.711E-19 3.729E-19 3.684E-19 3.715E-19 3.781E-19 3.817E-19 3.895E-19 3.863E-19 3.764E-19
 3.809E-19 3.860E-19 3.792E-19 3.865E-19 3.967E-19 4.018E-19 4.067E-19 4.022E-19 3.990E-19 3.930E-19
 3.933E-19 3.957E-19 4.020E-19 4.152E-19 4.168E-19 4.131E-19 4.071E-19 4.051E-19 4.054E-19 4.037E-19
 4.100E-19 4.205E-19 4.171E-19 4.111E-19 4.162E-19 4.215E-19 4.273E-19 4.231E-19 4.248E-19 4.249E-19
 4.273E-19 4.279E-19 4.260E-19 4.338E-19 4.374E-19 4.327E-19 4.256E-19 4.236E-19 4.213E-19 4.235E-19
 4.305E-19 4.399E-19 4.438E-19 4.464E-19 4.455E-19 4.393E-19 4.462E-19 4.506E-19 4.445E-19 4.440E-19
 4.562E-19 4.717E-19 4.677E-19 4.524E-19 4.513E-19 4.561E-19 4.537E-19 4.486E-19 4.475E-19 4.540E-19
 4.617E-19 4.693E-19 4.713E-19 4.572E-19 4.518E-19 4.567E-19 4.671E-19 4.673E-19 4.704E-19 4.814E-19
 4.827E-19 4.737E-19 4.711E-19 4.757E-19 4.796E-19 4.826E-19 4.808E-19 4.836E-19 4.906E-19 4.901E-19
 4.870E-19 4.890E-19 4.861E-19 4.797E-19 4.846E-19 4.957E-19 5.016E-19 5.127E-19 5.162E-19 5.132E-19
 5.059E-19 5.033E-19 5.076E-19 5.092E-19 5.031E-19 5.014E-19 5.059E-19 5.131E-19 5.172E-19 5.142E-19
 5.084E-19 5.088E-19 5.161E-19 5.207E-19 5.294E-19 5.308E-19 5.244E-19 5.294E-19 5.291E-19 5.246E-19
 5.192E-19 5.150E-19 5.168E-19 5.176E-19 5.248E-19 5.340E-19 5.420E-19 5.455E-19 5.396E-19 5.425E-19
 5.494E-19 5.476E-19 5.451E-19 5.406E-19 5.394E-19 5.418E-19 5.548E-19 5.608E-19 5.509E-19 5.479E-19
 5.478E-19 5.469E-19 5.498E-19 5.557E-19 5.676E-19 5.694E-19 5.646E-19 5.596E-19 5.482E-19 5.411E-19
 5.500E-19 5.652E-19 5.617E-19 5.624E-19 5.717E-19 5.769E-19 5.811E-19 5.775E-19 5.717E-19 5.739E-19
 5.778E-19 5.773E-19 5.921E-19 6.019E-19 5.945E-19 5.830E-19 5.769E-19 5.818E-19 5.891E-19 6.000E-19
 5.970E-19 5.927E-19 5.928E-19 5.897E-19 5.884E-19 5.878E-19 5.907E-19 5.907E-19 5.845E-19 5.880E-19
 5.956E-19 6.092E-19 6.094E-19 6.042E-19 6.114E-19 6.061E-19 6.064E-19 6.088E-19 6.066E-19 6.015E-19
 6.087E-19 6.213E-19 6.241E-19 6.242E-19 6.143E-19 6.067E-19 6.097E-19 6.113E-19 6.208E-19 6.328E-19
 6.303E-19 6.199E-19 6.206E-19 6.244E-19 6.255E-19 6.326E-19 6.342E-19 6.339E-19 6.315E-19 6.304E-19
 6.329E-19 6.374E-19 6.352E-19 6.195E-19 6.111E-19 6.158E-19 6.331E-19 6.518E-19 6.537E-19 6.437E-19
 6.332E-19 6.370E-19 6.444E-19 6.412E-19 6.416E-19 6.404E-19 6.389E-19 6.413E-19 6.510E-19 6.523E-19
 6.386E-19 6.296E-19 6.220E-19 6.251E-19 6.320E-19 6.476E-19 6.645E-19 6.599E-19 6.523E-19 6.545E-19
 6.560E-19 6.529E-19 6.523E-19 6.477E-19 6.412E-19 6.450E-19 6.597E-19 6.655E-19 6.621E-19 6.556E-19
 6.400E-19 6.318E-19 6.443E-19 6.598E-19 6.658E-19 6.638E-19 6.513E-19 6.483E-19 6.561E-19 6.523E-19
 6.554E-19 6.674E-19 6.655E-19 6.646E-19 6.707E-19 6.690E-19 6.774E-19 6.667E-19 6.453E-19 6.411E-19
 6.467E-19 6.586E-19 6.712E-19 6.723E-19 6.680E-19 6.667E-19 6.627E-19 6.605E-19 6.589E-19 6.573E-19
 6.595E-19 6.676E-19 6.661E-19 6.656E-19 6.692E-19 6.665E-19 6.531E-19 6.500E-19 6.483E-19 6.481E-19
 6.627E-19 6.606E-19 6.557E-19 6.639E-19 6.624E-19 6.574E-19 6.471E-19 6.430E-19 6.459E-19 6.506E-19
 6.538E-19 6.639E-19 6.781E-19 6.741E-19 6.628E-19 6.522E-19 6.446E-19 6.443E-19 6.549E-19 6.646E-19
 6.637E-19 6.651E-19 6.684E-19 6.652E-19 6.655E-19 6.680E-19 6.611E-19 6.528E-19 6.514E-19 6.586E-19
 6.692E-19 6.791E-19 6.752E-19 6.634E-19 6.605E-19 6.555E-19 6.547E-19 6.655E-19 6.632E-19 6.584E-19
 6.638E-19 6.580E-19 6.559E-19 6.647E-19 6.513E-19 6.447E-19 6.606E-19 6.628E-19 6.707E-19 6.860E-19
 6.678E-19 6.534E-19 6.617E-19 6.591E-19 6.592E-19 6.672E-19 6.616E-19 6.535E-19 6.565E-19 6.638E-19
 6.732E-19 6.688E-19 6.525E-19 6.443E-19 6.456E-19 6.592E-19 6.747E-19 6.813E-19 6.749E-19 6.672E-19
 6.608E-19 6.533E-19 6.581E-19 6.641E-19 6.599E-19 6.622E-19 6.713E-19 6.712E-19 6.754E-19 6.765E-19
 6.668E-19 6.651E-19 6.732E-19 6.736E-19 6.734E-19 6.770E-19 6.704E-19 6.576E-19 6.477E-19 6.529E-19
 6.728E-19 6.722E-19 6.671E-19 6.588E-19 6.537E-19 6.644E-19 6.801E-19 6.737E-19 6.673E-19 6.727E-19
 6.717E-19 6.722E-19 6.801E-19 6.832E-19 6.775E-19 6.769E-19 6.686E-19 6.644E-19 6.701E-19 6.659E-19
 6.591E-19 6.648E-19 6.809E-19 6.849E-19 6.789E-19 6.733E-19 6.692E-19 6.686E-19 6.660E-19 6.689E-19
 6.684E-19 6.626E-19 6.691E-19 6.774E-19 6.722E-19 6.662E-19 6.694E-19 6.633E-19 6.600E-19 6.729E-19
 6.798E-19 6.833E-19 6.811E-19 6.758E-19 6.783E-19 6.928E-19 6.998E-19 6.847E-19 6.677E-19 6.737E-19
 6.883E-19 6.938E-19 6.910E-19 6.848E-19 6.706E-19 6.685E-19 6.846E-19 6.861E-19 6.835E-19 6.968E-19
 6.932E-19 6.874E-19 6.952E-19 6.986E-19 7.037E-19 7.027E-19 6.925E-19 6.918E-19 7.058E-19 7.211E-19
 7.316E-19 7.295E-19 7.162E-19 7.063E-19 7.012E-19 7.147E-19 7.275E-19 7.207E-19 7.135E-19 7.179E-19
 7.231E-19 7.276E-19 7.266E-19 7.255E-19 7.258E-19 7.262E-19 7.397E-19 7.477E-19 7.364E-19 7.266E-19
 7.338E-19 7.430E-19 7.440E-19 7.490E-19 7.523E-19 7.432E-19 7.417E-19 7.497E-19 7.528E-19 7.592E-19
 7.633E-19 7.586E-19 7.611E-19 7.643E-19 7.719E-19 7.783E-19 7.816E-19 7.811E-19 7.861E-19 7.925E-19
 7.931E-19 7.815E-19 7.673E-19 7.632E-19 7.723E-19 7.864E-19 8.053E-19 8.095E-19 7.979E-19 7.903E-19
 7.932E-19 8.059E-19 8.155E-19 8.141E-19 8.115E-19 8.145E-19 8.150E-19 8.169E-19 8.195E-19 8.179E-19
 8.122E-19 8.179E-19 8.381E-19 8.515E-19 8.563E-19 8.488E-19 8.426E-19 8.478E-19 8.515E-19 8.632E-19
 8.734E-19 8.738E-19 8.798E-19 8.879E-19 8.944E-19 9.035E-19 9.012E-19 8.889E-19 8.825E-19 8.948E-19
 9.125E-19 9.231E-19 9.089E-19 8.964E-19 8.964E-19 9.037E-19 9.125E-19 9.218E-19 9.216E-19 9.141E-19
 9.177E-19 9.301E-19 9.361E-19 9.459E-19 9.506E-19 9.334E-19 9.233E-19 9.366E-19 9.511E-19 9.668E-19
 9.779E-19 9.777E-19 9.836E-19 9.932E-19 9.908E-19 9.892E-19 9.974E-19 1.006E-18 1.018E-18 1.024E-18
 1.020E-18 1.013E-18 1.004E-18 1.004E-18 1.016E-18 1.016E-18 1.018E-18 1.028E-18 1.042E-18 1.052E-18
 1.059E-18 1.062E-18 1.065E-18 1.062E-18 1.051E-18 1.055E-18 1.067E-18 1.075E-18 1.080E-18 1.077E-18
 1.070E-18 1.062E-18 1.048E-18 1.041E-18 1.049E-18 1.058E-18 1.081E-18 1.094E-18 1.092E-18 1.098E-18
 1.102E-18 1.102E-18 1.107E-18 1.122E-18 1.137E-18 1.146E-18 1.137E-18 1.139E-18 1.170E-18 1.203E-18
 1.213E-18 1.216E-18 1.229E-18 1.243E-18 1.234E-18 1.217E-18 1.206E-18 1.196E-18 1.183E-18 1.181E-18
 1.175E-18 1.137E-18 1.120E-18 1.123E-18 1.127E-18 1.135E-18 1.135E-18 1.117E-18 1.110E-18 1.106E-18
 1.106E-18 1.123E-18 1.132E-18 1.139E-18 1.141E-18 1.134E-18 1.147E-18 1.158E-18 1.164E-18 1.143E-18
 1.087E-18 1.059E-18 1.060E-18 1.075E-18 1.090E-18 1.100E-18 1.099E-18 1.099E-18 1.121E-18 1.156E-18
 1.180E-18 1.187E-18 1.187E-18 1.164E-18 1.122E-18 1.090E-18 1.062E-18 1.035E-18 1.039E-18 1.047E-18
 1.050E-18 1.045E-18 1.033E-18 1.036E-18 1.041E-18 1.024E-18 9.943E-19 9.733E-19 9.471E-19 9.251E-19
 9.255E-19 9.347E-19 9.251E-19 9.120E-19 9.064E-19 8.990E-19 8.925E-19 8.939E-19 8.769E-19 8.523E-19
 8.330E-19 8.255E-19 8.303E-19 8.317E-19 8.265E-19 8.209E-19 8.220E-19 8.237E-19 8.298E-19 8.367E-19
 8.429E-19 8.519E-19 8.504E-19 8.262E-19 7.945E-19 7.877E-19 7.902E-19 8.049E-19 8.206E-19 8.231E-19
 8.367E-19 8.491E-19 8.506E-19 8.501E-19 8.603E-19 8.678E-19 8.655E-19 8.464E-19 8.056E-19 7.776E-19
 7.750E-19 7.821E-19 7.790E-19 7.800E-19 7.866E-19 7.820E-19 7.699E-19 7.549E-19 7.422E-19 7.193E-19
 6.535E-19 5.602E-19 5.143E-19 5.033E-19 5.005E-19 5.066E-19 5.050E-19 5.042E-19 5.084E-19 5.060E-19
 4.934E-19 4.787E-19 4.732E-19 4.778E-19 4.950E-19 5.083E-19 5.077E-19 5.032E-19 4.984E-19 4.941E-19
 4.936E-19 4.945E-19 5.007E-19 5.009E-19 5.029E-19 5.167E-19 5.183E-19 5.131E-19 5.099E-19 5.070E-19
 5.084E-19 5.131E-19 5.191E-19 5.190E-19 5.188E-19 5.225E-19 5.304E-19 5.335E-19 5.377E-19 5.355E-19
 5.228E-19 5.304E-19 5.393E-19 5.411E-19 5.432E-19 5.427E-19 5.419E-19 5.450E-19 5.400E-19 5.386E-19
 5.456E-19 5.486E-19 5.551E-19 5.629E-19 5.642E-19 5.635E-19 5.666E-19 5.606E-19 5.568E-19 5.593E-19
 5.599E-19 5.674E-19 5.740E-19 5.761E-19 5.714E-19 5.687E-19 5.736E-19 5.706E-19 5.692E-19 5.754E-19
 5.815E-19 5.906E-19 6.008E-19 5.953E-19 5.831E-19 5.811E-19 5.797E-19 5.782E-19 5.801E-19 5.895E-19
 6.009E-19 6.059E-19 6.041E-19 6.089E-19 6.088E-19 6.002E-19 5.927E-19 5.977E-19 6.129E-19 6.139E-19
 6.171E-19 6.253E-19 6.295E-19 6.212E-19 6.029E-19 5.993E-19 6.111E-19 6.253E-19 6.332E-19 6.292E-19
 6.275E-19 6.313E-19 6.283E-19 6.294E-19 6.343E-19 6.338E-19 6.355E-19 6.391E-19 6.536E-19 6.569E-19
 6.430E-19 6.279E-19 6.199E-19 6.240E-19 6.372E-19 6.359E-19 6.300E-19 6.358E-19 6.435E-19 6.516E-19
 6.508E-19 6.449E-19 6.472E-19 6.570E-19 6.672E-19 6.693E-19 6.656E-19 6.592E-19 6.579E-19 6.669E-19
 6.663E-19 6.588E-19 6.530E-19 6.508E-19 6.623E-19 6.776E-19 6.753E-19 6.743E-19 6.772E-19 6.749E-19
 6.654E-19 6.632E-19 6.647E-19 6.687E-19 6.787E-19 6.887E-19 6.865E-19 6.696E-19 6.635E-19 6.719E-19
 6.818E-19 6.760E-19 6.649E-19 6.715E-19 6.847E-19 6.982E-19 7.055E-19 7.020E-19 6.883E-19 6.783E-19
 6.862E-19 7.020E-19 7.046E-19 6.999E-19 6.995E-19 7.073E-19 7.145E-19 7.011E-19 6.897E-19 6.916E-19
 6.963E-19 6.982E-19 6.986E-19 7.067E-19 7.051E-19 7.026E-19 7.076E-19 7.017E-19 6.982E-19 7.098E-19
 7.170E-19 7.102E-19 7.051E-19 7.059E-19 7.108E-19 7.080E-19 7.104E-19 7.116E-19 7.101E-19 7.194E-19
 7.219E-19 7.246E-19 7.222E-19 7.156E-19 7.101E-19 6.959E-19 6.900E-19 7.067E-19 7.260E-19 7.273E-19
 7.142E-19 7.085E-19 7.031E-19 6.999E-19 7.026E-19 7.047E-19 6.962E-19 6.953E-19 7.090E-19 7.144E-19
 7.162E-19 7.117E-19 7.100E-19 7.101E-19 7.044E-19 7.030E-19 7.084E-19 7.114E-19 7.144E-19 7.152E-19
 7.203E-19 7.103E-19 7.082E-19 7.076E-19 7.054E-19 7.065E-19 6.999E-19 6.931E-19 7.082E-19 7.196E-19
 7.104E-19 7.049E-19 6.983E-19 6.954E-19 6.992E-19 6.995E-19 6.932E-19 6.912E-19 6.959E-19 7.023E-19
 7.084E-19 6.997E-19 6.932E-19 6.989E-19 6.990E-19 6.993E-19 7.011E-19 7.022E-19 7.050E-19 7.075E-19
 7.035E-19 6.966E-19 6.964E-19 7.106E-19 7.133E-19 7.015E-19 6.875E-19 6.854E-19 6.929E-19 6.893E-19
 6.833E-19 6.759E-19 6.752E-19 6.851E-19 6.877E-19 6.809E-19 6.763E-19 6.789E-19 6.919E-19 6.922E-19
 6.793E-19 6.749E-19 6.761E-19 6.792E-19 6.808E-19 6.874E-19 6.788E-19 6.673E-19 6.645E-19 6.601E-19
 6.531E-19 6.596E-19 6.654E-19 6.626E-19 6.551E-19 6.605E-19 6.574E-19 6.449E-19 6.466E-19 6.516E-19
 6.554E-19 6.529E-19 6.467E-19 6.408E-19 6.443E-19 6.495E-19 6.486E-19 6.356E-19 6.349E-19 6.399E-19
 6.427E-19 6.411E-19 6.309E-19 6.239E-19 6.212E-19 6.206E-19 6.123E-19 6.060E-19 6.085E-19 6.179E-19
 6.226E-19 6.209E-19 6.143E-19 6.082E-19 6.049E-19 5.987E-19 5.927E-19 5.926E-19 6.011E-19 6.064E-19
 6.021E-19 6.033E-19 6.007E-19 5.876E-19 5.787E-19 5.836E-19 5.929E-19 5.849E-19 5.768E-19 5.757E-19
 5.849E-19 5.901E-19 5.785E-19 5.665E-19 5.576E-19 5.563E-19 5.557E-19 5.562E-19 5.604E-19 5.690E-19
 5.770E-19 5.689E-19 5.561E-19 5.521E-19 5.603E-19 5.532E-19 5.409E-19 5.463E-19 5.489E-19 5.476E-19
 5.364E-19 5.231E-19 5.197E-19 5.178E-19 5.170E-19 5.187E-19 5.193E-19 5.247E-19 5.275E-19 5.214E-19
 5.137E-19 4.961E-19 4.901E-19 4.964E-19 5.097E-19 5.151E-19 4.987E-19 4.993E-19 5.161E-19 5.061E-19
 4.839E-19 4.761E-19 4.776E-19 4.837E-19 4.916E-19 4.890E-19 4.777E-19 4.779E-19 4.778E-19 4.723E-19
 4.586E-19 4.499E-19 4.582E-19 4.650E-19 4.670E-19 4.688E-19 4.678E-19 4.646E-19 4.576E-19 4.514E-19
 4.512E-19 4.434E-19 4.360E-19 4.388E-19 4.473E-19 4.445E-19 4.376E-19 4.409E-19 4.408E-19 4.343E-19
 4.265E-19 4.237E-19 4.212E-19 4.209E-19 4.218E-19 4.186E-19 4.168E-19 4.153E-19 4.116E-19 4.045E-19
 4.016E-19 4.035E-19 4.013E-19 4.010E-19 4.046E-19 4.028E-19 3.990E-19 3.953E-19 3.869E-19 3.805E-19
 3.790E-19 3.746E-19 3.765E-19 3.817E-19 3.775E-19 3.677E-19 3.614E-19 3.643E-19 3.655E-19 3.584E-19
 3.528E-19 3.519E-19 3.517E-19 3.557E-19 3.600E-19 3.606E-19 3.497E-19 3.453E-19 3.486E-19 3.482E-19
 3.465E-19 3.417E-19 3.356E-19 3.349E-19 3.351E-19 3.254E-19 3.193E-19 3.223E-19 3.285E-19 3.254E-19
 3.148E-19 3.096E-19 3.127E-19 3.132E-19 3.083E-19 3.107E-19 3.133E-19 3.156E-19 3.071E-19 2.981E-19
 2.951E-19 2.971E-19 3.017E-19 2.994E-19 2.888E-19 2.843E-19 2.932E-19 3.016E-19 3.016E-19 2.941E-19
 2.883E-19 2.869E-19 2.806E-19 2.708E-19 2.725E-19 2.754E-19 2.713E-19 2.712E-19 2.785E-19 2.735E-19
 2.620E-19 2.566E-19 2.515E-19 2.459E-19 2.499E-19 2.615E-19 2.612E-19 2.582E-19 2.550E-19 2.515E-19
 2.440E-19 2.339E-19 2.328E-19 2.320E-19 2.366E-19 2.448E-19 2.456E-19 2.392E-19 2.308E-19 2.254E-19
 2.215E-19 2.240E-19 2.275E-19 2.297E-19 2.215E-19 2.108E-19 2.262E-19 2.324E-19 2.135E-19 1.978E-19
 2.002E-19 2.014E-19 2.057E-19 2.106E-19 2.108E-19 2.109E-19 2.136E-19 2.093E-19 1.990E-19 1.909E-19
 1.884E-19 1.953E-19 1.998E-19 2.037E-19 2.044E-19 1.960E-19 1.893E-19 1.885E-19 1.805E-19 1.714E-19
 1.790E-19 1.889E-19 1.876E-19 1.856E-19 1.835E-19 1.767E-19 1.747E-19 1.722E-19 1.662E-19 1.665E-19
 1.720E-19 1.821E-19 1.852E-19 1.814E-19 1.781E-19 1.686E-19 1.549E-19 1.542E-19 1.543E-19 1.606E-19
 1.738E-19 1.693E-19 1.615E-19 1.583E-19 1.536E-19 1.525E-19 1.518E-19 1.428E-19 1.408E-19 1.539E-19
 1.552E-19 1.498E-19 1.450E-19 1.442E-19 1.431E-19 1.401E-19 1.393E-19 1.400E-19 1.415E-19 1.543E-19
 1.549E-19 1.435E-19 1.399E-19 1.335E-19 1.198E-19 1.121E-19 1.164E-19 1.259E-19 1.297E-19 1.297E-19
 1.352E-19 1.367E-19 1.329E-19 1.245E-19 1.168E-19 1.128E-19 1.130E-19 1.170E-19 1.211E-19 1.194E-19
 1.147E-19 1.128E-19 1.132E-19 1.096E-19 1.074E-19 1.053E-19 1.082E-19 1.095E-19 1.119E-19 1.137E-19
 1.064E-19 9.985E-20 9.900E-20 1.019E-19 1.049E-19 1.032E-19 1.053E-19 1.075E-19 1.066E-19 1.047E-19
 9.700E-20 9.188E-20 8.921E-20 9.018E-20 1.002E-19 1.075E-19 1.109E-19 1.139E-19 1.083E-19 9.985E-20
 8.885E-20 8.837E-20 9.644E-20 9.606E-20 1.040E-19 1.105E-19 1.063E-19 9.740E-20 8.522E-20 7.980E-20
 8.328E-20 8.948E-20 8.446E-20 7.975E-20 8.570E-20 8.734E-20 8.296E-20 8.480E-20 8.620E-20 8.237E-20
 8.171E-20 8.462E-20 8.518E-20 8.870E-20 9.121E-20 8.293E-20 7.981E-20 7.999E-20 7.413E-20 7.181E-20
 7.415E-20 7.563E-20 7.963E-20 8.261E-20 8.623E-20 8.964E-20 8.707E-20 8.175E-20 7.547E-20 6.886E-20
 7.029E-20 8.496E-20 9.373E-20 9.098E-20 8.396E-20 7.427E-20 6.993E-20 7.119E-20 7.034E-20 6.848E-20
 7.423E-20 8.083E-20 7.602E-20 6.824E-20 6.943E-20 7.127E-20 6.291E-20 5.946E-20 6.228E-20 6.692E-20
 6.842E-20 7.130E-20 7.535E-20 6.941E-20 6.194E-20 6.094E-20 5.736E-20 6.144E-20 6.896E-20 7.559E-20
 7.396E-20 7.264E-20 6.656E-20 6.052E-20 6.374E-20 6.415E-20 6.128E-20 6.164E-20 6.365E-20 6.435E-20
 6.606E-20 6.535E-20 6.558E-20 6.404E-20 6.055E-20 5.699E-20 6.024E-20 6.529E-20 6.689E-20 6.566E-20
 6.512E-20 6.633E-20 6.391E-20 5.906E-20 5.752E-20 5.822E-20 6.425E-20 6.676E-20 6.499E-20 6.048E-20
 6.133E-20 5.962E-20 5.977E-20 6.732E-20 6.738E-20 6.601E-20 6.694E-20 6.622E-20 6.411E-20 6.084E-20
 6.080E-20 5.994E-20 5.291E-20 5.843E-20 6.760E-20 6.505E-20 6.411E-20 6.190E-20 5.544E-20 5.195E-20
 5.083E-20 4.578E-20 4.069E-20 4.460E-20 5.639E-20 5.934E-20 5.479E-20 5.437E-20 5.702E-20 6.243E-20
 5.834E-20 5.541E-20 6.711E-20 6.914E-20 6.784E-20 6.698E-20 5.950E-20 5.656E-20 5.320E-20 5.065E-20
 5.342E-20 5.937E-20 6.480E-20 6.639E-20 6.890E-20 6.468E-20 6.537E-20 6.001E-20 5.210E-20 5.390E-20
 5.840E-20 6.207E-20 6.273E-20 6.864E-20 6.962E-20 6.072E-20 5.655E-20 5.788E-20 5.900E-20 6.074E-20
 5.500E-20 5.357E-20 5.973E-20 6.137E-20 5.889E-20 6.222E-20 6.328E-20 5.460E-20 5.115E-20 5.758E-20
 6.004E-20 6.476E-20 6.626E-20 6.560E-20 6.783E-20 6.297E-20 5.321E-20 4.759E-20 5.710E-20 6.794E-20
 7.607E-20 7.787E-20 7.361E-20 6.804E-20 5.850E-20 5.530E-20 5.796E-20 5.731E-20 5.977E-20 6.031E-20
 6.340E-20 6.524E-20 6.192E-20 5.716E-20 5.530E-20 6.108E-20 6.261E-20 6.080E-20 6.342E-20 6.688E-20
 6.642E-20 6.443E-20 6.099E-20 6.457E-20 6.059E-20 5.530E-20 4.983E-20 5.601E-20 6.765E-20 6.553E-20
 6.118E-20 5.673E-20 5.342E-20 5.575E-20 5.818E-20 6.112E-20 6.162E-20 6.477E-20 6.820E-20 7.062E-20
 7.038E-20 6.262E-20 5.697E-20 6.722E-20 7.100E-20 6.863E-20 6.399E-20 6.549E-20 6.796E-20 6.182E-20
 6.258E-20 6.352E-20 6.360E-20 6.233E-20 6.104E-20 6.456E-20 6.923E-20 6.582E-20 6.914E-20 6.766E-20
 5.675E-20 5.265E-20 5.717E-20 6.555E-20 7.272E-20 7.654E-20 7.664E-20 7.278E-20 6.871E-20 6.494E-20
 6.315E-20 5.976E-20 5.960E-20 6.829E-20 7.790E-20 7.582E-20 6.985E-20 6.888E-20 7.075E-20 7.148E-20
 6.943E-20 6.571E-20 6.610E-20 6.655E-20 6.371E-20 6.435E-20 6.408E-20 6.141E-20 6.237E-20 5.989E-20
 6.147E-20 6.753E-20 7.085E-20 7.481E-20 7.640E-20 7.130E-20 6.871E-20 6.656E-20 6.396E-20 6.575E-20
 6.771E-20 7.275E-20 8.193E-20 7.630E-20 6.590E-20 6.216E-20 5.877E-20 5.757E-20 6.217E-20 6.051E-20
 6.548E-20 7.242E-20 7.182E-20 7.701E-20 7.669E-20 6.021E-20 5.152E-20 5.653E-20 6.421E-20 6.981E-20
 6.724E-20 6.725E-20 6.552E-20 6.439E-20 6.084E-20 5.965E-20 6.160E-20 6.108E-20 6.443E-20 6.824E-20
 6.965E-20 7.364E-20 6.904E-20 6.490E-20 6.555E-20 6.553E-20 6.336E-20 6.751E-20 7.304E-20 7.378E-20
 7.415E-20 7.139E-20 6.862E-20 6.762E-20 6.396E-20 6.389E-20 6.657E-20 6.898E-20 6.810E-20 6.585E-20
 6.619E-20 6.722E-20 6.914E-20 7.271E-20 7.174E-20 6.994E-20 7.148E-20 7.170E-20 7.545E-20 7.334E-20
 6.626E-20 5.696E-20 5.155E-20 5.334E-20 5.920E-20 6.231E-20 6.761E-20 7.166E-20 6.467E-20 6.500E-20
 7.168E-20 6.967E-20 6.151E-20 6.270E-20 6.652E-20 6.324E-20 6.479E-20 7.198E-20 6.983E-20 6.300E-20
 6.075E-20 6.357E-20 7.155E-20 7.285E-20 7.236E-20 7.776E-20 8.338E-20 8.348E-20 7.747E-20 7.076E-20
 6.340E-20 6.125E-20 6.439E-20 7.024E-20 6.450E-20 5.758E-20 5.224E-20 5.714E-20 6.825E-20 6.736E-20
 6.583E-20 6.610E-20 6.898E-20 7.021E-20 6.977E-20 7.121E-20 7.120E-20 7.241E-20 6.826E-20 6.564E-20
 7.353E-20 8.103E-20 8.239E-20 8.370E-20 8.472E-20 7.785E-20 7.304E-20 6.335E-20 5.615E-20 5.702E-20
 6.347E-20 6.390E-20 6.140E-20 6.413E-20 7.027E-20 7.525E-20 7.435E-20 7.106E-20 6.988E-20 6.964E-20
 6.799E-20 7.132E-20 7.350E-20 6.969E-20 6.330E-20 5.969E-20 6.312E-20 6.251E-20 5.900E-20 6.026E-20
 6.595E-20 7.073E-20 6.998E-20 6.734E-20 6.715E-20 6.885E-20 7.182E-20 7.152E-20 6.981E-20 6.970E-20
 7.457E-20 7.822E-20 7.480E-20 7.178E-20 6.160E-20 5.349E-20 5.698E-20 6.478E-20 6.541E-20 6.217E-20
 6.550E-20 6.533E-20 6.345E-20 6.414E-20 6.834E-20 7.479E-20 7.080E-20 7.043E-20 7.382E-20 7.383E-20
 7.524E-20 7.364E-20 6.738E-20 6.688E-20 6.343E-20 6.045E-20 6.288E-20 6.836E-20 7.926E-20 7.485E-20
 7.170E-20 7.179E-20 6.595E-20 6.555E-20 7.000E-20 7.724E-20 7.853E-20 7.015E-20 6.741E-20 6.863E-20
 6.713E-20 6.604E-20 6.560E-20 6.524E-20 6.867E-20 7.738E-20 8.042E-20 7.840E-20 7.860E-20 7.322E-20
 6.375E-20 6.623E-20 7.478E-20 7.703E-20 7.540E-20 7.487E-20 7.946E-20 8.366E-20 8.062E-20 7.448E-20
 7.139E-20 6.992E-20 7.191E-20 7.924E-20 8.039E-20 7.883E-20 7.403E-20 6.589E-20 6.572E-20 6.993E-20
 7.408E-20 7.796E-20 8.052E-20 7.870E-20 8.287E-20 8.707E-20 7.925E-20 7.848E-20 8.059E-20 7.818E-20
 7.798E-20 8.545E-20 9.198E-20 8.914E-20 8.758E-20 8.492E-20 8.020E-20 7.981E-20 8.161E-20 8.039E-20
 7.975E-20 8.331E-20 8.927E-20 8.964E-20 8.422E-20 8.278E-20 8.516E-20 7.710E-20 6.813E-20 7.267E-20
 7.814E-20 8.212E-20 8.423E-20 8.358E-20 7.998E-20 7.507E-20 7.569E-20 8.267E-20 8.345E-20 8.160E-20
 8.662E-20 9.001E-20 8.744E-20 8.042E-20 7.343E-20 7.471E-20 8.083E-20 8.366E-20 8.657E-20 8.684E-20
 8.826E-20 9.233E-20 9.197E-20 8.975E-20 8.663E-20 8.364E-20 8.378E-20 8.821E-20 9.366E-20 9.725E-20
 9.413E-20 9.003E-20 8.799E-20 8.604E-20 8.870E-20 9.188E-20 9.567E-20 1.006E-19 1.043E-19 1.081E-19
 1.071E-19 1.047E-19 9.961E-20 9.526E-20 9.821E-20 1.004E-19 9.678E-20 9.091E-20 8.817E-20 8.944E-20
 9.169E-20 9.414E-20 9.276E-20 8.916E-20 9.148E-20 9.734E-20 1.008E-19 9.835E-20 9.815E-20 1.059E-19
 1.024E-19 9.086E-20 8.375E-20 8.384E-20 9.658E-20 1.031E-19 1.022E-19 1.046E-19 1.065E-19 1.105E-19
 1.072E-19 1.003E-19 1.024E-19 1.054E-19 1.061E-19 1.078E-19 1.115E-19 1.129E-19 1.064E-19 1.015E-19
 1.075E-19 1.159E-19 1.190E-19 1.161E-19 1.191E-19 1.191E-19 1.164E-19 1.189E-19 1.213E-19 1.141E-19
 1.044E-19 1.054E-19 1.069E-19 1.118E-19 1.142E-19 1.129E-19 1.174E-19 1.154E-19 1.116E-19 1.116E-19
 1.137E-19 1.168E-19 1.164E-19 1.216E-19 1.211E-19 1.140E-19 1.113E-19 1.107E-19 1.166E-19 1.135E-19
 1.103E-19 1.129E-19 1.183E-19 1.200E-19 1.177E-19 1.121E-19 1.107E-19 1.130E-19 1.159E-19 1.169E-19
 1.193E-19 1.286E-19 1.290E-19 1.328E-19 1.392E-19 1.341E-19 1.253E-19 1.294E-19 1.309E-19 1.261E-19
 1.253E-19 1.255E-19 1.208E-19 1.152E-19 1.195E-19 1.218E-19 1.178E-19 1.170E-19 1.220E-19 1.257E-19
 1.286E-19 1.253E-19 1.199E-19 1.216E-19 1.177E-19 1.133E-19 1.168E-19 1.274E-19 1.275E-19 1.235E-19
 1.203E-19 1.170E-19 1.144E-19 1.174E-19 1.178E-19 1.154E-19 1.172E-19 1.207E-19 1.246E-19 1.246E-19
 1.224E-19 1.230E-19 1.241E-19 1.228E-19 1.209E-19 1.211E-19 1.213E-19 1.177E-19 1.221E-19 1.329E-19
 1.329E-19 1.209E-19 1.179E-19 1.207E-19 1.212E-19 1.221E-19 1.234E-19 1.246E-19 1.216E-19 1.222E-19
 1.186E-19 1.139E-19 1.175E-19 1.194E-19 1.242E-19 1.263E-19 1.237E-19 1.262E-19 1.230E-19 1.121E-19
 1.089E-19 1.129E-19 1.143E-19 1.126E-19 1.115E-19 1.105E-19 1.117E-19 1.118E-19 1.047E-19 1.017E-19
 1.000E-19 9.296E-20 8.678E-20 9.003E-20 1.018E-19 1.043E-19 9.961E-20 9.917E-20 9.561E-20 9.083E-20
 9.371E-20 1.002E-19 1.070E-19 1.126E-19 1.099E-19 1.080E-19 1.117E-19 1.114E-19 1.116E-19 1.069E-19
 9.975E-20 9.491E-20 9.078E-20 8.262E-20 8.292E-20 8.075E-20 7.569E-20 7.061E-20 6.664E-20 7.565E-20
 8.786E-20 8.949E-20 8.868E-20 8.948E-20 8.901E-20 8.196E-20 7.765E-20 7.475E-20 7.650E-20 7.999E-20
 8.040E-20 8.340E-20 8.457E-20 8.241E-20 7.534E-20 7.829E-20 8.239E-20 8.470E-20 8.512E-20 8.775E-20
 9.083E-20 8.841E-20 8.415E-20 8.289E-20 8.866E-20 8.836E-20 8.269E-20 8.104E-20 7.966E-20 8.789E-20
 9.087E-20 8.421E-20 8.355E-20 7.949E-20 7.508E-20 8.533E-20 8.932E-20 8.656E-20 9.219E-20 9.551E-20
 9.195E-20 9.128E-20 9.063E-20 9.111E-20 8.838E-20 8.527E-20 8.712E-20 9.044E-20 9.222E-20 9.143E-20
 9.573E-20 9.790E-20 9.446E-20 9.428E-20 9.057E-20 8.564E-20 8.989E-20 9.348E-20 8.799E-20 8.596E-20
 9.043E-20 8.392E-20 7.380E-20 7.446E-20 8.044E-20 8.862E-20 9.225E-20 8.686E-20 8.317E-20 8.341E-20
 8.014E-20 7.643E-20 7.474E-20 7.545E-20 8.438E-20 8.545E-20 8.276E-20 8.210E-20 8.236E-20 8.410E-20
 8.135E-20 7.732E-20 7.863E-20 8.266E-20 8.770E-20 9.078E-20 9.202E-20 9.197E-20 8.946E-20 8.681E-20
 8.883E-20 9.184E-20 8.626E-20 8.298E-20 8.953E-20 9.117E-20 8.611E-20 8.301E-20 7.848E-20 8.237E-20
 8.768E-20 8.790E-20 9.260E-20 9.570E-20 9.680E-20 9.591E-20 8.693E-20 8.004E-20 7.931E-20 8.340E-20
 8.568E-20 8.771E-20 9.051E-20 8.897E-20 9.225E-20 9.218E-20 9.083E-20 9.222E-20 9.051E-20 8.715E-20
 8.894E-20 8.857E-20 8.524E-20 8.847E-20 9.026E-20 8.206E-20 7.973E-20 8.170E-20 8.486E-20 9.136E-20
 9.736E-20 9.681E-20 9.877E-20 1.056E-19 1.005E-19 9.896E-20 9.876E-20 9.222E-20 9.169E-20 9.279E-20
 8.608E-20 8.746E-20 9.482E-20 9.645E-20 9.230E-20 8.686E-20 8.767E-20 9.206E-20 9.141E-20 9.389E-20
 9.773E-20 9.635E-20 9.397E-20 8.895E-20 9.069E-20 9.324E-20 8.828E-20 8.600E-20 9.262E-20 9.893E-20
 9.948E-20 9.860E-20 9.781E-20 9.619E-20 9.467E-20 9.289E-20 9.435E-20 9.959E-20 1.054E-19 1.076E-19
 1.033E-19 9.616E-20 9.402E-20 9.299E-20 9.496E-20 9.941E-20 9.962E-20 9.548E-20 9.550E-20 9.867E-20
 9.907E-20 9.937E-20 9.479E-20 9.539E-20 9.827E-20 1.025E-19 1.100E-19 1.119E-19 1.079E-19 1.106E-19
 1.179E-19 1.313E-19 1.275E-19 1.154E-19 1.101E-19 1.083E-19 1.050E-19 1.025E-19 9.918E-20 8.982E-20
 8.924E-20 9.298E-20 9.209E-20 9.220E-20 9.071E-20 9.381E-20 1.041E-19 9.988E-20 9.324E-20 9.010E-20
 9.115E-20 9.508E-20 9.658E-20 9.954E-20 1.050E-19 1.074E-19 1.097E-19 1.073E-19 1.001E-19 9.714E-20
 9.838E-20 9.869E-20 9.793E-20 1.031E-19 1.051E-19 9.822E-20 9.311E-20 8.877E-20 8.481E-20 8.855E-20
 9.304E-20 9.691E-20 1.036E-19 1.038E-19 9.998E-20 1.014E-19 1.015E-19 9.546E-20 9.212E-20 8.771E-20
 9.051E-20 9.356E-20 9.803E-20 1.032E-19 1.030E-19 9.563E-20 9.026E-20 9.286E-20 9.404E-20 9.161E-20
 9.162E-20 9.624E-20 9.468E-20 9.363E-20 9.256E-20 9.178E-20 8.900E-20 9.121E-20 1.025E-19 1.042E-19
 9.518E-20 9.517E-20 9.832E-20 9.743E-20 9.907E-20 9.886E-20 9.587E-20 9.785E-20 1.027E-19 1.048E-19
 1.058E-19 1.043E-19 1.029E-19 1.029E-19 1.146E-19 1.288E-19 1.393E-19 1.347E-19 1.139E-19 1.056E-19
 1.033E-19 9.581E-20 9.369E-20 8.855E-20 8.610E-20 8.657E-20 9.042E-20 9.577E-20 1.018E-19 1.045E-19
 9.849E-20 9.727E-20 9.021E-20 8.725E-20 8.866E-20 9.753E-20 1.065E-19 1.025E-19 9.454E-20 9.601E-20
 9.761E-20 9.493E-20 9.176E-20 9.071E-20 8.338E-20 7.804E-20 8.730E-20 9.268E-20 9.177E-20 8.785E-20
 8.566E-20 8.653E-20 9.275E-20 9.400E-20 8.866E-20 8.666E-20 8.379E-20 8.643E-20 8.756E-20 8.362E-20
 8.072E-20 7.930E-20 7.920E-20 8.163E-20 8.579E-20 9.138E-20 9.585E-20 9.421E-20 8.722E-20 8.795E-20
 8.750E-20 8.140E-20 8.285E-20 9.138E-20 9.466E-20 9.556E-20 9.615E-20 8.607E-20 8.275E-20 8.231E-20
 8.022E-20 7.780E-20 7.764E-20 8.842E-20 9.130E-20 8.768E-20 9.010E-20 9.226E-20 9.506E-20 8.951E-20
 8.465E-20 8.631E-20 8.785E-20 8.923E-20 8.944E-20 8.773E-20 8.483E-20 8.527E-20 8.690E-20 8.344E-20
 8.342E-20 8.890E-20 9.248E-20 9.035E-20 8.630E-20 8.638E-20 8.527E-20 8.313E-20 8.407E-20 8.953E-20
 9.093E-20 9.168E-20 9.753E-20 1.014E-19 9.259E-20 8.222E-20 8.306E-20 8.807E-20 9.185E-20 9.383E-20
 9.738E-20 9.716E-20 9.354E-20 9.001E-20 8.514E-20 8.199E-20 8.366E-20 9.050E-20 9.373E-20 9.669E-20
 9.790E-20 9.325E-20 9.219E-20 9.215E-20 9.080E-20 8.733E-20 8.859E-20 8.851E-20 9.029E-20 9.391E-20
 9.458E-20 8.947E-20 8.453E-20 8.474E-20 8.228E-20 8.523E-20 8.706E-20 7.976E-20 7.889E-20 8.253E-20
 8.179E-20 8.273E-20 7.940E-20 7.887E-20 8.070E-20 8.283E-20 8.656E-20 8.417E-20 8.401E-20 8.654E-20
 8.467E-20 7.904E-20 7.287E-20 7.093E-20 7.288E-20 7.352E-20 7.600E-20 8.210E-20 8.432E-20 8.424E-20
 7.755E-20 7.215E-20 7.506E-20 7.995E-20 8.410E-20 8.496E-20 8.444E-20 8.727E-20 8.917E-20 8.451E-20
 7.628E-20 7.510E-20 7.652E-20 7.826E-20 8.518E-20 8.632E-20 8.735E-20 8.345E-20 8.018E-20 7.728E-20
 7.171E-20 6.897E-20 7.190E-20 7.961E-20 8.184E-20 8.264E-20 8.434E-20 8.219E-20 8.458E-20 9.107E-20
 9.240E-20 9.980E-20 1.101E-19 1.177E-19 1.113E-19 9.853E-20 9.766E-20 9.139E-20 8.274E-20 8.341E-20
 8.641E-20 8.290E-20 8.149E-20 8.440E-20 8.264E-20 8.534E-20 8.364E-20 8.029E-20 7.884E-20 7.913E-20
 7.834E-20 7.702E-20 8.450E-20 8.706E-20 8.068E-20 7.343E-20 7.474E-20 8.007E-20 7.985E-20 7.562E-20
 7.078E-20 6.883E-20 7.381E-20 7.603E-20 7.400E-20 7.613E-20 7.933E-20 8.018E-20 7.945E-20 8.323E-20
 8.637E-20 8.699E-20 8.614E-20 8.183E-20 7.053E-20 6.311E-20 6.561E-20 6.926E-20 7.295E-20 7.530E-20
 7.357E-20 6.813E-20 6.909E-20 7.045E-20 6.739E-20 6.743E-20 7.425E-20 7.952E-20 7.967E-20 8.053E-20
 8.801E-20 8.567E-20 7.756E-20 7.658E-20 8.075E-20 8.326E-20 7.899E-20 8.070E-20 8.370E-20 8.269E-20
 8.320E-20 8.361E-20 8.019E-20 7.770E-20 7.776E-20 7.718E-20 7.951E-20 8.576E-20 8.203E-20 8.139E-20
 8.812E-20 9.028E-20 9.058E-20 8.773E-20 8.748E-20 9.728E-20 1.034E-19 1.072E-19 1.055E-19 1.111E-19
 1.204E-19 1.253E-19 1.270E-19 1.161E-19 9.686E-20 8.075E-20 7.546E-20 7.308E-20 6.390E-20 5.913E-20
 6.476E-20 6.558E-20 6.917E-20 7.304E-20 7.229E-20 7.342E-20 7.295E-20 6.825E-20 6.314E-20 5.827E-20
 5.732E-20 5.788E-20 6.023E-20 6.554E-20 7.021E-20 6.097E-20 5.703E-20 6.550E-20 6.462E-20 5.962E-20
 5.606E-20 5.314E-20 6.052E-20 6.889E-20 6.762E-20 6.088E-20 5.767E-20 6.076E-20 6.127E-20 5.719E-20
 5.351E-20 5.408E-20 5.673E-20 6.175E-20 6.422E-20 5.874E-20 4.863E-20 4.857E-20 5.521E-20 5.710E-20
 5.932E-20 6.242E-20 6.438E-20 6.581E-20 6.761E-20 6.548E-20 6.204E-20 5.769E-20 5.387E-20 5.501E-20
 5.855E-20 5.946E-20 5.637E-20 5.664E-20 5.637E-20 5.532E-20 5.491E-20 5.604E-20 6.043E-20 5.703E-20
 5.422E-20 5.851E-20 5.983E-20 5.784E-20 5.755E-20 5.531E-20 6.035E-20 6.439E-20 6.954E-20 7.494E-20
 6.927E-20 6.346E-20 5.928E-20 5.778E-20 5.543E-20 5.725E-20 5.639E-20 5.215E-20 4.894E-20 5.452E-20
 5.907E-20 5.691E-20 5.499E-20 5.220E-20 5.236E-20 5.385E-20 5.455E-20 5.801E-20 5.964E-20 5.963E-20
 6.128E-20 6.208E-20 6.108E-20 5.399E-20 4.564E-20 4.219E-20 4.271E-20 5.032E-20 5.157E-20 4.451E-20
 5.207E-20 5.797E-20 5.102E-20 4.921E-20 5.123E-20 4.796E-20 4.763E-20 4.998E-20 5.035E-20 4.927E-20
 4.648E-20 4.616E-20 4.727E-20 4.848E-20 4.635E-20 5.016E-20 5.780E-20 5.949E-20 5.449E-20 5.313E-20
 5.031E-20 4.487E-20 4.093E-20 4.702E-20 5.085E-20 4.717E-20 5.256E-20 5.265E-20 4.930E-20 4.508E-20
 4.484E-20 4.591E-20 5.490E-20 5.528E-20 4.923E-20 4.730E-20 4.326E-20 4.152E-20 4.680E-20 4.739E-20
 4.455E-20 4.665E-20 4.707E-20 5.301E-20 5.802E-20 5.520E-20 4.707E-20 4.161E-20 4.118E-20 4.243E-20
 4.477E-20 4.311E-20 4.337E-20 4.506E-20 4.945E-20 5.303E-20 4.781E-20 4.371E-20 3.712E-20 4.122E-20
 5.060E-20 5.445E-20 5.417E-20 5.181E-20 5.145E-20 4.924E-20 4.864E-20 4.880E-20 4.635E-20 4.671E-20
 5.183E-20 5.749E-20 5.904E-20 5.659E-20 5.540E-20 4.964E-20 4.141E-20 3.577E-20 3.688E-20 4.594E-20
 4.740E-20 4.576E-20 4.466E-20 4.670E-20 4.731E-20 4.192E-20 4.233E-20 4.814E-20 5.103E-20 4.545E-20
 4.257E-20 4.635E-20 4.330E-20 3.991E-20 4.262E-20 4.425E-20 4.244E-20 4.604E-20 5.306E-20 5.750E-20
 5.666E-20 5.198E-20 5.044E-20 4.676E-20 4.013E-20 3.450E-20 3.018E-20 3.456E-20 3.934E-20 4.181E-20
 4.771E-20 4.543E-20 4.313E-20 4.493E-20 4.659E-20 4.260E-20 4.082E-20 4.499E-20 4.512E-20 4.273E-20
 3.948E-20 4.217E-20 4.562E-20 4.354E-20 4.338E-20 4.754E-20 4.611E-20 4.609E-20 5.149E-20 4.675E-20
 3.848E-20 3.744E-20 4.125E-20 4.763E-20 5.178E-20 5.203E-20 5.561E-20 5.212E-20 4.614E-20 4.243E-20
 4.035E-20 4.475E-20 4.723E-20 5.067E-20 5.290E-20 4.809E-20 4.820E-20 4.968E-20 5.435E-20 5.769E-20
 4.722E-20 3.963E-20 4.556E-20 5.199E-20 5.320E-20 5.154E-20 4.871E-20 4.914E-20 4.446E-20 3.833E-20
 4.187E-20 4.087E-20 3.794E-20 4.126E-20 4.208E-20 4.263E-20 3.912E-20 3.536E-20 4.143E-20 4.771E-20
 5.011E-20 5.100E-20 5.372E-20 5.508E-20 5.278E-20 4.764E-20 5.009E-20 5.065E-20 3.954E-20 3.371E-20
 3.548E-20 4.042E-20 5.115E-20 5.549E-20 5.433E-20 5.155E-20 4.539E-20 4.386E-20 3.921E-20 3.972E-20
 4.562E-20 4.660E-20 4.539E-20 4.956E-20 5.137E-20 4.284E-20 3.653E-20 3.496E-20 3.533E-20 4.100E-20
 4.970E-20 5.072E-20 4.576E-20 4.719E-20 4.856E-20 4.365E-20 3.638E-20 3.745E-20 3.974E-20 4.344E-20
 4.675E-20 4.759E-20 4.783E-20 4.927E-20 4.482E-20 4.118E-20 4.355E-20 4.479E-20 4.548E-20 4.091E-20
 3.720E-20 3.798E-20 3.404E-20 2.775E-20 3.018E-20 3.406E-20 3.888E-20 4.041E-20 4.269E-20 4.272E-20
 3.700E-20 3.900E-20 3.814E-20 4.030E-20 3.986E-20 3.745E-20 3.550E-20 4.176E-20 4.669E-20 4.189E-20
 4.166E-20 4.107E-20 3.929E-20 3.766E-20 3.837E-20 3.631E-20 3.493E-20 4.034E-20 4.565E-20 4.344E-20
 3.583E-20 3.262E-20 3.457E-20 3.733E-20 3.802E-20 3.447E-20 3.739E-20 4.701E-20 4.659E-20 3.956E-20
 4.009E-20 3.963E-20 3.784E-20 3.860E-20 4.150E-20 4.003E-20 4.377E-20 4.435E-20 4.146E-20 4.266E-20
 4.337E-20 4.453E-20 4.263E-20 4.063E-20 4.145E-20 4.762E-20 4.572E-20 4.388E-20 4.402E-20 3.992E-20
 3.947E-20 3.774E-20 3.190E-20 3.399E-20 4.344E-20 4.657E-20 4.684E-20 4.210E-20 3.935E-20 3.766E-20
 3.570E-20 3.476E-20 3.876E-20 4.465E-20 4.067E-20 3.439E-20 3.737E-20 3.861E-20 3.622E-20 3.092E-20
 3.027E-20 3.169E-20 3.586E-20 4.582E-20 4.268E-20 3.394E-20 3.210E-20 3.417E-20 3.923E-20 4.596E-20
 4.960E-20 4.517E-20 4.291E-20 3.943E-20 3.165E-20 2.995E-20 3.175E-20 2.753E-20 2.350E-20 2.613E-20
 3.169E-20 3.258E-20 3.290E-20 3.581E-20 4.193E-20 4.067E-20 3.424E-20 3.331E-20 2.912E-20 2.632E-20
 2.770E-20 3.798E-20 4.278E-20 4.240E-20 3.729E-20 3.167E-20 2.829E-20 3.034E-20 3.924E-20 4.553E-20
 4.515E-20 4.085E-20 3.254E-20 2.985E-20 2.875E-20 2.454E-20 2.764E-20 0.000E+00 0.000E+00 0.000E+00
