   C2Cl2F4 1030.0110 1066.9930      2494  273.0000    0.0000 1.299E-18  NCAR    CFC-114
 3.611E-20 3.576E-20 3.976E-20 3.946E-20 3.792E-20 4.088E-20 4.205E-20 4.001E-20 4.161E-20 3.966E-20
 3.231E-20 3.674E-20 4.667E-20 4.767E-20 4.147E-20 3.689E-20 3.553E-20 3.545E-20 3.410E-20 3.634E-20
 3.611E-20 3.715E-20 4.243E-20 4.509E-20 4.869E-20 5.017E-20 4.431E-20 3.944E-20 4.015E-20 4.641E-20
 4.550E-20 4.087E-20 4.162E-20 4.577E-20 4.945E-20 5.053E-20 4.628E-20 4.118E-20 4.242E-20 4.329E-20
 4.316E-20 4.166E-20 4.002E-20 3.708E-20 3.890E-20 4.510E-20 4.653E-20 4.190E-20 3.964E-20 4.072E-20
 4.192E-20 4.511E-20 4.701E-20 4.856E-20 4.885E-20 4.536E-20 4.168E-20 3.700E-20 3.521E-20 3.649E-20
 4.218E-20 4.664E-20 4.777E-20 4.924E-20 4.823E-20 4.348E-20 4.371E-20 4.642E-20 4.731E-20 4.756E-20
 4.772E-20 4.807E-20 4.441E-20 4.840E-20 4.951E-20 4.864E-20 4.839E-20 4.341E-20 4.678E-20 4.943E-20
 4.695E-20 4.600E-20 4.353E-20 4.258E-20 4.396E-20 4.243E-20 4.090E-20 4.624E-20 5.273E-20 4.928E-20
 4.169E-20 3.645E-20 4.016E-20 4.711E-20 4.865E-20 4.691E-20 5.064E-20 5.260E-20 5.034E-20 4.989E-20
 4.901E-20 4.942E-20 5.000E-20 5.250E-20 5.656E-20 5.376E-20 5.181E-20 6.051E-20 6.395E-20 6.340E-20
 6.211E-20 6.030E-20 5.364E-20 4.869E-20 4.870E-20 5.012E-20 4.923E-20 5.207E-20 5.587E-20 5.175E-20
 5.154E-20 5.214E-20 5.167E-20 5.579E-20 5.203E-20 5.220E-20 5.379E-20 5.121E-20 5.245E-20 5.044E-20
 4.942E-20 5.511E-20 5.666E-20 5.280E-20 5.345E-20 5.511E-20 5.481E-20 5.701E-20 5.714E-20 5.221E-20
 4.780E-20 4.597E-20 5.432E-20 5.914E-20 5.797E-20 5.544E-20 5.344E-20 4.893E-20 5.060E-20 5.310E-20
 5.631E-20 6.102E-20 6.119E-20 5.982E-20 5.826E-20 5.505E-20 5.715E-20 6.023E-20 5.757E-20 5.557E-20
 5.761E-20 5.906E-20 5.723E-20 5.297E-20 5.199E-20 5.676E-20 6.116E-20 5.820E-20 5.350E-20 5.542E-20
 5.859E-20 5.693E-20 5.814E-20 6.300E-20 6.214E-20 5.930E-20 6.089E-20 5.748E-20 4.948E-20 5.262E-20
 5.558E-20 5.728E-20 6.276E-20 6.421E-20 5.843E-20 5.804E-20 6.171E-20 6.304E-20 5.848E-20 5.538E-20
 6.064E-20 5.749E-20 5.633E-20 5.917E-20 5.678E-20 5.598E-20 5.966E-20 6.628E-20 6.777E-20 6.476E-20
 6.489E-20 6.721E-20 6.689E-20 6.636E-20 6.994E-20 7.360E-20 7.015E-20 6.782E-20 6.870E-20 7.131E-20
 7.336E-20 7.403E-20 7.096E-20 7.045E-20 6.956E-20 7.295E-20 7.566E-20 7.036E-20 6.571E-20 6.599E-20
 6.806E-20 7.050E-20 7.267E-20 6.770E-20 6.506E-20 6.744E-20 7.062E-20 7.108E-20 7.130E-20 7.343E-20
 7.468E-20 7.318E-20 6.945E-20 7.280E-20 7.602E-20 7.583E-20 7.522E-20 7.427E-20 7.761E-20 7.571E-20
 7.001E-20 6.365E-20 5.925E-20 6.385E-20 6.681E-20 6.765E-20 6.915E-20 7.351E-20 7.052E-20 6.919E-20
 7.442E-20 7.640E-20 7.988E-20 8.190E-20 8.463E-20 8.461E-20 7.973E-20 7.674E-20 7.621E-20 7.518E-20
 7.752E-20 7.710E-20 7.391E-20 7.608E-20 8.137E-20 8.502E-20 8.640E-20 8.265E-20 7.740E-20 8.168E-20
 8.723E-20 8.020E-20 7.421E-20 7.932E-20 7.997E-20 7.578E-20 7.860E-20 7.777E-20 7.706E-20 8.119E-20
 8.200E-20 8.399E-20 8.816E-20 9.090E-20 9.272E-20 9.044E-20 8.066E-20 7.880E-20 8.105E-20 8.450E-20
 8.543E-20 8.335E-20 8.234E-20 8.621E-20 8.790E-20 8.254E-20 7.712E-20 8.150E-20 8.368E-20 8.188E-20
 7.922E-20 8.070E-20 9.241E-20 9.736E-20 9.618E-20 9.099E-20 8.759E-20 8.812E-20 9.264E-20 9.376E-20
 9.765E-20 1.015E-19 9.775E-20 8.880E-20 8.793E-20 9.046E-20 9.298E-20 9.473E-20 1.029E-19 1.036E-19
 9.211E-20 8.911E-20 9.605E-20 9.994E-20 1.005E-19 1.002E-19 1.025E-19 1.018E-19 9.820E-20 9.395E-20
 9.411E-20 9.700E-20 9.091E-20 8.612E-20 8.891E-20 9.048E-20 8.888E-20 9.094E-20 9.844E-20 1.021E-19
 1.022E-19 1.024E-19 1.003E-19 9.565E-20 9.698E-20 1.014E-19 1.025E-19 1.026E-19 1.013E-19 1.011E-19
 1.048E-19 1.055E-19 1.018E-19 1.009E-19 1.064E-19 1.076E-19 1.032E-19 1.056E-19 1.040E-19 1.031E-19
 1.046E-19 1.047E-19 1.052E-19 1.075E-19 1.090E-19 1.097E-19 1.095E-19 1.118E-19 1.138E-19 1.081E-19
 1.037E-19 1.108E-19 1.145E-19 1.134E-19 1.126E-19 1.137E-19 1.136E-19 1.119E-19 1.165E-19 1.183E-19
 1.154E-19 1.201E-19 1.190E-19 1.173E-19 1.156E-19 1.108E-19 1.134E-19 1.166E-19 1.112E-19 1.130E-19
 1.120E-19 1.102E-19 1.117E-19 1.200E-19 1.230E-19 1.218E-19 1.177E-19 1.177E-19 1.215E-19 1.211E-19
 1.213E-19 1.191E-19 1.190E-19 1.228E-19 1.251E-19 1.272E-19 1.271E-19 1.216E-19 1.191E-19 1.165E-19
 1.202E-19 1.269E-19 1.341E-19 1.367E-19 1.362E-19 1.315E-19 1.247E-19 1.238E-19 1.265E-19 1.296E-19
 1.324E-19 1.321E-19 1.326E-19 1.314E-19 1.278E-19 1.256E-19 1.268E-19 1.299E-19 1.320E-19 1.324E-19
 1.413E-19 1.463E-19 1.392E-19 1.354E-19 1.379E-19 1.365E-19 1.380E-19 1.390E-19 1.379E-19 1.437E-19
 1.459E-19 1.442E-19 1.488E-19 1.452E-19 1.350E-19 1.347E-19 1.417E-19 1.445E-19 1.502E-19 1.505E-19
 1.396E-19 1.401E-19 1.465E-19 1.417E-19 1.380E-19 1.399E-19 1.441E-19 1.472E-19 1.500E-19 1.531E-19
 1.523E-19 1.478E-19 1.469E-19 1.514E-19 1.569E-19 1.581E-19 1.583E-19 1.588E-19 1.587E-19 1.561E-19
 1.528E-19 1.547E-19 1.601E-19 1.581E-19 1.585E-19 1.647E-19 1.666E-19 1.622E-19 1.552E-19 1.559E-19
 1.595E-19 1.580E-19 1.579E-19 1.563E-19 1.585E-19 1.639E-19 1.679E-19 1.684E-19 1.658E-19 1.691E-19
 1.706E-19 1.673E-19 1.652E-19 1.701E-19 1.722E-19 1.751E-19 1.777E-19 1.712E-19 1.728E-19 1.806E-19
 1.778E-19 1.759E-19 1.798E-19 1.842E-19 1.796E-19 1.736E-19 1.739E-19 1.828E-19 1.852E-19 1.764E-19
 1.716E-19 1.765E-19 1.787E-19 1.787E-19 1.793E-19 1.842E-19 1.838E-19 1.804E-19 1.754E-19 1.779E-19
 1.901E-19 2.007E-19 2.022E-19 1.908E-19 1.867E-19 1.898E-19 1.912E-19 1.899E-19 1.858E-19 1.879E-19
 1.926E-19 1.924E-19 1.908E-19 1.933E-19 1.929E-19 1.954E-19 1.973E-19 1.906E-19 1.873E-19 1.856E-19
 1.932E-19 2.006E-19 2.007E-19 1.962E-19 1.931E-19 1.938E-19 2.002E-19 1.984E-19 1.932E-19 1.930E-19
 1.962E-19 2.045E-19 2.078E-19 2.070E-19 2.088E-19 2.130E-19 2.094E-19 2.055E-19 2.070E-19 2.088E-19
 2.134E-19 2.143E-19 2.099E-19 2.082E-19 2.078E-19 2.092E-19 2.126E-19 2.156E-19 2.192E-19 2.201E-19
 2.159E-19 2.146E-19 2.171E-19 2.203E-19 2.198E-19 2.135E-19 2.105E-19 2.135E-19 2.177E-19 2.243E-19
 2.274E-19 2.285E-19 2.312E-19 2.320E-19 2.305E-19 2.304E-19 2.314E-19 2.289E-19 2.278E-19 2.329E-19
 2.327E-19 2.292E-19 2.288E-19 2.296E-19 2.322E-19 2.371E-19 2.399E-19 2.455E-19 2.472E-19 2.474E-19
 2.447E-19 2.429E-19 2.400E-19 2.379E-19 2.400E-19 2.418E-19 2.491E-19 2.497E-19 2.463E-19 2.456E-19
 2.468E-19 2.437E-19 2.484E-19 2.480E-19 2.465E-19 2.489E-19 2.547E-19 2.534E-19 2.538E-19 2.575E-19
 2.583E-19 2.563E-19 2.547E-19 2.609E-19 2.685E-19 2.689E-19 2.625E-19 2.615E-19 2.614E-19 2.613E-19
 2.589E-19 2.618E-19 2.680E-19 2.690E-19 2.735E-19 2.779E-19 2.713E-19 2.667E-19 2.681E-19 2.670E-19
 2.656E-19 2.682E-19 2.790E-19 2.863E-19 2.837E-19 2.780E-19 2.766E-19 2.770E-19 2.830E-19 2.807E-19
 2.757E-19 2.779E-19 2.802E-19 2.859E-19 2.900E-19 2.927E-19 2.954E-19 2.918E-19 2.850E-19 2.876E-19
 2.908E-19 2.876E-19 2.879E-19 2.878E-19 2.912E-19 2.956E-19 2.972E-19 2.970E-19 2.968E-19 2.998E-19
 3.006E-19 3.100E-19 3.158E-19 3.087E-19 3.036E-19 3.075E-19 3.115E-19 3.120E-19 3.053E-19 3.032E-19
 3.066E-19 3.084E-19 3.109E-19 3.122E-19 3.099E-19 3.150E-19 3.171E-19 3.117E-19 3.123E-19 3.143E-19
 3.135E-19 3.136E-19 3.141E-19 3.185E-19 3.219E-19 3.234E-19 3.223E-19 3.255E-19 3.316E-19 3.351E-19
 3.300E-19 3.275E-19 3.316E-19 3.340E-19 3.315E-19 3.279E-19 3.315E-19 3.384E-19 3.461E-19 3.496E-19
 3.456E-19 3.454E-19 3.466E-19 3.520E-19 3.522E-19 3.484E-19 3.494E-19 3.527E-19 3.567E-19 3.541E-19
 3.554E-19 3.554E-19 3.502E-19 3.531E-19 3.537E-19 3.490E-19 3.547E-19 3.622E-19 3.652E-19 3.668E-19
 3.637E-19 3.563E-19 3.575E-19 3.630E-19 3.663E-19 3.615E-19 3.593E-19 3.628E-19 3.709E-19 3.756E-19
 3.726E-19 3.706E-19 3.710E-19 3.705E-19 3.759E-19 3.788E-19 3.782E-19 3.790E-19 3.827E-19 3.808E-19
 3.807E-19 3.849E-19 3.874E-19 3.886E-19 3.890E-19 3.862E-19 3.827E-19 3.832E-19 3.830E-19 3.846E-19
 3.982E-19 4.069E-19 4.018E-19 4.039E-19 4.114E-19 4.133E-19 4.111E-19 4.082E-19 4.087E-19 4.092E-19
 4.031E-19 4.005E-19 4.053E-19 4.074E-19 4.120E-19 4.162E-19 4.110E-19 4.037E-19 4.086E-19 4.120E-19
 4.148E-19 4.206E-19 4.203E-19 4.200E-19 4.247E-19 4.269E-19 4.222E-19 4.230E-19 4.317E-19 4.377E-19
 4.316E-19 4.284E-19 4.255E-19 4.247E-19 4.285E-19 4.314E-19 4.353E-19 4.393E-19 4.429E-19 4.453E-19
 4.473E-19 4.510E-19 4.496E-19 4.525E-19 4.605E-19 4.647E-19 4.630E-19 4.636E-19 4.594E-19 4.575E-19
 4.625E-19 4.672E-19 4.639E-19 4.623E-19 4.682E-19 4.719E-19 4.679E-19 4.634E-19 4.648E-19 4.733E-19
 4.806E-19 4.810E-19 4.756E-19 4.661E-19 4.683E-19 4.772E-19 4.808E-19 4.817E-19 4.804E-19 4.765E-19
 4.827E-19 4.907E-19 4.868E-19 4.824E-19 4.865E-19 4.888E-19 4.921E-19 4.993E-19 4.963E-19 4.945E-19
 5.030E-19 5.088E-19 5.037E-19 4.911E-19 4.906E-19 4.938E-19 5.012E-19 5.062E-19 5.064E-19 5.075E-19
 5.109E-19 5.163E-19 5.136E-19 5.091E-19 5.101E-19 5.171E-19 5.191E-19 5.228E-19 5.247E-19 5.243E-19
 5.278E-19 5.295E-19 5.357E-19 5.366E-19 5.275E-19 5.239E-19 5.251E-19 5.271E-19 5.303E-19 5.336E-19
 5.336E-19 5.364E-19 5.433E-19 5.416E-19 5.377E-19 5.389E-19 5.411E-19 5.454E-19 5.563E-19 5.608E-19
 5.520E-19 5.497E-19 5.580E-19 5.621E-19 5.586E-19 5.516E-19 5.549E-19 5.584E-19 5.567E-19 5.536E-19
 5.540E-19 5.601E-19 5.626E-19 5.672E-19 5.729E-19 5.711E-19 5.699E-19 5.679E-19 5.683E-19 5.756E-19
 5.799E-19 5.852E-19 5.891E-19 5.829E-19 5.777E-19 5.801E-19 5.885E-19 5.924E-19 5.895E-19 5.838E-19
 5.846E-19 5.896E-19 5.953E-19 5.995E-19 6.034E-19 6.064E-19 6.095E-19 6.106E-19 6.110E-19 6.100E-19
 6.079E-19 6.057E-19 6.054E-19 6.114E-19 6.127E-19 6.086E-19 6.076E-19 6.122E-19 6.137E-19 6.185E-19
 6.180E-19 6.204E-19 6.238E-19 6.242E-19 6.147E-19 6.119E-19 6.150E-19 6.195E-19 6.264E-19 6.269E-19
 6.288E-19 6.274E-19 6.287E-19 6.396E-19 6.398E-19 6.332E-19 6.350E-19 6.326E-19 6.351E-19 6.425E-19
 6.460E-19 6.507E-19 6.536E-19 6.474E-19 6.428E-19 6.472E-19 6.446E-19 6.403E-19 6.444E-19 6.454E-19
 6.439E-19 6.445E-19 6.513E-19 6.569E-19 6.591E-19 6.624E-19 6.636E-19 6.632E-19 6.630E-19 6.705E-19
 6.758E-19 6.683E-19 6.630E-19 6.640E-19 6.616E-19 6.640E-19 6.715E-19 6.824E-19 6.864E-19 6.813E-19
 6.801E-19 6.787E-19 6.796E-19 6.751E-19 6.743E-19 6.872E-19 6.968E-19 6.974E-19 6.890E-19 6.800E-19
 6.788E-19 6.813E-19 6.825E-19 6.881E-19 6.934E-19 6.952E-19 6.996E-19 7.071E-19 7.044E-19 6.939E-19
 6.914E-19 6.939E-19 7.014E-19 7.019E-19 7.024E-19 7.020E-19 7.042E-19 7.110E-19 7.150E-19 7.116E-19
 7.048E-19 7.080E-19 7.145E-19 7.196E-19 7.211E-19 7.164E-19 7.070E-19 7.130E-19 7.295E-19 7.292E-19
 7.265E-19 7.305E-19 7.302E-19 7.300E-19 7.328E-19 7.318E-19 7.257E-19 7.265E-19 7.270E-19 7.221E-19
 7.275E-19 7.334E-19 7.375E-19 7.392E-19 7.390E-19 7.432E-19 7.425E-19 7.437E-19 7.516E-19 7.549E-19
 7.454E-19 7.486E-19 7.544E-19 7.466E-19 7.477E-19 7.598E-19 7.714E-19 7.647E-19 7.487E-19 7.488E-19
 7.598E-19 7.666E-19 7.644E-19 7.617E-19 7.601E-19 7.536E-19 7.499E-19 7.590E-19 7.677E-19 7.751E-19
 7.722E-19 7.623E-19 7.661E-19 7.664E-19 7.695E-19 7.767E-19 7.790E-19 7.812E-19 7.767E-19 7.677E-19
 7.690E-19 7.775E-19 7.834E-19 7.868E-19 7.845E-19 7.826E-19 7.815E-19 7.734E-19 7.778E-19 7.898E-19
 7.890E-19 7.854E-19 7.846E-19 7.847E-19 7.866E-19 7.906E-19 7.946E-19 7.956E-19 7.946E-19 7.927E-19
 7.900E-19 7.972E-19 8.032E-19 8.006E-19 8.020E-19 7.993E-19 8.030E-19 8.148E-19 8.145E-19 8.033E-19
 8.061E-19 8.181E-19 8.240E-19 8.279E-19 8.268E-19 8.196E-19 8.096E-19 8.053E-19 8.095E-19 8.119E-19
 8.112E-19 8.128E-19 8.186E-19 8.201E-19 8.253E-19 8.368E-19 8.319E-19 8.242E-19 8.284E-19 8.307E-19
 8.256E-19 8.268E-19 8.362E-19 8.440E-19 8.409E-19 8.354E-19 8.339E-19 8.358E-19 8.290E-19 8.275E-19
 8.363E-19 8.436E-19 8.485E-19 8.483E-19 8.468E-19 8.488E-19 8.450E-19 8.369E-19 8.426E-19 8.476E-19
 8.446E-19 8.472E-19 8.523E-19 8.482E-19 8.559E-19 8.639E-19 8.595E-19 8.598E-19 8.581E-19 8.504E-19
 8.507E-19 8.606E-19 8.656E-19 8.651E-19 8.637E-19 8.609E-19 8.597E-19 8.597E-19 8.607E-19 8.695E-19
 8.774E-19 8.720E-19 8.713E-19 8.724E-19 8.718E-19 8.733E-19 8.678E-19 8.715E-19 8.801E-19 8.804E-19
 8.805E-19 8.929E-19 9.017E-19 8.931E-19 8.859E-19 8.785E-19 8.810E-19 8.924E-19 8.885E-19 8.863E-19
 8.849E-19 8.853E-19 8.947E-19 9.033E-19 9.022E-19 8.919E-19 8.865E-19 8.876E-19 8.929E-19 9.016E-19
 9.001E-19 8.962E-19 8.971E-19 9.043E-19 9.104E-19 9.079E-19 9.046E-19 9.021E-19 9.024E-19 9.045E-19
 9.053E-19 9.084E-19 9.108E-19 9.120E-19 9.159E-19 9.146E-19 9.156E-19 9.267E-19 9.279E-19 9.229E-19
 9.264E-19 9.312E-19 9.341E-19 9.392E-19 9.411E-19 9.353E-19 9.387E-19 9.427E-19 9.389E-19 9.333E-19
 9.364E-19 9.365E-19 9.303E-19 9.285E-19 9.286E-19 9.366E-19 9.507E-19 9.482E-19 9.445E-19 9.472E-19
 9.463E-19 9.437E-19 9.437E-19 9.499E-19 9.525E-19 9.579E-19 9.620E-19 9.552E-19 9.493E-19 9.447E-19
 9.478E-19 9.557E-19 9.527E-19 9.475E-19 9.540E-19 9.618E-19 9.582E-19 9.579E-19 9.563E-19 9.584E-19
 9.679E-19 9.801E-19 9.863E-19 9.817E-19 9.714E-19 9.674E-19 9.793E-19 9.920E-19 9.834E-19 9.767E-19
 9.778E-19 9.799E-19 9.816E-19 9.897E-19 1.000E-18 9.949E-19 9.871E-19 9.764E-19 9.703E-19 9.834E-19
 9.943E-19 9.997E-19 1.004E-18 9.896E-19 9.857E-19 9.987E-19 1.005E-18 9.913E-19 9.872E-19 1.001E-18
 1.009E-18 1.015E-18 1.010E-18 1.002E-18 1.004E-18 1.006E-18 1.012E-18 1.011E-18 1.015E-18 1.021E-18
 1.018E-18 1.022E-18 1.025E-18 1.030E-18 1.033E-18 1.036E-18 1.030E-18 1.025E-18 1.026E-18 1.023E-18
 1.023E-18 1.019E-18 1.016E-18 1.021E-18 1.027E-18 1.029E-18 1.041E-18 1.049E-18 1.041E-18 1.035E-18
 1.038E-18 1.046E-18 1.051E-18 1.046E-18 1.046E-18 1.046E-18 1.042E-18 1.047E-18 1.047E-18 1.039E-18
 1.042E-18 1.052E-18 1.060E-18 1.059E-18 1.064E-18 1.063E-18 1.062E-18 1.065E-18 1.068E-18 1.071E-18
 1.069E-18 1.068E-18 1.069E-18 1.061E-18 1.057E-18 1.066E-18 1.072E-18 1.082E-18 1.086E-18 1.084E-18
 1.075E-18 1.073E-18 1.083E-18 1.090E-18 1.085E-18 1.087E-18 1.092E-18 1.089E-18 1.086E-18 1.100E-18
 1.104E-18 1.097E-18 1.094E-18 1.092E-18 1.098E-18 1.117E-18 1.113E-18 1.104E-18 1.105E-18 1.111E-18
 1.110E-18 1.109E-18 1.113E-18 1.117E-18 1.114E-18 1.112E-18 1.124E-18 1.131E-18 1.118E-18 1.117E-18
 1.133E-18 1.135E-18 1.128E-18 1.126E-18 1.122E-18 1.125E-18 1.136E-18 1.141E-18 1.137E-18 1.134E-18
 1.132E-18 1.137E-18 1.140E-18 1.139E-18 1.146E-18 1.145E-18 1.137E-18 1.134E-18 1.146E-18 1.154E-18
 1.152E-18 1.149E-18 1.153E-18 1.155E-18 1.155E-18 1.154E-18 1.157E-18 1.150E-18 1.141E-18 1.146E-18
 1.155E-18 1.163E-18 1.174E-18 1.172E-18 1.154E-18 1.163E-18 1.176E-18 1.168E-18 1.175E-18 1.179E-18
 1.184E-18 1.185E-18 1.187E-18 1.198E-18 1.194E-18 1.183E-18 1.184E-18 1.186E-18 1.182E-18 1.189E-18
 1.197E-18 1.187E-18 1.175E-18 1.176E-18 1.185E-18 1.192E-18 1.190E-18 1.194E-18 1.196E-18 1.201E-18
 1.204E-18 1.190E-18 1.180E-18 1.198E-18 1.215E-18 1.219E-18 1.215E-18 1.201E-18 1.203E-18 1.212E-18
 1.230E-18 1.229E-18 1.217E-18 1.221E-18 1.215E-18 1.208E-18 1.216E-18 1.226E-18 1.230E-18 1.232E-18
 1.227E-18 1.232E-18 1.228E-18 1.217E-18 1.216E-18 1.221E-18 1.231E-18 1.242E-18 1.229E-18 1.220E-18
 1.227E-18 1.233E-18 1.237E-18 1.229E-18 1.224E-18 1.233E-18 1.231E-18 1.230E-18 1.236E-18 1.238E-18
 1.242E-18 1.246E-18 1.254E-18 1.254E-18 1.242E-18 1.237E-18 1.245E-18 1.252E-18 1.261E-18 1.245E-18
 1.231E-18 1.236E-18 1.243E-18 1.252E-18 1.271E-18 1.277E-18 1.267E-18 1.260E-18 1.262E-18 1.269E-18
 1.260E-18 1.248E-18 1.244E-18 1.246E-18 1.258E-18 1.267E-18 1.258E-18 1.251E-18 1.252E-18 1.260E-18
 1.268E-18 1.255E-18 1.255E-18 1.268E-18 1.270E-18 1.266E-18 1.271E-18 1.272E-18 1.266E-18 1.265E-18
 1.270E-18 1.274E-18 1.271E-18 1.271E-18 1.273E-18 1.260E-18 1.264E-18 1.279E-18 1.270E-18 1.261E-18
 1.257E-18 1.260E-18 1.259E-18 1.269E-18 1.273E-18 1.277E-18 1.277E-18 1.267E-18 1.274E-18 1.283E-18
 1.278E-18 1.272E-18 1.274E-18 1.274E-18 1.271E-18 1.278E-18 1.287E-18 1.285E-18 1.284E-18 1.283E-18
 1.278E-18 1.265E-18 1.269E-18 1.290E-18 1.292E-18 1.286E-18 1.281E-18 1.273E-18 1.272E-18 1.282E-18
 1.283E-18 1.273E-18 1.279E-18 1.299E-18 1.293E-18 1.279E-18 1.279E-18 1.278E-18 1.281E-18 1.291E-18
 1.295E-18 1.274E-18 1.270E-18 1.279E-18 1.282E-18 1.285E-18 1.271E-18 1.260E-18 1.269E-18 1.278E-18
 1.259E-18 1.247E-18 1.254E-18 1.267E-18 1.267E-18 1.262E-18 1.266E-18 1.272E-18 1.264E-18 1.259E-18
 1.260E-18 1.255E-18 1.249E-18 1.241E-18 1.241E-18 1.240E-18 1.244E-18 1.249E-18 1.245E-18 1.242E-18
 1.247E-18 1.249E-18 1.256E-18 1.252E-18 1.256E-18 1.257E-18 1.257E-18 1.257E-18 1.258E-18 1.251E-18
 1.253E-18 1.255E-18 1.257E-18 1.255E-18 1.248E-18 1.244E-18 1.245E-18 1.241E-18 1.228E-18 1.232E-18
 1.244E-18 1.242E-18 1.239E-18 1.249E-18 1.255E-18 1.254E-18 1.243E-18 1.227E-18 1.231E-18 1.228E-18
 1.215E-18 1.218E-18 1.216E-18 1.217E-18 1.227E-18 1.226E-18 1.217E-18 1.211E-18 1.212E-18 1.220E-18
 1.217E-18 1.202E-18 1.186E-18 1.193E-18 1.197E-18 1.196E-18 1.190E-18 1.183E-18 1.191E-18 1.199E-18
 1.188E-18 1.177E-18 1.182E-18 1.181E-18 1.183E-18 1.192E-18 1.187E-18 1.172E-18 1.164E-18 1.171E-18
 1.180E-18 1.189E-18 1.176E-18 1.178E-18 1.190E-18 1.167E-18 1.140E-18 1.135E-18 1.147E-18 1.161E-18
 1.167E-18 1.161E-18 1.157E-18 1.164E-18 1.168E-18 1.152E-18 1.148E-18 1.149E-18 1.144E-18 1.149E-18
 1.158E-18 1.163E-18 1.160E-18 1.160E-18 1.145E-18 1.131E-18 1.135E-18 1.139E-18 1.126E-18 1.115E-18
 1.112E-18 1.112E-18 1.118E-18 1.121E-18 1.114E-18 1.108E-18 1.101E-18 1.085E-18 1.088E-18 1.099E-18
 1.094E-18 1.093E-18 1.088E-18 1.081E-18 1.075E-18 1.069E-18 1.059E-18 1.048E-18 1.053E-18 1.048E-18
 1.036E-18 1.038E-18 1.041E-18 1.046E-18 1.052E-18 1.046E-18 1.036E-18 1.030E-18 1.020E-18 1.010E-18
 1.015E-18 1.012E-18 1.012E-18 1.015E-18 1.012E-18 1.009E-18 1.011E-18 1.015E-18 1.020E-18 1.025E-18
 1.024E-18 1.019E-18 1.019E-18 1.016E-18 1.012E-18 1.009E-18 1.010E-18 1.015E-18 1.014E-18 1.002E-18
 9.917E-19 9.995E-19 1.004E-18 1.001E-18 1.002E-18 1.001E-18 9.950E-19 9.965E-19 9.879E-19 9.748E-19
 9.742E-19 9.761E-19 9.680E-19 9.667E-19 9.671E-19 9.698E-19 9.694E-19 9.601E-19 9.523E-19 9.460E-19
 9.385E-19 9.336E-19 9.407E-19 9.465E-19 9.377E-19 9.273E-19 9.276E-19 9.297E-19 9.303E-19 9.262E-19
 9.244E-19 9.265E-19 9.253E-19 9.222E-19 9.199E-19 9.090E-19 8.998E-19 8.982E-19 9.000E-19 8.965E-19
 8.951E-19 8.957E-19 8.907E-19 8.808E-19 8.853E-19 8.801E-19 8.717E-19 8.767E-19 8.758E-19 8.745E-19
 8.775E-19 8.750E-19 8.748E-19 8.769E-19 8.678E-19 8.624E-19 8.719E-19 8.823E-19 8.758E-19 8.679E-19
 8.644E-19 8.612E-19 8.603E-19 8.556E-19 8.513E-19 8.472E-19 8.442E-19 8.497E-19 8.582E-19 8.628E-19
 8.577E-19 8.511E-19 8.444E-19 8.407E-19 8.420E-19 8.408E-19 8.340E-19 8.317E-19 8.345E-19 8.421E-19
 8.456E-19 8.415E-19 8.387E-19 8.381E-19 8.420E-19 8.448E-19 8.395E-19 8.358E-19 8.360E-19 8.384E-19
 8.379E-19 8.401E-19 8.397E-19 8.413E-19 8.417E-19 8.382E-19 8.362E-19 8.359E-19 8.378E-19 8.384E-19
 8.396E-19 8.407E-19 8.379E-19 8.305E-19 8.284E-19 8.382E-19 8.425E-19 8.387E-19 8.355E-19 8.389E-19
 8.450E-19 8.425E-19 8.266E-19 8.143E-19 8.197E-19 8.251E-19 8.255E-19 8.253E-19 8.287E-19 8.338E-19
 8.334E-19 8.314E-19 8.384E-19 8.429E-19 8.359E-19 8.323E-19 8.395E-19 8.425E-19 8.333E-19 8.313E-19
 8.371E-19 8.330E-19 8.365E-19 8.403E-19 8.302E-19 8.308E-19 8.358E-19 8.345E-19 8.263E-19 8.246E-19
 8.321E-19 8.345E-19 8.351E-19 8.331E-19 8.317E-19 8.323E-19 8.343E-19 8.306E-19 8.284E-19 8.279E-19
 8.311E-19 8.342E-19 8.283E-19 8.302E-19 8.349E-19 8.311E-19 8.310E-19 8.286E-19 8.190E-19 8.164E-19
 8.220E-19 8.256E-19 8.275E-19 8.288E-19 8.291E-19 8.253E-19 8.299E-19 8.343E-19 8.306E-19 8.262E-19
 8.323E-19 8.395E-19 8.333E-19 8.342E-19 8.381E-19 8.256E-19 8.171E-19 8.141E-19 8.177E-19 8.277E-19
 8.292E-19 8.238E-19 8.230E-19 8.293E-19 8.297E-19 8.242E-19 8.218E-19 8.262E-19 8.153E-19 8.134E-19
 8.263E-19 8.188E-19 8.123E-19 8.175E-19 8.226E-19 8.261E-19 8.203E-19 8.171E-19 8.151E-19 8.161E-19
 8.178E-19 8.093E-19 8.124E-19 8.191E-19 8.207E-19 8.138E-19 8.132E-19 8.114E-19 8.085E-19 8.174E-19
 8.128E-19 8.055E-19 8.080E-19 8.093E-19 8.094E-19 8.088E-19 8.067E-19 8.038E-19 8.054E-19 8.137E-19
 8.157E-19 8.106E-19 8.126E-19 8.025E-19 7.955E-19 7.990E-19 7.910E-19 7.909E-19 7.816E-19 7.686E-19
 7.755E-19 7.900E-19 7.901E-19 7.818E-19 7.869E-19 7.990E-19 7.972E-19 7.911E-19 7.843E-19 7.850E-19
 7.889E-19 7.810E-19 7.805E-19 7.784E-19 7.742E-19 7.759E-19 7.720E-19 7.683E-19 7.730E-19 7.772E-19
 7.768E-19 7.705E-19 7.640E-19 7.697E-19 7.767E-19 7.733E-19 7.737E-19 7.723E-19 7.693E-19 7.586E-19
 7.528E-19 7.638E-19 7.601E-19 7.516E-19 7.453E-19 7.475E-19 7.492E-19 7.445E-19 7.503E-19 7.537E-19
 7.521E-19 7.505E-19 7.423E-19 7.400E-19 7.489E-19 7.511E-19 7.495E-19 7.438E-19 7.388E-19 7.337E-19
 7.201E-19 7.195E-19 7.245E-19 7.237E-19 7.219E-19 7.196E-19 7.152E-19 7.123E-19 7.193E-19 7.224E-19
 7.147E-19 7.145E-19 7.148E-19 7.034E-19 7.027E-19 7.033E-19 6.983E-19 6.966E-19 6.957E-19 6.968E-19
 6.995E-19 7.011E-19 6.951E-19 6.922E-19 6.967E-19 6.883E-19 6.700E-19 6.669E-19 6.773E-19 6.807E-19
 6.758E-19 6.747E-19 6.750E-19 6.735E-19 6.714E-19 6.649E-19 6.654E-19 6.627E-19 6.596E-19 6.606E-19
 6.573E-19 6.554E-19 6.542E-19 6.533E-19 6.520E-19 6.463E-19 6.404E-19 6.385E-19 6.370E-19 6.368E-19
 6.331E-19 6.340E-19 6.353E-19 6.299E-19 6.322E-19 6.400E-19 6.398E-19 6.322E-19 6.242E-19 6.258E-19
 6.217E-19 6.175E-19 6.166E-19 6.131E-19 6.109E-19 6.116E-19 6.117E-19 6.083E-19 6.031E-19 6.025E-19
 6.027E-19 6.009E-19 5.936E-19 5.912E-19 5.937E-19 5.859E-19 5.855E-19 5.861E-19 5.818E-19 5.835E-19
 5.810E-19 5.730E-19 5.615E-19 5.586E-19 5.646E-19 5.666E-19 5.700E-19 5.681E-19 5.681E-19 5.714E-19
 5.678E-19 5.559E-19 5.468E-19 5.484E-19 5.598E-19 5.639E-19 5.552E-19 5.472E-19 5.391E-19 5.387E-19
 5.354E-19 5.282E-19 5.289E-19 5.217E-19 5.234E-19 5.244E-19 5.181E-19 5.115E-19 5.075E-19 5.137E-19
 5.192E-19 5.141E-19 5.172E-19 5.173E-19 5.132E-19 5.107E-19 5.068E-19 5.027E-19 4.985E-19 4.960E-19
 4.976E-19 5.057E-19 4.986E-19 4.854E-19 4.869E-19 4.896E-19 4.933E-19 4.914E-19 4.850E-19 4.813E-19
 4.797E-19 4.823E-19 4.790E-19 4.685E-19 4.653E-19 4.583E-19 4.548E-19 4.553E-19 4.529E-19 4.584E-19
 4.589E-19 4.621E-19 4.613E-19 4.519E-19 4.447E-19 4.399E-19 4.381E-19 4.412E-19 4.397E-19 4.367E-19
 4.319E-19 4.249E-19 4.195E-19 4.236E-19 4.285E-19 4.317E-19 4.263E-19 4.228E-19 4.304E-19 4.330E-19
 4.280E-19 4.188E-19 4.147E-19 4.118E-19 4.051E-19 4.060E-19 4.041E-19 4.044E-19 4.048E-19 4.015E-19
 3.980E-19 3.961E-19 3.940E-19 3.877E-19 3.810E-19 3.817E-19 3.810E-19 3.837E-19 3.844E-19 3.809E-19
 3.810E-19 3.725E-19 3.668E-19 3.708E-19 3.688E-19 3.668E-19 3.671E-19 3.661E-19 3.658E-19 3.673E-19
 3.698E-19 3.646E-19 3.582E-19 3.526E-19 3.523E-19 3.566E-19 3.548E-19 3.466E-19 3.438E-19 3.418E-19
 3.444E-19 3.438E-19 3.451E-19 3.463E-19 3.431E-19 3.398E-19 3.353E-19 3.284E-19 3.250E-19 3.236E-19
 3.193E-19 3.151E-19 3.153E-19 3.211E-19 3.241E-19 3.223E-19 3.150E-19 3.152E-19 3.159E-19 3.127E-19
 3.065E-19 2.995E-19 2.987E-19 2.980E-19 2.974E-19 2.986E-19 3.030E-19 3.009E-19 2.924E-19 2.892E-19
 2.908E-19 2.913E-19 2.894E-19 2.875E-19 2.869E-19 2.838E-19 2.823E-19 2.817E-19 2.811E-19 2.777E-19
 2.736E-19 2.679E-19 2.656E-19 2.669E-19 2.664E-19 2.678E-19 2.693E-19 2.695E-19 2.627E-19 2.580E-19
 2.587E-19 2.658E-19 2.676E-19 2.597E-19 2.592E-19 2.551E-19 2.496E-19 2.535E-19 2.512E-19 2.430E-19
 2.346E-19 2.349E-19 2.387E-19 2.433E-19 2.461E-19 2.406E-19 2.326E-19 2.292E-19 2.266E-19 2.282E-19
 2.279E-19 2.242E-19 2.226E-19 2.219E-19 2.220E-19 2.225E-19 2.190E-19 2.154E-19 2.132E-19 2.129E-19
 2.199E-19 2.221E-19 2.136E-19 2.035E-19 2.039E-19 2.079E-19 2.128E-19 2.084E-19 2.063E-19 2.091E-19
 2.065E-19 1.981E-19 1.927E-19 1.979E-19 2.004E-19 1.941E-19 1.984E-19 1.997E-19 1.974E-19 1.986E-19
 1.948E-19 1.944E-19 1.925E-19 1.889E-19 1.847E-19 1.863E-19 1.898E-19 1.895E-19 1.898E-19 1.874E-19
 1.874E-19 1.846E-19 1.817E-19 1.826E-19 1.816E-19 1.791E-19 1.791E-19 1.814E-19 1.734E-19 1.680E-19
 1.661E-19 1.631E-19 1.617E-19 1.583E-19 1.626E-19 1.689E-19 1.655E-19 1.622E-19 1.616E-19 1.591E-19
 1.535E-19 1.452E-19 1.462E-19 1.504E-19 1.503E-19 1.464E-19 1.471E-19 1.519E-19 1.489E-19 1.430E-19
 1.393E-19 1.383E-19 1.370E-19 1.363E-19 1.385E-19 1.411E-19 1.388E-19 1.378E-19 1.428E-19 1.438E-19
 1.412E-19 1.436E-19 1.407E-19 1.349E-19 1.317E-19 1.321E-19 1.339E-19 1.340E-19 1.339E-19 1.288E-19
 1.259E-19 1.320E-19 1.356E-19 1.332E-19 1.283E-19 1.240E-19 1.212E-19 1.224E-19 1.219E-19 1.204E-19
 1.182E-19 1.146E-19 1.123E-19 1.187E-19 1.221E-19 1.195E-19 1.162E-19 1.119E-19 1.088E-19 1.101E-19
 1.180E-19 1.206E-19 1.160E-19 1.124E-19 1.066E-19 1.046E-19 1.080E-19 1.040E-19 1.021E-19 9.979E-20
 9.997E-20 9.330E-20 9.264E-20 9.846E-20 1.037E-19 1.024E-19 1.035E-19 1.059E-19 1.015E-19 1.001E-19
 1.015E-19 1.044E-19 1.039E-19 1.015E-19 1.031E-19 1.047E-19 9.980E-20 9.669E-20 9.497E-20 9.079E-20
 8.644E-20 8.788E-20 8.949E-20 8.487E-20 8.498E-20 8.523E-20 8.027E-20 8.437E-20 8.307E-20 8.215E-20
 8.184E-20 8.309E-20 8.351E-20 7.950E-20 7.826E-20 7.788E-20 7.442E-20 7.290E-20 7.844E-20 7.955E-20
 7.212E-20 7.354E-20 7.556E-20 7.223E-20 7.117E-20 7.153E-20 7.540E-20 8.047E-20 8.212E-20 7.423E-20
 6.641E-20 6.782E-20 7.307E-20 7.153E-20 7.039E-20 7.089E-20 6.831E-20 7.016E-20 6.975E-20 6.716E-20
 6.737E-20 6.495E-20 5.926E-20 5.674E-20 6.289E-20 6.720E-20 6.584E-20 6.396E-20 6.604E-20 6.569E-20
 5.629E-20 5.225E-20 5.723E-20 6.175E-20 6.524E-20 6.523E-20 5.977E-20 5.549E-20 5.392E-20 5.113E-20
 5.176E-20 5.480E-20 6.107E-20 6.408E-20 6.247E-20 5.872E-20 5.923E-20 6.205E-20 6.008E-20 5.459E-20
 5.382E-20 5.404E-20 4.933E-20 4.927E-20 0.000E+00 0.000E+00 0.000E+00 0.000E+00 0.000E+00 0.000E+00
