   C2Cl2F4 1030.0110 1066.9930      2494  293.0000    0.0000 1.291E-18  NCAR    CFC-114
 5.220E-20 5.226E-20 4.838E-20 4.285E-20 4.475E-20 4.716E-20 4.224E-20 4.266E-20 4.921E-20 5.427E-20
 4.797E-20 3.638E-20 3.694E-20 4.488E-20 4.530E-20 4.644E-20 4.720E-20 4.363E-20 3.938E-20 3.519E-20
 3.588E-20 4.088E-20 4.497E-20 5.057E-20 5.447E-20 5.455E-20 5.665E-20 5.405E-20 4.765E-20 5.053E-20
 5.132E-20 5.008E-20 5.323E-20 5.260E-20 5.425E-20 5.284E-20 4.658E-20 4.826E-20 5.090E-20 4.647E-20
 4.446E-20 4.827E-20 5.096E-20 4.975E-20 4.945E-20 5.144E-20 5.210E-20 5.323E-20 5.484E-20 5.392E-20
 5.409E-20 5.209E-20 5.059E-20 5.559E-20 5.377E-20 4.975E-20 5.047E-20 5.068E-20 5.323E-20 5.578E-20
 5.549E-20 6.017E-20 6.601E-20 6.351E-20 5.990E-20 6.414E-20 6.172E-20 5.468E-20 4.971E-20 5.064E-20
 5.309E-20 5.318E-20 5.703E-20 5.463E-20 5.051E-20 5.199E-20 5.449E-20 5.598E-20 5.770E-20 5.999E-20
 6.552E-20 6.579E-20 6.086E-20 5.417E-20 4.831E-20 5.292E-20 5.835E-20 5.675E-20 5.990E-20 6.494E-20
 5.797E-20 5.985E-20 6.262E-20 5.883E-20 5.508E-20 5.977E-20 6.628E-20 6.346E-20 5.869E-20 6.172E-20
 6.351E-20 5.743E-20 5.605E-20 6.136E-20 6.399E-20 5.862E-20 5.876E-20 6.732E-20 7.672E-20 7.426E-20
 7.360E-20 7.219E-20 6.938E-20 6.418E-20 5.876E-20 6.043E-20 6.938E-20 7.297E-20 6.271E-20 5.928E-20
 6.219E-20 6.327E-20 6.847E-20 6.662E-20 6.426E-20 6.394E-20 7.079E-20 6.886E-20 6.176E-20 6.357E-20
 6.479E-20 6.360E-20 6.364E-20 6.919E-20 7.067E-20 6.999E-20 7.040E-20 7.058E-20 6.903E-20 6.957E-20
 7.066E-20 6.606E-20 6.548E-20 6.637E-20 6.387E-20 6.929E-20 7.409E-20 7.431E-20 7.370E-20 6.928E-20
 6.816E-20 7.264E-20 7.880E-20 8.236E-20 8.166E-20 7.516E-20 6.649E-20 6.620E-20 7.006E-20 6.736E-20
 6.343E-20 6.840E-20 7.412E-20 7.424E-20 7.009E-20 6.635E-20 6.488E-20 6.573E-20 6.441E-20 6.167E-20
 5.912E-20 6.454E-20 7.160E-20 7.103E-20 6.561E-20 6.395E-20 7.810E-20 8.509E-20 7.898E-20 7.727E-20
 7.847E-20 8.260E-20 8.386E-20 8.003E-20 7.816E-20 7.335E-20 7.302E-20 7.767E-20 8.084E-20 7.817E-20
 7.205E-20 7.617E-20 7.551E-20 7.585E-20 8.128E-20 7.912E-20 7.830E-20 8.318E-20 8.492E-20 8.398E-20
 8.252E-20 8.528E-20 8.703E-20 8.407E-20 7.975E-20 7.895E-20 8.088E-20 7.771E-20 7.662E-20 8.816E-20
 8.552E-20 7.257E-20 7.740E-20 8.411E-20 8.112E-20 7.678E-20 7.906E-20 8.001E-20 8.338E-20 8.586E-20
 8.562E-20 8.865E-20 8.828E-20 8.946E-20 9.101E-20 8.735E-20 8.467E-20 8.286E-20 8.620E-20 9.037E-20
 8.571E-20 8.591E-20 8.576E-20 8.487E-20 8.828E-20 9.192E-20 9.183E-20 9.250E-20 9.162E-20 9.201E-20
 9.251E-20 8.780E-20 8.591E-20 8.590E-20 8.506E-20 8.914E-20 9.194E-20 9.293E-20 9.537E-20 9.452E-20
 9.032E-20 8.610E-20 8.928E-20 9.657E-20 1.073E-19 1.066E-19 9.749E-20 9.897E-20 1.018E-19 9.146E-20
 9.008E-20 9.849E-20 1.015E-19 9.682E-20 9.554E-20 1.015E-19 1.048E-19 9.998E-20 9.756E-20 9.873E-20
 9.481E-20 9.140E-20 9.440E-20 1.013E-19 1.012E-19 1.033E-19 1.114E-19 1.098E-19 1.071E-19 1.062E-19
 1.026E-19 1.020E-19 1.092E-19 1.144E-19 1.120E-19 1.094E-19 1.105E-19 1.115E-19 1.032E-19 1.011E-19
 1.090E-19 1.131E-19 1.110E-19 1.102E-19 1.098E-19 1.066E-19 1.062E-19 1.095E-19 1.115E-19 1.114E-19
 1.130E-19 1.170E-19 1.199E-19 1.174E-19 1.187E-19 1.194E-19 1.155E-19 1.160E-19 1.179E-19 1.134E-19
 1.161E-19 1.213E-19 1.188E-19 1.193E-19 1.179E-19 1.162E-19 1.184E-19 1.207E-19 1.181E-19 1.186E-19
 1.294E-19 1.305E-19 1.242E-19 1.268E-19 1.266E-19 1.256E-19 1.250E-19 1.265E-19 1.294E-19 1.253E-19
 1.197E-19 1.152E-19 1.156E-19 1.186E-19 1.211E-19 1.211E-19 1.185E-19 1.258E-19 1.343E-19 1.353E-19
 1.343E-19 1.295E-19 1.295E-19 1.329E-19 1.305E-19 1.286E-19 1.344E-19 1.416E-19 1.364E-19 1.363E-19
 1.430E-19 1.406E-19 1.347E-19 1.354E-19 1.370E-19 1.401E-19 1.397E-19 1.361E-19 1.345E-19 1.346E-19
 1.342E-19 1.315E-19 1.290E-19 1.310E-19 1.403E-19 1.429E-19 1.392E-19 1.372E-19 1.358E-19 1.394E-19
 1.412E-19 1.359E-19 1.344E-19 1.381E-19 1.365E-19 1.360E-19 1.437E-19 1.483E-19 1.466E-19 1.431E-19
 1.460E-19 1.502E-19 1.495E-19 1.466E-19 1.456E-19 1.452E-19 1.435E-19 1.458E-19 1.516E-19 1.504E-19
 1.476E-19 1.476E-19 1.479E-19 1.504E-19 1.569E-19 1.601E-19 1.616E-19 1.605E-19 1.551E-19 1.539E-19
 1.564E-19 1.569E-19 1.577E-19 1.619E-19 1.593E-19 1.541E-19 1.546E-19 1.598E-19 1.638E-19 1.661E-19
 1.691E-19 1.707E-19 1.731E-19 1.739E-19 1.713E-19 1.696E-19 1.698E-19 1.695E-19 1.660E-19 1.640E-19
 1.606E-19 1.598E-19 1.690E-19 1.744E-19 1.739E-19 1.731E-19 1.693E-19 1.659E-19 1.692E-19 1.722E-19
 1.726E-19 1.731E-19 1.767E-19 1.771E-19 1.775E-19 1.813E-19 1.787E-19 1.785E-19 1.893E-19 1.887E-19
 1.839E-19 1.920E-19 1.945E-19 1.895E-19 1.905E-19 1.928E-19 1.903E-19 1.899E-19 1.896E-19 1.894E-19
 1.880E-19 1.922E-19 1.911E-19 1.874E-19 1.834E-19 1.831E-19 1.944E-19 1.981E-19 1.922E-19 1.927E-19
 1.939E-19 1.929E-19 1.981E-19 1.960E-19 1.930E-19 1.993E-19 1.992E-19 1.944E-19 1.989E-19 2.055E-19
 2.031E-19 1.961E-19 1.978E-19 1.989E-19 1.976E-19 2.001E-19 2.006E-19 1.981E-19 2.026E-19 2.032E-19
 2.007E-19 2.014E-19 2.007E-19 2.002E-19 1.968E-19 2.001E-19 2.075E-19 2.128E-19 2.129E-19 2.130E-19
 2.132E-19 2.126E-19 2.099E-19 2.080E-19 2.070E-19 2.131E-19 2.159E-19 2.161E-19 2.224E-19 2.236E-19
 2.195E-19 2.130E-19 2.209E-19 2.345E-19 2.334E-19 2.268E-19 2.205E-19 2.176E-19 2.194E-19 2.221E-19
 2.250E-19 2.228E-19 2.252E-19 2.223E-19 2.192E-19 2.236E-19 2.284E-19 2.332E-19 2.325E-19 2.337E-19
 2.363E-19 2.375E-19 2.387E-19 2.372E-19 2.381E-19 2.380E-19 2.335E-19 2.382E-19 2.423E-19 2.392E-19
 2.371E-19 2.388E-19 2.431E-19 2.447E-19 2.463E-19 2.454E-19 2.425E-19 2.444E-19 2.458E-19 2.471E-19
 2.488E-19 2.510E-19 2.538E-19 2.601E-19 2.622E-19 2.566E-19 2.550E-19 2.594E-19 2.547E-19 2.500E-19
 2.569E-19 2.572E-19 2.597E-19 2.642E-19 2.639E-19 2.637E-19 2.591E-19 2.573E-19 2.626E-19 2.666E-19
 2.704E-19 2.691E-19 2.664E-19 2.681E-19 2.719E-19 2.683E-19 2.679E-19 2.680E-19 2.714E-19 2.748E-19
 2.749E-19 2.722E-19 2.721E-19 2.764E-19 2.780E-19 2.861E-19 2.933E-19 2.903E-19 2.881E-19 2.824E-19
 2.800E-19 2.866E-19 2.848E-19 2.861E-19 2.848E-19 2.802E-19 2.838E-19 2.844E-19 2.827E-19 2.884E-19
 2.929E-19 2.924E-19 2.882E-19 2.917E-19 2.898E-19 2.851E-19 2.942E-19 3.048E-19 3.074E-19 3.074E-19
 3.063E-19 3.045E-19 3.042E-19 3.003E-19 2.995E-19 3.061E-19 3.072E-19 3.074E-19 3.072E-19 3.121E-19
 3.171E-19 3.124E-19 3.092E-19 3.066E-19 3.047E-19 3.113E-19 3.244E-19 3.290E-19 3.207E-19 3.180E-19
 3.174E-19 3.170E-19 3.210E-19 3.225E-19 3.218E-19 3.252E-19 3.246E-19 3.233E-19 3.251E-19 3.266E-19
 3.299E-19 3.333E-19 3.373E-19 3.423E-19 3.375E-19 3.346E-19 3.359E-19 3.357E-19 3.344E-19 3.333E-19
 3.358E-19 3.356E-19 3.398E-19 3.485E-19 3.520E-19 3.464E-19 3.417E-19 3.428E-19 3.438E-19 3.430E-19
 3.459E-19 3.441E-19 3.476E-19 3.534E-19 3.605E-19 3.600E-19 3.519E-19 3.510E-19 3.538E-19 3.539E-19
 3.543E-19 3.607E-19 3.652E-19 3.593E-19 3.541E-19 3.605E-19 3.695E-19 3.734E-19 3.700E-19 3.667E-19
 3.690E-19 3.765E-19 3.793E-19 3.778E-19 3.758E-19 3.754E-19 3.748E-19 3.682E-19 3.674E-19 3.737E-19
 3.766E-19 3.786E-19 3.808E-19 3.760E-19 3.749E-19 3.815E-19 3.826E-19 3.789E-19 3.828E-19 3.916E-19
 3.926E-19 3.878E-19 3.880E-19 3.945E-19 3.966E-19 3.943E-19 3.916E-19 3.848E-19 3.869E-19 3.963E-19
 4.033E-19 4.048E-19 4.025E-19 3.985E-19 3.950E-19 3.921E-19 3.991E-19 4.068E-19 4.082E-19 4.131E-19
 4.212E-19 4.208E-19 4.162E-19 4.111E-19 4.057E-19 4.090E-19 4.201E-19 4.204E-19 4.198E-19 4.229E-19
 4.208E-19 4.132E-19 4.135E-19 4.190E-19 4.206E-19 4.279E-19 4.344E-19 4.412E-19 4.402E-19 4.336E-19
 4.333E-19 4.363E-19 4.372E-19 4.391E-19 4.400E-19 4.403E-19 4.415E-19 4.402E-19 4.431E-19 4.492E-19
 4.500E-19 4.488E-19 4.463E-19 4.446E-19 4.477E-19 4.513E-19 4.489E-19 4.486E-19 4.511E-19 4.511E-19
 4.481E-19 4.492E-19 4.578E-19 4.663E-19 4.630E-19 4.633E-19 4.668E-19 4.625E-19 4.587E-19 4.578E-19
 4.676E-19 4.762E-19 4.730E-19 4.764E-19 4.802E-19 4.788E-19 4.814E-19 4.838E-19 4.792E-19 4.801E-19
 4.848E-19 4.837E-19 4.812E-19 4.825E-19 4.893E-19 4.887E-19 4.807E-19 4.800E-19 4.843E-19 4.902E-19
 4.951E-19 4.997E-19 4.989E-19 4.938E-19 4.932E-19 5.006E-19 5.010E-19 4.971E-19 5.016E-19 5.099E-19
 5.118E-19 5.127E-19 5.132E-19 5.126E-19 5.111E-19 5.170E-19 5.108E-19 5.057E-19 5.134E-19 5.138E-19
 5.136E-19 5.199E-19 5.261E-19 5.325E-19 5.331E-19 5.236E-19 5.146E-19 5.129E-19 5.181E-19 5.279E-19
 5.389E-19 5.384E-19 5.375E-19 5.356E-19 5.408E-19 5.435E-19 5.409E-19 5.443E-19 5.484E-19 5.505E-19
 5.508E-19 5.512E-19 5.515E-19 5.514E-19 5.514E-19 5.551E-19 5.564E-19 5.502E-19 5.569E-19 5.660E-19
 5.650E-19 5.643E-19 5.560E-19 5.526E-19 5.640E-19 5.739E-19 5.703E-19 5.687E-19 5.784E-19 5.794E-19
 5.771E-19 5.726E-19 5.748E-19 5.805E-19 5.786E-19 5.704E-19 5.725E-19 5.799E-19 5.875E-19 5.846E-19
 5.758E-19 5.731E-19 5.773E-19 5.747E-19 5.827E-19 5.970E-19 5.974E-19 5.973E-19 6.026E-19 5.979E-19
 5.903E-19 6.005E-19 6.098E-19 6.009E-19 5.937E-19 5.938E-19 6.022E-19 6.093E-19 6.090E-19 6.141E-19
 6.156E-19 6.166E-19 6.231E-19 6.197E-19 6.150E-19 6.127E-19 6.128E-19 6.143E-19 6.148E-19 6.157E-19
 6.167E-19 6.215E-19 6.259E-19 6.257E-19 6.264E-19 6.278E-19 6.270E-19 6.274E-19 6.260E-19 6.278E-19
 6.338E-19 6.401E-19 6.393E-19 6.434E-19 6.438E-19 6.423E-19 6.346E-19 6.358E-19 6.407E-19 6.417E-19
 6.430E-19 6.417E-19 6.370E-19 6.406E-19 6.532E-19 6.575E-19 6.513E-19 6.528E-19 6.580E-19 6.639E-19
 6.655E-19 6.620E-19 6.625E-19 6.697E-19 6.787E-19 6.799E-19 6.739E-19 6.714E-19 6.625E-19 6.619E-19
 6.715E-19 6.745E-19 6.668E-19 6.662E-19 6.699E-19 6.717E-19 6.776E-19 6.826E-19 6.808E-19 6.775E-19
 6.791E-19 6.874E-19 6.897E-19 6.841E-19 6.806E-19 6.801E-19 6.836E-19 6.835E-19 6.842E-19 6.932E-19
 6.988E-19 7.016E-19 7.078E-19 7.025E-19 6.993E-19 7.012E-19 7.008E-19 7.003E-19 7.051E-19 7.029E-19
 6.959E-19 7.048E-19 7.157E-19 7.114E-19 7.148E-19 7.193E-19 7.220E-19 7.255E-19 7.193E-19 7.151E-19
 7.192E-19 7.186E-19 7.127E-19 7.143E-19 7.201E-19 7.162E-19 7.145E-19 7.178E-19 7.221E-19 7.265E-19
 7.296E-19 7.285E-19 7.280E-19 7.301E-19 7.328E-19 7.352E-19 7.328E-19 7.340E-19 7.464E-19 7.482E-19
 7.438E-19 7.407E-19 7.405E-19 7.433E-19 7.472E-19 7.439E-19 7.413E-19 7.427E-19 7.490E-19 7.530E-19
 7.504E-19 7.481E-19 7.512E-19 7.544E-19 7.563E-19 7.644E-19 7.674E-19 7.657E-19 7.632E-19 7.638E-19
 7.633E-19 7.649E-19 7.642E-19 7.634E-19 7.658E-19 7.670E-19 7.679E-19 7.670E-19 7.622E-19 7.612E-19
 7.615E-19 7.623E-19 7.728E-19 7.747E-19 7.697E-19 7.801E-19 7.866E-19 7.802E-19 7.783E-19 7.751E-19
 7.736E-19 7.772E-19 7.723E-19 7.797E-19 7.910E-19 7.852E-19 7.804E-19 7.883E-19 7.951E-19 7.932E-19
 7.969E-19 7.966E-19 7.938E-19 7.956E-19 7.929E-19 7.960E-19 8.002E-19 8.031E-19 8.056E-19 8.041E-19
 8.056E-19 8.120E-19 8.106E-19 8.076E-19 8.155E-19 8.158E-19 8.064E-19 8.037E-19 8.055E-19 8.146E-19
 8.188E-19 8.165E-19 8.197E-19 8.207E-19 8.181E-19 8.152E-19 8.158E-19 8.194E-19 8.188E-19 8.195E-19
 8.273E-19 8.312E-19 8.244E-19 8.217E-19 8.287E-19 8.341E-19 8.330E-19 8.315E-19 8.295E-19 8.326E-19
 8.340E-19 8.341E-19 8.360E-19 8.394E-19 8.354E-19 8.354E-19 8.397E-19 8.324E-19 8.317E-19 8.403E-19
 8.458E-19 8.406E-19 8.321E-19 8.254E-19 8.294E-19 8.395E-19 8.412E-19 8.473E-19 8.542E-19 8.525E-19
 8.511E-19 8.505E-19 8.520E-19 8.505E-19 8.500E-19 8.470E-19 8.525E-19 8.708E-19 8.700E-19 8.642E-19
 8.646E-19 8.642E-19 8.663E-19 8.637E-19 8.656E-19 8.698E-19 8.704E-19 8.749E-19 8.764E-19 8.692E-19
 8.729E-19 8.820E-19 8.882E-19 8.869E-19 8.767E-19 8.740E-19 8.790E-19 8.823E-19 8.788E-19 8.818E-19
 8.818E-19 8.764E-19 8.799E-19 8.882E-19 8.881E-19 8.847E-19 8.924E-19 8.995E-19 8.926E-19 8.848E-19
 8.888E-19 8.939E-19 8.910E-19 8.918E-19 9.021E-19 9.001E-19 8.960E-19 9.039E-19 9.069E-19 9.009E-19
 8.977E-19 8.942E-19 8.937E-19 8.940E-19 9.005E-19 9.066E-19 9.158E-19 9.148E-19 9.050E-19 9.013E-19
 9.038E-19 9.131E-19 9.264E-19 9.319E-19 9.271E-19 9.158E-19 9.103E-19 9.126E-19 9.170E-19 9.221E-19
 9.168E-19 9.186E-19 9.256E-19 9.257E-19 9.260E-19 9.273E-19 9.292E-19 9.387E-19 9.401E-19 9.344E-19
 9.359E-19 9.375E-19 9.350E-19 9.337E-19 9.343E-19 9.389E-19 9.384E-19 9.377E-19 9.402E-19 9.398E-19
 9.447E-19 9.480E-19 9.464E-19 9.557E-19 9.518E-19 9.479E-19 9.442E-19 9.375E-19 9.348E-19 9.455E-19
 9.541E-19 9.532E-19 9.577E-19 9.601E-19 9.520E-19 9.477E-19 9.516E-19 9.659E-19 9.739E-19 9.781E-19
 9.804E-19 9.826E-19 9.817E-19 9.739E-19 9.735E-19 9.724E-19 9.765E-19 9.784E-19 9.866E-19 9.853E-19
 9.794E-19 9.818E-19 9.785E-19 9.734E-19 9.849E-19 9.920E-19 9.878E-19 9.860E-19 9.930E-19 9.954E-19
 9.939E-19 9.983E-19 9.953E-19 9.899E-19 9.965E-19 9.954E-19 9.899E-19 9.899E-19 9.901E-19 9.942E-19
 1.000E-18 1.001E-18 1.005E-18 1.010E-18 1.010E-18 1.008E-18 1.014E-18 1.012E-18 1.004E-18 1.008E-18
 1.013E-18 1.011E-18 1.008E-18 1.003E-18 1.007E-18 1.016E-18 1.016E-18 1.020E-18 1.023E-18 1.023E-18
 1.026E-18 1.024E-18 1.019E-18 1.021E-18 1.029E-18 1.031E-18 1.036E-18 1.035E-18 1.029E-18 1.036E-18
 1.035E-18 1.031E-18 1.030E-18 1.036E-18 1.033E-18 1.030E-18 1.037E-18 1.037E-18 1.032E-18 1.037E-18
 1.051E-18 1.054E-18 1.051E-18 1.047E-18 1.054E-18 1.061E-18 1.060E-18 1.054E-18 1.050E-18 1.051E-18
 1.058E-18 1.074E-18 1.078E-18 1.070E-18 1.071E-18 1.072E-18 1.069E-18 1.071E-18 1.074E-18 1.071E-18
 1.068E-18 1.070E-18 1.071E-18 1.072E-18 1.074E-18 1.070E-18 1.061E-18 1.065E-18 1.072E-18 1.078E-18
 1.081E-18 1.080E-18 1.081E-18 1.086E-18 1.091E-18 1.093E-18 1.088E-18 1.088E-18 1.095E-18 1.106E-18
 1.105E-18 1.112E-18 1.115E-18 1.107E-18 1.110E-18 1.101E-18 1.097E-18 1.113E-18 1.112E-18 1.097E-18
 1.102E-18 1.108E-18 1.102E-18 1.105E-18 1.120E-18 1.121E-18 1.114E-18 1.110E-18 1.114E-18 1.113E-18
 1.118E-18 1.127E-18 1.128E-18 1.126E-18 1.127E-18 1.126E-18 1.129E-18 1.137E-18 1.137E-18 1.135E-18
 1.137E-18 1.139E-18 1.146E-18 1.147E-18 1.141E-18 1.135E-18 1.122E-18 1.130E-18 1.142E-18 1.149E-18
 1.152E-18 1.154E-18 1.155E-18 1.149E-18 1.151E-18 1.161E-18 1.164E-18 1.168E-18 1.178E-18 1.172E-18
 1.154E-18 1.155E-18 1.155E-18 1.149E-18 1.156E-18 1.166E-18 1.162E-18 1.160E-18 1.162E-18 1.160E-18
 1.165E-18 1.172E-18 1.177E-18 1.175E-18 1.180E-18 1.185E-18 1.184E-18 1.171E-18 1.173E-18 1.179E-18
 1.172E-18 1.172E-18 1.179E-18 1.180E-18 1.183E-18 1.188E-18 1.191E-18 1.189E-18 1.179E-18 1.182E-18
 1.180E-18 1.178E-18 1.186E-18 1.195E-18 1.197E-18 1.207E-18 1.216E-18 1.210E-18 1.212E-18 1.218E-18
 1.220E-18 1.216E-18 1.213E-18 1.210E-18 1.203E-18 1.206E-18 1.211E-18 1.201E-18 1.199E-18 1.200E-18
 1.201E-18 1.218E-18 1.225E-18 1.228E-18 1.219E-18 1.207E-18 1.213E-18 1.226E-18 1.227E-18 1.220E-18
 1.223E-18 1.230E-18 1.221E-18 1.229E-18 1.240E-18 1.232E-18 1.228E-18 1.231E-18 1.238E-18 1.241E-18
 1.249E-18 1.253E-18 1.243E-18 1.232E-18 1.236E-18 1.242E-18 1.240E-18 1.239E-18 1.239E-18 1.235E-18
 1.238E-18 1.236E-18 1.236E-18 1.237E-18 1.241E-18 1.244E-18 1.241E-18 1.248E-18 1.260E-18 1.271E-18
 1.266E-18 1.253E-18 1.249E-18 1.256E-18 1.255E-18 1.247E-18 1.247E-18 1.250E-18 1.246E-18 1.247E-18
 1.250E-18 1.247E-18 1.245E-18 1.257E-18 1.258E-18 1.246E-18 1.244E-18 1.250E-18 1.257E-18 1.257E-18
 1.255E-18 1.260E-18 1.257E-18 1.253E-18 1.258E-18 1.251E-18 1.250E-18 1.266E-18 1.274E-18 1.263E-18
 1.252E-18 1.248E-18 1.250E-18 1.261E-18 1.270E-18 1.282E-18 1.285E-18 1.268E-18 1.263E-18 1.258E-18
 1.256E-18 1.262E-18 1.256E-18 1.251E-18 1.260E-18 1.269E-18 1.273E-18 1.275E-18 1.272E-18 1.268E-18
 1.272E-18 1.277E-18 1.278E-18 1.281E-18 1.279E-18 1.272E-18 1.272E-18 1.276E-18 1.271E-18 1.269E-18
 1.262E-18 1.253E-18 1.264E-18 1.275E-18 1.273E-18 1.270E-18 1.263E-18 1.273E-18 1.274E-18 1.259E-18
 1.242E-18 1.248E-18 1.263E-18 1.266E-18 1.274E-18 1.284E-18 1.279E-18 1.264E-18 1.258E-18 1.256E-18
 1.269E-18 1.285E-18 1.281E-18 1.275E-18 1.273E-18 1.269E-18 1.268E-18 1.275E-18 1.279E-18 1.282E-18
 1.287E-18 1.278E-18 1.278E-18 1.274E-18 1.274E-18 1.261E-18 1.264E-18 1.283E-18 1.287E-18 1.291E-18
 1.284E-18 1.271E-18 1.268E-18 1.280E-18 1.277E-18 1.269E-18 1.271E-18 1.272E-18 1.278E-18 1.268E-18
 1.260E-18 1.273E-18 1.283E-18 1.268E-18 1.255E-18 1.257E-18 1.258E-18 1.255E-18 1.251E-18 1.246E-18
 1.241E-18 1.240E-18 1.242E-18 1.253E-18 1.255E-18 1.242E-18 1.228E-18 1.235E-18 1.246E-18 1.241E-18
 1.225E-18 1.225E-18 1.233E-18 1.231E-18 1.227E-18 1.226E-18 1.224E-18 1.233E-18 1.246E-18 1.238E-18
 1.228E-18 1.232E-18 1.229E-18 1.223E-18 1.224E-18 1.222E-18 1.228E-18 1.237E-18 1.243E-18 1.243E-18
 1.237E-18 1.230E-18 1.218E-18 1.216E-18 1.217E-18 1.223E-18 1.222E-18 1.213E-18 1.206E-18 1.208E-18
 1.215E-18 1.209E-18 1.205E-18 1.209E-18 1.204E-18 1.205E-18 1.208E-18 1.213E-18 1.211E-18 1.195E-18
 1.199E-18 1.209E-18 1.199E-18 1.195E-18 1.201E-18 1.192E-18 1.180E-18 1.185E-18 1.184E-18 1.177E-18
 1.177E-18 1.173E-18 1.169E-18 1.160E-18 1.150E-18 1.150E-18 1.157E-18 1.152E-18 1.161E-18 1.165E-18
 1.163E-18 1.165E-18 1.168E-18 1.168E-18 1.167E-18 1.159E-18 1.151E-18 1.156E-18 1.159E-18 1.157E-18
 1.164E-18 1.162E-18 1.139E-18 1.134E-18 1.139E-18 1.130E-18 1.119E-18 1.118E-18 1.119E-18 1.115E-18
 1.120E-18 1.132E-18 1.125E-18 1.121E-18 1.123E-18 1.120E-18 1.115E-18 1.114E-18 1.112E-18 1.111E-18
 1.114E-18 1.106E-18 1.100E-18 1.097E-18 1.097E-18 1.091E-18 1.092E-18 1.094E-18 1.091E-18 1.089E-18
 1.087E-18 1.085E-18 1.083E-18 1.083E-18 1.075E-18 1.069E-18 1.057E-18 1.054E-18 1.066E-18 1.072E-18
 1.063E-18 1.047E-18 1.048E-18 1.053E-18 1.045E-18 1.028E-18 1.026E-18 1.029E-18 1.023E-18 1.020E-18
 1.016E-18 1.020E-18 1.022E-18 1.023E-18 1.021E-18 1.023E-18 1.013E-18 9.984E-19 9.969E-19 9.993E-19
 9.990E-19 9.780E-19 9.711E-19 9.861E-19 9.966E-19 9.955E-19 9.930E-19 9.871E-19 9.848E-19 9.846E-19
 9.874E-19 9.979E-19 1.006E-18 1.007E-18 1.005E-18 9.973E-19 9.859E-19 9.781E-19 9.793E-19 9.763E-19
 9.673E-19 9.729E-19 9.809E-19 9.764E-19 9.710E-19 9.729E-19 9.733E-19 9.716E-19 9.598E-19 9.551E-19
 9.563E-19 9.537E-19 9.495E-19 9.424E-19 9.451E-19 9.461E-19 9.379E-19 9.348E-19 9.310E-19 9.188E-19
 9.121E-19 9.094E-19 9.157E-19 9.238E-19 9.272E-19 9.225E-19 9.158E-19 9.127E-19 9.061E-19 9.057E-19
 9.067E-19 9.057E-19 9.097E-19 9.088E-19 8.970E-19 8.944E-19 8.914E-19 8.866E-19 8.901E-19 8.855E-19
 8.816E-19 8.831E-19 8.849E-19 8.870E-19 8.878E-19 8.805E-19 8.697E-19 8.655E-19 8.717E-19 8.812E-19
 8.846E-19 8.802E-19 8.731E-19 8.716E-19 8.677E-19 8.631E-19 8.569E-19 8.552E-19 8.605E-19 8.632E-19
 8.590E-19 8.521E-19 8.578E-19 8.609E-19 8.569E-19 8.490E-19 8.414E-19 8.503E-19 8.534E-19 8.451E-19
 8.460E-19 8.578E-19 8.563E-19 8.488E-19 8.499E-19 8.461E-19 8.478E-19 8.527E-19 8.502E-19 8.470E-19
 8.457E-19 8.456E-19 8.491E-19 8.456E-19 8.432E-19 8.482E-19 8.469E-19 8.446E-19 8.427E-19 8.350E-19
 8.286E-19 8.342E-19 8.349E-19 8.348E-19 8.369E-19 8.374E-19 8.431E-19 8.442E-19 8.395E-19 8.380E-19
 8.405E-19 8.439E-19 8.467E-19 8.500E-19 8.483E-19 8.477E-19 8.548E-19 8.559E-19 8.452E-19 8.382E-19
 8.382E-19 8.342E-19 8.289E-19 8.313E-19 8.360E-19 8.321E-19 8.237E-19 8.288E-19 8.343E-19 8.332E-19
 8.295E-19 8.276E-19 8.373E-19 8.430E-19 8.373E-19 8.365E-19 8.413E-19 8.434E-19 8.454E-19 8.414E-19
 8.328E-19 8.325E-19 8.423E-19 8.384E-19 8.282E-19 8.337E-19 8.337E-19 8.215E-19 8.171E-19 8.228E-19
 8.252E-19 8.216E-19 8.256E-19 8.323E-19 8.313E-19 8.256E-19 8.280E-19 8.272E-19 8.236E-19 8.229E-19
 8.203E-19 8.246E-19 8.277E-19 8.299E-19 8.320E-19 8.312E-19 8.278E-19 8.243E-19 8.243E-19 8.302E-19
 8.307E-19 8.240E-19 8.214E-19 8.184E-19 8.244E-19 8.287E-19 8.320E-19 8.289E-19 8.248E-19 8.279E-19
 8.282E-19 8.304E-19 8.339E-19 8.280E-19 8.270E-19 8.261E-19 8.163E-19 8.162E-19 8.246E-19 8.293E-19
 8.152E-19 8.136E-19 8.234E-19 8.265E-19 8.217E-19 8.112E-19 8.061E-19 8.133E-19 8.016E-19 8.009E-19
 8.102E-19 8.094E-19 8.185E-19 8.148E-19 8.102E-19 8.101E-19 8.113E-19 8.158E-19 8.179E-19 8.208E-19
 8.219E-19 8.242E-19 8.165E-19 8.034E-19 8.059E-19 8.071E-19 8.019E-19 8.054E-19 8.134E-19 8.141E-19
 8.060E-19 8.031E-19 8.001E-19 7.937E-19 7.988E-19 7.949E-19 7.899E-19 7.929E-19 7.951E-19 7.967E-19
 7.981E-19 7.969E-19 7.993E-19 7.978E-19 7.908E-19 7.887E-19 7.900E-19 7.842E-19 7.813E-19 7.809E-19
 7.692E-19 7.648E-19 7.766E-19 7.773E-19 7.803E-19 7.900E-19 7.886E-19 7.836E-19 7.828E-19 7.771E-19
 7.716E-19 7.707E-19 7.674E-19 7.635E-19 7.711E-19 7.761E-19 7.669E-19 7.574E-19 7.578E-19 7.595E-19
 7.601E-19 7.605E-19 7.613E-19 7.621E-19 7.642E-19 7.644E-19 7.572E-19 7.530E-19 7.451E-19 7.437E-19
 7.447E-19 7.468E-19 7.468E-19 7.488E-19 7.475E-19 7.481E-19 7.388E-19 7.249E-19 7.314E-19 7.397E-19
 7.398E-19 7.372E-19 7.281E-19 7.262E-19 7.344E-19 7.366E-19 7.375E-19 7.355E-19 7.278E-19 7.181E-19
 7.153E-19 7.182E-19 7.187E-19 7.180E-19 7.112E-19 7.121E-19 7.107E-19 7.076E-19 7.039E-19 7.012E-19
 7.007E-19 6.965E-19 6.951E-19 6.860E-19 6.851E-19 6.862E-19 6.889E-19 6.947E-19 6.916E-19 6.898E-19
 6.926E-19 6.871E-19 6.799E-19 6.789E-19 6.785E-19 6.775E-19 6.740E-19 6.758E-19 6.711E-19 6.651E-19
 6.635E-19 6.647E-19 6.644E-19 6.649E-19 6.677E-19 6.620E-19 6.594E-19 6.512E-19 6.416E-19 6.394E-19
 6.468E-19 6.560E-19 6.532E-19 6.461E-19 6.344E-19 6.310E-19 6.328E-19 6.339E-19 6.377E-19 6.371E-19
 6.325E-19 6.231E-19 6.181E-19 6.231E-19 6.232E-19 6.168E-19 6.206E-19 6.231E-19 6.098E-19 6.023E-19
 6.031E-19 6.061E-19 6.083E-19 6.018E-19 5.959E-19 6.000E-19 5.977E-19 5.906E-19 5.795E-19 5.841E-19
 5.981E-19 5.940E-19 5.894E-19 5.866E-19 5.913E-19 5.876E-19 5.865E-19 5.839E-19 5.804E-19 5.830E-19
 5.818E-19 5.776E-19 5.693E-19 5.663E-19 5.661E-19 5.649E-19 5.657E-19 5.661E-19 5.637E-19 5.607E-19
 5.576E-19 5.497E-19 5.425E-19 5.359E-19 5.382E-19 5.451E-19 5.392E-19 5.354E-19 5.367E-19 5.366E-19
 5.340E-19 5.277E-19 5.242E-19 5.263E-19 5.202E-19 5.145E-19 5.230E-19 5.219E-19 5.167E-19 5.216E-19
 5.180E-19 5.112E-19 5.091E-19 5.070E-19 5.101E-19 5.046E-19 5.005E-19 5.030E-19 4.966E-19 4.838E-19
 4.843E-19 4.982E-19 4.962E-19 4.857E-19 4.771E-19 4.733E-19 4.757E-19 4.712E-19 4.617E-19 4.574E-19
 4.656E-19 4.746E-19 4.703E-19 4.642E-19 4.660E-19 4.652E-19 4.632E-19 4.576E-19 4.501E-19 4.488E-19
 4.468E-19 4.504E-19 4.516E-19 4.537E-19 4.483E-19 4.352E-19 4.406E-19 4.440E-19 4.420E-19 4.397E-19
 4.369E-19 4.350E-19 4.295E-19 4.272E-19 4.299E-19 4.291E-19 4.244E-19 4.231E-19 4.247E-19 4.238E-19
 4.259E-19 4.198E-19 4.114E-19 4.159E-19 4.130E-19 4.041E-19 4.029E-19 4.083E-19 4.058E-19 3.986E-19
 3.965E-19 3.990E-19 4.004E-19 4.048E-19 3.994E-19 3.914E-19 3.838E-19 3.829E-19 3.891E-19 3.864E-19
 3.832E-19 3.833E-19 3.735E-19 3.632E-19 3.603E-19 3.643E-19 3.712E-19 3.669E-19 3.651E-19 3.739E-19
 3.709E-19 3.675E-19 3.631E-19 3.602E-19 3.593E-19 3.524E-19 3.469E-19 3.495E-19 3.546E-19 3.482E-19
 3.412E-19 3.401E-19 3.402E-19 3.383E-19 3.424E-19 3.423E-19 3.380E-19 3.369E-19 3.308E-19 3.241E-19
 3.279E-19 3.360E-19 3.290E-19 3.192E-19 3.177E-19 3.239E-19 3.315E-19 3.273E-19 3.202E-19 3.119E-19
 3.080E-19 3.087E-19 3.062E-19 3.030E-19 3.018E-19 3.014E-19 3.026E-19 3.007E-19 2.978E-19 2.998E-19
 3.035E-19 2.957E-19 2.885E-19 2.902E-19 2.912E-19 2.859E-19 2.854E-19 2.841E-19 2.785E-19 2.762E-19
 2.786E-19 2.741E-19 2.725E-19 2.725E-19 2.709E-19 2.720E-19 2.674E-19 2.673E-19 2.653E-19 2.631E-19
 2.621E-19 2.622E-19 2.686E-19 2.711E-19 2.660E-19 2.565E-19 2.561E-19 2.616E-19 2.602E-19 2.565E-19
 2.496E-19 2.458E-19 2.449E-19 2.448E-19 2.405E-19 2.377E-19 2.380E-19 2.431E-19 2.446E-19 2.383E-19
 2.355E-19 2.340E-19 2.384E-19 2.373E-19 2.259E-19 2.169E-19 2.147E-19 2.106E-19 2.144E-19 2.247E-19
 2.242E-19 2.190E-19 2.168E-19 2.152E-19 2.122E-19 2.052E-19 2.064E-19 2.109E-19 2.031E-19 2.000E-19
 2.093E-19 2.119E-19 2.068E-19 2.067E-19 2.077E-19 2.006E-19 1.974E-19 1.965E-19 1.964E-19 2.002E-19
 2.029E-19 2.028E-19 1.953E-19 1.893E-19 1.848E-19 1.823E-19 1.884E-19 1.922E-19 1.925E-19 1.927E-19
 1.928E-19 1.936E-19 1.894E-19 1.859E-19 1.842E-19 1.849E-19 1.827E-19 1.804E-19 1.818E-19 1.787E-19
 1.738E-19 1.763E-19 1.771E-19 1.714E-19 1.698E-19 1.769E-19 1.805E-19 1.793E-19 1.722E-19 1.593E-19
 1.585E-19 1.630E-19 1.615E-19 1.620E-19 1.595E-19 1.585E-19 1.637E-19 1.637E-19 1.613E-19 1.591E-19
 1.501E-19 1.483E-19 1.529E-19 1.458E-19 1.384E-19 1.412E-19 1.431E-19 1.467E-19 1.498E-19 1.507E-19
 1.461E-19 1.378E-19 1.387E-19 1.423E-19 1.398E-19 1.391E-19 1.417E-19 1.390E-19 1.380E-19 1.330E-19
 1.283E-19 1.312E-19 1.298E-19 1.291E-19 1.322E-19 1.359E-19 1.317E-19 1.262E-19 1.236E-19 1.185E-19
 1.199E-19 1.235E-19 1.272E-19 1.309E-19 1.289E-19 1.250E-19 1.238E-19 1.182E-19 1.131E-19 1.147E-19
 1.111E-19 1.111E-19 1.134E-19 1.156E-19 1.221E-19 1.233E-19 1.132E-19 1.059E-19 1.051E-19 1.099E-19
 1.136E-19 1.129E-19 1.118E-19 1.078E-19 1.102E-19 1.110E-19 1.051E-19 9.958E-20 1.004E-19 1.008E-19
 9.897E-20 1.071E-19 1.125E-19 1.087E-19 1.103E-19 1.047E-19 1.053E-19 1.111E-19 1.050E-19 9.657E-20
 9.880E-20 1.052E-19 1.024E-19 9.339E-20 8.877E-20 8.626E-20 8.816E-20 9.135E-20 8.812E-20 8.761E-20
 9.221E-20 8.816E-20 7.991E-20 7.795E-20 8.046E-20 8.365E-20 8.659E-20 8.537E-20 8.724E-20 9.305E-20
 8.870E-20 8.031E-20 7.927E-20 7.952E-20 8.315E-20 8.358E-20 7.801E-20 8.011E-20 8.952E-20 8.673E-20
 7.701E-20 7.180E-20 6.793E-20 7.678E-20 8.317E-20 8.182E-20 8.071E-20 7.954E-20 7.397E-20 6.887E-20
 6.600E-20 6.422E-20 6.581E-20 7.129E-20 7.357E-20 7.639E-20 7.378E-20 7.008E-20 6.831E-20 6.651E-20
 6.380E-20 6.260E-20 6.272E-20 6.411E-20 6.736E-20 6.509E-20 6.796E-20 6.874E-20 6.661E-20 6.597E-20
 6.329E-20 6.116E-20 6.027E-20 5.908E-20 5.973E-20 5.960E-20 6.030E-20 5.619E-20 5.493E-20 5.648E-20
 6.004E-20 5.819E-20 5.321E-20 5.525E-20 0.000E+00 0.000E+00 0.000E+00 0.000E+00 0.000E+00 0.000E+00
