   C2Cl2F4  815.0010  859.9940      3034  273.0000    0.0000 2.042E-18  NCAR    CFC-114
 4.662E-20 3.106E-20 3.017E-20 4.002E-20 5.131E-20 5.706E-20 4.809E-20 3.993E-20 3.898E-20 4.016E-20
 2.989E-20 2.619E-20 2.872E-20 2.594E-20 2.713E-20 3.341E-20 3.547E-20 2.697E-20 2.056E-20 1.971E-20
 2.861E-20 3.067E-20 3.293E-20 3.568E-20 4.124E-20 3.846E-20 4.209E-20 4.009E-20 2.238E-20 1.318E-20
 1.325E-20 1.575E-20 2.449E-20 3.410E-20 4.307E-20 4.282E-20 2.674E-20 2.325E-20 3.115E-20 2.769E-20
 2.839E-20 3.933E-20 4.262E-20 3.937E-20 4.397E-20 5.164E-20 3.952E-20 3.092E-20 3.011E-20 2.357E-20
 3.296E-20 3.805E-20 3.132E-20 2.534E-20 2.232E-20 2.746E-20 2.538E-20 2.509E-20 3.377E-20 4.165E-20
 3.752E-20 3.500E-20 2.440E-20 2.237E-20 3.230E-20 4.843E-20 6.156E-20 6.269E-20 5.498E-20 4.928E-20
 5.269E-20 4.750E-20 4.743E-20 4.963E-20 4.917E-20 4.496E-20 4.125E-20 3.766E-20 2.810E-20 3.355E-20
 4.197E-20 3.995E-20 3.671E-20 3.686E-20 3.711E-20 3.644E-20 4.196E-20 5.256E-20 6.442E-20 5.663E-20
 2.685E-20 1.177E-20 1.802E-20 4.802E-20 5.620E-20 4.399E-20 4.423E-20 5.160E-20 5.284E-20 3.362E-20
 2.319E-20 2.735E-20 2.424E-20 2.356E-20 2.547E-20 2.464E-20 2.998E-20 4.020E-20 4.436E-20 3.631E-20
 3.496E-20 4.612E-20 4.686E-20 3.544E-20 3.811E-20 4.527E-20 4.784E-20 4.822E-20 4.682E-20 4.088E-20
 3.145E-20 2.548E-20 4.801E-20 6.414E-20 5.944E-20 6.161E-20 5.835E-20 5.316E-20 5.139E-20 3.964E-20
 2.421E-20 2.019E-20 3.869E-20 6.107E-20 5.403E-20 3.332E-20 2.248E-20 2.214E-20 1.676E-20 1.950E-20
 3.765E-20 3.932E-20 2.974E-20 3.751E-20 5.138E-20 5.138E-20 5.696E-20 4.124E-20 4.726E-20 4.925E-20
 4.657E-20 5.564E-20 5.208E-20 4.442E-20 4.578E-20 4.331E-20 4.237E-20 4.540E-20 5.013E-20 5.367E-20
 6.146E-20 6.924E-20 7.647E-20 7.511E-20 5.385E-20 4.289E-20 3.557E-20 3.316E-20 4.860E-20 5.898E-20
 5.474E-20 5.019E-20 5.602E-20 5.269E-20 3.417E-20 1.729E-20 2.038E-20 3.806E-20 4.930E-20 5.001E-20
 5.887E-20 6.560E-20 6.357E-20 5.005E-20 3.699E-20 3.329E-20 5.149E-20 6.344E-20 6.790E-20 6.817E-20
 6.109E-20 4.771E-20 5.456E-20 6.687E-20 5.772E-20 4.512E-20 4.288E-20 4.901E-20 6.123E-20 6.616E-20
 5.011E-20 3.706E-20 3.168E-20 2.997E-20 3.958E-20 4.458E-20 4.359E-20 5.540E-20 5.625E-20 4.493E-20
 3.402E-20 3.633E-20 4.416E-20 5.106E-20 5.643E-20 6.869E-20 6.807E-20 5.859E-20 5.883E-20 6.411E-20
 5.124E-20 4.512E-20 5.057E-20 4.652E-20 4.808E-20 5.462E-20 6.489E-20 7.026E-20 5.696E-20 4.987E-20
 5.054E-20 4.853E-20 5.263E-20 5.345E-20 5.346E-20 5.828E-20 5.394E-20 5.070E-20 5.483E-20 4.656E-20
 3.608E-20 3.328E-20 4.796E-20 7.118E-20 6.698E-20 4.570E-20 4.634E-20 4.614E-20 4.749E-20 5.600E-20
 5.601E-20 4.897E-20 5.246E-20 5.611E-20 6.167E-20 6.381E-20 5.466E-20 5.487E-20 6.519E-20 6.431E-20
 5.072E-20 4.918E-20 5.443E-20 5.858E-20 4.880E-20 4.456E-20 4.790E-20 5.347E-20 4.641E-20 3.705E-20
 4.818E-20 6.939E-20 6.879E-20 5.391E-20 4.513E-20 4.204E-20 3.961E-20 3.954E-20 4.670E-20 4.941E-20
 5.922E-20 7.332E-20 6.551E-20 6.165E-20 5.952E-20 5.699E-20 5.502E-20 5.756E-20 6.216E-20 6.408E-20
 6.798E-20 6.482E-20 6.545E-20 5.441E-20 3.898E-20 4.268E-20 5.471E-20 6.373E-20 6.521E-20 7.044E-20
 7.462E-20 5.406E-20 5.139E-20 5.318E-20 4.505E-20 3.486E-20 3.320E-20 5.005E-20 5.706E-20 5.300E-20
 4.913E-20 4.366E-20 3.155E-20 2.795E-20 3.395E-20 2.951E-20 3.888E-20 5.500E-20 5.939E-20 6.390E-20
 5.731E-20 4.787E-20 5.147E-20 5.061E-20 5.953E-20 6.526E-20 6.206E-20 5.432E-20 5.172E-20 5.403E-20
 4.682E-20 4.343E-20 3.671E-20 3.326E-20 4.297E-20 5.365E-20 6.122E-20 6.711E-20 6.956E-20 6.055E-20
 5.573E-20 6.322E-20 6.229E-20 6.453E-20 6.568E-20 6.455E-20 5.748E-20 6.080E-20 6.125E-20 5.579E-20
 5.160E-20 5.139E-20 4.945E-20 4.604E-20 6.096E-20 6.730E-20 6.065E-20 5.496E-20 4.861E-20 5.500E-20
 6.280E-20 6.172E-20 5.693E-20 6.049E-20 6.986E-20 6.467E-20 6.344E-20 6.238E-20 5.782E-20 4.795E-20
 4.644E-20 5.773E-20 6.272E-20 5.714E-20 5.859E-20 5.427E-20 3.880E-20 3.474E-20 3.814E-20 2.769E-20
 3.498E-20 5.403E-20 6.022E-20 6.875E-20 6.294E-20 5.786E-20 6.190E-20 5.213E-20 5.221E-20 6.520E-20
 7.132E-20 7.121E-20 7.019E-20 6.704E-20 5.802E-20 6.662E-20 7.543E-20 7.602E-20 7.169E-20 6.587E-20
 6.331E-20 5.633E-20 5.446E-20 4.922E-20 4.909E-20 5.157E-20 5.487E-20 5.977E-20 6.148E-20 6.570E-20
 6.798E-20 7.286E-20 6.021E-20 4.434E-20 5.398E-20 6.077E-20 6.049E-20 6.127E-20 5.221E-20 5.155E-20
 6.908E-20 7.091E-20 6.058E-20 5.130E-20 3.848E-20 3.828E-20 4.182E-20 5.956E-20 7.068E-20 7.210E-20
 7.005E-20 5.250E-20 4.172E-20 4.300E-20 4.721E-20 6.136E-20 6.841E-20 7.241E-20 7.007E-20 6.910E-20
 7.353E-20 6.408E-20 5.604E-20 4.932E-20 4.837E-20 5.266E-20 5.724E-20 5.703E-20 6.470E-20 7.402E-20
 6.503E-20 6.015E-20 6.314E-20 6.186E-20 6.032E-20 6.705E-20 7.229E-20 7.077E-20 6.462E-20 5.875E-20
 5.928E-20 6.262E-20 6.336E-20 6.698E-20 7.169E-20 7.454E-20 6.679E-20 5.739E-20 6.269E-20 6.314E-20
 6.330E-20 5.558E-20 4.215E-20 4.392E-20 5.282E-20 6.004E-20 6.116E-20 6.156E-20 5.945E-20 5.484E-20
 5.590E-20 6.581E-20 7.893E-20 7.668E-20 6.676E-20 6.171E-20 5.311E-20 4.754E-20 4.893E-20 4.493E-20
 4.489E-20 5.873E-20 6.318E-20 6.165E-20 6.382E-20 5.771E-20 5.531E-20 5.674E-20 5.536E-20 5.815E-20
 7.385E-20 6.761E-20 5.714E-20 7.211E-20 7.899E-20 6.966E-20 5.640E-20 4.058E-20 3.638E-20 4.284E-20
 5.785E-20 5.854E-20 5.198E-20 5.544E-20 5.696E-20 5.658E-20 6.513E-20 7.555E-20 7.817E-20 8.244E-20
 8.636E-20 8.211E-20 7.391E-20 6.564E-20 7.126E-20 7.094E-20 5.981E-20 5.552E-20 7.008E-20 8.662E-20
 8.812E-20 8.326E-20 7.208E-20 6.310E-20 5.576E-20 4.976E-20 6.155E-20 7.736E-20 7.085E-20 6.365E-20
 6.810E-20 6.581E-20 4.838E-20 4.268E-20 5.677E-20 6.583E-20 6.804E-20 7.380E-20 8.271E-20 8.817E-20
 8.714E-20 7.414E-20 5.773E-20 5.715E-20 5.672E-20 6.036E-20 6.873E-20 7.157E-20 7.061E-20 6.922E-20
 6.089E-20 4.803E-20 5.328E-20 7.039E-20 7.053E-20 7.876E-20 7.812E-20 7.913E-20 8.303E-20 7.704E-20
 7.169E-20 7.090E-20 6.294E-20 6.110E-20 6.445E-20 5.713E-20 6.000E-20 6.662E-20 7.227E-20 6.880E-20
 6.330E-20 7.019E-20 7.339E-20 6.438E-20 7.160E-20 8.141E-20 7.052E-20 6.583E-20 5.806E-20 5.317E-20
 5.715E-20 6.325E-20 7.061E-20 7.784E-20 8.641E-20 8.746E-20 7.518E-20 7.495E-20 7.131E-20 5.731E-20
 5.719E-20 6.392E-20 7.420E-20 7.726E-20 7.774E-20 7.041E-20 6.199E-20 5.420E-20 5.425E-20 7.490E-20
 8.670E-20 7.496E-20 6.471E-20 6.112E-20 5.971E-20 6.364E-20 6.357E-20 5.489E-20 6.015E-20 7.677E-20
 8.705E-20 8.997E-20 8.701E-20 7.605E-20 7.656E-20 7.014E-20 5.078E-20 4.766E-20 5.555E-20 6.312E-20
 6.924E-20 7.792E-20 8.150E-20 7.149E-20 7.014E-20 7.230E-20 7.173E-20 6.444E-20 6.963E-20 7.672E-20
 7.844E-20 7.973E-20 7.885E-20 7.573E-20 6.533E-20 5.561E-20 5.871E-20 6.669E-20 7.610E-20 8.697E-20
 8.949E-20 8.586E-20 7.546E-20 6.402E-20 5.820E-20 6.196E-20 7.151E-20 8.147E-20 9.232E-20 9.835E-20
 9.750E-20 8.186E-20 5.853E-20 5.697E-20 6.270E-20 6.003E-20 7.145E-20 9.073E-20 8.937E-20 8.406E-20
 8.053E-20 7.865E-20 7.471E-20 6.905E-20 6.525E-20 6.182E-20 7.429E-20 8.174E-20 7.681E-20 6.922E-20
 6.359E-20 7.429E-20 7.458E-20 6.681E-20 7.589E-20 8.134E-20 6.591E-20 6.454E-20 6.236E-20 5.739E-20
 6.789E-20 7.394E-20 8.230E-20 9.055E-20 8.268E-20 7.753E-20 7.971E-20 8.357E-20 7.701E-20 7.199E-20
 7.423E-20 7.529E-20 6.915E-20 7.913E-20 9.983E-20 1.025E-19 9.086E-20 7.643E-20 6.535E-20 6.641E-20
 7.865E-20 7.706E-20 7.647E-20 8.719E-20 9.932E-20 1.039E-19 9.542E-20 7.940E-20 8.116E-20 8.536E-20
 8.975E-20 1.011E-19 1.119E-19 1.117E-19 9.557E-20 8.369E-20 8.037E-20 7.976E-20 8.035E-20 7.608E-20
 7.905E-20 8.914E-20 9.110E-20 9.433E-20 9.301E-20 8.322E-20 7.435E-20 7.386E-20 7.450E-20 7.405E-20
 7.890E-20 7.980E-20 8.135E-20 8.238E-20 7.760E-20 7.075E-20 6.195E-20 6.416E-20 7.324E-20 8.045E-20
 8.664E-20 8.282E-20 7.797E-20 7.700E-20 7.090E-20 7.453E-20 8.265E-20 8.353E-20 8.319E-20 9.160E-20
 9.289E-20 8.399E-20 7.468E-20 6.841E-20 6.891E-20 6.797E-20 6.720E-20 7.297E-20 7.521E-20 8.308E-20
 8.656E-20 8.024E-20 7.941E-20 8.128E-20 7.590E-20 7.931E-20 7.772E-20 7.807E-20 9.331E-20 8.886E-20
 8.585E-20 8.314E-20 7.919E-20 6.955E-20 7.440E-20 8.877E-20 9.382E-20 9.270E-20 8.901E-20 7.620E-20
 7.884E-20 9.387E-20 9.874E-20 9.730E-20 9.619E-20 9.740E-20 9.771E-20 1.058E-19 9.955E-20 8.178E-20
 8.365E-20 9.136E-20 1.005E-19 1.073E-19 9.850E-20 9.093E-20 9.509E-20 8.804E-20 7.512E-20 7.491E-20
 7.541E-20 7.316E-20 8.543E-20 1.004E-19 1.066E-19 1.010E-19 9.932E-20 1.021E-19 9.337E-20 8.405E-20
 8.174E-20 9.273E-20 9.424E-20 9.582E-20 1.033E-19 1.005E-19 8.541E-20 8.378E-20 1.020E-19 9.086E-20
 7.214E-20 7.765E-20 7.878E-20 9.126E-20 1.157E-19 1.158E-19 1.083E-19 1.060E-19 8.783E-20 7.370E-20
 7.966E-20 9.241E-20 9.888E-20 1.030E-19 1.148E-19 1.124E-19 1.057E-19 1.089E-19 1.031E-19 9.465E-20
 8.724E-20 1.017E-19 1.122E-19 1.072E-19 1.070E-19 9.862E-20 9.414E-20 1.085E-19 1.188E-19 1.220E-19
 1.159E-19 1.113E-19 1.093E-19 1.004E-19 9.004E-20 9.511E-20 9.963E-20 9.668E-20 1.017E-19 1.147E-19
 1.244E-19 1.310E-19 1.296E-19 1.036E-19 8.209E-20 8.219E-20 8.749E-20 8.813E-20 1.074E-19 1.176E-19
 1.128E-19 1.156E-19 1.172E-19 1.073E-19 9.292E-20 9.173E-20 9.469E-20 1.051E-19 1.108E-19 1.101E-19
 1.152E-19 1.114E-19 9.213E-20 7.826E-20 8.243E-20 8.975E-20 9.767E-20 9.813E-20 9.287E-20 9.766E-20
 9.633E-20 9.489E-20 9.226E-20 9.074E-20 9.390E-20 9.759E-20 1.086E-19 1.188E-19 1.199E-19 1.197E-19
 1.147E-19 1.072E-19 1.041E-19 1.020E-19 1.119E-19 1.227E-19 1.223E-19 1.117E-19 1.145E-19 1.158E-19
 1.058E-19 9.529E-20 9.433E-20 1.031E-19 1.128E-19 1.164E-19 1.118E-19 1.151E-19 1.208E-19 1.189E-19
 1.178E-19 1.116E-19 1.183E-19 1.318E-19 1.305E-19 1.297E-19 1.275E-19 1.161E-19 1.034E-19 1.066E-19
 1.124E-19 1.099E-19 1.207E-19 1.234E-19 1.164E-19 1.293E-19 1.505E-19 1.751E-19 2.028E-19 1.776E-19
 1.372E-19 1.314E-19 1.377E-19 1.353E-19 1.336E-19 1.288E-19 1.230E-19 1.189E-19 1.135E-19 1.163E-19
 1.270E-19 1.343E-19 1.306E-19 1.350E-19 1.285E-19 1.115E-19 1.012E-19 1.187E-19 1.356E-19 1.267E-19
 1.291E-19 1.415E-19 1.422E-19 1.426E-19 1.313E-19 1.102E-19 9.731E-20 1.076E-19 1.267E-19 1.325E-19
 1.307E-19 1.221E-19 1.186E-19 1.186E-19 1.105E-19 1.149E-19 1.258E-19 1.252E-19 1.277E-19 1.349E-19
 1.388E-19 1.313E-19 1.203E-19 1.234E-19 1.201E-19 1.214E-19 1.289E-19 1.263E-19 1.310E-19 1.406E-19
 1.402E-19 1.251E-19 1.206E-19 1.248E-19 1.214E-19 1.172E-19 1.256E-19 1.394E-19 1.385E-19 1.292E-19
 1.294E-19 1.342E-19 1.252E-19 1.157E-19 1.113E-19 1.224E-19 1.326E-19 1.347E-19 1.368E-19 1.347E-19
 1.299E-19 1.264E-19 1.161E-19 1.182E-19 1.345E-19 1.460E-19 1.522E-19 1.478E-19 1.433E-19 1.511E-19
 1.415E-19 1.242E-19 1.193E-19 1.295E-19 1.385E-19 1.513E-19 1.614E-19 1.526E-19 1.434E-19 1.473E-19
 1.514E-19 1.441E-19 1.389E-19 1.442E-19 1.529E-19 1.485E-19 1.448E-19 1.312E-19 1.205E-19 1.229E-19
 1.357E-19 1.526E-19 1.588E-19 1.581E-19 1.504E-19 1.426E-19 1.474E-19 1.377E-19 1.361E-19 1.415E-19
 1.463E-19 1.471E-19 1.609E-19 1.747E-19 1.642E-19 1.488E-19 1.311E-19 1.269E-19 1.295E-19 1.362E-19
 1.419E-19 1.431E-19 1.421E-19 1.502E-19 1.598E-19 1.520E-19 1.463E-19 1.488E-19 1.435E-19 1.360E-19
 1.396E-19 1.449E-19 1.575E-19 1.594E-19 1.484E-19 1.394E-19 1.339E-19 1.445E-19 1.512E-19 1.477E-19
 1.472E-19 1.545E-19 1.593E-19 1.549E-19 1.512E-19 1.531E-19 1.622E-19 1.656E-19 1.627E-19 1.678E-19
 1.757E-19 1.678E-19 1.505E-19 1.405E-19 1.401E-19 1.410E-19 1.393E-19 1.520E-19 1.698E-19 1.744E-19
 1.740E-19 1.669E-19 1.548E-19 1.502E-19 1.630E-19 1.746E-19 1.775E-19 1.660E-19 1.686E-19 1.680E-19
 1.584E-19 1.609E-19 1.573E-19 1.493E-19 1.466E-19 1.560E-19 1.641E-19 1.689E-19 1.695E-19 1.770E-19
 1.741E-19 1.806E-19 1.776E-19 1.688E-19 1.757E-19 1.839E-19 1.796E-19 1.811E-19 1.854E-19 1.781E-19
 1.791E-19 1.767E-19 1.603E-19 1.540E-19 1.665E-19 1.860E-19 2.072E-19 2.059E-19 1.947E-19 1.927E-19
 1.817E-19 1.612E-19 1.609E-19 1.654E-19 1.700E-19 1.727E-19 1.728E-19 1.751E-19 1.781E-19 1.734E-19
 1.772E-19 1.835E-19 1.849E-19 1.942E-19 1.876E-19 1.840E-19 1.788E-19 1.806E-19 1.814E-19 1.671E-19
 1.653E-19 1.803E-19 1.954E-19 2.008E-19 1.987E-19 1.962E-19 1.864E-19 1.801E-19 1.819E-19 1.916E-19
 1.957E-19 1.956E-19 1.940E-19 1.887E-19 2.009E-19 2.040E-19 1.861E-19 1.807E-19 1.944E-19 1.929E-19
 1.888E-19 1.889E-19 1.885E-19 1.942E-19 1.933E-19 1.974E-19 1.980E-19 1.931E-19 1.913E-19 1.930E-19
 1.978E-19 2.058E-19 2.095E-19 2.115E-19 2.111E-19 2.062E-19 2.045E-19 1.991E-19 2.014E-19 2.001E-19
 1.997E-19 2.106E-19 2.136E-19 2.125E-19 2.149E-19 2.124E-19 2.221E-19 2.258E-19 2.193E-19 2.223E-19
 2.269E-19 2.353E-19 2.371E-19 2.313E-19 2.250E-19 2.261E-19 2.260E-19 2.229E-19 2.248E-19 2.291E-19
 2.386E-19 2.366E-19 2.115E-19 1.957E-19 2.102E-19 2.202E-19 2.233E-19 2.327E-19 2.299E-19 2.308E-19
 2.351E-19 2.316E-19 2.230E-19 2.283E-19 2.400E-19 2.364E-19 2.344E-19 2.254E-19 2.254E-19 2.339E-19
 2.353E-19 2.306E-19 2.267E-19 2.280E-19 2.284E-19 2.348E-19 2.433E-19 2.532E-19 2.611E-19 2.495E-19
 2.337E-19 2.317E-19 2.371E-19 2.389E-19 2.456E-19 2.510E-19 2.513E-19 2.517E-19 2.484E-19 2.463E-19
 2.435E-19 2.504E-19 2.605E-19 2.633E-19 2.588E-19 2.667E-19 2.776E-19 2.715E-19 2.669E-19 2.701E-19
 2.684E-19 2.611E-19 2.638E-19 2.665E-19 2.649E-19 2.612E-19 2.677E-19 2.746E-19 2.710E-19 2.652E-19
 2.709E-19 2.681E-19 2.551E-19 2.559E-19 2.524E-19 2.512E-19 2.594E-19 2.573E-19 2.514E-19 2.592E-19
 2.631E-19 2.712E-19 2.724E-19 2.650E-19 2.609E-19 2.584E-19 2.632E-19 2.658E-19 2.674E-19 2.761E-19
 2.927E-19 2.967E-19 2.988E-19 3.086E-19 3.019E-19 2.803E-19 2.751E-19 2.756E-19 2.717E-19 2.902E-19
 3.085E-19 3.088E-19 2.978E-19 2.983E-19 2.964E-19 2.909E-19 2.925E-19 2.885E-19 2.961E-19 3.059E-19
 3.047E-19 3.046E-19 3.037E-19 2.978E-19 2.910E-19 2.853E-19 2.944E-19 3.009E-19 2.999E-19 3.138E-19
 3.169E-19 3.141E-19 3.052E-19 2.773E-19 2.680E-19 2.891E-19 3.220E-19 3.385E-19 3.381E-19 3.308E-19
 3.244E-19 3.215E-19 3.210E-19 3.222E-19 3.199E-19 3.114E-19 3.128E-19 3.284E-19 3.374E-19 3.442E-19
 3.474E-19 3.368E-19 3.239E-19 3.410E-19 3.460E-19 3.341E-19 3.388E-19 3.494E-19 3.514E-19 3.446E-19
 3.284E-19 3.196E-19 3.171E-19 3.187E-19 3.259E-19 3.408E-19 3.542E-19 3.533E-19 3.535E-19 3.497E-19
 3.457E-19 3.429E-19 3.415E-19 3.520E-19 3.613E-19 3.742E-19 3.801E-19 3.804E-19 3.779E-19 3.586E-19
 3.467E-19 3.481E-19 3.633E-19 3.691E-19 3.716E-19 3.801E-19 3.870E-19 3.833E-19 3.853E-19 3.801E-19
 3.685E-19 3.690E-19 3.723E-19 3.780E-19 3.803E-19 3.673E-19 3.707E-19 3.839E-19 3.800E-19 3.793E-19
 3.755E-19 3.754E-19 3.759E-19 3.696E-19 3.804E-19 3.924E-19 3.957E-19 3.974E-19 3.880E-19 3.800E-19
 3.870E-19 3.983E-19 4.098E-19 4.102E-19 4.018E-19 3.870E-19 3.900E-19 4.077E-19 4.031E-19 4.035E-19
 4.221E-19 4.236E-19 4.269E-19 4.192E-19 4.117E-19 4.204E-19 4.145E-19 4.034E-19 4.040E-19 4.091E-19
 4.115E-19 4.194E-19 4.198E-19 4.150E-19 4.210E-19 4.266E-19 4.164E-19 4.180E-19 4.365E-19 4.369E-19
 4.410E-19 4.546E-19 4.485E-19 4.360E-19 4.382E-19 4.458E-19 4.341E-19 4.406E-19 4.502E-19 4.495E-19
 4.499E-19 4.553E-19 4.516E-19 4.373E-19 4.345E-19 4.556E-19 4.748E-19 4.744E-19 4.712E-19 4.698E-19
 4.622E-19 4.640E-19 4.622E-19 4.541E-19 4.614E-19 4.676E-19 4.652E-19 4.746E-19 4.773E-19 4.756E-19
 4.754E-19 4.697E-19 4.704E-19 4.768E-19 4.800E-19 4.774E-19 4.726E-19 4.654E-19 4.654E-19 4.686E-19
 4.685E-19 4.718E-19 4.810E-19 4.957E-19 5.031E-19 5.036E-19 5.073E-19 4.954E-19 4.974E-19 5.077E-19
 5.128E-19 5.158E-19 4.987E-19 4.737E-19 5.000E-19 5.359E-19 5.399E-19 5.218E-19 4.953E-19 4.879E-19
 5.031E-19 5.244E-19 5.317E-19 5.357E-19 5.304E-19 5.313E-19 5.294E-19 5.233E-19 5.182E-19 5.060E-19
 5.036E-19 5.076E-19 5.277E-19 5.501E-19 5.535E-19 5.453E-19 5.360E-19 5.240E-19 5.223E-19 5.329E-19
 5.380E-19 5.391E-19 5.459E-19 5.498E-19 5.489E-19 5.406E-19 5.278E-19 5.322E-19 5.429E-19 5.565E-19
 5.584E-19 5.575E-19 5.629E-19 5.641E-19 5.485E-19 5.348E-19 5.297E-19 5.430E-19 5.641E-19 5.713E-19
 5.835E-19 5.841E-19 5.788E-19 5.771E-19 5.614E-19 5.515E-19 5.675E-19 5.851E-19 6.008E-19 6.085E-19
 6.016E-19 5.943E-19 6.027E-19 6.072E-19 5.930E-19 5.833E-19 5.908E-19 5.997E-19 6.077E-19 6.100E-19
 6.002E-19 5.921E-19 5.921E-19 5.967E-19 5.960E-19 5.922E-19 6.016E-19 6.083E-19 6.136E-19 6.157E-19
 6.163E-19 6.189E-19 6.177E-19 6.145E-19 6.011E-19 6.029E-19 6.203E-19 6.420E-19 6.557E-19 6.600E-19
 6.603E-19 6.542E-19 6.361E-19 6.204E-19 6.226E-19 6.482E-19 6.590E-19 6.428E-19 6.383E-19 6.364E-19
 6.303E-19 6.386E-19 6.516E-19 6.639E-19 6.711E-19 6.671E-19 6.739E-19 6.786E-19 6.742E-19 6.692E-19
 6.664E-19 6.537E-19 6.559E-19 6.763E-19 6.924E-19 6.886E-19 6.900E-19 6.932E-19 6.756E-19 6.680E-19
 6.693E-19 6.669E-19 6.656E-19 6.675E-19 6.799E-19 6.841E-19 6.724E-19 6.735E-19 6.859E-19 6.878E-19
 6.948E-19 7.103E-19 7.221E-19 7.283E-19 7.237E-19 7.316E-19 7.340E-19 7.249E-19 7.182E-19 7.242E-19
 7.286E-19 7.401E-19 7.556E-19 7.653E-19 7.621E-19 7.445E-19 7.413E-19 7.411E-19 7.399E-19 7.479E-19
 7.514E-19 7.523E-19 7.600E-19 7.620E-19 7.526E-19 7.462E-19 7.455E-19 7.451E-19 7.534E-19 7.572E-19
 7.489E-19 7.606E-19 7.803E-19 7.749E-19 7.665E-19 7.541E-19 7.490E-19 7.572E-19 7.640E-19 7.697E-19
 7.814E-19 7.836E-19 7.784E-19 7.943E-19 8.001E-19 7.812E-19 7.608E-19 7.618E-19 7.784E-19 7.910E-19
 7.948E-19 7.899E-19 7.864E-19 7.824E-19 7.783E-19 7.905E-19 7.994E-19 8.102E-19 8.143E-19 8.059E-19
 7.951E-19 7.950E-19 7.910E-19 7.834E-19 7.864E-19 7.987E-19 8.026E-19 8.125E-19 8.310E-19 8.331E-19
 8.252E-19 8.223E-19 8.185E-19 8.081E-19 7.952E-19 7.903E-19 8.086E-19 8.330E-19 8.386E-19 8.239E-19
 8.216E-19 8.163E-19 8.034E-19 8.029E-19 8.277E-19 8.505E-19 8.508E-19 8.409E-19 8.533E-19 8.620E-19
 8.589E-19 8.508E-19 8.538E-19 8.498E-19 8.477E-19 8.479E-19 8.532E-19 8.662E-19 8.652E-19 8.658E-19
 8.486E-19 8.347E-19 8.497E-19 8.562E-19 8.568E-19 8.656E-19 8.778E-19 8.917E-19 8.856E-19 8.701E-19
 8.458E-19 8.421E-19 8.502E-19 8.618E-19 8.923E-19 9.031E-19 8.852E-19 8.782E-19 8.835E-19 8.676E-19
 8.509E-19 8.437E-19 8.470E-19 8.637E-19 8.899E-19 9.037E-19 8.943E-19 8.977E-19 8.962E-19 8.920E-19
 8.954E-19 9.009E-19 9.074E-19 9.101E-19 9.126E-19 9.170E-19 8.994E-19 8.736E-19 8.818E-19 9.015E-19
 9.066E-19 9.134E-19 9.364E-19 9.370E-19 9.227E-19 9.149E-19 9.010E-19 9.054E-19 9.063E-19 9.088E-19
 9.236E-19 9.241E-19 9.226E-19 9.206E-19 9.087E-19 8.949E-19 8.953E-19 8.908E-19 8.896E-19 9.149E-19
 9.427E-19 9.475E-19 9.447E-19 9.281E-19 9.138E-19 9.110E-19 9.157E-19 9.224E-19 9.317E-19 9.406E-19
 9.579E-19 9.670E-19 9.515E-19 9.423E-19 9.365E-19 9.428E-19 9.461E-19 9.376E-19 9.370E-19 9.452E-19
 9.552E-19 9.615E-19 9.535E-19 9.509E-19 9.514E-19 9.456E-19 9.495E-19 9.619E-19 9.667E-19 9.720E-19
 9.562E-19 9.508E-19 9.495E-19 9.429E-19 9.456E-19 9.461E-19 9.636E-19 9.701E-19 9.710E-19 9.708E-19
 9.666E-19 9.777E-19 9.662E-19 9.544E-19 9.717E-19 9.939E-19 9.922E-19 9.717E-19 9.488E-19 9.414E-19
 9.591E-19 9.718E-19 9.716E-19 9.592E-19 9.568E-19 9.718E-19 9.904E-19 9.987E-19 9.872E-19 9.722E-19
 9.522E-19 9.513E-19 9.795E-19 9.860E-19 9.944E-19 1.006E-18 9.974E-19 9.993E-19 9.929E-19 9.755E-19
 9.714E-19 9.656E-19 9.791E-19 1.006E-18 1.020E-18 1.005E-18 9.860E-19 9.873E-19 9.855E-19 9.852E-19
 9.697E-19 9.691E-19 1.005E-18 1.018E-18 1.024E-18 1.034E-18 1.022E-18 1.003E-18 9.834E-19 9.773E-19
 9.961E-19 1.013E-18 1.006E-18 9.962E-19 9.895E-19 9.899E-19 1.001E-18 1.015E-18 1.020E-18 1.004E-18
 9.889E-19 1.002E-18 1.026E-18 1.013E-18 9.935E-19 9.955E-19 9.999E-19 1.004E-18 1.010E-18 1.022E-18
 1.029E-18 1.023E-18 1.031E-18 1.037E-18 1.051E-18 1.049E-18 1.032E-18 1.029E-18 1.028E-18 1.028E-18
 1.044E-18 1.056E-18 1.034E-18 1.009E-18 1.012E-18 1.027E-18 1.028E-18 1.018E-18 1.014E-18 1.027E-18
 1.043E-18 1.056E-18 1.055E-18 1.026E-18 1.009E-18 1.033E-18 1.043E-18 1.036E-18 1.036E-18 1.045E-18
 1.063E-18 1.066E-18 1.051E-18 1.042E-18 1.043E-18 1.053E-18 1.060E-18 1.058E-18 1.066E-18 1.050E-18
 1.041E-18 1.060E-18 1.073E-18 1.078E-18 1.062E-18 1.058E-18 1.084E-18 1.115E-18 1.114E-18 1.098E-18
 1.073E-18 1.062E-18 1.063E-18 1.053E-18 1.044E-18 1.052E-18 1.052E-18 1.048E-18 1.055E-18 1.056E-18
 1.049E-18 1.055E-18 1.047E-18 1.046E-18 1.050E-18 1.062E-18 1.066E-18 1.039E-18 1.058E-18 1.087E-18
 1.075E-18 1.050E-18 1.039E-18 1.056E-18 1.077E-18 1.074E-18 1.047E-18 1.043E-18 1.058E-18 1.065E-18
 1.064E-18 1.059E-18 1.070E-18 1.073E-18 1.062E-18 1.059E-18 1.063E-18 1.066E-18 1.055E-18 1.058E-18
 1.063E-18 1.048E-18 1.063E-18 1.075E-18 1.080E-18 1.094E-18 1.094E-18 1.084E-18 1.069E-18 1.059E-18
 1.065E-18 1.085E-18 1.082E-18 1.093E-18 1.102E-18 1.100E-18 1.101E-18 1.079E-18 1.082E-18 1.107E-18
 1.115E-18 1.099E-18 1.101E-18 1.110E-18 1.109E-18 1.104E-18 1.095E-18 1.081E-18 1.094E-18 1.126E-18
 1.165E-18 1.184E-18 1.158E-18 1.141E-18 1.140E-18 1.123E-18 1.104E-18 1.105E-18 1.115E-18 1.115E-18
 1.102E-18 1.099E-18 1.101E-18 1.093E-18 1.073E-18 1.066E-18 1.069E-18 1.078E-18 1.090E-18 1.099E-18
 1.105E-18 1.118E-18 1.127E-18 1.122E-18 1.122E-18 1.127E-18 1.136E-18 1.141E-18 1.137E-18 1.135E-18
 1.140E-18 1.143E-18 1.144E-18 1.154E-18 1.146E-18 1.142E-18 1.150E-18 1.151E-18 1.167E-18 1.169E-18
 1.154E-18 1.152E-18 1.146E-18 1.134E-18 1.131E-18 1.145E-18 1.164E-18 1.178E-18 1.161E-18 1.133E-18
 1.111E-18 1.086E-18 1.067E-18 1.065E-18 1.079E-18 1.062E-18 1.057E-18 1.069E-18 1.058E-18 1.064E-18
 1.088E-18 1.082E-18 1.082E-18 1.103E-18 1.133E-18 1.147E-18 1.129E-18 1.123E-18 1.125E-18 1.130E-18
 1.108E-18 1.080E-18 1.078E-18 1.069E-18 1.092E-18 1.113E-18 1.112E-18 1.123E-18 1.122E-18 1.122E-18
 1.131E-18 1.122E-18 1.127E-18 1.172E-18 1.201E-18 1.203E-18 1.173E-18 1.121E-18 1.096E-18 1.086E-18
 1.077E-18 1.090E-18 1.112E-18 1.125E-18 1.124E-18 1.123E-18 1.115E-18 1.130E-18 1.149E-18 1.143E-18
 1.149E-18 1.162E-18 1.175E-18 1.191E-18 1.207E-18 1.211E-18 1.211E-18 1.206E-18 1.192E-18 1.195E-18
 1.213E-18 1.245E-18 1.279E-18 1.274E-18 1.261E-18 1.289E-18 1.318E-18 1.348E-18 1.394E-18 1.393E-18
 1.352E-18 1.307E-18 1.284E-18 1.277E-18 1.285E-18 1.273E-18 1.209E-18 1.165E-18 1.169E-18 1.156E-18
 1.144E-18 1.133E-18 1.133E-18 1.121E-18 1.101E-18 1.107E-18 1.118E-18 1.139E-18 1.180E-18 1.230E-18
 1.262E-18 1.279E-18 1.289E-18 1.302E-18 1.313E-18 1.333E-18 1.342E-18 1.320E-18 1.286E-18 1.230E-18
 1.163E-18 1.120E-18 1.112E-18 1.118E-18 1.118E-18 1.129E-18 1.167E-18 1.210E-18 1.246E-18 1.275E-18
 1.299E-18 1.336E-18 1.381E-18 1.405E-18 1.389E-18 1.343E-18 1.283E-18 1.221E-18 1.200E-18 1.193E-18
 1.166E-18 1.141E-18 1.103E-18 1.047E-18 1.017E-18 1.013E-18 1.024E-18 1.043E-18 1.047E-18 1.038E-18
 1.051E-18 1.064E-18 1.081E-18 1.090E-18 1.107E-18 1.130E-18 1.122E-18 1.108E-18 1.089E-18 1.100E-18
 1.104E-18 1.125E-18 1.142E-18 1.134E-18 1.114E-18 1.074E-18 1.048E-18 1.041E-18 1.026E-18 1.008E-18
 1.029E-18 1.056E-18 1.072E-18 1.094E-18 1.118E-18 1.145E-18 1.170E-18 1.193E-18 1.203E-18 1.225E-18
 1.232E-18 1.222E-18 1.249E-18 1.276E-18 1.289E-18 1.307E-18 1.291E-18 1.232E-18 1.218E-18 1.236E-18
 1.272E-18 1.295E-18 1.283E-18 1.256E-18 1.242E-18 1.252E-18 1.253E-18 1.246E-18 1.238E-18 1.272E-18
 1.307E-18 1.330E-18 1.356E-18 1.387E-18 1.428E-18 1.454E-18 1.477E-18 1.536E-18 1.626E-18 1.718E-18
 1.888E-18 1.929E-18 1.907E-18 1.734E-18 1.494E-18 1.419E-18 1.374E-18 1.319E-18 1.305E-18 1.305E-18
 1.282E-18 1.244E-18 1.158E-18 1.073E-18 1.024E-18 9.942E-19 9.971E-19 1.023E-18 1.028E-18 1.015E-18
 1.021E-18 1.060E-18 1.092E-18 1.085E-18 1.096E-18 1.137E-18 1.167E-18 1.181E-18 1.188E-18 1.179E-18
 1.187E-18 1.217E-18 1.233E-18 1.239E-18 1.231E-18 1.224E-18 1.206E-18 1.151E-18 1.079E-18 1.045E-18
 1.036E-18 1.023E-18 1.024E-18 1.041E-18 1.056E-18 1.084E-18 1.109E-18 1.121E-18 1.146E-18 1.171E-18
 1.198E-18 1.227E-18 1.247E-18 1.250E-18 1.276E-18 1.310E-18 1.293E-18 1.256E-18 1.229E-18 1.179E-18
 1.088E-18 9.847E-19 9.323E-19 9.039E-19 9.096E-19 9.181E-19 9.074E-19 9.005E-19 9.071E-19 9.070E-19
 8.979E-19 9.079E-19 9.197E-19 9.241E-19 9.331E-19 9.478E-19 9.510E-19 9.497E-19 9.440E-19 9.461E-19
 9.442E-19 9.638E-19 9.707E-19 9.353E-19 9.116E-19 8.946E-19 8.930E-19 9.015E-19 8.997E-19 9.041E-19
 9.111E-19 9.199E-19 9.221E-19 9.322E-19 9.384E-19 9.597E-19 9.742E-19 9.693E-19 9.857E-19 1.013E-18
 1.039E-18 1.059E-18 1.067E-18 1.086E-18 1.110E-18 1.108E-18 1.099E-18 1.119E-18 1.171E-18 1.192E-18
 1.200E-18 1.232E-18 1.267E-18 1.289E-18 1.301E-18 1.319E-18 1.344E-18 1.390E-18 1.412E-18 1.390E-18
 1.365E-18 1.374E-18 1.376E-18 1.314E-18 1.281E-18 1.299E-18 1.338E-18 1.385E-18 1.415E-18 1.438E-18
 1.487E-18 1.554E-18 1.584E-18 1.605E-18 1.632E-18 1.675E-18 1.868E-18 1.901E-18 1.944E-18 2.042E-18
 2.004E-18 1.923E-18 1.839E-18 1.724E-18 1.564E-18 1.365E-18 1.164E-18 1.043E-18 9.919E-19 9.711E-19
 9.506E-19 9.150E-19 9.018E-19 9.143E-19 9.200E-19 9.182E-19 9.076E-19 9.161E-19 9.254E-19 9.234E-19
 9.108E-19 9.052E-19 9.170E-19 9.272E-19 9.275E-19 9.226E-19 9.267E-19 9.280E-19 9.242E-19 9.302E-19
 9.178E-19 9.075E-19 9.055E-19 9.052E-19 9.009E-19 8.970E-19 9.011E-19 9.080E-19 9.181E-19 9.253E-19
 9.254E-19 9.243E-19 9.378E-19 9.385E-19 9.263E-19 9.220E-19 9.308E-19 9.393E-19 9.256E-19 9.211E-19
 9.221E-19 9.252E-19 9.397E-19 9.331E-19 9.174E-19 9.126E-19 9.368E-19 9.401E-19 9.183E-19 9.161E-19
 9.229E-19 9.444E-19 9.429E-19 9.255E-19 9.154E-19 9.240E-19 9.293E-19 9.127E-19 9.121E-19 9.261E-19
 9.355E-19 9.440E-19 9.465E-19 9.446E-19 9.415E-19 9.422E-19 9.296E-19 9.210E-19 9.233E-19 9.309E-19
 9.308E-19 9.335E-19 9.432E-19 9.460E-19 9.424E-19 9.304E-19 9.226E-19 9.308E-19 9.317E-19 9.133E-19
 9.280E-19 9.407E-19 9.397E-19 9.446E-19 9.442E-19 9.263E-19 9.203E-19 9.263E-19 9.332E-19 9.306E-19
 9.260E-19 9.415E-19 9.509E-19 9.287E-19 9.176E-19 9.204E-19 9.196E-19 9.095E-19 9.126E-19 9.269E-19
 9.312E-19 9.246E-19 9.073E-19 9.097E-19 9.250E-19 9.254E-19 9.038E-19 9.025E-19 9.284E-19 9.508E-19
 9.340E-19 9.160E-19 9.309E-19 9.436E-19 9.420E-19 9.271E-19 9.353E-19 9.650E-19 9.647E-19 9.241E-19
 9.147E-19 9.408E-19 9.416E-19 9.239E-19 9.175E-19 9.376E-19 9.623E-19 9.498E-19 9.262E-19 9.322E-19
 9.436E-19 9.347E-19 9.237E-19 9.206E-19 9.310E-19 9.514E-19 9.410E-19 9.312E-19 9.266E-19 9.394E-19
 9.313E-19 9.063E-19 9.282E-19 9.571E-19 9.511E-19 9.308E-19 9.300E-19 9.206E-19 9.052E-19 9.058E-19
 9.005E-19 8.971E-19 9.058E-19 9.179E-19 9.200E-19 9.228E-19 9.172E-19 9.075E-19 8.856E-19 8.991E-19
 9.229E-19 9.284E-19 9.366E-19 9.147E-19 9.088E-19 9.165E-19 9.204E-19 9.127E-19 9.026E-19 9.123E-19
 9.215E-19 9.092E-19 9.026E-19 9.115E-19 9.243E-19 9.113E-19 8.852E-19 8.736E-19 8.887E-19 9.109E-19
 9.201E-19 9.095E-19 9.051E-19 9.171E-19 9.033E-19 8.667E-19 8.563E-19 8.801E-19 8.852E-19 8.734E-19
 8.772E-19 8.865E-19 8.951E-19 8.779E-19 8.631E-19 8.781E-19 8.815E-19 8.717E-19 8.762E-19 8.877E-19
 8.975E-19 8.825E-19 8.600E-19 8.550E-19 8.431E-19 8.256E-19 8.388E-19 8.550E-19 8.611E-19 8.667E-19
 8.694E-19 8.636E-19 8.451E-19 8.448E-19 8.516E-19 8.648E-19 8.551E-19 8.372E-19 8.259E-19 8.398E-19
 8.486E-19 8.287E-19 8.178E-19 8.313E-19 8.438E-19 8.122E-19 7.933E-19 8.196E-19 8.495E-19 8.448E-19
 8.219E-19 8.242E-19 8.395E-19 8.359E-19 8.070E-19 7.899E-19 8.125E-19 8.470E-19 8.269E-19 7.773E-19
 7.840E-19 8.108E-19 8.055E-19 7.893E-19 7.848E-19 7.979E-19 8.075E-19 7.963E-19 7.799E-19 7.807E-19
 7.904E-19 7.726E-19 7.559E-19 7.669E-19 7.771E-19 7.918E-19 7.873E-19 7.746E-19 7.727E-19 7.747E-19
 7.698E-19 7.535E-19 7.585E-19 7.576E-19 7.534E-19 7.527E-19 7.505E-19 7.424E-19 7.458E-19 7.499E-19
 7.489E-19 7.320E-19 7.162E-19 7.440E-19 7.497E-19 7.343E-19 7.220E-19 7.201E-19 7.308E-19 7.179E-19
 6.961E-19 7.005E-19 7.169E-19 7.039E-19 6.932E-19 7.063E-19 7.126E-19 6.980E-19 6.860E-19 6.871E-19
 6.994E-19 7.026E-19 6.776E-19 6.648E-19 6.696E-19 6.694E-19 6.546E-19 6.512E-19 6.557E-19 6.708E-19
 6.768E-19 6.549E-19 6.481E-19 6.604E-19 6.650E-19 6.409E-19 6.200E-19 6.313E-19 6.445E-19 6.414E-19
 6.434E-19 6.434E-19 6.499E-19 6.417E-19 6.135E-19 6.023E-19 6.056E-19 6.073E-19 6.070E-19 6.074E-19
 6.109E-19 6.132E-19 6.064E-19 6.009E-19 5.891E-19 5.940E-19 6.050E-19 5.976E-19 5.896E-19 5.890E-19
 5.843E-19 5.712E-19 5.667E-19 5.813E-19 5.885E-19 5.719E-19 5.595E-19 5.681E-19 5.796E-19 5.794E-19
 5.587E-19 5.463E-19 5.433E-19 5.380E-19 5.356E-19 5.422E-19 5.525E-19 5.658E-19 5.564E-19 5.409E-19
 5.372E-19 5.338E-19 5.203E-19 5.062E-19 5.099E-19 5.229E-19 5.247E-19 5.188E-19 5.113E-19 5.081E-19
 5.070E-19 4.971E-19 4.930E-19 5.026E-19 5.078E-19 4.948E-19 4.930E-19 4.994E-19 4.973E-19 4.801E-19
 4.672E-19 4.664E-19 4.788E-19 4.730E-19 4.645E-19 4.583E-19 4.561E-19 4.546E-19 4.424E-19 4.376E-19
 4.507E-19 4.384E-19 4.337E-19 4.426E-19 4.495E-19 4.616E-19 4.568E-19 4.475E-19 4.417E-19 4.311E-19
 4.147E-19 4.098E-19 4.194E-19 4.314E-19 4.199E-19 4.084E-19 4.119E-19 4.036E-19 3.804E-19 3.785E-19
 3.908E-19 3.957E-19 4.003E-19 4.025E-19 3.905E-19 3.960E-19 4.032E-19 3.886E-19 3.782E-19 3.778E-19
 3.871E-19 3.861E-19 3.819E-19 3.861E-19 3.823E-19 3.730E-19 3.694E-19 3.656E-19 3.578E-19 3.539E-19
 3.526E-19 3.506E-19 3.470E-19 3.504E-19 3.442E-19 3.246E-19 3.088E-19 3.158E-19 3.257E-19 3.416E-19
 3.462E-19 3.269E-19 3.218E-19 3.266E-19 3.109E-19 2.996E-19 3.008E-19 2.987E-19 3.000E-19 2.966E-19
 2.980E-19 3.013E-19 2.941E-19 2.855E-19 2.919E-19 2.880E-19 2.758E-19 2.743E-19 2.825E-19 2.867E-19
 2.795E-19 2.630E-19 2.633E-19 2.688E-19 2.626E-19 2.506E-19 2.467E-19 2.563E-19 2.618E-19 2.589E-19
 2.504E-19 2.471E-19 2.355E-19 2.330E-19 2.419E-19 2.357E-19 2.302E-19 2.380E-19 2.442E-19 2.492E-19
 2.483E-19 2.358E-19 2.270E-19 2.316E-19 2.309E-19 2.233E-19 2.235E-19 2.276E-19 2.253E-19 2.175E-19
 2.025E-19 2.003E-19 2.014E-19 1.958E-19 2.020E-19 2.228E-19 2.291E-19 2.210E-19 2.127E-19 1.981E-19
 1.899E-19 1.912E-19 2.021E-19 2.056E-19 2.100E-19 2.093E-19 2.015E-19 1.926E-19 1.809E-19 1.763E-19
 1.755E-19 1.646E-19 1.696E-19 1.832E-19 1.822E-19 1.885E-19 1.932E-19 1.847E-19 1.776E-19 1.674E-19
 1.610E-19 1.613E-19 1.650E-19 1.649E-19 1.650E-19 1.665E-19 1.637E-19 1.542E-19 1.539E-19 1.544E-19
 1.559E-19 1.587E-19 1.568E-19 1.555E-19 1.478E-19 1.398E-19 1.388E-19 1.371E-19 1.286E-19 1.299E-19
 1.385E-19 1.425E-19 1.500E-19 1.471E-19 1.342E-19 1.232E-19 1.272E-19 1.327E-19 1.249E-19 1.258E-19
 1.231E-19 1.288E-19 1.342E-19 1.268E-19 1.202E-19 1.258E-19 1.214E-19 1.161E-19 1.162E-19 1.260E-19
 1.316E-19 1.343E-19 1.296E-19 1.223E-19 1.214E-19 1.151E-19 1.124E-19 1.259E-19 1.313E-19 1.285E-19
 1.273E-19 1.252E-19 1.177E-19 1.018E-19 1.020E-19 1.021E-19 1.038E-19 1.104E-19 1.202E-19 1.232E-19
 1.202E-19 1.116E-19 1.045E-19 1.066E-19 1.053E-19 1.009E-19 1.086E-19 1.148E-19 1.194E-19 1.164E-19
 1.053E-19 9.978E-20 1.010E-19 9.716E-20 9.267E-20 1.041E-19 1.108E-19 1.123E-19 1.163E-19 1.052E-19
 8.885E-20 9.017E-20 9.059E-20 8.565E-20 9.324E-20 1.030E-19 1.064E-19 1.002E-19 9.488E-20 9.431E-20
 8.720E-20 7.895E-20 7.502E-20 7.577E-20 7.717E-20 7.862E-20 8.058E-20 7.790E-20 7.767E-20 8.026E-20
 7.903E-20 7.135E-20 6.541E-20 6.707E-20 7.727E-20 8.289E-20 8.460E-20 8.178E-20 7.826E-20 7.756E-20
 7.525E-20 8.107E-20 8.372E-20 8.670E-20 0.000E+00 0.000E+00 0.000E+00 0.000E+00 0.000E+00 0.000E+00
