   C2Cl2F4  815.0010  859.9940      3034  213.0000    0.0000 3.526E-18  NCAR    CFC-114
 3.597E-20 4.549E-20 3.723E-20 4.710E-20 5.471E-20 4.662E-20 3.239E-20 2.540E-20 3.081E-20 2.078E-20
 1.442E-20 2.382E-20 3.758E-20 4.056E-20 4.714E-20 5.304E-20 4.492E-20 3.326E-20 3.396E-20 2.705E-20
 1.965E-20 3.544E-20 6.532E-20 6.694E-20 3.914E-20 3.373E-20 4.403E-20 3.739E-20 3.061E-20 3.444E-20
 3.469E-20 3.159E-20 3.491E-20 2.718E-20 2.089E-20 1.911E-20 1.565E-20 2.164E-20 3.529E-20 4.352E-20
 4.907E-20 4.757E-20 4.402E-20 5.308E-20 5.683E-20 4.421E-20 3.006E-20 2.759E-20 2.972E-20 3.351E-20
 3.712E-20 3.920E-20 3.995E-20 4.415E-20 4.186E-20 3.591E-20 2.514E-20 2.982E-20 3.356E-20 3.959E-20
 5.178E-20 5.194E-20 3.207E-20 2.100E-20 2.749E-20 2.981E-20 3.549E-20 4.849E-20 4.995E-20 5.316E-20
 5.387E-20 5.316E-20 5.158E-20 3.093E-20 2.193E-20 2.744E-20 2.999E-20 4.307E-20 5.620E-20 6.221E-20
 4.873E-20 3.041E-20 2.678E-20 3.825E-20 4.108E-20 3.581E-20 3.066E-20 2.778E-20 4.081E-20 4.987E-20
 4.784E-20 4.277E-20 3.291E-20 4.485E-20 5.035E-20 5.423E-20 6.122E-20 5.868E-20 4.895E-20 3.869E-20
 3.093E-20 3.201E-20 2.868E-20 1.734E-20 2.651E-20 4.045E-20 4.718E-20 4.481E-20 4.380E-20 3.432E-20
 2.504E-20 2.608E-20 3.238E-20 4.573E-20 5.241E-20 4.621E-20 5.063E-20 5.749E-20 5.317E-20 4.186E-20
 3.654E-20 3.650E-20 5.554E-20 6.450E-20 5.833E-20 5.817E-20 6.032E-20 4.840E-20 4.110E-20 4.962E-20
 4.900E-20 4.657E-20 5.225E-20 5.193E-20 4.838E-20 5.210E-20 4.507E-20 3.105E-20 2.531E-20 3.443E-20
 4.136E-20 3.567E-20 4.016E-20 5.444E-20 6.617E-20 7.199E-20 6.656E-20 5.490E-20 4.131E-20 3.257E-20
 3.837E-20 5.767E-20 6.076E-20 5.484E-20 6.480E-20 5.350E-20 4.367E-20 4.764E-20 5.144E-20 5.270E-20
 5.563E-20 6.414E-20 6.652E-20 5.670E-20 4.755E-20 3.677E-20 3.356E-20 4.123E-20 4.894E-20 4.898E-20
 5.440E-20 6.426E-20 6.874E-20 5.892E-20 4.636E-20 3.605E-20 3.520E-20 4.074E-20 3.445E-20 3.618E-20
 5.729E-20 6.772E-20 6.076E-20 4.606E-20 4.253E-20 5.495E-20 6.038E-20 5.910E-20 5.251E-20 5.062E-20
 5.083E-20 5.977E-20 6.255E-20 5.458E-20 5.630E-20 5.501E-20 5.521E-20 6.835E-20 7.235E-20 6.593E-20
 5.595E-20 5.060E-20 4.759E-20 4.896E-20 5.568E-20 6.216E-20 5.718E-20 5.025E-20 5.135E-20 4.535E-20
 3.965E-20 4.849E-20 6.158E-20 6.502E-20 6.195E-20 6.197E-20 6.292E-20 5.997E-20 4.944E-20 4.452E-20
 4.380E-20 4.961E-20 4.698E-20 4.652E-20 4.888E-20 4.914E-20 5.721E-20 6.064E-20 5.514E-20 5.086E-20
 4.805E-20 5.234E-20 6.177E-20 5.335E-20 4.160E-20 6.085E-20 6.556E-20 4.395E-20 4.551E-20 5.590E-20
 4.583E-20 4.715E-20 4.426E-20 3.924E-20 5.177E-20 5.501E-20 4.995E-20 3.998E-20 3.267E-20 3.938E-20
 4.162E-20 3.613E-20 3.738E-20 4.316E-20 5.066E-20 5.803E-20 5.910E-20 4.248E-20 4.026E-20 4.073E-20
 3.122E-20 4.351E-20 5.268E-20 5.201E-20 5.775E-20 5.790E-20 5.518E-20 5.468E-20 5.880E-20 6.503E-20
 6.356E-20 6.315E-20 6.616E-20 6.133E-20 6.264E-20 6.642E-20 5.371E-20 5.340E-20 7.218E-20 8.000E-20
 6.904E-20 5.121E-20 5.616E-20 6.348E-20 6.237E-20 5.323E-20 4.583E-20 5.411E-20 6.563E-20 7.756E-20
 7.300E-20 6.441E-20 6.201E-20 4.817E-20 4.666E-20 5.350E-20 5.572E-20 5.710E-20 5.954E-20 6.320E-20
 6.501E-20 5.491E-20 4.785E-20 5.464E-20 5.712E-20 4.591E-20 4.656E-20 4.656E-20 3.999E-20 3.737E-20
 4.667E-20 4.728E-20 4.974E-20 5.468E-20 4.751E-20 4.381E-20 6.161E-20 7.253E-20 7.311E-20 6.043E-20
 5.052E-20 5.695E-20 5.376E-20 4.103E-20 4.223E-20 5.592E-20 6.806E-20 6.171E-20 5.754E-20 6.033E-20
 5.308E-20 5.170E-20 5.878E-20 6.795E-20 6.906E-20 6.189E-20 5.331E-20 5.103E-20 6.439E-20 7.075E-20
 5.819E-20 4.758E-20 4.318E-20 4.854E-20 6.200E-20 7.156E-20 6.965E-20 6.843E-20 5.037E-20 4.206E-20
 5.503E-20 5.815E-20 4.414E-20 4.521E-20 4.952E-20 5.137E-20 6.301E-20 5.241E-20 4.850E-20 5.816E-20
 4.728E-20 4.311E-20 5.621E-20 6.463E-20 5.431E-20 4.261E-20 4.690E-20 5.390E-20 5.921E-20 6.087E-20
 6.046E-20 5.696E-20 7.296E-20 8.280E-20 6.645E-20 6.142E-20 6.372E-20 5.845E-20 4.743E-20 4.737E-20
 4.723E-20 5.000E-20 5.030E-20 5.271E-20 5.557E-20 4.929E-20 4.852E-20 5.418E-20 5.526E-20 5.635E-20
 6.826E-20 7.789E-20 8.199E-20 7.192E-20 5.410E-20 5.780E-20 7.908E-20 8.166E-20 7.289E-20 7.273E-20
 7.100E-20 6.658E-20 6.140E-20 5.891E-20 5.708E-20 5.326E-20 6.135E-20 6.292E-20 6.580E-20 6.961E-20
 6.402E-20 5.547E-20 5.123E-20 5.190E-20 5.840E-20 5.738E-20 4.826E-20 5.474E-20 6.499E-20 5.722E-20
 5.763E-20 6.122E-20 5.142E-20 5.130E-20 5.676E-20 5.546E-20 5.780E-20 5.271E-20 4.733E-20 6.070E-20
 6.079E-20 4.308E-20 4.857E-20 6.254E-20 4.948E-20 4.369E-20 5.429E-20 6.426E-20 5.433E-20 6.507E-20
 8.093E-20 7.076E-20 5.653E-20 5.308E-20 6.571E-20 6.273E-20 4.962E-20 5.212E-20 6.240E-20 7.067E-20
 7.889E-20 7.374E-20 6.157E-20 6.121E-20 6.618E-20 8.530E-20 9.882E-20 7.975E-20 5.753E-20 4.284E-20
 3.720E-20 3.826E-20 4.120E-20 5.349E-20 5.814E-20 5.875E-20 6.236E-20 6.360E-20 6.645E-20 5.636E-20
 4.800E-20 5.186E-20 5.671E-20 5.255E-20 5.635E-20 6.685E-20 5.494E-20 4.494E-20 4.355E-20 3.738E-20
 4.375E-20 4.933E-20 5.203E-20 5.858E-20 6.047E-20 6.793E-20 6.841E-20 5.474E-20 4.626E-20 5.277E-20
 6.500E-20 6.347E-20 6.263E-20 7.065E-20 6.031E-20 4.907E-20 5.042E-20 4.927E-20 4.109E-20 5.188E-20
 6.150E-20 6.102E-20 5.926E-20 5.731E-20 5.607E-20 4.798E-20 5.764E-20 6.060E-20 6.086E-20 5.827E-20
 5.631E-20 6.066E-20 6.453E-20 6.851E-20 5.990E-20 4.365E-20 4.539E-20 5.788E-20 7.080E-20 8.165E-20
 7.428E-20 6.318E-20 6.813E-20 6.913E-20 6.813E-20 7.065E-20 7.080E-20 7.099E-20 6.581E-20 6.276E-20
 6.540E-20 5.956E-20 4.883E-20 5.260E-20 4.874E-20 5.287E-20 6.189E-20 6.297E-20 6.293E-20 6.927E-20
 6.997E-20 6.811E-20 6.451E-20 5.363E-20 5.954E-20 6.847E-20 7.248E-20 7.055E-20 7.243E-20 7.062E-20
 5.715E-20 4.853E-20 5.024E-20 4.605E-20 5.014E-20 6.543E-20 7.244E-20 7.365E-20 7.285E-20 7.738E-20
 7.434E-20 6.629E-20 6.724E-20 6.763E-20 5.882E-20 5.399E-20 5.852E-20 6.474E-20 6.153E-20 4.792E-20
 4.176E-20 4.625E-20 5.893E-20 5.893E-20 6.303E-20 7.050E-20 6.173E-20 6.421E-20 7.451E-20 6.922E-20
 6.828E-20 7.264E-20 7.043E-20 7.821E-20 7.526E-20 6.933E-20 6.819E-20 6.141E-20 6.248E-20 5.861E-20
 5.966E-20 7.181E-20 7.852E-20 7.396E-20 7.028E-20 7.374E-20 7.177E-20 5.836E-20 4.530E-20 4.205E-20
 5.214E-20 6.224E-20 5.903E-20 6.079E-20 6.177E-20 7.342E-20 7.546E-20 6.679E-20 7.109E-20 6.255E-20
 5.724E-20 6.356E-20 6.925E-20 6.881E-20 6.351E-20 6.077E-20 4.637E-20 4.731E-20 5.973E-20 6.315E-20
 6.142E-20 6.708E-20 6.826E-20 6.992E-20 7.452E-20 7.962E-20 7.418E-20 6.199E-20 5.443E-20 5.509E-20
 6.249E-20 7.797E-20 8.445E-20 6.927E-20 5.914E-20 5.875E-20 5.632E-20 5.663E-20 7.152E-20 8.599E-20
 9.270E-20 9.068E-20 7.902E-20 6.583E-20 5.727E-20 5.601E-20 6.561E-20 6.142E-20 6.155E-20 7.239E-20
 8.677E-20 8.836E-20 7.454E-20 6.281E-20 5.806E-20 6.969E-20 8.038E-20 7.001E-20 6.890E-20 7.513E-20
 8.010E-20 8.007E-20 6.579E-20 6.295E-20 6.535E-20 7.340E-20 8.531E-20 7.988E-20 7.548E-20 6.850E-20
 7.217E-20 8.087E-20 7.348E-20 5.469E-20 4.657E-20 6.354E-20 7.967E-20 7.877E-20 7.168E-20 6.102E-20
 5.899E-20 6.872E-20 7.253E-20 6.896E-20 6.754E-20 6.774E-20 6.432E-20 6.028E-20 6.932E-20 6.296E-20
 5.348E-20 5.961E-20 5.236E-20 5.583E-20 7.010E-20 6.437E-20 6.291E-20 6.958E-20 6.036E-20 5.379E-20
 5.261E-20 6.261E-20 7.572E-20 7.861E-20 7.526E-20 7.846E-20 8.640E-20 7.116E-20 5.122E-20 4.685E-20
 4.138E-20 4.981E-20 6.311E-20 7.451E-20 7.637E-20 7.114E-20 6.872E-20 7.071E-20 7.440E-20 7.312E-20
 8.064E-20 8.440E-20 9.319E-20 9.682E-20 8.368E-20 7.290E-20 6.709E-20 8.098E-20 7.883E-20 6.523E-20
 6.688E-20 7.034E-20 7.199E-20 6.929E-20 6.887E-20 7.447E-20 7.642E-20 7.688E-20 6.639E-20 6.451E-20
 7.807E-20 9.152E-20 9.782E-20 8.760E-20 7.676E-20 7.477E-20 7.719E-20 8.393E-20 8.833E-20 7.968E-20
 7.298E-20 7.065E-20 6.846E-20 6.503E-20 6.248E-20 5.958E-20 6.672E-20 7.576E-20 7.474E-20 7.978E-20
 8.547E-20 9.107E-20 8.699E-20 7.289E-20 6.523E-20 5.884E-20 5.474E-20 5.591E-20 5.863E-20 6.923E-20
 7.654E-20 7.435E-20 7.128E-20 7.084E-20 6.037E-20 5.445E-20 6.088E-20 6.746E-20 7.900E-20 8.007E-20
 7.916E-20 7.070E-20 6.054E-20 6.558E-20 6.493E-20 6.796E-20 7.326E-20 8.153E-20 9.371E-20 8.853E-20
 7.973E-20 7.912E-20 8.479E-20 8.645E-20 8.591E-20 8.327E-20 9.001E-20 9.336E-20 8.939E-20 8.358E-20
 7.222E-20 6.416E-20 6.001E-20 6.501E-20 7.543E-20 8.655E-20 9.332E-20 9.093E-20 8.294E-20 6.495E-20
 4.427E-20 5.282E-20 6.928E-20 7.218E-20 8.105E-20 8.837E-20 7.851E-20 7.260E-20 7.697E-20 7.024E-20
 6.351E-20 6.754E-20 7.998E-20 8.605E-20 8.802E-20 8.694E-20 8.734E-20 7.948E-20 6.912E-20 7.192E-20
 7.201E-20 7.078E-20 7.682E-20 8.488E-20 9.590E-20 9.223E-20 7.859E-20 6.928E-20 6.383E-20 6.941E-20
 8.007E-20 8.216E-20 7.541E-20 8.245E-20 8.893E-20 7.960E-20 6.936E-20 6.717E-20 6.811E-20 7.678E-20
 8.989E-20 8.458E-20 8.459E-20 9.083E-20 8.657E-20 7.901E-20 8.184E-20 9.342E-20 9.280E-20 9.466E-20
 1.003E-19 9.599E-20 8.954E-20 9.135E-20 8.014E-20 7.688E-20 7.890E-20 7.693E-20 8.838E-20 1.002E-19
 8.845E-20 8.391E-20 9.330E-20 8.669E-20 7.822E-20 6.778E-20 6.602E-20 7.418E-20 8.013E-20 8.290E-20
 8.178E-20 7.993E-20 7.947E-20 7.977E-20 8.448E-20 7.221E-20 6.720E-20 7.138E-20 8.539E-20 1.040E-19
 1.047E-19 9.687E-20 8.216E-20 7.607E-20 7.353E-20 7.668E-20 8.353E-20 8.021E-20 6.436E-20 6.484E-20
 7.752E-20 8.192E-20 7.642E-20 7.159E-20 7.672E-20 8.828E-20 8.789E-20 9.053E-20 8.980E-20 9.083E-20
 9.049E-20 8.264E-20 7.640E-20 7.695E-20 7.757E-20 9.205E-20 8.909E-20 7.667E-20 8.853E-20 9.925E-20
 9.918E-20 9.064E-20 8.533E-20 8.479E-20 8.200E-20 8.771E-20 1.025E-19 1.013E-19 8.501E-20 7.318E-20
 8.313E-20 9.477E-20 9.531E-20 9.282E-20 9.731E-20 9.345E-20 9.299E-20 8.433E-20 7.510E-20 8.582E-20
 9.565E-20 9.597E-20 9.033E-20 8.647E-20 8.996E-20 1.008E-19 1.164E-19 1.459E-19 1.812E-19 1.463E-19
 1.066E-19 1.060E-19 1.089E-19 1.046E-19 9.255E-20 8.870E-20 8.769E-20 8.182E-20 8.338E-20 8.899E-20
 9.804E-20 1.046E-19 1.101E-19 1.094E-19 1.047E-19 1.009E-19 9.411E-20 8.764E-20 8.561E-20 9.611E-20
 1.144E-19 1.168E-19 1.057E-19 9.982E-20 9.469E-20 8.249E-20 7.547E-20 8.142E-20 8.555E-20 9.557E-20
 1.016E-19 9.524E-20 9.402E-20 9.694E-20 8.824E-20 7.913E-20 7.603E-20 8.909E-20 1.047E-19 1.129E-19
 1.116E-19 1.093E-19 1.037E-19 9.032E-20 8.476E-20 9.467E-20 1.020E-19 1.005E-19 1.115E-19 1.158E-19
 1.059E-19 1.076E-19 1.128E-19 1.070E-19 8.718E-20 8.801E-20 9.967E-20 9.741E-20 9.662E-20 9.535E-20
 9.679E-20 9.531E-20 8.988E-20 8.589E-20 8.074E-20 8.873E-20 9.530E-20 9.912E-20 9.883E-20 9.362E-20
 9.253E-20 8.910E-20 9.404E-20 1.039E-19 9.815E-20 1.037E-19 1.065E-19 9.805E-20 1.014E-19 1.033E-19
 9.809E-20 9.250E-20 8.550E-20 8.931E-20 1.021E-19 1.095E-19 1.030E-19 1.005E-19 9.935E-20 1.044E-19
 1.054E-19 1.071E-19 1.142E-19 1.142E-19 1.066E-19 1.038E-19 9.622E-20 9.300E-20 9.918E-20 9.341E-20
 9.808E-20 1.011E-19 1.047E-19 1.052E-19 1.216E-19 1.240E-19 1.080E-19 9.501E-20 8.828E-20 9.543E-20
 1.054E-19 1.135E-19 1.197E-19 1.180E-19 1.037E-19 9.014E-20 8.971E-20 9.432E-20 9.686E-20 9.270E-20
 9.781E-20 1.001E-19 9.678E-20 9.928E-20 1.062E-19 1.114E-19 1.072E-19 1.090E-19 1.061E-19 9.966E-20
 1.036E-19 1.095E-19 1.121E-19 1.085E-19 9.930E-20 8.547E-20 9.364E-20 1.083E-19 1.041E-19 1.037E-19
 1.102E-19 1.232E-19 1.379E-19 1.324E-19 1.154E-19 1.070E-19 9.953E-20 1.058E-19 1.209E-19 1.225E-19
 1.160E-19 1.151E-19 1.048E-19 9.354E-20 8.788E-20 8.581E-20 8.569E-20 9.954E-20 1.129E-19 1.104E-19
 1.159E-19 1.162E-19 1.106E-19 1.025E-19 1.065E-19 1.090E-19 1.097E-19 1.085E-19 1.061E-19 1.106E-19
 1.102E-19 1.031E-19 1.052E-19 9.810E-20 8.210E-20 8.195E-20 1.047E-19 1.207E-19 1.228E-19 1.241E-19
 1.272E-19 1.244E-19 1.189E-19 1.246E-19 1.245E-19 1.232E-19 1.329E-19 1.306E-19 1.168E-19 1.063E-19
 1.025E-19 1.061E-19 1.103E-19 1.094E-19 1.137E-19 1.190E-19 1.195E-19 1.277E-19 1.241E-19 1.160E-19
 1.125E-19 1.101E-19 1.114E-19 1.131E-19 1.236E-19 1.355E-19 1.287E-19 1.273E-19 1.247E-19 1.174E-19
 1.066E-19 1.037E-19 1.090E-19 1.118E-19 1.160E-19 1.291E-19 1.356E-19 1.242E-19 1.202E-19 1.139E-19
 1.091E-19 1.135E-19 1.142E-19 1.218E-19 1.238E-19 1.159E-19 1.125E-19 1.152E-19 1.112E-19 1.138E-19
 1.187E-19 1.170E-19 1.146E-19 1.214E-19 1.272E-19 1.303E-19 1.257E-19 1.222E-19 1.138E-19 1.122E-19
 1.248E-19 1.306E-19 1.206E-19 1.248E-19 1.305E-19 1.218E-19 1.173E-19 1.088E-19 1.147E-19 1.294E-19
 1.331E-19 1.262E-19 1.291E-19 1.400E-19 1.406E-19 1.310E-19 1.172E-19 1.205E-19 1.250E-19 1.231E-19
 1.253E-19 1.323E-19 1.355E-19 1.302E-19 1.346E-19 1.368E-19 1.281E-19 1.213E-19 1.258E-19 1.338E-19
 1.267E-19 1.226E-19 1.280E-19 1.220E-19 1.239E-19 1.305E-19 1.346E-19 1.371E-19 1.424E-19 1.472E-19
 1.463E-19 1.361E-19 1.341E-19 1.310E-19 1.221E-19 1.291E-19 1.450E-19 1.524E-19 1.473E-19 1.317E-19
 1.315E-19 1.405E-19 1.495E-19 1.402E-19 1.301E-19 1.292E-19 1.297E-19 1.354E-19 1.529E-19 1.525E-19
 1.360E-19 1.326E-19 1.406E-19 1.352E-19 1.290E-19 1.340E-19 1.471E-19 1.454E-19 1.395E-19 1.442E-19
 1.372E-19 1.316E-19 1.299E-19 1.303E-19 1.434E-19 1.537E-19 1.542E-19 1.494E-19 1.429E-19 1.501E-19
 1.550E-19 1.491E-19 1.399E-19 1.533E-19 1.721E-19 1.588E-19 1.495E-19 1.615E-19 1.567E-19 1.467E-19
 1.395E-19 1.423E-19 1.473E-19 1.529E-19 1.622E-19 1.752E-19 1.717E-19 1.599E-19 1.542E-19 1.486E-19
 1.501E-19 1.540E-19 1.612E-19 1.646E-19 1.697E-19 1.710E-19 1.494E-19 1.306E-19 1.316E-19 1.367E-19
 1.456E-19 1.617E-19 1.663E-19 1.709E-19 1.722E-19 1.704E-19 1.541E-19 1.476E-19 1.484E-19 1.494E-19
 1.586E-19 1.682E-19 1.721E-19 1.651E-19 1.572E-19 1.510E-19 1.542E-19 1.525E-19 1.438E-19 1.401E-19
 1.423E-19 1.538E-19 1.601E-19 1.571E-19 1.556E-19 1.558E-19 1.628E-19 1.600E-19 1.512E-19 1.553E-19
 1.629E-19 1.650E-19 1.668E-19 1.620E-19 1.507E-19 1.494E-19 1.526E-19 1.566E-19 1.643E-19 1.733E-19
 1.747E-19 1.698E-19 1.578E-19 1.504E-19 1.596E-19 1.694E-19 1.640E-19 1.583E-19 1.665E-19 1.749E-19
 1.828E-19 1.827E-19 1.731E-19 1.660E-19 1.778E-19 1.941E-19 1.955E-19 1.927E-19 2.006E-19 2.119E-19
 2.041E-19 1.894E-19 1.863E-19 1.883E-19 1.838E-19 1.901E-19 2.141E-19 2.154E-19 2.003E-19 1.819E-19
 1.858E-19 1.875E-19 1.868E-19 1.869E-19 1.776E-19 1.794E-19 1.947E-19 1.989E-19 1.964E-19 1.973E-19
 1.963E-19 1.897E-19 1.868E-19 2.018E-19 2.162E-19 2.315E-19 2.379E-19 2.260E-19 2.223E-19 2.176E-19
 2.044E-19 2.064E-19 2.093E-19 2.130E-19 2.265E-19 2.333E-19 2.338E-19 2.317E-19 2.223E-19 2.208E-19
 2.281E-19 2.222E-19 2.248E-19 2.282E-19 2.157E-19 2.162E-19 2.120E-19 2.068E-19 2.038E-19 2.067E-19
 2.150E-19 2.073E-19 2.020E-19 2.026E-19 2.122E-19 2.211E-19 2.262E-19 2.195E-19 2.043E-19 2.078E-19
 2.270E-19 2.340E-19 2.226E-19 2.191E-19 2.183E-19 2.243E-19 2.166E-19 2.087E-19 2.106E-19 2.157E-19
 2.187E-19 2.270E-19 2.356E-19 2.324E-19 2.320E-19 2.175E-19 1.974E-19 2.070E-19 2.311E-19 2.507E-19
 2.576E-19 2.470E-19 2.342E-19 2.367E-19 2.392E-19 2.383E-19 2.360E-19 2.398E-19 2.595E-19 2.685E-19
 2.576E-19 2.525E-19 2.527E-19 2.486E-19 2.424E-19 2.454E-19 2.576E-19 2.600E-19 2.565E-19 2.572E-19
 2.587E-19 2.645E-19 2.684E-19 2.585E-19 2.563E-19 2.679E-19 2.718E-19 2.745E-19 2.865E-19 2.836E-19
 2.681E-19 2.578E-19 2.591E-19 2.663E-19 2.742E-19 2.785E-19 2.849E-19 2.910E-19 2.848E-19 2.855E-19
 2.965E-19 2.882E-19 2.852E-19 2.884E-19 2.934E-19 2.827E-19 2.701E-19 2.762E-19 2.806E-19 2.728E-19
 2.732E-19 2.779E-19 2.815E-19 2.898E-19 2.944E-19 3.030E-19 3.195E-19 3.189E-19 3.076E-19 3.028E-19
 2.980E-19 2.934E-19 2.937E-19 2.901E-19 3.067E-19 3.381E-19 3.373E-19 3.268E-19 3.152E-19 3.013E-19
 2.947E-19 3.008E-19 3.046E-19 3.090E-19 3.256E-19 3.264E-19 3.190E-19 3.159E-19 3.130E-19 3.085E-19
 3.005E-19 3.190E-19 3.332E-19 3.207E-19 3.104E-19 3.213E-19 3.335E-19 3.351E-19 3.300E-19 3.246E-19
 3.263E-19 3.262E-19 3.358E-19 3.439E-19 3.427E-19 3.401E-19 3.307E-19 3.240E-19 3.223E-19 3.246E-19
 3.285E-19 3.414E-19 3.409E-19 3.447E-19 3.447E-19 3.450E-19 3.554E-19 3.600E-19 3.610E-19 3.665E-19
 3.716E-19 3.619E-19 3.600E-19 3.585E-19 3.631E-19 3.753E-19 3.668E-19 3.597E-19 3.707E-19 3.737E-19
 3.711E-19 3.890E-19 3.927E-19 3.849E-19 3.911E-19 3.883E-19 3.914E-19 3.961E-19 4.059E-19 4.080E-19
 3.967E-19 3.897E-19 3.785E-19 3.678E-19 3.731E-19 3.820E-19 3.910E-19 4.005E-19 4.030E-19 3.978E-19
 3.946E-19 3.956E-19 3.917E-19 3.901E-19 4.006E-19 4.060E-19 4.031E-19 4.172E-19 4.240E-19 4.232E-19
 4.191E-19 4.079E-19 3.981E-19 4.040E-19 4.188E-19 4.251E-19 4.282E-19 4.274E-19 4.285E-19 4.376E-19
 4.321E-19 4.270E-19 4.320E-19 4.284E-19 4.322E-19 4.408E-19 4.534E-19 4.649E-19 4.593E-19 4.509E-19
 4.558E-19 4.550E-19 4.464E-19 4.429E-19 4.529E-19 4.754E-19 4.821E-19 4.706E-19 4.653E-19 4.534E-19
 4.595E-19 4.625E-19 4.644E-19 4.732E-19 4.754E-19 4.806E-19 4.893E-19 4.875E-19 4.835E-19 4.846E-19
 4.825E-19 4.826E-19 5.078E-19 5.199E-19 5.100E-19 5.164E-19 5.244E-19 5.204E-19 5.148E-19 5.063E-19
 5.095E-19 5.241E-19 5.328E-19 5.277E-19 5.246E-19 5.301E-19 5.312E-19 5.254E-19 5.246E-19 5.401E-19
 5.550E-19 5.614E-19 5.561E-19 5.618E-19 5.622E-19 5.590E-19 5.510E-19 5.404E-19 5.423E-19 5.470E-19
 5.547E-19 5.637E-19 5.706E-19 5.662E-19 5.548E-19 5.685E-19 5.744E-19 5.657E-19 5.673E-19 5.857E-19
 5.884E-19 5.824E-19 5.869E-19 5.817E-19 5.795E-19 5.934E-19 5.915E-19 5.770E-19 5.772E-19 5.983E-19
 6.000E-19 5.940E-19 6.051E-19 6.159E-19 6.107E-19 5.905E-19 5.866E-19 6.007E-19 6.088E-19 6.223E-19
 6.284E-19 6.339E-19 6.322E-19 6.172E-19 6.021E-19 5.987E-19 6.071E-19 6.204E-19 6.286E-19 6.356E-19
 6.524E-19 6.594E-19 6.485E-19 6.431E-19 6.548E-19 6.524E-19 6.502E-19 6.461E-19 6.477E-19 6.570E-19
 6.627E-19 6.557E-19 6.537E-19 6.671E-19 6.754E-19 6.687E-19 6.683E-19 6.771E-19 6.942E-19 7.076E-19
 7.010E-19 6.881E-19 6.922E-19 7.005E-19 7.110E-19 7.199E-19 7.198E-19 7.172E-19 7.149E-19 7.150E-19
 7.085E-19 7.022E-19 7.136E-19 7.242E-19 7.189E-19 7.117E-19 7.259E-19 7.316E-19 7.308E-19 7.372E-19
 7.214E-19 7.104E-19 7.260E-19 7.483E-19 7.531E-19 7.549E-19 7.581E-19 7.639E-19 7.638E-19 7.591E-19
 7.532E-19 7.521E-19 7.579E-19 7.619E-19 7.666E-19 7.709E-19 7.686E-19 7.657E-19 7.719E-19 7.676E-19
 7.646E-19 7.838E-19 7.972E-19 7.923E-19 7.753E-19 7.654E-19 7.817E-19 7.929E-19 7.907E-19 7.884E-19
 7.980E-19 7.958E-19 7.937E-19 7.927E-19 7.887E-19 7.915E-19 7.907E-19 7.978E-19 7.982E-19 7.955E-19
 7.948E-19 8.006E-19 7.984E-19 8.017E-19 8.019E-19 7.997E-19 8.036E-19 7.917E-19 8.029E-19 8.341E-19
 8.464E-19 8.435E-19 8.353E-19 8.327E-19 8.393E-19 8.452E-19 8.330E-19 8.243E-19 8.386E-19 8.543E-19
 8.587E-19 8.557E-19 8.529E-19 8.561E-19 8.597E-19 8.573E-19 8.677E-19 8.819E-19 8.846E-19 8.779E-19
 8.900E-19 8.969E-19 8.909E-19 8.862E-19 8.924E-19 9.009E-19 9.023E-19 9.022E-19 9.155E-19 9.332E-19
 9.198E-19 8.963E-19 8.860E-19 8.940E-19 9.014E-19 9.001E-19 8.941E-19 8.929E-19 9.027E-19 9.038E-19
 9.064E-19 9.111E-19 8.894E-19 8.899E-19 9.230E-19 9.448E-19 9.419E-19 9.303E-19 9.217E-19 9.195E-19
 9.172E-19 9.216E-19 9.295E-19 9.305E-19 9.327E-19 9.370E-19 9.489E-19 9.760E-19 9.726E-19 9.485E-19
 9.359E-19 9.307E-19 9.313E-19 9.293E-19 9.284E-19 9.412E-19 9.535E-19 9.483E-19 9.398E-19 9.387E-19
 9.435E-19 9.512E-19 9.640E-19 9.701E-19 9.789E-19 9.806E-19 9.647E-19 9.467E-19 9.499E-19 9.630E-19
 9.701E-19 9.714E-19 9.747E-19 9.888E-19 9.976E-19 1.002E-18 9.945E-19 9.907E-19 9.821E-19 9.713E-19
 9.805E-19 1.004E-18 1.016E-18 1.015E-18 9.941E-19 9.799E-19 1.011E-18 1.032E-18 1.015E-18 1.001E-18
 1.008E-18 1.022E-18 1.034E-18 1.031E-18 1.022E-18 9.975E-19 9.878E-19 1.015E-18 1.048E-18 1.053E-18
 1.034E-18 1.024E-18 1.044E-18 1.065E-18 1.067E-18 1.054E-18 1.032E-18 1.035E-18 1.051E-18 1.069E-18
 1.079E-18 1.061E-18 1.058E-18 1.051E-18 1.027E-18 1.029E-18 1.052E-18 1.057E-18 1.058E-18 1.052E-18
 1.059E-18 1.071E-18 1.059E-18 1.055E-18 1.055E-18 1.050E-18 1.077E-18 1.098E-18 1.089E-18 1.085E-18
 1.098E-18 1.105E-18 1.073E-18 1.053E-18 1.043E-18 1.055E-18 1.075E-18 1.094E-18 1.093E-18 1.078E-18
 1.069E-18 1.086E-18 1.101E-18 1.094E-18 1.087E-18 1.087E-18 1.090E-18 1.106E-18 1.112E-18 1.103E-18
 1.106E-18 1.123E-18 1.113E-18 1.093E-18 1.090E-18 1.102E-18 1.091E-18 1.072E-18 1.088E-18 1.105E-18
 1.099E-18 1.081E-18 1.080E-18 1.098E-18 1.123E-18 1.121E-18 1.115E-18 1.103E-18 1.080E-18 1.080E-18
 1.108E-18 1.120E-18 1.112E-18 1.105E-18 1.130E-18 1.151E-18 1.138E-18 1.136E-18 1.124E-18 1.113E-18
 1.138E-18 1.144E-18 1.134E-18 1.123E-18 1.111E-18 1.114E-18 1.135E-18 1.122E-18 1.102E-18 1.092E-18
 1.088E-18 1.110E-18 1.139E-18 1.125E-18 1.113E-18 1.121E-18 1.137E-18 1.128E-18 1.118E-18 1.120E-18
 1.120E-18 1.144E-18 1.158E-18 1.161E-18 1.150E-18 1.153E-18 1.157E-18 1.138E-18 1.117E-18 1.131E-18
 1.158E-18 1.171E-18 1.176E-18 1.175E-18 1.175E-18 1.171E-18 1.172E-18 1.166E-18 1.169E-18 1.184E-18
 1.210E-18 1.249E-18 1.263E-18 1.257E-18 1.234E-18 1.220E-18 1.194E-18 1.163E-18 1.178E-18 1.193E-18
 1.178E-18 1.170E-18 1.158E-18 1.146E-18 1.141E-18 1.132E-18 1.138E-18 1.146E-18 1.147E-18 1.148E-18
 1.139E-18 1.136E-18 1.168E-18 1.184E-18 1.189E-18 1.204E-18 1.194E-18 1.182E-18 1.187E-18 1.188E-18
 1.189E-18 1.204E-18 1.224E-18 1.235E-18 1.237E-18 1.240E-18 1.235E-18 1.231E-18 1.250E-18 1.254E-18
 1.246E-18 1.230E-18 1.209E-18 1.220E-18 1.224E-18 1.235E-18 1.252E-18 1.260E-18 1.255E-18 1.238E-18
 1.210E-18 1.163E-18 1.124E-18 1.115E-18 1.126E-18 1.135E-18 1.129E-18 1.108E-18 1.103E-18 1.121E-18
 1.136E-18 1.161E-18 1.171E-18 1.159E-18 1.175E-18 1.178E-18 1.163E-18 1.168E-18 1.181E-18 1.189E-18
 1.173E-18 1.153E-18 1.140E-18 1.138E-18 1.131E-18 1.127E-18 1.139E-18 1.156E-18 1.160E-18 1.171E-18
 1.183E-18 1.195E-18 1.212E-18 1.239E-18 1.283E-18 1.302E-18 1.262E-18 1.170E-18 1.132E-18 1.134E-18
 1.125E-18 1.127E-18 1.132E-18 1.142E-18 1.159E-18 1.162E-18 1.172E-18 1.187E-18 1.189E-18 1.191E-18
 1.197E-18 1.208E-18 1.244E-18 1.267E-18 1.250E-18 1.238E-18 1.252E-18 1.288E-18 1.304E-18 1.292E-18
 1.297E-18 1.345E-18 1.380E-18 1.380E-18 1.388E-18 1.408E-18 1.451E-18 1.544E-18 1.717E-18 1.734E-18
 1.561E-18 1.507E-18 1.491E-18 1.515E-18 1.533E-18 1.432E-18 1.327E-18 1.281E-18 1.254E-18 1.233E-18
 1.202E-18 1.157E-18 1.145E-18 1.161E-18 1.159E-18 1.142E-18 1.162E-18 1.185E-18 1.200E-18 1.245E-18
 1.309E-18 1.357E-18 1.389E-18 1.392E-18 1.394E-18 1.415E-18 1.438E-18 1.408E-18 1.325E-18 1.272E-18
 1.246E-18 1.230E-18 1.231E-18 1.235E-18 1.243E-18 1.262E-18 1.298E-18 1.333E-18 1.368E-18 1.414E-18
 1.485E-18 1.569E-18 1.783E-18 1.823E-18 1.704E-18 1.452E-18 1.380E-18 1.341E-18 1.304E-18 1.255E-18
 1.210E-18 1.174E-18 1.122E-18 1.071E-18 1.047E-18 1.046E-18 1.049E-18 1.058E-18 1.053E-18 1.034E-18
 1.033E-18 1.054E-18 1.069E-18 1.086E-18 1.099E-18 1.102E-18 1.091E-18 1.098E-18 1.116E-18 1.117E-18
 1.112E-18 1.105E-18 1.113E-18 1.115E-18 1.080E-18 1.040E-18 1.021E-18 1.020E-18 1.011E-18 1.010E-18
 1.022E-18 1.047E-18 1.081E-18 1.094E-18 1.107E-18 1.138E-18 1.178E-18 1.216E-18 1.254E-18 1.286E-18
 1.312E-18 1.338E-18 1.374E-18 1.422E-18 1.454E-18 1.456E-18 1.421E-18 1.380E-18 1.391E-18 1.437E-18
 1.505E-18 1.548E-18 1.560E-18 1.557E-18 1.514E-18 1.496E-18 1.494E-18 1.502E-18 1.523E-18 1.563E-18
 1.602E-18 1.856E-18 1.896E-18 1.927E-18 2.002E-18 2.113E-18 2.248E-18 2.413E-18 2.642E-18 2.865E-18
 2.933E-18 2.939E-18 2.866E-18 2.537E-18 2.145E-18 1.915E-18 1.808E-18 1.649E-18 1.612E-18 1.605E-18
 1.580E-18 1.486E-18 1.314E-18 1.165E-18 1.083E-18 1.033E-18 1.028E-18 1.040E-18 1.031E-18 1.017E-18
 1.033E-18 1.071E-18 1.098E-18 1.109E-18 1.124E-18 1.153E-18 1.182E-18 1.206E-18 1.218E-18 1.256E-18
 1.310E-18 1.339E-18 1.377E-18 1.419E-18 1.423E-18 1.408E-18 1.362E-18 1.257E-18 1.171E-18 1.119E-18
 1.100E-18 1.094E-18 1.107E-18 1.122E-18 1.142E-18 1.193E-18 1.242E-18 1.270E-18 1.317E-18 1.367E-18
 1.405E-18 1.438E-18 1.503E-18 1.600E-18 1.633E-18 1.725E-18 1.722E-18 1.711E-18 1.572E-18 1.489E-18
 1.354E-18 1.152E-18 1.007E-18 9.501E-19 9.436E-19 9.358E-19 9.074E-19 8.985E-19 8.999E-19 8.884E-19
 8.660E-19 8.610E-19 8.774E-19 9.040E-19 9.091E-19 9.071E-19 9.238E-19 9.500E-19 9.547E-19 9.443E-19
 9.434E-19 9.616E-19 9.545E-19 9.135E-19 9.093E-19 9.112E-19 9.047E-19 8.981E-19 9.023E-19 9.078E-19
 8.935E-19 8.927E-19 9.135E-19 9.391E-19 9.483E-19 9.500E-19 9.612E-19 9.831E-19 1.021E-18 1.062E-18
 1.076E-18 1.086E-18 1.115E-18 1.161E-18 1.198E-18 1.213E-18 1.236E-18 1.261E-18 1.306E-18 1.357E-18
 1.377E-18 1.416E-18 1.495E-18 1.566E-18 1.554E-18 1.625E-18 1.706E-18 1.904E-18 1.966E-18 1.955E-18
 1.952E-18 1.985E-18 1.982E-18 1.680E-18 1.651E-18 1.718E-18 1.797E-18 2.087E-18 2.183E-18 2.245E-18
 2.359E-18 2.493E-18 2.565E-18 2.618E-18 2.733E-18 2.951E-18 3.075E-18 3.073E-18 3.445E-18 3.526E-18
 3.522E-18 3.392E-18 3.272E-18 3.027E-18 2.696E-18 2.122E-18 1.616E-18 1.324E-18 1.198E-18 1.144E-18
 1.111E-18 1.063E-18 1.023E-18 1.028E-18 1.034E-18 1.022E-18 9.854E-19 9.841E-19 1.006E-18 1.016E-18
 9.918E-19 9.583E-19 9.601E-19 9.810E-19 9.733E-19 9.461E-19 9.596E-19 9.876E-19 9.843E-19 9.767E-19
 9.466E-19 9.530E-19 9.754E-19 9.819E-19 9.732E-19 9.793E-19 1.000E-18 9.970E-19 1.002E-18 9.965E-19
 1.005E-18 1.024E-18 1.025E-18 1.031E-18 1.035E-18 1.038E-18 1.044E-18 1.051E-18 1.044E-18 1.045E-18
 1.041E-18 1.036E-18 1.038E-18 1.040E-18 1.057E-18 1.053E-18 1.052E-18 1.038E-18 1.025E-18 1.037E-18
 1.049E-18 1.071E-18 1.054E-18 1.034E-18 1.026E-18 1.024E-18 1.035E-18 1.021E-18 1.026E-18 1.043E-18
 1.049E-18 1.044E-18 1.033E-18 1.058E-18 1.083E-18 1.075E-18 1.042E-18 1.030E-18 1.049E-18 1.066E-18
 1.058E-18 1.049E-18 1.071E-18 1.087E-18 1.063E-18 1.045E-18 1.049E-18 1.061E-18 1.094E-18 1.090E-18
 1.074E-18 1.065E-18 1.080E-18 1.076E-18 1.062E-18 1.056E-18 1.069E-18 1.088E-18 1.088E-18 1.092E-18
 1.096E-18 1.100E-18 1.096E-18 1.074E-18 1.055E-18 1.057E-18 1.074E-18 1.086E-18 1.088E-18 1.086E-18
 1.089E-18 1.085E-18 1.070E-18 1.068E-18 1.079E-18 1.082E-18 1.081E-18 1.108E-18 1.128E-18 1.131E-18
 1.088E-18 1.065E-18 1.111E-18 1.133E-18 1.104E-18 1.068E-18 1.099E-18 1.142E-18 1.123E-18 1.081E-18
 1.083E-18 1.130E-18 1.135E-18 1.097E-18 1.068E-18 1.106E-18 1.159E-18 1.150E-18 1.104E-18 1.104E-18
 1.139E-18 1.128E-18 1.091E-18 1.085E-18 1.106E-18 1.126E-18 1.123E-18 1.108E-18 1.089E-18 1.099E-18
 1.131E-18 1.122E-18 1.108E-18 1.115E-18 1.135E-18 1.129E-18 1.132E-18 1.129E-18 1.119E-18 1.099E-18
 1.086E-18 1.094E-18 1.098E-18 1.103E-18 1.100E-18 1.104E-18 1.110E-18 1.125E-18 1.117E-18 1.110E-18
 1.119E-18 1.129E-18 1.126E-18 1.109E-18 1.122E-18 1.149E-18 1.141E-18 1.099E-18 1.091E-18 1.108E-18
 1.102E-18 1.104E-18 1.123E-18 1.165E-18 1.169E-18 1.126E-18 1.085E-18 1.099E-18 1.133E-18 1.132E-18
 1.099E-18 1.094E-18 1.134E-18 1.135E-18 1.101E-18 1.072E-18 1.087E-18 1.128E-18 1.114E-18 1.080E-18
 1.076E-18 1.104E-18 1.121E-18 1.092E-18 1.079E-18 1.091E-18 1.096E-18 1.071E-18 1.064E-18 1.088E-18
 1.098E-18 1.091E-18 1.078E-18 1.070E-18 1.075E-18 1.075E-18 1.061E-18 1.050E-18 1.063E-18 1.067E-18
 1.087E-18 1.081E-18 1.060E-18 1.053E-18 1.057E-18 1.070E-18 1.047E-18 1.025E-18 1.026E-18 1.075E-18
 1.075E-18 1.033E-18 1.016E-18 1.043E-18 1.064E-18 1.023E-18 1.001E-18 1.019E-18 1.067E-18 1.076E-18
 1.028E-18 1.012E-18 1.045E-18 1.064E-18 1.015E-18 9.794E-19 1.008E-18 1.064E-18 1.053E-18 9.880E-19
 9.811E-19 1.008E-18 1.004E-18 9.675E-19 9.578E-19 9.872E-19 1.014E-18 9.864E-19 9.594E-19 9.869E-19
 1.002E-18 9.716E-19 9.392E-19 9.385E-19 9.593E-19 9.801E-19 9.756E-19 9.523E-19 9.507E-19 9.624E-19
 9.737E-19 9.480E-19 9.334E-19 9.437E-19 9.681E-19 9.518E-19 9.292E-19 9.225E-19 9.301E-19 9.362E-19
 9.210E-19 9.122E-19 9.046E-19 9.233E-19 9.232E-19 9.109E-19 8.999E-19 9.019E-19 9.000E-19 8.768E-19
 8.572E-19 8.744E-19 9.007E-19 8.739E-19 8.479E-19 8.592E-19 8.737E-19 8.576E-19 8.382E-19 8.490E-19
 8.702E-19 8.684E-19 8.393E-19 8.322E-19 8.393E-19 8.413E-19 8.136E-19 8.094E-19 8.215E-19 8.300E-19
 8.330E-19 8.095E-19 7.988E-19 8.020E-19 7.975E-19 7.835E-19 7.783E-19 7.780E-19 7.975E-19 7.914E-19
 7.628E-19 7.744E-19 8.021E-19 7.894E-19 7.498E-19 7.401E-19 7.620E-19 7.611E-19 7.361E-19 7.370E-19
 7.442E-19 7.601E-19 7.487E-19 7.195E-19 7.247E-19 7.510E-19 7.323E-19 7.093E-19 7.063E-19 7.169E-19
 7.399E-19 7.194E-19 6.906E-19 6.989E-19 7.028E-19 6.793E-19 6.690E-19 6.742E-19 6.895E-19 6.778E-19
 6.548E-19 6.525E-19 6.675E-19 6.609E-19 6.345E-19 6.381E-19 6.586E-19 6.627E-19 6.432E-19 6.400E-19
 6.399E-19 6.417E-19 6.254E-19 6.019E-19 6.022E-19 6.207E-19 6.195E-19 5.966E-19 5.942E-19 6.041E-19
 5.999E-19 5.785E-19 5.646E-19 5.696E-19 5.938E-19 5.811E-19 5.575E-19 5.692E-19 5.782E-19 5.599E-19
 5.433E-19 5.387E-19 5.494E-19 5.465E-19 5.365E-19 5.336E-19 5.446E-19 5.337E-19 5.097E-19 5.099E-19
 5.241E-19 5.122E-19 4.873E-19 5.003E-19 5.201E-19 5.179E-19 4.934E-19 4.826E-19 4.937E-19 4.887E-19
 4.724E-19 4.693E-19 4.782E-19 4.846E-19 4.654E-19 4.511E-19 4.520E-19 4.527E-19 4.312E-19 4.152E-19
 4.321E-19 4.611E-19 4.649E-19 4.516E-19 4.351E-19 4.398E-19 4.438E-19 4.246E-19 4.063E-19 4.134E-19
 4.205E-19 4.072E-19 4.125E-19 4.241E-19 4.142E-19 3.943E-19 3.866E-19 3.936E-19 3.959E-19 3.914E-19
 3.957E-19 3.946E-19 3.806E-19 3.734E-19 3.700E-19 3.686E-19 3.643E-19 3.515E-19 3.423E-19 3.511E-19
 3.535E-19 3.404E-19 3.398E-19 3.516E-19 3.443E-19 3.314E-19 3.280E-19 3.229E-19 3.291E-19 3.266E-19
 3.175E-19 3.170E-19 3.147E-19 2.968E-19 2.878E-19 2.975E-19 3.014E-19 2.920E-19 2.865E-19 2.917E-19
 2.953E-19 2.850E-19 2.738E-19 2.799E-19 2.838E-19 2.622E-19 2.564E-19 2.676E-19 2.703E-19 2.570E-19
 2.499E-19 2.474E-19 2.430E-19 2.304E-19 2.313E-19 2.380E-19 2.351E-19 2.336E-19 2.348E-19 2.404E-19
 2.365E-19 2.241E-19 2.085E-19 2.158E-19 2.216E-19 2.093E-19 2.159E-19 2.229E-19 2.144E-19 2.074E-19
 2.062E-19 2.043E-19 1.979E-19 1.994E-19 2.060E-19 2.124E-19 2.024E-19 1.921E-19 1.940E-19 1.955E-19
 1.858E-19 1.771E-19 1.800E-19 1.873E-19 1.910E-19 1.893E-19 1.885E-19 1.796E-19 1.616E-19 1.584E-19
 1.698E-19 1.685E-19 1.630E-19 1.673E-19 1.688E-19 1.612E-19 1.571E-19 1.578E-19 1.529E-19 1.427E-19
 1.392E-19 1.350E-19 1.372E-19 1.415E-19 1.429E-19 1.459E-19 1.412E-19 1.366E-19 1.320E-19 1.277E-19
 1.245E-19 1.272E-19 1.354E-19 1.427E-19 1.416E-19 1.408E-19 1.372E-19 1.306E-19 1.254E-19 1.188E-19
 1.256E-19 1.318E-19 1.277E-19 1.285E-19 1.236E-19 1.126E-19 1.068E-19 1.099E-19 1.198E-19 1.180E-19
 1.086E-19 1.105E-19 1.090E-19 1.088E-19 1.012E-19 1.059E-19 1.059E-19 9.478E-20 9.658E-20 1.034E-19
 1.002E-19 9.645E-20 1.043E-19 9.589E-20 8.038E-20 8.069E-20 8.752E-20 9.243E-20 9.934E-20 1.119E-19
 1.088E-19 9.867E-20 1.001E-19 9.344E-20 9.045E-20 9.537E-20 9.628E-20 9.720E-20 1.024E-19 1.044E-19
 9.271E-20 9.004E-20 9.228E-20 9.285E-20 9.555E-20 9.599E-20 1.038E-19 1.182E-19 1.159E-19 9.713E-20
 8.325E-20 8.551E-20 9.523E-20 8.629E-20 8.529E-20 9.746E-20 1.011E-19 9.803E-20 9.796E-20 9.887E-20
 9.523E-20 9.105E-20 9.048E-20 8.186E-20 7.545E-20 7.656E-20 8.199E-20 7.763E-20 6.921E-20 6.696E-20
 6.743E-20 6.496E-20 6.214E-20 7.113E-20 7.824E-20 7.998E-20 8.053E-20 6.603E-20 6.186E-20 6.649E-20
 6.991E-20 7.431E-20 7.739E-20 7.320E-20 7.178E-20 7.651E-20 7.710E-20 7.788E-20 7.751E-20 7.192E-20
 6.745E-20 6.508E-20 6.048E-20 6.097E-20 0.000E+00 0.000E+00 0.000E+00 0.000E+00 0.000E+00 0.000E+00
