   C2Cl2F4  815.0010  859.9940      3034  293.0000    0.0000 1.635E-18  NCAR    CFC-114
 2.382E-20 2.744E-20 4.958E-20 5.603E-20 4.429E-20 3.153E-20 3.271E-20 3.550E-20 2.696E-20 2.347E-20
 2.055E-20 1.914E-20 2.621E-20 3.483E-20 3.545E-20 4.107E-20 5.419E-20 5.055E-20 2.858E-20 1.941E-20
 2.705E-20 4.156E-20 5.210E-20 5.166E-20 5.413E-20 4.310E-20 2.198E-20 1.470E-20 2.062E-20 2.589E-20
 3.100E-20 3.387E-20 3.661E-20 4.579E-20 4.239E-20 2.293E-20 9.617E-21 1.640E-20 2.799E-20 2.848E-20
 2.965E-20 4.558E-20 4.938E-20 4.236E-20 4.357E-20 3.415E-20 2.472E-20 2.435E-20 2.326E-20 3.325E-20
 3.550E-20 2.711E-20 2.487E-20 3.300E-20 3.048E-20 1.343E-20 6.512E-21 1.648E-20 3.742E-20 4.668E-20
 4.234E-20 4.230E-20 4.279E-20 3.815E-20 4.072E-20 4.013E-20 3.446E-20 4.193E-20 4.928E-20 4.984E-20
 5.135E-20 4.165E-20 3.905E-20 4.364E-20 4.464E-20 2.786E-20 1.057E-20 2.703E-20 5.656E-20 5.943E-20
 4.031E-20 3.476E-20 3.270E-20 1.932E-20 2.204E-20 3.973E-20 4.733E-20 5.610E-20 7.457E-20 6.944E-20
 4.171E-20 3.122E-20 4.561E-20 5.594E-20 4.685E-20 4.057E-20 4.108E-20 4.611E-20 4.358E-20 2.976E-20
 2.171E-20 1.579E-20 1.766E-20 2.608E-20 2.982E-20 3.534E-20 4.127E-20 3.733E-20 2.932E-20 2.629E-20
 3.743E-20 5.457E-20 5.294E-20 4.514E-20 4.309E-20 3.805E-20 4.289E-20 4.703E-20 4.560E-20 4.382E-20
 3.234E-20 2.908E-20 3.928E-20 5.533E-20 7.130E-20 7.213E-20 6.082E-20 5.409E-20 4.412E-20 4.044E-20
 4.983E-20 4.883E-20 3.668E-20 3.254E-20 2.887E-20 3.944E-20 4.186E-20 2.952E-20 2.489E-20 3.167E-20
 4.848E-20 5.575E-20 5.245E-20 4.725E-20 4.593E-20 5.413E-20 6.156E-20 5.110E-20 4.486E-20 5.001E-20
 5.720E-20 5.593E-20 4.633E-20 3.945E-20 4.774E-20 4.641E-20 4.304E-20 5.111E-20 5.558E-20 5.649E-20
 6.284E-20 6.979E-20 6.761E-20 5.970E-20 5.258E-20 4.947E-20 4.263E-20 2.984E-20 2.804E-20 3.553E-20
 4.402E-20 4.649E-20 4.223E-20 3.989E-20 2.604E-20 1.951E-20 2.255E-20 4.232E-20 4.321E-20 3.645E-20
 4.806E-20 5.785E-20 6.211E-20 5.319E-20 3.817E-20 4.146E-20 5.456E-20 5.683E-20 5.456E-20 5.331E-20
 5.413E-20 6.350E-20 5.563E-20 4.896E-20 5.002E-20 4.181E-20 3.897E-20 4.914E-20 6.492E-20 6.377E-20
 5.834E-20 5.728E-20 5.076E-20 3.967E-20 3.933E-20 4.810E-20 5.123E-20 3.181E-20 2.534E-20 3.968E-20
 5.355E-20 4.241E-20 3.243E-20 3.945E-20 5.378E-20 6.083E-20 6.267E-20 6.142E-20 5.824E-20 5.341E-20
 4.088E-20 4.060E-20 4.103E-20 4.021E-20 5.187E-20 6.218E-20 5.791E-20 5.512E-20 5.005E-20 4.266E-20
 4.177E-20 3.604E-20 3.858E-20 5.189E-20 5.548E-20 5.497E-20 5.480E-20 4.646E-20 5.270E-20 5.415E-20
 4.448E-20 3.368E-20 3.700E-20 5.747E-20 6.936E-20 6.300E-20 4.752E-20 3.696E-20 3.593E-20 4.684E-20
 4.481E-20 4.206E-20 4.277E-20 5.239E-20 5.900E-20 5.110E-20 4.434E-20 4.532E-20 5.308E-20 5.348E-20
 5.515E-20 5.611E-20 4.642E-20 5.605E-20 6.149E-20 4.885E-20 4.772E-20 5.305E-20 4.660E-20 4.663E-20
 6.096E-20 6.979E-20 6.635E-20 5.411E-20 4.167E-20 4.688E-20 4.761E-20 4.819E-20 5.478E-20 5.354E-20
 6.723E-20 8.467E-20 8.686E-20 7.823E-20 5.932E-20 4.826E-20 5.549E-20 6.302E-20 6.777E-20 7.839E-20
 7.971E-20 6.944E-20 5.994E-20 5.243E-20 5.298E-20 4.882E-20 5.278E-20 5.029E-20 4.307E-20 5.767E-20
 6.905E-20 6.184E-20 5.515E-20 4.749E-20 4.515E-20 3.803E-20 3.751E-20 4.692E-20 5.270E-20 6.063E-20
 6.325E-20 6.083E-20 5.196E-20 4.398E-20 4.185E-20 4.699E-20 6.698E-20 8.000E-20 7.842E-20 7.960E-20
 6.681E-20 5.808E-20 5.021E-20 4.420E-20 4.694E-20 4.964E-20 5.463E-20 5.802E-20 5.856E-20 5.621E-20
 5.722E-20 5.354E-20 4.393E-20 4.532E-20 6.319E-20 8.072E-20 7.943E-20 7.385E-20 6.568E-20 5.253E-20
 4.038E-20 4.164E-20 5.537E-20 6.313E-20 6.744E-20 6.149E-20 5.119E-20 5.692E-20 7.053E-20 7.204E-20
 5.425E-20 3.799E-20 4.036E-20 5.586E-20 6.543E-20 5.649E-20 4.705E-20 4.144E-20 4.344E-20 5.796E-20
 5.777E-20 5.436E-20 5.634E-20 5.814E-20 5.807E-20 5.651E-20 5.189E-20 4.843E-20 4.024E-20 3.516E-20
 4.920E-20 5.558E-20 6.512E-20 7.536E-20 6.245E-20 4.357E-20 4.654E-20 4.312E-20 3.979E-20 3.986E-20
 4.096E-20 5.492E-20 6.821E-20 7.104E-20 6.374E-20 5.502E-20 5.786E-20 5.349E-20 5.095E-20 5.572E-20
 6.252E-20 6.805E-20 7.744E-20 7.370E-20 6.405E-20 5.678E-20 6.469E-20 8.333E-20 7.572E-20 6.998E-20
 6.860E-20 6.372E-20 5.916E-20 6.400E-20 5.092E-20 4.089E-20 5.347E-20 6.271E-20 6.425E-20 7.005E-20
 7.391E-20 6.771E-20 5.929E-20 5.497E-20 4.883E-20 5.276E-20 5.664E-20 5.698E-20 6.650E-20 6.800E-20
 7.019E-20 6.476E-20 5.787E-20 5.649E-20 5.453E-20 5.070E-20 5.106E-20 5.714E-20 5.695E-20 5.619E-20
 6.087E-20 6.754E-20 5.989E-20 5.426E-20 5.726E-20 5.423E-20 5.700E-20 7.403E-20 6.529E-20 6.648E-20
 8.100E-20 6.145E-20 4.325E-20 5.096E-20 5.980E-20 6.278E-20 5.987E-20 5.575E-20 5.054E-20 5.852E-20
 6.825E-20 7.089E-20 6.819E-20 5.993E-20 6.885E-20 7.644E-20 7.743E-20 7.377E-20 7.749E-20 8.088E-20
 7.282E-20 5.898E-20 5.019E-20 5.555E-20 7.310E-20 7.403E-20 7.274E-20 7.047E-20 6.839E-20 6.854E-20
 5.539E-20 5.056E-20 5.061E-20 5.278E-20 7.097E-20 7.261E-20 6.143E-20 5.315E-20 4.877E-20 5.117E-20
 5.746E-20 6.874E-20 7.025E-20 6.190E-20 5.648E-20 5.605E-20 6.110E-20 5.869E-20 4.134E-20 3.239E-20
 3.472E-20 4.842E-20 5.726E-20 6.291E-20 7.333E-20 8.902E-20 8.513E-20 6.226E-20 4.693E-20 5.535E-20
 6.940E-20 7.571E-20 7.520E-20 7.760E-20 8.425E-20 6.990E-20 4.648E-20 3.328E-20 4.500E-20 6.581E-20
 6.956E-20 6.412E-20 7.175E-20 8.113E-20 6.551E-20 5.352E-20 5.795E-20 6.621E-20 6.621E-20 7.031E-20
 6.805E-20 6.325E-20 6.221E-20 6.508E-20 6.654E-20 4.697E-20 4.354E-20 5.758E-20 7.391E-20 7.933E-20
 7.884E-20 7.455E-20 7.043E-20 6.127E-20 6.119E-20 6.460E-20 6.916E-20 8.052E-20 9.129E-20 9.835E-20
 8.331E-20 5.945E-20 6.358E-20 6.553E-20 6.650E-20 8.041E-20 8.144E-20 8.275E-20 7.916E-20 8.512E-20
 7.447E-20 6.721E-20 7.106E-20 7.693E-20 8.673E-20 8.761E-20 8.490E-20 8.494E-20 8.516E-20 7.116E-20
 5.702E-20 6.185E-20 6.221E-20 5.204E-20 7.027E-20 9.524E-20 8.694E-20 7.741E-20 7.250E-20 7.104E-20
 6.287E-20 4.604E-20 4.954E-20 6.660E-20 7.550E-20 7.582E-20 7.085E-20 6.531E-20 6.056E-20 5.737E-20
 5.932E-20 6.708E-20 6.723E-20 7.877E-20 8.699E-20 8.141E-20 7.045E-20 6.989E-20 7.201E-20 7.014E-20
 7.693E-20 8.417E-20 8.273E-20 8.102E-20 8.553E-20 8.052E-20 6.968E-20 6.399E-20 6.672E-20 6.990E-20
 6.630E-20 7.103E-20 9.099E-20 8.390E-20 6.592E-20 6.740E-20 7.222E-20 6.953E-20 6.860E-20 6.685E-20
 7.093E-20 7.911E-20 7.835E-20 6.499E-20 5.559E-20 5.404E-20 4.986E-20 5.756E-20 6.817E-20 7.315E-20
 8.464E-20 9.732E-20 1.032E-19 9.529E-20 9.115E-20 8.580E-20 7.337E-20 6.199E-20 6.360E-20 7.709E-20
 9.069E-20 9.501E-20 9.206E-20 8.010E-20 8.208E-20 8.995E-20 9.192E-20 1.044E-19 9.875E-20 8.641E-20
 8.554E-20 7.858E-20 7.449E-20 6.922E-20 6.884E-20 7.927E-20 8.369E-20 8.132E-20 8.453E-20 9.445E-20
 9.101E-20 8.372E-20 8.390E-20 8.361E-20 8.364E-20 8.695E-20 8.341E-20 9.021E-20 1.049E-19 1.074E-19
 9.737E-20 8.923E-20 8.679E-20 8.351E-20 6.781E-20 6.206E-20 7.033E-20 8.163E-20 8.773E-20 8.845E-20
 9.099E-20 7.581E-20 6.673E-20 7.297E-20 7.386E-20 8.212E-20 7.912E-20 8.007E-20 1.007E-19 9.558E-20
 8.565E-20 7.590E-20 7.875E-20 8.732E-20 9.913E-20 1.044E-19 9.462E-20 9.213E-20 9.152E-20 8.529E-20
 7.524E-20 6.726E-20 7.862E-20 9.442E-20 9.033E-20 8.546E-20 9.107E-20 9.263E-20 8.979E-20 8.974E-20
 9.058E-20 9.531E-20 9.413E-20 9.188E-20 8.722E-20 7.769E-20 6.577E-20 7.264E-20 7.375E-20 6.642E-20
 6.331E-20 7.598E-20 9.250E-20 1.016E-19 9.753E-20 1.023E-19 9.952E-20 9.777E-20 1.021E-19 9.991E-20
 1.150E-19 1.222E-19 1.116E-19 1.126E-19 1.132E-19 1.083E-19 9.823E-20 8.466E-20 9.131E-20 9.069E-20
 9.215E-20 1.011E-19 1.095E-19 1.119E-19 1.086E-19 1.057E-19 1.042E-19 9.047E-20 8.411E-20 9.832E-20
 1.117E-19 1.042E-19 1.016E-19 9.850E-20 8.569E-20 7.917E-20 7.625E-20 8.056E-20 9.491E-20 1.006E-19
 1.016E-19 9.841E-20 9.214E-20 8.826E-20 8.644E-20 8.461E-20 9.136E-20 1.016E-19 1.044E-19 1.054E-19
 1.077E-19 1.070E-19 1.045E-19 1.016E-19 8.669E-20 7.605E-20 7.755E-20 9.013E-20 9.721E-20 1.019E-19
 1.074E-19 9.354E-20 9.000E-20 1.076E-19 1.125E-19 1.030E-19 9.751E-20 1.080E-19 1.064E-19 9.247E-20
 9.916E-20 1.006E-19 8.002E-20 7.532E-20 8.233E-20 9.202E-20 9.722E-20 9.605E-20 1.045E-19 1.121E-19
 1.129E-19 1.062E-19 9.778E-20 9.561E-20 9.537E-20 1.071E-19 1.073E-19 1.052E-19 1.093E-19 1.052E-19
 1.015E-19 8.501E-20 8.578E-20 1.042E-19 1.262E-19 1.313E-19 1.180E-19 1.065E-19 1.068E-19 1.128E-19
 1.088E-19 8.608E-20 8.133E-20 1.017E-19 1.044E-19 1.025E-19 1.097E-19 1.135E-19 1.054E-19 1.050E-19
 9.001E-20 8.150E-20 9.377E-20 1.048E-19 1.183E-19 1.141E-19 1.110E-19 1.104E-19 9.963E-20 9.655E-20
 9.572E-20 1.081E-19 1.112E-19 1.132E-19 9.967E-20 8.622E-20 1.046E-19 1.117E-19 1.048E-19 9.592E-20
 9.548E-20 1.041E-19 1.081E-19 1.100E-19 1.202E-19 1.176E-19 1.140E-19 1.131E-19 1.046E-19 1.047E-19
 1.140E-19 1.134E-19 1.189E-19 1.330E-19 1.341E-19 1.199E-19 1.111E-19 1.093E-19 1.057E-19 1.134E-19
 1.242E-19 1.298E-19 1.277E-19 1.304E-19 1.277E-19 1.169E-19 1.147E-19 1.180E-19 1.302E-19 1.352E-19
 1.319E-19 1.332E-19 1.262E-19 1.151E-19 1.189E-19 1.177E-19 1.061E-19 1.141E-19 1.305E-19 1.342E-19
 1.280E-19 1.184E-19 1.200E-19 1.222E-19 1.177E-19 1.043E-19 1.021E-19 1.137E-19 1.270E-19 1.380E-19
 1.408E-19 1.282E-19 1.176E-19 1.125E-19 1.165E-19 1.248E-19 1.159E-19 1.171E-19 1.247E-19 1.258E-19
 1.284E-19 1.285E-19 1.148E-19 1.166E-19 1.247E-19 1.189E-19 1.187E-19 1.256E-19 1.186E-19 1.093E-19
 1.193E-19 1.212E-19 1.136E-19 1.127E-19 1.253E-19 1.417E-19 1.366E-19 1.364E-19 1.439E-19 1.345E-19
 1.256E-19 1.308E-19 1.230E-19 1.115E-19 1.170E-19 1.255E-19 1.301E-19 1.335E-19 1.324E-19 1.201E-19
 1.153E-19 1.149E-19 1.174E-19 1.271E-19 1.388E-19 1.503E-19 1.443E-19 1.318E-19 1.235E-19 1.177E-19
 1.151E-19 1.206E-19 1.299E-19 1.457E-19 1.653E-19 1.663E-19 1.691E-19 1.945E-19 2.213E-19 1.907E-19
 1.564E-19 1.529E-19 1.480E-19 1.427E-19 1.417E-19 1.495E-19 1.464E-19 1.439E-19 1.424E-19 1.424E-19
 1.329E-19 1.458E-19 1.726E-19 1.582E-19 1.470E-19 1.412E-19 1.381E-19 1.321E-19 1.287E-19 1.402E-19
 1.455E-19 1.561E-19 1.504E-19 1.377E-19 1.339E-19 1.336E-19 1.328E-19 1.350E-19 1.379E-19 1.360E-19
 1.438E-19 1.629E-19 1.602E-19 1.471E-19 1.355E-19 1.318E-19 1.382E-19 1.429E-19 1.449E-19 1.553E-19
 1.643E-19 1.624E-19 1.538E-19 1.479E-19 1.584E-19 1.551E-19 1.441E-19 1.546E-19 1.739E-19 1.752E-19
 1.670E-19 1.471E-19 1.442E-19 1.499E-19 1.559E-19 1.503E-19 1.388E-19 1.456E-19 1.549E-19 1.556E-19
 1.459E-19 1.474E-19 1.505E-19 1.485E-19 1.474E-19 1.537E-19 1.565E-19 1.537E-19 1.556E-19 1.561E-19
 1.505E-19 1.372E-19 1.291E-19 1.320E-19 1.414E-19 1.554E-19 1.586E-19 1.649E-19 1.741E-19 1.621E-19
 1.491E-19 1.446E-19 1.510E-19 1.636E-19 1.698E-19 1.709E-19 1.774E-19 1.824E-19 1.692E-19 1.693E-19
 1.752E-19 1.608E-19 1.637E-19 1.819E-19 1.832E-19 1.684E-19 1.703E-19 1.752E-19 1.663E-19 1.634E-19
 1.764E-19 1.862E-19 1.858E-19 1.863E-19 1.897E-19 1.800E-19 1.801E-19 1.882E-19 1.763E-19 1.653E-19
 1.640E-19 1.730E-19 1.774E-19 1.784E-19 1.747E-19 1.688E-19 1.607E-19 1.672E-19 1.785E-19 1.788E-19
 1.746E-19 1.761E-19 1.782E-19 1.737E-19 1.710E-19 1.696E-19 1.700E-19 1.656E-19 1.649E-19 1.712E-19
 1.788E-19 1.858E-19 1.900E-19 1.852E-19 1.856E-19 1.833E-19 1.747E-19 1.592E-19 1.680E-19 1.946E-19
 2.052E-19 1.977E-19 1.889E-19 1.929E-19 1.929E-19 1.823E-19 1.749E-19 1.729E-19 1.752E-19 1.900E-19
 2.019E-19 2.021E-19 1.960E-19 1.882E-19 1.795E-19 1.802E-19 1.874E-19 1.984E-19 2.047E-19 2.115E-19
 2.112E-19 2.050E-19 1.857E-19 1.824E-19 1.809E-19 1.780E-19 1.914E-19 2.030E-19 2.081E-19 2.101E-19
 2.184E-19 2.178E-19 2.003E-19 1.962E-19 1.858E-19 1.868E-19 2.087E-19 2.082E-19 2.089E-19 2.164E-19
 2.134E-19 2.191E-19 2.074E-19 1.891E-19 2.008E-19 2.214E-19 2.223E-19 2.188E-19 2.278E-19 2.270E-19
 2.164E-19 2.175E-19 2.289E-19 2.208E-19 2.190E-19 2.306E-19 2.452E-19 2.436E-19 2.313E-19 2.252E-19
 2.261E-19 2.130E-19 1.992E-19 2.037E-19 2.212E-19 2.284E-19 2.229E-19 2.206E-19 2.329E-19 2.378E-19
 2.306E-19 2.241E-19 2.245E-19 2.301E-19 2.380E-19 2.441E-19 2.414E-19 2.315E-19 2.272E-19 2.206E-19
 2.072E-19 2.083E-19 2.185E-19 2.291E-19 2.351E-19 2.353E-19 2.390E-19 2.434E-19 2.466E-19 2.385E-19
 2.202E-19 2.270E-19 2.423E-19 2.472E-19 2.547E-19 2.611E-19 2.493E-19 2.416E-19 2.481E-19 2.519E-19
 2.534E-19 2.592E-19 2.598E-19 2.559E-19 2.533E-19 2.464E-19 2.297E-19 2.248E-19 2.383E-19 2.557E-19
 2.737E-19 2.624E-19 2.412E-19 2.459E-19 2.484E-19 2.396E-19 2.473E-19 2.569E-19 2.504E-19 2.498E-19
 2.604E-19 2.650E-19 2.637E-19 2.585E-19 2.563E-19 2.464E-19 2.455E-19 2.562E-19 2.615E-19 2.677E-19
 2.790E-19 2.805E-19 2.734E-19 2.703E-19 2.653E-19 2.580E-19 2.670E-19 2.765E-19 2.730E-19 2.873E-19
 2.933E-19 2.919E-19 2.837E-19 2.664E-19 2.704E-19 2.765E-19 2.790E-19 2.872E-19 2.904E-19 2.858E-19
 2.849E-19 2.821E-19 2.809E-19 2.847E-19 2.814E-19 2.745E-19 2.663E-19 2.622E-19 2.672E-19 2.901E-19
 2.916E-19 2.780E-19 2.702E-19 2.766E-19 2.787E-19 2.785E-19 2.957E-19 2.994E-19 2.925E-19 2.995E-19
 3.049E-19 2.935E-19 2.877E-19 2.934E-19 2.878E-19 2.961E-19 3.206E-19 3.210E-19 3.036E-19 2.981E-19
 2.988E-19 3.090E-19 3.165E-19 3.195E-19 3.273E-19 3.271E-19 3.177E-19 3.118E-19 3.132E-19 3.147E-19
 3.227E-19 3.294E-19 3.327E-19 3.361E-19 3.346E-19 3.335E-19 3.403E-19 3.370E-19 3.249E-19 3.093E-19
 3.042E-19 3.208E-19 3.403E-19 3.299E-19 3.244E-19 3.220E-19 3.221E-19 3.251E-19 3.170E-19 3.196E-19
 3.270E-19 3.314E-19 3.344E-19 3.330E-19 3.343E-19 3.325E-19 3.293E-19 3.330E-19 3.430E-19 3.475E-19
 3.406E-19 3.440E-19 3.558E-19 3.571E-19 3.477E-19 3.411E-19 3.344E-19 3.422E-19 3.501E-19 3.592E-19
 3.636E-19 3.615E-19 3.671E-19 3.656E-19 3.586E-19 3.528E-19 3.563E-19 3.630E-19 3.516E-19 3.444E-19
 3.649E-19 3.764E-19 3.717E-19 3.549E-19 3.421E-19 3.486E-19 3.612E-19 3.713E-19 3.774E-19 3.737E-19
 3.678E-19 3.672E-19 3.707E-19 3.702E-19 3.698E-19 3.697E-19 3.685E-19 3.784E-19 3.872E-19 3.873E-19
 3.884E-19 3.830E-19 3.715E-19 3.764E-19 3.835E-19 3.765E-19 3.783E-19 4.008E-19 4.167E-19 4.174E-19
 4.126E-19 4.056E-19 3.984E-19 3.972E-19 4.145E-19 4.198E-19 4.191E-19 4.200E-19 4.150E-19 4.090E-19
 3.973E-19 3.914E-19 3.931E-19 3.964E-19 4.016E-19 4.099E-19 4.134E-19 4.159E-19 4.136E-19 4.092E-19
 4.160E-19 4.181E-19 4.223E-19 4.364E-19 4.438E-19 4.573E-19 4.566E-19 4.454E-19 4.322E-19 4.264E-19
 4.278E-19 4.330E-19 4.296E-19 4.295E-19 4.388E-19 4.506E-19 4.465E-19 4.329E-19 4.377E-19 4.482E-19
 4.531E-19 4.365E-19 4.228E-19 4.273E-19 4.468E-19 4.649E-19 4.688E-19 4.584E-19 4.426E-19 4.310E-19
 4.185E-19 4.213E-19 4.545E-19 4.776E-19 4.838E-19 4.748E-19 4.617E-19 4.631E-19 4.680E-19 4.708E-19
 4.635E-19 4.713E-19 4.893E-19 4.922E-19 4.835E-19 4.679E-19 4.634E-19 4.654E-19 4.685E-19 4.731E-19
 4.727E-19 4.778E-19 4.907E-19 4.930E-19 4.967E-19 4.930E-19 4.893E-19 4.717E-19 4.590E-19 4.765E-19
 5.034E-19 5.190E-19 5.017E-19 4.766E-19 4.860E-19 4.918E-19 4.803E-19 4.824E-19 4.969E-19 5.070E-19
 5.077E-19 5.087E-19 5.130E-19 5.129E-19 5.087E-19 5.046E-19 5.097E-19 5.200E-19 5.266E-19 5.235E-19
 5.184E-19 5.284E-19 5.169E-19 5.145E-19 5.200E-19 5.277E-19 5.437E-19 5.558E-19 5.560E-19 5.514E-19
 5.464E-19 5.396E-19 5.327E-19 5.246E-19 5.129E-19 5.211E-19 5.375E-19 5.403E-19 5.545E-19 5.644E-19
 5.478E-19 5.326E-19 5.284E-19 5.339E-19 5.463E-19 5.589E-19 5.566E-19 5.635E-19 5.692E-19 5.658E-19
 5.702E-19 5.680E-19 5.588E-19 5.668E-19 5.722E-19 5.799E-19 5.889E-19 5.746E-19 5.731E-19 5.827E-19
 5.789E-19 5.776E-19 5.781E-19 5.702E-19 6.008E-19 6.170E-19 6.094E-19 5.972E-19 5.835E-19 5.798E-19
 5.795E-19 5.933E-19 6.144E-19 6.236E-19 6.128E-19 6.035E-19 6.022E-19 6.101E-19 6.017E-19 5.976E-19
 5.996E-19 5.929E-19 5.967E-19 6.070E-19 6.071E-19 6.091E-19 6.128E-19 5.977E-19 5.918E-19 6.147E-19
 6.308E-19 6.275E-19 6.392E-19 6.441E-19 6.492E-19 6.420E-19 6.214E-19 6.130E-19 6.125E-19 6.073E-19
 6.222E-19 6.399E-19 6.335E-19 6.226E-19 6.239E-19 6.383E-19 6.506E-19 6.510E-19 6.497E-19 6.491E-19
 6.506E-19 6.569E-19 6.675E-19 6.591E-19 6.558E-19 6.657E-19 6.535E-19 6.473E-19 6.576E-19 6.609E-19
 6.764E-19 6.840E-19 6.865E-19 7.025E-19 6.842E-19 6.584E-19 6.576E-19 6.663E-19 6.768E-19 6.802E-19
 6.925E-19 6.879E-19 6.755E-19 6.616E-19 6.583E-19 6.583E-19 6.586E-19 6.734E-19 6.872E-19 7.046E-19
 7.029E-19 6.949E-19 6.877E-19 6.961E-19 6.953E-19 6.863E-19 6.953E-19 7.145E-19 7.277E-19 7.358E-19
 7.247E-19 7.142E-19 7.061E-19 6.938E-19 7.018E-19 7.275E-19 7.410E-19 7.330E-19 7.253E-19 7.201E-19
 7.192E-19 7.266E-19 7.254E-19 7.152E-19 7.340E-19 7.543E-19 7.468E-19 7.435E-19 7.576E-19 7.672E-19
 7.542E-19 7.400E-19 7.402E-19 7.446E-19 7.526E-19 7.547E-19 7.574E-19 7.620E-19 7.511E-19 7.459E-19
 7.382E-19 7.444E-19 7.457E-19 7.497E-19 7.653E-19 7.692E-19 7.662E-19 7.764E-19 7.857E-19 7.806E-19
 7.720E-19 7.683E-19 7.666E-19 7.612E-19 7.828E-19 7.989E-19 7.887E-19 7.776E-19 7.662E-19 7.796E-19
 7.840E-19 7.771E-19 7.828E-19 7.921E-19 8.063E-19 8.059E-19 7.998E-19 7.941E-19 7.905E-19 7.920E-19
 8.031E-19 8.195E-19 8.226E-19 8.227E-19 8.279E-19 8.269E-19 8.104E-19 7.950E-19 7.976E-19 8.165E-19
 8.135E-19 8.105E-19 8.159E-19 8.158E-19 8.211E-19 8.147E-19 7.999E-19 8.026E-19 8.251E-19 8.289E-19
 8.285E-19 8.427E-19 8.504E-19 8.449E-19 8.398E-19 8.368E-19 8.432E-19 8.307E-19 8.309E-19 8.403E-19
 8.334E-19 8.251E-19 8.218E-19 8.110E-19 8.142E-19 8.373E-19 8.559E-19 8.581E-19 8.529E-19 8.448E-19
 8.671E-19 8.760E-19 8.565E-19 8.505E-19 8.563E-19 8.469E-19 8.350E-19 8.520E-19 8.583E-19 8.549E-19
 8.671E-19 8.732E-19 8.620E-19 8.499E-19 8.598E-19 8.690E-19 8.684E-19 8.789E-19 8.828E-19 8.739E-19
 8.810E-19 8.853E-19 8.787E-19 8.774E-19 8.812E-19 8.863E-19 8.922E-19 8.946E-19 8.933E-19 9.024E-19
 9.071E-19 9.035E-19 8.987E-19 8.989E-19 8.969E-19 9.026E-19 9.050E-19 8.961E-19 9.078E-19 9.204E-19
 9.123E-19 9.008E-19 8.861E-19 8.948E-19 8.996E-19 8.974E-19 8.989E-19 8.973E-19 9.042E-19 9.091E-19
 8.988E-19 9.062E-19 9.218E-19 9.142E-19 9.055E-19 9.101E-19 9.269E-19 9.306E-19 9.126E-19 8.991E-19
 8.942E-19 9.124E-19 9.124E-19 9.030E-19 9.021E-19 8.999E-19 9.105E-19 9.240E-19 9.336E-19 9.368E-19
 9.264E-19 9.250E-19 9.300E-19 9.292E-19 9.292E-19 9.371E-19 9.313E-19 9.204E-19 9.214E-19 9.163E-19
 9.381E-19 9.619E-19 9.488E-19 9.250E-19 9.138E-19 9.157E-19 9.283E-19 9.358E-19 9.312E-19 9.260E-19
 9.247E-19 9.452E-19 9.685E-19 9.665E-19 9.491E-19 9.275E-19 9.108E-19 9.119E-19 9.299E-19 9.360E-19
 9.382E-19 9.266E-19 9.292E-19 9.352E-19 9.467E-19 9.560E-19 9.420E-19 9.365E-19 9.547E-19 9.661E-19
 9.794E-19 9.870E-19 9.822E-19 9.782E-19 9.683E-19 9.732E-19 9.771E-19 9.697E-19 9.617E-19 9.464E-19
 9.532E-19 9.855E-19 9.893E-19 9.814E-19 9.803E-19 9.801E-19 9.856E-19 1.001E-18 1.002E-18 9.918E-19
 9.773E-19 9.726E-19 9.802E-19 9.864E-19 9.886E-19 9.910E-19 9.895E-19 1.009E-18 1.023E-18 1.014E-18
 9.978E-19 9.967E-19 9.975E-19 9.752E-19 9.644E-19 9.847E-19 1.004E-18 1.006E-18 1.008E-18 1.005E-18
 9.908E-19 9.828E-19 9.892E-19 1.002E-18 9.834E-19 9.850E-19 1.004E-18 1.001E-18 9.939E-19 9.729E-19
 9.773E-19 9.887E-19 9.970E-19 1.004E-18 1.010E-18 1.013E-18 1.009E-18 1.004E-18 9.945E-19 9.845E-19
 9.971E-19 1.010E-18 1.016E-18 1.010E-18 1.002E-18 9.965E-19 9.984E-19 9.915E-19 9.805E-19 9.856E-19
 9.942E-19 1.003E-18 1.026E-18 1.037E-18 1.034E-18 1.034E-18 1.030E-18 1.030E-18 1.011E-18 9.905E-19
 1.014E-18 1.034E-18 1.016E-18 1.010E-18 1.018E-18 1.019E-18 1.011E-18 1.006E-18 9.969E-19 1.001E-18
 1.021E-18 1.027E-18 1.027E-18 1.034E-18 1.053E-18 1.038E-18 1.026E-18 1.044E-18 1.056E-18 1.041E-18
 1.043E-18 1.051E-18 1.050E-18 1.042E-18 1.058E-18 1.071E-18 1.055E-18 1.044E-18 1.048E-18 1.061E-18
 1.067E-18 1.053E-18 1.044E-18 1.036E-18 1.041E-18 1.031E-18 1.007E-18 1.018E-18 1.042E-18 1.057E-18
 1.064E-18 1.080E-18 1.085E-18 1.071E-18 1.049E-18 1.066E-18 1.082E-18 1.050E-18 1.028E-18 1.052E-18
 1.065E-18 1.064E-18 1.063E-18 1.059E-18 1.035E-18 1.047E-18 1.064E-18 1.073E-18 1.073E-18 1.071E-18
 1.065E-18 1.056E-18 1.055E-18 1.047E-18 1.027E-18 1.041E-18 1.067E-18 1.084E-18 1.084E-18 1.080E-18
 1.076E-18 1.060E-18 1.054E-18 1.058E-18 1.056E-18 1.053E-18 1.051E-18 1.061E-18 1.064E-18 1.055E-18
 1.054E-18 1.060E-18 1.067E-18 1.073E-18 1.082E-18 1.089E-18 1.088E-18 1.088E-18 1.093E-18 1.094E-18
 1.091E-18 1.084E-18 1.072E-18 1.070E-18 1.080E-18 1.092E-18 1.079E-18 1.068E-18 1.063E-18 1.058E-18
 1.070E-18 1.073E-18 1.074E-18 1.071E-18 1.076E-18 1.082E-18 1.091E-18 1.087E-18 1.074E-18 1.075E-18
 1.097E-18 1.103E-18 1.103E-18 1.094E-18 1.093E-18 1.095E-18 1.077E-18 1.067E-18 1.074E-18 1.077E-18
 1.070E-18 1.075E-18 1.098E-18 1.101E-18 1.105E-18 1.100E-18 1.089E-18 1.093E-18 1.101E-18 1.101E-18
 1.099E-18 1.080E-18 1.071E-18 1.094E-18 1.088E-18 1.065E-18 1.075E-18 1.101E-18 1.112E-18 1.128E-18
 1.147E-18 1.160E-18 1.162E-18 1.162E-18 1.143E-18 1.129E-18 1.131E-18 1.122E-18 1.112E-18 1.121E-18
 1.122E-18 1.106E-18 1.089E-18 1.073E-18 1.063E-18 1.059E-18 1.085E-18 1.100E-18 1.092E-18 1.109E-18
 1.137E-18 1.151E-18 1.132E-18 1.122E-18 1.136E-18 1.117E-18 1.103E-18 1.113E-18 1.137E-18 1.130E-18
 1.124E-18 1.131E-18 1.131E-18 1.128E-18 1.130E-18 1.150E-18 1.156E-18 1.173E-18 1.200E-18 1.196E-18
 1.180E-18 1.174E-18 1.163E-18 1.145E-18 1.147E-18 1.163E-18 1.183E-18 1.189E-18 1.188E-18 1.169E-18
 1.121E-18 1.092E-18 1.092E-18 1.098E-18 1.097E-18 1.086E-18 1.081E-18 1.082E-18 1.066E-18 1.056E-18
 1.074E-18 1.093E-18 1.103E-18 1.107E-18 1.125E-18 1.121E-18 1.111E-18 1.136E-18 1.144E-18 1.127E-18
 1.117E-18 1.116E-18 1.104E-18 1.084E-18 1.081E-18 1.098E-18 1.103E-18 1.115E-18 1.113E-18 1.110E-18
 1.131E-18 1.148E-18 1.170E-18 1.191E-18 1.195E-18 1.191E-18 1.158E-18 1.120E-18 1.098E-18 1.093E-18
 1.085E-18 1.095E-18 1.108E-18 1.113E-18 1.100E-18 1.118E-18 1.145E-18 1.137E-18 1.129E-18 1.131E-18
 1.149E-18 1.162E-18 1.159E-18 1.156E-18 1.166E-18 1.183E-18 1.193E-18 1.198E-18 1.205E-18 1.212E-18
 1.223E-18 1.230E-18 1.249E-18 1.267E-18 1.261E-18 1.257E-18 1.270E-18 1.302E-18 1.334E-18 1.341E-18
 1.322E-18 1.290E-18 1.266E-18 1.270E-18 1.260E-18 1.239E-18 1.203E-18 1.161E-18 1.135E-18 1.141E-18
 1.149E-18 1.135E-18 1.137E-18 1.140E-18 1.139E-18 1.133E-18 1.137E-18 1.146E-18 1.173E-18 1.196E-18
 1.224E-18 1.257E-18 1.277E-18 1.294E-18 1.288E-18 1.273E-18 1.275E-18 1.278E-18 1.257E-18 1.213E-18
 1.177E-18 1.146E-18 1.130E-18 1.113E-18 1.118E-18 1.160E-18 1.184E-18 1.174E-18 1.199E-18 1.229E-18
 1.239E-18 1.271E-18 1.319E-18 1.339E-18 1.300E-18 1.254E-18 1.227E-18 1.203E-18 1.191E-18 1.183E-18
 1.148E-18 1.094E-18 1.057E-18 1.027E-18 1.020E-18 1.033E-18 1.048E-18 1.069E-18 1.071E-18 1.055E-18
 1.062E-18 1.078E-18 1.095E-18 1.100E-18 1.099E-18 1.105E-18 1.110E-18 1.104E-18 1.117E-18 1.118E-18
 1.116E-18 1.141E-18 1.141E-18 1.121E-18 1.106E-18 1.093E-18 1.077E-18 1.059E-18 1.056E-18 1.051E-18
 1.047E-18 1.055E-18 1.064E-18 1.086E-18 1.117E-18 1.160E-18 1.167E-18 1.153E-18 1.157E-18 1.180E-18
 1.206E-18 1.219E-18 1.224E-18 1.227E-18 1.240E-18 1.258E-18 1.244E-18 1.203E-18 1.180E-18 1.207E-18
 1.234E-18 1.258E-18 1.267E-18 1.256E-18 1.252E-18 1.242E-18 1.216E-18 1.202E-18 1.214E-18 1.250E-18
 1.277E-18 1.260E-18 1.254E-18 1.268E-18 1.309E-18 1.355E-18 1.379E-18 1.428E-18 1.479E-18 1.544E-18
 1.597E-18 1.594E-18 1.573E-18 1.484E-18 1.376E-18 1.323E-18 1.293E-18 1.272E-18 1.255E-18 1.256E-18
 1.243E-18 1.203E-18 1.144E-18 1.076E-18 1.030E-18 1.012E-18 1.021E-18 1.025E-18 1.024E-18 1.031E-18
 1.045E-18 1.054E-18 1.052E-18 1.067E-18 1.093E-18 1.110E-18 1.123E-18 1.132E-18 1.146E-18 1.170E-18
 1.179E-18 1.177E-18 1.192E-18 1.214E-18 1.209E-18 1.194E-18 1.171E-18 1.122E-18 1.061E-18 1.028E-18
 1.016E-18 1.006E-18 1.002E-18 1.027E-18 1.039E-18 1.039E-18 1.076E-18 1.115E-18 1.121E-18 1.136E-18
 1.165E-18 1.175E-18 1.187E-18 1.212E-18 1.215E-18 1.208E-18 1.216E-18 1.208E-18 1.179E-18 1.133E-18
 1.060E-18 9.708E-19 9.271E-19 9.213E-19 9.188E-19 9.153E-19 9.061E-19 9.037E-19 9.198E-19 9.165E-19
 9.038E-19 9.039E-19 9.238E-19 9.478E-19 9.585E-19 9.570E-19 9.647E-19 9.681E-19 9.490E-19 9.290E-19
 9.393E-19 9.617E-19 9.583E-19 9.227E-19 9.112E-19 9.235E-19 9.380E-19 9.426E-19 9.406E-19 9.295E-19
 9.316E-19 9.451E-19 9.562E-19 9.550E-19 9.607E-19 9.777E-19 9.780E-19 9.714E-19 9.960E-19 1.038E-18
 1.050E-18 1.041E-18 1.048E-18 1.079E-18 1.099E-18 1.101E-18 1.091E-18 1.099E-18 1.139E-18 1.152E-18
 1.140E-18 1.158E-18 1.200E-18 1.235E-18 1.247E-18 1.272E-18 1.296E-18 1.311E-18 1.322E-18 1.311E-18
 1.275E-18 1.264E-18 1.275E-18 1.251E-18 1.233E-18 1.239E-18 1.259E-18 1.287E-18 1.311E-18 1.330E-18
 1.358E-18 1.406E-18 1.410E-18 1.424E-18 1.451E-18 1.498E-18 1.588E-18 1.635E-18 1.626E-18 1.615E-18
 1.628E-18 1.620E-18 1.590E-18 1.516E-18 1.377E-18 1.208E-18 1.076E-18 9.954E-19 9.450E-19 9.313E-19
 9.202E-19 9.105E-19 8.989E-19 8.906E-19 8.916E-19 8.897E-19 8.984E-19 9.138E-19 9.083E-19 9.069E-19
 9.059E-19 8.953E-19 8.941E-19 9.077E-19 9.116E-19 9.087E-19 9.195E-19 9.271E-19 9.284E-19 9.122E-19
 8.999E-19 9.028E-19 9.013E-19 9.021E-19 8.973E-19 9.150E-19 9.275E-19 9.103E-19 9.125E-19 9.054E-19
 8.915E-19 8.928E-19 8.940E-19 8.963E-19 8.959E-19 8.946E-19 9.050E-19 9.011E-19 8.912E-19 9.077E-19
 9.185E-19 9.214E-19 9.314E-19 9.239E-19 9.107E-19 9.177E-19 9.287E-19 9.175E-19 9.066E-19 9.166E-19
 9.061E-19 9.046E-19 9.043E-19 9.170E-19 9.268E-19 9.151E-19 9.001E-19 8.857E-19 9.004E-19 9.069E-19
 9.076E-19 9.101E-19 9.144E-19 9.306E-19 9.230E-19 9.147E-19 9.020E-19 8.958E-19 8.918E-19 8.966E-19
 9.076E-19 8.971E-19 9.055E-19 9.283E-19 9.277E-19 9.100E-19 9.060E-19 9.113E-19 9.065E-19 9.021E-19
 9.040E-19 9.103E-19 9.342E-19 9.261E-19 8.977E-19 8.840E-19 8.915E-19 8.951E-19 8.954E-19 9.100E-19
 9.179E-19 9.186E-19 9.187E-19 8.976E-19 8.874E-19 8.871E-19 9.063E-19 9.174E-19 9.058E-19 9.042E-19
 9.220E-19 9.175E-19 8.864E-19 8.703E-19 8.871E-19 9.066E-19 9.084E-19 9.068E-19 9.058E-19 9.104E-19
 9.003E-19 9.017E-19 9.341E-19 9.371E-19 9.180E-19 9.053E-19 9.158E-19 9.300E-19 9.149E-19 8.933E-19
 8.849E-19 9.004E-19 9.071E-19 8.956E-19 8.832E-19 9.066E-19 9.456E-19 9.347E-19 9.055E-19 8.949E-19
 9.028E-19 9.057E-19 8.896E-19 8.816E-19 8.946E-19 8.997E-19 8.809E-19 8.839E-19 8.967E-19 9.117E-19
 9.044E-19 8.945E-19 8.937E-19 8.875E-19 8.964E-19 9.035E-19 8.901E-19 8.869E-19 8.923E-19 8.795E-19
 8.666E-19 8.669E-19 8.703E-19 8.845E-19 8.933E-19 8.912E-19 8.785E-19 8.711E-19 8.691E-19 8.775E-19
 8.947E-19 8.982E-19 8.941E-19 8.875E-19 8.857E-19 8.830E-19 8.823E-19 8.810E-19 8.697E-19 8.602E-19
 8.701E-19 8.784E-19 8.693E-19 8.662E-19 8.728E-19 8.622E-19 8.522E-19 8.461E-19 8.570E-19 8.745E-19
 8.741E-19 8.611E-19 8.673E-19 8.822E-19 8.576E-19 8.352E-19 8.411E-19 8.584E-19 8.609E-19 8.489E-19
 8.566E-19 8.620E-19 8.613E-19 8.529E-19 8.372E-19 8.423E-19 8.399E-19 8.230E-19 8.227E-19 8.344E-19
 8.418E-19 8.425E-19 8.432E-19 8.275E-19 8.123E-19 8.199E-19 8.362E-19 8.445E-19 8.395E-19 8.260E-19
 8.133E-19 8.185E-19 8.137E-19 7.974E-19 7.992E-19 8.221E-19 8.161E-19 7.986E-19 7.892E-19 8.083E-19
 8.211E-19 8.010E-19 7.846E-19 7.874E-19 7.913E-19 7.801E-19 7.749E-19 7.805E-19 8.037E-19 7.963E-19
 7.761E-19 7.874E-19 7.945E-19 7.850E-19 7.678E-19 7.560E-19 7.537E-19 7.652E-19 7.671E-19 7.485E-19
 7.408E-19 7.430E-19 7.494E-19 7.429E-19 7.394E-19 7.549E-19 7.673E-19 7.667E-19 7.551E-19 7.486E-19
 7.450E-19 7.357E-19 7.148E-19 7.007E-19 7.267E-19 7.521E-19 7.487E-19 7.484E-19 7.377E-19 7.194E-19
 7.207E-19 7.114E-19 7.107E-19 7.141E-19 7.156E-19 7.103E-19 7.064E-19 7.033E-19 6.970E-19 6.956E-19
 7.033E-19 6.973E-19 6.896E-19 6.925E-19 6.977E-19 6.962E-19 6.880E-19 6.919E-19 6.873E-19 6.656E-19
 6.523E-19 6.756E-19 6.963E-19 6.747E-19 6.541E-19 6.506E-19 6.648E-19 6.687E-19 6.490E-19 6.444E-19
 6.441E-19 6.348E-19 6.364E-19 6.418E-19 6.281E-19 6.339E-19 6.337E-19 6.140E-19 6.080E-19 6.223E-19
 6.344E-19 6.239E-19 6.216E-19 6.400E-19 6.366E-19 6.085E-19 5.920E-19 6.049E-19 6.129E-19 6.012E-19
 6.096E-19 6.232E-19 6.265E-19 6.126E-19 5.931E-19 5.833E-19 5.755E-19 5.767E-19 5.810E-19 5.826E-19
 5.880E-19 5.965E-19 5.775E-19 5.542E-19 5.609E-19 5.806E-19 5.783E-19 5.564E-19 5.499E-19 5.669E-19
 5.744E-19 5.582E-19 5.398E-19 5.387E-19 5.452E-19 5.461E-19 5.479E-19 5.551E-19 5.466E-19 5.282E-19
 5.281E-19 5.450E-19 5.457E-19 5.188E-19 5.036E-19 5.187E-19 5.314E-19 5.377E-19 5.347E-19 5.223E-19
 5.238E-19 5.160E-19 4.888E-19 4.813E-19 4.887E-19 4.936E-19 4.978E-19 4.951E-19 4.908E-19 4.838E-19
 4.851E-19 4.757E-19 4.696E-19 4.803E-19 4.832E-19 4.735E-19 4.759E-19 4.753E-19 4.698E-19 4.630E-19
 4.515E-19 4.582E-19 4.598E-19 4.520E-19 4.565E-19 4.615E-19 4.543E-19 4.441E-19 4.312E-19 4.226E-19
 4.277E-19 4.212E-19 4.140E-19 4.213E-19 4.261E-19 4.313E-19 4.343E-19 4.243E-19 4.146E-19 4.031E-19
 3.965E-19 4.013E-19 4.063E-19 4.150E-19 4.086E-19 3.919E-19 3.931E-19 3.997E-19 3.825E-19 3.666E-19
 3.723E-19 3.841E-19 3.875E-19 3.788E-19 3.886E-19 4.029E-19 3.949E-19 3.801E-19 3.853E-19 3.883E-19
 3.743E-19 3.655E-19 3.675E-19 3.749E-19 3.692E-19 3.643E-19 3.581E-19 3.503E-19 3.518E-19 3.544E-19
 3.515E-19 3.463E-19 3.447E-19 3.434E-19 3.328E-19 3.217E-19 3.211E-19 3.266E-19 3.300E-19 3.285E-19
 3.217E-19 3.179E-19 3.258E-19 3.283E-19 3.109E-19 3.014E-19 2.998E-19 3.016E-19 3.059E-19 3.064E-19
 3.030E-19 3.012E-19 2.856E-19 2.700E-19 2.672E-19 2.797E-19 2.975E-19 2.894E-19 2.756E-19 2.841E-19
 2.880E-19 2.771E-19 2.716E-19 2.644E-19 2.595E-19 2.599E-19 2.661E-19 2.674E-19 2.589E-19 2.578E-19
 2.554E-19 2.480E-19 2.398E-19 2.316E-19 2.346E-19 2.419E-19 2.388E-19 2.344E-19 2.375E-19 2.378E-19
 2.379E-19 2.264E-19 2.263E-19 2.252E-19 2.209E-19 2.224E-19 2.279E-19 2.333E-19 2.248E-19 2.117E-19
 2.091E-19 2.134E-19 2.146E-19 2.092E-19 2.184E-19 2.339E-19 2.336E-19 2.195E-19 2.094E-19 2.122E-19
 2.080E-19 1.970E-19 1.896E-19 1.948E-19 2.040E-19 2.028E-19 1.933E-19 1.881E-19 1.868E-19 1.827E-19
 1.823E-19 1.923E-19 1.894E-19 1.824E-19 1.936E-19 1.909E-19 1.784E-19 1.690E-19 1.590E-19 1.485E-19
 1.537E-19 1.671E-19 1.667E-19 1.633E-19 1.621E-19 1.601E-19 1.593E-19 1.607E-19 1.606E-19 1.650E-19
 1.705E-19 1.741E-19 1.781E-19 1.783E-19 1.667E-19 1.486E-19 1.363E-19 1.387E-19 1.467E-19 1.559E-19
 1.699E-19 1.651E-19 1.591E-19 1.658E-19 1.579E-19 1.548E-19 1.571E-19 1.475E-19 1.338E-19 1.397E-19
 1.456E-19 1.478E-19 1.473E-19 1.345E-19 1.268E-19 1.285E-19 1.328E-19 1.341E-19 1.374E-19 1.398E-19
 1.304E-19 1.288E-19 1.356E-19 1.331E-19 1.185E-19 1.008E-19 9.827E-20 1.116E-19 1.274E-19 1.320E-19
 1.352E-19 1.358E-19 1.329E-19 1.222E-19 1.156E-19 1.152E-19 1.114E-19 1.187E-19 1.329E-19 1.347E-19
 1.341E-19 1.325E-19 1.260E-19 1.249E-19 1.215E-19 1.215E-19 1.361E-19 1.388E-19 1.210E-19 1.137E-19
 1.098E-19 1.076E-19 9.650E-20 9.324E-20 1.009E-19 1.044E-19 1.103E-19 1.167E-19 1.251E-19 1.226E-19
 1.090E-19 1.027E-19 1.009E-19 1.004E-19 9.509E-20 1.030E-19 1.110E-19 1.041E-19 9.751E-20 9.860E-20
 9.518E-20 7.865E-20 7.257E-20 7.323E-20 8.378E-20 9.484E-20 9.466E-20 9.408E-20 1.012E-19 9.949E-20
 8.817E-20 7.996E-20 8.780E-20 1.027E-19 1.050E-19 9.875E-20 1.006E-19 9.540E-20 8.946E-20 8.772E-20
 8.683E-20 7.728E-20 7.746E-20 9.524E-20 0.000E+00 0.000E+00 0.000E+00 0.000E+00 0.000E+00 0.000E+00
