   C2Cl2F4 1030.0110 1066.9930      2494  213.0000    0.0000 1.346E-18  NCAR    CFC-114
 3.461E-20 2.770E-20 2.743E-20 2.970E-20 3.286E-20 3.302E-20 3.179E-20 2.939E-20 3.048E-20 3.157E-20
 3.369E-20 3.249E-20 2.782E-20 2.632E-20 3.016E-20 3.529E-20 3.205E-20 2.838E-20 2.634E-20 3.007E-20
 3.006E-20 3.015E-20 3.324E-20 3.810E-20 3.954E-20 3.732E-20 3.555E-20 3.731E-20 3.563E-20 2.888E-20
 2.800E-20 3.078E-20 3.229E-20 3.330E-20 3.606E-20 3.223E-20 2.733E-20 2.851E-20 3.007E-20 2.754E-20
 2.584E-20 3.025E-20 3.685E-20 3.581E-20 3.476E-20 3.466E-20 3.339E-20 3.353E-20 2.847E-20 3.127E-20
 3.428E-20 3.490E-20 4.169E-20 4.484E-20 3.612E-20 2.806E-20 2.683E-20 3.207E-20 3.764E-20 3.867E-20
 3.880E-20 3.459E-20 2.873E-20 3.310E-20 3.933E-20 3.565E-20 3.235E-20 3.141E-20 3.121E-20 3.252E-20
 3.634E-20 3.603E-20 3.389E-20 3.185E-20 3.495E-20 4.140E-20 4.171E-20 4.221E-20 4.340E-20 3.853E-20
 3.589E-20 3.814E-20 3.971E-20 3.955E-20 3.635E-20 3.614E-20 3.767E-20 4.171E-20 4.494E-20 4.291E-20
 4.022E-20 3.683E-20 3.160E-20 3.096E-20 3.223E-20 3.608E-20 3.464E-20 3.504E-20 3.646E-20 3.944E-20
 4.059E-20 3.828E-20 3.599E-20 3.549E-20 3.261E-20 3.262E-20 3.826E-20 4.076E-20 4.150E-20 3.929E-20
 4.139E-20 4.616E-20 4.461E-20 4.092E-20 4.061E-20 3.582E-20 3.600E-20 3.804E-20 3.590E-20 3.401E-20
 3.386E-20 3.542E-20 3.967E-20 4.117E-20 3.765E-20 3.652E-20 3.758E-20 3.570E-20 3.891E-20 4.099E-20
 3.929E-20 3.775E-20 3.575E-20 3.213E-20 3.876E-20 4.419E-20 4.145E-20 4.037E-20 4.354E-20 4.004E-20
 3.424E-20 3.032E-20 3.301E-20 4.112E-20 3.960E-20 3.995E-20 4.103E-20 3.860E-20 3.760E-20 3.985E-20
 4.065E-20 4.295E-20 3.771E-20 3.323E-20 4.391E-20 4.795E-20 4.017E-20 3.539E-20 3.731E-20 3.781E-20
 3.783E-20 4.008E-20 3.845E-20 3.790E-20 3.952E-20 3.384E-20 3.369E-20 3.485E-20 2.923E-20 2.642E-20
 2.715E-20 3.148E-20 3.298E-20 3.220E-20 2.883E-20 2.999E-20 2.999E-20 3.634E-20 3.537E-20 4.037E-20
 4.695E-20 4.395E-20 4.007E-20 4.315E-20 4.454E-20 4.252E-20 3.731E-20 3.334E-20 3.254E-20 3.514E-20
 4.045E-20 4.221E-20 4.102E-20 3.995E-20 3.636E-20 3.674E-20 4.101E-20 3.886E-20 3.527E-20 3.746E-20
 4.051E-20 4.467E-20 4.984E-20 5.060E-20 4.587E-20 4.240E-20 4.317E-20 5.055E-20 4.841E-20 4.511E-20
 4.524E-20 4.483E-20 4.772E-20 4.295E-20 3.650E-20 3.685E-20 3.955E-20 4.397E-20 4.596E-20 4.391E-20
 4.531E-20 4.930E-20 4.612E-20 4.427E-20 4.162E-20 4.752E-20 5.188E-20 4.275E-20 3.880E-20 4.130E-20
 3.901E-20 3.996E-20 4.308E-20 3.758E-20 3.939E-20 4.320E-20 4.505E-20 5.271E-20 5.321E-20 4.922E-20
 4.474E-20 4.123E-20 4.673E-20 4.647E-20 4.479E-20 4.362E-20 4.643E-20 4.606E-20 4.050E-20 3.652E-20
 4.112E-20 3.786E-20 3.686E-20 3.923E-20 4.397E-20 5.008E-20 5.114E-20 4.397E-20 3.969E-20 4.263E-20
 4.255E-20 4.161E-20 3.967E-20 4.376E-20 4.557E-20 4.626E-20 4.976E-20 4.965E-20 4.355E-20 4.222E-20
 4.208E-20 4.073E-20 4.240E-20 4.362E-20 4.349E-20 4.079E-20 3.975E-20 4.324E-20 4.378E-20 4.086E-20
 4.118E-20 4.296E-20 4.637E-20 5.189E-20 4.924E-20 4.440E-20 4.372E-20 4.209E-20 4.109E-20 4.608E-20
 5.212E-20 5.404E-20 5.156E-20 4.817E-20 4.801E-20 4.647E-20 4.772E-20 4.816E-20 4.777E-20 5.244E-20
 5.164E-20 4.790E-20 4.656E-20 4.998E-20 5.417E-20 5.787E-20 5.570E-20 5.603E-20 5.972E-20 5.499E-20
 5.295E-20 5.764E-20 5.941E-20 5.983E-20 5.510E-20 5.235E-20 5.386E-20 5.379E-20 5.827E-20 5.891E-20
 5.017E-20 5.058E-20 5.763E-20 5.639E-20 5.232E-20 5.368E-20 5.563E-20 5.125E-20 4.801E-20 4.998E-20
 4.887E-20 4.640E-20 4.592E-20 4.626E-20 5.233E-20 5.484E-20 5.043E-20 4.447E-20 4.351E-20 4.951E-20
 5.091E-20 5.099E-20 5.653E-20 5.961E-20 5.420E-20 4.659E-20 4.719E-20 5.144E-20 5.362E-20 5.588E-20
 6.025E-20 6.475E-20 6.265E-20 6.043E-20 6.386E-20 6.196E-20 5.877E-20 6.102E-20 5.824E-20 4.514E-20
 4.387E-20 5.122E-20 5.329E-20 5.329E-20 5.098E-20 5.088E-20 5.442E-20 5.903E-20 5.952E-20 5.810E-20
 5.430E-20 5.176E-20 5.470E-20 5.527E-20 5.512E-20 5.986E-20 5.962E-20 5.364E-20 5.631E-20 6.294E-20
 6.140E-20 6.208E-20 6.285E-20 6.325E-20 6.396E-20 6.362E-20 6.659E-20 6.899E-20 6.616E-20 6.268E-20
 6.023E-20 5.654E-20 5.748E-20 5.775E-20 5.749E-20 6.094E-20 6.822E-20 6.888E-20 6.878E-20 7.339E-20
 7.165E-20 6.508E-20 6.580E-20 6.594E-20 6.459E-20 6.425E-20 6.239E-20 6.178E-20 6.165E-20 6.367E-20
 6.703E-20 6.883E-20 6.935E-20 6.768E-20 6.698E-20 6.821E-20 6.807E-20 6.620E-20 6.196E-20 5.818E-20
 5.898E-20 5.865E-20 6.414E-20 6.994E-20 6.916E-20 6.518E-20 6.537E-20 6.976E-20 7.260E-20 7.115E-20
 6.622E-20 6.888E-20 7.152E-20 7.064E-20 6.744E-20 6.632E-20 6.680E-20 6.697E-20 6.741E-20 6.879E-20
 7.019E-20 7.311E-20 7.488E-20 7.563E-20 7.367E-20 7.425E-20 7.390E-20 6.992E-20 7.287E-20 7.988E-20
 7.393E-20 6.772E-20 7.039E-20 7.537E-20 7.709E-20 7.730E-20 7.366E-20 6.992E-20 7.667E-20 7.914E-20
 7.774E-20 6.978E-20 6.911E-20 7.689E-20 7.394E-20 7.125E-20 7.707E-20 7.743E-20 7.358E-20 7.113E-20
 6.569E-20 6.139E-20 6.195E-20 6.887E-20 7.599E-20 7.790E-20 7.776E-20 7.939E-20 7.936E-20 7.520E-20
 7.119E-20 6.943E-20 7.354E-20 7.810E-20 8.006E-20 8.012E-20 7.935E-20 8.046E-20 8.070E-20 8.331E-20
 8.340E-20 7.949E-20 7.789E-20 8.278E-20 8.269E-20 8.293E-20 8.649E-20 8.612E-20 8.713E-20 8.369E-20
 7.961E-20 8.245E-20 8.186E-20 7.858E-20 8.632E-20 9.391E-20 9.263E-20 8.632E-20 8.411E-20 8.388E-20
 8.287E-20 8.413E-20 8.392E-20 8.308E-20 8.016E-20 8.067E-20 8.001E-20 7.712E-20 8.550E-20 9.057E-20
 9.018E-20 9.271E-20 9.446E-20 9.393E-20 9.527E-20 9.507E-20 8.917E-20 8.531E-20 8.772E-20 8.817E-20
 8.615E-20 8.430E-20 8.456E-20 8.870E-20 9.190E-20 9.401E-20 9.326E-20 9.284E-20 8.879E-20 8.943E-20
 9.204E-20 9.725E-20 9.952E-20 9.868E-20 9.893E-20 9.234E-20 8.745E-20 8.489E-20 8.751E-20 8.981E-20
 9.260E-20 9.202E-20 9.052E-20 9.356E-20 9.125E-20 9.209E-20 9.619E-20 1.000E-19 1.040E-19 1.069E-19
 1.025E-19 9.653E-20 1.014E-19 1.038E-19 9.978E-20 1.009E-19 1.040E-19 1.038E-19 1.076E-19 1.122E-19
 1.102E-19 1.049E-19 1.058E-19 1.047E-19 1.036E-19 1.039E-19 1.090E-19 1.152E-19 1.133E-19 1.115E-19
 1.133E-19 1.107E-19 1.102E-19 1.112E-19 1.076E-19 1.105E-19 1.124E-19 1.088E-19 1.062E-19 1.135E-19
 1.177E-19 1.113E-19 1.065E-19 1.059E-19 1.080E-19 1.102E-19 1.145E-19 1.178E-19 1.148E-19 1.132E-19
 1.160E-19 1.171E-19 1.185E-19 1.188E-19 1.148E-19 1.157E-19 1.189E-19 1.174E-19 1.181E-19 1.153E-19
 1.078E-19 1.057E-19 1.130E-19 1.166E-19 1.142E-19 1.193E-19 1.224E-19 1.217E-19 1.201E-19 1.212E-19
 1.210E-19 1.232E-19 1.248E-19 1.304E-19 1.325E-19 1.267E-19 1.242E-19 1.220E-19 1.201E-19 1.228E-19
 1.276E-19 1.253E-19 1.252E-19 1.320E-19 1.353E-19 1.339E-19 1.338E-19 1.267E-19 1.247E-19 1.288E-19
 1.316E-19 1.326E-19 1.324E-19 1.335E-19 1.349E-19 1.335E-19 1.290E-19 1.273E-19 1.303E-19 1.288E-19
 1.299E-19 1.339E-19 1.374E-19 1.358E-19 1.339E-19 1.304E-19 1.297E-19 1.339E-19 1.358E-19 1.414E-19
 1.443E-19 1.434E-19 1.458E-19 1.497E-19 1.416E-19 1.383E-19 1.386E-19 1.400E-19 1.443E-19 1.458E-19
 1.458E-19 1.459E-19 1.482E-19 1.507E-19 1.476E-19 1.402E-19 1.400E-19 1.432E-19 1.478E-19 1.507E-19
 1.455E-19 1.435E-19 1.476E-19 1.498E-19 1.465E-19 1.477E-19 1.455E-19 1.481E-19 1.542E-19 1.564E-19
 1.600E-19 1.570E-19 1.572E-19 1.573E-19 1.540E-19 1.562E-19 1.583E-19 1.600E-19 1.606E-19 1.609E-19
 1.649E-19 1.658E-19 1.626E-19 1.607E-19 1.644E-19 1.673E-19 1.647E-19 1.611E-19 1.657E-19 1.735E-19
 1.687E-19 1.674E-19 1.709E-19 1.695E-19 1.628E-19 1.612E-19 1.681E-19 1.738E-19 1.790E-19 1.801E-19
 1.778E-19 1.718E-19 1.711E-19 1.689E-19 1.678E-19 1.734E-19 1.814E-19 1.795E-19 1.801E-19 1.880E-19
 1.910E-19 1.857E-19 1.820E-19 1.825E-19 1.861E-19 1.882E-19 1.872E-19 1.901E-19 1.913E-19 1.944E-19
 1.948E-19 1.919E-19 1.936E-19 1.918E-19 1.868E-19 1.908E-19 1.929E-19 1.921E-19 1.936E-19 1.952E-19
 1.979E-19 2.000E-19 1.972E-19 1.985E-19 1.960E-19 1.899E-19 1.909E-19 1.987E-19 1.975E-19 1.895E-19
 1.942E-19 1.975E-19 1.965E-19 2.036E-19 2.124E-19 2.184E-19 2.169E-19 2.136E-19 2.114E-19 2.058E-19
 2.056E-19 2.103E-19 2.159E-19 2.149E-19 2.135E-19 2.159E-19 2.166E-19 2.173E-19 2.235E-19 2.253E-19
 2.247E-19 2.226E-19 2.213E-19 2.197E-19 2.193E-19 2.219E-19 2.275E-19 2.276E-19 2.218E-19 2.213E-19
 2.246E-19 2.308E-19 2.353E-19 2.351E-19 2.362E-19 2.356E-19 2.316E-19 2.306E-19 2.334E-19 2.429E-19
 2.487E-19 2.480E-19 2.417E-19 2.420E-19 2.493E-19 2.557E-19 2.521E-19 2.525E-19 2.556E-19 2.587E-19
 2.606E-19 2.596E-19 2.580E-19 2.566E-19 2.583E-19 2.613E-19 2.612E-19 2.604E-19 2.625E-19 2.636E-19
 2.657E-19 2.657E-19 2.619E-19 2.595E-19 2.654E-19 2.738E-19 2.774E-19 2.793E-19 2.859E-19 2.865E-19
 2.759E-19 2.704E-19 2.772E-19 2.808E-19 2.857E-19 2.833E-19 2.823E-19 2.898E-19 2.919E-19 2.841E-19
 2.819E-19 2.859E-19 2.911E-19 2.957E-19 2.953E-19 2.945E-19 2.915E-19 2.899E-19 2.891E-19 2.937E-19
 3.028E-19 3.031E-19 3.017E-19 3.006E-19 2.989E-19 3.089E-19 3.076E-19 3.077E-19 3.109E-19 3.119E-19
 3.138E-19 3.154E-19 3.159E-19 3.221E-19 3.215E-19 3.166E-19 3.232E-19 3.246E-19 3.246E-19 3.260E-19
 3.237E-19 3.180E-19 3.238E-19 3.294E-19 3.304E-19 3.317E-19 3.350E-19 3.355E-19 3.360E-19 3.309E-19
 3.329E-19 3.371E-19 3.429E-19 3.520E-19 3.482E-19 3.427E-19 3.428E-19 3.433E-19 3.464E-19 3.502E-19
 3.493E-19 3.532E-19 3.559E-19 3.617E-19 3.643E-19 3.574E-19 3.518E-19 3.523E-19 3.560E-19 3.584E-19
 3.599E-19 3.652E-19 3.685E-19 3.729E-19 3.722E-19 3.704E-19 3.692E-19 3.715E-19 3.746E-19 3.759E-19
 3.795E-19 3.794E-19 3.788E-19 3.864E-19 3.961E-19 3.962E-19 3.914E-19 3.929E-19 3.950E-19 4.000E-19
 4.008E-19 3.968E-19 3.989E-19 3.992E-19 3.972E-19 3.941E-19 3.996E-19 4.022E-19 4.019E-19 4.046E-19
 4.100E-19 4.088E-19 4.089E-19 4.133E-19 4.137E-19 4.042E-19 4.027E-19 4.117E-19 4.200E-19 4.250E-19
 4.243E-19 4.225E-19 4.192E-19 4.209E-19 4.280E-19 4.319E-19 4.307E-19 4.298E-19 4.340E-19 4.358E-19
 4.396E-19 4.458E-19 4.425E-19 4.382E-19 4.416E-19 4.465E-19 4.478E-19 4.473E-19 4.486E-19 4.467E-19
 4.428E-19 4.471E-19 4.489E-19 4.513E-19 4.577E-19 4.614E-19 4.600E-19 4.599E-19 4.583E-19 4.641E-19
 4.752E-19 4.768E-19 4.706E-19 4.696E-19 4.741E-19 4.777E-19 4.770E-19 4.736E-19 4.696E-19 4.655E-19
 4.646E-19 4.624E-19 4.706E-19 4.860E-19 4.888E-19 4.867E-19 4.860E-19 4.861E-19 4.943E-19 4.962E-19
 4.900E-19 4.904E-19 4.963E-19 4.985E-19 4.933E-19 4.958E-19 5.070E-19 5.080E-19 5.096E-19 5.099E-19
 5.025E-19 5.036E-19 5.102E-19 5.122E-19 5.177E-19 5.176E-19 5.145E-19 5.134E-19 5.155E-19 5.220E-19
 5.179E-19 5.139E-19 5.203E-19 5.239E-19 5.261E-19 5.285E-19 5.259E-19 5.284E-19 5.304E-19 5.323E-19
 5.329E-19 5.316E-19 5.340E-19 5.396E-19 5.383E-19 5.351E-19 5.449E-19 5.514E-19 5.484E-19 5.516E-19
 5.542E-19 5.535E-19 5.505E-19 5.558E-19 5.645E-19 5.685E-19 5.673E-19 5.609E-19 5.656E-19 5.748E-19
 5.759E-19 5.804E-19 5.795E-19 5.723E-19 5.724E-19 5.743E-19 5.757E-19 5.772E-19 5.779E-19 5.759E-19
 5.853E-19 5.923E-19 5.871E-19 5.827E-19 5.858E-19 5.910E-19 5.889E-19 5.867E-19 5.884E-19 5.944E-19
 5.971E-19 5.984E-19 6.033E-19 6.033E-19 6.003E-19 5.980E-19 5.961E-19 5.980E-19 6.052E-19 6.102E-19
 6.178E-19 6.332E-19 6.296E-19 6.198E-19 6.113E-19 6.131E-19 6.195E-19 6.115E-19 6.160E-19 6.231E-19
 6.192E-19 6.199E-19 6.256E-19 6.184E-19 6.188E-19 6.283E-19 6.291E-19 6.298E-19 6.369E-19 6.342E-19
 6.274E-19 6.330E-19 6.403E-19 6.367E-19 6.393E-19 6.403E-19 6.429E-19 6.592E-19 6.612E-19 6.507E-19
 6.539E-19 6.612E-19 6.600E-19 6.633E-19 6.637E-19 6.601E-19 6.631E-19 6.662E-19 6.619E-19 6.570E-19
 6.577E-19 6.675E-19 6.713E-19 6.686E-19 6.685E-19 6.761E-19 6.830E-19 6.785E-19 6.783E-19 6.832E-19
 6.852E-19 6.830E-19 6.813E-19 6.891E-19 6.928E-19 6.879E-19 6.872E-19 6.848E-19 6.872E-19 6.952E-19
 6.988E-19 7.022E-19 7.030E-19 7.021E-19 7.026E-19 7.020E-19 7.038E-19 7.038E-19 7.038E-19 7.095E-19
 7.073E-19 7.009E-19 7.021E-19 7.015E-19 7.031E-19 7.033E-19 7.070E-19 7.134E-19 7.128E-19 7.060E-19
 7.110E-19 7.096E-19 7.077E-19 7.207E-19 7.276E-19 7.241E-19 7.183E-19 7.164E-19 7.224E-19 7.331E-19
 7.261E-19 7.234E-19 7.360E-19 7.380E-19 7.379E-19 7.365E-19 7.355E-19 7.347E-19 7.414E-19 7.465E-19
 7.441E-19 7.465E-19 7.383E-19 7.326E-19 7.334E-19 7.336E-19 7.377E-19 7.468E-19 7.472E-19 7.486E-19
 7.604E-19 7.649E-19 7.553E-19 7.581E-19 7.619E-19 7.555E-19 7.601E-19 7.572E-19 7.541E-19 7.677E-19
 7.646E-19 7.604E-19 7.719E-19 7.757E-19 7.678E-19 7.758E-19 7.794E-19 7.760E-19 7.772E-19 7.773E-19
 7.695E-19 7.745E-19 7.775E-19 7.697E-19 7.763E-19 7.850E-19 7.815E-19 7.848E-19 7.908E-19 7.907E-19
 7.921E-19 7.888E-19 7.817E-19 7.841E-19 7.922E-19 7.956E-19 7.952E-19 7.944E-19 7.936E-19 8.005E-19
 8.056E-19 8.001E-19 8.023E-19 8.067E-19 8.016E-19 7.975E-19 7.980E-19 7.981E-19 8.034E-19 8.092E-19
 8.112E-19 8.104E-19 8.257E-19 8.261E-19 8.210E-19 8.268E-19 8.239E-19 8.145E-19 8.176E-19 8.209E-19
 8.161E-19 8.127E-19 8.161E-19 8.192E-19 8.302E-19 8.327E-19 8.266E-19 8.289E-19 8.275E-19 8.270E-19
 8.309E-19 8.300E-19 8.295E-19 8.329E-19 8.397E-19 8.338E-19 8.276E-19 8.312E-19 8.360E-19 8.357E-19
 8.368E-19 8.436E-19 8.458E-19 8.477E-19 8.485E-19 8.411E-19 8.370E-19 8.299E-19 8.257E-19 8.422E-19
 8.472E-19 8.425E-19 8.526E-19 8.582E-19 8.553E-19 8.584E-19 8.625E-19 8.693E-19 8.675E-19 8.622E-19
 8.636E-19 8.738E-19 8.710E-19 8.658E-19 8.763E-19 8.741E-19 8.738E-19 8.796E-19 8.725E-19 8.641E-19
 8.695E-19 8.787E-19 8.768E-19 8.797E-19 8.839E-19 8.777E-19 8.776E-19 8.836E-19 8.808E-19 8.814E-19
 8.853E-19 8.878E-19 8.968E-19 9.057E-19 8.978E-19 8.939E-19 9.033E-19 8.999E-19 8.946E-19 8.971E-19
 8.959E-19 9.002E-19 9.071E-19 9.083E-19 8.965E-19 8.895E-19 8.928E-19 8.989E-19 9.074E-19 9.144E-19
 9.071E-19 8.961E-19 8.962E-19 8.969E-19 9.012E-19 9.153E-19 9.233E-19 9.160E-19 9.081E-19 9.126E-19
 9.179E-19 9.185E-19 9.272E-19 9.300E-19 9.233E-19 9.273E-19 9.339E-19 9.266E-19 9.289E-19 9.392E-19
 9.404E-19 9.357E-19 9.307E-19 9.263E-19 9.217E-19 9.355E-19 9.551E-19 9.507E-19 9.445E-19 9.485E-19
 9.503E-19 9.496E-19 9.490E-19 9.507E-19 9.542E-19 9.541E-19 9.609E-19 9.597E-19 9.536E-19 9.650E-19
 9.728E-19 9.725E-19 9.646E-19 9.537E-19 9.598E-19 9.706E-19 9.784E-19 9.857E-19 9.768E-19 9.764E-19
 9.816E-19 9.820E-19 9.846E-19 9.923E-19 9.940E-19 9.936E-19 9.967E-19 9.928E-19 9.870E-19 9.917E-19
 9.843E-19 9.910E-19 1.001E-18 9.834E-19 9.891E-19 1.004E-18 1.003E-18 9.987E-19 1.002E-18 1.009E-18
 1.009E-18 1.016E-18 1.011E-18 1.007E-18 1.019E-18 1.020E-18 1.028E-18 1.031E-18 1.020E-18 1.023E-18
 1.029E-18 1.036E-18 1.048E-18 1.046E-18 1.034E-18 1.042E-18 1.046E-18 1.028E-18 1.031E-18 1.031E-18
 1.039E-18 1.056E-18 1.059E-18 1.053E-18 1.048E-18 1.043E-18 1.051E-18 1.068E-18 1.071E-18 1.069E-18
 1.078E-18 1.070E-18 1.061E-18 1.064E-18 1.064E-18 1.063E-18 1.071E-18 1.078E-18 1.085E-18 1.090E-18
 1.085E-18 1.083E-18 1.082E-18 1.088E-18 1.091E-18 1.094E-18 1.092E-18 1.093E-18 1.093E-18 1.093E-18
 1.103E-18 1.111E-18 1.102E-18 1.102E-18 1.106E-18 1.107E-18 1.112E-18 1.118E-18 1.115E-18 1.109E-18
 1.116E-18 1.127E-18 1.129E-18 1.124E-18 1.116E-18 1.117E-18 1.124E-18 1.119E-18 1.133E-18 1.144E-18
 1.141E-18 1.131E-18 1.131E-18 1.131E-18 1.138E-18 1.150E-18 1.145E-18 1.144E-18 1.158E-18 1.162E-18
 1.154E-18 1.151E-18 1.151E-18 1.158E-18 1.165E-18 1.157E-18 1.161E-18 1.179E-18 1.179E-18 1.179E-18
 1.176E-18 1.171E-18 1.175E-18 1.180E-18 1.184E-18 1.187E-18 1.183E-18 1.184E-18 1.186E-18 1.182E-18
 1.174E-18 1.181E-18 1.182E-18 1.186E-18 1.210E-18 1.220E-18 1.209E-18 1.200E-18 1.197E-18 1.205E-18
 1.217E-18 1.218E-18 1.218E-18 1.228E-18 1.219E-18 1.215E-18 1.225E-18 1.226E-18 1.230E-18 1.236E-18
 1.230E-18 1.230E-18 1.238E-18 1.234E-18 1.216E-18 1.211E-18 1.223E-18 1.238E-18 1.243E-18 1.242E-18
 1.248E-18 1.245E-18 1.242E-18 1.254E-18 1.257E-18 1.258E-18 1.251E-18 1.244E-18 1.249E-18 1.252E-18
 1.256E-18 1.269E-18 1.275E-18 1.266E-18 1.255E-18 1.258E-18 1.267E-18 1.267E-18 1.257E-18 1.260E-18
 1.263E-18 1.250E-18 1.264E-18 1.281E-18 1.279E-18 1.274E-18 1.277E-18 1.287E-18 1.300E-18 1.295E-18
 1.294E-18 1.300E-18 1.298E-18 1.301E-18 1.300E-18 1.293E-18 1.299E-18 1.301E-18 1.305E-18 1.306E-18
 1.305E-18 1.305E-18 1.308E-18 1.296E-18 1.282E-18 1.293E-18 1.292E-18 1.283E-18 1.298E-18 1.308E-18
 1.294E-18 1.277E-18 1.280E-18 1.288E-18 1.290E-18 1.283E-18 1.284E-18 1.297E-18 1.296E-18 1.285E-18
 1.287E-18 1.292E-18 1.283E-18 1.272E-18 1.276E-18 1.283E-18 1.280E-18 1.283E-18 1.293E-18 1.294E-18
 1.283E-18 1.284E-18 1.305E-18 1.311E-18 1.313E-18 1.315E-18 1.320E-18 1.334E-18 1.346E-18 1.335E-18
 1.321E-18 1.332E-18 1.334E-18 1.327E-18 1.325E-18 1.334E-18 1.333E-18 1.322E-18 1.319E-18 1.332E-18
 1.335E-18 1.324E-18 1.320E-18 1.324E-18 1.325E-18 1.321E-18 1.317E-18 1.310E-18 1.314E-18 1.319E-18
 1.318E-18 1.320E-18 1.321E-18 1.320E-18 1.333E-18 1.319E-18 1.299E-18 1.307E-18 1.300E-18 1.290E-18
 1.294E-18 1.313E-18 1.309E-18 1.303E-18 1.295E-18 1.290E-18 1.286E-18 1.287E-18 1.289E-18 1.279E-18
 1.273E-18 1.284E-18 1.299E-18 1.298E-18 1.287E-18 1.280E-18 1.285E-18 1.278E-18 1.288E-18 1.303E-18
 1.306E-18 1.318E-18 1.297E-18 1.288E-18 1.306E-18 1.303E-18 1.286E-18 1.289E-18 1.277E-18 1.269E-18
 1.291E-18 1.293E-18 1.290E-18 1.316E-18 1.318E-18 1.295E-18 1.302E-18 1.294E-18 1.289E-18 1.296E-18
 1.299E-18 1.293E-18 1.295E-18 1.300E-18 1.283E-18 1.266E-18 1.267E-18 1.275E-18 1.279E-18 1.280E-18
 1.285E-18 1.272E-18 1.268E-18 1.269E-18 1.258E-18 1.255E-18 1.253E-18 1.248E-18 1.239E-18 1.234E-18
 1.239E-18 1.229E-18 1.226E-18 1.213E-18 1.200E-18 1.186E-18 1.166E-18 1.156E-18 1.163E-18 1.174E-18
 1.163E-18 1.155E-18 1.153E-18 1.149E-18 1.146E-18 1.154E-18 1.156E-18 1.147E-18 1.142E-18 1.133E-18
 1.117E-18 1.114E-18 1.112E-18 1.109E-18 1.120E-18 1.124E-18 1.134E-18 1.152E-18 1.163E-18 1.165E-18
 1.163E-18 1.171E-18 1.168E-18 1.153E-18 1.154E-18 1.152E-18 1.148E-18 1.142E-18 1.140E-18 1.137E-18
 1.134E-18 1.140E-18 1.142E-18 1.150E-18 1.145E-18 1.139E-18 1.134E-18 1.126E-18 1.123E-18 1.115E-18
 1.109E-18 1.114E-18 1.112E-18 1.104E-18 1.095E-18 1.086E-18 1.080E-18 1.077E-18 1.075E-18 1.070E-18
 1.060E-18 1.047E-18 1.046E-18 1.045E-18 1.042E-18 1.035E-18 1.021E-18 1.010E-18 1.012E-18 1.012E-18
 1.005E-18 9.989E-19 9.838E-19 9.845E-19 9.885E-19 9.760E-19 9.711E-19 9.633E-19 9.536E-19 9.538E-19
 9.471E-19 9.379E-19 9.303E-19 9.240E-19 9.262E-19 9.223E-19 9.112E-19 9.051E-19 9.011E-19 9.047E-19
 9.023E-19 8.984E-19 8.959E-19 8.948E-19 8.912E-19 8.917E-19 8.886E-19 8.820E-19 8.788E-19 8.751E-19
 8.695E-19 8.660E-19 8.714E-19 8.727E-19 8.675E-19 8.621E-19 8.647E-19 8.633E-19 8.632E-19 8.593E-19
 8.506E-19 8.510E-19 8.456E-19 8.362E-19 8.397E-19 8.365E-19 8.304E-19 8.278E-19 8.271E-19 8.298E-19
 8.292E-19 8.283E-19 8.241E-19 8.141E-19 8.240E-19 8.376E-19 8.358E-19 8.351E-19 8.358E-19 8.362E-19
 8.380E-19 8.353E-19 8.342E-19 8.354E-19 8.317E-19 8.320E-19 8.320E-19 8.305E-19 8.336E-19 8.356E-19
 8.351E-19 8.306E-19 8.255E-19 8.339E-19 8.381E-19 8.357E-19 8.385E-19 8.336E-19 8.247E-19 8.314E-19
 8.305E-19 8.233E-19 8.266E-19 8.253E-19 8.196E-19 8.155E-19 8.165E-19 8.239E-19 8.316E-19 8.396E-19
 8.426E-19 8.342E-19 8.373E-19 8.435E-19 8.375E-19 8.314E-19 8.342E-19 8.385E-19 8.395E-19 8.375E-19
 8.351E-19 8.399E-19 8.376E-19 8.350E-19 8.360E-19 8.375E-19 8.387E-19 8.454E-19 8.475E-19 8.380E-19
 8.336E-19 8.397E-19 8.499E-19 8.477E-19 8.431E-19 8.447E-19 8.487E-19 8.425E-19 8.384E-19 8.311E-19
 8.399E-19 8.515E-19 8.458E-19 8.449E-19 8.442E-19 8.484E-19 8.534E-19 8.569E-19 8.570E-19 8.608E-19
 8.492E-19 8.436E-19 8.465E-19 8.495E-19 8.567E-19 8.566E-19 8.629E-19 8.618E-19 8.564E-19 8.610E-19
 8.642E-19 8.670E-19 8.643E-19 8.587E-19 8.618E-19 8.613E-19 8.565E-19 8.501E-19 8.564E-19 8.720E-19
 8.662E-19 8.642E-19 8.663E-19 8.629E-19 8.645E-19 8.596E-19 8.571E-19 8.664E-19 8.605E-19 8.564E-19
 8.672E-19 8.692E-19 8.670E-19 8.585E-19 8.560E-19 8.611E-19 8.594E-19 8.557E-19 8.534E-19 8.557E-19
 8.550E-19 8.555E-19 8.612E-19 8.563E-19 8.548E-19 8.459E-19 8.490E-19 8.567E-19 8.582E-19 8.607E-19
 8.604E-19 8.523E-19 8.470E-19 8.386E-19 8.466E-19 8.571E-19 8.560E-19 8.573E-19 8.512E-19 8.498E-19
 8.520E-19 8.484E-19 8.493E-19 8.431E-19 8.342E-19 8.334E-19 8.297E-19 8.410E-19 8.400E-19 8.325E-19
 8.372E-19 8.302E-19 8.226E-19 8.189E-19 8.161E-19 8.278E-19 8.248E-19 8.247E-19 8.311E-19 8.276E-19
 8.307E-19 8.249E-19 8.201E-19 8.209E-19 8.181E-19 8.332E-19 8.360E-19 8.259E-19 8.225E-19 8.151E-19
 8.217E-19 8.303E-19 8.218E-19 8.280E-19 8.220E-19 8.191E-19 8.150E-19 8.030E-19 7.990E-19 7.961E-19
 8.047E-19 8.130E-19 8.022E-19 7.918E-19 7.930E-19 7.947E-19 7.964E-19 7.916E-19 7.930E-19 7.926E-19
 7.872E-19 7.951E-19 7.881E-19 7.796E-19 7.773E-19 7.689E-19 7.786E-19 7.821E-19 7.721E-19 7.650E-19
 7.642E-19 7.724E-19 7.720E-19 7.632E-19 7.611E-19 7.618E-19 7.597E-19 7.528E-19 7.501E-19 7.525E-19
 7.597E-19 7.598E-19 7.586E-19 7.459E-19 7.406E-19 7.405E-19 7.365E-19 7.368E-19 7.394E-19 7.378E-19
 7.343E-19 7.332E-19 7.326E-19 7.219E-19 7.139E-19 7.139E-19 7.164E-19 7.166E-19 7.102E-19 7.054E-19
 6.986E-19 6.992E-19 7.046E-19 7.021E-19 7.034E-19 6.988E-19 6.962E-19 6.953E-19 6.981E-19 6.980E-19
 6.843E-19 6.834E-19 6.898E-19 6.857E-19 6.691E-19 6.616E-19 6.702E-19 6.755E-19 6.677E-19 6.690E-19
 6.672E-19 6.686E-19 6.640E-19 6.577E-19 6.608E-19 6.565E-19 6.552E-19 6.515E-19 6.416E-19 6.429E-19
 6.415E-19 6.354E-19 6.256E-19 6.228E-19 6.339E-19 6.325E-19 6.270E-19 6.276E-19 6.187E-19 6.141E-19
 6.134E-19 6.126E-19 6.168E-19 6.127E-19 6.093E-19 6.001E-19 6.069E-19 6.107E-19 5.969E-19 5.976E-19
 5.976E-19 5.943E-19 5.858E-19 5.826E-19 5.850E-19 5.790E-19 5.824E-19 5.865E-19 5.816E-19 5.834E-19
 5.824E-19 5.736E-19 5.620E-19 5.599E-19 5.647E-19 5.662E-19 5.637E-19 5.528E-19 5.389E-19 5.376E-19
 5.468E-19 5.433E-19 5.354E-19 5.305E-19 5.314E-19 5.332E-19 5.331E-19 5.318E-19 5.199E-19 5.127E-19
 5.144E-19 5.188E-19 5.242E-19 5.157E-19 5.064E-19 5.031E-19 5.057E-19 5.106E-19 5.019E-19 4.955E-19
 4.944E-19 5.012E-19 5.023E-19 4.989E-19 4.977E-19 4.904E-19 4.848E-19 4.781E-19 4.709E-19 4.727E-19
 4.700E-19 4.719E-19 4.749E-19 4.714E-19 4.688E-19 4.614E-19 4.633E-19 4.610E-19 4.554E-19 4.551E-19
 4.489E-19 4.532E-19 4.530E-19 4.426E-19 4.431E-19 4.364E-19 4.352E-19 4.297E-19 4.208E-19 4.223E-19
 4.252E-19 4.266E-19 4.234E-19 4.226E-19 4.242E-19 4.193E-19 4.127E-19 4.125E-19 4.175E-19 4.108E-19
 4.086E-19 4.071E-19 4.044E-19 4.057E-19 3.984E-19 3.962E-19 3.962E-19 3.930E-19 3.851E-19 3.824E-19
 3.846E-19 3.842E-19 3.826E-19 3.730E-19 3.611E-19 3.606E-19 3.590E-19 3.596E-19 3.636E-19 3.655E-19
 3.653E-19 3.587E-19 3.527E-19 3.572E-19 3.547E-19 3.446E-19 3.411E-19 3.412E-19 3.413E-19 3.393E-19
 3.378E-19 3.330E-19 3.306E-19 3.326E-19 3.377E-19 3.407E-19 3.352E-19 3.347E-19 3.336E-19 3.257E-19
 3.229E-19 3.217E-19 3.197E-19 3.188E-19 3.165E-19 3.149E-19 3.142E-19 3.099E-19 3.108E-19 3.062E-19
 2.969E-19 3.025E-19 3.050E-19 2.977E-19 2.927E-19 2.961E-19 2.971E-19 2.910E-19 2.778E-19 2.722E-19
 2.800E-19 2.872E-19 2.851E-19 2.807E-19 2.769E-19 2.735E-19 2.723E-19 2.699E-19 2.673E-19 2.666E-19
 2.681E-19 2.691E-19 2.661E-19 2.598E-19 2.598E-19 2.605E-19 2.581E-19 2.563E-19 2.567E-19 2.525E-19
 2.583E-19 2.580E-19 2.455E-19 2.442E-19 2.484E-19 2.415E-19 2.340E-19 2.327E-19 2.355E-19 2.410E-19
 2.345E-19 2.232E-19 2.247E-19 2.304E-19 2.314E-19 2.323E-19 2.272E-19 2.189E-19 2.204E-19 2.282E-19
 2.211E-19 2.117E-19 2.082E-19 2.104E-19 2.118E-19 2.050E-19 2.014E-19 2.022E-19 1.988E-19 1.978E-19
 1.972E-19 2.001E-19 2.075E-19 2.078E-19 2.011E-19 1.997E-19 1.988E-19 1.986E-19 1.976E-19 1.940E-19
 1.904E-19 1.869E-19 1.823E-19 1.772E-19 1.797E-19 1.775E-19 1.738E-19 1.811E-19 1.924E-19 1.917E-19
 1.832E-19 1.760E-19 1.715E-19 1.680E-19 1.672E-19 1.631E-19 1.605E-19 1.573E-19 1.568E-19 1.552E-19
 1.482E-19 1.473E-19 1.522E-19 1.549E-19 1.512E-19 1.534E-19 1.616E-19 1.629E-19 1.605E-19 1.621E-19
 1.623E-19 1.544E-19 1.496E-19 1.481E-19 1.430E-19 1.421E-19 1.454E-19 1.459E-19 1.474E-19 1.449E-19
 1.441E-19 1.457E-19 1.408E-19 1.383E-19 1.366E-19 1.375E-19 1.406E-19 1.430E-19 1.384E-19 1.265E-19
 1.216E-19 1.231E-19 1.228E-19 1.233E-19 1.239E-19 1.205E-19 1.187E-19 1.216E-19 1.224E-19 1.178E-19
 1.125E-19 1.099E-19 1.114E-19 1.128E-19 1.172E-19 1.205E-19 1.206E-19 1.193E-19 1.140E-19 1.107E-19
 1.078E-19 1.117E-19 1.189E-19 1.194E-19 1.151E-19 1.145E-19 1.154E-19 1.140E-19 1.108E-19 1.088E-19
 1.062E-19 1.021E-19 1.033E-19 1.026E-19 1.042E-19 1.044E-19 1.004E-19 9.804E-20 9.575E-20 9.289E-20
 8.853E-20 8.654E-20 8.620E-20 8.989E-20 9.615E-20 9.313E-20 8.477E-20 8.221E-20 8.400E-20 8.801E-20
 8.734E-20 8.550E-20 8.630E-20 8.430E-20 8.083E-20 8.055E-20 8.298E-20 8.504E-20 8.750E-20 8.845E-20
 8.523E-20 7.941E-20 7.701E-20 8.029E-20 8.362E-20 7.981E-20 7.049E-20 6.819E-20 7.106E-20 7.417E-20
 7.601E-20 8.125E-20 8.523E-20 8.237E-20 7.101E-20 6.613E-20 6.526E-20 6.269E-20 6.258E-20 6.722E-20
 6.860E-20 6.569E-20 6.472E-20 6.489E-20 6.274E-20 5.586E-20 5.673E-20 5.355E-20 4.990E-20 5.797E-20
 6.205E-20 5.756E-20 5.548E-20 5.794E-20 6.208E-20 6.269E-20 5.907E-20 5.630E-20 5.501E-20 5.719E-20
 5.702E-20 5.891E-20 6.668E-20 6.605E-20 6.382E-20 6.550E-20 6.678E-20 6.497E-20 6.208E-20 5.556E-20
 5.597E-20 5.285E-20 4.965E-20 5.394E-20 5.743E-20 5.736E-20 5.436E-20 5.050E-20 4.631E-20 4.717E-20
 4.860E-20 4.400E-20 4.352E-20 3.883E-20 4.371E-20 5.486E-20 5.380E-20 4.816E-20 5.154E-20 4.949E-20
 4.040E-20 4.253E-20 4.909E-20 4.685E-20 4.016E-20 4.313E-20 4.430E-20 4.127E-20 3.981E-20 3.682E-20
 3.840E-20 4.265E-20 4.671E-20 4.912E-20 4.720E-20 5.244E-20 5.176E-20 4.420E-20 4.062E-20 4.478E-20
 4.298E-20 4.013E-20 4.221E-20 4.757E-20 0.000E+00 0.000E+00 0.000E+00 0.000E+00 0.000E+00 0.000E+00
