   C2Cl2F4 1030.0110 1066.9930      2494  203.0000    0.0000 1.336E-18  NCAR    CFC-114
 3.721E-20 2.836E-20 2.243E-20 2.511E-20 2.728E-20 3.061E-20 3.082E-20 2.739E-20 2.723E-20 2.819E-20
 3.356E-20 3.218E-20 2.920E-20 2.926E-20 2.702E-20 2.261E-20 2.616E-20 3.298E-20 3.137E-20 2.872E-20
 2.759E-20 2.914E-20 3.169E-20 3.658E-20 3.592E-20 3.356E-20 3.231E-20 3.052E-20 2.793E-20 2.941E-20
 3.139E-20 3.057E-20 2.904E-20 3.343E-20 3.780E-20 3.544E-20 3.699E-20 3.196E-20 2.800E-20 2.790E-20
 2.566E-20 2.402E-20 2.356E-20 2.468E-20 2.413E-20 2.895E-20 3.486E-20 3.125E-20 3.137E-20 3.725E-20
 3.913E-20 3.929E-20 3.601E-20 3.188E-20 3.000E-20 3.395E-20 3.635E-20 3.253E-20 2.511E-20 2.362E-20
 2.740E-20 3.175E-20 3.149E-20 2.679E-20 2.833E-20 3.425E-20 3.726E-20 3.898E-20 3.576E-20 3.270E-20
 3.183E-20 2.853E-20 3.161E-20 3.663E-20 3.430E-20 3.312E-20 3.347E-20 3.867E-20 4.101E-20 3.376E-20
 3.299E-20 3.829E-20 3.538E-20 2.728E-20 2.359E-20 2.576E-20 2.632E-20 2.845E-20 2.653E-20 2.171E-20
 2.618E-20 3.295E-20 3.093E-20 2.755E-20 2.994E-20 3.149E-20 3.197E-20 3.137E-20 3.650E-20 3.495E-20
 3.202E-20 3.421E-20 3.193E-20 2.860E-20 2.903E-20 3.151E-20 3.681E-20 3.888E-20 3.897E-20 3.449E-20
 3.482E-20 4.001E-20 4.127E-20 4.134E-20 4.108E-20 3.723E-20 3.121E-20 2.859E-20 2.983E-20 2.941E-20
 2.883E-20 2.848E-20 2.966E-20 3.420E-20 3.253E-20 3.613E-20 4.202E-20 3.942E-20 3.249E-20 2.908E-20
 3.316E-20 3.516E-20 3.386E-20 3.328E-20 3.239E-20 3.607E-20 3.788E-20 2.983E-20 2.715E-20 3.160E-20
 3.321E-20 3.361E-20 3.693E-20 3.645E-20 3.296E-20 3.676E-20 4.188E-20 4.128E-20 4.025E-20 3.980E-20
 3.597E-20 3.470E-20 3.525E-20 3.528E-20 3.641E-20 3.395E-20 4.139E-20 4.405E-20 3.762E-20 3.752E-20
 3.955E-20 3.996E-20 4.207E-20 4.180E-20 4.187E-20 4.111E-20 3.541E-20 3.680E-20 4.153E-20 3.195E-20
 2.633E-20 2.737E-20 2.897E-20 3.645E-20 3.909E-20 3.770E-20 3.462E-20 3.402E-20 3.677E-20 3.732E-20
 3.968E-20 4.491E-20 4.137E-20 4.030E-20 3.911E-20 4.065E-20 4.050E-20 3.799E-20 3.909E-20 3.819E-20
 3.737E-20 3.647E-20 3.198E-20 3.355E-20 3.298E-20 3.216E-20 3.348E-20 3.679E-20 4.359E-20 4.880E-20
 4.786E-20 4.339E-20 4.036E-20 4.149E-20 4.416E-20 4.720E-20 5.068E-20 5.170E-20 4.817E-20 4.354E-20
 4.318E-20 4.414E-20 4.260E-20 3.597E-20 3.571E-20 3.982E-20 4.025E-20 3.634E-20 3.710E-20 3.947E-20
 4.045E-20 4.480E-20 4.529E-20 4.628E-20 4.361E-20 3.449E-20 3.177E-20 3.196E-20 3.647E-20 4.116E-20
 4.060E-20 4.235E-20 4.237E-20 3.815E-20 3.958E-20 4.771E-20 4.696E-20 4.129E-20 3.999E-20 3.609E-20
 3.291E-20 3.447E-20 3.436E-20 3.914E-20 4.658E-20 4.728E-20 4.887E-20 4.545E-20 3.774E-20 3.743E-20
 4.023E-20 3.680E-20 3.525E-20 3.592E-20 3.581E-20 4.416E-20 4.943E-20 4.201E-20 3.736E-20 3.694E-20
 4.045E-20 4.349E-20 4.398E-20 4.760E-20 4.819E-20 4.385E-20 4.273E-20 4.223E-20 4.210E-20 4.625E-20
 4.762E-20 4.315E-20 4.116E-20 4.394E-20 4.424E-20 4.400E-20 4.603E-20 4.776E-20 4.551E-20 4.289E-20
 4.292E-20 4.335E-20 4.085E-20 3.964E-20 3.946E-20 4.094E-20 4.524E-20 4.063E-20 3.547E-20 3.748E-20
 3.762E-20 3.960E-20 4.586E-20 4.378E-20 3.966E-20 4.342E-20 4.563E-20 4.517E-20 4.516E-20 4.515E-20
 4.894E-20 5.207E-20 5.176E-20 5.116E-20 5.334E-20 4.767E-20 4.408E-20 4.933E-20 4.742E-20 4.913E-20
 5.335E-20 5.149E-20 4.747E-20 4.719E-20 4.563E-20 4.646E-20 4.961E-20 5.450E-20 5.956E-20 5.875E-20
 5.108E-20 4.630E-20 4.797E-20 4.875E-20 5.073E-20 4.476E-20 4.119E-20 4.458E-20 5.099E-20 5.550E-20
 5.143E-20 4.520E-20 4.606E-20 4.755E-20 4.806E-20 4.841E-20 4.172E-20 4.107E-20 4.741E-20 4.991E-20
 4.854E-20 4.530E-20 4.584E-20 4.709E-20 4.507E-20 4.419E-20 4.679E-20 5.045E-20 4.763E-20 4.618E-20
 4.601E-20 5.150E-20 5.546E-20 5.056E-20 5.266E-20 5.588E-20 5.471E-20 5.689E-20 5.660E-20 5.447E-20
 4.690E-20 4.164E-20 4.953E-20 5.657E-20 5.008E-20 3.983E-20 4.511E-20 5.273E-20 4.679E-20 4.455E-20
 5.297E-20 5.408E-20 5.015E-20 4.884E-20 4.834E-20 5.015E-20 5.482E-20 5.431E-20 5.337E-20 5.611E-20
 5.598E-20 5.532E-20 5.902E-20 6.111E-20 5.999E-20 5.542E-20 5.395E-20 5.783E-20 6.093E-20 5.597E-20
 5.107E-20 5.505E-20 5.868E-20 5.918E-20 5.947E-20 6.424E-20 6.364E-20 5.845E-20 5.584E-20 5.735E-20
 5.877E-20 6.277E-20 6.195E-20 5.781E-20 5.881E-20 5.206E-20 5.034E-20 5.720E-20 5.966E-20 6.076E-20
 5.928E-20 5.953E-20 6.644E-20 6.924E-20 6.586E-20 6.518E-20 6.219E-20 6.115E-20 6.259E-20 5.734E-20
 5.138E-20 5.352E-20 5.780E-20 5.898E-20 6.155E-20 6.355E-20 6.284E-20 5.874E-20 5.521E-20 5.522E-20
 5.840E-20 6.268E-20 6.161E-20 6.011E-20 6.248E-20 6.295E-20 5.925E-20 6.132E-20 6.510E-20 6.648E-20
 7.022E-20 6.918E-20 6.472E-20 6.065E-20 6.287E-20 6.672E-20 7.134E-20 6.859E-20 6.272E-20 6.194E-20
 6.532E-20 6.550E-20 6.316E-20 6.220E-20 6.232E-20 6.103E-20 6.162E-20 6.345E-20 6.163E-20 6.369E-20
 6.768E-20 6.937E-20 6.774E-20 6.952E-20 6.835E-20 7.020E-20 6.917E-20 6.404E-20 6.436E-20 7.212E-20
 7.555E-20 7.069E-20 6.698E-20 6.690E-20 6.821E-20 6.819E-20 6.806E-20 7.214E-20 7.885E-20 7.524E-20
 6.782E-20 6.526E-20 6.633E-20 6.755E-20 6.303E-20 6.515E-20 6.996E-20 7.387E-20 7.337E-20 7.084E-20
 7.145E-20 7.204E-20 7.426E-20 7.173E-20 7.491E-20 7.993E-20 7.529E-20 7.279E-20 7.510E-20 7.815E-20
 7.902E-20 7.396E-20 6.876E-20 7.147E-20 7.931E-20 7.790E-20 7.910E-20 7.998E-20 7.705E-20 7.051E-20
 7.309E-20 7.766E-20 7.684E-20 7.698E-20 7.338E-20 7.125E-20 7.061E-20 7.145E-20 7.891E-20 8.232E-20
 7.689E-20 7.465E-20 7.711E-20 8.200E-20 7.937E-20 7.876E-20 8.275E-20 8.083E-20 7.455E-20 7.566E-20
 8.038E-20 8.323E-20 8.740E-20 8.113E-20 7.306E-20 7.501E-20 8.175E-20 8.085E-20 7.970E-20 8.282E-20
 8.497E-20 8.883E-20 8.450E-20 7.935E-20 8.321E-20 8.110E-20 7.544E-20 7.998E-20 8.184E-20 8.034E-20
 8.204E-20 8.309E-20 8.460E-20 8.466E-20 8.642E-20 8.937E-20 8.747E-20 8.317E-20 8.109E-20 8.140E-20
 8.383E-20 8.784E-20 8.562E-20 8.667E-20 8.906E-20 8.498E-20 8.715E-20 9.221E-20 9.295E-20 8.916E-20
 9.061E-20 8.988E-20 8.749E-20 9.243E-20 9.291E-20 9.485E-20 9.586E-20 9.481E-20 9.614E-20 9.652E-20
 9.983E-20 1.000E-19 9.674E-20 9.278E-20 8.796E-20 9.013E-20 9.538E-20 9.738E-20 9.347E-20 9.367E-20
 9.491E-20 9.214E-20 9.095E-20 9.242E-20 9.161E-20 9.224E-20 9.376E-20 1.016E-19 1.064E-19 1.047E-19
 1.030E-19 1.033E-19 1.048E-19 1.029E-19 1.005E-19 9.763E-20 9.799E-20 1.001E-19 1.022E-19 1.002E-19
 1.017E-19 1.102E-19 1.089E-19 1.036E-19 1.016E-19 1.007E-19 9.988E-20 1.000E-19 9.962E-20 9.798E-20
 1.029E-19 1.075E-19 1.101E-19 1.127E-19 1.156E-19 1.153E-19 1.149E-19 1.144E-19 1.107E-19 1.094E-19
 1.082E-19 1.146E-19 1.209E-19 1.205E-19 1.160E-19 1.163E-19 1.146E-19 1.086E-19 1.086E-19 1.087E-19
 1.110E-19 1.142E-19 1.204E-19 1.225E-19 1.212E-19 1.186E-19 1.165E-19 1.154E-19 1.157E-19 1.140E-19
 1.197E-19 1.244E-19 1.279E-19 1.307E-19 1.306E-19 1.266E-19 1.237E-19 1.269E-19 1.281E-19 1.329E-19
 1.317E-19 1.236E-19 1.242E-19 1.293E-19 1.307E-19 1.289E-19 1.234E-19 1.226E-19 1.295E-19 1.293E-19
 1.278E-19 1.283E-19 1.261E-19 1.283E-19 1.269E-19 1.235E-19 1.242E-19 1.242E-19 1.261E-19 1.275E-19
 1.269E-19 1.283E-19 1.286E-19 1.276E-19 1.253E-19 1.218E-19 1.211E-19 1.275E-19 1.337E-19 1.333E-19
 1.324E-19 1.329E-19 1.313E-19 1.301E-19 1.339E-19 1.376E-19 1.376E-19 1.383E-19 1.391E-19 1.413E-19
 1.437E-19 1.450E-19 1.435E-19 1.431E-19 1.466E-19 1.468E-19 1.480E-19 1.521E-19 1.522E-19 1.463E-19
 1.433E-19 1.510E-19 1.508E-19 1.444E-19 1.485E-19 1.517E-19 1.515E-19 1.532E-19 1.479E-19 1.437E-19
 1.442E-19 1.438E-19 1.428E-19 1.446E-19 1.449E-19 1.469E-19 1.558E-19 1.589E-19 1.598E-19 1.628E-19
 1.611E-19 1.573E-19 1.535E-19 1.511E-19 1.580E-19 1.585E-19 1.570E-19 1.647E-19 1.664E-19 1.646E-19
 1.636E-19 1.612E-19 1.580E-19 1.611E-19 1.632E-19 1.608E-19 1.629E-19 1.706E-19 1.770E-19 1.788E-19
 1.710E-19 1.647E-19 1.666E-19 1.710E-19 1.714E-19 1.721E-19 1.708E-19 1.701E-19 1.769E-19 1.759E-19
 1.726E-19 1.744E-19 1.801E-19 1.816E-19 1.826E-19 1.889E-19 1.896E-19 1.865E-19 1.862E-19 1.879E-19
 1.886E-19 1.877E-19 1.862E-19 1.889E-19 1.889E-19 1.863E-19 1.893E-19 1.919E-19 1.929E-19 1.917E-19
 1.931E-19 1.990E-19 2.044E-19 2.022E-19 2.011E-19 2.032E-19 1.986E-19 1.952E-19 1.967E-19 2.004E-19
 2.052E-19 2.088E-19 2.040E-19 2.048E-19 2.098E-19 2.089E-19 2.075E-19 2.059E-19 2.085E-19 2.121E-19
 2.114E-19 2.106E-19 2.168E-19 2.239E-19 2.272E-19 2.276E-19 2.294E-19 2.298E-19 2.254E-19 2.200E-19
 2.254E-19 2.283E-19 2.249E-19 2.254E-19 2.254E-19 2.225E-19 2.255E-19 2.333E-19 2.341E-19 2.369E-19
 2.391E-19 2.336E-19 2.339E-19 2.343E-19 2.322E-19 2.355E-19 2.358E-19 2.377E-19 2.407E-19 2.428E-19
 2.477E-19 2.467E-19 2.425E-19 2.437E-19 2.461E-19 2.481E-19 2.534E-19 2.563E-19 2.609E-19 2.642E-19
 2.626E-19 2.582E-19 2.538E-19 2.549E-19 2.622E-19 2.655E-19 2.632E-19 2.659E-19 2.668E-19 2.599E-19
 2.638E-19 2.732E-19 2.718E-19 2.654E-19 2.687E-19 2.769E-19 2.810E-19 2.803E-19 2.778E-19 2.800E-19
 2.796E-19 2.810E-19 2.849E-19 2.893E-19 2.956E-19 2.986E-19 2.922E-19 2.908E-19 2.933E-19 2.999E-19
 3.000E-19 2.946E-19 2.955E-19 2.964E-19 2.966E-19 2.993E-19 3.012E-19 2.996E-19 2.984E-19 3.022E-19
 3.025E-19 3.033E-19 3.082E-19 3.103E-19 3.155E-19 3.192E-19 3.183E-19 3.177E-19 3.178E-19 3.149E-19
 3.110E-19 3.157E-19 3.229E-19 3.275E-19 3.283E-19 3.295E-19 3.307E-19 3.282E-19 3.288E-19 3.306E-19
 3.333E-19 3.346E-19 3.321E-19 3.348E-19 3.342E-19 3.332E-19 3.337E-19 3.374E-19 3.407E-19 3.371E-19
 3.381E-19 3.408E-19 3.445E-19 3.501E-19 3.536E-19 3.559E-19 3.562E-19 3.523E-19 3.513E-19 3.547E-19
 3.614E-19 3.638E-19 3.622E-19 3.592E-19 3.585E-19 3.587E-19 3.574E-19 3.633E-19 3.663E-19 3.653E-19
 3.756E-19 3.761E-19 3.741E-19 3.767E-19 3.760E-19 3.762E-19 3.758E-19 3.745E-19 3.762E-19 3.815E-19
 3.849E-19 3.834E-19 3.809E-19 3.852E-19 3.972E-19 4.036E-19 3.999E-19 3.918E-19 3.957E-19 4.053E-19
 4.054E-19 4.022E-19 4.031E-19 4.013E-19 3.994E-19 4.091E-19 4.163E-19 4.168E-19 4.178E-19 4.169E-19
 4.146E-19 4.111E-19 4.204E-19 4.302E-19 4.256E-19 4.199E-19 4.216E-19 4.288E-19 4.275E-19 4.282E-19
 4.281E-19 4.262E-19 4.270E-19 4.325E-19 4.331E-19 4.321E-19 4.355E-19 4.370E-19 4.419E-19 4.457E-19
 4.411E-19 4.381E-19 4.379E-19 4.421E-19 4.499E-19 4.505E-19 4.471E-19 4.516E-19 4.533E-19 4.519E-19
 4.559E-19 4.610E-19 4.611E-19 4.604E-19 4.602E-19 4.628E-19 4.689E-19 4.709E-19 4.710E-19 4.712E-19
 4.715E-19 4.707E-19 4.716E-19 4.718E-19 4.765E-19 4.736E-19 4.696E-19 4.703E-19 4.796E-19 4.850E-19
 4.831E-19 4.868E-19 4.885E-19 4.882E-19 4.890E-19 4.869E-19 4.824E-19 4.872E-19 4.961E-19 4.941E-19
 4.928E-19 5.014E-19 5.066E-19 5.096E-19 5.094E-19 5.096E-19 5.193E-19 5.194E-19 5.101E-19 5.137E-19
 5.207E-19 5.171E-19 5.204E-19 5.286E-19 5.285E-19 5.293E-19 5.252E-19 5.237E-19 5.267E-19 5.311E-19
 5.309E-19 5.343E-19 5.400E-19 5.338E-19 5.357E-19 5.380E-19 5.448E-19 5.522E-19 5.475E-19 5.441E-19
 5.459E-19 5.499E-19 5.506E-19 5.558E-19 5.580E-19 5.540E-19 5.503E-19 5.527E-19 5.644E-19 5.685E-19
 5.659E-19 5.671E-19 5.620E-19 5.642E-19 5.701E-19 5.664E-19 5.670E-19 5.761E-19 5.737E-19 5.738E-19
 5.861E-19 5.926E-19 5.871E-19 5.896E-19 5.870E-19 5.776E-19 5.792E-19 5.803E-19 5.941E-19 6.018E-19
 6.056E-19 6.057E-19 6.010E-19 5.950E-19 5.950E-19 6.044E-19 6.066E-19 6.032E-19 6.034E-19 5.990E-19
 5.957E-19 6.056E-19 6.130E-19 6.075E-19 6.079E-19 6.170E-19 6.187E-19 6.247E-19 6.248E-19 6.168E-19
 6.201E-19 6.224E-19 6.138E-19 6.178E-19 6.356E-19 6.410E-19 6.399E-19 6.400E-19 6.344E-19 6.327E-19
 6.395E-19 6.434E-19 6.421E-19 6.429E-19 6.472E-19 6.505E-19 6.625E-19 6.604E-19 6.543E-19 6.546E-19
 6.519E-19 6.590E-19 6.677E-19 6.677E-19 6.638E-19 6.613E-19 6.625E-19 6.619E-19 6.569E-19 6.592E-19
 6.651E-19 6.686E-19 6.712E-19 6.727E-19 6.678E-19 6.686E-19 6.722E-19 6.666E-19 6.675E-19 6.780E-19
 6.816E-19 6.809E-19 6.791E-19 6.798E-19 6.773E-19 6.747E-19 6.790E-19 6.879E-19 6.955E-19 6.953E-19
 6.870E-19 6.778E-19 6.845E-19 6.942E-19 6.964E-19 6.916E-19 6.932E-19 6.989E-19 6.954E-19 6.970E-19
 7.016E-19 7.091E-19 7.111E-19 7.042E-19 7.043E-19 7.112E-19 7.117E-19 7.156E-19 7.217E-19 7.155E-19
 7.165E-19 7.228E-19 7.201E-19 7.198E-19 7.192E-19 7.135E-19 7.158E-19 7.249E-19 7.300E-19 7.298E-19
 7.340E-19 7.331E-19 7.239E-19 7.306E-19 7.365E-19 7.282E-19 7.316E-19 7.340E-19 7.323E-19 7.420E-19
 7.419E-19 7.431E-19 7.523E-19 7.470E-19 7.465E-19 7.511E-19 7.427E-19 7.413E-19 7.547E-19 7.604E-19
 7.560E-19 7.599E-19 7.636E-19 7.592E-19 7.656E-19 7.679E-19 7.544E-19 7.586E-19 7.733E-19 7.726E-19
 7.738E-19 7.739E-19 7.692E-19 7.732E-19 7.819E-19 7.826E-19 7.746E-19 7.701E-19 7.722E-19 7.751E-19
 7.705E-19 7.724E-19 7.772E-19 7.780E-19 7.783E-19 7.747E-19 7.773E-19 7.880E-19 7.888E-19 7.899E-19
 7.917E-19 7.867E-19 7.777E-19 7.864E-19 8.005E-19 8.015E-19 8.024E-19 7.984E-19 7.996E-19 8.035E-19
 8.035E-19 8.039E-19 8.010E-19 7.930E-19 8.001E-19 8.101E-19 8.064E-19 8.036E-19 8.059E-19 8.053E-19
 8.128E-19 8.142E-19 8.083E-19 8.139E-19 8.234E-19 8.192E-19 8.189E-19 8.204E-19 8.132E-19 8.101E-19
 8.122E-19 8.120E-19 8.127E-19 8.204E-19 8.263E-19 8.209E-19 8.176E-19 8.158E-19 8.186E-19 8.224E-19
 8.209E-19 8.299E-19 8.325E-19 8.261E-19 8.225E-19 8.258E-19 8.349E-19 8.374E-19 8.405E-19 8.385E-19
 8.330E-19 8.392E-19 8.436E-19 8.369E-19 8.434E-19 8.555E-19 8.479E-19 8.471E-19 8.501E-19 8.493E-19
 8.579E-19 8.576E-19 8.431E-19 8.382E-19 8.435E-19 8.515E-19 8.638E-19 8.737E-19 8.669E-19 8.605E-19
 8.582E-19 8.571E-19 8.605E-19 8.573E-19 8.544E-19 8.663E-19 8.713E-19 8.674E-19 8.690E-19 8.690E-19
 8.679E-19 8.744E-19 8.796E-19 8.771E-19 8.753E-19 8.670E-19 8.652E-19 8.813E-19 8.854E-19 8.754E-19
 8.713E-19 8.732E-19 8.739E-19 8.829E-19 8.970E-19 9.018E-19 8.992E-19 8.946E-19 8.903E-19 8.868E-19
 8.920E-19 8.918E-19 8.847E-19 8.863E-19 8.902E-19 8.927E-19 9.020E-19 9.113E-19 9.081E-19 9.110E-19
 9.081E-19 9.087E-19 9.080E-19 9.043E-19 9.086E-19 9.116E-19 9.190E-19 9.214E-19 9.235E-19 9.188E-19
 9.140E-19 9.209E-19 9.212E-19 9.263E-19 9.362E-19 9.397E-19 9.376E-19 9.308E-19 9.299E-19 9.291E-19
 9.370E-19 9.452E-19 9.288E-19 9.271E-19 9.445E-19 9.562E-19 9.522E-19 9.454E-19 9.472E-19 9.568E-19
 9.665E-19 9.644E-19 9.692E-19 9.749E-19 9.632E-19 9.545E-19 9.592E-19 9.567E-19 9.574E-19 9.658E-19
 9.658E-19 9.688E-19 9.699E-19 9.639E-19 9.819E-19 9.865E-19 9.757E-19 9.794E-19 9.888E-19 9.843E-19
 9.853E-19 1.002E-18 9.961E-19 1.002E-18 1.003E-18 9.865E-19 9.857E-19 9.912E-19 9.967E-19 1.001E-18
 1.000E-18 9.953E-19 1.007E-18 1.009E-18 1.010E-18 1.013E-18 1.012E-18 1.014E-18 1.018E-18 1.011E-18
 1.009E-18 1.025E-18 1.026E-18 1.019E-18 1.023E-18 1.019E-18 1.015E-18 1.028E-18 1.034E-18 1.032E-18
 1.033E-18 1.029E-18 1.037E-18 1.050E-18 1.046E-18 1.036E-18 1.037E-18 1.044E-18 1.039E-18 1.043E-18
 1.049E-18 1.050E-18 1.057E-18 1.064E-18 1.068E-18 1.070E-18 1.067E-18 1.068E-18 1.079E-18 1.079E-18
 1.076E-18 1.081E-18 1.080E-18 1.068E-18 1.063E-18 1.070E-18 1.082E-18 1.090E-18 1.090E-18 1.099E-18
 1.102E-18 1.102E-18 1.101E-18 1.099E-18 1.093E-18 1.095E-18 1.098E-18 1.102E-18 1.106E-18 1.103E-18
 1.100E-18 1.105E-18 1.116E-18 1.121E-18 1.124E-18 1.122E-18 1.106E-18 1.105E-18 1.112E-18 1.121E-18
 1.131E-18 1.127E-18 1.124E-18 1.137E-18 1.149E-18 1.143E-18 1.141E-18 1.151E-18 1.165E-18 1.165E-18
 1.146E-18 1.139E-18 1.143E-18 1.156E-18 1.169E-18 1.162E-18 1.156E-18 1.166E-18 1.181E-18 1.183E-18
 1.175E-18 1.176E-18 1.173E-18 1.174E-18 1.177E-18 1.177E-18 1.178E-18 1.181E-18 1.184E-18 1.189E-18
 1.200E-18 1.204E-18 1.198E-18 1.199E-18 1.202E-18 1.205E-18 1.212E-18 1.213E-18 1.215E-18 1.216E-18
 1.208E-18 1.210E-18 1.213E-18 1.210E-18 1.211E-18 1.206E-18 1.199E-18 1.219E-18 1.231E-18 1.223E-18
 1.225E-18 1.223E-18 1.224E-18 1.223E-18 1.226E-18 1.247E-18 1.249E-18 1.239E-18 1.236E-18 1.236E-18
 1.246E-18 1.252E-18 1.246E-18 1.239E-18 1.234E-18 1.244E-18 1.255E-18 1.253E-18 1.257E-18 1.266E-18
 1.261E-18 1.241E-18 1.262E-18 1.290E-18 1.287E-18 1.271E-18 1.268E-18 1.276E-18 1.279E-18 1.278E-18
 1.288E-18 1.294E-18 1.295E-18 1.290E-18 1.276E-18 1.268E-18 1.278E-18 1.289E-18 1.299E-18 1.307E-18
 1.308E-18 1.301E-18 1.305E-18 1.292E-18 1.278E-18 1.288E-18 1.287E-18 1.271E-18 1.275E-18 1.293E-18
 1.285E-18 1.265E-18 1.268E-18 1.286E-18 1.277E-18 1.259E-18 1.267E-18 1.295E-18 1.300E-18 1.280E-18
 1.260E-18 1.266E-18 1.287E-18 1.287E-18 1.290E-18 1.292E-18 1.281E-18 1.287E-18 1.295E-18 1.295E-18
 1.303E-18 1.314E-18 1.321E-18 1.318E-18 1.313E-18 1.312E-18 1.321E-18 1.332E-18 1.329E-18 1.318E-18
 1.320E-18 1.331E-18 1.329E-18 1.323E-18 1.321E-18 1.336E-18 1.328E-18 1.314E-18 1.320E-18 1.335E-18
 1.326E-18 1.308E-18 1.306E-18 1.325E-18 1.336E-18 1.336E-18 1.333E-18 1.320E-18 1.324E-18 1.316E-18
 1.303E-18 1.313E-18 1.316E-18 1.325E-18 1.325E-18 1.307E-18 1.310E-18 1.329E-18 1.319E-18 1.305E-18
 1.314E-18 1.315E-18 1.298E-18 1.289E-18 1.283E-18 1.277E-18 1.277E-18 1.286E-18 1.296E-18 1.294E-18
 1.285E-18 1.281E-18 1.293E-18 1.291E-18 1.282E-18 1.283E-18 1.291E-18 1.287E-18 1.298E-18 1.321E-18
 1.327E-18 1.335E-18 1.333E-18 1.319E-18 1.318E-18 1.303E-18 1.293E-18 1.290E-18 1.281E-18 1.276E-18
 1.290E-18 1.289E-18 1.287E-18 1.320E-18 1.332E-18 1.314E-18 1.308E-18 1.307E-18 1.307E-18 1.316E-18
 1.321E-18 1.314E-18 1.305E-18 1.308E-18 1.297E-18 1.277E-18 1.287E-18 1.295E-18 1.278E-18 1.274E-18
 1.280E-18 1.274E-18 1.279E-18 1.283E-18 1.269E-18 1.257E-18 1.252E-18 1.248E-18 1.247E-18 1.242E-18
 1.238E-18 1.231E-18 1.224E-18 1.217E-18 1.215E-18 1.198E-18 1.181E-18 1.181E-18 1.170E-18 1.172E-18
 1.170E-18 1.164E-18 1.173E-18 1.168E-18 1.165E-18 1.176E-18 1.173E-18 1.159E-18 1.157E-18 1.147E-18
 1.129E-18 1.122E-18 1.121E-18 1.130E-18 1.145E-18 1.148E-18 1.144E-18 1.156E-18 1.173E-18 1.179E-18
 1.173E-18 1.179E-18 1.193E-18 1.194E-18 1.191E-18 1.183E-18 1.183E-18 1.176E-18 1.166E-18 1.166E-18
 1.167E-18 1.161E-18 1.161E-18 1.166E-18 1.172E-18 1.174E-18 1.172E-18 1.168E-18 1.152E-18 1.138E-18
 1.125E-18 1.130E-18 1.132E-18 1.128E-18 1.117E-18 1.112E-18 1.108E-18 1.097E-18 1.090E-18 1.090E-18
 1.082E-18 1.076E-18 1.077E-18 1.063E-18 1.046E-18 1.035E-18 1.029E-18 1.025E-18 1.030E-18 1.025E-18
 1.009E-18 1.010E-18 1.008E-18 9.945E-19 9.850E-19 9.783E-19 9.739E-19 9.601E-19 9.569E-19 9.596E-19
 9.510E-19 9.468E-19 9.453E-19 9.374E-19 9.360E-19 9.319E-19 9.222E-19 9.138E-19 9.096E-19 9.141E-19
 9.031E-19 8.922E-19 8.934E-19 8.936E-19 8.909E-19 8.868E-19 8.880E-19 8.965E-19 8.851E-19 8.691E-19
 8.686E-19 8.693E-19 8.740E-19 8.753E-19 8.671E-19 8.612E-19 8.655E-19 8.696E-19 8.657E-19 8.529E-19
 8.333E-19 8.349E-19 8.410E-19 8.374E-19 8.363E-19 8.325E-19 8.325E-19 8.323E-19 8.240E-19 8.271E-19
 8.288E-19 8.181E-19 8.145E-19 8.079E-19 8.108E-19 8.206E-19 8.231E-19 8.191E-19 8.241E-19 8.331E-19
 8.318E-19 8.302E-19 8.292E-19 8.215E-19 8.194E-19 8.267E-19 8.350E-19 8.309E-19 8.331E-19 8.345E-19
 8.294E-19 8.258E-19 8.220E-19 8.251E-19 8.321E-19 8.270E-19 8.300E-19 8.341E-19 8.292E-19 8.291E-19
 8.183E-19 8.125E-19 8.182E-19 8.176E-19 8.195E-19 8.269E-19 8.283E-19 8.241E-19 8.216E-19 8.189E-19
 8.147E-19 8.202E-19 8.286E-19 8.290E-19 8.313E-19 8.405E-19 8.492E-19 8.514E-19 8.434E-19 8.493E-19
 8.490E-19 8.423E-19 8.444E-19 8.464E-19 8.419E-19 8.369E-19 8.387E-19 8.379E-19 8.297E-19 8.295E-19
 8.352E-19 8.341E-19 8.439E-19 8.467E-19 8.386E-19 8.406E-19 8.494E-19 8.492E-19 8.486E-19 8.460E-19
 8.451E-19 8.476E-19 8.441E-19 8.438E-19 8.500E-19 8.534E-19 8.454E-19 8.283E-19 8.280E-19 8.440E-19
 8.477E-19 8.560E-19 8.620E-19 8.545E-19 8.534E-19 8.575E-19 8.636E-19 8.647E-19 8.595E-19 8.630E-19
 8.657E-19 8.639E-19 8.625E-19 8.673E-19 8.720E-19 8.625E-19 8.609E-19 8.580E-19 8.636E-19 8.747E-19
 8.712E-19 8.649E-19 8.543E-19 8.528E-19 8.552E-19 8.501E-19 8.479E-19 8.496E-19 8.384E-19 8.492E-19
 8.668E-19 8.687E-19 8.629E-19 8.559E-19 8.544E-19 8.557E-19 8.555E-19 8.571E-19 8.544E-19 8.554E-19
 8.584E-19 8.583E-19 8.664E-19 8.643E-19 8.572E-19 8.453E-19 8.501E-19 8.660E-19 8.701E-19 8.635E-19
 8.523E-19 8.490E-19 8.565E-19 8.556E-19 8.581E-19 8.589E-19 8.509E-19 8.485E-19 8.434E-19 8.432E-19
 8.451E-19 8.450E-19 8.531E-19 8.474E-19 8.396E-19 8.383E-19 8.359E-19 8.406E-19 8.331E-19 8.308E-19
 8.391E-19 8.348E-19 8.311E-19 8.302E-19 8.249E-19 8.251E-19 8.223E-19 8.312E-19 8.308E-19 8.184E-19
 8.325E-19 8.349E-19 8.273E-19 8.285E-19 8.260E-19 8.343E-19 8.345E-19 8.254E-19 8.184E-19 8.112E-19
 8.170E-19 8.254E-19 8.218E-19 8.225E-19 8.136E-19 8.142E-19 8.228E-19 8.184E-19 8.103E-19 8.006E-19
 7.976E-19 7.997E-19 7.961E-19 7.917E-19 7.902E-19 7.909E-19 7.928E-19 7.820E-19 7.870E-19 7.972E-19
 7.886E-19 7.832E-19 7.798E-19 7.774E-19 7.802E-19 7.773E-19 7.798E-19 7.785E-19 7.774E-19 7.745E-19
 7.611E-19 7.603E-19 7.596E-19 7.593E-19 7.655E-19 7.670E-19 7.655E-19 7.595E-19 7.462E-19 7.459E-19
 7.468E-19 7.446E-19 7.465E-19 7.387E-19 7.368E-19 7.351E-19 7.309E-19 7.305E-19 7.306E-19 7.360E-19
 7.367E-19 7.285E-19 7.230E-19 7.117E-19 7.097E-19 7.132E-19 7.281E-19 7.332E-19 7.234E-19 7.131E-19
 7.071E-19 7.043E-19 7.073E-19 7.088E-19 7.043E-19 6.950E-19 6.931E-19 6.892E-19 6.843E-19 6.842E-19
 6.831E-19 6.847E-19 6.860E-19 6.887E-19 6.792E-19 6.652E-19 6.638E-19 6.690E-19 6.630E-19 6.595E-19
 6.518E-19 6.599E-19 6.646E-19 6.574E-19 6.588E-19 6.589E-19 6.506E-19 6.424E-19 6.429E-19 6.434E-19
 6.360E-19 6.296E-19 6.269E-19 6.289E-19 6.289E-19 6.184E-19 6.153E-19 6.135E-19 6.077E-19 6.146E-19
 6.156E-19 6.170E-19 6.202E-19 6.204E-19 6.172E-19 6.085E-19 6.083E-19 6.036E-19 5.927E-19 5.914E-19
 5.904E-19 5.908E-19 5.808E-19 5.740E-19 5.750E-19 5.786E-19 5.897E-19 5.848E-19 5.691E-19 5.657E-19
 5.683E-19 5.681E-19 5.614E-19 5.587E-19 5.579E-19 5.518E-19 5.506E-19 5.470E-19 5.409E-19 5.391E-19
 5.376E-19 5.337E-19 5.318E-19 5.310E-19 5.311E-19 5.233E-19 5.131E-19 5.127E-19 5.137E-19 5.193E-19
 5.222E-19 5.168E-19 5.170E-19 5.108E-19 5.093E-19 5.057E-19 5.069E-19 5.096E-19 5.009E-19 4.956E-19
 4.911E-19 4.925E-19 4.891E-19 4.834E-19 4.847E-19 4.820E-19 4.783E-19 4.731E-19 4.678E-19 4.692E-19
 4.664E-19 4.654E-19 4.681E-19 4.613E-19 4.564E-19 4.477E-19 4.493E-19 4.467E-19 4.414E-19 4.406E-19
 4.387E-19 4.450E-19 4.443E-19 4.366E-19 4.332E-19 4.274E-19 4.195E-19 4.055E-19 4.085E-19 4.149E-19
 4.127E-19 4.202E-19 4.127E-19 4.057E-19 4.098E-19 4.144E-19 4.099E-19 4.072E-19 4.121E-19 4.129E-19
 4.074E-19 3.996E-19 3.941E-19 3.953E-19 3.933E-19 3.908E-19 3.914E-19 3.888E-19 3.879E-19 3.823E-19
 3.769E-19 3.701E-19 3.657E-19 3.643E-19 3.558E-19 3.572E-19 3.582E-19 3.549E-19 3.544E-19 3.535E-19
 3.586E-19 3.572E-19 3.480E-19 3.476E-19 3.454E-19 3.350E-19 3.379E-19 3.430E-19 3.384E-19 3.344E-19
 3.335E-19 3.333E-19 3.333E-19 3.315E-19 3.272E-19 3.238E-19 3.182E-19 3.166E-19 3.140E-19 3.112E-19
 3.125E-19 3.109E-19 3.103E-19 3.137E-19 3.154E-19 3.122E-19 3.097E-19 3.025E-19 2.950E-19 2.940E-19
 2.959E-19 2.964E-19 2.915E-19 2.848E-19 2.795E-19 2.789E-19 2.759E-19 2.733E-19 2.782E-19 2.723E-19
 2.620E-19 2.661E-19 2.695E-19 2.639E-19 2.641E-19 2.639E-19 2.586E-19 2.578E-19 2.541E-19 2.551E-19
 2.533E-19 2.552E-19 2.598E-19 2.602E-19 2.627E-19 2.634E-19 2.574E-19 2.500E-19 2.447E-19 2.429E-19
 2.451E-19 2.420E-19 2.427E-19 2.382E-19 2.297E-19 2.297E-19 2.307E-19 2.236E-19 2.188E-19 2.232E-19
 2.247E-19 2.281E-19 2.316E-19 2.293E-19 2.318E-19 2.243E-19 2.068E-19 2.014E-19 2.058E-19 2.098E-19
 2.109E-19 2.085E-19 2.084E-19 2.072E-19 2.016E-19 1.935E-19 1.904E-19 2.006E-19 2.017E-19 1.946E-19
 1.892E-19 1.933E-19 1.934E-19 1.883E-19 1.885E-19 1.886E-19 1.833E-19 1.835E-19 1.876E-19 1.893E-19
 1.880E-19 1.769E-19 1.720E-19 1.750E-19 1.745E-19 1.719E-19 1.683E-19 1.674E-19 1.706E-19 1.686E-19
 1.600E-19 1.583E-19 1.670E-19 1.628E-19 1.525E-19 1.490E-19 1.495E-19 1.552E-19 1.609E-19 1.573E-19
 1.522E-19 1.458E-19 1.424E-19 1.437E-19 1.455E-19 1.536E-19 1.559E-19 1.493E-19 1.494E-19 1.532E-19
 1.502E-19 1.473E-19 1.485E-19 1.496E-19 1.523E-19 1.449E-19 1.370E-19 1.367E-19 1.371E-19 1.362E-19
 1.352E-19 1.352E-19 1.327E-19 1.341E-19 1.388E-19 1.329E-19 1.283E-19 1.273E-19 1.226E-19 1.207E-19
 1.180E-19 1.171E-19 1.206E-19 1.174E-19 1.131E-19 1.145E-19 1.142E-19 1.098E-19 1.060E-19 1.055E-19
 1.082E-19 1.104E-19 1.126E-19 1.172E-19 1.192E-19 1.180E-19 1.164E-19 1.131E-19 1.111E-19 1.111E-19
 1.103E-19 1.086E-19 1.078E-19 1.036E-19 1.039E-19 1.063E-19 1.063E-19 1.071E-19 1.084E-19 1.049E-19
 1.028E-19 1.026E-19 9.293E-20 8.804E-20 9.267E-20 9.267E-20 8.959E-20 9.014E-20 8.518E-20 8.380E-20
 8.975E-20 8.936E-20 8.540E-20 8.692E-20 8.509E-20 8.233E-20 8.279E-20 8.278E-20 8.380E-20 8.353E-20
 7.901E-20 7.533E-20 7.603E-20 7.940E-20 8.040E-20 7.723E-20 6.813E-20 6.903E-20 7.319E-20 7.285E-20
 7.095E-20 7.473E-20 7.904E-20 7.647E-20 6.992E-20 7.211E-20 7.283E-20 7.196E-20 7.249E-20 7.301E-20
 7.500E-20 7.354E-20 7.027E-20 7.141E-20 7.532E-20 7.150E-20 6.366E-20 6.325E-20 6.742E-20 6.617E-20
 6.521E-20 6.158E-20 5.177E-20 5.111E-20 5.903E-20 5.932E-20 5.837E-20 6.276E-20 6.568E-20 6.175E-20
 5.760E-20 5.302E-20 5.448E-20 5.423E-20 4.809E-20 4.957E-20 5.493E-20 5.793E-20 6.089E-20 6.190E-20
 6.140E-20 5.502E-20 5.034E-20 5.195E-20 5.730E-20 6.018E-20 6.318E-20 6.203E-20 5.498E-20 5.114E-20
 4.789E-20 4.820E-20 5.125E-20 4.829E-20 4.760E-20 5.000E-20 4.473E-20 4.159E-20 4.713E-20 5.000E-20
 4.272E-20 3.653E-20 3.409E-20 3.464E-20 3.723E-20 3.967E-20 4.341E-20 4.707E-20 4.886E-20 4.796E-20
 4.615E-20 4.173E-20 3.881E-20 3.785E-20 4.039E-20 4.088E-20 4.426E-20 4.684E-20 4.555E-20 4.415E-20
 4.096E-20 4.091E-20 4.142E-20 4.301E-20 4.016E-20 3.843E-20 3.951E-20 3.763E-20 3.691E-20 3.755E-20
 3.524E-20 3.866E-20 4.476E-20 4.598E-20 0.000E+00 0.000E+00 0.000E+00 0.000E+00 0.000E+00 0.000E+00
