   C2Cl2F4 1030.0110 1066.9930      2494  233.0000    0.0000 1.329E-18  NCAR    CFC-114
 3.083E-20 3.388E-20 3.480E-20 3.094E-20 3.016E-20 3.505E-20 3.406E-20 3.340E-20 3.333E-20 3.423E-20
 3.055E-20 2.831E-20 2.927E-20 2.684E-20 2.791E-20 3.429E-20 3.822E-20 3.340E-20 3.341E-20 3.491E-20
 3.255E-20 3.323E-20 3.561E-20 3.367E-20 3.279E-20 3.798E-20 3.803E-20 3.533E-20 3.541E-20 2.987E-20
 3.058E-20 3.146E-20 2.747E-20 2.909E-20 3.295E-20 3.327E-20 2.916E-20 3.055E-20 3.066E-20 2.744E-20
 3.069E-20 3.467E-20 3.734E-20 3.852E-20 3.728E-20 4.017E-20 3.940E-20 3.623E-20 3.796E-20 4.105E-20
 3.827E-20 3.557E-20 3.608E-20 3.173E-20 2.956E-20 3.399E-20 4.192E-20 4.415E-20 4.048E-20 4.118E-20
 4.099E-20 3.627E-20 4.179E-20 4.882E-20 4.292E-20 3.643E-20 3.632E-20 3.871E-20 4.256E-20 4.127E-20
 3.874E-20 3.861E-20 3.477E-20 3.299E-20 3.054E-20 3.329E-20 3.682E-20 3.950E-20 3.945E-20 4.076E-20
 4.643E-20 4.182E-20 3.407E-20 3.094E-20 2.675E-20 2.715E-20 3.425E-20 3.647E-20 3.602E-20 3.884E-20
 4.081E-20 3.951E-20 3.359E-20 2.968E-20 3.412E-20 4.036E-20 4.147E-20 4.294E-20 4.611E-20 4.554E-20
 3.833E-20 3.572E-20 3.525E-20 3.188E-20 2.918E-20 3.279E-20 3.934E-20 4.107E-20 4.147E-20 4.322E-20
 4.581E-20 4.700E-20 5.038E-20 4.905E-20 4.551E-20 4.107E-20 3.777E-20 3.908E-20 4.158E-20 4.359E-20
 4.316E-20 4.140E-20 4.073E-20 4.381E-20 4.327E-20 3.871E-20 3.496E-20 3.919E-20 4.084E-20 3.540E-20
 3.538E-20 3.547E-20 3.732E-20 4.470E-20 4.556E-20 4.409E-20 5.000E-20 5.241E-20 4.694E-20 4.281E-20
 3.934E-20 3.233E-20 3.352E-20 3.652E-20 3.655E-20 4.226E-20 4.455E-20 4.259E-20 4.209E-20 4.200E-20
 4.208E-20 3.760E-20 4.089E-20 4.793E-20 4.986E-20 4.790E-20 4.244E-20 4.188E-20 4.716E-20 4.487E-20
 3.780E-20 3.663E-20 4.122E-20 4.179E-20 4.192E-20 4.149E-20 3.897E-20 3.771E-20 3.663E-20 3.852E-20
 3.707E-20 3.775E-20 4.022E-20 4.223E-20 4.052E-20 3.881E-20 3.661E-20 3.567E-20 4.159E-20 4.449E-20
 4.014E-20 3.949E-20 4.235E-20 4.317E-20 4.256E-20 4.142E-20 4.142E-20 3.839E-20 3.750E-20 4.281E-20
 5.157E-20 4.622E-20 3.619E-20 3.543E-20 4.039E-20 3.991E-20 3.892E-20 3.978E-20 4.131E-20 4.541E-20
 5.235E-20 5.282E-20 5.088E-20 5.379E-20 4.909E-20 4.175E-20 4.245E-20 4.937E-20 5.397E-20 5.110E-20
 4.709E-20 4.459E-20 4.225E-20 4.556E-20 4.471E-20 4.114E-20 4.608E-20 5.025E-20 4.943E-20 4.703E-20
 4.544E-20 4.273E-20 4.289E-20 4.676E-20 5.004E-20 5.452E-20 5.202E-20 4.880E-20 4.808E-20 4.825E-20
 4.837E-20 4.690E-20 4.774E-20 4.899E-20 4.925E-20 5.333E-20 5.394E-20 5.205E-20 4.717E-20 4.835E-20
 4.806E-20 4.686E-20 4.656E-20 4.685E-20 5.045E-20 5.356E-20 5.503E-20 5.436E-20 5.034E-20 4.400E-20
 4.402E-20 5.023E-20 5.081E-20 5.126E-20 5.175E-20 5.374E-20 5.439E-20 5.253E-20 4.704E-20 4.368E-20
 4.909E-20 4.900E-20 4.401E-20 4.139E-20 4.611E-20 5.069E-20 4.792E-20 4.536E-20 4.442E-20 4.297E-20
 4.626E-20 4.949E-20 4.819E-20 4.899E-20 5.143E-20 5.196E-20 5.579E-20 6.019E-20 5.198E-20 4.263E-20
 4.730E-20 5.568E-20 6.163E-20 6.001E-20 5.335E-20 4.877E-20 5.157E-20 5.023E-20 4.947E-20 4.937E-20
 4.697E-20 5.573E-20 6.229E-20 5.892E-20 5.288E-20 4.898E-20 5.176E-20 5.260E-20 5.149E-20 5.341E-20
 6.085E-20 6.865E-20 6.701E-20 5.920E-20 5.909E-20 6.283E-20 6.393E-20 6.392E-20 6.213E-20 6.236E-20
 6.148E-20 5.440E-20 5.838E-20 6.315E-20 6.540E-20 6.654E-20 6.623E-20 6.401E-20 6.230E-20 6.287E-20
 5.818E-20 6.527E-20 7.202E-20 6.601E-20 5.598E-20 5.839E-20 6.372E-20 6.582E-20 6.717E-20 6.599E-20
 6.354E-20 5.921E-20 6.016E-20 6.356E-20 5.877E-20 5.789E-20 6.211E-20 6.008E-20 5.942E-20 6.211E-20
 6.298E-20 5.889E-20 6.100E-20 6.208E-20 6.069E-20 6.407E-20 6.622E-20 6.527E-20 6.399E-20 6.186E-20
 5.782E-20 6.230E-20 6.995E-20 6.927E-20 6.448E-20 6.288E-20 6.730E-20 7.420E-20 7.631E-20 6.776E-20
 6.212E-20 6.483E-20 6.617E-20 6.447E-20 6.173E-20 6.376E-20 6.759E-20 7.198E-20 7.290E-20 6.666E-20
 6.805E-20 7.281E-20 6.940E-20 6.524E-20 6.684E-20 6.819E-20 7.031E-20 7.266E-20 7.540E-20 8.006E-20
 7.256E-20 6.738E-20 6.906E-20 6.897E-20 6.986E-20 7.326E-20 7.124E-20 7.051E-20 7.227E-20 7.117E-20
 7.429E-20 7.902E-20 7.711E-20 7.233E-20 7.549E-20 8.308E-20 8.259E-20 7.616E-20 8.173E-20 8.566E-20
 8.251E-20 7.663E-20 7.153E-20 7.171E-20 7.114E-20 7.241E-20 7.865E-20 7.750E-20 7.197E-20 7.500E-20
 8.000E-20 8.320E-20 8.352E-20 8.630E-20 8.430E-20 7.529E-20 7.860E-20 8.579E-20 8.633E-20 8.605E-20
 8.201E-20 7.780E-20 7.980E-20 8.287E-20 8.171E-20 7.901E-20 8.054E-20 8.059E-20 7.651E-20 7.056E-20
 7.413E-20 8.462E-20 8.748E-20 8.684E-20 8.679E-20 8.549E-20 7.855E-20 8.262E-20 8.853E-20 9.070E-20
 9.198E-20 9.031E-20 9.123E-20 8.755E-20 8.422E-20 8.758E-20 8.610E-20 8.677E-20 8.662E-20 8.067E-20
 8.055E-20 8.827E-20 9.198E-20 9.386E-20 9.076E-20 8.292E-20 8.606E-20 9.055E-20 9.327E-20 9.266E-20
 8.703E-20 8.930E-20 9.751E-20 1.010E-19 1.034E-19 1.013E-19 9.938E-20 1.002E-19 1.011E-19 1.016E-19
 9.952E-20 9.959E-20 9.648E-20 9.412E-20 9.737E-20 9.826E-20 9.845E-20 9.749E-20 9.903E-20 9.538E-20
 9.260E-20 9.590E-20 9.985E-20 9.753E-20 9.311E-20 9.998E-20 1.079E-19 1.019E-19 9.836E-20 9.960E-20
 9.805E-20 1.029E-19 1.111E-19 1.058E-19 1.030E-19 1.083E-19 1.057E-19 1.067E-19 1.058E-19 1.025E-19
 1.006E-19 1.046E-19 1.117E-19 1.122E-19 1.132E-19 1.150E-19 1.076E-19 9.947E-20 9.681E-20 9.794E-20
 1.022E-19 1.059E-19 1.086E-19 1.131E-19 1.161E-19 1.118E-19 1.068E-19 1.077E-19 1.123E-19 1.126E-19
 1.150E-19 1.142E-19 1.169E-19 1.195E-19 1.177E-19 1.180E-19 1.176E-19 1.178E-19 1.119E-19 1.082E-19
 1.088E-19 1.074E-19 1.073E-19 1.123E-19 1.104E-19 1.122E-19 1.139E-19 1.101E-19 1.129E-19 1.203E-19
 1.208E-19 1.180E-19 1.216E-19 1.254E-19 1.196E-19 1.204E-19 1.209E-19 1.143E-19 1.159E-19 1.193E-19
 1.193E-19 1.233E-19 1.280E-19 1.278E-19 1.251E-19 1.247E-19 1.231E-19 1.215E-19 1.231E-19 1.223E-19
 1.254E-19 1.284E-19 1.299E-19 1.276E-19 1.269E-19 1.255E-19 1.177E-19 1.160E-19 1.217E-19 1.292E-19
 1.375E-19 1.305E-19 1.197E-19 1.290E-19 1.361E-19 1.321E-19 1.389E-19 1.450E-19 1.438E-19 1.429E-19
 1.424E-19 1.380E-19 1.382E-19 1.426E-19 1.399E-19 1.345E-19 1.380E-19 1.399E-19 1.420E-19 1.490E-19
 1.481E-19 1.383E-19 1.329E-19 1.358E-19 1.370E-19 1.419E-19 1.450E-19 1.447E-19 1.450E-19 1.416E-19
 1.417E-19 1.461E-19 1.429E-19 1.400E-19 1.426E-19 1.536E-19 1.635E-19 1.591E-19 1.544E-19 1.527E-19
 1.522E-19 1.520E-19 1.471E-19 1.469E-19 1.554E-19 1.563E-19 1.513E-19 1.521E-19 1.525E-19 1.556E-19
 1.569E-19 1.589E-19 1.653E-19 1.700E-19 1.680E-19 1.669E-19 1.620E-19 1.564E-19 1.560E-19 1.589E-19
 1.622E-19 1.636E-19 1.641E-19 1.664E-19 1.669E-19 1.613E-19 1.605E-19 1.661E-19 1.680E-19 1.681E-19
 1.690E-19 1.729E-19 1.771E-19 1.720E-19 1.688E-19 1.760E-19 1.816E-19 1.760E-19 1.732E-19 1.769E-19
 1.823E-19 1.801E-19 1.732E-19 1.740E-19 1.806E-19 1.862E-19 1.838E-19 1.844E-19 1.886E-19 1.901E-19
 1.867E-19 1.788E-19 1.792E-19 1.893E-19 1.921E-19 1.878E-19 1.844E-19 1.816E-19 1.845E-19 1.863E-19
 1.899E-19 1.962E-19 1.934E-19 1.902E-19 1.865E-19 1.894E-19 1.937E-19 1.913E-19 1.889E-19 1.860E-19
 1.871E-19 1.921E-19 1.932E-19 1.899E-19 1.911E-19 1.955E-19 1.986E-19 2.010E-19 2.029E-19 2.034E-19
 2.065E-19 2.040E-19 1.964E-19 1.947E-19 2.001E-19 2.038E-19 2.073E-19 2.098E-19 2.131E-19 2.163E-19
 2.183E-19 2.091E-19 1.999E-19 2.066E-19 2.073E-19 2.090E-19 2.184E-19 2.242E-19 2.244E-19 2.260E-19
 2.276E-19 2.225E-19 2.197E-19 2.185E-19 2.178E-19 2.221E-19 2.223E-19 2.208E-19 2.229E-19 2.267E-19
 2.302E-19 2.257E-19 2.221E-19 2.194E-19 2.222E-19 2.273E-19 2.319E-19 2.414E-19 2.427E-19 2.384E-19
 2.395E-19 2.359E-19 2.379E-19 2.439E-19 2.426E-19 2.364E-19 2.369E-19 2.350E-19 2.342E-19 2.384E-19
 2.390E-19 2.395E-19 2.423E-19 2.475E-19 2.452E-19 2.429E-19 2.473E-19 2.533E-19 2.540E-19 2.506E-19
 2.489E-19 2.526E-19 2.571E-19 2.584E-19 2.556E-19 2.602E-19 2.582E-19 2.471E-19 2.516E-19 2.565E-19
 2.578E-19 2.619E-19 2.591E-19 2.636E-19 2.747E-19 2.731E-19 2.686E-19 2.722E-19 2.698E-19 2.664E-19
 2.687E-19 2.739E-19 2.716E-19 2.703E-19 2.690E-19 2.762E-19 2.841E-19 2.772E-19 2.767E-19 2.858E-19
 2.907E-19 2.879E-19 2.932E-19 2.977E-19 2.918E-19 2.936E-19 2.941E-19 2.921E-19 2.917E-19 2.905E-19
 2.853E-19 2.890E-19 2.979E-19 2.967E-19 2.927E-19 2.957E-19 2.997E-19 3.018E-19 3.034E-19 3.058E-19
 3.096E-19 3.099E-19 3.130E-19 3.136E-19 3.057E-19 3.059E-19 3.114E-19 3.156E-19 3.167E-19 3.202E-19
 3.275E-19 3.291E-19 3.225E-19 3.187E-19 3.231E-19 3.246E-19 3.259E-19 3.289E-19 3.314E-19 3.327E-19
 3.317E-19 3.312E-19 3.304E-19 3.266E-19 3.327E-19 3.361E-19 3.315E-19 3.332E-19 3.401E-19 3.429E-19
 3.464E-19 3.497E-19 3.516E-19 3.449E-19 3.456E-19 3.519E-19 3.523E-19 3.525E-19 3.592E-19 3.620E-19
 3.618E-19 3.613E-19 3.567E-19 3.555E-19 3.591E-19 3.628E-19 3.613E-19 3.599E-19 3.647E-19 3.716E-19
 3.718E-19 3.685E-19 3.695E-19 3.664E-19 3.710E-19 3.847E-19 3.889E-19 3.853E-19 3.844E-19 3.837E-19
 3.776E-19 3.789E-19 3.806E-19 3.828E-19 3.872E-19 3.877E-19 3.855E-19 3.917E-19 3.924E-19 3.870E-19
 3.925E-19 3.906E-19 3.918E-19 4.007E-19 4.034E-19 3.976E-19 3.942E-19 3.951E-19 3.969E-19 4.011E-19
 4.010E-19 4.030E-19 4.080E-19 4.131E-19 4.179E-19 4.244E-19 4.254E-19 4.236E-19 4.250E-19 4.236E-19
 4.243E-19 4.305E-19 4.385E-19 4.368E-19 4.297E-19 4.303E-19 4.304E-19 4.326E-19 4.344E-19 4.350E-19
 4.360E-19 4.393E-19 4.396E-19 4.392E-19 4.411E-19 4.423E-19 4.466E-19 4.480E-19 4.472E-19 4.449E-19
 4.428E-19 4.478E-19 4.551E-19 4.583E-19 4.587E-19 4.606E-19 4.652E-19 4.681E-19 4.657E-19 4.663E-19
 4.699E-19 4.687E-19 4.643E-19 4.602E-19 4.633E-19 4.623E-19 4.642E-19 4.692E-19 4.738E-19 4.790E-19
 4.808E-19 4.847E-19 4.812E-19 4.782E-19 4.776E-19 4.778E-19 4.807E-19 4.866E-19 4.913E-19 4.929E-19
 4.949E-19 5.004E-19 5.054E-19 5.025E-19 4.954E-19 4.986E-19 5.000E-19 5.038E-19 5.090E-19 5.087E-19
 5.100E-19 5.105E-19 5.069E-19 5.029E-19 5.031E-19 5.115E-19 5.139E-19 5.119E-19 5.164E-19 5.261E-19
 5.277E-19 5.217E-19 5.183E-19 5.173E-19 5.263E-19 5.357E-19 5.321E-19 5.259E-19 5.351E-19 5.427E-19
 5.397E-19 5.382E-19 5.370E-19 5.292E-19 5.338E-19 5.444E-19 5.552E-19 5.510E-19 5.450E-19 5.480E-19
 5.534E-19 5.559E-19 5.507E-19 5.501E-19 5.531E-19 5.525E-19 5.626E-19 5.721E-19 5.660E-19 5.596E-19
 5.540E-19 5.559E-19 5.615E-19 5.621E-19 5.681E-19 5.708E-19 5.681E-19 5.692E-19 5.779E-19 5.809E-19
 5.765E-19 5.808E-19 5.859E-19 5.848E-19 5.771E-19 5.768E-19 5.819E-19 5.843E-19 5.857E-19 5.840E-19
 5.791E-19 5.821E-19 5.892E-19 5.956E-19 5.966E-19 5.977E-19 5.985E-19 5.984E-19 5.928E-19 5.929E-19
 5.953E-19 5.947E-19 6.031E-19 6.134E-19 6.208E-19 6.147E-19 6.138E-19 6.192E-19 6.196E-19 6.194E-19
 6.204E-19 6.313E-19 6.350E-19 6.366E-19 6.355E-19 6.291E-19 6.272E-19 6.304E-19 6.302E-19 6.295E-19
 6.357E-19 6.441E-19 6.421E-19 6.307E-19 6.364E-19 6.419E-19 6.478E-19 6.461E-19 6.373E-19 6.404E-19
 6.469E-19 6.462E-19 6.454E-19 6.462E-19 6.491E-19 6.517E-19 6.565E-19 6.582E-19 6.610E-19 6.640E-19
 6.567E-19 6.524E-19 6.542E-19 6.529E-19 6.578E-19 6.630E-19 6.563E-19 6.539E-19 6.625E-19 6.764E-19
 6.805E-19 6.828E-19 6.899E-19 6.941E-19 6.823E-19 6.732E-19 6.774E-19 6.729E-19 6.779E-19 6.858E-19
 6.855E-19 6.851E-19 6.820E-19 6.750E-19 6.800E-19 6.912E-19 6.861E-19 6.888E-19 6.990E-19 6.960E-19
 6.899E-19 6.955E-19 6.980E-19 6.967E-19 7.036E-19 6.998E-19 6.933E-19 7.079E-19 7.186E-19 7.094E-19
 7.059E-19 7.093E-19 7.133E-19 7.146E-19 7.104E-19 7.055E-19 7.124E-19 7.223E-19 7.229E-19 7.241E-19
 7.185E-19 7.221E-19 7.256E-19 7.216E-19 7.193E-19 7.205E-19 7.211E-19 7.212E-19 7.272E-19 7.358E-19
 7.381E-19 7.351E-19 7.375E-19 7.428E-19 7.457E-19 7.426E-19 7.375E-19 7.361E-19 7.440E-19 7.513E-19
 7.480E-19 7.452E-19 7.446E-19 7.448E-19 7.511E-19 7.599E-19 7.529E-19 7.457E-19 7.573E-19 7.557E-19
 7.438E-19 7.467E-19 7.547E-19 7.588E-19 7.603E-19 7.571E-19 7.576E-19 7.596E-19 7.595E-19 7.598E-19
 7.642E-19 7.662E-19 7.644E-19 7.643E-19 7.708E-19 7.679E-19 7.652E-19 7.597E-19 7.597E-19 7.652E-19
 7.699E-19 7.772E-19 7.774E-19 7.687E-19 7.675E-19 7.754E-19 7.790E-19 7.866E-19 7.893E-19 7.860E-19
 7.907E-19 7.964E-19 7.871E-19 7.880E-19 7.930E-19 7.916E-19 7.863E-19 7.884E-19 7.916E-19 7.915E-19
 7.974E-19 7.982E-19 7.926E-19 8.025E-19 8.010E-19 7.946E-19 7.967E-19 7.939E-19 7.991E-19 8.071E-19
 8.005E-19 8.010E-19 8.120E-19 8.134E-19 8.109E-19 8.126E-19 8.149E-19 8.155E-19 8.203E-19 8.191E-19
 8.129E-19 8.243E-19 8.293E-19 8.233E-19 8.231E-19 8.273E-19 8.304E-19 8.293E-19 8.350E-19 8.415E-19
 8.394E-19 8.276E-19 8.193E-19 8.252E-19 8.326E-19 8.357E-19 8.373E-19 8.362E-19 8.325E-19 8.289E-19
 8.332E-19 8.360E-19 8.453E-19 8.507E-19 8.553E-19 8.548E-19 8.494E-19 8.443E-19 8.413E-19 8.446E-19
 8.514E-19 8.510E-19 8.575E-19 8.635E-19 8.608E-19 8.645E-19 8.654E-19 8.526E-19 8.510E-19 8.559E-19
 8.526E-19 8.577E-19 8.638E-19 8.608E-19 8.667E-19 8.718E-19 8.695E-19 8.798E-19 8.833E-19 8.713E-19
 8.615E-19 8.647E-19 8.733E-19 8.786E-19 8.749E-19 8.721E-19 8.780E-19 8.818E-19 8.754E-19 8.723E-19
 8.789E-19 8.865E-19 8.828E-19 8.854E-19 9.035E-19 8.987E-19 8.856E-19 8.818E-19 8.773E-19 8.828E-19
 8.919E-19 8.907E-19 8.887E-19 8.937E-19 8.974E-19 9.030E-19 9.036E-19 8.993E-19 9.063E-19 9.112E-19
 9.096E-19 9.128E-19 9.074E-19 9.076E-19 9.169E-19 9.139E-19 9.075E-19 9.128E-19 9.136E-19 9.141E-19
 9.188E-19 9.225E-19 9.257E-19 9.225E-19 9.122E-19 9.151E-19 9.245E-19 9.243E-19 9.256E-19 9.311E-19
 9.342E-19 9.366E-19 9.376E-19 9.383E-19 9.323E-19 9.335E-19 9.435E-19 9.505E-19 9.478E-19 9.434E-19
 9.464E-19 9.537E-19 9.608E-19 9.477E-19 9.390E-19 9.410E-19 9.475E-19 9.588E-19 9.602E-19 9.514E-19
 9.501E-19 9.531E-19 9.494E-19 9.511E-19 9.530E-19 9.578E-19 9.648E-19 9.671E-19 9.727E-19 9.743E-19
 9.710E-19 9.721E-19 9.722E-19 9.714E-19 9.653E-19 9.614E-19 9.729E-19 9.765E-19 9.752E-19 9.803E-19
 9.833E-19 9.834E-19 9.824E-19 9.851E-19 9.901E-19 9.904E-19 9.960E-19 9.989E-19 9.964E-19 9.919E-19
 9.958E-19 9.964E-19 9.926E-19 1.003E-18 1.008E-18 1.007E-18 1.007E-18 1.004E-18 1.006E-18 1.013E-18
 1.007E-18 1.010E-18 1.014E-18 1.010E-18 1.012E-18 1.016E-18 1.024E-18 1.027E-18 1.032E-18 1.032E-18
 1.029E-18 1.032E-18 1.037E-18 1.036E-18 1.034E-18 1.041E-18 1.042E-18 1.039E-18 1.048E-18 1.049E-18
 1.035E-18 1.033E-18 1.043E-18 1.047E-18 1.055E-18 1.057E-18 1.052E-18 1.045E-18 1.051E-18 1.057E-18
 1.055E-18 1.063E-18 1.057E-18 1.059E-18 1.070E-18 1.067E-18 1.067E-18 1.066E-18 1.066E-18 1.075E-18
 1.075E-18 1.073E-18 1.080E-18 1.080E-18 1.078E-18 1.080E-18 1.082E-18 1.077E-18 1.076E-18 1.076E-18
 1.085E-18 1.093E-18 1.091E-18 1.090E-18 1.089E-18 1.089E-18 1.094E-18 1.107E-18 1.110E-18 1.118E-18
 1.123E-18 1.119E-18 1.117E-18 1.117E-18 1.119E-18 1.117E-18 1.114E-18 1.120E-18 1.122E-18 1.129E-18
 1.130E-18 1.129E-18 1.140E-18 1.145E-18 1.144E-18 1.149E-18 1.135E-18 1.123E-18 1.136E-18 1.141E-18
 1.152E-18 1.162E-18 1.156E-18 1.142E-18 1.139E-18 1.151E-18 1.167E-18 1.168E-18 1.168E-18 1.173E-18
 1.176E-18 1.181E-18 1.169E-18 1.156E-18 1.153E-18 1.154E-18 1.161E-18 1.167E-18 1.162E-18 1.157E-18
 1.162E-18 1.169E-18 1.177E-18 1.177E-18 1.169E-18 1.178E-18 1.191E-18 1.195E-18 1.202E-18 1.205E-18
 1.196E-18 1.195E-18 1.197E-18 1.198E-18 1.198E-18 1.198E-18 1.204E-18 1.206E-18 1.204E-18 1.201E-18
 1.203E-18 1.211E-18 1.215E-18 1.216E-18 1.224E-18 1.231E-18 1.223E-18 1.217E-18 1.229E-18 1.229E-18
 1.220E-18 1.219E-18 1.212E-18 1.211E-18 1.218E-18 1.225E-18 1.229E-18 1.223E-18 1.222E-18 1.224E-18
 1.242E-18 1.247E-18 1.244E-18 1.243E-18 1.240E-18 1.243E-18 1.253E-18 1.256E-18 1.249E-18 1.238E-18
 1.228E-18 1.243E-18 1.256E-18 1.250E-18 1.254E-18 1.253E-18 1.245E-18 1.249E-18 1.258E-18 1.268E-18
 1.265E-18 1.254E-18 1.260E-18 1.272E-18 1.278E-18 1.269E-18 1.263E-18 1.262E-18 1.264E-18 1.266E-18
 1.268E-18 1.280E-18 1.280E-18 1.279E-18 1.287E-18 1.283E-18 1.271E-18 1.275E-18 1.276E-18 1.279E-18
 1.279E-18 1.268E-18 1.284E-18 1.300E-18 1.287E-18 1.274E-18 1.279E-18 1.294E-18 1.293E-18 1.290E-18
 1.301E-18 1.305E-18 1.296E-18 1.292E-18 1.296E-18 1.288E-18 1.291E-18 1.307E-18 1.320E-18 1.318E-18
 1.315E-18 1.320E-18 1.313E-18 1.296E-18 1.291E-18 1.295E-18 1.282E-18 1.274E-18 1.302E-18 1.311E-18
 1.294E-18 1.282E-18 1.289E-18 1.307E-18 1.299E-18 1.280E-18 1.267E-18 1.278E-18 1.290E-18 1.281E-18
 1.265E-18 1.264E-18 1.272E-18 1.276E-18 1.277E-18 1.282E-18 1.286E-18 1.284E-18 1.299E-18 1.299E-18
 1.291E-18 1.288E-18 1.290E-18 1.293E-18 1.305E-18 1.310E-18 1.310E-18 1.325E-18 1.329E-18 1.319E-18
 1.304E-18 1.294E-18 1.298E-18 1.297E-18 1.293E-18 1.294E-18 1.299E-18 1.295E-18 1.298E-18 1.312E-18
 1.309E-18 1.296E-18 1.287E-18 1.300E-18 1.316E-18 1.318E-18 1.308E-18 1.302E-18 1.289E-18 1.280E-18
 1.280E-18 1.283E-18 1.283E-18 1.294E-18 1.302E-18 1.289E-18 1.283E-18 1.293E-18 1.292E-18 1.280E-18
 1.268E-18 1.268E-18 1.268E-18 1.271E-18 1.274E-18 1.264E-18 1.259E-18 1.264E-18 1.267E-18 1.259E-18
 1.258E-18 1.268E-18 1.277E-18 1.266E-18 1.257E-18 1.261E-18 1.259E-18 1.246E-18 1.257E-18 1.268E-18
 1.279E-18 1.292E-18 1.277E-18 1.271E-18 1.277E-18 1.263E-18 1.252E-18 1.248E-18 1.237E-18 1.242E-18
 1.258E-18 1.256E-18 1.251E-18 1.266E-18 1.261E-18 1.251E-18 1.256E-18 1.257E-18 1.247E-18 1.239E-18
 1.248E-18 1.245E-18 1.232E-18 1.235E-18 1.229E-18 1.214E-18 1.216E-18 1.219E-18 1.215E-18 1.215E-18
 1.213E-18 1.206E-18 1.216E-18 1.232E-18 1.218E-18 1.198E-18 1.196E-18 1.184E-18 1.179E-18 1.180E-18
 1.176E-18 1.170E-18 1.166E-18 1.165E-18 1.160E-18 1.145E-18 1.133E-18 1.135E-18 1.135E-18 1.129E-18
 1.115E-18 1.112E-18 1.122E-18 1.122E-18 1.117E-18 1.126E-18 1.124E-18 1.116E-18 1.113E-18 1.100E-18
 1.085E-18 1.072E-18 1.067E-18 1.074E-18 1.085E-18 1.091E-18 1.102E-18 1.110E-18 1.110E-18 1.110E-18
 1.103E-18 1.103E-18 1.117E-18 1.116E-18 1.114E-18 1.116E-18 1.108E-18 1.100E-18 1.097E-18 1.077E-18
 1.072E-18 1.078E-18 1.078E-18 1.090E-18 1.094E-18 1.086E-18 1.082E-18 1.079E-18 1.071E-18 1.067E-18
 1.057E-18 1.055E-18 1.055E-18 1.057E-18 1.043E-18 1.025E-18 1.028E-18 1.029E-18 1.024E-18 1.027E-18
 1.013E-18 9.989E-19 1.004E-18 1.003E-18 9.993E-19 9.893E-19 9.724E-19 9.659E-19 9.712E-19 9.738E-19
 9.736E-19 9.649E-19 9.503E-19 9.498E-19 9.562E-19 9.505E-19 9.418E-19 9.352E-19 9.319E-19 9.257E-19
 9.239E-19 9.183E-19 9.117E-19 9.064E-19 9.097E-19 9.075E-19 8.989E-19 8.908E-19 8.851E-19 8.845E-19
 8.813E-19 8.803E-19 8.861E-19 8.936E-19 8.906E-19 8.809E-19 8.773E-19 8.790E-19 8.741E-19 8.662E-19
 8.666E-19 8.638E-19 8.598E-19 8.605E-19 8.611E-19 8.573E-19 8.620E-19 8.623E-19 8.552E-19 8.514E-19
 8.442E-19 8.408E-19 8.358E-19 8.335E-19 8.364E-19 8.361E-19 8.418E-19 8.440E-19 8.367E-19 8.388E-19
 8.346E-19 8.261E-19 8.208E-19 8.170E-19 8.203E-19 8.309E-19 8.298E-19 8.304E-19 8.335E-19 8.395E-19
 8.369E-19 8.298E-19 8.273E-19 8.255E-19 8.254E-19 8.320E-19 8.330E-19 8.346E-19 8.428E-19 8.453E-19
 8.347E-19 8.318E-19 8.376E-19 8.396E-19 8.358E-19 8.325E-19 8.405E-19 8.370E-19 8.289E-19 8.275E-19
 8.269E-19 8.256E-19 8.244E-19 8.269E-19 8.336E-19 8.323E-19 8.281E-19 8.313E-19 8.336E-19 8.301E-19
 8.325E-19 8.341E-19 8.318E-19 8.351E-19 8.369E-19 8.338E-19 8.342E-19 8.363E-19 8.475E-19 8.445E-19
 8.353E-19 8.351E-19 8.328E-19 8.413E-19 8.487E-19 8.422E-19 8.414E-19 8.439E-19 8.423E-19 8.410E-19
 8.443E-19 8.414E-19 8.427E-19 8.461E-19 8.440E-19 8.401E-19 8.412E-19 8.379E-19 8.298E-19 8.277E-19
 8.331E-19 8.411E-19 8.433E-19 8.454E-19 8.432E-19 8.428E-19 8.470E-19 8.389E-19 8.374E-19 8.442E-19
 8.413E-19 8.508E-19 8.589E-19 8.526E-19 8.470E-19 8.491E-19 8.544E-19 8.570E-19 8.512E-19 8.440E-19
 8.453E-19 8.551E-19 8.502E-19 8.460E-19 8.504E-19 8.421E-19 8.294E-19 8.310E-19 8.432E-19 8.599E-19
 8.543E-19 8.488E-19 8.546E-19 8.530E-19 8.598E-19 8.540E-19 8.529E-19 8.562E-19 8.369E-19 8.376E-19
 8.552E-19 8.613E-19 8.604E-19 8.468E-19 8.450E-19 8.462E-19 8.417E-19 8.520E-19 8.574E-19 8.482E-19
 8.425E-19 8.435E-19 8.470E-19 8.485E-19 8.445E-19 8.322E-19 8.305E-19 8.412E-19 8.470E-19 8.441E-19
 8.419E-19 8.458E-19 8.514E-19 8.487E-19 8.488E-19 8.444E-19 8.370E-19 8.368E-19 8.387E-19 8.350E-19
 8.329E-19 8.318E-19 8.350E-19 8.296E-19 8.191E-19 8.217E-19 8.230E-19 8.201E-19 8.135E-19 8.198E-19
 8.299E-19 8.301E-19 8.259E-19 8.159E-19 8.119E-19 8.170E-19 8.211E-19 8.216E-19 8.176E-19 8.126E-19
 8.165E-19 8.167E-19 8.154E-19 8.141E-19 8.073E-19 8.208E-19 8.278E-19 8.185E-19 8.094E-19 8.024E-19
 8.025E-19 8.052E-19 8.042E-19 8.081E-19 8.060E-19 8.088E-19 7.985E-19 7.904E-19 7.918E-19 7.876E-19
 7.855E-19 7.859E-19 7.840E-19 7.785E-19 7.699E-19 7.734E-19 7.853E-19 7.807E-19 7.836E-19 7.899E-19
 7.803E-19 7.710E-19 7.633E-19 7.661E-19 7.735E-19 7.770E-19 7.806E-19 7.736E-19 7.646E-19 7.609E-19
 7.657E-19 7.706E-19 7.603E-19 7.504E-19 7.574E-19 7.563E-19 7.470E-19 7.392E-19 7.366E-19 7.392E-19
 7.399E-19 7.414E-19 7.439E-19 7.341E-19 7.301E-19 7.311E-19 7.304E-19 7.281E-19 7.214E-19 7.268E-19
 7.236E-19 7.196E-19 7.257E-19 7.171E-19 7.150E-19 7.108E-19 7.086E-19 7.160E-19 7.155E-19 7.083E-19
 6.983E-19 6.897E-19 6.915E-19 6.955E-19 6.971E-19 6.922E-19 6.892E-19 6.927E-19 6.944E-19 6.885E-19
 6.764E-19 6.797E-19 6.840E-19 6.808E-19 6.737E-19 6.691E-19 6.687E-19 6.675E-19 6.651E-19 6.678E-19
 6.594E-19 6.552E-19 6.534E-19 6.490E-19 6.538E-19 6.477E-19 6.450E-19 6.482E-19 6.378E-19 6.328E-19
 6.386E-19 6.461E-19 6.356E-19 6.214E-19 6.245E-19 6.254E-19 6.249E-19 6.232E-19 6.194E-19 6.168E-19
 6.184E-19 6.194E-19 6.178E-19 6.170E-19 6.171E-19 6.078E-19 6.040E-19 6.065E-19 6.051E-19 5.958E-19
 5.878E-19 5.830E-19 5.791E-19 5.792E-19 5.811E-19 5.768E-19 5.798E-19 5.823E-19 5.715E-19 5.695E-19
 5.709E-19 5.721E-19 5.733E-19 5.726E-19 5.733E-19 5.754E-19 5.634E-19 5.465E-19 5.446E-19 5.475E-19
 5.488E-19 5.498E-19 5.453E-19 5.385E-19 5.394E-19 5.412E-19 5.371E-19 5.309E-19 5.243E-19 5.244E-19
 5.198E-19 5.144E-19 5.170E-19 5.202E-19 5.261E-19 5.239E-19 5.174E-19 5.173E-19 5.065E-19 4.981E-19
 5.012E-19 5.096E-19 5.099E-19 4.975E-19 4.926E-19 4.926E-19 4.932E-19 4.957E-19 4.879E-19 4.839E-19
 4.871E-19 4.854E-19 4.817E-19 4.707E-19 4.693E-19 4.692E-19 4.698E-19 4.615E-19 4.546E-19 4.572E-19
 4.547E-19 4.561E-19 4.564E-19 4.535E-19 4.530E-19 4.449E-19 4.387E-19 4.365E-19 4.327E-19 4.328E-19
 4.318E-19 4.316E-19 4.252E-19 4.206E-19 4.163E-19 4.208E-19 4.227E-19 4.144E-19 4.097E-19 4.147E-19
 4.163E-19 4.117E-19 4.129E-19 4.165E-19 4.102E-19 4.086E-19 4.031E-19 3.974E-19 3.974E-19 3.934E-19
 3.867E-19 3.893E-19 3.953E-19 3.903E-19 3.819E-19 3.761E-19 3.749E-19 3.766E-19 3.776E-19 3.689E-19
 3.697E-19 3.759E-19 3.685E-19 3.576E-19 3.549E-19 3.570E-19 3.562E-19 3.547E-19 3.552E-19 3.557E-19
 3.561E-19 3.518E-19 3.510E-19 3.501E-19 3.447E-19 3.401E-19 3.408E-19 3.435E-19 3.441E-19 3.382E-19
 3.311E-19 3.347E-19 3.418E-19 3.443E-19 3.407E-19 3.369E-19 3.334E-19 3.288E-19 3.225E-19 3.166E-19
 3.163E-19 3.183E-19 3.131E-19 3.049E-19 3.043E-19 3.060E-19 3.054E-19 2.995E-19 2.962E-19 2.949E-19
 2.899E-19 2.820E-19 2.858E-19 2.917E-19 2.953E-19 2.936E-19 2.880E-19 2.805E-19 2.761E-19 2.777E-19
 2.786E-19 2.764E-19 2.725E-19 2.719E-19 2.749E-19 2.775E-19 2.696E-19 2.587E-19 2.636E-19 2.702E-19
 2.688E-19 2.614E-19 2.505E-19 2.465E-19 2.531E-19 2.581E-19 2.570E-19 2.500E-19 2.458E-19 2.451E-19
 2.471E-19 2.528E-19 2.475E-19 2.427E-19 2.454E-19 2.483E-19 2.400E-19 2.324E-19 2.265E-19 2.233E-19
 2.250E-19 2.270E-19 2.270E-19 2.292E-19 2.293E-19 2.152E-19 2.114E-19 2.157E-19 2.129E-19 2.125E-19
 2.126E-19 2.148E-19 2.186E-19 2.167E-19 2.129E-19 2.112E-19 2.086E-19 2.119E-19 2.130E-19 2.149E-19
 2.118E-19 2.026E-19 1.951E-19 1.928E-19 1.900E-19 1.868E-19 1.884E-19 1.863E-19 1.868E-19 1.953E-19
 1.916E-19 1.843E-19 1.824E-19 1.842E-19 1.813E-19 1.715E-19 1.701E-19 1.713E-19 1.724E-19 1.780E-19
 1.823E-19 1.788E-19 1.752E-19 1.737E-19 1.687E-19 1.676E-19 1.712E-19 1.725E-19 1.718E-19 1.731E-19
 1.686E-19 1.605E-19 1.611E-19 1.638E-19 1.577E-19 1.492E-19 1.485E-19 1.551E-19 1.595E-19 1.568E-19
 1.540E-19 1.507E-19 1.481E-19 1.502E-19 1.547E-19 1.575E-19 1.577E-19 1.555E-19 1.486E-19 1.391E-19
 1.354E-19 1.372E-19 1.411E-19 1.371E-19 1.333E-19 1.340E-19 1.345E-19 1.366E-19 1.348E-19 1.321E-19
 1.322E-19 1.305E-19 1.283E-19 1.268E-19 1.266E-19 1.240E-19 1.222E-19 1.194E-19 1.206E-19 1.195E-19
 1.170E-19 1.163E-19 1.172E-19 1.160E-19 1.161E-19 1.172E-19 1.197E-19 1.225E-19 1.200E-19 1.150E-19
 1.155E-19 1.166E-19 1.129E-19 1.135E-19 1.141E-19 1.102E-19 1.075E-19 1.065E-19 1.081E-19 1.099E-19
 1.052E-19 9.898E-20 9.814E-20 1.014E-19 1.048E-19 1.052E-19 1.033E-19 1.013E-19 9.327E-20 9.185E-20
 9.477E-20 9.510E-20 8.993E-20 9.021E-20 9.300E-20 8.891E-20 9.030E-20 9.333E-20 8.711E-20 8.159E-20
 8.412E-20 8.944E-20 9.240E-20 9.113E-20 8.827E-20 8.196E-20 8.167E-20 8.714E-20 8.692E-20 8.963E-20
 9.162E-20 8.985E-20 9.061E-20 9.265E-20 8.772E-20 8.591E-20 8.663E-20 8.421E-20 7.851E-20 7.742E-20
 8.136E-20 7.869E-20 7.311E-20 7.156E-20 7.410E-20 7.119E-20 6.822E-20 6.655E-20 6.297E-20 6.525E-20
 7.034E-20 6.414E-20 5.864E-20 6.298E-20 6.648E-20 6.428E-20 6.549E-20 6.875E-20 7.212E-20 7.009E-20
 7.140E-20 7.217E-20 6.955E-20 6.754E-20 6.515E-20 7.089E-20 7.745E-20 7.263E-20 6.460E-20 6.361E-20
 6.102E-20 5.763E-20 5.343E-20 4.912E-20 4.912E-20 5.692E-20 6.824E-20 6.879E-20 5.911E-20 5.483E-20
 5.499E-20 5.354E-20 5.151E-20 5.214E-20 5.139E-20 5.326E-20 5.464E-20 5.488E-20 5.796E-20 6.424E-20
 6.210E-20 5.391E-20 5.276E-20 5.201E-20 5.057E-20 5.239E-20 5.774E-20 5.764E-20 5.098E-20 5.214E-20
 5.127E-20 4.789E-20 4.779E-20 4.847E-20 5.468E-20 5.611E-20 5.382E-20 5.416E-20 5.238E-20 4.548E-20
 3.905E-20 4.225E-20 4.945E-20 4.831E-20 0.000E+00 0.000E+00 0.000E+00 0.000E+00 0.000E+00 0.000E+00
