   C2Cl2F4 1030.0110 1066.9930      2494  253.0000    0.0000 1.305E-18  NCAR    CFC-114
 4.264E-20 4.087E-20 4.067E-20 3.482E-20 2.786E-20 3.338E-20 3.518E-20 3.493E-20 3.848E-20 3.962E-20
 3.547E-20 3.126E-20 2.951E-20 3.115E-20 3.504E-20 3.386E-20 2.931E-20 2.914E-20 3.059E-20 3.286E-20
 3.551E-20 3.428E-20 3.747E-20 4.053E-20 4.265E-20 4.028E-20 3.651E-20 3.534E-20 3.082E-20 3.394E-20
 3.508E-20 3.042E-20 2.582E-20 2.912E-20 3.460E-20 3.399E-20 3.467E-20 3.701E-20 4.208E-20 4.094E-20
 3.992E-20 4.301E-20 4.049E-20 3.533E-20 3.675E-20 4.061E-20 4.232E-20 4.394E-20 3.646E-20 3.579E-20
 4.082E-20 4.082E-20 3.197E-20 3.488E-20 3.665E-20 3.809E-20 4.085E-20 4.458E-20 4.460E-20 4.256E-20
 4.071E-20 4.478E-20 4.668E-20 4.458E-20 4.276E-20 4.130E-20 3.978E-20 3.064E-20 3.011E-20 3.648E-20
 3.662E-20 4.122E-20 4.581E-20 4.135E-20 3.734E-20 3.966E-20 4.480E-20 4.707E-20 4.211E-20 4.166E-20
 4.320E-20 4.182E-20 3.879E-20 3.985E-20 4.218E-20 3.991E-20 4.108E-20 3.544E-20 2.973E-20 3.548E-20
 4.278E-20 4.428E-20 4.177E-20 3.644E-20 3.900E-20 4.259E-20 4.432E-20 4.029E-20 3.542E-20 3.542E-20
 4.047E-20 4.430E-20 4.235E-20 3.650E-20 3.748E-20 4.520E-20 4.516E-20 4.954E-20 5.325E-20 4.876E-20
 4.514E-20 4.743E-20 5.109E-20 4.696E-20 4.379E-20 4.126E-20 3.811E-20 3.701E-20 3.629E-20 4.008E-20
 4.220E-20 3.817E-20 3.972E-20 4.291E-20 4.024E-20 3.939E-20 4.326E-20 4.092E-20 4.309E-20 4.722E-20
 4.304E-20 4.585E-20 5.172E-20 5.607E-20 5.292E-20 4.937E-20 5.161E-20 4.909E-20 4.367E-20 4.013E-20
 3.862E-20 3.460E-20 3.671E-20 4.671E-20 4.639E-20 4.076E-20 4.242E-20 4.754E-20 4.988E-20 4.623E-20
 4.137E-20 3.803E-20 3.868E-20 5.435E-20 6.395E-20 6.021E-20 5.012E-20 4.429E-20 4.637E-20 4.671E-20
 4.551E-20 4.770E-20 4.714E-20 4.483E-20 4.583E-20 4.086E-20 4.018E-20 4.131E-20 4.142E-20 4.082E-20
 4.229E-20 4.420E-20 4.201E-20 4.207E-20 4.608E-20 4.805E-20 4.529E-20 4.398E-20 4.371E-20 4.443E-20
 4.482E-20 4.613E-20 4.847E-20 4.633E-20 4.955E-20 5.612E-20 5.137E-20 4.407E-20 4.589E-20 4.413E-20
 4.230E-20 4.846E-20 5.234E-20 4.651E-20 4.873E-20 5.135E-20 4.603E-20 4.643E-20 5.084E-20 5.115E-20
 5.082E-20 5.310E-20 5.441E-20 5.055E-20 4.939E-20 4.884E-20 4.742E-20 5.222E-20 5.644E-20 5.769E-20
 5.807E-20 5.631E-20 5.341E-20 5.175E-20 4.859E-20 5.447E-20 6.028E-20 6.251E-20 6.582E-20 6.067E-20
 5.586E-20 5.555E-20 5.659E-20 5.626E-20 5.263E-20 5.098E-20 5.416E-20 5.571E-20 5.530E-20 5.745E-20
 5.499E-20 5.603E-20 5.916E-20 5.892E-20 5.294E-20 4.675E-20 4.891E-20 5.706E-20 5.898E-20 5.830E-20
 5.653E-20 5.609E-20 5.124E-20 5.264E-20 5.622E-20 5.684E-20 5.628E-20 5.602E-20 5.597E-20 5.517E-20
 5.365E-20 5.026E-20 5.421E-20 6.070E-20 6.532E-20 6.599E-20 6.519E-20 6.712E-20 6.250E-20 5.669E-20
 5.530E-20 5.519E-20 5.452E-20 5.492E-20 5.772E-20 5.743E-20 6.155E-20 6.481E-20 6.239E-20 5.994E-20
 5.775E-20 5.965E-20 6.501E-20 6.538E-20 6.287E-20 6.213E-20 6.059E-20 5.994E-20 6.378E-20 6.062E-20
 6.177E-20 6.477E-20 6.610E-20 6.772E-20 6.742E-20 6.755E-20 6.776E-20 6.729E-20 6.566E-20 6.465E-20
 6.609E-20 7.150E-20 7.301E-20 6.824E-20 6.793E-20 6.850E-20 6.883E-20 6.940E-20 6.785E-20 7.111E-20
 7.160E-20 7.360E-20 7.884E-20 7.908E-20 7.729E-20 7.413E-20 7.510E-20 7.500E-20 7.290E-20 7.216E-20
 7.510E-20 7.608E-20 7.202E-20 7.064E-20 7.454E-20 7.450E-20 7.273E-20 7.718E-20 7.806E-20 7.729E-20
 8.552E-20 9.170E-20 8.672E-20 7.554E-20 6.751E-20 7.104E-20 7.684E-20 8.132E-20 8.188E-20 7.589E-20
 7.446E-20 7.738E-20 7.487E-20 7.261E-20 7.340E-20 6.978E-20 6.789E-20 6.941E-20 7.221E-20 7.183E-20
 7.330E-20 7.163E-20 6.708E-20 6.444E-20 6.815E-20 7.084E-20 7.243E-20 7.771E-20 7.700E-20 7.717E-20
 8.269E-20 8.486E-20 7.957E-20 7.957E-20 8.121E-20 8.238E-20 8.768E-20 8.940E-20 8.597E-20 8.723E-20
 8.717E-20 8.397E-20 8.150E-20 8.035E-20 7.892E-20 7.960E-20 8.331E-20 8.098E-20 7.826E-20 7.503E-20
 7.890E-20 8.549E-20 8.742E-20 8.820E-20 8.593E-20 8.029E-20 7.739E-20 8.331E-20 8.820E-20 9.332E-20
 8.689E-20 7.504E-20 7.755E-20 8.948E-20 9.260E-20 9.012E-20 8.612E-20 8.393E-20 8.279E-20 8.662E-20
 9.328E-20 9.765E-20 9.730E-20 9.977E-20 1.043E-19 1.012E-19 9.951E-20 9.776E-20 9.004E-20 8.763E-20
 9.035E-20 8.968E-20 9.269E-20 9.528E-20 9.428E-20 9.582E-20 9.774E-20 9.031E-20 8.992E-20 9.024E-20
 9.250E-20 1.002E-19 9.925E-20 1.075E-19 1.108E-19 1.086E-19 1.035E-19 1.026E-19 1.007E-19 9.710E-20
 9.708E-20 9.601E-20 9.888E-20 9.894E-20 1.012E-19 9.916E-20 9.918E-20 1.036E-19 1.031E-19 1.027E-19
 1.071E-19 1.071E-19 1.109E-19 1.163E-19 1.048E-19 9.362E-20 9.555E-20 1.017E-19 1.038E-19 1.112E-19
 1.152E-19 1.124E-19 1.148E-19 1.108E-19 1.025E-19 1.057E-19 1.109E-19 1.040E-19 1.041E-19 1.058E-19
 1.078E-19 1.088E-19 1.080E-19 1.119E-19 1.090E-19 1.073E-19 1.110E-19 1.127E-19 1.107E-19 1.118E-19
 1.178E-19 1.222E-19 1.161E-19 1.122E-19 1.184E-19 1.192E-19 1.142E-19 1.100E-19 1.146E-19 1.158E-19
 1.126E-19 1.148E-19 1.187E-19 1.145E-19 1.149E-19 1.239E-19 1.292E-19 1.261E-19 1.228E-19 1.225E-19
 1.223E-19 1.210E-19 1.240E-19 1.265E-19 1.270E-19 1.224E-19 1.221E-19 1.290E-19 1.321E-19 1.333E-19
 1.294E-19 1.259E-19 1.245E-19 1.261E-19 1.367E-19 1.428E-19 1.420E-19 1.375E-19 1.309E-19 1.310E-19
 1.331E-19 1.348E-19 1.349E-19 1.359E-19 1.381E-19 1.439E-19 1.390E-19 1.307E-19 1.341E-19 1.396E-19
 1.420E-19 1.378E-19 1.340E-19 1.360E-19 1.381E-19 1.403E-19 1.385E-19 1.368E-19 1.428E-19 1.483E-19
 1.450E-19 1.430E-19 1.449E-19 1.461E-19 1.509E-19 1.483E-19 1.429E-19 1.473E-19 1.495E-19 1.461E-19
 1.440E-19 1.456E-19 1.449E-19 1.396E-19 1.394E-19 1.446E-19 1.464E-19 1.412E-19 1.439E-19 1.520E-19
 1.561E-19 1.536E-19 1.444E-19 1.455E-19 1.465E-19 1.473E-19 1.478E-19 1.472E-19 1.480E-19 1.525E-19
 1.543E-19 1.556E-19 1.603E-19 1.625E-19 1.578E-19 1.525E-19 1.560E-19 1.586E-19 1.567E-19 1.597E-19
 1.632E-19 1.645E-19 1.676E-19 1.704E-19 1.735E-19 1.714E-19 1.626E-19 1.557E-19 1.573E-19 1.648E-19
 1.750E-19 1.776E-19 1.748E-19 1.734E-19 1.688E-19 1.710E-19 1.749E-19 1.747E-19 1.775E-19 1.801E-19
 1.800E-19 1.772E-19 1.753E-19 1.774E-19 1.824E-19 1.838E-19 1.829E-19 1.794E-19 1.770E-19 1.773E-19
 1.747E-19 1.719E-19 1.734E-19 1.821E-19 1.868E-19 1.857E-19 1.890E-19 1.962E-19 1.933E-19 1.871E-19
 1.904E-19 1.942E-19 1.919E-19 1.935E-19 1.972E-19 2.038E-19 2.076E-19 2.036E-19 1.988E-19 1.910E-19
 1.871E-19 1.923E-19 1.920E-19 1.928E-19 1.982E-19 1.996E-19 2.013E-19 2.033E-19 2.100E-19 2.077E-19
 2.012E-19 2.054E-19 2.075E-19 2.047E-19 2.092E-19 2.098E-19 2.153E-19 2.170E-19 2.114E-19 2.127E-19
 2.187E-19 2.175E-19 2.137E-19 2.100E-19 2.178E-19 2.218E-19 2.157E-19 2.141E-19 2.145E-19 2.131E-19
 2.119E-19 2.167E-19 2.200E-19 2.186E-19 2.209E-19 2.230E-19 2.233E-19 2.235E-19 2.244E-19 2.229E-19
 2.235E-19 2.236E-19 2.219E-19 2.316E-19 2.357E-19 2.308E-19 2.285E-19 2.326E-19 2.352E-19 2.338E-19
 2.349E-19 2.368E-19 2.395E-19 2.387E-19 2.396E-19 2.422E-19 2.403E-19 2.379E-19 2.371E-19 2.337E-19
 2.304E-19 2.358E-19 2.391E-19 2.436E-19 2.499E-19 2.477E-19 2.408E-19 2.368E-19 2.350E-19 2.400E-19
 2.465E-19 2.457E-19 2.456E-19 2.531E-19 2.575E-19 2.556E-19 2.478E-19 2.486E-19 2.598E-19 2.577E-19
 2.496E-19 2.484E-19 2.536E-19 2.518E-19 2.488E-19 2.566E-19 2.631E-19 2.666E-19 2.658E-19 2.668E-19
 2.636E-19 2.623E-19 2.639E-19 2.649E-19 2.635E-19 2.687E-19 2.753E-19 2.806E-19 2.820E-19 2.739E-19
 2.685E-19 2.700E-19 2.718E-19 2.706E-19 2.747E-19 2.821E-19 2.852E-19 2.810E-19 2.762E-19 2.799E-19
 2.832E-19 2.832E-19 2.785E-19 2.746E-19 2.748E-19 2.807E-19 2.880E-19 2.884E-19 2.932E-19 2.947E-19
 2.958E-19 2.986E-19 2.960E-19 2.934E-19 2.978E-19 3.026E-19 3.021E-19 2.994E-19 3.062E-19 3.036E-19
 2.957E-19 3.011E-19 3.037E-19 3.024E-19 3.029E-19 3.049E-19 3.104E-19 3.108E-19 3.064E-19 3.022E-19
 3.062E-19 3.157E-19 3.212E-19 3.173E-19 3.090E-19 3.131E-19 3.204E-19 3.170E-19 3.153E-19 3.205E-19
 3.207E-19 3.184E-19 3.214E-19 3.285E-19 3.323E-19 3.312E-19 3.281E-19 3.277E-19 3.297E-19 3.292E-19
 3.294E-19 3.284E-19 3.335E-19 3.339E-19 3.333E-19 3.361E-19 3.373E-19 3.420E-19 3.449E-19 3.443E-19
 3.528E-19 3.593E-19 3.555E-19 3.577E-19 3.579E-19 3.534E-19 3.588E-19 3.646E-19 3.580E-19 3.581E-19
 3.624E-19 3.623E-19 3.660E-19 3.638E-19 3.593E-19 3.660E-19 3.699E-19 3.647E-19 3.654E-19 3.730E-19
 3.785E-19 3.786E-19 3.802E-19 3.820E-19 3.831E-19 3.874E-19 3.875E-19 3.851E-19 3.826E-19 3.787E-19
 3.818E-19 3.855E-19 3.850E-19 3.874E-19 3.903E-19 3.941E-19 3.952E-19 3.950E-19 3.974E-19 4.007E-19
 3.983E-19 3.903E-19 3.866E-19 3.957E-19 4.020E-19 4.003E-19 3.986E-19 3.997E-19 3.984E-19 4.029E-19
 4.101E-19 4.121E-19 4.117E-19 4.107E-19 4.077E-19 4.078E-19 4.160E-19 4.282E-19 4.313E-19 4.230E-19
 4.241E-19 4.281E-19 4.296E-19 4.315E-19 4.303E-19 4.291E-19 4.327E-19 4.322E-19 4.327E-19 4.359E-19
 4.377E-19 4.403E-19 4.407E-19 4.391E-19 4.457E-19 4.565E-19 4.535E-19 4.548E-19 4.605E-19 4.651E-19
 4.612E-19 4.556E-19 4.539E-19 4.588E-19 4.657E-19 4.642E-19 4.569E-19 4.534E-19 4.530E-19 4.554E-19
 4.653E-19 4.628E-19 4.598E-19 4.653E-19 4.679E-19 4.664E-19 4.699E-19 4.674E-19 4.674E-19 4.770E-19
 4.884E-19 4.880E-19 4.791E-19 4.766E-19 4.793E-19 4.842E-19 4.859E-19 4.864E-19 4.940E-19 4.924E-19
 4.842E-19 4.868E-19 4.919E-19 4.925E-19 4.904E-19 4.900E-19 4.943E-19 4.994E-19 4.993E-19 4.983E-19
 5.047E-19 5.086E-19 5.055E-19 5.064E-19 5.117E-19 5.111E-19 5.090E-19 5.151E-19 5.233E-19 5.240E-19
 5.238E-19 5.301E-19 5.291E-19 5.305E-19 5.317E-19 5.334E-19 5.309E-19 5.267E-19 5.287E-19 5.279E-19
 5.332E-19 5.362E-19 5.371E-19 5.373E-19 5.373E-19 5.332E-19 5.313E-19 5.388E-19 5.418E-19 5.408E-19
 5.383E-19 5.410E-19 5.455E-19 5.516E-19 5.470E-19 5.375E-19 5.362E-19 5.476E-19 5.553E-19 5.551E-19
 5.562E-19 5.560E-19 5.563E-19 5.544E-19 5.602E-19 5.671E-19 5.684E-19 5.644E-19 5.633E-19 5.717E-19
 5.780E-19 5.755E-19 5.720E-19 5.716E-19 5.689E-19 5.746E-19 5.889E-19 5.926E-19 5.857E-19 5.766E-19
 5.737E-19 5.806E-19 5.868E-19 5.841E-19 5.904E-19 5.995E-19 5.996E-19 5.982E-19 5.988E-19 5.988E-19
 6.027E-19 6.070E-19 6.073E-19 6.048E-19 6.071E-19 6.124E-19 6.175E-19 6.210E-19 6.147E-19 6.090E-19
 6.078E-19 6.076E-19 6.133E-19 6.222E-19 6.247E-19 6.138E-19 6.107E-19 6.200E-19 6.249E-19 6.211E-19
 6.234E-19 6.245E-19 6.212E-19 6.303E-19 6.378E-19 6.326E-19 6.315E-19 6.395E-19 6.386E-19 6.326E-19
 6.352E-19 6.375E-19 6.355E-19 6.371E-19 6.449E-19 6.465E-19 6.435E-19 6.416E-19 6.417E-19 6.416E-19
 6.435E-19 6.482E-19 6.557E-19 6.620E-19 6.590E-19 6.524E-19 6.582E-19 6.710E-19 6.695E-19 6.646E-19
 6.672E-19 6.676E-19 6.612E-19 6.606E-19 6.639E-19 6.687E-19 6.696E-19 6.775E-19 6.767E-19 6.762E-19
 6.775E-19 6.780E-19 6.832E-19 6.909E-19 6.879E-19 6.851E-19 6.841E-19 6.797E-19 6.838E-19 6.839E-19
 6.805E-19 6.824E-19 6.893E-19 6.914E-19 6.888E-19 6.852E-19 6.858E-19 6.831E-19 6.895E-19 7.001E-19
 7.003E-19 7.000E-19 6.974E-19 6.975E-19 6.982E-19 6.985E-19 7.035E-19 7.080E-19 7.068E-19 7.061E-19
 7.105E-19 7.181E-19 7.161E-19 7.147E-19 7.140E-19 7.113E-19 7.119E-19 7.219E-19 7.291E-19 7.287E-19
 7.243E-19 7.270E-19 7.359E-19 7.278E-19 7.191E-19 7.215E-19 7.285E-19 7.282E-19 7.292E-19 7.320E-19
 7.393E-19 7.442E-19 7.478E-19 7.420E-19 7.411E-19 7.450E-19 7.429E-19 7.393E-19 7.343E-19 7.310E-19
 7.401E-19 7.492E-19 7.491E-19 7.481E-19 7.587E-19 7.697E-19 7.681E-19 7.661E-19 7.529E-19 7.467E-19
 7.550E-19 7.612E-19 7.605E-19 7.642E-19 7.633E-19 7.640E-19 7.710E-19 7.633E-19 7.588E-19 7.589E-19
 7.577E-19 7.613E-19 7.643E-19 7.626E-19 7.630E-19 7.661E-19 7.739E-19 7.838E-19 7.840E-19 7.748E-19
 7.714E-19 7.755E-19 7.825E-19 7.884E-19 7.866E-19 7.790E-19 7.848E-19 7.886E-19 7.816E-19 7.814E-19
 7.799E-19 7.794E-19 7.850E-19 7.912E-19 7.941E-19 7.966E-19 8.012E-19 7.977E-19 7.959E-19 7.939E-19
 7.920E-19 7.984E-19 7.961E-19 7.893E-19 7.915E-19 7.959E-19 8.003E-19 8.065E-19 8.052E-19 8.008E-19
 7.999E-19 7.981E-19 8.092E-19 8.217E-19 8.192E-19 8.179E-19 8.187E-19 8.147E-19 8.074E-19 8.111E-19
 8.231E-19 8.286E-19 8.248E-19 8.142E-19 8.153E-19 8.208E-19 8.224E-19 8.294E-19 8.359E-19 8.362E-19
 8.371E-19 8.504E-19 8.477E-19 8.311E-19 8.313E-19 8.365E-19 8.348E-19 8.329E-19 8.350E-19 8.460E-19
 8.517E-19 8.403E-19 8.355E-19 8.447E-19 8.447E-19 8.394E-19 8.391E-19 8.448E-19 8.452E-19 8.534E-19
 8.512E-19 8.480E-19 8.533E-19 8.581E-19 8.624E-19 8.595E-19 8.513E-19 8.533E-19 8.570E-19 8.597E-19
 8.599E-19 8.577E-19 8.605E-19 8.607E-19 8.644E-19 8.719E-19 8.738E-19 8.645E-19 8.601E-19 8.700E-19
 8.791E-19 8.766E-19 8.771E-19 8.792E-19 8.839E-19 8.792E-19 8.748E-19 8.758E-19 8.757E-19 8.789E-19
 8.842E-19 8.826E-19 8.822E-19 8.913E-19 8.929E-19 8.875E-19 8.896E-19 8.950E-19 8.992E-19 8.984E-19
 8.978E-19 8.955E-19 8.974E-19 9.043E-19 9.086E-19 9.110E-19 9.043E-19 8.983E-19 8.974E-19 9.022E-19
 9.012E-19 9.062E-19 9.024E-19 8.957E-19 9.035E-19 9.124E-19 9.150E-19 9.134E-19 9.158E-19 9.162E-19
 9.223E-19 9.186E-19 9.094E-19 9.111E-19 9.145E-19 9.089E-19 9.199E-19 9.315E-19 9.209E-19 9.139E-19
 9.195E-19 9.229E-19 9.229E-19 9.309E-19 9.340E-19 9.287E-19 9.253E-19 9.212E-19 9.202E-19 9.308E-19
 9.307E-19 9.242E-19 9.315E-19 9.387E-19 9.432E-19 9.377E-19 9.402E-19 9.511E-19 9.510E-19 9.491E-19
 9.612E-19 9.700E-19 9.664E-19 9.640E-19 9.660E-19 9.603E-19 9.581E-19 9.593E-19 9.622E-19 9.633E-19
 9.639E-19 9.639E-19 9.687E-19 9.749E-19 9.673E-19 9.664E-19 9.717E-19 9.713E-19 9.771E-19 9.838E-19
 9.758E-19 9.733E-19 9.765E-19 9.749E-19 9.784E-19 9.883E-19 9.886E-19 9.879E-19 9.877E-19 9.924E-19
 9.970E-19 9.938E-19 9.932E-19 1.001E-18 9.949E-19 9.843E-19 9.820E-19 9.962E-19 1.009E-18 1.011E-18
 1.006E-18 9.984E-19 1.003E-18 1.012E-18 1.016E-18 1.017E-18 1.017E-18 1.012E-18 1.005E-18 1.013E-18
 1.016E-18 1.007E-18 1.006E-18 1.020E-18 1.026E-18 1.024E-18 1.027E-18 1.029E-18 1.021E-18 1.023E-18
 1.030E-18 1.031E-18 1.032E-18 1.030E-18 1.032E-18 1.030E-18 1.034E-18 1.042E-18 1.042E-18 1.043E-18
 1.052E-18 1.048E-18 1.043E-18 1.045E-18 1.046E-18 1.048E-18 1.056E-18 1.058E-18 1.057E-18 1.059E-18
 1.057E-18 1.058E-18 1.062E-18 1.062E-18 1.070E-18 1.075E-18 1.079E-18 1.077E-18 1.060E-18 1.055E-18
 1.057E-18 1.065E-18 1.082E-18 1.092E-18 1.082E-18 1.076E-18 1.080E-18 1.082E-18 1.086E-18 1.094E-18
 1.090E-18 1.085E-18 1.091E-18 1.087E-18 1.089E-18 1.097E-18 1.105E-18 1.103E-18 1.090E-18 1.088E-18
 1.094E-18 1.110E-18 1.104E-18 1.106E-18 1.111E-18 1.100E-18 1.101E-18 1.111E-18 1.121E-18 1.125E-18
 1.126E-18 1.132E-18 1.138E-18 1.136E-18 1.126E-18 1.127E-18 1.121E-18 1.113E-18 1.125E-18 1.124E-18
 1.131E-18 1.138E-18 1.128E-18 1.133E-18 1.142E-18 1.144E-18 1.148E-18 1.154E-18 1.156E-18 1.147E-18
 1.145E-18 1.145E-18 1.148E-18 1.158E-18 1.162E-18 1.157E-18 1.153E-18 1.163E-18 1.171E-18 1.170E-18
 1.162E-18 1.164E-18 1.168E-18 1.165E-18 1.166E-18 1.168E-18 1.175E-18 1.174E-18 1.176E-18 1.184E-18
 1.183E-18 1.183E-18 1.180E-18 1.175E-18 1.175E-18 1.182E-18 1.198E-18 1.207E-18 1.202E-18 1.203E-18
 1.213E-18 1.208E-18 1.193E-18 1.190E-18 1.190E-18 1.195E-18 1.198E-18 1.200E-18 1.206E-18 1.208E-18
 1.211E-18 1.210E-18 1.204E-18 1.196E-18 1.198E-18 1.210E-18 1.211E-18 1.204E-18 1.208E-18 1.205E-18
 1.205E-18 1.207E-18 1.205E-18 1.211E-18 1.226E-18 1.233E-18 1.239E-18 1.238E-18 1.237E-18 1.229E-18
 1.215E-18 1.210E-18 1.218E-18 1.239E-18 1.244E-18 1.236E-18 1.233E-18 1.230E-18 1.237E-18 1.245E-18
 1.241E-18 1.229E-18 1.224E-18 1.232E-18 1.240E-18 1.242E-18 1.240E-18 1.241E-18 1.245E-18 1.237E-18
 1.244E-18 1.255E-18 1.257E-18 1.257E-18 1.258E-18 1.262E-18 1.267E-18 1.265E-18 1.267E-18 1.270E-18
 1.259E-18 1.259E-18 1.261E-18 1.262E-18 1.258E-18 1.255E-18 1.252E-18 1.258E-18 1.264E-18 1.269E-18
 1.280E-18 1.280E-18 1.273E-18 1.277E-18 1.283E-18 1.277E-18 1.268E-18 1.266E-18 1.259E-18 1.259E-18
 1.269E-18 1.285E-18 1.286E-18 1.281E-18 1.276E-18 1.276E-18 1.275E-18 1.276E-18 1.273E-18 1.264E-18
 1.268E-18 1.275E-18 1.284E-18 1.282E-18 1.283E-18 1.283E-18 1.286E-18 1.302E-18 1.301E-18 1.298E-18
 1.305E-18 1.295E-18 1.288E-18 1.293E-18 1.301E-18 1.299E-18 1.283E-18 1.274E-18 1.287E-18 1.291E-18
 1.287E-18 1.289E-18 1.287E-18 1.275E-18 1.270E-18 1.279E-18 1.281E-18 1.281E-18 1.288E-18 1.294E-18
 1.280E-18 1.270E-18 1.279E-18 1.272E-18 1.257E-18 1.256E-18 1.266E-18 1.273E-18 1.270E-18 1.268E-18
 1.275E-18 1.277E-18 1.270E-18 1.263E-18 1.260E-18 1.262E-18 1.261E-18 1.261E-18 1.280E-18 1.284E-18
 1.275E-18 1.277E-18 1.280E-18 1.280E-18 1.280E-18 1.279E-18 1.287E-18 1.299E-18 1.291E-18 1.276E-18
 1.277E-18 1.285E-18 1.282E-18 1.271E-18 1.263E-18 1.281E-18 1.290E-18 1.273E-18 1.270E-18 1.273E-18
 1.268E-18 1.261E-18 1.262E-18 1.271E-18 1.279E-18 1.272E-18 1.255E-18 1.255E-18 1.262E-18 1.263E-18
 1.261E-18 1.258E-18 1.254E-18 1.258E-18 1.263E-18 1.257E-18 1.253E-18 1.252E-18 1.242E-18 1.235E-18
 1.244E-18 1.254E-18 1.252E-18 1.242E-18 1.230E-18 1.219E-18 1.216E-18 1.230E-18 1.238E-18 1.231E-18
 1.232E-18 1.236E-18 1.237E-18 1.230E-18 1.218E-18 1.214E-18 1.220E-18 1.212E-18 1.215E-18 1.228E-18
 1.234E-18 1.239E-18 1.227E-18 1.216E-18 1.217E-18 1.211E-18 1.198E-18 1.199E-18 1.202E-18 1.188E-18
 1.193E-18 1.201E-18 1.198E-18 1.206E-18 1.209E-18 1.199E-18 1.196E-18 1.198E-18 1.189E-18 1.189E-18
 1.198E-18 1.196E-18 1.194E-18 1.193E-18 1.181E-18 1.168E-18 1.170E-18 1.166E-18 1.159E-18 1.156E-18
 1.163E-18 1.163E-18 1.160E-18 1.158E-18 1.150E-18 1.142E-18 1.143E-18 1.145E-18 1.139E-18 1.133E-18
 1.128E-18 1.117E-18 1.116E-18 1.127E-18 1.123E-18 1.106E-18 1.088E-18 1.082E-18 1.079E-18 1.085E-18
 1.094E-18 1.092E-18 1.085E-18 1.076E-18 1.065E-18 1.069E-18 1.079E-18 1.080E-18 1.073E-18 1.063E-18
 1.049E-18 1.037E-18 1.035E-18 1.040E-18 1.048E-18 1.043E-18 1.043E-18 1.052E-18 1.058E-18 1.059E-18
 1.056E-18 1.063E-18 1.058E-18 1.049E-18 1.052E-18 1.049E-18 1.053E-18 1.057E-18 1.045E-18 1.038E-18
 1.035E-18 1.035E-18 1.037E-18 1.040E-18 1.036E-18 1.034E-18 1.026E-18 1.025E-18 1.025E-18 1.014E-18
 1.009E-18 1.007E-18 1.006E-18 1.006E-18 1.005E-18 1.002E-18 9.890E-19 9.840E-19 9.812E-19 9.688E-19
 9.580E-19 9.649E-19 9.730E-19 9.613E-19 9.534E-19 9.540E-19 9.565E-19 9.590E-19 9.626E-19 9.601E-19
 9.551E-19 9.481E-19 9.396E-19 9.400E-19 9.417E-19 9.247E-19 9.170E-19 9.152E-19 9.131E-19 9.052E-19
 8.983E-19 9.061E-19 9.056E-19 8.979E-19 8.978E-19 8.947E-19 8.880E-19 8.854E-19 8.837E-19 8.867E-19
 8.894E-19 8.879E-19 8.828E-19 8.807E-19 8.794E-19 8.775E-19 8.723E-19 8.706E-19 8.744E-19 8.645E-19
 8.667E-19 8.714E-19 8.647E-19 8.631E-19 8.640E-19 8.596E-19 8.574E-19 8.578E-19 8.623E-19 8.564E-19
 8.492E-19 8.531E-19 8.501E-19 8.436E-19 8.334E-19 8.235E-19 8.273E-19 8.362E-19 8.397E-19 8.399E-19
 8.345E-19 8.310E-19 8.298E-19 8.224E-19 8.241E-19 8.329E-19 8.421E-19 8.480E-19 8.438E-19 8.374E-19
 8.375E-19 8.376E-19 8.292E-19 8.236E-19 8.278E-19 8.408E-19 8.406E-19 8.361E-19 8.392E-19 8.308E-19
 8.274E-19 8.328E-19 8.319E-19 8.325E-19 8.367E-19 8.370E-19 8.340E-19 8.369E-19 8.361E-19 8.346E-19
 8.333E-19 8.331E-19 8.311E-19 8.202E-19 8.219E-19 8.329E-19 8.383E-19 8.273E-19 8.205E-19 8.208E-19
 8.242E-19 8.308E-19 8.366E-19 8.487E-19 8.516E-19 8.396E-19 8.362E-19 8.435E-19 8.470E-19 8.407E-19
 8.274E-19 8.229E-19 8.242E-19 8.307E-19 8.335E-19 8.284E-19 8.269E-19 8.308E-19 8.266E-19 8.250E-19
 8.287E-19 8.312E-19 8.409E-19 8.449E-19 8.362E-19 8.422E-19 8.477E-19 8.333E-19 8.264E-19 8.306E-19
 8.340E-19 8.323E-19 8.266E-19 8.326E-19 8.417E-19 8.426E-19 8.456E-19 8.477E-19 8.404E-19 8.359E-19
 8.328E-19 8.377E-19 8.409E-19 8.366E-19 8.337E-19 8.368E-19 8.371E-19 8.412E-19 8.460E-19 8.507E-19
 8.529E-19 8.497E-19 8.422E-19 8.477E-19 8.503E-19 8.451E-19 8.399E-19 8.326E-19 8.305E-19 8.376E-19
 8.357E-19 8.336E-19 8.369E-19 8.342E-19 8.354E-19 8.357E-19 8.349E-19 8.280E-19 8.202E-19 8.286E-19
 8.419E-19 8.369E-19 8.383E-19 8.289E-19 8.210E-19 8.302E-19 8.363E-19 8.363E-19 8.291E-19 8.273E-19
 8.318E-19 8.284E-19 8.280E-19 8.342E-19 8.417E-19 8.367E-19 8.348E-19 8.335E-19 8.284E-19 8.260E-19
 8.289E-19 8.227E-19 8.216E-19 8.203E-19 8.212E-19 8.226E-19 8.196E-19 8.192E-19 8.245E-19 8.249E-19
 8.209E-19 8.227E-19 8.229E-19 8.165E-19 8.113E-19 8.125E-19 8.065E-19 8.081E-19 8.024E-19 7.989E-19
 8.042E-19 8.101E-19 8.131E-19 8.033E-19 8.005E-19 8.112E-19 8.100E-19 8.071E-19 8.006E-19 7.924E-19
 7.997E-19 7.988E-19 7.970E-19 7.911E-19 7.849E-19 8.020E-19 8.109E-19 7.989E-19 7.930E-19 7.858E-19
 7.814E-19 7.809E-19 7.791E-19 7.841E-19 7.876E-19 7.892E-19 7.854E-19 7.787E-19 7.777E-19 7.734E-19
 7.740E-19 7.763E-19 7.699E-19 7.766E-19 7.776E-19 7.722E-19 7.756E-19 7.660E-19 7.636E-19 7.684E-19
 7.668E-19 7.597E-19 7.540E-19 7.567E-19 7.614E-19 7.568E-19 7.568E-19 7.495E-19 7.374E-19 7.343E-19
 7.300E-19 7.376E-19 7.389E-19 7.406E-19 7.446E-19 7.425E-19 7.417E-19 7.346E-19 7.169E-19 7.118E-19
 7.236E-19 7.350E-19 7.316E-19 7.218E-19 7.245E-19 7.244E-19 7.219E-19 7.171E-19 7.082E-19 7.077E-19
 7.114E-19 7.210E-19 7.245E-19 7.117E-19 7.010E-19 7.011E-19 7.063E-19 7.089E-19 7.024E-19 6.918E-19
 6.875E-19 6.875E-19 6.858E-19 6.772E-19 6.809E-19 6.840E-19 6.824E-19 6.800E-19 6.738E-19 6.753E-19
 6.715E-19 6.769E-19 6.759E-19 6.689E-19 6.673E-19 6.653E-19 6.598E-19 6.625E-19 6.572E-19 6.521E-19
 6.508E-19 6.512E-19 6.463E-19 6.397E-19 6.442E-19 6.424E-19 6.354E-19 6.246E-19 6.258E-19 6.300E-19
 6.236E-19 6.261E-19 6.221E-19 6.129E-19 6.148E-19 6.251E-19 6.253E-19 6.121E-19 5.999E-19 5.982E-19
 6.032E-19 6.146E-19 6.121E-19 6.025E-19 6.075E-19 6.043E-19 6.018E-19 6.025E-19 5.957E-19 5.851E-19
 5.793E-19 5.825E-19 5.808E-19 5.770E-19 5.780E-19 5.780E-19 5.820E-19 5.809E-19 5.766E-19 5.708E-19
 5.716E-19 5.734E-19 5.718E-19 5.710E-19 5.706E-19 5.594E-19 5.525E-19 5.523E-19 5.447E-19 5.412E-19
 5.466E-19 5.462E-19 5.365E-19 5.304E-19 5.365E-19 5.379E-19 5.306E-19 5.294E-19 5.283E-19 5.262E-19
 5.217E-19 5.177E-19 5.215E-19 5.239E-19 5.232E-19 5.175E-19 5.151E-19 5.105E-19 5.094E-19 5.057E-19
 5.022E-19 5.062E-19 5.085E-19 5.102E-19 5.061E-19 4.973E-19 4.996E-19 4.947E-19 4.847E-19 4.818E-19
 4.784E-19 4.812E-19 4.823E-19 4.768E-19 4.766E-19 4.655E-19 4.604E-19 4.610E-19 4.570E-19 4.605E-19
 4.592E-19 4.555E-19 4.542E-19 4.550E-19 4.605E-19 4.483E-19 4.412E-19 4.451E-19 4.446E-19 4.376E-19
 4.347E-19 4.427E-19 4.381E-19 4.384E-19 4.370E-19 4.339E-19 4.261E-19 4.174E-19 4.205E-19 4.257E-19
 4.303E-19 4.273E-19 4.239E-19 4.231E-19 4.191E-19 4.127E-19 4.041E-19 4.064E-19 4.048E-19 3.983E-19
 3.964E-19 3.943E-19 3.936E-19 3.894E-19 3.826E-19 3.900E-19 3.875E-19 3.795E-19 3.732E-19 3.803E-19
 3.842E-19 3.746E-19 3.647E-19 3.598E-19 3.615E-19 3.622E-19 3.609E-19 3.641E-19 3.682E-19 3.623E-19
 3.582E-19 3.584E-19 3.568E-19 3.539E-19 3.492E-19 3.509E-19 3.459E-19 3.467E-19 3.463E-19 3.424E-19
 3.436E-19 3.406E-19 3.365E-19 3.345E-19 3.349E-19 3.304E-19 3.342E-19 3.347E-19 3.292E-19 3.202E-19
 3.165E-19 3.182E-19 3.148E-19 3.142E-19 3.124E-19 3.136E-19 3.133E-19 3.095E-19 3.069E-19 3.053E-19
 2.999E-19 2.921E-19 2.933E-19 2.964E-19 2.981E-19 2.999E-19 2.968E-19 2.929E-19 2.911E-19 2.892E-19
 2.871E-19 2.862E-19 2.825E-19 2.752E-19 2.783E-19 2.822E-19 2.760E-19 2.686E-19 2.685E-19 2.691E-19
 2.743E-19 2.723E-19 2.660E-19 2.646E-19 2.643E-19 2.640E-19 2.620E-19 2.591E-19 2.547E-19 2.559E-19
 2.569E-19 2.600E-19 2.607E-19 2.532E-19 2.557E-19 2.544E-19 2.491E-19 2.449E-19 2.442E-19 2.431E-19
 2.370E-19 2.334E-19 2.340E-19 2.345E-19 2.359E-19 2.296E-19 2.230E-19 2.255E-19 2.200E-19 2.131E-19
 2.163E-19 2.233E-19 2.288E-19 2.312E-19 2.237E-19 2.162E-19 2.196E-19 2.220E-19 2.176E-19 2.116E-19
 2.093E-19 2.087E-19 2.045E-19 1.986E-19 1.970E-19 2.007E-19 2.052E-19 2.051E-19 2.032E-19 2.014E-19
 2.029E-19 2.020E-19 1.971E-19 1.993E-19 1.969E-19 1.896E-19 1.873E-19 1.834E-19 1.835E-19 1.841E-19
 1.795E-19 1.773E-19 1.812E-19 1.839E-19 1.766E-19 1.712E-19 1.756E-19 1.751E-19 1.726E-19 1.761E-19
 1.781E-19 1.762E-19 1.714E-19 1.699E-19 1.726E-19 1.730E-19 1.706E-19 1.695E-19 1.701E-19 1.754E-19
 1.752E-19 1.710E-19 1.705E-19 1.700E-19 1.636E-19 1.593E-19 1.553E-19 1.524E-19 1.538E-19 1.519E-19
 1.475E-19 1.437E-19 1.415E-19 1.397E-19 1.403E-19 1.421E-19 1.454E-19 1.423E-19 1.390E-19 1.380E-19
 1.330E-19 1.317E-19 1.325E-19 1.330E-19 1.324E-19 1.347E-19 1.341E-19 1.366E-19 1.418E-19 1.392E-19
 1.327E-19 1.307E-19 1.276E-19 1.301E-19 1.406E-19 1.427E-19 1.402E-19 1.333E-19 1.280E-19 1.263E-19
 1.222E-19 1.188E-19 1.205E-19 1.263E-19 1.253E-19 1.194E-19 1.165E-19 1.177E-19 1.149E-19 1.095E-19
 1.097E-19 1.108E-19 1.145E-19 1.184E-19 1.167E-19 1.166E-19 1.148E-19 1.060E-19 1.020E-19 1.036E-19
 1.031E-19 1.008E-19 1.029E-19 1.063E-19 1.035E-19 1.009E-19 1.002E-19 9.985E-20 1.011E-19 9.893E-20
 9.569E-20 9.748E-20 9.834E-20 1.008E-19 9.850E-20 9.528E-20 9.358E-20 8.872E-20 8.925E-20 9.134E-20
 9.048E-20 9.743E-20 9.941E-20 9.071E-20 8.670E-20 8.954E-20 9.003E-20 8.903E-20 8.761E-20 8.465E-20
 8.639E-20 8.851E-20 8.787E-20 8.516E-20 8.369E-20 8.040E-20 7.465E-20 7.212E-20 7.481E-20 7.660E-20
 7.804E-20 8.010E-20 8.097E-20 7.694E-20 7.478E-20 7.129E-20 7.351E-20 7.505E-20 7.207E-20 6.763E-20
 7.251E-20 7.930E-20 7.938E-20 7.669E-20 7.691E-20 7.772E-20 7.398E-20 7.013E-20 6.862E-20 6.818E-20
 6.361E-20 6.037E-20 6.037E-20 6.024E-20 5.983E-20 6.272E-20 6.538E-20 6.763E-20 6.530E-20 5.618E-20
 5.166E-20 5.397E-20 5.659E-20 5.455E-20 5.377E-20 5.581E-20 5.905E-20 6.201E-20 6.094E-20 6.424E-20
 6.722E-20 6.124E-20 4.955E-20 4.805E-20 5.116E-20 5.353E-20 5.526E-20 5.596E-20 5.539E-20 5.508E-20
 5.945E-20 6.224E-20 5.726E-20 5.290E-20 5.458E-20 5.567E-20 5.651E-20 5.777E-20 4.998E-20 4.709E-20
 4.534E-20 4.490E-20 5.019E-20 5.211E-20 0.000E+00 0.000E+00 0.000E+00 0.000E+00 0.000E+00 0.000E+00
