    C2ClF5 1110.0010 1144.9950      2360  233.0000    0.0000 1.742E-18  NCAR    CFC-115
 5.276E-20 5.523E-20 4.673E-20 3.995E-20 3.908E-20 3.987E-20 3.203E-20 2.905E-20 3.320E-20 3.758E-20
 4.145E-20 4.301E-20 4.280E-20 3.149E-20 2.873E-20 3.662E-20 4.008E-20 4.007E-20 3.865E-20 4.546E-20
 4.669E-20 4.332E-20 4.687E-20 5.175E-20 4.783E-20 4.492E-20 4.621E-20 4.800E-20 4.804E-20 5.320E-20
 5.593E-20 5.414E-20 5.028E-20 4.485E-20 4.123E-20 4.476E-20 5.011E-20 4.573E-20 4.242E-20 4.986E-20
 5.038E-20 4.336E-20 3.714E-20 3.844E-20 4.389E-20 4.915E-20 5.152E-20 5.447E-20 5.818E-20 5.279E-20
 5.227E-20 5.271E-20 5.334E-20 5.399E-20 5.477E-20 6.157E-20 6.309E-20 5.977E-20 6.258E-20 5.768E-20
 5.016E-20 4.644E-20 5.140E-20 5.811E-20 5.355E-20 4.745E-20 5.108E-20 5.349E-20 4.815E-20 4.483E-20
 4.618E-20 5.557E-20 6.125E-20 5.245E-20 4.960E-20 5.095E-20 5.624E-20 6.108E-20 6.131E-20 5.289E-20
 4.770E-20 4.784E-20 4.824E-20 4.987E-20 5.245E-20 5.372E-20 5.062E-20 4.812E-20 5.100E-20 5.355E-20
 4.960E-20 4.900E-20 5.588E-20 5.951E-20 5.435E-20 4.905E-20 5.192E-20 6.315E-20 6.526E-20 6.449E-20
 6.825E-20 6.868E-20 6.467E-20 6.540E-20 6.951E-20 6.323E-20 6.041E-20 6.342E-20 6.362E-20 6.342E-20
 7.431E-20 7.771E-20 6.437E-20 5.883E-20 5.480E-20 5.251E-20 6.001E-20 6.761E-20 6.474E-20 6.480E-20
 6.202E-20 6.256E-20 6.855E-20 7.040E-20 6.543E-20 5.809E-20 6.330E-20 6.741E-20 7.183E-20 7.234E-20
 6.740E-20 6.628E-20 6.178E-20 5.928E-20 5.672E-20 6.172E-20 6.499E-20 6.364E-20 6.411E-20 7.194E-20
 8.085E-20 7.331E-20 6.888E-20 6.941E-20 6.577E-20 6.947E-20 7.070E-20 6.665E-20 6.645E-20 7.164E-20
 7.514E-20 7.653E-20 7.688E-20 7.613E-20 8.178E-20 8.022E-20 7.453E-20 7.418E-20 7.092E-20 6.485E-20
 6.782E-20 6.931E-20 5.916E-20 5.576E-20 6.103E-20 6.877E-20 7.315E-20 7.088E-20 6.676E-20 6.523E-20
 6.209E-20 5.763E-20 6.489E-20 7.377E-20 6.910E-20 6.366E-20 6.458E-20 7.238E-20 8.155E-20 7.728E-20
 7.644E-20 7.710E-20 7.167E-20 7.799E-20 8.243E-20 7.963E-20 7.294E-20 7.022E-20 7.558E-20 8.127E-20
 8.114E-20 8.163E-20 8.073E-20 8.631E-20 9.173E-20 8.510E-20 7.631E-20 7.633E-20 7.981E-20 7.386E-20
 6.847E-20 7.924E-20 8.265E-20 7.589E-20 7.689E-20 8.042E-20 7.835E-20 6.797E-20 6.450E-20 6.568E-20
 7.609E-20 8.286E-20 7.998E-20 8.104E-20 8.320E-20 8.059E-20 8.267E-20 7.852E-20 8.000E-20 8.942E-20
 8.763E-20 8.927E-20 9.844E-20 9.999E-20 9.862E-20 9.690E-20 9.478E-20 9.589E-20 9.671E-20 8.721E-20
 8.186E-20 8.211E-20 8.159E-20 7.805E-20 8.147E-20 8.785E-20 8.451E-20 8.209E-20 9.334E-20 1.007E-19
 9.964E-20 9.620E-20 8.934E-20 8.943E-20 9.427E-20 1.011E-19 9.807E-20 8.952E-20 9.225E-20 1.022E-19
 1.085E-19 1.073E-19 1.020E-19 1.043E-19 9.756E-20 9.592E-20 9.439E-20 9.770E-20 1.036E-19 1.023E-19
 1.054E-19 1.096E-19 1.065E-19 1.071E-19 1.055E-19 9.846E-20 1.026E-19 1.088E-19 1.125E-19 1.066E-19
 9.868E-20 9.691E-20 9.940E-20 9.939E-20 1.011E-19 1.094E-19 1.103E-19 1.085E-19 1.128E-19 1.113E-19
 1.092E-19 1.119E-19 1.150E-19 1.129E-19 1.159E-19 1.190E-19 1.115E-19 1.110E-19 1.136E-19 1.162E-19
 1.170E-19 1.123E-19 1.078E-19 1.108E-19 1.180E-19 1.179E-19 1.172E-19 1.184E-19 1.114E-19 1.055E-19
 1.144E-19 1.159E-19 1.096E-19 1.081E-19 1.060E-19 1.092E-19 1.164E-19 1.232E-19 1.210E-19 1.163E-19
 1.224E-19 1.345E-19 1.349E-19 1.261E-19 1.259E-19 1.256E-19 1.203E-19 1.156E-19 1.171E-19 1.244E-19
 1.258E-19 1.305E-19 1.399E-19 1.414E-19 1.446E-19 1.443E-19 1.452E-19 1.450E-19 1.337E-19 1.312E-19
 1.320E-19 1.344E-19 1.399E-19 1.357E-19 1.302E-19 1.277E-19 1.257E-19 1.268E-19 1.250E-19 1.271E-19
 1.396E-19 1.445E-19 1.427E-19 1.474E-19 1.465E-19 1.422E-19 1.446E-19 1.478E-19 1.396E-19 1.372E-19
 1.455E-19 1.498E-19 1.495E-19 1.505E-19 1.521E-19 1.464E-19 1.459E-19 1.439E-19 1.399E-19 1.402E-19
 1.450E-19 1.437E-19 1.393E-19 1.418E-19 1.435E-19 1.422E-19 1.413E-19 1.479E-19 1.541E-19 1.566E-19
 1.569E-19 1.528E-19 1.495E-19 1.461E-19 1.434E-19 1.508E-19 1.574E-19 1.574E-19 1.536E-19 1.600E-19
 1.637E-19 1.671E-19 1.736E-19 1.698E-19 1.640E-19 1.637E-19 1.664E-19 1.691E-19 1.761E-19 1.743E-19
 1.678E-19 1.662E-19 1.682E-19 1.656E-19 1.546E-19 1.564E-19 1.626E-19 1.662E-19 1.676E-19 1.756E-19
 1.740E-19 1.702E-19 1.736E-19 1.709E-19 1.744E-19 1.751E-19 1.753E-19 1.787E-19 1.799E-19 1.801E-19
 1.787E-19 1.761E-19 1.780E-19 1.758E-19 1.738E-19 1.728E-19 1.833E-19 1.879E-19 1.877E-19 1.846E-19
 1.789E-19 1.799E-19 1.802E-19 1.838E-19 1.861E-19 1.857E-19 1.894E-19 1.858E-19 1.858E-19 1.896E-19
 1.883E-19 1.899E-19 1.956E-19 1.945E-19 1.926E-19 1.972E-19 2.030E-19 2.006E-19 1.900E-19 1.959E-19
 1.985E-19 1.943E-19 1.914E-19 1.914E-19 1.931E-19 1.977E-19 2.005E-19 2.029E-19 2.063E-19 2.046E-19
 2.040E-19 2.121E-19 2.101E-19 2.079E-19 2.145E-19 2.120E-19 1.998E-19 1.994E-19 2.081E-19 2.069E-19
 2.102E-19 2.173E-19 2.205E-19 2.183E-19 2.192E-19 2.122E-19 2.051E-19 2.129E-19 2.257E-19 2.245E-19
 2.215E-19 2.266E-19 2.207E-19 2.159E-19 2.266E-19 2.367E-19 2.277E-19 2.097E-19 2.100E-19 2.234E-19
 2.302E-19 2.313E-19 2.328E-19 2.322E-19 2.307E-19 2.370E-19 2.361E-19 2.310E-19 2.338E-19 2.295E-19
 2.215E-19 2.210E-19 2.266E-19 2.280E-19 2.349E-19 2.345E-19 2.321E-19 2.441E-19 2.507E-19 2.467E-19
 2.445E-19 2.484E-19 2.490E-19 2.512E-19 2.490E-19 2.456E-19 2.450E-19 2.419E-19 2.482E-19 2.578E-19
 2.587E-19 2.609E-19 2.552E-19 2.524E-19 2.579E-19 2.629E-19 2.631E-19 2.590E-19 2.601E-19 2.620E-19
 2.569E-19 2.533E-19 2.543E-19 2.580E-19 2.562E-19 2.555E-19 2.653E-19 2.705E-19 2.671E-19 2.620E-19
 2.574E-19 2.633E-19 2.730E-19 2.785E-19 2.802E-19 2.822E-19 2.805E-19 2.798E-19 2.802E-19 2.717E-19
 2.726E-19 2.788E-19 2.798E-19 2.776E-19 2.733E-19 2.757E-19 2.806E-19 2.873E-19 2.916E-19 2.932E-19
 2.900E-19 2.946E-19 3.026E-19 3.002E-19 2.977E-19 2.985E-19 3.030E-19 2.998E-19 2.864E-19 2.805E-19
 2.847E-19 2.884E-19 2.983E-19 3.079E-19 3.066E-19 2.998E-19 3.084E-19 3.093E-19 3.066E-19 3.096E-19
 3.011E-19 3.003E-19 3.079E-19 3.182E-19 3.244E-19 3.253E-19 3.229E-19 3.185E-19 3.167E-19 3.124E-19
 3.100E-19 3.061E-19 3.131E-19 3.291E-19 3.255E-19 3.209E-19 3.245E-19 3.264E-19 3.259E-19 3.298E-19
 3.291E-19 3.244E-19 3.300E-19 3.383E-19 3.462E-19 3.458E-19 3.373E-19 3.309E-19 3.362E-19 3.390E-19
 3.455E-19 3.492E-19 3.466E-19 3.431E-19 3.504E-19 3.527E-19 3.522E-19 3.553E-19 3.569E-19 3.620E-19
 3.650E-19 3.597E-19 3.504E-19 3.513E-19 3.559E-19 3.558E-19 3.539E-19 3.565E-19 3.627E-19 3.644E-19
 3.595E-19 3.550E-19 3.497E-19 3.512E-19 3.630E-19 3.730E-19 3.655E-19 3.669E-19 3.765E-19 3.779E-19
 3.761E-19 3.777E-19 3.807E-19 3.812E-19 3.797E-19 3.894E-19 3.959E-19 3.936E-19 3.953E-19 3.952E-19
 3.925E-19 3.897E-19 3.917E-19 3.954E-19 3.978E-19 4.028E-19 4.041E-19 4.028E-19 4.088E-19 4.098E-19
 3.969E-19 4.029E-19 4.110E-19 4.023E-19 3.978E-19 4.001E-19 4.093E-19 4.135E-19 4.109E-19 4.106E-19
 4.101E-19 4.105E-19 4.122E-19 4.184E-19 4.149E-19 4.101E-19 4.162E-19 4.171E-19 4.164E-19 4.167E-19
 4.193E-19 4.213E-19 4.208E-19 4.203E-19 4.314E-19 4.338E-19 4.291E-19 4.324E-19 4.477E-19 4.539E-19
 4.442E-19 4.463E-19 4.536E-19 4.505E-19 4.397E-19 4.369E-19 4.410E-19 4.427E-19 4.461E-19 4.472E-19
 4.473E-19 4.560E-19 4.619E-19 4.593E-19 4.632E-19 4.680E-19 4.638E-19 4.639E-19 4.667E-19 4.646E-19
 4.649E-19 4.751E-19 4.744E-19 4.745E-19 4.766E-19 4.688E-19 4.660E-19 4.769E-19 4.850E-19 4.804E-19
 4.760E-19 4.815E-19 4.854E-19 4.883E-19 4.926E-19 4.921E-19 4.902E-19 4.861E-19 4.910E-19 4.955E-19
 4.977E-19 5.011E-19 5.065E-19 5.024E-19 4.976E-19 4.990E-19 4.986E-19 4.949E-19 4.929E-19 4.950E-19
 5.021E-19 5.117E-19 5.085E-19 5.068E-19 5.140E-19 5.210E-19 5.218E-19 5.187E-19 5.172E-19 5.168E-19
 5.142E-19 5.193E-19 5.241E-19 5.223E-19 5.204E-19 5.227E-19 5.243E-19 5.234E-19 5.253E-19 5.286E-19
 5.391E-19 5.449E-19 5.413E-19 5.407E-19 5.399E-19 5.425E-19 5.428E-19 5.406E-19 5.414E-19 5.490E-19
 5.594E-19 5.559E-19 5.457E-19 5.456E-19 5.541E-19 5.547E-19 5.543E-19 5.576E-19 5.604E-19 5.622E-19
 5.667E-19 5.692E-19 5.701E-19 5.639E-19 5.623E-19 5.642E-19 5.687E-19 5.788E-19 5.846E-19 5.750E-19
 5.698E-19 5.774E-19 5.749E-19 5.773E-19 5.775E-19 5.682E-19 5.634E-19 5.847E-19 6.030E-19 5.947E-19
 5.897E-19 5.863E-19 5.835E-19 5.952E-19 6.062E-19 6.045E-19 6.049E-19 6.066E-19 6.045E-19 5.944E-19
 5.950E-19 5.988E-19 6.010E-19 6.111E-19 6.150E-19 6.165E-19 6.213E-19 6.153E-19 6.122E-19 6.217E-19
 6.189E-19 6.127E-19 6.162E-19 6.287E-19 6.294E-19 6.221E-19 6.207E-19 6.257E-19 6.281E-19 6.281E-19
 6.320E-19 6.404E-19 6.415E-19 6.372E-19 6.324E-19 6.320E-19 6.358E-19 6.451E-19 6.462E-19 6.457E-19
 6.567E-19 6.558E-19 6.562E-19 6.639E-19 6.630E-19 6.634E-19 6.644E-19 6.608E-19 6.592E-19 6.648E-19
 6.673E-19 6.731E-19 6.806E-19 6.804E-19 6.820E-19 6.793E-19 6.793E-19 6.799E-19 6.859E-19 6.853E-19
 6.765E-19 6.810E-19 6.850E-19 6.739E-19 6.682E-19 6.671E-19 6.679E-19 6.738E-19 6.879E-19 6.943E-19
 6.949E-19 6.903E-19 6.840E-19 6.856E-19 6.943E-19 6.971E-19 6.920E-19 7.011E-19 7.135E-19 7.085E-19
 7.004E-19 7.042E-19 7.134E-19 7.107E-19 7.092E-19 7.102E-19 7.120E-19 7.155E-19 7.210E-19 7.279E-19
 7.225E-19 7.167E-19 7.189E-19 7.182E-19 7.193E-19 7.231E-19 7.246E-19 7.320E-19 7.357E-19 7.382E-19
 7.321E-19 7.280E-19 7.340E-19 7.375E-19 7.316E-19 7.363E-19 7.454E-19 7.497E-19 7.523E-19 7.505E-19
 7.492E-19 7.534E-19 7.571E-19 7.584E-19 7.576E-19 7.637E-19 7.611E-19 7.585E-19 7.650E-19 7.646E-19
 7.623E-19 7.637E-19 7.674E-19 7.614E-19 7.613E-19 7.714E-19 7.739E-19 7.687E-19 7.617E-19 7.642E-19
 7.666E-19 7.714E-19 7.742E-19 7.739E-19 7.708E-19 7.783E-19 7.921E-19 7.947E-19 7.891E-19 7.824E-19
 7.838E-19 7.904E-19 7.880E-19 7.821E-19 7.911E-19 7.963E-19 7.981E-19 8.042E-19 8.031E-19 7.965E-19
 7.949E-19 8.067E-19 8.123E-19 8.039E-19 8.054E-19 8.135E-19 8.106E-19 8.007E-19 7.967E-19 8.037E-19
 8.050E-19 8.033E-19 8.136E-19 8.167E-19 8.201E-19 8.225E-19 8.288E-19 8.277E-19 8.168E-19 8.142E-19
 8.308E-19 8.416E-19 8.400E-19 8.352E-19 8.271E-19 8.175E-19 8.138E-19 8.222E-19 8.290E-19 8.290E-19
 8.260E-19 8.307E-19 8.380E-19 8.356E-19 8.336E-19 8.376E-19 8.340E-19 8.271E-19 8.249E-19 8.247E-19
 8.342E-19 8.473E-19 8.516E-19 8.491E-19 8.499E-19 8.326E-19 8.296E-19 8.396E-19 8.353E-19 8.272E-19
 8.261E-19 8.303E-19 8.325E-19 8.416E-19 8.466E-19 8.509E-19 8.556E-19 8.551E-19 8.570E-19 8.615E-19
 8.553E-19 8.490E-19 8.548E-19 8.608E-19 8.546E-19 8.496E-19 8.574E-19 8.620E-19 8.602E-19 8.610E-19
 8.647E-19 8.629E-19 8.543E-19 8.507E-19 8.514E-19 8.503E-19 8.581E-19 8.696E-19 8.729E-19 8.729E-19
 8.771E-19 8.734E-19 8.652E-19 8.661E-19 8.622E-19 8.632E-19 8.669E-19 8.694E-19 8.673E-19 8.663E-19
 8.726E-19 8.772E-19 8.861E-19 8.899E-19 8.804E-19 8.734E-19 8.692E-19 8.696E-19 8.803E-19 8.897E-19
 8.804E-19 8.802E-19 8.849E-19 8.847E-19 8.867E-19 8.846E-19 8.822E-19 8.754E-19 8.765E-19 8.888E-19
 8.940E-19 8.893E-19 8.883E-19 8.934E-19 8.885E-19 8.919E-19 9.010E-19 8.888E-19 8.788E-19 8.857E-19
 8.961E-19 9.016E-19 9.005E-19 8.943E-19 8.933E-19 8.961E-19 8.902E-19 8.882E-19 8.850E-19 8.873E-19
 8.902E-19 8.975E-19 9.004E-19 9.090E-19 9.095E-19 9.086E-19 9.194E-19 9.150E-19 9.077E-19 9.129E-19
 9.144E-19 9.053E-19 9.119E-19 9.182E-19 9.161E-19 9.104E-19 9.132E-19 9.122E-19 9.153E-19 9.199E-19
 9.114E-19 9.171E-19 9.203E-19 9.161E-19 9.109E-19 9.125E-19 9.123E-19 9.152E-19 9.115E-19 9.066E-19
 9.126E-19 9.181E-19 9.262E-19 9.276E-19 9.335E-19 9.276E-19 9.202E-19 9.193E-19 9.288E-19 9.324E-19
 9.379E-19 9.490E-19 9.486E-19 9.378E-19 9.379E-19 9.323E-19 9.227E-19 9.299E-19 9.328E-19 9.286E-19
 9.429E-19 9.461E-19 9.431E-19 9.445E-19 9.469E-19 9.412E-19 9.388E-19 9.510E-19 9.512E-19 9.345E-19
 9.346E-19 9.460E-19 9.460E-19 9.471E-19 9.498E-19 9.571E-19 9.575E-19 9.595E-19 9.596E-19 9.637E-19
 9.603E-19 9.483E-19 9.441E-19 9.485E-19 9.505E-19 9.531E-19 9.654E-19 9.622E-19 9.586E-19 9.600E-19
 9.555E-19 9.502E-19 9.529E-19 9.529E-19 9.536E-19 9.664E-19 9.746E-19 9.701E-19 9.721E-19 9.804E-19
 9.815E-19 9.789E-19 9.733E-19 9.706E-19 9.710E-19 9.774E-19 9.882E-19 9.914E-19 9.796E-19 9.790E-19
 9.818E-19 9.852E-19 9.920E-19 9.972E-19 9.930E-19 9.815E-19 9.836E-19 9.937E-19 1.002E-18 1.000E-18
 9.961E-19 1.003E-18 1.011E-18 1.009E-18 1.006E-18 1.011E-18 1.005E-18 1.000E-18 9.998E-19 1.007E-18
 1.005E-18 1.005E-18 1.001E-18 1.005E-18 1.014E-18 1.021E-18 1.028E-18 1.022E-18 1.015E-18 1.026E-18
 1.033E-18 1.030E-18 1.038E-18 1.041E-18 1.033E-18 1.024E-18 1.031E-18 1.025E-18 1.028E-18 1.025E-18
 1.025E-18 1.029E-18 1.032E-18 1.040E-18 1.050E-18 1.054E-18 1.046E-18 1.048E-18 1.053E-18 1.058E-18
 1.056E-18 1.064E-18 1.068E-18 1.069E-18 1.058E-18 1.059E-18 1.071E-18 1.078E-18 1.080E-18 1.084E-18
 1.087E-18 1.082E-18 1.085E-18 1.076E-18 1.081E-18 1.086E-18 1.084E-18 1.083E-18 1.094E-18 1.101E-18
 1.110E-18 1.118E-18 1.113E-18 1.099E-18 1.100E-18 1.106E-18 1.108E-18 1.113E-18 1.117E-18 1.131E-18
 1.136E-18 1.135E-18 1.128E-18 1.139E-18 1.143E-18 1.137E-18 1.133E-18 1.143E-18 1.143E-18 1.141E-18
 1.139E-18 1.145E-18 1.157E-18 1.162E-18 1.161E-18 1.152E-18 1.160E-18 1.164E-18 1.173E-18 1.177E-18
 1.182E-18 1.179E-18 1.175E-18 1.180E-18 1.188E-18 1.189E-18 1.196E-18 1.199E-18 1.186E-18 1.199E-18
 1.215E-18 1.220E-18 1.216E-18 1.223E-18 1.221E-18 1.222E-18 1.229E-18 1.225E-18 1.221E-18 1.223E-18
 1.223E-18 1.234E-18 1.234E-18 1.225E-18 1.221E-18 1.232E-18 1.235E-18 1.236E-18 1.247E-18 1.258E-18
 1.255E-18 1.248E-18 1.252E-18 1.252E-18 1.264E-18 1.274E-18 1.273E-18 1.262E-18 1.263E-18 1.262E-18
 1.272E-18 1.277E-18 1.282E-18 1.279E-18 1.264E-18 1.272E-18 1.291E-18 1.289E-18 1.281E-18 1.277E-18
 1.290E-18 1.315E-18 1.330E-18 1.320E-18 1.302E-18 1.293E-18 1.307E-18 1.328E-18 1.327E-18 1.309E-18
 1.297E-18 1.306E-18 1.324E-18 1.332E-18 1.321E-18 1.303E-18 1.300E-18 1.318E-18 1.329E-18 1.329E-18
 1.320E-18 1.312E-18 1.310E-18 1.328E-18 1.336E-18 1.326E-18 1.317E-18 1.314E-18 1.321E-18 1.338E-18
 1.352E-18 1.348E-18 1.348E-18 1.335E-18 1.315E-18 1.319E-18 1.341E-18 1.357E-18 1.356E-18 1.331E-18
 1.318E-18 1.326E-18 1.352E-18 1.363E-18 1.347E-18 1.332E-18 1.328E-18 1.348E-18 1.365E-18 1.355E-18
 1.335E-18 1.327E-18 1.338E-18 1.354E-18 1.371E-18 1.366E-18 1.347E-18 1.339E-18 1.330E-18 1.347E-18
 1.372E-18 1.362E-18 1.338E-18 1.330E-18 1.334E-18 1.361E-18 1.352E-18 1.324E-18 1.330E-18 1.337E-18
 1.342E-18 1.340E-18 1.319E-18 1.299E-18 1.313E-18 1.339E-18 1.345E-18 1.332E-18 1.320E-18 1.325E-18
 1.336E-18 1.342E-18 1.335E-18 1.315E-18 1.307E-18 1.323E-18 1.337E-18 1.342E-18 1.322E-18 1.315E-18
 1.333E-18 1.343E-18 1.347E-18 1.336E-18 1.338E-18 1.349E-18 1.349E-18 1.348E-18 1.342E-18 1.354E-18
 1.358E-18 1.354E-18 1.342E-18 1.334E-18 1.355E-18 1.376E-18 1.386E-18 1.368E-18 1.367E-18 1.382E-18
 1.398E-18 1.415E-18 1.408E-18 1.414E-18 1.425E-18 1.427E-18 1.419E-18 1.403E-18 1.402E-18 1.409E-18
 1.416E-18 1.414E-18 1.408E-18 1.398E-18 1.405E-18 1.419E-18 1.429E-18 1.439E-18 1.443E-18 1.441E-18
 1.441E-18 1.435E-18 1.420E-18 1.409E-18 1.402E-18 1.387E-18 1.383E-18 1.383E-18 1.383E-18 1.388E-18
 1.384E-18 1.385E-18 1.397E-18 1.407E-18 1.413E-18 1.415E-18 1.422E-18 1.421E-18 1.427E-18 1.439E-18
 1.434E-18 1.429E-18 1.448E-18 1.462E-18 1.457E-18 1.443E-18 1.438E-18 1.445E-18 1.450E-18 1.462E-18
 1.475E-18 1.487E-18 1.498E-18 1.513E-18 1.533E-18 1.563E-18 1.587E-18 1.607E-18 1.635E-18 1.643E-18
 1.626E-18 1.624E-18 1.644E-18 1.655E-18 1.661E-18 1.665E-18 1.657E-18 1.655E-18 1.656E-18 1.653E-18
 1.652E-18 1.659E-18 1.665E-18 1.679E-18 1.689E-18 1.703E-18 1.724E-18 1.738E-18 1.742E-18 1.728E-18
 1.717E-18 1.718E-18 1.702E-18 1.681E-18 1.691E-18 1.697E-18 1.689E-18 1.681E-18 1.671E-18 1.652E-18
 1.630E-18 1.620E-18 1.613E-18 1.595E-18 1.582E-18 1.577E-18 1.564E-18 1.545E-18 1.539E-18 1.538E-18
 1.530E-18 1.510E-18 1.486E-18 1.480E-18 1.480E-18 1.477E-18 1.474E-18 1.470E-18 1.447E-18 1.426E-18
 1.409E-18 1.394E-18 1.389E-18 1.381E-18 1.364E-18 1.349E-18 1.334E-18 1.323E-18 1.316E-18 1.304E-18
 1.297E-18 1.291E-18 1.272E-18 1.267E-18 1.264E-18 1.242E-18 1.228E-18 1.218E-18 1.204E-18 1.188E-18
 1.187E-18 1.170E-18 1.155E-18 1.147E-18 1.150E-18 1.143E-18 1.124E-18 1.116E-18 1.105E-18 1.088E-18
 1.087E-18 1.084E-18 1.076E-18 1.074E-18 1.063E-18 1.037E-18 1.025E-18 1.028E-18 1.028E-18 1.021E-18
 1.012E-18 9.996E-19 9.929E-19 9.914E-19 9.834E-19 9.711E-19 9.556E-19 9.414E-19 9.398E-19 9.429E-19
 9.342E-19 9.260E-19 9.238E-19 9.202E-19 9.131E-19 9.156E-19 9.112E-19 8.980E-19 8.916E-19 8.869E-19
 8.780E-19 8.745E-19 8.749E-19 8.733E-19 8.648E-19 8.589E-19 8.490E-19 8.463E-19 8.492E-19 8.563E-19
 8.580E-19 8.444E-19 8.350E-19 8.320E-19 8.292E-19 8.201E-19 8.160E-19 8.088E-19 7.997E-19 8.070E-19
 8.207E-19 8.157E-19 8.076E-19 8.003E-19 7.937E-19 7.955E-19 8.046E-19 8.037E-19 7.944E-19 7.907E-19
 7.901E-19 7.804E-19 7.723E-19 7.731E-19 7.689E-19 7.662E-19 7.758E-19 7.876E-19 7.866E-19 7.778E-19
 7.756E-19 7.821E-19 7.799E-19 7.748E-19 7.713E-19 7.696E-19 7.694E-19 7.587E-19 7.596E-19 7.725E-19
 7.682E-19 7.608E-19 7.668E-19 7.776E-19 7.759E-19 7.701E-19 7.729E-19 7.665E-19 7.648E-19 7.660E-19
 7.569E-19 7.583E-19 7.680E-19 7.765E-19 7.772E-19 7.795E-19 7.803E-19 7.786E-19 7.798E-19 7.762E-19
 7.732E-19 7.750E-19 7.833E-19 7.910E-19 7.973E-19 8.043E-19 7.974E-19 7.838E-19 7.862E-19 7.920E-19
 7.891E-19 7.866E-19 7.849E-19 7.898E-19 7.928E-19 7.952E-19 8.087E-19 8.073E-19 7.987E-19 7.946E-19
 7.897E-19 7.963E-19 8.021E-19 8.050E-19 8.125E-19 8.147E-19 8.071E-19 8.103E-19 8.170E-19 8.209E-19
 8.258E-19 8.333E-19 8.248E-19 8.164E-19 8.321E-19 8.329E-19 8.188E-19 8.272E-19 8.341E-19 8.354E-19
 8.383E-19 8.371E-19 8.338E-19 8.372E-19 8.455E-19 8.491E-19 8.424E-19 8.396E-19 8.359E-19 8.374E-19
 8.436E-19 8.457E-19 8.431E-19 8.433E-19 8.458E-19 8.362E-19 8.343E-19 8.415E-19 8.485E-19 8.546E-19
 8.541E-19 8.457E-19 8.464E-19 8.596E-19 8.719E-19 8.644E-19 8.567E-19 8.533E-19 8.545E-19 8.654E-19
 8.861E-19 8.839E-19 8.724E-19 8.663E-19 8.709E-19 8.807E-19 8.869E-19 8.836E-19 8.834E-19 8.845E-19
 8.737E-19 8.725E-19 8.828E-19 8.853E-19 8.855E-19 8.884E-19 8.793E-19 8.700E-19 8.813E-19 8.942E-19
 8.828E-19 8.789E-19 8.884E-19 8.760E-19 8.756E-19 8.928E-19 8.893E-19 8.767E-19 8.933E-19 8.910E-19
 8.777E-19 8.917E-19 8.879E-19 8.704E-19 8.794E-19 8.930E-19 8.907E-19 9.002E-19 9.020E-19 8.848E-19
 8.810E-19 8.829E-19 8.742E-19 8.789E-19 8.874E-19 8.842E-19 8.892E-19 8.979E-19 8.909E-19 8.888E-19
 8.931E-19 8.899E-19 8.836E-19 9.002E-19 9.062E-19 8.960E-19 8.982E-19 9.033E-19 8.924E-19 8.909E-19
 9.001E-19 8.945E-19 8.809E-19 8.882E-19 8.948E-19 9.009E-19 9.020E-19 8.895E-19 8.822E-19 8.944E-19
 8.988E-19 8.894E-19 8.913E-19 8.920E-19 8.846E-19 8.916E-19 8.938E-19 8.843E-19 8.935E-19 9.030E-19
 8.837E-19 8.762E-19 8.852E-19 8.845E-19 8.929E-19 9.068E-19 8.937E-19 8.779E-19 8.853E-19 8.823E-19
 8.832E-19 9.028E-19 9.120E-19 8.961E-19 8.973E-19 8.883E-19 8.750E-19 8.848E-19 8.835E-19 8.738E-19
 8.824E-19 8.747E-19 8.674E-19 8.834E-19 8.879E-19 8.713E-19 8.718E-19 8.794E-19 8.587E-19 8.505E-19
 8.603E-19 8.473E-19 8.680E-19 9.034E-19 8.833E-19 8.533E-19 8.592E-19 8.657E-19 8.639E-19 8.753E-19
 8.702E-19 8.578E-19 8.661E-19 8.745E-19 8.664E-19 8.698E-19 8.665E-19 8.445E-19 8.470E-19 8.589E-19
 8.557E-19 8.655E-19 8.677E-19 8.415E-19 8.291E-19 8.340E-19 8.322E-19 8.454E-19 8.579E-19 8.405E-19
 8.312E-19 8.362E-19 8.310E-19 8.299E-19 8.376E-19 8.203E-19 8.085E-19 8.344E-19 8.332E-19 8.167E-19
 8.347E-19 8.383E-19 8.219E-19 8.260E-19 8.262E-19 8.090E-19 8.137E-19 8.201E-19 8.082E-19 8.135E-19
 8.190E-19 8.078E-19 8.020E-19 8.021E-19 7.903E-19 7.982E-19 8.099E-19 7.900E-19 7.847E-19 7.981E-19
 7.891E-19 7.845E-19 7.964E-19 7.848E-19 7.703E-19 7.762E-19 7.777E-19 7.839E-19 7.921E-19 7.784E-19
 7.670E-19 7.781E-19 7.753E-19 7.687E-19 7.774E-19 7.755E-19 7.695E-19 7.821E-19 7.779E-19 7.631E-19
 7.608E-19 7.555E-19 7.428E-19 7.468E-19 7.617E-19 7.546E-19 7.473E-19 7.424E-19 7.333E-19 7.388E-19
 7.453E-19 7.396E-19 7.425E-19 7.483E-19 7.429E-19 7.409E-19 7.427E-19 7.393E-19 7.408E-19 7.339E-19
 7.192E-19 7.178E-19 7.219E-19 7.188E-19 7.221E-19 7.158E-19 7.038E-19 7.107E-19 7.117E-19 6.897E-19
 6.929E-19 7.053E-19 7.017E-19 7.051E-19 6.996E-19 6.771E-19 6.741E-19 6.854E-19 6.740E-19 6.730E-19
 6.812E-19 6.772E-19 6.767E-19 6.719E-19 6.626E-19 6.637E-19 6.726E-19 6.788E-19 6.819E-19 6.745E-19
 6.621E-19 6.625E-19 6.632E-19 6.556E-19 6.572E-19 6.507E-19 6.356E-19 6.339E-19 6.388E-19 6.350E-19
 6.334E-19 6.301E-19 6.205E-19 6.181E-19 6.146E-19 6.116E-19 6.139E-19 6.155E-19 6.132E-19 6.226E-19
 6.188E-19 6.119E-19 6.089E-19 6.080E-19 6.097E-19 6.115E-19 6.037E-19 6.066E-19 6.083E-19 5.974E-19
 5.927E-19 5.953E-19 5.860E-19 5.795E-19 5.844E-19 5.758E-19 5.718E-19 5.826E-19 5.779E-19 5.681E-19
 5.700E-19 5.643E-19 5.653E-19 5.624E-19 5.507E-19 5.437E-19 5.377E-19 5.335E-19 5.418E-19 5.439E-19
 5.386E-19 5.325E-19 5.271E-19 5.269E-19 5.238E-19 5.214E-19 5.325E-19 5.289E-19 5.183E-19 5.137E-19
 5.013E-19 4.982E-19 5.131E-19 5.127E-19 5.077E-19 5.042E-19 5.009E-19 4.982E-19 5.011E-19 4.950E-19
 4.860E-19 4.898E-19 4.952E-19 4.955E-19 4.926E-19 4.884E-19 4.863E-19 4.823E-19 4.738E-19 4.665E-19
 4.657E-19 4.655E-19 4.637E-19 4.609E-19 4.572E-19 4.593E-19 4.614E-19 4.515E-19 4.513E-19 4.545E-19
 4.461E-19 4.490E-19 4.559E-19 4.458E-19 4.399E-19 4.376E-19 4.217E-19 4.152E-19 4.181E-19 4.139E-19
 4.140E-19 4.179E-19 4.175E-19 4.254E-19 4.237E-19 4.169E-19 4.158E-19 4.128E-19 4.066E-19 4.106E-19
 4.091E-19 4.030E-19 4.005E-19 3.987E-19 3.922E-19 3.988E-19 3.940E-19 3.812E-19 3.739E-19 3.712E-19
 3.749E-19 3.820E-19 3.830E-19 3.810E-19 3.715E-19 3.538E-19 3.500E-19 3.494E-19 3.488E-19 3.541E-19
 3.513E-19 3.481E-19 3.520E-19 3.481E-19 3.362E-19 3.344E-19 3.368E-19 3.365E-19 3.388E-19 3.404E-19
 3.339E-19 3.302E-19 3.244E-19 3.259E-19 3.292E-19 3.217E-19 3.180E-19 3.183E-19 3.234E-19 3.188E-19
 3.074E-19 3.008E-19 3.005E-19 3.087E-19 3.149E-19 3.168E-19 3.081E-19 2.919E-19 2.940E-19 2.963E-19
 3.003E-19 3.041E-19 2.974E-19 2.882E-19 2.840E-19 2.904E-19 2.938E-19 2.825E-19 2.735E-19 2.738E-19
 2.821E-19 2.850E-19 2.766E-19 2.688E-19 2.721E-19 2.750E-19 2.705E-19 2.700E-19 2.743E-19 2.665E-19
 2.626E-19 2.595E-19 2.518E-19 2.553E-19 2.559E-19 2.478E-19 2.353E-19 2.316E-19 2.403E-19 2.358E-19
 2.340E-19 2.352E-19 2.363E-19 2.349E-19 2.364E-19 2.347E-19 2.181E-19 2.126E-19 2.198E-19 2.200E-19
 2.178E-19 2.164E-19 2.216E-19 2.246E-19 2.264E-19 2.248E-19 2.239E-19 2.197E-19 2.092E-19 2.058E-19
 2.069E-19 2.062E-19 2.082E-19 2.043E-19 2.005E-19 2.028E-19 1.960E-19 1.986E-19 2.040E-19 2.012E-19
 2.026E-19 2.019E-19 1.912E-19 1.884E-19 1.820E-19 1.790E-19 1.891E-19 1.930E-19 1.873E-19 1.850E-19
 1.827E-19 1.832E-19 1.887E-19 1.851E-19 1.784E-19 1.795E-19 1.766E-19 1.686E-19 1.661E-19 1.701E-19
 1.700E-19 1.686E-19 1.642E-19 1.579E-19 1.535E-19 1.544E-19 1.515E-19 1.460E-19 1.423E-19 1.475E-19
 1.555E-19 1.572E-19 1.554E-19 1.456E-19 1.436E-19 1.467E-19 1.401E-19 1.387E-19 1.431E-19 1.438E-19
 1.450E-19 1.496E-19 1.449E-19 1.365E-19 1.336E-19 1.351E-19 1.390E-19 1.372E-19 1.262E-19 1.252E-19
 1.241E-19 1.199E-19 1.195E-19 1.204E-19 1.233E-19 1.244E-19 1.235E-19 1.187E-19 1.188E-19 1.202E-19
 1.146E-19 1.096E-19 1.092E-19 1.036E-19 9.864E-20 9.904E-20 1.100E-19 1.182E-19 1.166E-19 1.156E-19
 1.125E-19 1.073E-19 1.081E-19 1.144E-19 1.150E-19 1.094E-19 1.056E-19 1.000E-19 9.132E-20 8.550E-20
 8.633E-20 8.949E-20 8.588E-20 8.853E-20 9.656E-20 1.004E-19 9.860E-20 9.739E-20 9.339E-20 8.884E-20
 8.588E-20 8.237E-20 8.129E-20 9.497E-20 1.004E-19 8.698E-20 8.182E-20 8.485E-20 8.643E-20 7.598E-20
 6.694E-20 6.664E-20 7.069E-20 6.700E-20 7.379E-20 7.274E-20 6.511E-20 6.679E-20 7.028E-20 6.864E-20
 7.184E-20 7.551E-20 7.517E-20 7.841E-20 8.264E-20 7.830E-20 7.172E-20 6.804E-20 7.141E-20 7.736E-20
 7.200E-20 6.192E-20 6.555E-20 7.652E-20 7.441E-20 7.157E-20 7.259E-20 6.857E-20 6.119E-20 6.057E-20
 6.337E-20 6.228E-20 5.670E-20 5.832E-20 6.201E-20 5.946E-20 5.713E-20 5.606E-20 5.085E-20 5.040E-20
 5.186E-20 5.130E-20 5.106E-20 5.109E-20 4.932E-20 5.269E-20 5.291E-20 4.446E-20 3.749E-20 4.116E-20
 5.624E-20 6.213E-20 6.182E-20 5.755E-20 5.128E-20 5.248E-20 4.992E-20 4.516E-20 3.979E-20 3.637E-20
