    C2ClF5 1110.0010 1144.9950      2360  253.0000    0.0000 1.596E-18  NCAR    CFC-115
 5.498E-20 4.933E-20 4.648E-20 4.586E-20 4.684E-20 4.276E-20 3.999E-20 5.102E-20 5.498E-20 4.914E-20
 4.756E-20 4.560E-20 4.662E-20 5.065E-20 5.347E-20 5.544E-20 5.269E-20 5.051E-20 4.880E-20 5.065E-20
 5.694E-20 4.982E-20 5.214E-20 5.926E-20 5.745E-20 6.027E-20 6.557E-20 6.958E-20 6.588E-20 5.814E-20
 5.093E-20 4.889E-20 4.931E-20 4.870E-20 5.274E-20 5.682E-20 5.829E-20 6.031E-20 5.669E-20 5.528E-20
 5.638E-20 5.415E-20 5.349E-20 5.554E-20 6.354E-20 6.519E-20 5.954E-20 5.935E-20 5.972E-20 5.518E-20
 5.530E-20 5.815E-20 6.319E-20 6.301E-20 6.233E-20 6.403E-20 6.737E-20 6.694E-20 6.098E-20 5.950E-20
 5.674E-20 5.516E-20 5.363E-20 5.468E-20 5.345E-20 5.433E-20 5.589E-20 5.631E-20 5.570E-20 5.381E-20
 6.063E-20 7.050E-20 6.903E-20 6.465E-20 6.482E-20 6.328E-20 5.843E-20 5.624E-20 5.354E-20 5.288E-20
 5.721E-20 6.502E-20 6.113E-20 5.364E-20 5.321E-20 5.429E-20 5.493E-20 5.762E-20 6.341E-20 6.687E-20
 6.508E-20 6.170E-20 7.246E-20 8.368E-20 8.327E-20 7.898E-20 7.181E-20 6.652E-20 6.725E-20 7.104E-20
 7.206E-20 7.542E-20 7.293E-20 8.080E-20 8.113E-20 7.246E-20 7.389E-20 7.717E-20 7.667E-20 6.957E-20
 6.072E-20 5.739E-20 6.231E-20 6.267E-20 6.344E-20 6.565E-20 7.044E-20 7.731E-20 7.482E-20 6.804E-20
 6.684E-20 7.144E-20 7.547E-20 7.463E-20 7.317E-20 7.043E-20 7.064E-20 7.283E-20 7.843E-20 8.316E-20
 8.091E-20 7.781E-20 8.126E-20 7.916E-20 7.571E-20 7.126E-20 7.201E-20 7.379E-20 7.446E-20 7.387E-20
 7.570E-20 8.004E-20 8.386E-20 8.457E-20 7.608E-20 7.237E-20 7.765E-20 7.413E-20 7.671E-20 8.206E-20
 8.304E-20 8.304E-20 8.357E-20 8.034E-20 8.200E-20 8.153E-20 7.621E-20 7.752E-20 7.662E-20 7.516E-20
 7.000E-20 6.753E-20 7.652E-20 8.512E-20 8.860E-20 8.359E-20 7.744E-20 8.127E-20 8.485E-20 8.144E-20
 7.323E-20 8.231E-20 8.313E-20 8.160E-20 8.236E-20 8.581E-20 9.078E-20 9.233E-20 8.600E-20 8.289E-20
 8.515E-20 8.733E-20 9.016E-20 9.021E-20 8.630E-20 8.836E-20 9.571E-20 9.961E-20 9.571E-20 9.197E-20
 9.212E-20 9.183E-20 8.795E-20 9.235E-20 1.008E-19 1.042E-19 1.029E-19 9.751E-20 8.827E-20 8.586E-20
 8.549E-20 8.389E-20 8.826E-20 8.938E-20 8.735E-20 7.884E-20 7.614E-20 6.914E-20 6.858E-20 7.550E-20
 8.959E-20 9.971E-20 1.001E-19 1.015E-19 1.027E-19 9.652E-20 9.446E-20 9.339E-20 9.573E-20 1.012E-19
 1.008E-19 1.055E-19 1.078E-19 1.051E-19 1.110E-19 1.141E-19 1.100E-19 1.007E-19 9.965E-20 9.691E-20
 9.682E-20 1.024E-19 1.001E-19 1.041E-19 1.139E-19 1.096E-19 1.013E-19 1.052E-19 1.118E-19 1.185E-19
 1.209E-19 1.236E-19 1.193E-19 1.087E-19 1.053E-19 1.026E-19 1.028E-19 1.133E-19 1.195E-19 1.154E-19
 1.090E-19 1.070E-19 1.099E-19 1.111E-19 1.093E-19 1.122E-19 1.179E-19 1.132E-19 1.071E-19 1.091E-19
 1.157E-19 1.226E-19 1.216E-19 1.215E-19 1.222E-19 1.247E-19 1.229E-19 1.241E-19 1.251E-19 1.234E-19
 1.217E-19 1.213E-19 1.225E-19 1.241E-19 1.247E-19 1.197E-19 1.164E-19 1.217E-19 1.250E-19 1.285E-19
 1.324E-19 1.302E-19 1.255E-19 1.205E-19 1.239E-19 1.296E-19 1.305E-19 1.283E-19 1.329E-19 1.326E-19
 1.234E-19 1.221E-19 1.231E-19 1.226E-19 1.268E-19 1.320E-19 1.337E-19 1.308E-19 1.299E-19 1.287E-19
 1.324E-19 1.320E-19 1.297E-19 1.302E-19 1.268E-19 1.230E-19 1.302E-19 1.416E-19 1.465E-19 1.398E-19
 1.357E-19 1.409E-19 1.415E-19 1.462E-19 1.467E-19 1.422E-19 1.334E-19 1.375E-19 1.492E-19 1.437E-19
 1.394E-19 1.463E-19 1.514E-19 1.596E-19 1.633E-19 1.606E-19 1.646E-19 1.672E-19 1.626E-19 1.597E-19
 1.518E-19 1.515E-19 1.511E-19 1.513E-19 1.528E-19 1.486E-19 1.478E-19 1.470E-19 1.426E-19 1.470E-19
 1.519E-19 1.539E-19 1.619E-19 1.679E-19 1.662E-19 1.572E-19 1.569E-19 1.630E-19 1.650E-19 1.625E-19
 1.654E-19 1.652E-19 1.612E-19 1.608E-19 1.670E-19 1.654E-19 1.605E-19 1.612E-19 1.665E-19 1.726E-19
 1.774E-19 1.734E-19 1.670E-19 1.703E-19 1.720E-19 1.694E-19 1.712E-19 1.749E-19 1.746E-19 1.773E-19
 1.801E-19 1.772E-19 1.743E-19 1.750E-19 1.743E-19 1.783E-19 1.817E-19 1.804E-19 1.796E-19 1.812E-19
 1.853E-19 1.890E-19 1.851E-19 1.874E-19 1.911E-19 1.914E-19 1.938E-19 1.932E-19 1.887E-19 1.876E-19
 1.949E-19 1.931E-19 1.857E-19 1.894E-19 1.930E-19 1.896E-19 1.887E-19 1.927E-19 1.909E-19 1.946E-19
 2.014E-19 1.978E-19 1.982E-19 1.988E-19 2.007E-19 2.034E-19 2.031E-19 2.009E-19 2.017E-19 1.942E-19
 1.951E-19 1.916E-19 1.936E-19 1.985E-19 2.008E-19 2.025E-19 2.008E-19 2.062E-19 2.163E-19 2.181E-19
 2.175E-19 2.099E-19 2.062E-19 2.068E-19 2.116E-19 2.205E-19 2.145E-19 2.096E-19 2.082E-19 2.127E-19
 2.138E-19 2.139E-19 2.142E-19 2.134E-19 2.137E-19 2.205E-19 2.245E-19 2.172E-19 2.132E-19 2.150E-19
 2.157E-19 2.187E-19 2.187E-19 2.194E-19 2.241E-19 2.350E-19 2.382E-19 2.379E-19 2.398E-19 2.386E-19
 2.344E-19 2.328E-19 2.321E-19 2.372E-19 2.416E-19 2.472E-19 2.415E-19 2.322E-19 2.369E-19 2.401E-19
 2.367E-19 2.347E-19 2.321E-19 2.306E-19 2.389E-19 2.455E-19 2.499E-19 2.556E-19 2.495E-19 2.441E-19
 2.493E-19 2.575E-19 2.578E-19 2.544E-19 2.499E-19 2.548E-19 2.568E-19 2.502E-19 2.509E-19 2.511E-19
 2.563E-19 2.676E-19 2.671E-19 2.625E-19 2.646E-19 2.666E-19 2.665E-19 2.613E-19 2.661E-19 2.722E-19
 2.756E-19 2.761E-19 2.688E-19 2.637E-19 2.696E-19 2.782E-19 2.751E-19 2.752E-19 2.790E-19 2.761E-19
 2.785E-19 2.822E-19 2.837E-19 2.783E-19 2.761E-19 2.789E-19 2.804E-19 2.817E-19 2.777E-19 2.764E-19
 2.798E-19 2.874E-19 2.893E-19 2.912E-19 2.891E-19 2.830E-19 2.802E-19 2.754E-19 2.806E-19 2.872E-19
 2.884E-19 2.844E-19 2.851E-19 2.912E-19 2.958E-19 2.899E-19 2.884E-19 2.946E-19 3.025E-19 3.079E-19
 3.078E-19 3.065E-19 3.035E-19 3.008E-19 3.056E-19 3.152E-19 3.209E-19 3.244E-19 3.257E-19 3.262E-19
 3.249E-19 3.211E-19 3.157E-19 3.051E-19 3.062E-19 3.095E-19 3.109E-19 3.203E-19 3.228E-19 3.244E-19
 3.255E-19 3.224E-19 3.187E-19 3.208E-19 3.256E-19 3.270E-19 3.306E-19 3.366E-19 3.325E-19 3.237E-19
 3.268E-19 3.385E-19 3.432E-19 3.395E-19 3.377E-19 3.363E-19 3.344E-19 3.278E-19 3.273E-19 3.361E-19
 3.463E-19 3.414E-19 3.382E-19 3.474E-19 3.539E-19 3.586E-19 3.583E-19 3.575E-19 3.595E-19 3.614E-19
 3.546E-19 3.525E-19 3.600E-19 3.623E-19 3.604E-19 3.596E-19 3.590E-19 3.605E-19 3.632E-19 3.643E-19
 3.638E-19 3.711E-19 3.737E-19 3.706E-19 3.726E-19 3.730E-19 3.735E-19 3.712E-19 3.628E-19 3.609E-19
 3.639E-19 3.753E-19 3.871E-19 3.883E-19 3.818E-19 3.815E-19 3.885E-19 3.905E-19 3.858E-19 3.875E-19
 3.951E-19 3.952E-19 3.853E-19 3.838E-19 3.842E-19 3.822E-19 3.827E-19 3.836E-19 3.892E-19 3.949E-19
 3.939E-19 3.979E-19 4.077E-19 4.099E-19 4.120E-19 4.098E-19 4.038E-19 4.034E-19 4.162E-19 4.220E-19
 4.166E-19 4.111E-19 4.102E-19 4.181E-19 4.239E-19 4.278E-19 4.311E-19 4.325E-19 4.402E-19 4.424E-19
 4.378E-19 4.337E-19 4.295E-19 4.201E-19 4.203E-19 4.311E-19 4.365E-19 4.398E-19 4.478E-19 4.498E-19
 4.380E-19 4.285E-19 4.330E-19 4.387E-19 4.354E-19 4.400E-19 4.453E-19 4.458E-19 4.476E-19 4.482E-19
 4.494E-19 4.528E-19 4.616E-19 4.613E-19 4.593E-19 4.583E-19 4.519E-19 4.538E-19 4.565E-19 4.544E-19
 4.457E-19 4.493E-19 4.568E-19 4.573E-19 4.659E-19 4.751E-19 4.741E-19 4.677E-19 4.638E-19 4.729E-19
 4.841E-19 4.898E-19 4.873E-19 4.825E-19 4.795E-19 4.822E-19 4.831E-19 4.833E-19 4.844E-19 4.847E-19
 4.877E-19 4.948E-19 4.957E-19 4.938E-19 4.964E-19 5.008E-19 5.051E-19 5.050E-19 5.062E-19 5.010E-19
 5.006E-19 5.036E-19 5.034E-19 5.098E-19 5.167E-19 5.145E-19 5.079E-19 5.050E-19 4.965E-19 4.964E-19
 5.086E-19 5.175E-19 5.157E-19 5.086E-19 5.106E-19 5.114E-19 5.145E-19 5.166E-19 5.215E-19 5.217E-19
 5.242E-19 5.337E-19 5.373E-19 5.391E-19 5.351E-19 5.300E-19 5.293E-19 5.278E-19 5.332E-19 5.421E-19
 5.384E-19 5.260E-19 5.297E-19 5.445E-19 5.541E-19 5.493E-19 5.441E-19 5.476E-19 5.542E-19 5.502E-19
 5.535E-19 5.615E-19 5.591E-19 5.542E-19 5.492E-19 5.528E-19 5.526E-19 5.494E-19 5.585E-19 5.664E-19
 5.722E-19 5.731E-19 5.729E-19 5.748E-19 5.776E-19 5.818E-19 5.816E-19 5.861E-19 5.858E-19 5.892E-19
 5.956E-19 5.912E-19 5.951E-19 5.942E-19 5.851E-19 5.813E-19 5.870E-19 5.978E-19 6.040E-19 6.022E-19
 5.990E-19 5.869E-19 5.838E-19 5.927E-19 5.912E-19 5.919E-19 5.874E-19 5.837E-19 5.901E-19 6.011E-19
 5.999E-19 5.910E-19 5.809E-19 5.860E-19 5.943E-19 5.985E-19 5.936E-19 6.130E-19 6.264E-19 6.096E-19
 6.049E-19 6.087E-19 6.115E-19 6.117E-19 6.195E-19 6.291E-19 6.297E-19 6.322E-19 6.304E-19 6.234E-19
 6.157E-19 6.189E-19 6.213E-19 6.208E-19 6.298E-19 6.435E-19 6.440E-19 6.347E-19 6.385E-19 6.458E-19
 6.414E-19 6.357E-19 6.416E-19 6.496E-19 6.556E-19 6.514E-19 6.403E-19 6.399E-19 6.418E-19 6.470E-19
 6.578E-19 6.603E-19 6.505E-19 6.506E-19 6.552E-19 6.547E-19 6.576E-19 6.605E-19 6.664E-19 6.724E-19
 6.769E-19 6.754E-19 6.737E-19 6.802E-19 6.824E-19 6.802E-19 6.759E-19 6.656E-19 6.709E-19 6.851E-19
 6.893E-19 6.934E-19 6.940E-19 6.917E-19 6.951E-19 6.942E-19 6.993E-19 6.930E-19 6.817E-19 6.808E-19
 6.786E-19 6.848E-19 6.906E-19 6.849E-19 6.844E-19 6.906E-19 6.934E-19 6.932E-19 6.994E-19 6.958E-19
 7.021E-19 7.146E-19 7.127E-19 7.073E-19 7.064E-19 7.084E-19 7.103E-19 7.069E-19 7.114E-19 7.186E-19
 7.171E-19 7.157E-19 7.148E-19 7.116E-19 7.184E-19 7.288E-19 7.288E-19 7.261E-19 7.340E-19 7.423E-19
 7.369E-19 7.324E-19 7.328E-19 7.305E-19 7.289E-19 7.315E-19 7.392E-19 7.390E-19 7.353E-19 7.402E-19
 7.374E-19 7.416E-19 7.498E-19 7.489E-19 7.385E-19 7.394E-19 7.519E-19 7.552E-19 7.624E-19 7.600E-19
 7.553E-19 7.568E-19 7.490E-19 7.422E-19 7.482E-19 7.655E-19 7.620E-19 7.631E-19 7.757E-19 7.815E-19
 7.782E-19 7.708E-19 7.698E-19 7.750E-19 7.693E-19 7.648E-19 7.727E-19 7.722E-19 7.708E-19 7.722E-19
 7.684E-19 7.759E-19 7.769E-19 7.736E-19 7.821E-19 7.928E-19 7.887E-19 7.817E-19 7.893E-19 7.897E-19
 7.834E-19 7.851E-19 7.925E-19 7.932E-19 7.915E-19 7.918E-19 7.988E-19 7.954E-19 7.970E-19 8.022E-19
 8.008E-19 8.011E-19 7.991E-19 7.942E-19 7.970E-19 8.086E-19 8.078E-19 8.065E-19 8.033E-19 7.955E-19
 7.965E-19 8.052E-19 8.045E-19 8.060E-19 8.097E-19 8.201E-19 8.270E-19 8.248E-19 8.197E-19 8.162E-19
 8.216E-19 8.191E-19 8.166E-19 8.223E-19 8.237E-19 8.092E-19 7.974E-19 7.995E-19 8.079E-19 8.092E-19
 8.134E-19 8.260E-19 8.192E-19 8.136E-19 8.237E-19 8.280E-19 8.270E-19 8.302E-19 8.281E-19 8.267E-19
 8.313E-19 8.320E-19 8.308E-19 8.246E-19 8.257E-19 8.311E-19 8.356E-19 8.420E-19 8.384E-19 8.221E-19
 8.224E-19 8.237E-19 8.150E-19 8.236E-19 8.369E-19 8.351E-19 8.386E-19 8.447E-19 8.469E-19 8.430E-19
 8.429E-19 8.441E-19 8.330E-19 8.316E-19 8.414E-19 8.473E-19 8.447E-19 8.367E-19 8.383E-19 8.457E-19
 8.449E-19 8.379E-19 8.394E-19 8.470E-19 8.459E-19 8.436E-19 8.432E-19 8.478E-19 8.552E-19 8.560E-19
 8.570E-19 8.532E-19 8.454E-19 8.396E-19 8.397E-19 8.537E-19 8.625E-19 8.617E-19 8.518E-19 8.542E-19
 8.614E-19 8.651E-19 8.665E-19 8.526E-19 8.477E-19 8.580E-19 8.622E-19 8.613E-19 8.622E-19 8.585E-19
 8.514E-19 8.523E-19 8.484E-19 8.480E-19 8.577E-19 8.660E-19 8.650E-19 8.590E-19 8.615E-19 8.681E-19
 8.734E-19 8.678E-19 8.579E-19 8.625E-19 8.717E-19 8.675E-19 8.659E-19 8.677E-19 8.699E-19 8.699E-19
 8.634E-19 8.696E-19 8.829E-19 8.872E-19 8.836E-19 8.758E-19 8.685E-19 8.754E-19 8.746E-19 8.681E-19
 8.694E-19 8.798E-19 8.862E-19 8.922E-19 8.906E-19 8.852E-19 8.953E-19 8.902E-19 8.791E-19 8.793E-19
 8.874E-19 8.917E-19 8.937E-19 8.901E-19 8.980E-19 8.959E-19 8.853E-19 8.853E-19 8.924E-19 8.975E-19
 8.958E-19 8.984E-19 8.912E-19 8.921E-19 9.031E-19 9.011E-19 8.944E-19 8.978E-19 8.996E-19 8.920E-19
 8.936E-19 8.988E-19 8.973E-19 8.949E-19 8.985E-19 8.939E-19 8.966E-19 9.094E-19 9.150E-19 9.205E-19
 9.231E-19 9.184E-19 9.191E-19 9.212E-19 9.251E-19 9.247E-19 9.196E-19 9.224E-19 9.270E-19 9.312E-19
 9.311E-19 9.267E-19 9.168E-19 9.202E-19 9.317E-19 9.320E-19 9.334E-19 9.322E-19 9.247E-19 9.229E-19
 9.248E-19 9.348E-19 9.464E-19 9.521E-19 9.444E-19 9.375E-19 9.419E-19 9.473E-19 9.429E-19 9.422E-19
 9.438E-19 9.410E-19 9.347E-19 9.273E-19 9.244E-19 9.341E-19 9.496E-19 9.610E-19 9.694E-19 9.584E-19
 9.429E-19 9.388E-19 9.409E-19 9.442E-19 9.474E-19 9.450E-19 9.543E-19 9.623E-19 9.666E-19 9.681E-19
 9.627E-19 9.575E-19 9.582E-19 9.552E-19 9.547E-19 9.658E-19 9.676E-19 9.641E-19 9.682E-19 9.766E-19
 9.820E-19 9.870E-19 9.787E-19 9.674E-19 9.679E-19 9.766E-19 9.862E-19 9.890E-19 9.873E-19 9.788E-19
 9.810E-19 9.831E-19 9.764E-19 9.843E-19 9.960E-19 9.979E-19 9.910E-19 9.977E-19 1.002E-18 9.998E-19
 9.987E-19 1.004E-18 1.002E-18 1.001E-18 1.012E-18 1.017E-18 1.012E-18 1.019E-18 1.019E-18 1.016E-18
 1.007E-18 1.000E-18 1.017E-18 1.029E-18 1.035E-18 1.020E-18 1.012E-18 1.012E-18 1.029E-18 1.033E-18
 1.029E-18 1.032E-18 1.042E-18 1.050E-18 1.046E-18 1.053E-18 1.068E-18 1.065E-18 1.045E-18 1.042E-18
 1.047E-18 1.059E-18 1.058E-18 1.062E-18 1.060E-18 1.052E-18 1.050E-18 1.056E-18 1.061E-18 1.071E-18
 1.075E-18 1.082E-18 1.088E-18 1.071E-18 1.069E-18 1.072E-18 1.081E-18 1.080E-18 1.080E-18 1.085E-18
 1.095E-18 1.096E-18 1.093E-18 1.088E-18 1.090E-18 1.100E-18 1.107E-18 1.109E-18 1.110E-18 1.119E-18
 1.117E-18 1.109E-18 1.114E-18 1.124E-18 1.117E-18 1.121E-18 1.132E-18 1.137E-18 1.136E-18 1.127E-18
 1.128E-18 1.143E-18 1.152E-18 1.144E-18 1.146E-18 1.148E-18 1.154E-18 1.152E-18 1.157E-18 1.159E-18
 1.171E-18 1.176E-18 1.171E-18 1.167E-18 1.173E-18 1.175E-18 1.170E-18 1.179E-18 1.177E-18 1.170E-18
 1.175E-18 1.183E-18 1.173E-18 1.170E-18 1.185E-18 1.201E-18 1.199E-18 1.197E-18 1.197E-18 1.198E-18
 1.195E-18 1.197E-18 1.195E-18 1.196E-18 1.197E-18 1.203E-18 1.202E-18 1.205E-18 1.211E-18 1.222E-18
 1.224E-18 1.217E-18 1.218E-18 1.223E-18 1.238E-18 1.252E-18 1.251E-18 1.239E-18 1.227E-18 1.228E-18
 1.245E-18 1.247E-18 1.238E-18 1.237E-18 1.239E-18 1.250E-18 1.262E-18 1.258E-18 1.248E-18 1.244E-18
 1.255E-18 1.269E-18 1.275E-18 1.268E-18 1.261E-18 1.258E-18 1.265E-18 1.271E-18 1.272E-18 1.272E-18
 1.257E-18 1.248E-18 1.255E-18 1.256E-18 1.250E-18 1.246E-18 1.252E-18 1.257E-18 1.257E-18 1.264E-18
 1.269E-18 1.264E-18 1.263E-18 1.279E-18 1.283E-18 1.272E-18 1.261E-18 1.261E-18 1.274E-18 1.282E-18
 1.283E-18 1.281E-18 1.294E-18 1.292E-18 1.264E-18 1.248E-18 1.268E-18 1.279E-18 1.281E-18 1.270E-18
 1.262E-18 1.274E-18 1.286E-18 1.291E-18 1.277E-18 1.270E-18 1.276E-18 1.285E-18 1.295E-18 1.285E-18
 1.270E-18 1.278E-18 1.292E-18 1.285E-18 1.290E-18 1.296E-18 1.281E-18 1.273E-18 1.263E-18 1.279E-18
 1.307E-18 1.296E-18 1.268E-18 1.261E-18 1.269E-18 1.292E-18 1.290E-18 1.270E-18 1.269E-18 1.280E-18
 1.289E-18 1.291E-18 1.273E-18 1.256E-18 1.262E-18 1.287E-18 1.302E-18 1.284E-18 1.264E-18 1.267E-18
 1.275E-18 1.279E-18 1.281E-18 1.263E-18 1.256E-18 1.268E-18 1.277E-18 1.287E-18 1.281E-18 1.278E-18
 1.291E-18 1.299E-18 1.288E-18 1.269E-18 1.279E-18 1.299E-18 1.302E-18 1.300E-18 1.308E-18 1.321E-18
 1.318E-18 1.313E-18 1.305E-18 1.307E-18 1.326E-18 1.329E-18 1.337E-18 1.332E-18 1.321E-18 1.331E-18
 1.339E-18 1.350E-18 1.361E-18 1.373E-18 1.377E-18 1.379E-18 1.378E-18 1.373E-18 1.370E-18 1.367E-18
 1.374E-18 1.376E-18 1.372E-18 1.372E-18 1.377E-18 1.383E-18 1.390E-18 1.388E-18 1.389E-18 1.388E-18
 1.393E-18 1.403E-18 1.394E-18 1.381E-18 1.377E-18 1.370E-18 1.363E-18 1.361E-18 1.352E-18 1.351E-18
 1.358E-18 1.360E-18 1.360E-18 1.372E-18 1.392E-18 1.396E-18 1.393E-18 1.389E-18 1.387E-18 1.393E-18
 1.392E-18 1.391E-18 1.395E-18 1.403E-18 1.399E-18 1.395E-18 1.409E-18 1.411E-18 1.414E-18 1.422E-18
 1.427E-18 1.424E-18 1.427E-18 1.437E-18 1.450E-18 1.476E-18 1.496E-18 1.507E-18 1.520E-18 1.530E-18
 1.524E-18 1.521E-18 1.531E-18 1.532E-18 1.531E-18 1.530E-18 1.529E-18 1.529E-18 1.524E-18 1.527E-18
 1.544E-18 1.547E-18 1.543E-18 1.549E-18 1.566E-18 1.580E-18 1.589E-18 1.596E-18 1.590E-18 1.588E-18
 1.584E-18 1.582E-18 1.574E-18 1.544E-18 1.533E-18 1.537E-18 1.536E-18 1.529E-18 1.513E-18 1.506E-18
 1.497E-18 1.481E-18 1.472E-18 1.471E-18 1.468E-18 1.461E-18 1.445E-18 1.437E-18 1.437E-18 1.429E-18
 1.414E-18 1.398E-18 1.387E-18 1.380E-18 1.371E-18 1.365E-18 1.367E-18 1.368E-18 1.349E-18 1.323E-18
 1.316E-18 1.315E-18 1.294E-18 1.270E-18 1.260E-18 1.250E-18 1.244E-18 1.248E-18 1.242E-18 1.226E-18
 1.208E-18 1.200E-18 1.197E-18 1.186E-18 1.178E-18 1.176E-18 1.170E-18 1.153E-18 1.135E-18 1.128E-18
 1.124E-18 1.110E-18 1.108E-18 1.102E-18 1.085E-18 1.076E-18 1.067E-18 1.058E-18 1.049E-18 1.031E-18
 1.017E-18 1.021E-18 1.026E-18 1.013E-18 1.001E-18 9.941E-19 9.891E-19 9.807E-19 9.789E-19 9.782E-19
 9.641E-19 9.520E-19 9.485E-19 9.421E-19 9.354E-19 9.314E-19 9.221E-19 9.144E-19 9.043E-19 8.929E-19
 8.912E-19 8.894E-19 8.808E-19 8.788E-19 8.793E-19 8.770E-19 8.708E-19 8.697E-19 8.609E-19 8.438E-19
 8.358E-19 8.396E-19 8.433E-19 8.392E-19 8.271E-19 8.177E-19 8.188E-19 8.152E-19 8.163E-19 8.171E-19
 8.037E-19 7.910E-19 7.899E-19 7.971E-19 7.834E-19 7.643E-19 7.629E-19 7.590E-19 7.634E-19 7.709E-19
 7.756E-19 7.724E-19 7.684E-19 7.656E-19 7.639E-19 7.601E-19 7.625E-19 7.597E-19 7.567E-19 7.588E-19
 7.596E-19 7.542E-19 7.423E-19 7.347E-19 7.317E-19 7.298E-19 7.299E-19 7.368E-19 7.442E-19 7.495E-19
 7.454E-19 7.435E-19 7.444E-19 7.400E-19 7.371E-19 7.338E-19 7.363E-19 7.353E-19 7.341E-19 7.326E-19
 7.297E-19 7.278E-19 7.233E-19 7.240E-19 7.270E-19 7.325E-19 7.380E-19 7.329E-19 7.323E-19 7.355E-19
 7.316E-19 7.249E-19 7.281E-19 7.370E-19 7.353E-19 7.337E-19 7.372E-19 7.377E-19 7.407E-19 7.432E-19
 7.302E-19 7.244E-19 7.396E-19 7.530E-19 7.551E-19 7.482E-19 7.425E-19 7.466E-19 7.505E-19 7.501E-19
 7.457E-19 7.423E-19 7.501E-19 7.525E-19 7.469E-19 7.565E-19 7.664E-19 7.612E-19 7.544E-19 7.514E-19
 7.429E-19 7.503E-19 7.649E-19 7.700E-19 7.686E-19 7.794E-19 7.786E-19 7.704E-19 7.718E-19 7.828E-19
 7.845E-19 7.842E-19 7.858E-19 7.854E-19 7.850E-19 7.927E-19 7.968E-19 7.919E-19 7.811E-19 7.852E-19
 7.949E-19 7.878E-19 7.816E-19 7.941E-19 7.997E-19 7.975E-19 7.944E-19 7.926E-19 7.981E-19 8.007E-19
 8.040E-19 8.048E-19 8.030E-19 7.940E-19 7.896E-19 7.918E-19 8.002E-19 8.062E-19 8.066E-19 8.019E-19
 8.078E-19 8.130E-19 8.096E-19 8.124E-19 8.180E-19 8.223E-19 8.215E-19 8.146E-19 8.167E-19 8.300E-19
 8.383E-19 8.307E-19 8.312E-19 8.311E-19 8.269E-19 8.344E-19 8.445E-19 8.397E-19 8.406E-19 8.392E-19
 8.312E-19 8.353E-19 8.469E-19 8.439E-19 8.340E-19 8.335E-19 8.343E-19 8.368E-19 8.492E-19 8.517E-19
 8.430E-19 8.363E-19 8.447E-19 8.391E-19 8.317E-19 8.405E-19 8.393E-19 8.248E-19 8.345E-19 8.455E-19
 8.419E-19 8.449E-19 8.467E-19 8.400E-19 8.459E-19 8.543E-19 8.501E-19 8.611E-19 8.627E-19 8.448E-19
 8.509E-19 8.623E-19 8.433E-19 8.340E-19 8.436E-19 8.433E-19 8.508E-19 8.653E-19 8.560E-19 8.423E-19
 8.476E-19 8.497E-19 8.428E-19 8.551E-19 8.627E-19 8.583E-19 8.583E-19 8.596E-19 8.550E-19 8.618E-19
 8.662E-19 8.619E-19 8.600E-19 8.599E-19 8.542E-19 8.592E-19 8.697E-19 8.623E-19 8.565E-19 8.621E-19
 8.639E-19 8.558E-19 8.557E-19 8.545E-19 8.462E-19 8.543E-19 8.604E-19 8.567E-19 8.561E-19 8.536E-19
 8.422E-19 8.489E-19 8.588E-19 8.565E-19 8.583E-19 8.685E-19 8.611E-19 8.491E-19 8.543E-19 8.532E-19
 8.533E-19 8.647E-19 8.606E-19 8.515E-19 8.570E-19 8.480E-19 8.321E-19 8.403E-19 8.490E-19 8.476E-19
 8.504E-19 8.486E-19 8.380E-19 8.453E-19 8.499E-19 8.340E-19 8.356E-19 8.344E-19 8.213E-19 8.260E-19
 8.375E-19 8.300E-19 8.461E-19 8.650E-19 8.425E-19 8.271E-19 8.341E-19 8.293E-19 8.221E-19 8.331E-19
 8.345E-19 8.255E-19 8.384E-19 8.290E-19 8.103E-19 8.282E-19 8.362E-19 8.131E-19 8.048E-19 8.145E-19
 8.118E-19 8.160E-19 8.181E-19 8.025E-19 8.016E-19 8.109E-19 8.048E-19 8.087E-19 8.204E-19 8.038E-19
 7.995E-19 8.169E-19 8.044E-19 8.022E-19 8.198E-19 8.125E-19 7.977E-19 8.070E-19 8.078E-19 7.933E-19
 7.997E-19 8.037E-19 7.857E-19 7.917E-19 7.958E-19 7.786E-19 7.834E-19 7.916E-19 7.889E-19 7.947E-19
 7.882E-19 7.715E-19 7.744E-19 7.778E-19 7.708E-19 7.723E-19 7.828E-19 7.757E-19 7.741E-19 7.738E-19
 7.608E-19 7.637E-19 7.709E-19 7.570E-19 7.528E-19 7.666E-19 7.623E-19 7.607E-19 7.728E-19 7.605E-19
 7.430E-19 7.460E-19 7.389E-19 7.396E-19 7.566E-19 7.510E-19 7.400E-19 7.405E-19 7.415E-19 7.389E-19
 7.409E-19 7.390E-19 7.276E-19 7.263E-19 7.326E-19 7.399E-19 7.415E-19 7.322E-19 7.211E-19 7.238E-19
 7.292E-19 7.248E-19 7.218E-19 7.241E-19 7.180E-19 7.188E-19 7.249E-19 7.137E-19 7.077E-19 7.043E-19
 6.980E-19 6.905E-19 6.959E-19 6.994E-19 7.046E-19 7.027E-19 6.918E-19 6.839E-19 6.810E-19 6.756E-19
 6.746E-19 6.801E-19 6.850E-19 6.908E-19 6.883E-19 6.760E-19 6.735E-19 6.780E-19 6.676E-19 6.628E-19
 6.676E-19 6.619E-19 6.575E-19 6.601E-19 6.515E-19 6.552E-19 6.598E-19 6.550E-19 6.576E-19 6.579E-19
 6.529E-19 6.535E-19 6.533E-19 6.463E-19 6.461E-19 6.408E-19 6.311E-19 6.343E-19 6.280E-19 6.156E-19
 6.213E-19 6.226E-19 6.118E-19 6.189E-19 6.268E-19 6.203E-19 6.095E-19 6.030E-19 6.085E-19 6.198E-19
 6.158E-19 6.083E-19 6.102E-19 6.109E-19 6.082E-19 6.085E-19 6.000E-19 5.903E-19 5.806E-19 5.780E-19
 5.860E-19 5.925E-19 5.864E-19 5.857E-19 5.797E-19 5.720E-19 5.726E-19 5.743E-19 5.674E-19 5.602E-19
 5.660E-19 5.684E-19 5.660E-19 5.612E-19 5.533E-19 5.489E-19 5.483E-19 5.494E-19 5.527E-19 5.430E-19
 5.358E-19 5.336E-19 5.349E-19 5.370E-19 5.294E-19 5.283E-19 5.319E-19 5.202E-19 5.144E-19 5.142E-19
 5.103E-19 5.155E-19 5.304E-19 5.299E-19 5.178E-19 5.024E-19 5.004E-19 5.096E-19 5.133E-19 5.044E-19
 5.022E-19 5.088E-19 5.066E-19 5.026E-19 5.054E-19 5.027E-19 4.908E-19 4.793E-19 4.763E-19 4.763E-19
 4.713E-19 4.689E-19 4.708E-19 4.791E-19 4.763E-19 4.665E-19 4.689E-19 4.737E-19 4.718E-19 4.571E-19
 4.453E-19 4.496E-19 4.623E-19 4.672E-19 4.606E-19 4.471E-19 4.346E-19 4.362E-19 4.380E-19 4.314E-19
 4.317E-19 4.345E-19 4.252E-19 4.265E-19 4.335E-19 4.246E-19 4.105E-19 4.059E-19 4.117E-19 4.215E-19
 4.133E-19 4.089E-19 4.138E-19 4.086E-19 4.023E-19 4.009E-19 3.987E-19 3.968E-19 3.905E-19 3.902E-19
 4.012E-19 4.028E-19 3.940E-19 3.963E-19 3.914E-19 3.798E-19 3.832E-19 3.838E-19 3.772E-19 3.823E-19
 3.771E-19 3.636E-19 3.635E-19 3.592E-19 3.565E-19 3.584E-19 3.574E-19 3.542E-19 3.554E-19 3.576E-19
 3.579E-19 3.574E-19 3.503E-19 3.392E-19 3.402E-19 3.395E-19 3.309E-19 3.272E-19 3.340E-19 3.354E-19
 3.349E-19 3.329E-19 3.392E-19 3.380E-19 3.234E-19 3.165E-19 3.172E-19 3.179E-19 3.228E-19 3.272E-19
 3.198E-19 3.081E-19 3.025E-19 3.057E-19 3.062E-19 3.071E-19 3.103E-19 3.117E-19 3.036E-19 2.901E-19
 2.849E-19 2.882E-19 2.888E-19 2.835E-19 2.943E-19 3.014E-19 2.893E-19 2.836E-19 2.816E-19 2.740E-19
 2.693E-19 2.712E-19 2.767E-19 2.785E-19 2.763E-19 2.722E-19 2.659E-19 2.608E-19 2.634E-19 2.643E-19
 2.529E-19 2.478E-19 2.466E-19 2.437E-19 2.418E-19 2.480E-19 2.569E-19 2.529E-19 2.466E-19 2.424E-19
 2.398E-19 2.400E-19 2.298E-19 2.380E-19 2.545E-19 2.458E-19 2.353E-19 2.309E-19 2.297E-19 2.304E-19
 2.327E-19 2.353E-19 2.341E-19 2.309E-19 2.230E-19 2.144E-19 2.171E-19 2.172E-19 2.129E-19 2.136E-19
 2.140E-19 2.191E-19 2.076E-19 2.013E-19 2.054E-19 1.990E-19 1.916E-19 1.943E-19 1.978E-19 2.039E-19
 2.074E-19 2.000E-19 1.986E-19 2.028E-19 2.026E-19 2.015E-19 1.982E-19 1.904E-19 1.827E-19 1.830E-19
 1.834E-19 1.853E-19 1.799E-19 1.725E-19 1.747E-19 1.749E-19 1.692E-19 1.571E-19 1.593E-19 1.701E-19
 1.722E-19 1.710E-19 1.688E-19 1.650E-19 1.654E-19 1.635E-19 1.587E-19 1.595E-19 1.639E-19 1.604E-19
 1.657E-19 1.750E-19 1.699E-19 1.546E-19 1.469E-19 1.505E-19 1.522E-19 1.524E-19 1.497E-19 1.402E-19
 1.404E-19 1.441E-19 1.407E-19 1.372E-19 1.377E-19 1.422E-19 1.470E-19 1.423E-19 1.404E-19 1.411E-19
 1.288E-19 1.261E-19 1.330E-19 1.344E-19 1.313E-19 1.269E-19 1.296E-19 1.250E-19 1.157E-19 1.174E-19
 1.236E-19 1.228E-19 1.292E-19 1.318E-19 1.206E-19 1.231E-19 1.250E-19 1.145E-19 1.065E-19 1.066E-19
 1.124E-19 1.115E-19 1.085E-19 1.061E-19 1.084E-19 1.146E-19 1.129E-19 1.162E-19 1.177E-19 1.144E-19
 1.092E-19 9.894E-20 9.781E-20 1.032E-19 1.090E-19 1.075E-19 9.828E-20 9.599E-20 9.347E-20 8.668E-20
 8.232E-20 8.336E-20 8.710E-20 8.692E-20 8.746E-20 8.654E-20 8.715E-20 8.687E-20 8.426E-20 7.668E-20
 7.153E-20 7.492E-20 7.996E-20 8.226E-20 8.306E-20 8.190E-20 8.217E-20 9.098E-20 9.055E-20 8.859E-20
 8.868E-20 8.626E-20 8.348E-20 8.870E-20 8.969E-20 8.173E-20 7.871E-20 7.339E-20 6.675E-20 6.700E-20
 7.507E-20 7.183E-20 6.905E-20 6.891E-20 6.511E-20 6.794E-20 6.637E-20 5.850E-20 5.755E-20 6.428E-20
 6.675E-20 6.741E-20 6.423E-20 6.109E-20 6.524E-20 6.597E-20 5.577E-20 5.506E-20 5.896E-20 6.215E-20
 6.892E-20 7.075E-20 6.634E-20 5.777E-20 5.329E-20 4.907E-20 5.077E-20 5.388E-20 5.625E-20 6.110E-20
