    C2ClF5 1167.0100 1259.9920      6269  203.0000    0.0000 6.092E-18  NCAR    CFC-115
 2.392E-20 2.718E-20 3.024E-20 2.269E-20 2.367E-20 2.336E-20 1.711E-20 2.259E-20 3.141E-20 3.386E-20
 3.032E-20 2.737E-20 2.586E-20 2.491E-20 2.941E-20 3.688E-20 3.885E-20 3.587E-20 2.540E-20 2.372E-20
 3.313E-20 3.379E-20 2.955E-20 2.372E-20 2.469E-20 2.624E-20 2.374E-20 1.992E-20 1.694E-20 1.360E-20
 1.360E-20 1.602E-20 2.216E-20 2.488E-20 2.479E-20 2.920E-20 3.322E-20 3.042E-20 3.398E-20 3.648E-20
 2.919E-20 2.331E-20 2.278E-20 2.718E-20 2.948E-20 3.400E-20 3.926E-20 4.082E-20 3.624E-20 3.015E-20
 3.124E-20 3.364E-20 3.252E-20 3.363E-20 3.311E-20 3.305E-20 3.614E-20 3.356E-20 2.890E-20 2.758E-20
 2.717E-20 2.854E-20 3.059E-20 3.452E-20 3.476E-20 2.318E-20 1.858E-20 2.153E-20 2.714E-20 3.418E-20
 3.031E-20 2.281E-20 2.439E-20 3.234E-20 4.307E-20 3.966E-20 2.920E-20 2.963E-20 3.397E-20 3.496E-20
 4.080E-20 4.521E-20 4.572E-20 4.674E-20 4.243E-20 3.616E-20 3.224E-20 3.474E-20 3.932E-20 3.659E-20
 3.969E-20 4.652E-20 4.033E-20 3.197E-20 2.934E-20 2.784E-20 2.304E-20 2.438E-20 3.239E-20 3.407E-20
 3.624E-20 4.522E-20 5.190E-20 4.672E-20 4.377E-20 4.146E-20 4.324E-20 4.416E-20 4.158E-20 4.728E-20
 4.805E-20 4.339E-20 4.062E-20 4.209E-20 4.300E-20 4.052E-20 4.336E-20 4.636E-20 4.469E-20 4.385E-20
 3.884E-20 3.874E-20 3.814E-20 3.715E-20 3.989E-20 4.127E-20 3.876E-20 4.204E-20 5.017E-20 5.047E-20
 4.745E-20 5.141E-20 5.567E-20 5.424E-20 4.960E-20 5.146E-20 5.798E-20 5.418E-20 4.399E-20 5.583E-20
 6.465E-20 5.074E-20 4.581E-20 5.021E-20 5.588E-20 5.616E-20 6.018E-20 6.075E-20 5.699E-20 5.662E-20
 5.547E-20 5.262E-20 5.046E-20 5.335E-20 5.510E-20 5.819E-20 6.769E-20 6.355E-20 4.769E-20 4.750E-20
 5.057E-20 5.207E-20 5.581E-20 5.543E-20 5.937E-20 5.622E-20 5.391E-20 5.829E-20 5.901E-20 5.725E-20
 5.395E-20 5.940E-20 6.059E-20 5.899E-20 6.223E-20 6.461E-20 6.281E-20 6.140E-20 5.844E-20 5.804E-20
 5.868E-20 5.806E-20 5.983E-20 6.317E-20 6.741E-20 6.628E-20 6.642E-20 7.284E-20 7.628E-20 7.111E-20
 6.364E-20 6.074E-20 6.291E-20 6.632E-20 7.281E-20 6.835E-20 6.426E-20 6.875E-20 7.035E-20 7.061E-20
 7.240E-20 7.468E-20 7.450E-20 8.265E-20 8.573E-20 7.835E-20 7.261E-20 7.250E-20 7.836E-20 8.245E-20
 8.048E-20 7.838E-20 8.124E-20 7.913E-20 7.675E-20 7.406E-20 7.317E-20 7.423E-20 7.035E-20 7.166E-20
 7.658E-20 7.619E-20 7.245E-20 7.554E-20 8.218E-20 7.233E-20 6.795E-20 7.909E-20 8.347E-20 8.184E-20
 8.260E-20 8.407E-20 8.347E-20 7.990E-20 8.290E-20 8.964E-20 8.870E-20 8.230E-20 7.877E-20 8.459E-20
 9.300E-20 9.360E-20 8.991E-20 8.480E-20 8.379E-20 8.522E-20 8.379E-20 8.283E-20 9.013E-20 9.798E-20
 1.045E-19 1.072E-19 9.649E-20 8.494E-20 8.346E-20 8.991E-20 8.917E-20 8.455E-20 8.963E-20 9.893E-20
 1.052E-19 1.037E-19 9.979E-20 9.901E-20 9.528E-20 9.454E-20 1.017E-19 1.059E-19 1.038E-19 9.702E-20
 9.028E-20 9.023E-20 9.943E-20 1.054E-19 1.014E-19 1.055E-19 1.040E-19 1.007E-19 1.022E-19 1.047E-19
 1.075E-19 1.023E-19 1.014E-19 1.037E-19 1.089E-19 1.186E-19 1.189E-19 1.154E-19 1.128E-19 1.104E-19
 1.086E-19 1.092E-19 1.117E-19 1.147E-19 1.176E-19 1.183E-19 1.210E-19 1.237E-19 1.193E-19 1.255E-19
 1.307E-19 1.305E-19 1.213E-19 1.140E-19 1.214E-19 1.264E-19 1.309E-19 1.349E-19 1.317E-19 1.336E-19
 1.332E-19 1.285E-19 1.329E-19 1.396E-19 1.400E-19 1.325E-19 1.333E-19 1.360E-19 1.391E-19 1.428E-19
 1.422E-19 1.434E-19 1.420E-19 1.443E-19 1.472E-19 1.486E-19 1.478E-19 1.413E-19 1.380E-19 1.360E-19
 1.385E-19 1.417E-19 1.414E-19 1.440E-19 1.428E-19 1.404E-19 1.445E-19 1.459E-19 1.483E-19 1.509E-19
 1.463E-19 1.431E-19 1.474E-19 1.560E-19 1.596E-19 1.556E-19 1.538E-19 1.484E-19 1.417E-19 1.462E-19
 1.544E-19 1.594E-19 1.643E-19 1.651E-19 1.625E-19 1.587E-19 1.621E-19 1.719E-19 1.760E-19 1.732E-19
 1.696E-19 1.673E-19 1.655E-19 1.639E-19 1.646E-19 1.677E-19 1.725E-19 1.698E-19 1.709E-19 1.779E-19
 1.793E-19 1.818E-19 1.843E-19 1.790E-19 1.788E-19 1.869E-19 1.866E-19 1.778E-19 1.829E-19 1.853E-19
 1.811E-19 1.822E-19 1.825E-19 1.825E-19 1.784E-19 1.794E-19 1.857E-19 1.851E-19 1.875E-19 1.927E-19
 1.949E-19 1.924E-19 1.906E-19 1.928E-19 1.949E-19 1.952E-19 1.956E-19 1.994E-19 1.981E-19 1.960E-19
 1.984E-19 2.033E-19 2.005E-19 1.973E-19 2.037E-19 2.131E-19 2.108E-19 2.096E-19 2.130E-19 2.103E-19
 2.082E-19 2.140E-19 2.160E-19 2.164E-19 2.204E-19 2.240E-19 2.215E-19 2.126E-19 2.054E-19 2.052E-19
 2.070E-19 2.106E-19 2.226E-19 2.282E-19 2.241E-19 2.261E-19 2.250E-19 2.291E-19 2.319E-19 2.269E-19
 2.253E-19 2.327E-19 2.380E-19 2.334E-19 2.339E-19 2.449E-19 2.450E-19 2.383E-19 2.445E-19 2.489E-19
 2.488E-19 2.506E-19 2.587E-19 2.568E-19 2.498E-19 2.447E-19 2.389E-19 2.397E-19 2.419E-19 2.397E-19
 2.392E-19 2.464E-19 2.525E-19 2.548E-19 2.512E-19 2.462E-19 2.538E-19 2.619E-19 2.588E-19 2.532E-19
 2.560E-19 2.641E-19 2.696E-19 2.652E-19 2.595E-19 2.675E-19 2.756E-19 2.686E-19 2.724E-19 2.816E-19
 2.802E-19 2.784E-19 2.791E-19 2.805E-19 2.798E-19 2.761E-19 2.815E-19 2.840E-19 2.853E-19 2.868E-19
 2.868E-19 2.842E-19 2.793E-19 2.805E-19 2.818E-19 2.831E-19 2.828E-19 2.918E-19 3.021E-19 3.046E-19
 3.034E-19 3.052E-19 3.078E-19 3.063E-19 3.053E-19 3.037E-19 2.960E-19 2.961E-19 3.017E-19 3.057E-19
 3.077E-19 3.024E-19 3.001E-19 3.031E-19 3.069E-19 3.167E-19 3.194E-19 3.250E-19 3.305E-19 3.268E-19
 3.280E-19 3.295E-19 3.275E-19 3.243E-19 3.216E-19 3.220E-19 3.262E-19 3.223E-19 3.244E-19 3.323E-19
 3.255E-19 3.158E-19 3.239E-19 3.336E-19 3.259E-19 3.221E-19 3.288E-19 3.353E-19 3.454E-19 3.490E-19
 3.418E-19 3.424E-19 3.462E-19 3.423E-19 3.446E-19 3.546E-19 3.567E-19 3.565E-19 3.515E-19 3.484E-19
 3.493E-19 3.539E-19 3.577E-19 3.598E-19 3.611E-19 3.666E-19 3.718E-19 3.661E-19 3.618E-19 3.622E-19
 3.641E-19 3.592E-19 3.560E-19 3.601E-19 3.635E-19 3.730E-19 3.822E-19 3.805E-19 3.698E-19 3.634E-19
 3.739E-19 3.816E-19 3.808E-19 3.908E-19 4.000E-19 3.961E-19 3.859E-19 3.806E-19 3.859E-19 3.862E-19
 3.828E-19 3.819E-19 3.893E-19 3.912E-19 3.887E-19 3.893E-19 3.897E-19 3.861E-19 3.875E-19 3.907E-19
 3.932E-19 3.991E-19 4.035E-19 4.012E-19 3.969E-19 4.020E-19 4.091E-19 4.126E-19 4.103E-19 4.104E-19
 4.208E-19 4.292E-19 4.225E-19 4.175E-19 4.179E-19 4.181E-19 4.219E-19 4.240E-19 4.250E-19 4.257E-19
 4.255E-19 4.291E-19 4.357E-19 4.366E-19 4.355E-19 4.364E-19 4.399E-19 4.388E-19 4.298E-19 4.322E-19
 4.412E-19 4.442E-19 4.451E-19 4.413E-19 4.325E-19 4.305E-19 4.385E-19 4.462E-19 4.486E-19 4.540E-19
 4.593E-19 4.577E-19 4.522E-19 4.460E-19 4.428E-19 4.375E-19 4.389E-19 4.529E-19 4.628E-19 4.590E-19
 4.554E-19 4.592E-19 4.639E-19 4.631E-19 4.645E-19 4.690E-19 4.661E-19 4.660E-19 4.695E-19 4.700E-19
 4.659E-19 4.626E-19 4.576E-19 4.585E-19 4.652E-19 4.659E-19 4.602E-19 4.657E-19 4.805E-19 4.873E-19
 4.807E-19 4.754E-19 4.786E-19 4.827E-19 4.865E-19 4.823E-19 4.722E-19 4.738E-19 4.846E-19 4.916E-19
 4.927E-19 4.899E-19 4.838E-19 4.820E-19 4.789E-19 4.851E-19 4.932E-19 4.973E-19 4.992E-19 5.007E-19
 4.997E-19 4.953E-19 4.972E-19 5.011E-19 5.040E-19 5.054E-19 5.015E-19 4.936E-19 4.972E-19 5.001E-19
 5.036E-19 5.064E-19 5.078E-19 5.103E-19 5.148E-19 5.154E-19 5.135E-19 5.127E-19 5.141E-19 5.155E-19
 5.177E-19 5.223E-19 5.192E-19 5.111E-19 5.170E-19 5.298E-19 5.279E-19 5.195E-19 5.080E-19 5.049E-19
 5.106E-19 5.091E-19 5.107E-19 5.222E-19 5.192E-19 5.118E-19 5.129E-19 5.164E-19 5.225E-19 5.200E-19
 5.258E-19 5.314E-19 5.270E-19 5.214E-19 5.220E-19 5.251E-19 5.311E-19 5.370E-19 5.324E-19 5.293E-19
 5.327E-19 5.391E-19 5.392E-19 5.371E-19 5.315E-19 5.278E-19 5.289E-19 5.336E-19 5.392E-19 5.354E-19
 5.335E-19 5.372E-19 5.347E-19 5.240E-19 5.228E-19 5.395E-19 5.427E-19 5.405E-19 5.433E-19 5.485E-19
 5.481E-19 5.435E-19 5.485E-19 5.395E-19 5.352E-19 5.486E-19 5.492E-19 5.405E-19 5.479E-19 5.587E-19
 5.520E-19 5.482E-19 5.453E-19 5.410E-19 5.495E-19 5.537E-19 5.473E-19 5.416E-19 5.469E-19 5.547E-19
 5.558E-19 5.494E-19 5.595E-19 5.636E-19 5.562E-19 5.596E-19 5.634E-19 5.620E-19 5.597E-19 5.612E-19
 5.600E-19 5.558E-19 5.569E-19 5.600E-19 5.612E-19 5.616E-19 5.633E-19 5.626E-19 5.554E-19 5.586E-19
 5.698E-19 5.671E-19 5.687E-19 5.761E-19 5.711E-19 5.769E-19 5.830E-19 5.720E-19 5.656E-19 5.655E-19
 5.585E-19 5.510E-19 5.525E-19 5.743E-19 5.825E-19 5.813E-19 5.880E-19 5.860E-19 5.710E-19 5.646E-19
 5.653E-19 5.612E-19 5.605E-19 5.636E-19 5.658E-19 5.676E-19 5.709E-19 5.760E-19 5.845E-19 5.778E-19
 5.703E-19 5.677E-19 5.639E-19 5.635E-19 5.615E-19 5.677E-19 5.744E-19 5.686E-19 5.668E-19 5.689E-19
 5.740E-19 5.766E-19 5.739E-19 5.775E-19 5.845E-19 5.804E-19 5.702E-19 5.677E-19 5.687E-19 5.760E-19
 5.817E-19 5.814E-19 5.773E-19 5.769E-19 5.758E-19 5.651E-19 5.531E-19 5.590E-19 5.727E-19 5.789E-19
 5.840E-19 5.833E-19 5.750E-19 5.739E-19 5.835E-19 5.796E-19 5.671E-19 5.699E-19 5.763E-19 5.698E-19
 5.641E-19 5.762E-19 5.875E-19 5.801E-19 5.777E-19 5.773E-19 5.806E-19 5.784E-19 5.692E-19 5.695E-19
 5.699E-19 5.737E-19 5.740E-19 5.758E-19 5.796E-19 5.923E-19 5.842E-19 5.651E-19 5.717E-19 5.834E-19
 5.780E-19 5.787E-19 5.846E-19 5.802E-19 5.778E-19 5.821E-19 5.886E-19 5.857E-19 5.842E-19 5.793E-19
 5.633E-19 5.566E-19 5.670E-19 5.662E-19 5.664E-19 5.761E-19 5.822E-19 5.830E-19 5.812E-19 5.771E-19
 5.716E-19 5.659E-19 5.705E-19 5.736E-19 5.674E-19 5.729E-19 5.871E-19 5.793E-19 5.671E-19 5.701E-19
 5.775E-19 5.758E-19 5.707E-19 5.608E-19 5.539E-19 5.611E-19 5.715E-19 5.719E-19 5.677E-19 5.721E-19
 5.789E-19 5.858E-19 5.798E-19 5.740E-19 5.733E-19 5.746E-19 5.776E-19 5.744E-19 5.666E-19 5.667E-19
 5.731E-19 5.750E-19 5.720E-19 5.749E-19 5.752E-19 5.718E-19 5.739E-19 5.753E-19 5.709E-19 5.672E-19
 5.663E-19 5.631E-19 5.710E-19 5.757E-19 5.692E-19 5.747E-19 5.800E-19 5.651E-19 5.609E-19 5.712E-19
 5.747E-19 5.748E-19 5.784E-19 5.854E-19 5.794E-19 5.754E-19 5.777E-19 5.700E-19 5.660E-19 5.775E-19
 5.871E-19 5.879E-19 5.848E-19 5.821E-19 5.832E-19 5.851E-19 5.857E-19 5.914E-19 5.920E-19 5.895E-19
 5.946E-19 5.893E-19 5.868E-19 5.959E-19 6.027E-19 5.993E-19 5.953E-19 5.943E-19 5.950E-19 6.018E-19
 6.084E-19 6.060E-19 6.020E-19 5.992E-19 5.955E-19 5.945E-19 5.988E-19 5.980E-19 6.034E-19 6.105E-19
 6.061E-19 6.054E-19 6.063E-19 5.981E-19 5.907E-19 5.905E-19 5.856E-19 5.908E-19 5.931E-19 5.937E-19
 6.021E-19 6.078E-19 6.077E-19 6.034E-19 6.026E-19 5.972E-19 5.926E-19 5.871E-19 5.910E-19 5.982E-19
 5.971E-19 5.987E-19 6.057E-19 6.088E-19 6.095E-19 6.101E-19 6.103E-19 6.126E-19 6.050E-19 6.133E-19
 6.253E-19 6.235E-19 6.143E-19 6.098E-19 6.155E-19 6.179E-19 6.113E-19 6.042E-19 6.125E-19 6.195E-19
 6.156E-19 6.128E-19 6.137E-19 6.191E-19 6.208E-19 6.175E-19 6.209E-19 6.282E-19 6.301E-19 6.310E-19
 6.272E-19 6.266E-19 6.259E-19 6.290E-19 6.355E-19 6.374E-19 6.392E-19 6.333E-19 6.329E-19 6.474E-19
 6.569E-19 6.639E-19 6.745E-19 6.763E-19 6.691E-19 6.662E-19 6.702E-19 6.747E-19 6.867E-19 7.033E-19
 7.111E-19 7.123E-19 7.135E-19 7.091E-19 7.030E-19 7.007E-19 7.047E-19 7.136E-19 7.134E-19 7.062E-19
 7.041E-19 7.067E-19 7.173E-19 7.237E-19 7.374E-19 7.555E-19 7.531E-19 7.472E-19 7.434E-19 7.441E-19
 7.564E-19 7.592E-19 7.630E-19 7.752E-19 7.715E-19 7.661E-19 7.769E-19 7.821E-19 7.777E-19 7.768E-19
 7.783E-19 7.833E-19 7.869E-19 7.744E-19 7.649E-19 7.624E-19 7.501E-19 7.403E-19 7.417E-19 7.403E-19
 7.452E-19 7.472E-19 7.470E-19 7.485E-19 7.439E-19 7.439E-19 7.490E-19 7.536E-19 7.553E-19 7.680E-19
 7.788E-19 7.828E-19 7.857E-19 7.786E-19 7.761E-19 7.704E-19 7.703E-19 7.733E-19 7.751E-19 7.835E-19
 7.879E-19 7.932E-19 8.020E-19 8.127E-19 8.091E-19 8.049E-19 8.117E-19 8.203E-19 8.279E-19 8.321E-19
 8.308E-19 8.329E-19 8.412E-19 8.520E-19 8.582E-19 8.597E-19 8.577E-19 8.678E-19 8.877E-19 8.957E-19
 8.984E-19 9.116E-19 9.237E-19 9.386E-19 9.547E-19 9.619E-19 9.814E-19 1.002E-18 1.011E-18 1.011E-18
 1.016E-18 1.030E-18 1.038E-18 1.037E-18 1.034E-18 1.039E-18 1.053E-18 1.073E-18 1.089E-18 1.097E-18
 1.108E-18 1.113E-18 1.119E-18 1.140E-18 1.156E-18 1.163E-18 1.172E-18 1.188E-18 1.200E-18 1.208E-18
 1.228E-18 1.235E-18 1.236E-18 1.248E-18 1.258E-18 1.267E-18 1.251E-18 1.228E-18 1.227E-18 1.251E-18
 1.277E-18 1.291E-18 1.297E-18 1.297E-18 1.299E-18 1.292E-18 1.282E-18 1.277E-18 1.251E-18 1.211E-18
 1.163E-18 1.096E-18 1.025E-18 9.675E-19 9.375E-19 9.242E-19 9.057E-19 8.787E-19 8.547E-19 8.539E-19
 8.615E-19 8.617E-19 8.565E-19 8.632E-19 8.860E-19 9.041E-19 9.124E-19 9.118E-19 9.105E-19 9.227E-19
 9.406E-19 9.582E-19 9.724E-19 9.992E-19 1.053E-18 1.078E-18 1.070E-18 1.063E-18 1.060E-18 1.063E-18
 1.054E-18 1.041E-18 1.038E-18 1.054E-18 1.073E-18 1.074E-18 1.078E-18 1.102E-18 1.123E-18 1.134E-18
 1.137E-18 1.146E-18 1.176E-18 1.198E-18 1.204E-18 1.206E-18 1.207E-18 1.190E-18 1.164E-18 1.136E-18
 1.129E-18 1.133E-18 1.137E-18 1.148E-18 1.159E-18 1.175E-18 1.192E-18 1.196E-18 1.198E-18 1.207E-18
 1.228E-18 1.257E-18 1.271E-18 1.239E-18 1.185E-18 1.148E-18 1.129E-18 1.129E-18 1.171E-18 1.231E-18
 1.282E-18 1.343E-18 1.394E-18 1.400E-18 1.394E-18 1.413E-18 1.449E-18 1.480E-18 1.515E-18 1.555E-18
 1.593E-18 1.637E-18 1.685E-18 1.729E-18 1.789E-18 1.845E-18 1.883E-18 1.918E-18 1.943E-18 1.970E-18
 1.988E-18 1.998E-18 2.025E-18 2.064E-18 2.118E-18 2.174E-18 2.191E-18 2.203E-18 2.191E-18 2.181E-18
 2.167E-18 2.135E-18 2.081E-18 2.014E-18 1.943E-18 1.882E-18 1.838E-18 1.795E-18 1.749E-18 1.702E-18
 1.677E-18 1.660E-18 1.579E-18 1.426E-18 1.220E-18 9.591E-19 7.154E-19 5.571E-19 4.824E-19 4.570E-19
 4.553E-19 4.623E-19 4.605E-19 4.621E-19 4.649E-19 4.523E-19 4.443E-19 4.366E-19 4.356E-19 4.440E-19
 4.528E-19 4.530E-19 4.451E-19 4.503E-19 4.619E-19 4.649E-19 4.687E-19 4.720E-19 4.706E-19 4.712E-19
 4.764E-19 4.839E-19 4.920E-19 4.971E-19 5.029E-19 5.078E-19 5.066E-19 4.986E-19 4.988E-19 5.091E-19
 5.134E-19 5.127E-19 5.141E-19 5.183E-19 5.182E-19 5.219E-19 5.317E-19 5.336E-19 5.317E-19 5.363E-19
 5.404E-19 5.353E-19 5.296E-19 5.317E-19 5.277E-19 5.247E-19 5.303E-19 5.274E-19 5.183E-19 5.190E-19
 5.287E-19 5.254E-19 5.238E-19 5.247E-19 5.217E-19 5.178E-19 5.206E-19 5.192E-19 5.201E-19 5.220E-19
 5.206E-19 5.216E-19 5.120E-19 5.125E-19 5.100E-19 5.077E-19 5.093E-19 5.115E-19 5.058E-19 5.034E-19
 5.091E-19 5.050E-19 4.981E-19 4.974E-19 5.033E-19 5.039E-19 5.017E-19 5.062E-19 5.035E-19 5.011E-19
 4.995E-19 4.991E-19 4.990E-19 4.966E-19 4.891E-19 4.844E-19 4.850E-19 4.871E-19 4.853E-19 4.787E-19
 4.746E-19 4.731E-19 4.800E-19 4.784E-19 4.698E-19 4.709E-19 4.756E-19 4.780E-19 4.784E-19 4.826E-19
 4.811E-19 4.637E-19 4.591E-19 4.688E-19 4.678E-19 4.675E-19 4.715E-19 4.728E-19 4.688E-19 4.614E-19
 4.522E-19 4.491E-19 4.522E-19 4.496E-19 4.475E-19 4.530E-19 4.527E-19 4.526E-19 4.582E-19 4.546E-19
 4.503E-19 4.480E-19 4.405E-19 4.381E-19 4.371E-19 4.336E-19 4.405E-19 4.401E-19 4.359E-19 4.393E-19
 4.345E-19 4.294E-19 4.301E-19 4.301E-19 4.362E-19 4.426E-19 4.345E-19 4.263E-19 4.277E-19 4.272E-19
 4.303E-19 4.326E-19 4.322E-19 4.354E-19 4.371E-19 4.314E-19 4.294E-19 4.300E-19 4.335E-19 4.259E-19
 4.223E-19 4.283E-19 4.315E-19 4.296E-19 4.281E-19 4.251E-19 4.198E-19 4.258E-19 4.344E-19 4.233E-19
 4.178E-19 4.176E-19 4.185E-19 4.269E-19 4.239E-19 4.202E-19 4.255E-19 4.243E-19 4.173E-19 4.199E-19
 4.228E-19 4.238E-19 4.350E-19 4.337E-19 4.225E-19 4.245E-19 4.287E-19 4.254E-19 4.309E-19 4.366E-19
 4.387E-19 4.359E-19 4.306E-19 4.275E-19 4.205E-19 4.202E-19 4.298E-19 4.371E-19 4.342E-19 4.327E-19
 4.347E-19 4.458E-19 4.436E-19 4.339E-19 4.260E-19 4.331E-19 4.398E-19 4.361E-19 4.342E-19 4.340E-19
 4.340E-19 4.329E-19 4.262E-19 4.312E-19 4.352E-19 4.424E-19 4.454E-19 4.454E-19 4.484E-19 4.476E-19
 4.354E-19 4.265E-19 4.279E-19 4.319E-19 4.377E-19 4.394E-19 4.414E-19 4.380E-19 4.376E-19 4.435E-19
 4.518E-19 4.474E-19 4.426E-19 4.523E-19 4.550E-19 4.494E-19 4.558E-19 4.513E-19 4.451E-19 4.453E-19
 4.453E-19 4.469E-19 4.488E-19 4.514E-19 4.458E-19 4.432E-19 4.508E-19 4.606E-19 4.484E-19 4.341E-19
 4.333E-19 4.381E-19 4.433E-19 4.483E-19 4.516E-19 4.523E-19 4.539E-19 4.439E-19 4.412E-19 4.478E-19
 4.477E-19 4.491E-19 4.550E-19 4.498E-19 4.550E-19 4.614E-19 4.620E-19 4.624E-19 4.663E-19 4.621E-19
 4.555E-19 4.524E-19 4.547E-19 4.563E-19 4.579E-19 4.693E-19 4.682E-19 4.593E-19 4.569E-19 4.561E-19
 4.483E-19 4.464E-19 4.513E-19 4.597E-19 4.644E-19 4.624E-19 4.548E-19 4.511E-19 4.499E-19 4.574E-19
 4.625E-19 4.659E-19 4.638E-19 4.538E-19 4.491E-19 4.475E-19 4.526E-19 4.533E-19 4.504E-19 4.453E-19
 4.445E-19 4.514E-19 4.577E-19 4.592E-19 4.460E-19 4.400E-19 4.501E-19 4.530E-19 4.526E-19 4.549E-19
 4.647E-19 4.685E-19 4.665E-19 4.622E-19 4.591E-19 4.495E-19 4.450E-19 4.480E-19 4.523E-19 4.598E-19
 4.606E-19 4.583E-19 4.528E-19 4.436E-19 4.495E-19 4.577E-19 4.580E-19 4.573E-19 4.564E-19 4.541E-19
 4.512E-19 4.573E-19 4.605E-19 4.554E-19 4.526E-19 4.563E-19 4.543E-19 4.451E-19 4.446E-19 4.495E-19
 4.490E-19 4.550E-19 4.610E-19 4.531E-19 4.421E-19 4.395E-19 4.406E-19 4.491E-19 4.571E-19 4.593E-19
 4.492E-19 4.419E-19 4.417E-19 4.464E-19 4.499E-19 4.461E-19 4.437E-19 4.517E-19 4.540E-19 4.464E-19
 4.420E-19 4.449E-19 4.463E-19 4.458E-19 4.448E-19 4.449E-19 4.451E-19 4.403E-19 4.418E-19 4.452E-19
 4.447E-19 4.447E-19 4.413E-19 4.382E-19 4.399E-19 4.377E-19 4.402E-19 4.486E-19 4.497E-19 4.502E-19
 4.454E-19 4.403E-19 4.399E-19 4.384E-19 4.426E-19 4.460E-19 4.380E-19 4.331E-19 4.324E-19 4.244E-19
 4.241E-19 4.258E-19 4.276E-19 4.261E-19 4.285E-19 4.319E-19 4.311E-19 4.301E-19 4.238E-19 4.209E-19
 4.259E-19 4.184E-19 4.194E-19 4.264E-19 4.278E-19 4.284E-19 4.238E-19 4.140E-19 4.125E-19 4.154E-19
 4.105E-19 4.070E-19 4.056E-19 4.111E-19 4.147E-19 4.111E-19 4.096E-19 4.101E-19 4.117E-19 4.110E-19
 4.102E-19 4.099E-19 4.094E-19 4.140E-19 4.165E-19 4.064E-19 3.973E-19 4.019E-19 4.051E-19 4.112E-19
 4.160E-19 4.089E-19 4.058E-19 4.090E-19 4.038E-19 3.919E-19 3.970E-19 4.024E-19 3.945E-19 3.878E-19
 3.802E-19 3.827E-19 3.899E-19 3.881E-19 3.814E-19 3.803E-19 3.826E-19 3.872E-19 3.814E-19 3.798E-19
 3.805E-19 3.779E-19 3.767E-19 3.760E-19 3.718E-19 3.688E-19 3.721E-19 3.702E-19 3.668E-19 3.715E-19
 3.793E-19 3.837E-19 3.781E-19 3.744E-19 3.758E-19 3.707E-19 3.729E-19 3.797E-19 3.764E-19 3.665E-19
 3.636E-19 3.561E-19 3.545E-19 3.627E-19 3.659E-19 3.610E-19 3.579E-19 3.606E-19 3.708E-19 3.779E-19
 3.635E-19 3.512E-19 3.523E-19 3.487E-19 3.389E-19 3.356E-19 3.375E-19 3.480E-19 3.525E-19 3.475E-19
 3.440E-19 3.403E-19 3.307E-19 3.349E-19 3.490E-19 3.485E-19 3.489E-19 3.531E-19 3.493E-19 3.404E-19
 3.308E-19 3.254E-19 3.311E-19 3.335E-19 3.342E-19 3.413E-19 3.431E-19 3.358E-19 3.346E-19 3.343E-19
 3.317E-19 3.296E-19 3.239E-19 3.176E-19 3.161E-19 3.182E-19 3.218E-19 3.204E-19 3.129E-19 3.100E-19
 3.192E-19 3.180E-19 3.143E-19 3.152E-19 3.174E-19 3.117E-19 3.055E-19 2.993E-19 3.005E-19 3.044E-19
 3.023E-19 3.006E-19 3.039E-19 3.062E-19 3.083E-19 3.115E-19 3.031E-19 2.981E-19 2.941E-19 2.973E-19
 3.043E-19 3.066E-19 3.078E-19 3.072E-19 3.023E-19 3.033E-19 2.954E-19 2.862E-19 2.887E-19 2.895E-19
 2.815E-19 2.802E-19 2.819E-19 2.833E-19 2.840E-19 2.769E-19 2.709E-19 2.777E-19 2.808E-19 2.744E-19
 2.765E-19 2.843E-19 2.805E-19 2.667E-19 2.598E-19 2.599E-19 2.629E-19 2.686E-19 2.710E-19 2.746E-19
 2.796E-19 2.775E-19 2.712E-19 2.628E-19 2.646E-19 2.662E-19 2.574E-19 2.529E-19 2.572E-19 2.559E-19
 2.577E-19 2.679E-19 2.638E-19 2.552E-19 2.544E-19 2.522E-19 2.485E-19 2.508E-19 2.555E-19 2.516E-19
 2.437E-19 2.416E-19 2.445E-19 2.436E-19 2.399E-19 2.453E-19 2.437E-19 2.414E-19 2.418E-19 2.375E-19
 2.326E-19 2.378E-19 2.476E-19 2.520E-19 2.501E-19 2.413E-19 2.334E-19 2.341E-19 2.287E-19 2.265E-19
 2.292E-19 2.338E-19 2.381E-19 2.306E-19 2.241E-19 2.228E-19 2.243E-19 2.248E-19 2.307E-19 2.271E-19
 2.222E-19 2.234E-19 2.260E-19 2.273E-19 2.239E-19 2.263E-19 2.268E-19 2.196E-19 2.213E-19 2.179E-19
 2.095E-19 2.090E-19 2.042E-19 2.008E-19 2.067E-19 2.076E-19 2.045E-19 2.094E-19 2.120E-19 2.055E-19
 2.031E-19 2.005E-19 2.014E-19 2.034E-19 2.008E-19 2.030E-19 1.990E-19 1.943E-19 1.924E-19 1.864E-19
 1.867E-19 1.892E-19 1.912E-19 1.939E-19 1.965E-19 1.981E-19 1.939E-19 1.874E-19 1.838E-19 1.844E-19
 1.894E-19 1.939E-19 1.913E-19 1.926E-19 1.916E-19 1.877E-19 1.914E-19 1.914E-19 1.836E-19 1.809E-19
 1.800E-19 1.800E-19 1.803E-19 1.708E-19 1.606E-19 1.630E-19 1.710E-19 1.761E-19 1.790E-19 1.821E-19
 1.830E-19 1.787E-19 1.739E-19 1.761E-19 1.801E-19 1.804E-19 1.687E-19 1.600E-19 1.637E-19 1.640E-19
 1.685E-19 1.743E-19 1.707E-19 1.659E-19 1.647E-19 1.675E-19 1.670E-19 1.661E-19 1.679E-19 1.703E-19
 1.717E-19 1.686E-19 1.676E-19 1.644E-19 1.608E-19 1.624E-19 1.626E-19 1.575E-19 1.553E-19 1.550E-19
 1.555E-19 1.600E-19 1.570E-19 1.499E-19 1.488E-19 1.522E-19 1.473E-19 1.437E-19 1.444E-19 1.398E-19
 1.403E-19 1.445E-19 1.487E-19 1.490E-19 1.482E-19 1.452E-19 1.442E-19 1.418E-19 1.422E-19 1.507E-19
 1.455E-19 1.339E-19 1.321E-19 1.353E-19 1.466E-19 1.475E-19 1.470E-19 1.438E-19 1.368E-19 1.348E-19
 1.331E-19 1.327E-19 1.358E-19 1.402E-19 1.372E-19 1.357E-19 1.419E-19 1.463E-19 1.398E-19 1.365E-19
 1.288E-19 1.225E-19 1.240E-19 1.242E-19 1.261E-19 1.305E-19 1.334E-19 1.372E-19 1.324E-19 1.275E-19
 1.275E-19 1.229E-19 1.157E-19 1.177E-19 1.245E-19 1.313E-19 1.350E-19 1.318E-19 1.266E-19 1.254E-19
 1.264E-19 1.261E-19 1.284E-19 1.278E-19 1.215E-19 1.184E-19 1.167E-19 1.172E-19 1.188E-19 1.230E-19
 1.202E-19 1.143E-19 1.209E-19 1.221E-19 1.245E-19 1.228E-19 1.155E-19 1.174E-19 1.220E-19 1.239E-19
 1.269E-19 1.276E-19 1.250E-19 1.287E-19 1.369E-19 1.302E-19 1.204E-19 1.146E-19 1.087E-19 1.089E-19
 1.164E-19 1.193E-19 1.125E-19 1.040E-19 1.053E-19 1.033E-19 9.811E-20 1.006E-19 1.077E-19 1.158E-19
 1.219E-19 1.264E-19 1.247E-19 1.210E-19 1.150E-19 1.105E-19 1.089E-19 1.129E-19 1.122E-19 1.062E-19
 1.040E-19 1.094E-19 1.117E-19 1.056E-19 1.026E-19 1.045E-19 1.024E-19 1.005E-19 1.016E-19 9.838E-20
 9.653E-20 9.267E-20 8.981E-20 9.097E-20 9.296E-20 9.390E-20 9.795E-20 1.013E-19 9.970E-20 1.043E-19
 1.036E-19 9.795E-20 1.003E-19 1.059E-19 1.104E-19 1.077E-19 1.030E-19 1.027E-19 1.083E-19 1.050E-19
 1.049E-19 1.039E-19 1.026E-19 1.073E-19 1.046E-19 1.038E-19 9.951E-20 9.745E-20 1.010E-19 9.621E-20
 8.957E-20 8.975E-20 9.144E-20 1.003E-19 1.078E-19 1.029E-19 9.956E-20 1.040E-19 1.042E-19 1.055E-19
 1.032E-19 1.036E-19 1.037E-19 1.032E-19 1.056E-19 1.066E-19 1.037E-19 1.020E-19 1.013E-19 9.983E-20
 9.911E-20 9.677E-20 9.761E-20 9.849E-20 1.008E-19 1.005E-19 9.795E-20 9.847E-20 1.035E-19 1.073E-19
 9.896E-20 9.189E-20 9.201E-20 9.841E-20 1.016E-19 9.747E-20 9.906E-20 1.013E-19 1.069E-19 1.022E-19
 9.815E-20 1.048E-19 1.140E-19 1.179E-19 1.114E-19 1.043E-19 1.065E-19 1.105E-19 1.118E-19 1.060E-19
 1.012E-19 1.085E-19 1.074E-19 1.019E-19 1.007E-19 1.010E-19 1.048E-19 1.090E-19 1.057E-19 1.059E-19
 1.099E-19 1.052E-19 1.044E-19 1.038E-19 1.045E-19 1.032E-19 9.938E-20 9.580E-20 9.985E-20 1.011E-19
 1.016E-19 9.781E-20 9.536E-20 1.075E-19 1.097E-19 1.035E-19 9.323E-20 8.813E-20 9.128E-20 9.620E-20
 1.064E-19 1.108E-19 1.054E-19 1.050E-19 9.975E-20 8.869E-20 8.937E-20 9.027E-20 8.715E-20 9.569E-20
 1.018E-19 9.711E-20 9.100E-20 8.256E-20 8.560E-20 9.066E-20 8.201E-20 7.511E-20 7.734E-20 8.122E-20
 8.595E-20 8.864E-20 8.954E-20 8.865E-20 8.653E-20 9.247E-20 8.842E-20 8.283E-20 8.132E-20 8.836E-20
 9.680E-20 9.935E-20 9.519E-20 8.802E-20 8.836E-20 8.918E-20 8.986E-20 8.571E-20 7.854E-20 8.730E-20
 9.095E-20 8.278E-20 7.972E-20 8.258E-20 8.520E-20 8.371E-20 8.307E-20 8.264E-20 8.846E-20 8.866E-20
 8.572E-20 8.920E-20 8.983E-20 8.852E-20 8.746E-20 8.786E-20 9.028E-20 8.910E-20 8.407E-20 8.117E-20
 8.142E-20 7.687E-20 7.746E-20 8.692E-20 9.943E-20 1.055E-19 9.790E-20 9.332E-20 9.082E-20 8.373E-20
 8.220E-20 9.074E-20 9.331E-20 9.295E-20 9.198E-20 8.655E-20 8.469E-20 8.333E-20 8.143E-20 8.550E-20
 8.733E-20 8.280E-20 7.733E-20 8.092E-20 8.402E-20 8.261E-20 8.669E-20 9.639E-20 1.025E-19 9.917E-20
 9.303E-20 9.877E-20 1.036E-19 9.298E-20 9.163E-20 9.675E-20 9.010E-20 8.622E-20 8.530E-20 7.951E-20
 7.857E-20 8.736E-20 8.795E-20 8.460E-20 8.078E-20 7.887E-20 8.012E-20 7.735E-20 8.278E-20 8.511E-20
 8.602E-20 8.280E-20 8.616E-20 8.639E-20 8.762E-20 8.977E-20 9.189E-20 9.190E-20 9.286E-20 9.584E-20
 9.671E-20 9.769E-20 9.950E-20 9.872E-20 1.017E-19 9.796E-20 9.664E-20 1.030E-19 1.037E-19 1.001E-19
 1.021E-19 1.067E-19 9.936E-20 9.612E-20 1.029E-19 1.002E-19 9.274E-20 9.020E-20 9.420E-20 9.592E-20
 9.547E-20 9.648E-20 9.823E-20 9.573E-20 8.971E-20 8.162E-20 8.293E-20 8.939E-20 9.174E-20 9.107E-20
 9.263E-20 9.603E-20 9.444E-20 9.375E-20 9.383E-20 9.745E-20 9.644E-20 9.860E-20 9.543E-20 9.839E-20
 1.008E-19 9.760E-20 9.341E-20 8.567E-20 8.256E-20 9.310E-20 9.849E-20 9.618E-20 8.887E-20 8.154E-20
 7.380E-20 7.553E-20 8.114E-20 7.932E-20 7.402E-20 7.262E-20 7.888E-20 7.685E-20 6.337E-20 5.904E-20
 6.492E-20 7.102E-20 6.576E-20 6.639E-20 7.221E-20 7.788E-20 8.005E-20 7.859E-20 7.557E-20 6.747E-20
 6.971E-20 7.611E-20 7.974E-20 8.057E-20 8.413E-20 9.083E-20 9.346E-20 8.569E-20 8.117E-20 8.129E-20
 7.656E-20 7.964E-20 8.427E-20 8.507E-20 8.811E-20 8.654E-20 8.590E-20 8.562E-20 8.586E-20 9.144E-20
 8.709E-20 8.137E-20 8.023E-20 8.084E-20 8.088E-20 7.984E-20 7.818E-20 7.557E-20 7.672E-20 7.166E-20
 7.358E-20 8.304E-20 8.592E-20 8.806E-20 9.296E-20 9.363E-20 8.847E-20 7.761E-20 7.927E-20 8.574E-20
 9.647E-20 1.024E-19 9.819E-20 9.434E-20 9.305E-20 9.381E-20 9.387E-20 9.244E-20 9.741E-20 9.873E-20
 9.788E-20 1.038E-19 1.023E-19 9.592E-20 8.733E-20 8.566E-20 8.899E-20 9.013E-20 9.077E-20 8.385E-20
 8.024E-20 8.623E-20 9.157E-20 8.518E-20 8.267E-20 8.116E-20 8.197E-20 8.923E-20 9.019E-20 8.615E-20
 8.899E-20 9.448E-20 8.938E-20 8.277E-20 7.768E-20 8.024E-20 7.973E-20 7.468E-20 7.237E-20 7.415E-20
 7.775E-20 7.382E-20 7.061E-20 7.730E-20 7.679E-20 7.376E-20 7.671E-20 7.831E-20 7.729E-20 8.302E-20
 8.698E-20 8.369E-20 8.381E-20 8.442E-20 8.117E-20 7.529E-20 7.644E-20 8.390E-20 8.588E-20 7.973E-20
 8.092E-20 8.241E-20 8.468E-20 8.516E-20 8.209E-20 8.050E-20 8.436E-20 9.020E-20 8.632E-20 7.753E-20
 7.110E-20 6.951E-20 7.303E-20 7.596E-20 7.661E-20 8.431E-20 9.445E-20 9.448E-20 9.427E-20 9.270E-20
 8.604E-20 8.279E-20 8.014E-20 8.125E-20 8.473E-20 9.068E-20 9.510E-20 9.901E-20 9.283E-20 8.801E-20
 8.672E-20 8.971E-20 9.629E-20 9.701E-20 9.617E-20 9.142E-20 8.682E-20 9.075E-20 9.085E-20 8.548E-20
 8.277E-20 8.307E-20 9.024E-20 9.205E-20 9.308E-20 9.660E-20 9.757E-20 9.465E-20 8.967E-20 8.857E-20
 9.134E-20 9.042E-20 9.381E-20 9.689E-20 9.737E-20 9.855E-20 9.495E-20 9.779E-20 1.002E-19 9.598E-20
 9.679E-20 1.019E-19 1.072E-19 1.078E-19 1.022E-19 9.396E-20 8.679E-20 9.142E-20 9.850E-20 1.002E-19
 9.523E-20 9.271E-20 8.787E-20 8.678E-20 9.221E-20 8.055E-20 7.267E-20 7.639E-20 7.871E-20 8.459E-20
 8.197E-20 8.332E-20 8.759E-20 8.283E-20 8.289E-20 8.705E-20 8.519E-20 8.144E-20 8.568E-20 8.856E-20
 8.295E-20 8.332E-20 8.683E-20 8.527E-20 8.306E-20 8.749E-20 9.433E-20 8.904E-20 8.289E-20 8.328E-20
 8.538E-20 9.116E-20 8.666E-20 8.638E-20 9.448E-20 9.333E-20 9.399E-20 9.671E-20 8.784E-20 8.397E-20
 8.434E-20 8.053E-20 8.778E-20 9.150E-20 8.339E-20 7.640E-20 7.556E-20 8.149E-20 8.523E-20 8.238E-20
 8.037E-20 7.943E-20 8.137E-20 7.980E-20 7.828E-20 8.350E-20 8.920E-20 8.797E-20 8.534E-20 9.087E-20
 9.420E-20 9.021E-20 8.386E-20 8.710E-20 1.000E-19 1.022E-19 1.022E-19 1.010E-19 1.041E-19 1.033E-19
 1.039E-19 1.023E-19 9.899E-20 9.724E-20 1.021E-19 9.783E-20 8.800E-20 8.794E-20 9.120E-20 8.983E-20
 8.304E-20 8.353E-20 8.320E-20 8.768E-20 8.874E-20 8.271E-20 8.602E-20 8.812E-20 8.729E-20 8.442E-20
 7.737E-20 7.949E-20 8.507E-20 8.331E-20 8.356E-20 8.235E-20 7.891E-20 7.930E-20 7.660E-20 7.405E-20
 7.605E-20 8.561E-20 8.717E-20 8.756E-20 9.683E-20 1.007E-19 9.944E-20 9.798E-20 8.753E-20 8.340E-20
 9.407E-20 9.924E-20 9.333E-20 8.836E-20 8.763E-20 8.334E-20 8.289E-20 8.782E-20 9.001E-20 9.478E-20
 9.963E-20 9.842E-20 9.525E-20 9.535E-20 8.915E-20 8.405E-20 8.640E-20 8.993E-20 7.916E-20 6.727E-20
 6.902E-20 7.689E-20 8.096E-20 8.630E-20 9.105E-20 8.532E-20 7.870E-20 7.844E-20 8.296E-20 8.931E-20
 9.408E-20 9.586E-20 9.424E-20 8.832E-20 7.805E-20 7.787E-20 8.216E-20 8.788E-20 9.452E-20 9.446E-20
 9.412E-20 9.384E-20 9.233E-20 8.726E-20 8.463E-20 8.387E-20 8.903E-20 9.144E-20 8.680E-20 8.547E-20
 8.494E-20 8.003E-20 8.119E-20 8.394E-20 7.922E-20 7.683E-20 7.743E-20 7.739E-20 7.785E-20 8.141E-20
 8.451E-20 8.502E-20 8.850E-20 8.865E-20 7.803E-20 7.656E-20 8.062E-20 8.312E-20 8.108E-20 7.941E-20
 8.020E-20 7.869E-20 7.682E-20 7.767E-20 7.989E-20 8.358E-20 9.008E-20 9.039E-20 8.970E-20 8.636E-20
 7.956E-20 7.553E-20 7.399E-20 7.486E-20 8.354E-20 8.272E-20 8.320E-20 8.732E-20 8.641E-20 8.142E-20
 7.754E-20 7.256E-20 7.200E-20 6.812E-20 7.611E-20 8.817E-20 7.887E-20 6.809E-20 6.643E-20 7.457E-20
 6.852E-20 5.853E-20 5.757E-20 6.605E-20 7.762E-20 7.900E-20 7.307E-20 7.125E-20 7.188E-20 7.160E-20
 7.277E-20 7.641E-20 7.501E-20 7.418E-20 7.871E-20 7.485E-20 7.676E-20 8.422E-20 8.202E-20 7.587E-20
 8.000E-20 8.215E-20 7.724E-20 8.038E-20 8.358E-20 8.635E-20 8.225E-20 7.050E-20 7.350E-20 7.346E-20
 6.715E-20 6.449E-20 6.826E-20 7.458E-20 7.699E-20 7.452E-20 6.990E-20 6.373E-20 6.486E-20 6.898E-20
 7.561E-20 7.965E-20 7.649E-20 7.271E-20 7.003E-20 7.038E-20 6.567E-20 6.595E-20 6.675E-20 6.966E-20
 7.045E-20 7.390E-20 6.944E-20 6.413E-20 6.687E-20 6.784E-20 6.444E-20 6.202E-20 6.192E-20 7.221E-20
 7.954E-20 8.182E-20 7.778E-20 7.216E-20 7.292E-20 7.282E-20 6.832E-20 6.713E-20 6.927E-20 6.517E-20
 6.685E-20 6.554E-20 5.748E-20 5.987E-20 6.625E-20 6.329E-20 6.783E-20 7.288E-20 7.050E-20 6.733E-20
 7.219E-20 7.203E-20 7.104E-20 6.862E-20 6.270E-20 6.587E-20 6.817E-20 6.637E-20 6.531E-20 6.763E-20
 6.190E-20 6.421E-20 7.432E-20 7.132E-20 6.499E-20 6.226E-20 6.548E-20 6.974E-20 7.429E-20 6.867E-20
 5.961E-20 5.807E-20 5.794E-20 5.782E-20 6.084E-20 6.409E-20 6.329E-20 5.809E-20 5.853E-20 6.266E-20
 5.593E-20 4.999E-20 5.250E-20 5.574E-20 5.905E-20 6.273E-20 6.230E-20 5.707E-20 5.547E-20 6.005E-20
 6.397E-20 5.779E-20 5.256E-20 5.366E-20 5.878E-20 6.549E-20 6.228E-20 5.758E-20 5.801E-20 5.852E-20
 5.935E-20 5.974E-20 6.608E-20 7.038E-20 6.616E-20 6.554E-20 6.301E-20 6.428E-20 6.188E-20 5.431E-20
 5.343E-20 5.803E-20 5.742E-20 5.458E-20 5.458E-20 5.525E-20 5.626E-20 4.776E-20 4.378E-20 4.597E-20
 5.176E-20 5.046E-20 4.307E-20 3.885E-20 4.132E-20 4.860E-20 4.849E-20 4.670E-20 4.836E-20 4.630E-20
 4.885E-20 4.895E-20 4.957E-20 5.002E-20 5.067E-20 5.463E-20 5.219E-20 4.933E-20 5.937E-20 6.707E-20
 6.131E-20 6.192E-20 6.818E-20 6.882E-20 6.684E-20 5.807E-20 4.994E-20 5.054E-20 5.272E-20 5.890E-20
 5.837E-20 5.117E-20 5.132E-20 5.255E-20 5.235E-20 5.520E-20 5.833E-20 6.094E-20 6.837E-20 6.518E-20
 5.950E-20 5.714E-20 5.098E-20 4.862E-20 4.966E-20 4.766E-20 5.159E-20 5.060E-20 4.789E-20 4.929E-20
 5.110E-20 5.060E-20 4.843E-20 5.131E-20 5.155E-20 5.240E-20 5.772E-20 6.196E-20 6.251E-20 6.686E-20
 6.322E-20 5.404E-20 5.684E-20 5.685E-20 4.972E-20 4.902E-20 4.852E-20 4.581E-20 4.713E-20 5.318E-20
 5.163E-20 4.684E-20 4.584E-20 4.284E-20 4.816E-20 5.567E-20 4.820E-20 4.155E-20 4.292E-20 4.697E-20
 4.521E-20 4.266E-20 4.259E-20 4.156E-20 4.082E-20 3.933E-20 4.591E-20 5.466E-20 5.381E-20 5.772E-20
 6.234E-20 6.533E-20 6.592E-20 6.409E-20 5.993E-20 5.912E-20 6.237E-20 6.338E-20 6.632E-20 6.195E-20
 5.382E-20 4.777E-20 4.032E-20 3.772E-20 4.458E-20 4.831E-20 4.321E-20 4.728E-20 4.807E-20 5.134E-20
 5.805E-20 5.671E-20 5.382E-20 4.857E-20 4.692E-20 5.227E-20 5.090E-20 4.330E-20 4.249E-20 4.128E-20
 4.679E-20 5.114E-20 4.728E-20 4.730E-20 5.101E-20 4.112E-20 3.699E-20 4.494E-20 4.230E-20 2.986E-20
 3.366E-20 4.933E-20 6.158E-20 6.460E-20 5.857E-20 5.379E-20 5.210E-20 4.513E-20 4.680E-20 4.858E-20
 4.912E-20 5.750E-20 6.347E-20 6.340E-20 5.474E-20 4.859E-20 4.574E-20 4.774E-20 5.280E-20 5.189E-20
 4.558E-20 4.900E-20 5.576E-20 5.176E-20 4.774E-20 4.887E-20 4.302E-20 4.137E-20 4.549E-20 4.485E-20
 4.214E-20 4.218E-20 4.596E-20 4.286E-20 4.319E-20 4.580E-20 5.015E-20 5.719E-20 6.367E-20 6.410E-20
 5.959E-20 5.727E-20 5.373E-20 4.940E-20 4.314E-20 4.006E-20 4.417E-20 4.543E-20 4.964E-20 5.785E-20
 5.568E-20 5.251E-20 5.205E-20 4.687E-20 4.704E-20 5.242E-20 4.894E-20 4.368E-20 4.355E-20 4.863E-20
 5.221E-20 5.610E-20 5.271E-20 4.895E-20 4.428E-20 4.529E-20 5.429E-20 5.403E-20 5.097E-20 5.020E-20
 4.748E-20 4.152E-20 4.175E-20 4.762E-20 5.568E-20 6.209E-20 5.840E-20 5.731E-20 6.163E-20 5.932E-20
 5.464E-20 5.666E-20 5.339E-20 4.854E-20 4.921E-20 4.996E-20 5.046E-20 4.867E-20 4.867E-20 5.024E-20
 5.172E-20 4.875E-20 5.306E-20 5.328E-20 5.556E-20 5.972E-20 5.787E-20 5.641E-20 5.424E-20 5.005E-20
 4.343E-20 4.042E-20 4.441E-20 5.155E-20 5.372E-20 4.816E-20 4.885E-20 5.412E-20 5.690E-20 4.820E-20
 4.300E-20 5.348E-20 6.335E-20 6.232E-20 5.629E-20 5.508E-20 5.371E-20 5.030E-20 5.084E-20 4.907E-20
 4.740E-20 5.102E-20 5.616E-20 5.523E-20 5.544E-20 5.612E-20 5.739E-20 5.665E-20 5.622E-20 4.929E-20
 4.850E-20 5.885E-20 6.226E-20 5.722E-20 5.792E-20 6.367E-20 6.296E-20 5.546E-20 5.214E-20 5.318E-20
 5.170E-20 5.093E-20 5.445E-20 5.601E-20 5.553E-20 5.287E-20 4.936E-20 5.255E-20 5.474E-20 5.474E-20
 5.679E-20 5.781E-20 5.441E-20 4.929E-20 4.742E-20 5.065E-20 5.543E-20 5.723E-20 5.455E-20 5.133E-20
 5.141E-20 5.658E-20 6.475E-20 6.888E-20 7.085E-20 6.933E-20 6.653E-20 6.897E-20 6.494E-20 6.228E-20
 6.908E-20 6.921E-20 6.422E-20 6.665E-20 7.432E-20 7.702E-20 6.806E-20 6.292E-20 6.193E-20 6.528E-20
 6.560E-20 5.946E-20 5.339E-20 5.408E-20 6.217E-20 6.972E-20 7.632E-20 8.484E-20 8.732E-20 8.785E-20
 9.242E-20 9.188E-20 8.244E-20 6.599E-20 6.065E-20 6.540E-20 6.423E-20 6.545E-20 7.147E-20 6.767E-20
 6.659E-20 6.364E-20 5.832E-20 5.995E-20 6.250E-20 6.611E-20 7.386E-20 7.432E-20 6.752E-20 6.352E-20
 5.864E-20 4.735E-20 4.689E-20 5.320E-20 5.381E-20 5.091E-20 5.167E-20 5.740E-20 6.414E-20 6.460E-20
 6.673E-20 7.009E-20 7.462E-20 7.932E-20 7.850E-20 7.426E-20 6.728E-20 5.534E-20 4.924E-20 5.158E-20
 4.760E-20 4.168E-20 4.560E-20 4.719E-20 4.385E-20 4.648E-20 4.944E-20 4.603E-20 4.603E-20 4.245E-20
 4.253E-20 4.905E-20 4.785E-20 4.717E-20 4.279E-20 4.344E-20 4.072E-20 4.134E-20 4.416E-20 4.253E-20
 4.074E-20 3.613E-20 3.337E-20 3.339E-20 4.333E-20 5.081E-20 5.071E-20 4.859E-20 4.464E-20 4.177E-20
 4.593E-20 5.143E-20 4.945E-20 5.224E-20 4.738E-20 3.757E-20 3.384E-20 3.593E-20 3.837E-20 4.144E-20
 4.701E-20 4.967E-20 4.880E-20 4.760E-20 3.962E-20 4.064E-20 4.240E-20 3.781E-20 3.787E-20 4.862E-20
 5.058E-20 4.898E-20 4.752E-20 4.236E-20 4.576E-20 4.433E-20 4.044E-20 3.597E-20 3.438E-20 3.997E-20
 4.102E-20 3.510E-20 4.049E-20 4.230E-20 3.481E-20 3.940E-20 4.390E-20 4.303E-20 4.046E-20 4.234E-20
 4.621E-20 3.966E-20 3.806E-20 4.058E-20 4.135E-20 4.417E-20 5.156E-20 5.338E-20 5.039E-20 4.506E-20
 4.009E-20 3.685E-20 3.740E-20 4.145E-20 4.697E-20 5.236E-20 4.773E-20 3.498E-20 2.985E-20 3.511E-20
 4.174E-20 3.805E-20 3.291E-20 2.843E-20 2.844E-20 2.844E-20 3.075E-20 3.533E-20 4.012E-20 3.668E-20
 3.271E-20 2.869E-20 2.934E-20 3.516E-20 3.637E-20 3.878E-20 4.594E-20 4.540E-20 4.385E-20 4.642E-20
 4.822E-20 4.274E-20 3.568E-20 3.350E-20 3.443E-20 3.892E-20 4.581E-20 4.233E-20 4.599E-20 5.020E-20
 4.061E-20 3.764E-20 4.051E-20 4.503E-20 4.541E-20 4.384E-20 4.276E-20 4.589E-20 4.833E-20 4.890E-20
 4.360E-20 4.168E-20 4.224E-20 3.976E-20 4.093E-20 4.265E-20 4.942E-20 5.411E-20 4.926E-20 4.303E-20
 4.081E-20 4.228E-20 4.691E-20 4.632E-20 4.119E-20 3.847E-20 3.914E-20 3.430E-20 3.098E-20 3.900E-20
 4.155E-20 3.825E-20 3.692E-20 3.903E-20 3.714E-20 3.826E-20 4.348E-20 4.567E-20 4.245E-20 4.130E-20
 4.407E-20 4.558E-20 4.760E-20 4.995E-20 4.772E-20 4.567E-20 4.063E-20 3.881E-20 4.019E-20 4.660E-20
 4.923E-20 4.869E-20 5.418E-20 5.567E-20 5.433E-20 4.897E-20 4.213E-20 4.194E-20 4.102E-20 4.612E-20
 5.419E-20 5.228E-20 5.052E-20 4.782E-20 4.023E-20 4.080E-20 4.584E-20 4.614E-20 4.816E-20 5.400E-20
 5.214E-20 4.547E-20 4.556E-20 4.854E-20 4.580E-20 4.819E-20 4.451E-20 3.706E-20 4.446E-20 5.028E-20
 4.782E-20 4.657E-20 5.241E-20 5.566E-20 5.675E-20 5.203E-20 4.736E-20 4.795E-20 5.258E-20 5.751E-20
 5.610E-20 5.105E-20 5.458E-20 5.217E-20 4.812E-20 5.425E-20 5.726E-20 5.376E-20 5.159E-20 4.699E-20
 4.654E-20 4.654E-20 5.140E-20 5.139E-20 5.253E-20 5.393E-20 5.468E-20 4.990E-20 5.229E-20 6.063E-20
 6.132E-20 5.562E-20 5.282E-20 5.273E-20 5.161E-20 5.987E-20 6.463E-20 6.312E-20 5.881E-20 5.797E-20
 5.854E-20 5.597E-20 4.430E-20 4.537E-20 4.637E-20 4.937E-20 5.373E-20 5.326E-20 5.560E-20 5.602E-20
 5.635E-20 6.594E-20 6.964E-20 6.577E-20 5.873E-20 5.870E-20 6.299E-20 5.249E-20 4.869E-20 5.703E-20
 6.131E-20 6.183E-20 6.046E-20 5.780E-20 5.619E-20 6.022E-20 6.149E-20 5.932E-20 6.045E-20 6.356E-20
 6.407E-20 6.893E-20 6.908E-20 6.511E-20 6.806E-20 7.297E-20 6.854E-20 6.145E-20 6.285E-20 6.512E-20
 6.745E-20 6.642E-20 6.324E-20 6.625E-20 6.696E-20 6.865E-20 6.641E-20 6.141E-20 6.315E-20 6.368E-20
 6.466E-20 6.662E-20 7.006E-20 7.406E-20 7.509E-20 7.460E-20 7.006E-20 6.608E-20 7.026E-20 7.064E-20
 7.500E-20 7.515E-20 7.049E-20 7.278E-20 7.627E-20 7.179E-20 7.205E-20 6.823E-20 6.792E-20 7.061E-20
 7.029E-20 7.489E-20 7.666E-20 7.165E-20 7.354E-20 7.410E-20 7.504E-20 7.972E-20 7.908E-20 7.485E-20
 7.804E-20 7.683E-20 7.002E-20 7.380E-20 7.690E-20 8.096E-20 8.361E-20 8.312E-20 8.414E-20 8.538E-20
 8.596E-20 8.610E-20 8.206E-20 8.102E-20 8.635E-20 9.115E-20 9.022E-20 8.382E-20 8.186E-20 8.598E-20
 8.175E-20 7.832E-20 8.216E-20 8.111E-20 7.653E-20 7.624E-20 7.905E-20 8.036E-20 8.512E-20 8.556E-20
 8.418E-20 8.912E-20 9.136E-20 8.907E-20 9.123E-20 8.701E-20 8.022E-20 8.779E-20 8.956E-20 8.697E-20
 8.761E-20 8.368E-20 7.684E-20 8.141E-20 8.341E-20 8.671E-20 9.202E-20 9.062E-20 9.167E-20 9.444E-20
 9.506E-20 9.414E-20 8.996E-20 9.062E-20 9.361E-20 9.615E-20 9.829E-20 9.976E-20 9.713E-20 9.798E-20
 1.009E-19 1.016E-19 1.027E-19 9.966E-20 1.003E-19 1.071E-19 1.068E-19 1.037E-19 1.003E-19 1.014E-19
 1.070E-19 1.080E-19 9.852E-20 9.285E-20 9.449E-20 9.801E-20 1.023E-19 9.928E-20 9.672E-20 9.362E-20
 9.126E-20 9.376E-20 1.035E-19 1.049E-19 9.853E-20 1.044E-19 1.087E-19 1.046E-19 1.043E-19 1.109E-19
 1.126E-19 1.105E-19 1.170E-19 1.217E-19 1.165E-19 1.091E-19 1.121E-19 1.112E-19 1.091E-19 1.106E-19
 1.142E-19 1.214E-19 1.329E-19 1.372E-19 1.326E-19 1.300E-19 1.289E-19 1.210E-19 1.191E-19 1.246E-19
 1.303E-19 1.267E-19 1.172E-19 1.144E-19 1.166E-19 1.191E-19 1.221E-19 1.216E-19 1.251E-19 1.283E-19
 1.270E-19 1.308E-19 1.327E-19 1.297E-19 1.309E-19 1.307E-19 1.301E-19 1.309E-19 1.275E-19 1.312E-19
 1.377E-19 1.458E-19 1.426E-19 1.332E-19 1.365E-19 1.379E-19 1.376E-19 1.422E-19 1.464E-19 1.492E-19
 1.526E-19 1.528E-19 1.424E-19 1.365E-19 1.375E-19 1.459E-19 1.550E-19 1.519E-19 1.437E-19 1.475E-19
 1.560E-19 1.482E-19 1.342E-19 1.348E-19 1.412E-19 1.463E-19 1.593E-19 1.668E-19 1.622E-19 1.551E-19
 1.530E-19 1.487E-19 1.481E-19 1.533E-19 1.536E-19 1.516E-19 1.575E-19 1.625E-19 1.629E-19 1.627E-19
 1.609E-19 1.603E-19 1.595E-19 1.650E-19 1.674E-19 1.683E-19 1.720E-19 1.730E-19 1.717E-19 1.716E-19
 1.708E-19 1.688E-19 1.718E-19 1.714E-19 1.726E-19 1.763E-19 1.785E-19 1.785E-19 1.793E-19 1.836E-19
 1.779E-19 1.718E-19 1.747E-19 1.819E-19 1.844E-19 1.804E-19 1.729E-19 1.690E-19 1.675E-19 1.742E-19
 1.846E-19 1.859E-19 1.830E-19 1.804E-19 1.797E-19 1.828E-19 1.845E-19 1.940E-19 2.027E-19 1.979E-19
 1.978E-19 2.009E-19 1.997E-19 2.060E-19 2.094E-19 2.115E-19 2.112E-19 2.076E-19 2.108E-19 2.062E-19
 2.068E-19 2.120E-19 2.071E-19 2.077E-19 2.056E-19 1.935E-19 1.919E-19 1.977E-19 2.061E-19 2.097E-19
 2.128E-19 2.185E-19 2.212E-19 2.224E-19 2.205E-19 2.160E-19 2.123E-19 2.127E-19 2.176E-19 2.171E-19
 2.166E-19 2.194E-19 2.189E-19 2.160E-19 2.155E-19 2.175E-19 2.161E-19 2.169E-19 2.185E-19 2.210E-19
 2.302E-19 2.345E-19 2.273E-19 2.254E-19 2.324E-19 2.341E-19 2.330E-19 2.373E-19 2.434E-19 2.487E-19
 2.438E-19 2.369E-19 2.424E-19 2.493E-19 2.538E-19 2.519E-19 2.417E-19 2.433E-19 2.472E-19 2.482E-19
 2.483E-19 2.400E-19 2.403E-19 2.485E-19 2.497E-19 2.471E-19 2.484E-19 2.486E-19 2.514E-19 2.608E-19
 2.655E-19 2.649E-19 2.624E-19 2.652E-19 2.699E-19 2.707E-19 2.776E-19 2.809E-19 2.760E-19 2.733E-19
 2.751E-19 2.793E-19 2.793E-19 2.747E-19 2.780E-19 2.874E-19 2.932E-19 2.881E-19 2.833E-19 2.812E-19
 2.828E-19 2.809E-19 2.840E-19 2.932E-19 2.951E-19 2.942E-19 2.990E-19 3.020E-19 2.934E-19 2.875E-19
 2.897E-19 2.896E-19 2.918E-19 2.986E-19 2.917E-19 2.898E-19 2.965E-19 3.044E-19 3.131E-19 3.111E-19
 3.132E-19 3.241E-19 3.286E-19 3.236E-19 3.155E-19 3.204E-19 3.205E-19 3.217E-19 3.217E-19 3.194E-19
 3.199E-19 3.279E-19 3.366E-19 3.374E-19 3.403E-19 3.371E-19 3.392E-19 3.394E-19 3.334E-19 3.325E-19
 3.379E-19 3.421E-19 3.399E-19 3.329E-19 3.336E-19 3.418E-19 3.469E-19 3.538E-19 3.577E-19 3.526E-19
 3.496E-19 3.447E-19 3.501E-19 3.611E-19 3.632E-19 3.603E-19 3.529E-19 3.574E-19 3.651E-19 3.673E-19
 3.625E-19 3.683E-19 3.834E-19 3.826E-19 3.778E-19 3.774E-19 3.783E-19 3.838E-19 3.909E-19 3.840E-19
 3.822E-19 3.876E-19 3.872E-19 3.816E-19 3.770E-19 3.828E-19 3.861E-19 3.892E-19 3.977E-19 3.942E-19
 3.834E-19 3.859E-19 3.942E-19 3.962E-19 3.928E-19 3.882E-19 3.906E-19 4.004E-19 4.059E-19 4.050E-19
 4.050E-19 4.092E-19 4.115E-19 4.124E-19 4.046E-19 3.987E-19 4.042E-19 4.035E-19 4.109E-19 4.260E-19
 4.348E-19 4.305E-19 4.304E-19 4.325E-19 4.273E-19 4.341E-19 4.375E-19 4.406E-19 4.442E-19 4.411E-19
 4.427E-19 4.458E-19 4.403E-19 4.357E-19 4.441E-19 4.487E-19 4.448E-19 4.383E-19 4.388E-19 4.439E-19
 4.443E-19 4.407E-19 4.464E-19 4.516E-19 4.577E-19 4.603E-19 4.530E-19 4.514E-19 4.564E-19 4.635E-19
 4.677E-19 4.743E-19 4.771E-19 4.719E-19 4.714E-19 4.846E-19 4.851E-19 4.845E-19 4.864E-19 4.768E-19
 4.743E-19 4.769E-19 4.802E-19 4.863E-19 4.867E-19 4.903E-19 4.924E-19 4.890E-19 4.905E-19 4.933E-19
 4.970E-19 5.027E-19 5.072E-19 5.076E-19 5.037E-19 4.991E-19 5.003E-19 5.075E-19 5.140E-19 5.213E-19
 5.214E-19 5.148E-19 5.145E-19 5.219E-19 5.235E-19 5.184E-19 5.191E-19 5.251E-19 5.217E-19 5.249E-19
 5.295E-19 5.293E-19 5.321E-19 5.433E-19 5.491E-19 5.430E-19 5.455E-19 5.459E-19 5.488E-19 5.453E-19
 5.372E-19 5.389E-19 5.473E-19 5.494E-19 5.454E-19 5.410E-19 5.437E-19 5.590E-19 5.680E-19 5.660E-19
 5.623E-19 5.654E-19 5.701E-19 5.619E-19 5.544E-19 5.625E-19 5.751E-19 5.724E-19 5.677E-19 5.745E-19
 5.821E-19 5.745E-19 5.698E-19 5.757E-19 5.768E-19 5.804E-19 5.878E-19 5.883E-19 5.874E-19 5.929E-19
 5.986E-19 5.954E-19 5.941E-19 6.043E-19 6.117E-19 5.971E-19 5.929E-19 5.967E-19 5.998E-19 6.022E-19
 6.132E-19 6.294E-19 6.239E-19 6.096E-19 6.164E-19 6.301E-19 6.260E-19 6.313E-19 6.363E-19 6.289E-19
 6.200E-19 6.288E-19 6.330E-19 6.282E-19 6.269E-19 6.291E-19 6.261E-19 6.253E-19 6.290E-19 6.394E-19
 6.392E-19 6.349E-19 6.418E-19 6.417E-19 6.431E-19 6.490E-19 6.567E-19 6.596E-19 6.623E-19 6.570E-19
 6.529E-19 6.542E-19 6.572E-19 6.589E-19 6.635E-19 6.754E-19 6.844E-19 6.768E-19 6.641E-19 6.648E-19
 6.723E-19 6.717E-19 6.732E-19 6.788E-19 6.778E-19 6.745E-19 6.716E-19 6.733E-19 6.741E-19 6.796E-19
 6.909E-19 6.969E-19 6.875E-19 6.833E-19 6.916E-19 6.973E-19 7.036E-19 7.012E-19 6.909E-19 6.892E-19
 6.968E-19 7.054E-19 7.084E-19 7.143E-19 7.216E-19 7.205E-19 7.044E-19 6.884E-19 6.945E-19 7.098E-19
 7.166E-19 7.279E-19 7.313E-19 7.177E-19 7.135E-19 7.176E-19 7.179E-19 7.180E-19 7.199E-19 7.287E-19
 7.305E-19 7.308E-19 7.322E-19 7.329E-19 7.340E-19 7.377E-19 7.351E-19 7.262E-19 7.262E-19 7.378E-19
 7.454E-19 7.467E-19 7.512E-19 7.488E-19 7.407E-19 7.346E-19 7.381E-19 7.492E-19 7.602E-19 7.639E-19
 7.578E-19 7.460E-19 7.445E-19 7.504E-19 7.518E-19 7.554E-19 7.656E-19 7.698E-19 7.650E-19 7.621E-19
 7.687E-19 7.776E-19 7.740E-19 7.669E-19 7.696E-19 7.749E-19 7.802E-19 7.771E-19 7.735E-19 7.793E-19
 7.885E-19 7.884E-19 7.844E-19 7.825E-19 7.832E-19 7.863E-19 7.924E-19 7.985E-19 7.950E-19 7.922E-19
 7.997E-19 7.962E-19 7.899E-19 7.983E-19 8.078E-19 8.040E-19 7.988E-19 8.033E-19 8.074E-19 8.060E-19
 8.063E-19 8.043E-19 8.034E-19 8.024E-19 8.043E-19 8.098E-19 8.151E-19 8.246E-19 8.238E-19 8.293E-19
 8.337E-19 8.199E-19 8.233E-19 8.476E-19 8.573E-19 8.470E-19 8.406E-19 8.366E-19 8.334E-19 8.364E-19
 8.393E-19 8.342E-19 8.363E-19 8.425E-19 8.368E-19 8.269E-19 8.391E-19 8.570E-19 8.579E-19 8.549E-19
 8.560E-19 8.553E-19 8.598E-19 8.726E-19 8.721E-19 8.700E-19 8.668E-19 8.675E-19 8.677E-19 8.657E-19
 8.701E-19 8.714E-19 8.670E-19 8.731E-19 8.847E-19 8.782E-19 8.826E-19 8.987E-19 8.979E-19 8.860E-19
 8.884E-19 8.993E-19 8.884E-19 8.912E-19 8.994E-19 8.996E-19 9.063E-19 9.060E-19 8.912E-19 8.898E-19
 9.041E-19 9.083E-19 9.104E-19 9.212E-19 9.280E-19 9.282E-19 9.263E-19 9.345E-19 9.379E-19 9.306E-19
 9.301E-19 9.366E-19 9.349E-19 9.379E-19 9.440E-19 9.345E-19 9.283E-19 9.466E-19 9.564E-19 9.491E-19
 9.549E-19 9.604E-19 9.570E-19 9.507E-19 9.647E-19 9.758E-19 9.704E-19 9.755E-19 9.746E-19 9.618E-19
 9.647E-19 9.797E-19 9.838E-19 9.809E-19 9.922E-19 9.861E-19 9.809E-19 9.877E-19 9.895E-19 9.833E-19
 9.924E-19 9.949E-19 9.820E-19 9.846E-19 9.919E-19 9.872E-19 9.851E-19 9.949E-19 1.000E-18 1.015E-18
 1.024E-18 1.028E-18 1.024E-18 1.021E-18 1.027E-18 1.021E-18 1.017E-18 1.030E-18 1.043E-18 1.050E-18
 1.059E-18 1.059E-18 1.058E-18 1.061E-18 1.067E-18 1.074E-18 1.083E-18 1.094E-18 1.089E-18 1.077E-18
 1.076E-18 1.087E-18 1.084E-18 1.086E-18 1.101E-18 1.108E-18 1.111E-18 1.103E-18 1.100E-18 1.110E-18
 1.106E-18 1.100E-18 1.098E-18 1.116E-18 1.125E-18 1.128E-18 1.137E-18 1.137E-18 1.139E-18 1.143E-18
 1.145E-18 1.139E-18 1.140E-18 1.147E-18 1.156E-18 1.164E-18 1.168E-18 1.169E-18 1.174E-18 1.184E-18
 1.189E-18 1.186E-18 1.188E-18 1.200E-18 1.214E-18 1.224E-18 1.233E-18 1.248E-18 1.253E-18 1.246E-18
 1.244E-18 1.251E-18 1.261E-18 1.271E-18 1.278E-18 1.274E-18 1.272E-18 1.275E-18 1.280E-18 1.284E-18
 1.296E-18 1.310E-18 1.316E-18 1.314E-18 1.320E-18 1.330E-18 1.337E-18 1.333E-18 1.333E-18 1.336E-18
 1.340E-18 1.351E-18 1.367E-18 1.383E-18 1.395E-18 1.397E-18 1.388E-18 1.389E-18 1.407E-18 1.419E-18
 1.416E-18 1.421E-18 1.427E-18 1.424E-18 1.430E-18 1.440E-18 1.445E-18 1.455E-18 1.472E-18 1.485E-18
 1.504E-18 1.502E-18 1.480E-18 1.467E-18 1.475E-18 1.486E-18 1.490E-18 1.505E-18 1.523E-18 1.535E-18
 1.527E-18 1.517E-18 1.518E-18 1.531E-18 1.553E-18 1.579E-18 1.581E-18 1.578E-18 1.597E-18 1.610E-18
 1.610E-18 1.622E-18 1.647E-18 1.658E-18 1.671E-18 1.684E-18 1.688E-18 1.690E-18 1.699E-18 1.715E-18
 1.722E-18 1.735E-18 1.761E-18 1.777E-18 1.775E-18 1.780E-18 1.788E-18 1.799E-18 1.805E-18 1.812E-18
 1.830E-18 1.837E-18 1.840E-18 1.854E-18 1.875E-18 1.884E-18 1.881E-18 1.901E-18 1.919E-18 1.933E-18
 1.947E-18 1.958E-18 1.966E-18 1.981E-18 1.999E-18 2.021E-18 2.039E-18 2.046E-18 2.055E-18 2.060E-18
 2.065E-18 2.078E-18 2.100E-18 2.121E-18 2.140E-18 2.157E-18 2.169E-18 2.173E-18 2.181E-18 2.187E-18
 2.190E-18 2.200E-18 2.220E-18 2.240E-18 2.259E-18 2.272E-18 2.298E-18 2.321E-18 2.331E-18 2.338E-18
 2.342E-18 2.346E-18 2.349E-18 2.355E-18 2.377E-18 2.395E-18 2.416E-18 2.427E-18 2.432E-18 2.430E-18
 2.415E-18 2.424E-18 2.440E-18 2.450E-18 2.457E-18 2.467E-18 2.465E-18 2.465E-18 2.477E-18 2.497E-18
 2.513E-18 2.526E-18 2.544E-18 2.568E-18 2.585E-18 2.589E-18 2.607E-18 2.617E-18 2.618E-18 2.623E-18
 2.635E-18 2.639E-18 2.655E-18 2.668E-18 2.684E-18 2.706E-18 2.715E-18 2.738E-18 2.763E-18 2.789E-18
 2.821E-18 2.831E-18 2.844E-18 2.877E-18 2.878E-18 2.888E-18 2.933E-18 3.001E-18 3.091E-18 3.131E-18
 3.139E-18 3.163E-18 3.181E-18 3.206E-18 3.229E-18 3.233E-18 3.254E-18 3.294E-18 3.318E-18 3.336E-18
 3.382E-18 3.433E-18 3.468E-18 3.482E-18 3.500E-18 3.545E-18 3.587E-18 3.600E-18 3.617E-18 3.674E-18
 3.710E-18 3.720E-18 3.739E-18 3.748E-18 3.776E-18 3.839E-18 3.913E-18 3.982E-18 4.072E-18 4.153E-18
 4.197E-18 4.197E-18 4.209E-18 4.233E-18 4.228E-18 4.229E-18 4.257E-18 4.269E-18 4.274E-18 4.308E-18
 4.366E-18 4.383E-18 4.373E-18 4.402E-18 4.370E-18 4.306E-18 4.306E-18 4.342E-18 4.336E-18 4.397E-18
 4.527E-18 4.606E-18 4.634E-18 4.638E-18 4.673E-18 4.631E-18 4.504E-18 4.445E-18 4.432E-18 4.388E-18
 4.375E-18 4.350E-18 4.309E-18 4.278E-18 4.258E-18 4.231E-18 4.150E-18 4.030E-18 3.963E-18 3.910E-18
 3.828E-18 3.765E-18 3.667E-18 3.549E-18 3.430E-18 3.282E-18 3.110E-18 2.940E-18 2.796E-18 2.680E-18
 2.589E-18 2.513E-18 2.436E-18 2.373E-18 2.354E-18 2.370E-18 2.382E-18 2.390E-18 2.384E-18 2.372E-18
 2.350E-18 2.315E-18 2.294E-18 2.283E-18 2.266E-18 2.250E-18 2.223E-18 2.182E-18 2.148E-18 2.131E-18
 2.114E-18 2.093E-18 2.071E-18 2.038E-18 2.021E-18 2.020E-18 2.029E-18 2.037E-18 2.040E-18 2.030E-18
 2.009E-18 1.989E-18 1.989E-18 1.993E-18 2.004E-18 2.015E-18 2.017E-18 2.008E-18 2.009E-18 2.007E-18
 2.003E-18 2.006E-18 2.016E-18 2.029E-18 2.030E-18 2.018E-18 2.015E-18 2.033E-18 2.043E-18 2.044E-18
 2.049E-18 2.048E-18 2.046E-18 2.056E-18 2.055E-18 2.052E-18 2.062E-18 2.085E-18 2.099E-18 2.091E-18
 2.096E-18 2.108E-18 2.118E-18 2.131E-18 2.137E-18 2.142E-18 2.149E-18 2.159E-18 2.166E-18 2.189E-18
 2.214E-18 2.217E-18 2.227E-18 2.249E-18 2.249E-18 2.252E-18 2.261E-18 2.270E-18 2.286E-18 2.298E-18
 2.313E-18 2.325E-18 2.330E-18 2.337E-18 2.350E-18 2.379E-18 2.407E-18 2.434E-18 2.448E-18 2.434E-18
 2.433E-18 2.456E-18 2.485E-18 2.496E-18 2.505E-18 2.514E-18 2.514E-18 2.523E-18 2.555E-18 2.581E-18
 2.601E-18 2.605E-18 2.593E-18 2.587E-18 2.595E-18 2.621E-18 2.659E-18 2.683E-18 2.690E-18 2.688E-18
 2.685E-18 2.718E-18 2.741E-18 2.743E-18 2.767E-18 2.795E-18 2.809E-18 2.819E-18 2.832E-18 2.843E-18
 2.845E-18 2.872E-18 2.897E-18 2.909E-18 2.930E-18 2.951E-18 2.958E-18 2.950E-18 2.949E-18 2.977E-18
 3.018E-18 3.044E-18 3.037E-18 3.016E-18 3.010E-18 3.032E-18 3.072E-18 3.096E-18 3.120E-18 3.150E-18
 3.146E-18 3.132E-18 3.146E-18 3.152E-18 3.153E-18 3.183E-18 3.207E-18 3.213E-18 3.221E-18 3.232E-18
 3.244E-18 3.272E-18 3.315E-18 3.336E-18 3.337E-18 3.329E-18 3.339E-18 3.355E-18 3.380E-18 3.404E-18
 3.405E-18 3.396E-18 3.394E-18 3.397E-18 3.423E-18 3.461E-18 3.483E-18 3.482E-18 3.475E-18 3.483E-18
 3.509E-18 3.540E-18 3.553E-18 3.546E-18 3.548E-18 3.543E-18 3.566E-18 3.620E-18 3.636E-18 3.633E-18
 3.634E-18 3.604E-18 3.601E-18 3.664E-18 3.730E-18 3.755E-18 3.731E-18 3.702E-18 3.691E-18 3.710E-18
 3.757E-18 3.784E-18 3.781E-18 3.786E-18 3.813E-18 3.804E-18 3.773E-18 3.794E-18 3.832E-18 3.838E-18
 3.862E-18 3.882E-18 3.875E-18 3.881E-18 3.899E-18 3.929E-18 3.929E-18 3.943E-18 3.943E-18 3.936E-18
 3.936E-18 3.949E-18 3.984E-18 4.006E-18 4.006E-18 3.996E-18 4.007E-18 4.015E-18 4.003E-18 4.001E-18
 4.037E-18 4.067E-18 4.062E-18 4.048E-18 4.021E-18 4.044E-18 4.091E-18 4.113E-18 4.116E-18 4.103E-18
 4.095E-18 4.080E-18 4.097E-18 4.139E-18 4.159E-18 4.165E-18 4.135E-18 4.122E-18 4.145E-18 4.180E-18
 4.209E-18 4.240E-18 4.245E-18 4.198E-18 4.164E-18 4.190E-18 4.239E-18 4.225E-18 4.194E-18 4.181E-18
 4.197E-18 4.251E-18 4.310E-18 4.282E-18 4.218E-18 4.213E-18 4.249E-18 4.304E-18 4.290E-18 4.232E-18
 4.222E-18 4.253E-18 4.266E-18 4.295E-18 4.321E-18 4.292E-18 4.244E-18 4.242E-18 4.301E-18 4.352E-18
 4.355E-18 4.296E-18 4.227E-18 4.198E-18 4.243E-18 4.300E-18 4.328E-18 4.302E-18 4.247E-18 4.258E-18
 4.313E-18 4.323E-18 4.293E-18 4.258E-18 4.259E-18 4.287E-18 4.278E-18 4.272E-18 4.277E-18 4.280E-18
 4.287E-18 4.281E-18 4.261E-18 4.256E-18 4.269E-18 4.267E-18 4.257E-18 4.220E-18 4.199E-18 4.247E-18
 4.314E-18 4.321E-18 4.320E-18 4.276E-18 4.200E-18 4.228E-18 4.323E-18 4.306E-18 4.247E-18 4.240E-18
 4.228E-18 4.202E-18 4.238E-18 4.222E-18 4.144E-18 4.156E-18 4.208E-18 4.190E-18 4.184E-18 4.161E-18
 4.097E-18 4.068E-18 4.118E-18 4.175E-18 4.173E-18 4.140E-18 4.108E-18 4.074E-18 4.083E-18 4.158E-18
 4.202E-18 4.134E-18 4.057E-18 4.020E-18 3.985E-18 4.011E-18 4.064E-18 4.040E-18 3.987E-18 4.006E-18
 4.011E-18 3.988E-18 3.983E-18 3.959E-18 3.920E-18 3.913E-18 3.924E-18 3.897E-18 3.869E-18 3.873E-18
 3.891E-18 3.896E-18 3.901E-18 3.892E-18 3.822E-18 3.796E-18 3.866E-18 3.888E-18 3.851E-18 3.824E-18
 3.753E-18 3.718E-18 3.753E-18 3.793E-18 3.773E-18 3.744E-18 3.718E-18 3.683E-18 3.650E-18 3.664E-18
 3.695E-18 3.682E-18 3.659E-18 3.621E-18 3.586E-18 3.565E-18 3.584E-18 3.583E-18 3.529E-18 3.499E-18
 3.509E-18 3.494E-18 3.510E-18 3.553E-18 3.499E-18 3.455E-18 3.441E-18 3.413E-18 3.400E-18 3.408E-18
 3.404E-18 3.389E-18 3.375E-18 3.360E-18 3.329E-18 3.302E-18 3.311E-18 3.319E-18 3.297E-18 3.278E-18
 3.257E-18 3.239E-18 3.227E-18 3.231E-18 3.204E-18 3.179E-18 3.176E-18 3.165E-18 3.149E-18 3.144E-18
 3.141E-18 3.134E-18 3.119E-18 3.094E-18 3.079E-18 3.054E-18 3.025E-18 3.012E-18 3.007E-18 2.994E-18
 2.965E-18 2.928E-18 2.916E-18 2.920E-18 2.929E-18 2.929E-18 2.912E-18 2.886E-18 2.854E-18 2.819E-18
 2.827E-18 2.817E-18 2.783E-18 2.764E-18 2.760E-18 2.758E-18 2.753E-18 2.735E-18 2.713E-18 2.703E-18
 2.705E-18 2.718E-18 2.731E-18 2.715E-18 2.683E-18 2.646E-18 2.621E-18 2.613E-18 2.588E-18 2.552E-18
 2.520E-18 2.516E-18 2.518E-18 2.511E-18 2.500E-18 2.484E-18 2.466E-18 2.457E-18 2.470E-18 2.495E-18
 2.481E-18 2.439E-18 2.409E-18 2.383E-18 2.376E-18 2.380E-18 2.368E-18 2.345E-18 2.336E-18 2.335E-18
 2.335E-18 2.327E-18 2.313E-18 2.295E-18 2.270E-18 2.259E-18 2.264E-18 2.242E-18 2.224E-18 2.219E-18
 2.210E-18 2.212E-18 2.210E-18 2.190E-18 2.160E-18 2.155E-18 2.152E-18 2.143E-18 2.136E-18 2.123E-18
 2.097E-18 2.069E-18 2.061E-18 2.080E-18 2.094E-18 2.097E-18 2.079E-18 2.054E-18 2.046E-18 2.051E-18
 2.040E-18 2.024E-18 2.022E-18 2.026E-18 2.042E-18 2.051E-18 2.036E-18 1.999E-18 1.978E-18 1.972E-18
 1.970E-18 1.968E-18 1.952E-18 1.927E-18 1.915E-18 1.912E-18 1.910E-18 1.913E-18 1.913E-18 1.907E-18
 1.906E-18 1.899E-18 1.879E-18 1.865E-18 1.863E-18 1.849E-18 1.852E-18 1.858E-18 1.849E-18 1.829E-18
 1.814E-18 1.818E-18 1.816E-18 1.824E-18 1.836E-18 1.838E-18 1.823E-18 1.827E-18 1.831E-18 1.824E-18
 1.836E-18 1.837E-18 1.832E-18 1.846E-18 1.869E-18 1.876E-18 1.875E-18 1.870E-18 1.861E-18 1.866E-18
 1.868E-18 1.864E-18 1.856E-18 1.850E-18 1.857E-18 1.861E-18 1.870E-18 1.881E-18 1.890E-18 1.911E-18
 1.917E-18 1.904E-18 1.897E-18 1.920E-18 1.934E-18 1.940E-18 1.954E-18 1.977E-18 1.993E-18 1.996E-18
 2.001E-18 2.000E-18 1.986E-18 1.973E-18 1.967E-18 1.974E-18 1.983E-18 1.999E-18 2.023E-18 2.047E-18
 2.073E-18 2.111E-18 2.162E-18 2.189E-18 2.196E-18 2.202E-18 2.207E-18 2.199E-18 2.185E-18 2.173E-18
 2.163E-18 2.179E-18 2.220E-18 2.261E-18 2.291E-18 2.321E-18 2.376E-18 2.431E-18 2.435E-18 2.410E-18
 2.407E-18 2.414E-18 2.428E-18 2.420E-18 2.395E-18 2.383E-18 2.384E-18 2.393E-18 2.400E-18 2.412E-18
 2.439E-18 2.466E-18 2.476E-18 2.492E-18 2.536E-18 2.570E-18 2.589E-18 2.626E-18 2.688E-18 2.754E-18
 2.815E-18 2.873E-18 2.924E-18 2.975E-18 3.012E-18 3.001E-18 2.978E-18 2.954E-18 2.932E-18 2.913E-18
 2.888E-18 2.872E-18 2.868E-18 2.861E-18 2.873E-18 2.883E-18 2.872E-18 2.848E-18 2.848E-18 2.898E-18
 2.977E-18 3.035E-18 3.082E-18 3.165E-18 3.251E-18 3.299E-18 3.327E-18 3.374E-18 3.402E-18 3.412E-18
 3.440E-18 3.480E-18 3.547E-18 3.652E-18 3.754E-18 3.853E-18 3.971E-18 4.005E-18 3.948E-18 3.887E-18
 3.836E-18 3.836E-18 3.849E-18 3.913E-18 4.063E-18 4.218E-18 4.281E-18 4.277E-18 4.219E-18 4.226E-18
 4.297E-18 4.355E-18 4.349E-18 4.296E-18 4.277E-18 4.290E-18 4.318E-18 4.264E-18 4.146E-18 4.052E-18
 3.992E-18 3.956E-18 3.965E-18 3.950E-18 3.910E-18 3.924E-18 3.961E-18 4.059E-18 4.202E-18 4.218E-18
 4.138E-18 4.014E-18 3.894E-18 3.799E-18 3.767E-18 3.699E-18 3.569E-18 3.536E-18 3.609E-18 3.694E-18
 3.841E-18 3.922E-18 3.892E-18 3.883E-18 3.906E-18 3.943E-18 3.893E-18 3.819E-18 3.753E-18 3.707E-18
 3.627E-18 3.483E-18 3.460E-18 3.623E-18 3.869E-18 4.124E-18 4.295E-18 4.253E-18 4.069E-18 3.917E-18
 3.861E-18 3.819E-18 3.638E-18 3.391E-18 3.196E-18 3.076E-18 3.007E-18 2.979E-18 3.017E-18 3.144E-18
 3.360E-18 3.655E-18 3.948E-18 4.203E-18 4.485E-18 4.886E-18 5.386E-18 5.626E-18 5.414E-18 5.201E-18
 5.040E-18 4.707E-18 4.379E-18 4.175E-18 4.071E-18 4.071E-18 4.113E-18 4.153E-18 4.237E-18 4.394E-18
 4.571E-18 4.638E-18 4.612E-18 4.694E-18 4.973E-18 5.336E-18 5.806E-18 6.092E-18 5.460E-18 4.529E-18
 3.827E-18 3.309E-18 2.885E-18 2.565E-18 2.333E-18 2.158E-18 2.015E-18 1.885E-18 1.776E-18 1.674E-18
 1.575E-18 1.487E-18 1.418E-18 1.374E-18 1.336E-18 1.287E-18 1.240E-18 1.196E-18 1.155E-18 1.136E-18
 1.131E-18 1.120E-18 1.103E-18 1.083E-18 1.065E-18 1.066E-18 1.061E-18 1.036E-18 1.015E-18 1.005E-18
 1.006E-18 9.987E-19 9.929E-19 9.940E-19 9.970E-19 9.982E-19 9.894E-19 9.785E-19 9.756E-19 9.781E-19
 9.792E-19 9.786E-19 9.801E-19 9.787E-19 9.818E-19 9.835E-19 9.764E-19 9.660E-19 9.623E-19 9.667E-19
 9.636E-19 9.540E-19 9.458E-19 9.411E-19 9.488E-19 9.538E-19 9.542E-19 9.522E-19 9.443E-19 9.420E-19
 9.518E-19 9.582E-19 9.614E-19 9.577E-19 9.461E-19 9.382E-19 9.379E-19 9.395E-19 9.479E-19 9.423E-19
 9.266E-19 9.224E-19 9.239E-19 9.351E-19 9.390E-19 9.242E-19 9.146E-19 9.229E-19 9.360E-19 9.485E-19
 9.524E-19 9.425E-19 9.305E-19 9.245E-19 9.263E-19 9.321E-19 9.382E-19 9.374E-19 9.252E-19 9.142E-19
 9.073E-19 9.158E-19 9.237E-19 9.251E-19 9.201E-19 9.125E-19 9.072E-19 9.111E-19 9.205E-19 9.172E-19
 9.074E-19 9.102E-19 9.058E-19 9.061E-19 9.051E-19 9.077E-19 9.074E-19 8.941E-19 8.962E-19 9.015E-19
 8.910E-19 8.929E-19 9.050E-19 8.989E-19 8.954E-19 8.944E-19 8.973E-19 9.048E-19 9.095E-19 9.030E-19
 8.952E-19 8.979E-19 9.122E-19 9.259E-19 9.157E-19 8.950E-19 8.839E-19 8.790E-19 8.883E-19 9.070E-19
 9.089E-19 9.015E-19 9.028E-19 9.011E-19 8.963E-19 8.979E-19 8.995E-19 9.055E-19 9.111E-19 9.093E-19
 9.007E-19 8.954E-19 9.029E-19 9.088E-19 9.080E-19 9.104E-19 9.199E-19 9.228E-19 9.178E-19 9.049E-19
 8.974E-19 9.007E-19 9.011E-19 9.050E-19 9.111E-19 9.097E-19 9.032E-19 8.977E-19 8.963E-19 9.013E-19
 9.088E-19 9.192E-19 9.293E-19 9.327E-19 9.177E-19 9.067E-19 9.090E-19 9.141E-19 9.191E-19 9.148E-19
 9.212E-19 9.211E-19 9.182E-19 9.287E-19 9.326E-19 9.305E-19 9.263E-19 9.153E-19 9.151E-19 9.307E-19
 9.311E-19 9.187E-19 9.106E-19 9.155E-19 9.197E-19 9.226E-19 9.279E-19 9.254E-19 9.247E-19 9.231E-19
 9.254E-19 9.281E-19 9.262E-19 9.294E-19 9.337E-19 9.303E-19 9.189E-19 9.199E-19 9.294E-19 9.209E-19
 9.158E-19 9.171E-19 9.122E-19 9.109E-19 9.233E-19 9.393E-19 9.406E-19 9.336E-19 9.297E-19 9.317E-19
 9.399E-19 9.354E-19 9.271E-19 9.225E-19 9.251E-19 9.272E-19 9.248E-19 9.246E-19 9.224E-19 9.200E-19
 9.088E-19 9.084E-19 9.197E-19 9.284E-19 9.263E-19 9.229E-19 9.210E-19 9.191E-19 9.227E-19 9.279E-19
 9.299E-19 9.295E-19 9.302E-19 9.184E-19 9.082E-19 9.169E-19 9.270E-19 9.331E-19 9.301E-19 9.223E-19
 9.154E-19 9.105E-19 9.226E-19 9.446E-19 9.495E-19 9.415E-19 9.319E-19 9.233E-19 9.263E-19 9.380E-19
 9.390E-19 9.272E-19 9.152E-19 9.078E-19 9.053E-19 9.190E-19 9.423E-19 9.400E-19 9.157E-19 8.988E-19
 8.957E-19 9.082E-19 9.279E-19 9.366E-19 9.261E-19 9.090E-19 9.008E-19 9.052E-19 9.227E-19 9.441E-19
 9.449E-19 9.277E-19 9.092E-19 9.069E-19 9.243E-19 9.320E-19 9.286E-19 9.179E-19 9.050E-19 8.970E-19
 9.030E-19 9.207E-19 9.287E-19 9.168E-19 8.991E-19 8.938E-19 8.933E-19 9.057E-19 9.342E-19 9.346E-19
 9.128E-19 8.908E-19 8.876E-19 8.983E-19 9.216E-19 9.445E-19 9.161E-19 8.880E-19 8.947E-19 9.049E-19
 9.155E-19 9.309E-19 9.212E-19 8.883E-19 8.837E-19 8.980E-19 9.017E-19 9.173E-19 9.282E-19 9.023E-19
 8.790E-19 8.760E-19 8.778E-19 9.057E-19 9.346E-19 9.102E-19 8.778E-19 8.733E-19 8.788E-19 8.893E-19
 9.129E-19 9.086E-19 8.833E-19 8.655E-19 8.577E-19 8.575E-19 8.772E-19 8.865E-19 8.575E-19 8.506E-19
 8.645E-19 8.630E-19 8.617E-19 8.732E-19 8.644E-19 8.453E-19 8.413E-19 8.468E-19 8.569E-19 8.693E-19
 8.645E-19 8.350E-19 8.244E-19 8.430E-19 8.584E-19 8.715E-19 8.716E-19 8.534E-19 8.416E-19 8.470E-19
 8.493E-19 8.546E-19 8.591E-19 8.456E-19 8.360E-19 8.338E-19 8.283E-19 8.334E-19 8.584E-19 8.615E-19
 8.429E-19 8.364E-19 8.298E-19 8.211E-19 8.260E-19 8.339E-19 8.241E-19 8.190E-19 8.195E-19 8.182E-19
 8.129E-19 8.107E-19 8.093E-19 8.112E-19 8.095E-19 8.048E-19 8.042E-19 8.129E-19 8.070E-19 7.934E-19
 7.964E-19 7.995E-19 7.905E-19 7.949E-19 8.063E-19 7.950E-19 7.872E-19 7.838E-19 7.822E-19 7.904E-19
 7.971E-19 7.874E-19 7.782E-19 7.742E-19 7.759E-19 7.797E-19 7.794E-19 7.733E-19 7.595E-19 7.577E-19
 7.636E-19 7.616E-19 7.643E-19 7.677E-19 7.661E-19 7.562E-19 7.472E-19 7.456E-19 7.520E-19 7.548E-19
 7.459E-19 7.407E-19 7.475E-19 7.552E-19 7.581E-19 7.493E-19 7.357E-19 7.237E-19 7.246E-19 7.319E-19
 7.372E-19 7.400E-19 7.270E-19 7.185E-19 7.282E-19 7.225E-19 7.120E-19 7.102E-19 7.149E-19 7.185E-19
 7.124E-19 7.090E-19 7.097E-19 7.084E-19 7.076E-19 7.046E-19 7.001E-19 6.980E-19 7.023E-19 6.946E-19
 6.835E-19 6.810E-19 6.761E-19 6.718E-19 6.693E-19 6.709E-19 6.679E-19 6.656E-19 6.626E-19 6.657E-19
 6.689E-19 6.658E-19 6.643E-19 6.632E-19 6.587E-19 6.563E-19 6.525E-19 6.509E-19 6.515E-19 6.550E-19
 6.519E-19 6.522E-19 6.454E-19 6.296E-19 6.217E-19 6.201E-19 6.202E-19 6.298E-19 6.286E-19 6.149E-19
 6.124E-19 6.182E-19 6.139E-19 6.105E-19 6.177E-19 6.208E-19 6.167E-19 5.983E-19 5.996E-19 6.159E-19
 6.196E-19 6.139E-19 6.135E-19 6.152E-19 6.101E-19 6.042E-19 6.026E-19 5.936E-19 5.842E-19 5.819E-19
 5.843E-19 5.844E-19 5.837E-19 5.883E-19 5.872E-19 5.790E-19 5.704E-19 5.780E-19 5.801E-19 5.669E-19
 5.605E-19 5.686E-19 5.800E-19 5.777E-19 5.595E-19 5.520E-19 5.586E-19 5.622E-19 5.544E-19 5.412E-19
 5.383E-19 5.417E-19 5.436E-19 5.395E-19 5.323E-19 5.259E-19 5.195E-19 5.174E-19 5.204E-19 5.200E-19
 5.195E-19 5.224E-19 5.230E-19 5.202E-19 5.213E-19 5.134E-19 5.052E-19 5.021E-19 4.965E-19 4.945E-19
 4.935E-19 4.941E-19 5.030E-19 5.008E-19 4.797E-19 4.716E-19 4.875E-19 4.944E-19 4.886E-19 4.829E-19
 4.709E-19 4.671E-19 4.782E-19 4.808E-19 4.778E-19 4.761E-19 4.727E-19 4.693E-19 4.715E-19 4.744E-19
 4.731E-19 4.636E-19 4.580E-19 4.623E-19 4.640E-19 4.533E-19 4.387E-19 4.365E-19 4.396E-19 4.380E-19
 4.420E-19 4.450E-19 4.449E-19 4.453E-19 4.351E-19 4.318E-19 4.317E-19 4.250E-19 4.182E-19 4.210E-19
 4.247E-19 4.182E-19 4.141E-19 4.178E-19 4.177E-19 4.181E-19 4.236E-19 4.179E-19 4.177E-19 4.163E-19
 4.086E-19 4.152E-19 4.208E-19 4.171E-19 4.079E-19 4.056E-19 4.000E-19 3.946E-19 3.909E-19 3.857E-19
 3.767E-19 3.780E-19 3.800E-19 3.825E-19 3.828E-19 3.711E-19 3.664E-19 3.748E-19 3.786E-19 3.726E-19
 3.644E-19 3.522E-19 3.509E-19 3.626E-19 3.632E-19 3.560E-19 3.504E-19 3.516E-19 3.535E-19 3.521E-19
 3.503E-19 3.544E-19 3.536E-19 3.478E-19 3.566E-19 3.531E-19 3.425E-19 3.451E-19 3.441E-19 3.432E-19
 3.501E-19 3.514E-19 3.469E-19 3.341E-19 3.291E-19 3.230E-19 3.181E-19 3.153E-19 3.129E-19 3.149E-19
 3.131E-19 3.068E-19 3.018E-19 3.016E-19 3.058E-19 3.082E-19 3.092E-19 3.090E-19 3.021E-19 3.013E-19
 3.003E-19 2.945E-19 2.971E-19 2.952E-19 2.908E-19 2.932E-19 2.884E-19 2.820E-19 2.843E-19 2.882E-19
 2.876E-19 2.874E-19 2.862E-19 2.834E-19 2.868E-19 2.871E-19 2.799E-19 2.745E-19 2.801E-19 2.791E-19
 2.699E-19 2.618E-19 2.573E-19 2.594E-19 2.669E-19 2.736E-19 2.726E-19 2.695E-19 2.682E-19 2.645E-19
 2.561E-19 2.575E-19 2.576E-19 2.559E-19 2.545E-19 2.508E-19 2.548E-19 2.640E-19 2.623E-19 2.534E-19
 2.509E-19 2.473E-19 2.473E-19 2.441E-19 2.447E-19 2.460E-19 2.441E-19 2.487E-19 2.506E-19 2.475E-19
 2.424E-19 2.358E-19 2.250E-19 2.228E-19 2.291E-19 2.337E-19 2.379E-19 2.368E-19 2.352E-19 2.283E-19
 2.209E-19 2.208E-19 2.175E-19 2.197E-19 2.191E-19 2.124E-19 2.081E-19 2.080E-19 2.085E-19 2.052E-19
 1.970E-19 1.946E-19 1.930E-19 1.951E-19 2.012E-19 1.977E-19 1.881E-19 1.854E-19 1.871E-19 1.914E-19
 1.933E-19 1.887E-19 1.818E-19 1.833E-19 1.873E-19 1.872E-19 1.936E-19 1.943E-19 1.907E-19 1.863E-19
 1.848E-19 1.850E-19 1.854E-19 1.811E-19 1.741E-19 1.753E-19 1.875E-19 1.938E-19 1.850E-19 1.811E-19
 1.707E-19 1.607E-19 1.678E-19 1.734E-19 1.721E-19 1.733E-19 1.732E-19 1.666E-19 1.688E-19 1.730E-19
 1.699E-19 1.634E-19 1.576E-19 1.637E-19 1.666E-19 1.582E-19 1.554E-19 1.553E-19 1.516E-19 1.514E-19
 1.490E-19 1.460E-19 1.442E-19 1.455E-19 1.496E-19 1.500E-19 1.460E-19 1.434E-19 1.432E-19 1.430E-19
 1.437E-19 1.477E-19 1.453E-19 1.425E-19 1.485E-19 1.482E-19 1.401E-19 1.433E-19 1.478E-19 1.430E-19
 1.338E-19 1.277E-19 1.266E-19 1.291E-19 1.322E-19 1.316E-19 1.234E-19 1.192E-19 1.238E-19 1.258E-19
 1.282E-19 1.291E-19 1.225E-19 1.138E-19 1.138E-19 1.155E-19 1.105E-19 1.079E-19 1.126E-19 0.000E+00
