    C2ClF5 1110.0010 1144.9950      2360  213.0000    0.0000 1.978E-18  NCAR    CFC-115
 4.565E-20 4.045E-20 3.753E-20 3.820E-20 3.236E-20 2.679E-20 2.260E-20 2.812E-20 3.463E-20 3.467E-20
 3.475E-20 3.326E-20 3.562E-20 3.800E-20 4.242E-20 4.311E-20 4.520E-20 4.733E-20 3.797E-20 3.726E-20
 4.459E-20 4.665E-20 4.618E-20 4.531E-20 3.869E-20 3.726E-20 4.337E-20 4.881E-20 4.429E-20 3.737E-20
 4.121E-20 4.265E-20 4.476E-20 4.563E-20 3.889E-20 3.394E-20 3.271E-20 3.555E-20 4.580E-20 4.926E-20
 4.591E-20 3.917E-20 3.598E-20 4.232E-20 4.615E-20 4.601E-20 4.414E-20 4.361E-20 3.855E-20 4.137E-20
 4.466E-20 4.152E-20 4.572E-20 5.084E-20 4.709E-20 4.495E-20 4.524E-20 4.778E-20 4.908E-20 5.266E-20
 5.632E-20 4.905E-20 3.797E-20 4.393E-20 4.915E-20 4.665E-20 4.710E-20 5.387E-20 5.793E-20 5.469E-20
 5.192E-20 4.341E-20 4.223E-20 5.029E-20 5.808E-20 5.615E-20 4.830E-20 5.011E-20 4.597E-20 3.936E-20
 3.987E-20 4.249E-20 4.469E-20 4.395E-20 4.389E-20 4.334E-20 3.962E-20 3.358E-20 3.494E-20 4.401E-20
 5.452E-20 5.160E-20 4.673E-20 5.032E-20 5.443E-20 5.089E-20 5.226E-20 5.748E-20 6.141E-20 6.348E-20
 6.122E-20 5.732E-20 5.866E-20 5.781E-20 4.956E-20 5.072E-20 5.634E-20 5.722E-20 5.607E-20 5.705E-20
 5.339E-20 5.206E-20 5.889E-20 5.857E-20 4.944E-20 4.798E-20 5.047E-20 5.527E-20 5.747E-20 5.873E-20
 6.165E-20 5.794E-20 4.708E-20 4.503E-20 5.124E-20 5.700E-20 6.041E-20 6.011E-20 6.175E-20 6.307E-20
 6.122E-20 5.901E-20 5.118E-20 5.230E-20 5.205E-20 4.703E-20 5.119E-20 5.234E-20 5.252E-20 5.187E-20
 5.256E-20 5.382E-20 5.182E-20 5.475E-20 6.471E-20 6.954E-20 6.841E-20 6.890E-20 7.270E-20 6.924E-20
 5.571E-20 5.123E-20 5.482E-20 5.679E-20 6.621E-20 6.636E-20 6.304E-20 6.057E-20 5.058E-20 4.286E-20
 4.935E-20 5.599E-20 5.598E-20 5.533E-20 5.504E-20 5.682E-20 6.331E-20 6.548E-20 6.138E-20 5.279E-20
 4.586E-20 4.828E-20 5.422E-20 5.793E-20 5.852E-20 6.478E-20 5.934E-20 5.499E-20 6.002E-20 6.268E-20
 5.980E-20 6.491E-20 7.050E-20 6.958E-20 6.765E-20 6.771E-20 7.294E-20 7.638E-20 7.306E-20 6.737E-20
 6.807E-20 6.731E-20 6.521E-20 6.683E-20 6.963E-20 6.782E-20 6.370E-20 6.220E-20 6.412E-20 6.484E-20
 6.027E-20 6.193E-20 6.455E-20 5.964E-20 5.785E-20 6.266E-20 6.076E-20 5.482E-20 5.844E-20 5.871E-20
 5.474E-20 5.829E-20 6.490E-20 5.966E-20 6.293E-20 7.506E-20 7.016E-20 6.547E-20 6.862E-20 7.096E-20
 7.691E-20 7.967E-20 7.415E-20 6.839E-20 6.651E-20 6.822E-20 6.641E-20 6.558E-20 7.079E-20 7.350E-20
 7.587E-20 6.797E-20 5.954E-20 6.573E-20 7.360E-20 7.122E-20 6.972E-20 7.244E-20 7.276E-20 8.164E-20
 9.218E-20 9.084E-20 8.444E-20 7.363E-20 7.007E-20 7.535E-20 7.871E-20 8.528E-20 8.275E-20 7.732E-20
 8.102E-20 8.589E-20 8.003E-20 7.000E-20 7.925E-20 8.561E-20 8.191E-20 7.564E-20 7.443E-20 8.558E-20
 8.919E-20 8.329E-20 7.735E-20 7.601E-20 8.441E-20 8.643E-20 8.438E-20 8.753E-20 9.369E-20 9.008E-20
 8.109E-20 8.109E-20 7.275E-20 8.733E-20 9.304E-20 8.837E-20 8.764E-20 9.765E-20 9.475E-20 8.977E-20
 8.477E-20 8.181E-20 8.383E-20 8.802E-20 9.143E-20 9.157E-20 9.388E-20 9.608E-20 9.943E-20 9.863E-20
 8.684E-20 7.866E-20 8.351E-20 9.228E-20 9.011E-20 8.915E-20 8.945E-20 9.226E-20 9.253E-20 8.509E-20
 8.440E-20 8.939E-20 9.459E-20 9.340E-20 9.602E-20 9.859E-20 9.785E-20 1.037E-19 1.074E-19 1.065E-19
 1.022E-19 1.002E-19 9.908E-20 9.909E-20 9.953E-20 9.757E-20 9.157E-20 9.284E-20 9.724E-20 9.531E-20
 1.018E-19 1.099E-19 1.145E-19 1.154E-19 1.199E-19 1.182E-19 1.163E-19 1.181E-19 1.108E-19 1.082E-19
 1.074E-19 1.083E-19 1.078E-19 1.062E-19 1.044E-19 1.020E-19 1.003E-19 9.794E-20 1.002E-19 1.090E-19
 1.185E-19 1.174E-19 1.162E-19 1.258E-19 1.181E-19 1.109E-19 1.153E-19 1.137E-19 1.150E-19 1.202E-19
 1.238E-19 1.197E-19 1.219E-19 1.222E-19 1.148E-19 1.093E-19 1.108E-19 1.133E-19 1.114E-19 1.122E-19
 1.173E-19 1.211E-19 1.292E-19 1.238E-19 1.091E-19 1.095E-19 1.163E-19 1.249E-19 1.286E-19 1.193E-19
 1.191E-19 1.202E-19 1.281E-19 1.314E-19 1.243E-19 1.184E-19 1.189E-19 1.290E-19 1.344E-19 1.321E-19
 1.366E-19 1.400E-19 1.345E-19 1.299E-19 1.297E-19 1.355E-19 1.367E-19 1.310E-19 1.314E-19 1.392E-19
 1.466E-19 1.428E-19 1.309E-19 1.259E-19 1.255E-19 1.296E-19 1.351E-19 1.377E-19 1.423E-19 1.506E-19
 1.526E-19 1.445E-19 1.384E-19 1.430E-19 1.478E-19 1.492E-19 1.482E-19 1.533E-19 1.524E-19 1.493E-19
 1.421E-19 1.379E-19 1.392E-19 1.383E-19 1.446E-19 1.467E-19 1.448E-19 1.508E-19 1.537E-19 1.502E-19
 1.476E-19 1.430E-19 1.447E-19 1.469E-19 1.561E-19 1.561E-19 1.512E-19 1.507E-19 1.502E-19 1.562E-19
 1.577E-19 1.620E-19 1.625E-19 1.612E-19 1.656E-19 1.655E-19 1.596E-19 1.568E-19 1.506E-19 1.533E-19
 1.529E-19 1.592E-19 1.664E-19 1.643E-19 1.666E-19 1.682E-19 1.651E-19 1.662E-19 1.685E-19 1.720E-19
 1.804E-19 1.814E-19 1.782E-19 1.743E-19 1.763E-19 1.786E-19 1.747E-19 1.685E-19 1.731E-19 1.819E-19
 1.814E-19 1.795E-19 1.802E-19 1.749E-19 1.748E-19 1.763E-19 1.779E-19 1.789E-19 1.813E-19 1.827E-19
 1.823E-19 1.808E-19 1.817E-19 1.838E-19 1.863E-19 1.901E-19 1.909E-19 1.947E-19 2.003E-19 1.931E-19
 1.845E-19 1.882E-19 1.967E-19 1.976E-19 1.941E-19 1.949E-19 1.969E-19 1.996E-19 2.004E-19 2.015E-19
 2.047E-19 2.020E-19 1.967E-19 1.979E-19 2.004E-19 1.982E-19 1.986E-19 2.057E-19 2.086E-19 2.088E-19
 2.114E-19 2.129E-19 2.143E-19 2.169E-19 2.108E-19 2.090E-19 2.131E-19 2.138E-19 2.100E-19 2.078E-19
 2.094E-19 2.060E-19 2.084E-19 2.070E-19 2.029E-19 2.080E-19 2.124E-19 2.172E-19 2.189E-19 2.172E-19
 2.186E-19 2.209E-19 2.151E-19 2.137E-19 2.191E-19 2.208E-19 2.194E-19 2.245E-19 2.293E-19 2.302E-19
 2.328E-19 2.259E-19 2.242E-19 2.344E-19 2.357E-19 2.384E-19 2.439E-19 2.392E-19 2.372E-19 2.418E-19
 2.403E-19 2.411E-19 2.360E-19 2.378E-19 2.431E-19 2.445E-19 2.428E-19 2.403E-19 2.447E-19 2.397E-19
 2.342E-19 2.428E-19 2.545E-19 2.539E-19 2.542E-19 2.562E-19 2.552E-19 2.556E-19 2.566E-19 2.588E-19
 2.592E-19 2.619E-19 2.628E-19 2.565E-19 2.575E-19 2.590E-19 2.579E-19 2.576E-19 2.575E-19 2.516E-19
 2.575E-19 2.684E-19 2.712E-19 2.730E-19 2.726E-19 2.744E-19 2.754E-19 2.777E-19 2.767E-19 2.717E-19
 2.716E-19 2.734E-19 2.799E-19 2.863E-19 2.823E-19 2.795E-19 2.779E-19 2.791E-19 2.767E-19 2.830E-19
 2.973E-19 2.947E-19 2.868E-19 2.768E-19 2.763E-19 2.886E-19 2.989E-19 2.970E-19 3.029E-19 3.042E-19
 2.996E-19 2.944E-19 3.016E-19 3.002E-19 2.899E-19 2.901E-19 3.031E-19 3.144E-19 3.066E-19 3.054E-19
 3.129E-19 3.137E-19 3.100E-19 3.047E-19 3.045E-19 3.032E-19 2.990E-19 3.068E-19 3.159E-19 3.122E-19
 3.171E-19 3.305E-19 3.251E-19 3.232E-19 3.300E-19 3.306E-19 3.183E-19 3.134E-19 3.202E-19 3.223E-19
 3.199E-19 3.300E-19 3.430E-19 3.481E-19 3.383E-19 3.393E-19 3.472E-19 3.461E-19 3.453E-19 3.456E-19
 3.390E-19 3.409E-19 3.406E-19 3.383E-19 3.396E-19 3.439E-19 3.482E-19 3.530E-19 3.645E-19 3.672E-19
 3.661E-19 3.691E-19 3.635E-19 3.500E-19 3.513E-19 3.604E-19 3.668E-19 3.612E-19 3.540E-19 3.591E-19
 3.647E-19 3.695E-19 3.707E-19 3.676E-19 3.659E-19 3.683E-19 3.746E-19 3.790E-19 3.760E-19 3.695E-19
 3.685E-19 3.781E-19 3.844E-19 3.893E-19 3.895E-19 3.861E-19 3.904E-19 3.931E-19 3.930E-19 3.993E-19
 3.975E-19 3.894E-19 4.015E-19 4.122E-19 4.062E-19 3.996E-19 4.013E-19 4.077E-19 4.114E-19 4.066E-19
 4.092E-19 4.137E-19 4.024E-19 4.040E-19 4.143E-19 4.190E-19 4.192E-19 4.186E-19 4.237E-19 4.245E-19
 4.244E-19 4.264E-19 4.302E-19 4.312E-19 4.247E-19 4.180E-19 4.243E-19 4.248E-19 4.241E-19 4.302E-19
 4.355E-19 4.425E-19 4.471E-19 4.401E-19 4.337E-19 4.309E-19 4.335E-19 4.419E-19 4.465E-19 4.376E-19
 4.365E-19 4.496E-19 4.572E-19 4.599E-19 4.628E-19 4.601E-19 4.564E-19 4.511E-19 4.465E-19 4.522E-19
 4.588E-19 4.653E-19 4.680E-19 4.628E-19 4.662E-19 4.660E-19 4.659E-19 4.697E-19 4.724E-19 4.711E-19
 4.699E-19 4.748E-19 4.753E-19 4.787E-19 4.840E-19 4.839E-19 4.812E-19 4.824E-19 4.828E-19 4.840E-19
 4.857E-19 4.944E-19 5.016E-19 4.967E-19 4.963E-19 4.967E-19 4.917E-19 4.915E-19 4.986E-19 5.124E-19
 5.111E-19 5.064E-19 5.070E-19 5.067E-19 5.070E-19 5.105E-19 5.164E-19 5.162E-19 5.182E-19 5.289E-19
 5.331E-19 5.296E-19 5.253E-19 5.164E-19 5.173E-19 5.315E-19 5.403E-19 5.365E-19 5.320E-19 5.340E-19
 5.301E-19 5.282E-19 5.296E-19 5.313E-19 5.322E-19 5.326E-19 5.271E-19 5.376E-19 5.581E-19 5.520E-19
 5.404E-19 5.437E-19 5.547E-19 5.582E-19 5.566E-19 5.599E-19 5.639E-19 5.657E-19 5.640E-19 5.703E-19
 5.671E-19 5.657E-19 5.765E-19 5.807E-19 5.731E-19 5.681E-19 5.755E-19 5.825E-19 5.855E-19 5.861E-19
 5.846E-19 5.898E-19 5.969E-19 5.950E-19 5.934E-19 5.905E-19 5.906E-19 5.957E-19 5.880E-19 5.834E-19
 5.965E-19 6.041E-19 6.106E-19 6.180E-19 6.164E-19 6.089E-19 6.098E-19 6.106E-19 6.145E-19 6.208E-19
 6.182E-19 6.165E-19 6.225E-19 6.306E-19 6.406E-19 6.377E-19 6.311E-19 6.224E-19 6.192E-19 6.226E-19
 6.234E-19 6.415E-19 6.501E-19 6.522E-19 6.491E-19 6.464E-19 6.516E-19 6.496E-19 6.430E-19 6.389E-19
 6.430E-19 6.479E-19 6.478E-19 6.469E-19 6.478E-19 6.450E-19 6.440E-19 6.466E-19 6.536E-19 6.531E-19
 6.559E-19 6.691E-19 6.709E-19 6.671E-19 6.638E-19 6.632E-19 6.699E-19 6.770E-19 6.818E-19 6.802E-19
 6.768E-19 6.820E-19 6.901E-19 6.835E-19 6.788E-19 6.856E-19 6.886E-19 6.968E-19 7.059E-19 7.087E-19
 7.038E-19 7.003E-19 7.014E-19 7.060E-19 7.141E-19 7.099E-19 7.129E-19 7.168E-19 7.105E-19 7.076E-19
 7.164E-19 7.250E-19 7.256E-19 7.230E-19 7.181E-19 7.162E-19 7.163E-19 7.174E-19 7.259E-19 7.332E-19
 7.316E-19 7.300E-19 7.330E-19 7.394E-19 7.434E-19 7.487E-19 7.455E-19 7.410E-19 7.465E-19 7.580E-19
 7.587E-19 7.532E-19 7.480E-19 7.487E-19 7.546E-19 7.530E-19 7.602E-19 7.700E-19 7.647E-19 7.605E-19
 7.638E-19 7.684E-19 7.734E-19 7.752E-19 7.711E-19 7.686E-19 7.668E-19 7.624E-19 7.667E-19 7.767E-19
 7.739E-19 7.694E-19 7.727E-19 7.818E-19 7.870E-19 7.799E-19 7.772E-19 7.856E-19 7.961E-19 7.970E-19
 7.950E-19 7.995E-19 7.977E-19 7.984E-19 8.057E-19 8.084E-19 8.021E-19 8.025E-19 8.048E-19 8.064E-19
 7.998E-19 8.019E-19 8.092E-19 8.114E-19 8.177E-19 8.199E-19 8.226E-19 8.197E-19 8.202E-19 8.216E-19
 8.232E-19 8.258E-19 8.320E-19 8.341E-19 8.294E-19 8.254E-19 8.235E-19 8.221E-19 8.180E-19 8.175E-19
 8.244E-19 8.326E-19 8.344E-19 8.310E-19 8.360E-19 8.351E-19 8.322E-19 8.308E-19 8.316E-19 8.340E-19
 8.380E-19 8.426E-19 8.469E-19 8.472E-19 8.418E-19 8.440E-19 8.470E-19 8.429E-19 8.422E-19 8.457E-19
 8.505E-19 8.477E-19 8.410E-19 8.465E-19 8.571E-19 8.620E-19 8.624E-19 8.598E-19 8.538E-19 8.500E-19
 8.595E-19 8.656E-19 8.684E-19 8.757E-19 8.769E-19 8.736E-19 8.678E-19 8.582E-19 8.595E-19 8.668E-19
 8.654E-19 8.688E-19 8.770E-19 8.821E-19 8.746E-19 8.674E-19 8.699E-19 8.793E-19 8.840E-19 8.815E-19
 8.872E-19 8.880E-19 8.780E-19 8.791E-19 8.804E-19 8.826E-19 8.892E-19 8.923E-19 8.913E-19 8.848E-19
 8.847E-19 8.906E-19 8.970E-19 8.959E-19 8.914E-19 8.932E-19 8.914E-19 8.883E-19 8.928E-19 8.940E-19
 8.886E-19 8.924E-19 8.975E-19 8.947E-19 8.937E-19 8.975E-19 8.965E-19 8.947E-19 8.953E-19 8.927E-19
 8.900E-19 8.963E-19 9.073E-19 9.045E-19 9.028E-19 9.159E-19 9.170E-19 9.100E-19 9.104E-19 9.128E-19
 9.131E-19 9.110E-19 9.172E-19 9.157E-19 9.087E-19 8.972E-19 8.992E-19 9.152E-19 9.182E-19 9.153E-19
 9.118E-19 9.165E-19 9.187E-19 9.207E-19 9.204E-19 9.271E-19 9.318E-19 9.288E-19 9.223E-19 9.210E-19
 9.271E-19 9.167E-19 9.152E-19 9.219E-19 9.210E-19 9.110E-19 9.101E-19 9.216E-19 9.251E-19 9.213E-19
 9.345E-19 9.425E-19 9.246E-19 9.169E-19 9.266E-19 9.353E-19 9.352E-19 9.355E-19 9.266E-19 9.166E-19
 9.139E-19 9.248E-19 9.370E-19 9.421E-19 9.413E-19 9.359E-19 9.368E-19 9.441E-19 9.506E-19 9.472E-19
 9.433E-19 9.476E-19 9.554E-19 9.585E-19 9.573E-19 9.512E-19 9.545E-19 9.644E-19 9.613E-19 9.648E-19
 9.664E-19 9.561E-19 9.550E-19 9.606E-19 9.688E-19 9.757E-19 9.726E-19 9.651E-19 9.638E-19 9.655E-19
 9.667E-19 9.683E-19 9.653E-19 9.608E-19 9.577E-19 9.614E-19 9.684E-19 9.644E-19 9.656E-19 9.824E-19
 9.796E-19 9.663E-19 9.614E-19 9.591E-19 9.600E-19 9.652E-19 9.761E-19 9.835E-19 9.903E-19 9.798E-19
 9.679E-19 9.659E-19 9.664E-19 9.674E-19 9.681E-19 9.614E-19 9.639E-19 9.761E-19 9.829E-19 9.889E-19
 9.792E-19 9.690E-19 9.702E-19 9.680E-19 9.652E-19 9.727E-19 9.910E-19 9.927E-19 9.844E-19 9.867E-19
 9.874E-19 9.911E-19 9.965E-19 9.943E-19 9.901E-19 9.860E-19 9.899E-19 9.941E-19 9.996E-19 9.953E-19
 9.864E-19 9.900E-19 9.974E-19 9.967E-19 9.989E-19 1.005E-18 9.969E-19 9.958E-19 9.980E-19 9.957E-19
 9.990E-19 1.002E-18 9.976E-19 1.001E-18 1.009E-18 1.018E-18 1.021E-18 1.021E-18 1.020E-18 1.019E-18
 1.020E-18 1.013E-18 1.013E-18 1.013E-18 1.018E-18 1.019E-18 1.022E-18 1.027E-18 1.025E-18 1.015E-18
 1.031E-18 1.039E-18 1.028E-18 1.020E-18 1.025E-18 1.031E-18 1.029E-18 1.046E-18 1.046E-18 1.040E-18
 1.043E-18 1.043E-18 1.044E-18 1.054E-18 1.055E-18 1.057E-18 1.057E-18 1.064E-18 1.065E-18 1.060E-18
 1.066E-18 1.073E-18 1.086E-18 1.087E-18 1.073E-18 1.065E-18 1.069E-18 1.070E-18 1.084E-18 1.095E-18
 1.088E-18 1.088E-18 1.097E-18 1.094E-18 1.094E-18 1.103E-18 1.103E-18 1.101E-18 1.106E-18 1.115E-18
 1.127E-18 1.133E-18 1.127E-18 1.120E-18 1.113E-18 1.122E-18 1.134E-18 1.146E-18 1.152E-18 1.150E-18
 1.140E-18 1.140E-18 1.147E-18 1.149E-18 1.147E-18 1.150E-18 1.164E-18 1.169E-18 1.177E-18 1.185E-18
 1.191E-18 1.180E-18 1.174E-18 1.181E-18 1.194E-18 1.193E-18 1.190E-18 1.197E-18 1.203E-18 1.214E-18
 1.219E-18 1.217E-18 1.205E-18 1.203E-18 1.214E-18 1.223E-18 1.236E-18 1.244E-18 1.243E-18 1.238E-18
 1.235E-18 1.242E-18 1.250E-18 1.253E-18 1.252E-18 1.260E-18 1.255E-18 1.253E-18 1.262E-18 1.271E-18
 1.273E-18 1.270E-18 1.276E-18 1.278E-18 1.285E-18 1.291E-18 1.295E-18 1.300E-18 1.302E-18 1.295E-18
 1.302E-18 1.305E-18 1.310E-18 1.301E-18 1.299E-18 1.312E-18 1.324E-18 1.325E-18 1.320E-18 1.316E-18
 1.329E-18 1.347E-18 1.357E-18 1.356E-18 1.355E-18 1.352E-18 1.351E-18 1.361E-18 1.359E-18 1.351E-18
 1.346E-18 1.358E-18 1.376E-18 1.388E-18 1.366E-18 1.346E-18 1.351E-18 1.368E-18 1.374E-18 1.376E-18
 1.375E-18 1.362E-18 1.357E-18 1.380E-18 1.393E-18 1.382E-18 1.371E-18 1.366E-18 1.378E-18 1.397E-18
 1.406E-18 1.407E-18 1.407E-18 1.402E-18 1.391E-18 1.386E-18 1.409E-18 1.421E-18 1.413E-18 1.402E-18
 1.385E-18 1.390E-18 1.422E-18 1.435E-18 1.414E-18 1.390E-18 1.394E-18 1.416E-18 1.424E-18 1.418E-18
 1.406E-18 1.406E-18 1.407E-18 1.406E-18 1.426E-18 1.431E-18 1.411E-18 1.406E-18 1.392E-18 1.399E-18
 1.427E-18 1.423E-18 1.392E-18 1.379E-18 1.390E-18 1.421E-18 1.417E-18 1.385E-18 1.375E-18 1.378E-18
 1.395E-18 1.400E-18 1.378E-18 1.359E-18 1.362E-18 1.380E-18 1.396E-18 1.388E-18 1.362E-18 1.353E-18
 1.373E-18 1.387E-18 1.385E-18 1.368E-18 1.366E-18 1.384E-18 1.384E-18 1.376E-18 1.365E-18 1.358E-18
 1.360E-18 1.372E-18 1.377E-18 1.369E-18 1.379E-18 1.390E-18 1.395E-18 1.392E-18 1.382E-18 1.393E-18
 1.395E-18 1.391E-18 1.389E-18 1.389E-18 1.403E-18 1.410E-18 1.412E-18 1.405E-18 1.411E-18 1.419E-18
 1.428E-18 1.443E-18 1.440E-18 1.439E-18 1.445E-18 1.454E-18 1.458E-18 1.441E-18 1.432E-18 1.431E-18
 1.441E-18 1.443E-18 1.438E-18 1.435E-18 1.433E-18 1.439E-18 1.441E-18 1.442E-18 1.444E-18 1.441E-18
 1.442E-18 1.440E-18 1.427E-18 1.411E-18 1.409E-18 1.404E-18 1.386E-18 1.373E-18 1.372E-18 1.374E-18
 1.372E-18 1.381E-18 1.389E-18 1.400E-18 1.412E-18 1.412E-18 1.417E-18 1.427E-18 1.427E-18 1.422E-18
 1.425E-18 1.436E-18 1.449E-18 1.465E-18 1.470E-18 1.465E-18 1.475E-18 1.489E-18 1.493E-18 1.502E-18
 1.511E-18 1.518E-18 1.543E-18 1.577E-18 1.599E-18 1.638E-18 1.679E-18 1.717E-18 1.755E-18 1.772E-18
 1.770E-18 1.781E-18 1.803E-18 1.808E-18 1.815E-18 1.818E-18 1.810E-18 1.802E-18 1.802E-18 1.812E-18
 1.821E-18 1.837E-18 1.851E-18 1.869E-18 1.907E-18 1.933E-18 1.940E-18 1.954E-18 1.975E-18 1.978E-18
 1.950E-18 1.925E-18 1.918E-18 1.907E-18 1.907E-18 1.906E-18 1.897E-18 1.891E-18 1.873E-18 1.852E-18
 1.844E-18 1.832E-18 1.817E-18 1.798E-18 1.787E-18 1.772E-18 1.743E-18 1.730E-18 1.731E-18 1.716E-18
 1.695E-18 1.687E-18 1.677E-18 1.649E-18 1.631E-18 1.626E-18 1.618E-18 1.610E-18 1.600E-18 1.588E-18
 1.572E-18 1.552E-18 1.534E-18 1.507E-18 1.492E-18 1.486E-18 1.471E-18 1.456E-18 1.436E-18 1.417E-18
 1.402E-18 1.394E-18 1.390E-18 1.379E-18 1.361E-18 1.347E-18 1.340E-18 1.322E-18 1.300E-18 1.283E-18
 1.270E-18 1.263E-18 1.257E-18 1.247E-18 1.230E-18 1.220E-18 1.203E-18 1.177E-18 1.167E-18 1.165E-18
 1.149E-18 1.143E-18 1.145E-18 1.136E-18 1.117E-18 1.103E-18 1.088E-18 1.074E-18 1.064E-18 1.064E-18
 1.058E-18 1.048E-18 1.037E-18 1.033E-18 1.029E-18 1.017E-18 1.003E-18 9.902E-19 9.795E-19 9.741E-19
 9.665E-19 9.710E-19 9.716E-19 9.598E-19 9.477E-19 9.434E-19 9.442E-19 9.418E-19 9.354E-19 9.198E-19
 9.095E-19 9.077E-19 9.115E-19 9.044E-19 8.957E-19 8.891E-19 8.818E-19 8.798E-19 8.774E-19 8.739E-19
 8.706E-19 8.565E-19 8.463E-19 8.425E-19 8.416E-19 8.363E-19 8.315E-19 8.236E-19 8.203E-19 8.288E-19
 8.362E-19 8.338E-19 8.332E-19 8.198E-19 8.117E-19 8.127E-19 8.184E-19 8.212E-19 8.151E-19 8.161E-19
 8.140E-19 8.027E-19 7.973E-19 7.975E-19 7.916E-19 7.788E-19 7.861E-19 7.940E-19 7.878E-19 7.838E-19
 7.864E-19 7.922E-19 7.939E-19 7.924E-19 7.902E-19 7.913E-19 7.904E-19 7.844E-19 7.831E-19 7.842E-19
 7.834E-19 7.814E-19 7.824E-19 7.851E-19 7.847E-19 7.871E-19 7.878E-19 7.825E-19 7.852E-19 7.916E-19
 7.844E-19 7.868E-19 7.979E-19 7.916E-19 7.816E-19 7.920E-19 8.025E-19 8.022E-19 8.065E-19 8.071E-19
 7.984E-19 7.972E-19 8.031E-19 8.050E-19 8.109E-19 8.213E-19 8.182E-19 8.033E-19 8.030E-19 8.227E-19
 8.253E-19 8.157E-19 8.146E-19 8.162E-19 8.228E-19 8.310E-19 8.298E-19 8.264E-19 8.269E-19 8.279E-19
 8.273E-19 8.336E-19 8.374E-19 8.334E-19 8.335E-19 8.359E-19 8.384E-19 8.506E-19 8.577E-19 8.569E-19
 8.561E-19 8.635E-19 8.670E-19 8.612E-19 8.658E-19 8.735E-19 8.668E-19 8.710E-19 8.697E-19 8.677E-19
 8.755E-19 8.799E-19 8.802E-19 8.744E-19 8.759E-19 8.790E-19 8.735E-19 8.750E-19 8.769E-19 8.818E-19
 8.913E-19 8.900E-19 8.819E-19 8.851E-19 8.927E-19 8.921E-19 8.891E-19 8.904E-19 8.930E-19 8.927E-19
 8.997E-19 8.953E-19 8.977E-19 9.053E-19 9.060E-19 9.109E-19 9.128E-19 9.091E-19 9.019E-19 9.188E-19
 9.427E-19 9.392E-19 9.225E-19 9.166E-19 9.241E-19 9.263E-19 9.279E-19 9.297E-19 9.291E-19 9.363E-19
 9.322E-19 9.326E-19 9.466E-19 9.370E-19 9.254E-19 9.247E-19 9.308E-19 9.279E-19 9.333E-19 9.474E-19
 9.381E-19 9.278E-19 9.352E-19 9.303E-19 9.181E-19 9.261E-19 9.327E-19 9.256E-19 9.346E-19 9.372E-19
 9.344E-19 9.399E-19 9.373E-19 9.253E-19 9.398E-19 9.554E-19 9.520E-19 9.550E-19 9.542E-19 9.439E-19
 9.450E-19 9.449E-19 9.324E-19 9.308E-19 9.402E-19 9.358E-19 9.259E-19 9.348E-19 9.357E-19 9.357E-19
 9.471E-19 9.504E-19 9.453E-19 9.519E-19 9.522E-19 9.475E-19 9.485E-19 9.475E-19 9.426E-19 9.426E-19
 9.427E-19 9.420E-19 9.417E-19 9.510E-19 9.538E-19 9.513E-19 9.554E-19 9.504E-19 9.445E-19 9.444E-19
 9.390E-19 9.311E-19 9.389E-19 9.455E-19 9.363E-19 9.349E-19 9.361E-19 9.300E-19 9.369E-19 9.422E-19
 9.270E-19 9.266E-19 9.311E-19 9.228E-19 9.312E-19 9.544E-19 9.550E-19 9.382E-19 9.340E-19 9.349E-19
 9.350E-19 9.447E-19 9.365E-19 9.275E-19 9.396E-19 9.298E-19 9.128E-19 9.157E-19 9.211E-19 9.149E-19
 9.248E-19 9.249E-19 9.093E-19 9.187E-19 9.261E-19 9.089E-19 9.100E-19 9.210E-19 9.031E-19 8.991E-19
 9.092E-19 8.946E-19 9.108E-19 9.349E-19 9.100E-19 8.975E-19 9.064E-19 8.968E-19 8.912E-19 9.061E-19
 9.024E-19 8.885E-19 8.988E-19 9.081E-19 8.987E-19 8.969E-19 8.990E-19 8.858E-19 8.849E-19 8.919E-19
 8.809E-19 8.851E-19 8.871E-19 8.634E-19 8.584E-19 8.673E-19 8.648E-19 8.767E-19 8.922E-19 8.784E-19
 8.707E-19 8.767E-19 8.683E-19 8.570E-19 8.707E-19 8.614E-19 8.423E-19 8.577E-19 8.600E-19 8.550E-19
 8.671E-19 8.623E-19 8.447E-19 8.487E-19 8.509E-19 8.414E-19 8.527E-19 8.575E-19 8.404E-19 8.438E-19
 8.463E-19 8.313E-19 8.318E-19 8.355E-19 8.188E-19 8.266E-19 8.310E-19 8.089E-19 8.027E-19 8.116E-19
 8.086E-19 8.279E-19 8.365E-19 8.046E-19 7.899E-19 8.064E-19 8.070E-19 8.082E-19 8.200E-19 7.967E-19
 7.783E-19 7.853E-19 7.820E-19 7.895E-19 7.971E-19 7.868E-19 7.864E-19 7.996E-19 7.929E-19 7.770E-19
 7.754E-19 7.680E-19 7.583E-19 7.638E-19 7.728E-19 7.705E-19 7.728E-19 7.679E-19 7.557E-19 7.550E-19
 7.571E-19 7.531E-19 7.595E-19 7.658E-19 7.601E-19 7.588E-19 7.541E-19 7.457E-19 7.442E-19 7.351E-19
 7.191E-19 7.201E-19 7.333E-19 7.297E-19 7.253E-19 7.214E-19 7.093E-19 7.077E-19 7.088E-19 6.995E-19
 7.014E-19 7.093E-19 7.081E-19 7.081E-19 7.058E-19 6.915E-19 6.913E-19 6.980E-19 6.951E-19 6.841E-19
 6.849E-19 6.895E-19 6.877E-19 6.810E-19 6.708E-19 6.676E-19 6.721E-19 6.757E-19 6.830E-19 6.812E-19
 6.675E-19 6.629E-19 6.671E-19 6.635E-19 6.549E-19 6.430E-19 6.359E-19 6.426E-19 6.479E-19 6.427E-19
 6.400E-19 6.358E-19 6.340E-19 6.344E-19 6.232E-19 6.140E-19 6.101E-19 6.167E-19 6.207E-19 6.178E-19
 6.098E-19 6.048E-19 6.099E-19 6.149E-19 6.050E-19 5.966E-19 5.935E-19 5.924E-19 5.945E-19 5.922E-19
 5.886E-19 5.877E-19 5.834E-19 5.767E-19 5.714E-19 5.763E-19 5.886E-19 5.851E-19 5.681E-19 5.622E-19
 5.588E-19 5.547E-19 5.563E-19 5.564E-19 5.466E-19 5.405E-19 5.392E-19 5.393E-19 5.399E-19 5.349E-19
 5.291E-19 5.246E-19 5.197E-19 5.217E-19 5.255E-19 5.211E-19 5.201E-19 5.130E-19 5.028E-19 5.060E-19
 5.060E-19 4.961E-19 4.956E-19 5.015E-19 4.939E-19 4.934E-19 4.946E-19 4.949E-19 4.938E-19 4.806E-19
 4.736E-19 4.746E-19 4.744E-19 4.727E-19 4.791E-19 4.758E-19 4.654E-19 4.542E-19 4.484E-19 4.491E-19
 4.490E-19 4.462E-19 4.438E-19 4.466E-19 4.476E-19 4.458E-19 4.416E-19 4.337E-19 4.331E-19 4.409E-19
 4.407E-19 4.415E-19 4.421E-19 4.395E-19 4.358E-19 4.197E-19 4.010E-19 3.965E-19 4.052E-19 4.058E-19
 3.999E-19 4.047E-19 4.107E-19 4.143E-19 4.133E-19 4.038E-19 3.896E-19 3.842E-19 3.821E-19 3.844E-19
 3.872E-19 3.826E-19 3.789E-19 3.706E-19 3.794E-19 3.888E-19 3.799E-19 3.712E-19 3.678E-19 3.608E-19
 3.603E-19 3.650E-19 3.651E-19 3.632E-19 3.542E-19 3.499E-19 3.490E-19 3.417E-19 3.411E-19 3.419E-19
 3.364E-19 3.318E-19 3.294E-19 3.241E-19 3.210E-19 3.203E-19 3.169E-19 3.183E-19 3.240E-19 3.152E-19
 3.089E-19 3.113E-19 3.112E-19 3.108E-19 2.990E-19 2.974E-19 3.051E-19 3.042E-19 2.981E-19 2.967E-19
 2.976E-19 2.998E-19 3.044E-19 3.045E-19 2.966E-19 2.908E-19 2.836E-19 2.760E-19 2.722E-19 2.774E-19
 2.796E-19 2.755E-19 2.726E-19 2.645E-19 2.604E-19 2.608E-19 2.577E-19 2.584E-19 2.568E-19 2.541E-19
 2.584E-19 2.548E-19 2.457E-19 2.434E-19 2.444E-19 2.420E-19 2.439E-19 2.518E-19 2.503E-19 2.400E-19
 2.382E-19 2.398E-19 2.404E-19 2.304E-19 2.210E-19 2.232E-19 2.298E-19 2.297E-19 2.222E-19 2.166E-19
 2.154E-19 2.137E-19 2.140E-19 2.166E-19 2.163E-19 2.151E-19 2.101E-19 2.030E-19 2.022E-19 1.986E-19
 1.949E-19 1.993E-19 2.019E-19 2.004E-19 2.032E-19 2.009E-19 1.970E-19 1.963E-19 1.878E-19 1.831E-19
 1.916E-19 1.913E-19 1.871E-19 1.844E-19 1.844E-19 1.840E-19 1.761E-19 1.706E-19 1.673E-19 1.679E-19
 1.666E-19 1.698E-19 1.751E-19 1.715E-19 1.668E-19 1.631E-19 1.594E-19 1.534E-19 1.490E-19 1.551E-19
 1.618E-19 1.595E-19 1.567E-19 1.578E-19 1.605E-19 1.570E-19 1.459E-19 1.396E-19 1.377E-19 1.354E-19
 1.346E-19 1.396E-19 1.366E-19 1.354E-19 1.345E-19 1.326E-19 1.291E-19 1.305E-19 1.310E-19 1.320E-19
 1.393E-19 1.330E-19 1.289E-19 1.277E-19 1.234E-19 1.229E-19 1.215E-19 1.206E-19 1.215E-19 1.189E-19
 1.226E-19 1.351E-19 1.314E-19 1.220E-19 1.205E-19 1.221E-19 1.205E-19 1.183E-19 1.219E-19 1.231E-19
 1.193E-19 1.121E-19 1.085E-19 1.035E-19 9.823E-20 1.014E-19 1.052E-19 1.037E-19 9.789E-20 9.716E-20
 9.627E-20 9.691E-20 1.025E-19 9.399E-20 8.081E-20 7.615E-20 8.062E-20 8.589E-20 9.041E-20 9.576E-20
 9.574E-20 9.207E-20 8.766E-20 8.846E-20 8.238E-20 8.088E-20 8.594E-20 8.742E-20 8.680E-20 8.792E-20
 8.708E-20 8.032E-20 8.109E-20 8.334E-20 8.253E-20 8.265E-20 7.559E-20 7.225E-20 7.439E-20 7.526E-20
 6.992E-20 7.067E-20 7.028E-20 6.549E-20 6.686E-20 6.882E-20 6.979E-20 6.904E-20 6.585E-20 5.478E-20
 5.559E-20 5.577E-20 5.467E-20 5.541E-20 5.589E-20 5.790E-20 6.232E-20 6.297E-20 5.370E-20 5.471E-20
 5.814E-20 5.421E-20 5.376E-20 5.026E-20 5.730E-20 6.313E-20 5.988E-20 5.794E-20 5.991E-20 6.243E-20
 5.825E-20 5.297E-20 5.784E-20 5.666E-20 4.595E-20 4.742E-20 5.386E-20 5.403E-20 5.792E-20 6.098E-20
 5.664E-20 4.836E-20 4.349E-20 3.858E-20 3.667E-20 3.947E-20 4.278E-20 4.349E-20 3.916E-20 3.649E-20
 4.548E-20 4.886E-20 3.597E-20 3.725E-20 4.154E-20 4.027E-20 3.706E-20 3.117E-20 3.232E-20 4.040E-20
 4.230E-20 4.026E-20 4.113E-20 3.973E-20 4.424E-20 4.661E-20 3.542E-20 3.038E-20 2.997E-20 3.219E-20
