    C2ClF5 1167.0100 1259.9920      6269  253.0000    0.0000 3.752E-18  NCAR    CFC-115
 6.313E-20 6.007E-20 5.048E-20 5.083E-20 5.946E-20 6.582E-20 6.956E-20 6.511E-20 5.822E-20 5.356E-20
 5.716E-20 6.173E-20 6.357E-20 6.280E-20 5.598E-20 5.385E-20 5.187E-20 5.610E-20 6.821E-20 7.183E-20
 6.519E-20 6.142E-20 6.370E-20 6.561E-20 6.773E-20 7.034E-20 7.193E-20 6.855E-20 6.592E-20 6.589E-20
 6.582E-20 6.401E-20 6.117E-20 5.787E-20 5.900E-20 6.965E-20 7.699E-20 7.207E-20 6.048E-20 5.749E-20
 6.305E-20 6.801E-20 7.037E-20 7.051E-20 7.257E-20 7.267E-20 7.150E-20 7.157E-20 7.355E-20 7.470E-20
 6.652E-20 6.399E-20 6.801E-20 7.378E-20 7.719E-20 7.969E-20 7.904E-20 6.609E-20 6.461E-20 6.698E-20
 6.464E-20 6.865E-20 6.994E-20 6.582E-20 7.000E-20 7.160E-20 6.369E-20 6.184E-20 6.807E-20 7.155E-20
 7.260E-20 7.642E-20 8.363E-20 8.526E-20 8.047E-20 7.702E-20 7.443E-20 7.373E-20 7.836E-20 8.189E-20
 8.493E-20 8.771E-20 8.781E-20 8.913E-20 9.449E-20 8.738E-20 8.107E-20 8.798E-20 8.964E-20 9.032E-20
 9.251E-20 8.943E-20 8.733E-20 9.178E-20 9.863E-20 9.963E-20 8.656E-20 8.248E-20 8.967E-20 9.222E-20
 9.171E-20 9.341E-20 9.586E-20 9.576E-20 9.438E-20 9.200E-20 9.355E-20 9.544E-20 9.249E-20 8.742E-20
 9.190E-20 9.874E-20 9.746E-20 9.291E-20 9.572E-20 9.776E-20 9.581E-20 9.890E-20 1.035E-19 1.028E-19
 9.482E-20 9.317E-20 9.327E-20 9.684E-20 1.027E-19 1.074E-19 1.048E-19 9.900E-20 1.034E-19 1.145E-19
 1.161E-19 1.144E-19 1.137E-19 1.132E-19 1.128E-19 1.109E-19 1.039E-19 1.022E-19 1.086E-19 1.255E-19
 1.258E-19 1.095E-19 1.082E-19 1.145E-19 1.199E-19 1.198E-19 1.275E-19 1.350E-19 1.261E-19 1.192E-19
 1.226E-19 1.167E-19 1.112E-19 1.161E-19 1.220E-19 1.200E-19 1.215E-19 1.313E-19 1.323E-19 1.243E-19
 1.160E-19 1.136E-19 1.146E-19 1.218E-19 1.269E-19 1.289E-19 1.248E-19 1.207E-19 1.238E-19 1.241E-19
 1.205E-19 1.245E-19 1.260E-19 1.265E-19 1.320E-19 1.359E-19 1.317E-19 1.223E-19 1.234E-19 1.272E-19
 1.278E-19 1.261E-19 1.317E-19 1.328E-19 1.293E-19 1.321E-19 1.375E-19 1.408E-19 1.437E-19 1.410E-19
 1.431E-19 1.396E-19 1.425E-19 1.474E-19 1.406E-19 1.335E-19 1.356E-19 1.408E-19 1.423E-19 1.409E-19
 1.438E-19 1.464E-19 1.531E-19 1.604E-19 1.593E-19 1.512E-19 1.423E-19 1.390E-19 1.429E-19 1.540E-19
 1.542E-19 1.479E-19 1.469E-19 1.531E-19 1.572E-19 1.534E-19 1.500E-19 1.473E-19 1.536E-19 1.615E-19
 1.598E-19 1.577E-19 1.571E-19 1.577E-19 1.508E-19 1.461E-19 1.495E-19 1.559E-19 1.609E-19 1.669E-19
 1.659E-19 1.631E-19 1.638E-19 1.622E-19 1.650E-19 1.636E-19 1.608E-19 1.626E-19 1.668E-19 1.685E-19
 1.643E-19 1.623E-19 1.629E-19 1.676E-19 1.679E-19 1.714E-19 1.771E-19 1.814E-19 1.843E-19 1.840E-19
 1.840E-19 1.819E-19 1.796E-19 1.782E-19 1.713E-19 1.750E-19 1.743E-19 1.741E-19 1.787E-19 1.787E-19
 1.798E-19 1.750E-19 1.766E-19 1.844E-19 1.876E-19 1.877E-19 1.914E-19 1.972E-19 1.973E-19 1.923E-19
 1.911E-19 1.884E-19 1.831E-19 1.799E-19 1.867E-19 1.937E-19 1.933E-19 1.947E-19 2.003E-19 2.035E-19
 2.019E-19 2.018E-19 2.039E-19 2.130E-19 2.205E-19 2.151E-19 2.078E-19 2.092E-19 2.090E-19 2.042E-19
 2.083E-19 2.139E-19 2.086E-19 2.076E-19 2.101E-19 2.111E-19 2.125E-19 2.150E-19 2.198E-19 2.217E-19
 2.190E-19 2.162E-19 2.206E-19 2.274E-19 2.292E-19 2.246E-19 2.179E-19 2.197E-19 2.302E-19 2.336E-19
 2.384E-19 2.405E-19 2.331E-19 2.278E-19 2.283E-19 2.316E-19 2.316E-19 2.290E-19 2.280E-19 2.291E-19
 2.343E-19 2.369E-19 2.357E-19 2.363E-19 2.378E-19 2.350E-19 2.360E-19 2.391E-19 2.490E-19 2.454E-19
 2.329E-19 2.375E-19 2.411E-19 2.322E-19 2.289E-19 2.402E-19 2.483E-19 2.432E-19 2.429E-19 2.503E-19
 2.486E-19 2.491E-19 2.512E-19 2.486E-19 2.504E-19 2.567E-19 2.594E-19 2.528E-19 2.529E-19 2.549E-19
 2.495E-19 2.581E-19 2.698E-19 2.735E-19 2.633E-19 2.616E-19 2.663E-19 2.608E-19 2.535E-19 2.556E-19
 2.700E-19 2.798E-19 2.708E-19 2.651E-19 2.729E-19 2.782E-19 2.784E-19 2.761E-19 2.737E-19 2.783E-19
 2.826E-19 2.858E-19 2.884E-19 2.806E-19 2.755E-19 2.807E-19 2.872E-19 2.891E-19 2.875E-19 2.881E-19
 2.934E-19 2.961E-19 2.952E-19 2.855E-19 2.809E-19 2.901E-19 2.944E-19 2.887E-19 2.900E-19 2.961E-19
 3.037E-19 3.005E-19 2.917E-19 2.883E-19 2.894E-19 2.978E-19 3.038E-19 2.987E-19 2.965E-19 3.052E-19
 3.108E-19 3.086E-19 3.053E-19 3.076E-19 3.126E-19 3.093E-19 3.080E-19 3.100E-19 3.109E-19 3.122E-19
 3.067E-19 3.089E-19 3.124E-19 3.134E-19 3.103E-19 3.085E-19 3.123E-19 3.150E-19 3.224E-19 3.281E-19
 3.170E-19 3.061E-19 3.106E-19 3.147E-19 3.153E-19 3.250E-19 3.295E-19 3.275E-19 3.305E-19 3.351E-19
 3.305E-19 3.241E-19 3.266E-19 3.309E-19 3.301E-19 3.262E-19 3.238E-19 3.261E-19 3.365E-19 3.360E-19
 3.308E-19 3.309E-19 3.356E-19 3.377E-19 3.371E-19 3.412E-19 3.413E-19 3.426E-19 3.470E-19 3.505E-19
 3.533E-19 3.541E-19 3.587E-19 3.544E-19 3.499E-19 3.511E-19 3.477E-19 3.395E-19 3.399E-19 3.506E-19
 3.591E-19 3.594E-19 3.632E-19 3.635E-19 3.599E-19 3.600E-19 3.647E-19 3.686E-19 3.666E-19 3.698E-19
 3.688E-19 3.653E-19 3.635E-19 3.670E-19 3.698E-19 3.775E-19 3.864E-19 3.818E-19 3.747E-19 3.793E-19
 3.743E-19 3.707E-19 3.744E-19 3.791E-19 3.802E-19 3.784E-19 3.825E-19 3.878E-19 3.902E-19 3.942E-19
 3.864E-19 3.802E-19 3.779E-19 3.797E-19 3.885E-19 3.860E-19 3.875E-19 3.877E-19 3.844E-19 3.872E-19
 3.938E-19 3.958E-19 3.954E-19 3.936E-19 3.996E-19 4.058E-19 4.039E-19 4.045E-19 4.109E-19 4.113E-19
 4.057E-19 4.048E-19 4.113E-19 4.057E-19 3.963E-19 3.984E-19 4.056E-19 4.018E-19 3.999E-19 4.028E-19
 4.039E-19 3.977E-19 3.949E-19 4.059E-19 4.078E-19 4.124E-19 4.129E-19 4.073E-19 4.094E-19 4.146E-19
 4.168E-19 4.090E-19 4.095E-19 4.176E-19 4.216E-19 4.207E-19 4.276E-19 4.394E-19 4.354E-19 4.276E-19
 4.267E-19 4.276E-19 4.258E-19 4.246E-19 4.275E-19 4.298E-19 4.263E-19 4.205E-19 4.190E-19 4.226E-19
 4.306E-19 4.340E-19 4.309E-19 4.349E-19 4.350E-19 4.366E-19 4.391E-19 4.391E-19 4.369E-19 4.345E-19
 4.376E-19 4.396E-19 4.369E-19 4.417E-19 4.503E-19 4.467E-19 4.395E-19 4.454E-19 4.486E-19 4.445E-19
 4.437E-19 4.509E-19 4.540E-19 4.533E-19 4.612E-19 4.602E-19 4.545E-19 4.506E-19 4.468E-19 4.456E-19
 4.524E-19 4.642E-19 4.718E-19 4.723E-19 4.690E-19 4.716E-19 4.697E-19 4.631E-19 4.664E-19 4.694E-19
 4.655E-19 4.648E-19 4.631E-19 4.590E-19 4.607E-19 4.678E-19 4.689E-19 4.682E-19 4.771E-19 4.788E-19
 4.695E-19 4.705E-19 4.737E-19 4.693E-19 4.700E-19 4.738E-19 4.771E-19 4.778E-19 4.751E-19 4.752E-19
 4.757E-19 4.723E-19 4.742E-19 4.802E-19 4.766E-19 4.692E-19 4.706E-19 4.777E-19 4.823E-19 4.834E-19
 4.840E-19 4.868E-19 4.854E-19 4.794E-19 4.787E-19 4.782E-19 4.823E-19 4.848E-19 4.824E-19 4.846E-19
 4.882E-19 4.873E-19 4.874E-19 4.893E-19 4.903E-19 4.909E-19 4.961E-19 4.977E-19 4.981E-19 4.916E-19
 4.841E-19 4.845E-19 4.851E-19 4.849E-19 4.903E-19 4.978E-19 5.050E-19 5.075E-19 4.990E-19 4.961E-19
 4.941E-19 4.962E-19 5.003E-19 5.025E-19 5.075E-19 5.073E-19 5.027E-19 5.042E-19 5.035E-19 5.007E-19
 4.960E-19 4.962E-19 4.982E-19 4.991E-19 5.032E-19 5.144E-19 5.167E-19 5.094E-19 5.101E-19 5.142E-19
 5.115E-19 5.068E-19 5.083E-19 5.036E-19 5.070E-19 5.109E-19 5.066E-19 5.016E-19 5.001E-19 5.076E-19
 5.100E-19 5.117E-19 5.133E-19 5.116E-19 5.115E-19 5.095E-19 5.103E-19 5.029E-19 5.051E-19 5.112E-19
 5.164E-19 5.172E-19 5.141E-19 5.218E-19 5.191E-19 5.109E-19 5.070E-19 5.068E-19 5.018E-19 4.977E-19
 5.043E-19 5.085E-19 5.084E-19 5.053E-19 5.057E-19 5.154E-19 5.184E-19 5.164E-19 5.173E-19 5.093E-19
 5.053E-19 5.098E-19 5.091E-19 5.132E-19 5.213E-19 5.199E-19 5.130E-19 5.226E-19 5.252E-19 5.241E-19
 5.200E-19 5.245E-19 5.278E-19 5.141E-19 5.102E-19 5.125E-19 5.155E-19 5.241E-19 5.262E-19 5.238E-19
 5.272E-19 5.261E-19 5.170E-19 5.130E-19 5.176E-19 5.163E-19 5.147E-19 5.174E-19 5.249E-19 5.246E-19
 5.205E-19 5.245E-19 5.306E-19 5.248E-19 5.231E-19 5.273E-19 5.205E-19 5.191E-19 5.259E-19 5.265E-19
 5.238E-19 5.223E-19 5.237E-19 5.221E-19 5.243E-19 5.274E-19 5.219E-19 5.145E-19 5.240E-19 5.383E-19
 5.344E-19 5.247E-19 5.261E-19 5.306E-19 5.269E-19 5.312E-19 5.346E-19 5.251E-19 5.184E-19 5.198E-19
 5.253E-19 5.274E-19 5.221E-19 5.216E-19 5.220E-19 5.225E-19 5.304E-19 5.312E-19 5.355E-19 5.422E-19
 5.311E-19 5.186E-19 5.145E-19 5.260E-19 5.337E-19 5.302E-19 5.313E-19 5.316E-19 5.273E-19 5.297E-19
 5.334E-19 5.336E-19 5.314E-19 5.298E-19 5.304E-19 5.329E-19 5.433E-19 5.469E-19 5.316E-19 5.305E-19
 5.420E-19 5.402E-19 5.369E-19 5.387E-19 5.368E-19 5.243E-19 5.256E-19 5.328E-19 5.346E-19 5.349E-19
 5.440E-19 5.446E-19 5.352E-19 5.329E-19 5.343E-19 5.304E-19 5.278E-19 5.304E-19 5.308E-19 5.364E-19
 5.414E-19 5.384E-19 5.394E-19 5.473E-19 5.496E-19 5.426E-19 5.313E-19 5.341E-19 5.420E-19 5.390E-19
 5.360E-19 5.383E-19 5.419E-19 5.422E-19 5.425E-19 5.486E-19 5.420E-19 5.312E-19 5.374E-19 5.418E-19
 5.425E-19 5.483E-19 5.469E-19 5.374E-19 5.300E-19 5.286E-19 5.301E-19 5.385E-19 5.426E-19 5.379E-19
 5.398E-19 5.470E-19 5.442E-19 5.419E-19 5.497E-19 5.476E-19 5.398E-19 5.356E-19 5.420E-19 5.509E-19
 5.520E-19 5.499E-19 5.502E-19 5.471E-19 5.462E-19 5.476E-19 5.448E-19 5.434E-19 5.475E-19 5.528E-19
 5.528E-19 5.525E-19 5.539E-19 5.535E-19 5.563E-19 5.626E-19 5.585E-19 5.533E-19 5.475E-19 5.484E-19
 5.452E-19 5.444E-19 5.486E-19 5.477E-19 5.467E-19 5.440E-19 5.428E-19 5.471E-19 5.506E-19 5.487E-19
 5.486E-19 5.543E-19 5.610E-19 5.597E-19 5.509E-19 5.545E-19 5.666E-19 5.683E-19 5.658E-19 5.645E-19
 5.594E-19 5.485E-19 5.561E-19 5.660E-19 5.633E-19 5.554E-19 5.528E-19 5.577E-19 5.690E-19 5.713E-19
 5.614E-19 5.591E-19 5.636E-19 5.736E-19 5.743E-19 5.730E-19 5.741E-19 5.699E-19 5.654E-19 5.646E-19
 5.658E-19 5.610E-19 5.583E-19 5.640E-19 5.623E-19 5.667E-19 5.768E-19 5.727E-19 5.684E-19 5.766E-19
 5.758E-19 5.739E-19 5.742E-19 5.689E-19 5.617E-19 5.658E-19 5.725E-19 5.691E-19 5.753E-19 5.862E-19
 5.878E-19 5.848E-19 5.896E-19 5.958E-19 5.957E-19 5.997E-19 6.027E-19 5.935E-19 5.819E-19 5.821E-19
 5.956E-19 5.996E-19 5.945E-19 6.001E-19 6.010E-19 5.964E-19 5.984E-19 5.996E-19 6.033E-19 6.097E-19
 6.098E-19 5.974E-19 6.039E-19 6.150E-19 6.148E-19 6.087E-19 6.158E-19 6.223E-19 6.221E-19 6.252E-19
 6.246E-19 6.242E-19 6.280E-19 6.237E-19 6.202E-19 6.230E-19 6.238E-19 6.266E-19 6.340E-19 6.340E-19
 6.302E-19 6.302E-19 6.223E-19 6.203E-19 6.177E-19 6.205E-19 6.271E-19 6.266E-19 6.289E-19 6.330E-19
 6.336E-19 6.302E-19 6.239E-19 6.247E-19 6.284E-19 6.261E-19 6.255E-19 6.320E-19 6.345E-19 6.300E-19
 6.305E-19 6.326E-19 6.449E-19 6.531E-19 6.476E-19 6.505E-19 6.546E-19 6.542E-19 6.574E-19 6.652E-19
 6.611E-19 6.577E-19 6.662E-19 6.647E-19 6.583E-19 6.655E-19 6.662E-19 6.596E-19 6.640E-19 6.700E-19
 6.668E-19 6.685E-19 6.691E-19 6.654E-19 6.696E-19 6.855E-19 6.903E-19 6.890E-19 6.848E-19 6.919E-19
 7.027E-19 7.034E-19 7.008E-19 7.043E-19 7.104E-19 7.087E-19 7.092E-19 7.096E-19 7.090E-19 7.087E-19
 7.122E-19 7.193E-19 7.237E-19 7.277E-19 7.326E-19 7.333E-19 7.363E-19 7.376E-19 7.448E-19 7.539E-19
 7.590E-19 7.644E-19 7.663E-19 7.705E-19 7.695E-19 7.754E-19 7.841E-19 7.813E-19 7.831E-19 7.827E-19
 7.831E-19 7.860E-19 7.889E-19 7.889E-19 7.915E-19 8.068E-19 8.158E-19 8.148E-19 8.096E-19 8.074E-19
 8.168E-19 8.204E-19 8.175E-19 8.157E-19 8.142E-19 8.178E-19 8.283E-19 8.276E-19 8.189E-19 8.176E-19
 8.160E-19 8.120E-19 8.169E-19 8.202E-19 8.148E-19 8.134E-19 8.075E-19 8.001E-19 8.060E-19 8.081E-19
 8.036E-19 8.015E-19 8.076E-19 8.144E-19 8.163E-19 8.260E-19 8.350E-19 8.373E-19 8.387E-19 8.406E-19
 8.431E-19 8.395E-19 8.377E-19 8.345E-19 8.378E-19 8.355E-19 8.282E-19 8.349E-19 8.471E-19 8.576E-19
 8.654E-19 8.691E-19 8.695E-19 8.692E-19 8.741E-19 8.817E-19 8.839E-19 8.890E-19 8.975E-19 8.976E-19
 8.943E-19 9.028E-19 9.074E-19 8.993E-19 8.961E-19 9.093E-19 9.223E-19 9.277E-19 9.276E-19 9.306E-19
 9.481E-19 9.509E-19 9.452E-19 9.615E-19 9.760E-19 9.853E-19 9.958E-19 1.001E-18 1.002E-18 1.005E-18
 1.016E-18 1.024E-18 1.019E-18 1.018E-18 1.022E-18 1.032E-18 1.051E-18 1.061E-18 1.063E-18 1.070E-18
 1.078E-18 1.082E-18 1.090E-18 1.101E-18 1.095E-18 1.090E-18 1.084E-18 1.085E-18 1.107E-18 1.128E-18
 1.127E-18 1.119E-18 1.112E-18 1.110E-18 1.122E-18 1.127E-18 1.117E-18 1.097E-18 1.082E-18 1.088E-18
 1.105E-18 1.102E-18 1.099E-18 1.099E-18 1.104E-18 1.101E-18 1.079E-18 1.062E-18 1.050E-18 1.036E-18
 1.014E-18 9.799E-19 9.339E-19 8.969E-19 8.874E-19 8.853E-19 8.694E-19 8.627E-19 8.602E-19 8.603E-19
 8.717E-19 8.761E-19 8.776E-19 8.801E-19 8.860E-19 8.963E-19 8.996E-19 8.993E-19 9.035E-19 9.142E-19
 9.246E-19 9.339E-19 9.379E-19 9.504E-19 9.913E-19 1.010E-18 9.940E-19 9.847E-19 9.850E-19 9.875E-19
 9.861E-19 9.747E-19 9.750E-19 9.948E-19 1.003E-18 9.951E-19 9.912E-19 1.009E-18 1.034E-18 1.040E-18
 1.027E-18 1.028E-18 1.050E-18 1.058E-18 1.046E-18 1.041E-18 1.045E-18 1.046E-18 1.029E-18 1.008E-18
 1.007E-18 1.011E-18 1.008E-18 1.003E-18 1.010E-18 1.023E-18 1.030E-18 1.030E-18 1.029E-18 1.031E-18
 1.036E-18 1.042E-18 1.054E-18 1.040E-18 9.924E-19 9.668E-19 9.819E-19 9.871E-19 9.958E-19 1.021E-18
 1.046E-18 1.083E-18 1.108E-18 1.099E-18 1.082E-18 1.090E-18 1.105E-18 1.121E-18 1.138E-18 1.148E-18
 1.156E-18 1.170E-18 1.182E-18 1.201E-18 1.228E-18 1.242E-18 1.250E-18 1.257E-18 1.264E-18 1.277E-18
 1.262E-18 1.240E-18 1.243E-18 1.258E-18 1.279E-18 1.290E-18 1.281E-18 1.265E-18 1.245E-18 1.220E-18
 1.204E-18 1.187E-18 1.168E-18 1.127E-18 1.074E-18 1.038E-18 1.023E-18 1.007E-18 9.758E-19 9.338E-19
 9.110E-19 9.043E-19 8.673E-19 8.085E-19 7.355E-19 6.359E-19 5.394E-19 4.921E-19 4.765E-19 4.661E-19
 4.624E-19 4.644E-19 4.656E-19 4.681E-19 4.702E-19 4.603E-19 4.495E-19 4.472E-19 4.521E-19 4.563E-19
 4.591E-19 4.570E-19 4.480E-19 4.501E-19 4.568E-19 4.577E-19 4.623E-19 4.663E-19 4.625E-19 4.572E-19
 4.564E-19 4.600E-19 4.637E-19 4.703E-19 4.713E-19 4.698E-19 4.690E-19 4.659E-19 4.711E-19 4.709E-19
 4.687E-19 4.683E-19 4.691E-19 4.738E-19 4.743E-19 4.626E-19 4.581E-19 4.699E-19 4.764E-19 4.688E-19
 4.704E-19 4.801E-19 4.764E-19 4.590E-19 4.565E-19 4.609E-19 4.601E-19 4.621E-19 4.621E-19 4.585E-19
 4.564E-19 4.625E-19 4.607E-19 4.560E-19 4.519E-19 4.497E-19 4.537E-19 4.621E-19 4.578E-19 4.574E-19
 4.578E-19 4.504E-19 4.460E-19 4.464E-19 4.432E-19 4.380E-19 4.315E-19 4.311E-19 4.381E-19 4.526E-19
 4.497E-19 4.374E-19 4.330E-19 4.329E-19 4.335E-19 4.374E-19 4.366E-19 4.302E-19 4.396E-19 4.444E-19
 4.344E-19 4.257E-19 4.296E-19 4.334E-19 4.352E-19 4.361E-19 4.279E-19 4.201E-19 4.240E-19 4.291E-19
 4.261E-19 4.194E-19 4.173E-19 4.140E-19 4.177E-19 4.195E-19 4.177E-19 4.181E-19 4.170E-19 4.193E-19
 4.143E-19 4.053E-19 4.027E-19 4.080E-19 4.130E-19 4.158E-19 4.186E-19 4.177E-19 4.160E-19 4.094E-19
 4.073E-19 4.067E-19 4.106E-19 4.167E-19 4.161E-19 4.110E-19 4.036E-19 4.031E-19 4.065E-19 4.028E-19
 3.974E-19 3.963E-19 3.968E-19 3.944E-19 3.948E-19 4.007E-19 4.023E-19 3.954E-19 3.957E-19 3.991E-19
 3.923E-19 3.867E-19 3.864E-19 3.924E-19 4.004E-19 3.989E-19 3.933E-19 3.891E-19 3.895E-19 3.931E-19
 3.952E-19 3.945E-19 3.943E-19 3.927E-19 3.955E-19 3.982E-19 3.942E-19 3.930E-19 3.917E-19 3.935E-19
 3.887E-19 3.901E-19 3.972E-19 3.968E-19 3.949E-19 3.930E-19 3.890E-19 3.898E-19 3.965E-19 4.019E-19
 3.939E-19 3.843E-19 3.820E-19 3.841E-19 3.856E-19 3.906E-19 3.914E-19 3.881E-19 3.886E-19 3.854E-19
 3.903E-19 3.948E-19 3.931E-19 3.839E-19 3.818E-19 3.855E-19 3.844E-19 3.792E-19 3.870E-19 3.966E-19
 3.983E-19 3.974E-19 3.946E-19 3.972E-19 3.963E-19 3.887E-19 3.866E-19 3.957E-19 4.042E-19 4.019E-19
 3.972E-19 4.051E-19 4.048E-19 4.005E-19 3.980E-19 3.937E-19 3.875E-19 3.845E-19 3.836E-19 3.947E-19
 4.039E-19 4.018E-19 3.886E-19 3.844E-19 3.869E-19 3.890E-19 3.934E-19 3.964E-19 4.031E-19 4.038E-19
 4.020E-19 3.948E-19 3.969E-19 4.001E-19 3.987E-19 3.935E-19 3.919E-19 3.937E-19 4.005E-19 4.024E-19
 4.044E-19 4.019E-19 4.042E-19 4.098E-19 4.106E-19 4.083E-19 4.117E-19 4.120E-19 3.997E-19 4.004E-19
 4.029E-19 3.961E-19 3.864E-19 3.865E-19 3.890E-19 3.951E-19 3.973E-19 4.029E-19 4.044E-19 4.070E-19
 4.052E-19 3.964E-19 3.890E-19 3.989E-19 4.040E-19 4.021E-19 4.052E-19 4.054E-19 4.076E-19 4.021E-19
 4.013E-19 3.991E-19 4.007E-19 4.007E-19 4.022E-19 4.006E-19 3.977E-19 3.936E-19 4.007E-19 4.099E-19
 4.137E-19 4.115E-19 4.063E-19 4.048E-19 4.071E-19 4.132E-19 4.071E-19 4.001E-19 4.009E-19 4.014E-19
 4.018E-19 4.022E-19 4.068E-19 4.084E-19 3.984E-19 4.002E-19 4.069E-19 4.024E-19 3.920E-19 3.965E-19
 4.066E-19 4.059E-19 4.079E-19 4.052E-19 3.993E-19 4.017E-19 3.994E-19 3.957E-19 3.946E-19 3.906E-19
 3.917E-19 3.943E-19 4.019E-19 4.054E-19 4.038E-19 3.987E-19 3.898E-19 3.917E-19 3.937E-19 3.973E-19
 4.058E-19 4.124E-19 4.091E-19 4.052E-19 4.083E-19 4.101E-19 4.037E-19 4.077E-19 4.117E-19 4.070E-19
 3.977E-19 3.956E-19 3.996E-19 4.000E-19 3.964E-19 3.937E-19 3.951E-19 3.942E-19 4.013E-19 4.054E-19
 4.030E-19 4.038E-19 3.997E-19 3.959E-19 4.001E-19 4.029E-19 4.060E-19 4.113E-19 4.088E-19 3.978E-19
 4.000E-19 4.095E-19 4.052E-19 3.997E-19 4.030E-19 4.040E-19 4.034E-19 4.020E-19 4.035E-19 4.016E-19
 3.968E-19 3.950E-19 3.968E-19 3.997E-19 4.009E-19 4.015E-19 3.998E-19 3.920E-19 3.937E-19 3.959E-19
 3.996E-19 4.071E-19 4.029E-19 3.969E-19 3.917E-19 3.939E-19 3.950E-19 3.969E-19 3.903E-19 3.828E-19
 3.896E-19 3.886E-19 3.805E-19 3.833E-19 3.869E-19 3.856E-19 3.904E-19 3.951E-19 3.934E-19 3.890E-19
 3.837E-19 3.826E-19 3.874E-19 3.848E-19 3.820E-19 3.781E-19 3.756E-19 3.837E-19 3.858E-19 3.809E-19
 3.750E-19 3.735E-19 3.761E-19 3.777E-19 3.832E-19 3.808E-19 3.736E-19 3.820E-19 3.861E-19 3.806E-19
 3.771E-19 3.691E-19 3.604E-19 3.669E-19 3.797E-19 3.832E-19 3.867E-19 3.787E-19 3.680E-19 3.664E-19
 3.815E-19 3.926E-19 3.861E-19 3.796E-19 3.788E-19 3.709E-19 3.671E-19 3.680E-19 3.676E-19 3.746E-19
 3.751E-19 3.772E-19 3.773E-19 3.809E-19 3.832E-19 3.767E-19 3.729E-19 3.691E-19 3.651E-19 3.607E-19
 3.605E-19 3.668E-19 3.652E-19 3.596E-19 3.549E-19 3.605E-19 3.673E-19 3.634E-19 3.518E-19 3.484E-19
 3.574E-19 3.662E-19 3.651E-19 3.557E-19 3.560E-19 3.536E-19 3.501E-19 3.574E-19 3.605E-19 3.573E-19
 3.541E-19 3.529E-19 3.508E-19 3.424E-19 3.413E-19 3.468E-19 3.530E-19 3.554E-19 3.508E-19 3.474E-19
 3.534E-19 3.592E-19 3.530E-19 3.422E-19 3.352E-19 3.392E-19 3.434E-19 3.434E-19 3.411E-19 3.398E-19
 3.381E-19 3.321E-19 3.259E-19 3.310E-19 3.346E-19 3.285E-19 3.237E-19 3.248E-19 3.260E-19 3.302E-19
 3.336E-19 3.322E-19 3.231E-19 3.222E-19 3.259E-19 3.291E-19 3.335E-19 3.299E-19 3.296E-19 3.271E-19
 3.228E-19 3.251E-19 3.271E-19 3.237E-19 3.224E-19 3.217E-19 3.217E-19 3.139E-19 3.093E-19 3.122E-19
 3.158E-19 3.171E-19 3.156E-19 3.142E-19 3.190E-19 3.181E-19 3.155E-19 3.140E-19 3.118E-19 3.069E-19
 3.049E-19 3.143E-19 3.155E-19 3.045E-19 2.983E-19 3.004E-19 3.078E-19 3.045E-19 2.940E-19 2.956E-19
 3.025E-19 3.032E-19 2.936E-19 2.877E-19 2.878E-19 2.880E-19 2.885E-19 2.892E-19 2.842E-19 2.826E-19
 2.898E-19 2.920E-19 2.925E-19 2.953E-19 2.967E-19 2.915E-19 2.874E-19 2.899E-19 2.838E-19 2.726E-19
 2.760E-19 2.909E-19 2.972E-19 2.875E-19 2.778E-19 2.747E-19 2.741E-19 2.726E-19 2.746E-19 2.798E-19
 2.745E-19 2.811E-19 2.818E-19 2.793E-19 2.799E-19 2.792E-19 2.799E-19 2.795E-19 2.738E-19 2.709E-19
 2.723E-19 2.669E-19 2.638E-19 2.720E-19 2.708E-19 2.655E-19 2.633E-19 2.566E-19 2.587E-19 2.679E-19
 2.726E-19 2.668E-19 2.646E-19 2.609E-19 2.571E-19 2.561E-19 2.573E-19 2.614E-19 2.649E-19 2.596E-19
 2.569E-19 2.631E-19 2.623E-19 2.589E-19 2.519E-19 2.476E-19 2.499E-19 2.511E-19 2.535E-19 2.485E-19
 2.482E-19 2.480E-19 2.437E-19 2.440E-19 2.466E-19 2.437E-19 2.415E-19 2.429E-19 2.415E-19 2.402E-19
 2.458E-19 2.503E-19 2.446E-19 2.419E-19 2.413E-19 2.380E-19 2.419E-19 2.490E-19 2.458E-19 2.344E-19
 2.291E-19 2.304E-19 2.310E-19 2.362E-19 2.398E-19 2.340E-19 2.302E-19 2.258E-19 2.312E-19 2.372E-19
 2.354E-19 2.301E-19 2.261E-19 2.260E-19 2.341E-19 2.362E-19 2.258E-19 2.225E-19 2.225E-19 2.265E-19
 2.277E-19 2.252E-19 2.219E-19 2.220E-19 2.218E-19 2.214E-19 2.177E-19 2.143E-19 2.138E-19 2.208E-19
 2.273E-19 2.264E-19 2.242E-19 2.225E-19 2.152E-19 2.094E-19 2.038E-19 2.081E-19 2.116E-19 2.032E-19
 1.954E-19 1.972E-19 2.014E-19 2.048E-19 2.036E-19 1.970E-19 1.941E-19 1.964E-19 2.025E-19 2.034E-19
 1.989E-19 1.910E-19 1.917E-19 1.989E-19 2.084E-19 2.053E-19 1.993E-19 1.995E-19 1.990E-19 1.975E-19
 1.980E-19 1.967E-19 1.936E-19 1.933E-19 1.894E-19 1.902E-19 1.918E-19 1.883E-19 1.879E-19 1.944E-19
 1.991E-19 1.958E-19 1.907E-19 1.941E-19 1.981E-19 1.902E-19 1.792E-19 1.762E-19 1.808E-19 1.852E-19
 1.849E-19 1.788E-19 1.724E-19 1.697E-19 1.815E-19 1.894E-19 1.894E-19 1.882E-19 1.881E-19 1.877E-19
 1.884E-19 1.838E-19 1.780E-19 1.747E-19 1.734E-19 1.761E-19 1.734E-19 1.761E-19 1.794E-19 1.816E-19
 1.772E-19 1.773E-19 1.782E-19 1.719E-19 1.645E-19 1.601E-19 1.578E-19 1.601E-19 1.628E-19 1.687E-19
 1.667E-19 1.636E-19 1.654E-19 1.633E-19 1.595E-19 1.598E-19 1.604E-19 1.576E-19 1.580E-19 1.677E-19
 1.644E-19 1.502E-19 1.471E-19 1.528E-19 1.571E-19 1.540E-19 1.605E-19 1.605E-19 1.612E-19 1.609E-19
 1.536E-19 1.514E-19 1.552E-19 1.554E-19 1.567E-19 1.628E-19 1.666E-19 1.646E-19 1.605E-19 1.565E-19
 1.564E-19 1.592E-19 1.569E-19 1.515E-19 1.479E-19 1.483E-19 1.475E-19 1.457E-19 1.529E-19 1.560E-19
 1.494E-19 1.466E-19 1.452E-19 1.404E-19 1.416E-19 1.440E-19 1.447E-19 1.472E-19 1.469E-19 1.423E-19
 1.405E-19 1.474E-19 1.513E-19 1.552E-19 1.566E-19 1.476E-19 1.395E-19 1.346E-19 1.308E-19 1.348E-19
 1.426E-19 1.431E-19 1.402E-19 1.387E-19 1.417E-19 1.436E-19 1.326E-19 1.281E-19 1.393E-19 1.417E-19
 1.360E-19 1.328E-19 1.342E-19 1.367E-19 1.356E-19 1.368E-19 1.360E-19 1.341E-19 1.379E-19 1.396E-19
 1.412E-19 1.458E-19 1.464E-19 1.358E-19 1.327E-19 1.343E-19 1.313E-19 1.327E-19 1.285E-19 1.320E-19
 1.422E-19 1.448E-19 1.439E-19 1.496E-19 1.444E-19 1.310E-19 1.263E-19 1.293E-19 1.310E-19 1.291E-19
 1.285E-19 1.256E-19 1.250E-19 1.275E-19 1.204E-19 1.197E-19 1.208E-19 1.167E-19 1.203E-19 1.268E-19
 1.297E-19 1.321E-19 1.264E-19 1.199E-19 1.184E-19 1.138E-19 1.145E-19 1.202E-19 1.292E-19 1.308E-19
 1.252E-19 1.244E-19 1.292E-19 1.284E-19 1.297E-19 1.285E-19 1.228E-19 1.233E-19 1.220E-19 1.165E-19
 1.171E-19 1.289E-19 1.309E-19 1.246E-19 1.156E-19 1.128E-19 1.215E-19 1.233E-19 1.193E-19 1.166E-19
 1.175E-19 1.195E-19 1.198E-19 1.262E-19 1.270E-19 1.218E-19 1.207E-19 1.277E-19 1.302E-19 1.274E-19
 1.293E-19 1.281E-19 1.263E-19 1.233E-19 1.234E-19 1.304E-19 1.315E-19 1.285E-19 1.265E-19 1.175E-19
 1.095E-19 1.074E-19 1.106E-19 1.186E-19 1.177E-19 1.118E-19 1.152E-19 1.205E-19 1.242E-19 1.221E-19
 1.201E-19 1.209E-19 1.244E-19 1.254E-19 1.223E-19 1.143E-19 1.057E-19 1.010E-19 1.047E-19 1.086E-19
 1.180E-19 1.246E-19 1.213E-19 1.234E-19 1.290E-19 1.316E-19 1.264E-19 1.163E-19 1.066E-19 1.115E-19
 1.207E-19 1.247E-19 1.183E-19 1.161E-19 1.183E-19 1.150E-19 1.184E-19 1.216E-19 1.181E-19 1.141E-19
 1.121E-19 1.126E-19 1.127E-19 1.103E-19 1.093E-19 1.070E-19 1.049E-19 1.066E-19 1.119E-19 1.123E-19
 1.174E-19 1.211E-19 1.186E-19 1.138E-19 1.120E-19 1.129E-19 1.133E-19 1.148E-19 1.099E-19 1.041E-19
 1.078E-19 1.113E-19 1.084E-19 1.060E-19 1.091E-19 1.065E-19 1.039E-19 1.090E-19 1.007E-19 9.879E-20
 1.037E-19 1.009E-19 9.940E-20 9.960E-20 9.521E-20 9.616E-20 1.005E-19 9.926E-20 1.009E-19 1.035E-19
 1.084E-19 1.100E-19 1.067E-19 9.799E-20 9.056E-20 8.761E-20 8.891E-20 9.797E-20 9.826E-20 9.299E-20
 9.987E-20 1.049E-19 1.020E-19 9.946E-20 9.527E-20 1.010E-19 1.006E-19 8.833E-20 8.482E-20 1.055E-19
 1.139E-19 1.027E-19 9.375E-20 9.050E-20 9.720E-20 9.486E-20 9.239E-20 9.979E-20 1.045E-19 1.041E-19
 9.692E-20 9.492E-20 1.001E-19 1.012E-19 9.642E-20 9.696E-20 1.035E-19 1.020E-19 9.632E-20 8.560E-20
 8.278E-20 8.859E-20 9.091E-20 9.727E-20 9.859E-20 9.631E-20 9.810E-20 9.723E-20 9.186E-20 8.708E-20
 8.761E-20 9.065E-20 8.764E-20 8.945E-20 9.689E-20 9.632E-20 9.408E-20 9.729E-20 9.489E-20 9.025E-20
 8.962E-20 9.006E-20 9.060E-20 9.686E-20 1.002E-19 9.395E-20 9.420E-20 9.652E-20 9.565E-20 9.500E-20
 9.650E-20 9.622E-20 8.915E-20 8.798E-20 9.823E-20 1.020E-19 9.452E-20 9.208E-20 9.142E-20 8.326E-20
 8.139E-20 8.673E-20 8.763E-20 8.397E-20 8.615E-20 8.110E-20 7.558E-20 7.887E-20 8.240E-20 8.878E-20
 8.815E-20 8.637E-20 9.207E-20 9.208E-20 9.162E-20 8.825E-20 8.430E-20 8.132E-20 7.966E-20 8.286E-20
 9.252E-20 9.907E-20 9.799E-20 9.199E-20 9.471E-20 1.010E-19 9.521E-20 9.244E-20 9.084E-20 9.168E-20
 9.473E-20 9.865E-20 1.005E-19 9.899E-20 9.613E-20 9.190E-20 9.152E-20 9.744E-20 9.378E-20 8.586E-20
 8.492E-20 8.072E-20 7.167E-20 7.646E-20 8.932E-20 8.917E-20 8.843E-20 9.181E-20 9.088E-20 9.304E-20
 9.721E-20 9.316E-20 8.868E-20 8.635E-20 8.993E-20 9.422E-20 9.294E-20 8.801E-20 8.877E-20 8.972E-20
 9.161E-20 9.016E-20 8.207E-20 8.238E-20 8.916E-20 9.014E-20 8.806E-20 9.534E-20 9.119E-20 8.064E-20
 8.381E-20 8.021E-20 7.497E-20 8.025E-20 8.928E-20 9.216E-20 8.747E-20 7.562E-20 7.276E-20 8.077E-20
 8.003E-20 8.020E-20 8.677E-20 9.069E-20 8.682E-20 7.876E-20 7.440E-20 7.819E-20 8.040E-20 8.087E-20
 7.982E-20 7.530E-20 7.536E-20 8.101E-20 8.096E-20 8.512E-20 8.697E-20 8.758E-20 8.483E-20 8.647E-20
 8.253E-20 7.281E-20 7.411E-20 7.603E-20 8.403E-20 9.090E-20 8.987E-20 8.676E-20 8.836E-20 8.949E-20
 8.413E-20 8.490E-20 8.578E-20 7.856E-20 8.252E-20 8.596E-20 7.847E-20 7.768E-20 7.441E-20 6.318E-20
 6.401E-20 7.671E-20 8.734E-20 8.663E-20 8.305E-20 8.084E-20 7.755E-20 7.576E-20 8.245E-20 8.896E-20
 8.474E-20 7.985E-20 8.053E-20 8.065E-20 8.317E-20 8.562E-20 7.871E-20 7.612E-20 8.116E-20 8.197E-20
 8.960E-20 9.533E-20 9.364E-20 9.749E-20 1.041E-19 1.037E-19 9.156E-20 8.270E-20 8.279E-20 8.262E-20
 8.988E-20 9.538E-20 8.627E-20 8.035E-20 7.615E-20 7.645E-20 7.749E-20 8.511E-20 8.675E-20 8.115E-20
 8.138E-20 8.364E-20 8.378E-20 8.579E-20 8.539E-20 7.854E-20 7.684E-20 8.504E-20 9.157E-20 8.835E-20
 8.081E-20 7.692E-20 7.791E-20 7.352E-20 7.192E-20 8.030E-20 8.018E-20 7.410E-20 7.770E-20 8.162E-20
 8.687E-20 9.041E-20 8.550E-20 7.973E-20 8.159E-20 8.389E-20 8.500E-20 7.982E-20 7.593E-20 8.065E-20
 8.491E-20 8.457E-20 8.124E-20 8.477E-20 9.138E-20 8.842E-20 8.508E-20 8.278E-20 8.316E-20 8.724E-20
 8.338E-20 7.751E-20 7.867E-20 8.685E-20 8.532E-20 7.829E-20 8.009E-20 8.825E-20 9.090E-20 8.918E-20
 8.906E-20 8.705E-20 8.531E-20 7.661E-20 8.113E-20 8.695E-20 9.009E-20 9.204E-20 9.138E-20 9.045E-20
 8.570E-20 7.967E-20 8.282E-20 8.481E-20 8.814E-20 9.577E-20 9.501E-20 8.816E-20 8.859E-20 8.636E-20
 8.380E-20 9.100E-20 9.744E-20 9.429E-20 8.859E-20 9.126E-20 9.083E-20 8.443E-20 7.949E-20 8.302E-20
 8.218E-20 7.898E-20 8.065E-20 9.109E-20 9.319E-20 8.630E-20 8.715E-20 8.766E-20 8.239E-20 9.233E-20
 9.991E-20 1.012E-19 1.035E-19 9.457E-20 8.400E-20 8.283E-20 7.867E-20 7.954E-20 8.064E-20 7.694E-20
 8.075E-20 8.648E-20 8.789E-20 8.922E-20 8.931E-20 8.189E-20 7.994E-20 8.298E-20 8.122E-20 7.427E-20
 7.225E-20 7.675E-20 8.562E-20 8.581E-20 7.709E-20 7.822E-20 8.356E-20 8.464E-20 8.324E-20 8.409E-20
 7.982E-20 8.207E-20 9.220E-20 9.085E-20 8.518E-20 9.019E-20 9.475E-20 9.528E-20 8.989E-20 8.629E-20
 8.679E-20 8.799E-20 8.746E-20 8.707E-20 8.392E-20 8.505E-20 8.915E-20 8.940E-20 8.347E-20 7.816E-20
 8.239E-20 8.636E-20 8.810E-20 7.762E-20 7.545E-20 8.048E-20 8.146E-20 8.375E-20 8.131E-20 7.345E-20
 6.976E-20 7.276E-20 7.878E-20 8.259E-20 8.304E-20 8.764E-20 9.035E-20 8.757E-20 8.937E-20 9.095E-20
 8.535E-20 8.110E-20 7.624E-20 7.705E-20 8.276E-20 8.726E-20 8.506E-20 8.414E-20 8.855E-20 8.573E-20
 8.249E-20 8.329E-20 8.976E-20 9.604E-20 9.968E-20 9.250E-20 8.615E-20 8.292E-20 8.594E-20 8.917E-20
 8.440E-20 7.783E-20 7.806E-20 7.843E-20 8.420E-20 8.846E-20 8.253E-20 7.073E-20 7.277E-20 8.313E-20
 8.357E-20 8.057E-20 8.012E-20 8.713E-20 8.633E-20 8.137E-20 7.951E-20 7.831E-20 8.307E-20 8.309E-20
 7.721E-20 8.125E-20 8.836E-20 9.387E-20 9.197E-20 8.665E-20 8.293E-20 8.187E-20 8.398E-20 8.491E-20
 8.275E-20 7.994E-20 8.676E-20 9.007E-20 8.504E-20 8.341E-20 8.393E-20 8.123E-20 7.973E-20 8.341E-20
 8.438E-20 8.721E-20 8.835E-20 8.223E-20 7.946E-20 7.648E-20 7.577E-20 8.443E-20 8.544E-20 8.224E-20
 8.221E-20 8.591E-20 8.755E-20 8.153E-20 7.604E-20 7.681E-20 7.832E-20 7.506E-20 7.423E-20 7.802E-20
 8.210E-20 8.226E-20 7.885E-20 8.021E-20 7.823E-20 7.581E-20 7.746E-20 8.441E-20 9.505E-20 9.153E-20
 8.425E-20 8.258E-20 8.338E-20 8.129E-20 7.863E-20 8.034E-20 7.931E-20 7.918E-20 8.350E-20 9.114E-20
 8.704E-20 8.513E-20 8.509E-20 8.198E-20 7.925E-20 7.849E-20 7.979E-20 8.193E-20 8.434E-20 8.825E-20
 8.911E-20 8.293E-20 7.643E-20 7.260E-20 7.154E-20 6.787E-20 6.895E-20 7.037E-20 6.525E-20 5.883E-20
 6.102E-20 6.791E-20 7.149E-20 7.078E-20 7.610E-20 7.734E-20 7.365E-20 8.237E-20 8.675E-20 8.210E-20
 7.892E-20 7.673E-20 7.573E-20 7.285E-20 6.598E-20 6.418E-20 6.686E-20 6.648E-20 6.507E-20 7.372E-20
 7.806E-20 7.208E-20 7.348E-20 7.684E-20 7.995E-20 8.403E-20 8.339E-20 7.800E-20 7.291E-20 7.341E-20
 7.037E-20 6.460E-20 6.467E-20 7.102E-20 7.706E-20 7.453E-20 6.775E-20 6.910E-20 7.078E-20 6.616E-20
 6.451E-20 6.476E-20 7.419E-20 7.801E-20 7.480E-20 8.020E-20 8.546E-20 8.013E-20 7.757E-20 7.793E-20
 8.009E-20 7.707E-20 7.595E-20 7.889E-20 7.413E-20 7.065E-20 7.525E-20 7.209E-20 7.107E-20 7.165E-20
 7.165E-20 6.970E-20 6.697E-20 7.043E-20 6.819E-20 6.277E-20 5.545E-20 5.632E-20 6.300E-20 7.002E-20
 6.651E-20 6.398E-20 6.836E-20 7.274E-20 7.301E-20 6.711E-20 6.813E-20 7.312E-20 7.481E-20 6.910E-20
 6.766E-20 7.269E-20 6.979E-20 6.793E-20 6.475E-20 6.526E-20 7.052E-20 6.503E-20 5.811E-20 6.509E-20
 7.356E-20 7.490E-20 7.115E-20 6.677E-20 6.589E-20 6.460E-20 6.584E-20 6.975E-20 7.261E-20 7.164E-20
 6.585E-20 6.157E-20 6.338E-20 6.251E-20 6.069E-20 6.832E-20 7.543E-20 6.935E-20 6.677E-20 6.509E-20
 6.257E-20 6.772E-20 6.565E-20 6.440E-20 6.351E-20 5.857E-20 5.518E-20 5.869E-20 6.239E-20 6.232E-20
 5.873E-20 5.184E-20 5.235E-20 5.799E-20 6.456E-20 6.756E-20 6.258E-20 6.174E-20 6.282E-20 5.852E-20
 5.508E-20 5.530E-20 6.524E-20 6.340E-20 5.408E-20 5.102E-20 5.269E-20 6.080E-20 6.586E-20 6.836E-20
 6.372E-20 5.656E-20 5.317E-20 5.390E-20 5.584E-20 6.053E-20 6.207E-20 5.992E-20 5.652E-20 5.371E-20
 5.091E-20 5.192E-20 5.235E-20 5.269E-20 5.241E-20 5.877E-20 6.297E-20 6.144E-20 6.264E-20 5.745E-20
 5.536E-20 4.975E-20 4.388E-20 5.158E-20 6.287E-20 5.931E-20 5.441E-20 5.510E-20 5.637E-20 5.622E-20
 6.113E-20 6.421E-20 6.376E-20 6.354E-20 6.685E-20 6.687E-20 6.171E-20 5.568E-20 4.902E-20 4.930E-20
 5.342E-20 5.535E-20 5.429E-20 6.059E-20 6.846E-20 6.558E-20 5.457E-20 4.685E-20 5.037E-20 5.671E-20
 5.635E-20 5.978E-20 6.360E-20 6.363E-20 6.314E-20 6.082E-20 5.785E-20 6.164E-20 5.896E-20 5.550E-20
 6.162E-20 6.419E-20 6.826E-20 6.442E-20 5.506E-20 5.647E-20 6.065E-20 5.668E-20 5.601E-20 5.868E-20
 5.957E-20 5.623E-20 5.754E-20 5.915E-20 6.020E-20 6.220E-20 6.413E-20 6.637E-20 5.972E-20 5.406E-20
 5.819E-20 5.609E-20 4.536E-20 4.563E-20 4.998E-20 5.271E-20 5.310E-20 5.749E-20 6.146E-20 5.818E-20
 5.839E-20 5.728E-20 5.428E-20 5.603E-20 5.754E-20 5.136E-20 4.948E-20 5.499E-20 5.715E-20 6.107E-20
 6.247E-20 5.198E-20 4.585E-20 5.121E-20 5.100E-20 4.824E-20 4.657E-20 4.460E-20 4.583E-20 5.432E-20
 5.933E-20 5.583E-20 5.179E-20 5.096E-20 5.207E-20 5.059E-20 4.370E-20 4.616E-20 4.948E-20 4.768E-20
 4.923E-20 4.889E-20 5.079E-20 5.101E-20 5.240E-20 5.402E-20 5.247E-20 5.334E-20 5.371E-20 5.360E-20
 5.527E-20 5.391E-20 5.369E-20 5.769E-20 6.261E-20 6.914E-20 7.521E-20 6.472E-20 5.572E-20 5.738E-20
 5.237E-20 4.557E-20 4.090E-20 4.368E-20 5.256E-20 5.574E-20 5.354E-20 5.304E-20 5.672E-20 5.603E-20
 5.466E-20 5.648E-20 5.553E-20 5.323E-20 5.707E-20 5.703E-20 5.431E-20 5.333E-20 5.181E-20 4.977E-20
 5.037E-20 4.673E-20 4.897E-20 5.527E-20 5.086E-20 4.446E-20 4.268E-20 4.610E-20 4.217E-20 4.261E-20
 5.165E-20 5.594E-20 5.448E-20 6.204E-20 6.532E-20 5.987E-20 5.124E-20 4.725E-20 4.916E-20 5.297E-20
 6.054E-20 6.066E-20 5.815E-20 6.003E-20 6.130E-20 6.007E-20 5.365E-20 5.469E-20 5.456E-20 4.825E-20
 4.474E-20 4.985E-20 5.281E-20 5.116E-20 5.444E-20 5.649E-20 5.566E-20 5.253E-20 5.019E-20 5.445E-20
 6.602E-20 6.894E-20 5.696E-20 5.160E-20 5.814E-20 6.337E-20 6.585E-20 6.056E-20 5.620E-20 6.339E-20
 6.788E-20 6.832E-20 6.001E-20 5.174E-20 5.344E-20 5.546E-20 5.411E-20 5.081E-20 5.376E-20 5.437E-20
 5.276E-20 5.110E-20 5.556E-20 5.589E-20 5.293E-20 5.385E-20 5.831E-20 6.317E-20 6.497E-20 6.451E-20
 6.081E-20 5.842E-20 5.487E-20 5.531E-20 5.423E-20 5.296E-20 5.506E-20 5.375E-20 5.245E-20 5.385E-20
 5.475E-20 5.659E-20 5.810E-20 5.723E-20 6.156E-20 6.245E-20 5.973E-20 5.908E-20 6.095E-20 5.904E-20
 6.523E-20 7.139E-20 6.702E-20 5.423E-20 4.534E-20 5.541E-20 6.390E-20 6.257E-20 6.385E-20 6.407E-20
 6.100E-20 5.953E-20 6.012E-20 6.480E-20 6.714E-20 6.391E-20 6.019E-20 5.858E-20 5.713E-20 5.469E-20
 5.412E-20 5.793E-20 5.955E-20 5.628E-20 5.914E-20 6.497E-20 6.501E-20 6.176E-20 5.817E-20 5.522E-20
 5.267E-20 5.145E-20 5.126E-20 5.641E-20 6.364E-20 6.449E-20 5.995E-20 5.692E-20 5.176E-20 5.627E-20
 6.452E-20 6.221E-20 6.148E-20 5.884E-20 6.565E-20 7.612E-20 7.063E-20 6.566E-20 6.681E-20 6.239E-20
 5.583E-20 5.810E-20 6.254E-20 6.718E-20 6.576E-20 6.692E-20 6.525E-20 6.288E-20 6.566E-20 6.859E-20
 6.618E-20 6.294E-20 6.554E-20 6.858E-20 6.930E-20 6.188E-20 6.346E-20 6.516E-20 6.060E-20 5.977E-20
 5.960E-20 6.671E-20 7.242E-20 7.368E-20 7.141E-20 6.125E-20 5.142E-20 4.893E-20 4.665E-20 4.771E-20
 5.604E-20 5.846E-20 6.869E-20 7.165E-20 7.131E-20 7.336E-20 7.181E-20 7.297E-20 7.698E-20 8.109E-20
 8.137E-20 8.252E-20 7.980E-20 7.641E-20 7.703E-20 8.052E-20 7.815E-20 7.148E-20 6.705E-20 6.888E-20
 7.069E-20 6.864E-20 6.739E-20 6.806E-20 7.302E-20 7.457E-20 7.150E-20 7.463E-20 8.372E-20 8.810E-20
 8.149E-20 7.277E-20 6.598E-20 6.770E-20 6.626E-20 6.824E-20 7.468E-20 6.905E-20 6.662E-20 7.643E-20
 7.706E-20 7.912E-20 7.630E-20 6.494E-20 6.047E-20 6.660E-20 7.372E-20 7.049E-20 6.307E-20 5.895E-20
 6.104E-20 6.343E-20 7.027E-20 7.033E-20 6.365E-20 6.997E-20 7.221E-20 6.465E-20 6.103E-20 5.665E-20
 6.069E-20 6.579E-20 6.555E-20 7.010E-20 7.491E-20 7.097E-20 6.843E-20 6.585E-20 6.564E-20 6.166E-20
 5.434E-20 5.269E-20 5.425E-20 5.246E-20 4.924E-20 5.150E-20 5.986E-20 6.239E-20 6.151E-20 5.673E-20
 5.642E-20 6.119E-20 6.612E-20 6.390E-20 6.038E-20 5.997E-20 6.008E-20 6.144E-20 6.314E-20 6.235E-20
 6.043E-20 6.221E-20 6.451E-20 6.262E-20 6.966E-20 6.589E-20 5.686E-20 5.596E-20 5.720E-20 5.803E-20
 5.786E-20 6.036E-20 6.603E-20 6.786E-20 6.306E-20 6.383E-20 6.544E-20 6.593E-20 5.819E-20 5.290E-20
 6.113E-20 7.344E-20 7.043E-20 6.892E-20 7.056E-20 6.807E-20 6.392E-20 6.680E-20 6.610E-20 6.775E-20
 6.772E-20 6.072E-20 5.862E-20 6.023E-20 6.231E-20 6.170E-20 5.466E-20 4.476E-20 3.861E-20 4.286E-20
 5.509E-20 6.100E-20 5.639E-20 5.438E-20 5.728E-20 5.942E-20 5.530E-20 5.699E-20 6.108E-20 6.239E-20
 5.897E-20 6.012E-20 6.286E-20 5.462E-20 5.491E-20 6.142E-20 5.876E-20 5.840E-20 6.017E-20 5.495E-20
 5.119E-20 5.260E-20 5.429E-20 5.505E-20 5.461E-20 5.573E-20 5.334E-20 5.433E-20 6.134E-20 6.591E-20
 5.796E-20 5.366E-20 5.956E-20 6.088E-20 6.747E-20 6.766E-20 6.137E-20 6.411E-20 6.472E-20 6.036E-20
 6.348E-20 6.157E-20 5.946E-20 6.377E-20 6.643E-20 6.737E-20 7.019E-20 6.478E-20 6.630E-20 7.007E-20
 6.407E-20 6.179E-20 6.110E-20 5.787E-20 6.131E-20 6.549E-20 6.866E-20 6.493E-20 6.051E-20 6.072E-20
 6.245E-20 6.808E-20 7.275E-20 7.207E-20 7.495E-20 7.142E-20 6.904E-20 6.869E-20 6.508E-20 5.787E-20
 5.821E-20 6.529E-20 6.532E-20 6.899E-20 6.942E-20 6.792E-20 7.156E-20 6.822E-20 6.234E-20 6.120E-20
 6.062E-20 6.126E-20 6.193E-20 6.264E-20 6.863E-20 7.622E-20 6.861E-20 5.951E-20 6.111E-20 6.976E-20
 7.425E-20 7.356E-20 7.280E-20 7.523E-20 6.958E-20 6.918E-20 7.131E-20 7.248E-20 7.304E-20 7.304E-20
 7.911E-20 8.117E-20 7.921E-20 8.222E-20 7.767E-20 6.940E-20 6.974E-20 7.312E-20 7.478E-20 7.326E-20
 7.334E-20 7.441E-20 7.801E-20 7.760E-20 7.717E-20 7.333E-20 7.318E-20 8.303E-20 9.350E-20 9.152E-20
 8.535E-20 7.857E-20 7.350E-20 7.435E-20 7.675E-20 7.845E-20 8.164E-20 8.170E-20 8.354E-20 9.031E-20
 9.230E-20 8.653E-20 7.800E-20 7.774E-20 7.514E-20 7.424E-20 7.527E-20 7.985E-20 8.807E-20 9.495E-20
 9.526E-20 8.903E-20 8.451E-20 8.642E-20 8.148E-20 7.576E-20 8.107E-20 8.749E-20 8.884E-20 8.887E-20
 8.829E-20 8.559E-20 8.895E-20 8.842E-20 8.283E-20 8.360E-20 8.721E-20 9.084E-20 9.612E-20 9.360E-20
 8.591E-20 8.557E-20 8.647E-20 8.533E-20 8.086E-20 8.520E-20 9.744E-20 9.498E-20 8.603E-20 8.684E-20
 9.473E-20 9.618E-20 9.547E-20 9.555E-20 9.346E-20 9.363E-20 9.552E-20 9.441E-20 8.810E-20 8.583E-20
 9.258E-20 9.758E-20 9.456E-20 9.153E-20 9.357E-20 9.889E-20 1.030E-19 9.659E-20 9.413E-20 9.685E-20
 9.641E-20 9.712E-20 1.002E-19 1.004E-19 1.031E-19 1.020E-19 9.776E-20 9.933E-20 1.026E-19 1.051E-19
 1.008E-19 9.485E-20 9.308E-20 9.911E-20 1.073E-19 1.130E-19 1.097E-19 9.953E-20 9.684E-20 9.919E-20
 1.013E-19 1.065E-19 1.077E-19 1.099E-19 1.115E-19 1.085E-19 1.093E-19 1.106E-19 1.152E-19 1.182E-19
 1.085E-19 1.048E-19 1.149E-19 1.228E-19 1.200E-19 1.164E-19 1.127E-19 1.162E-19 1.234E-19 1.217E-19
 1.208E-19 1.159E-19 1.127E-19 1.162E-19 1.144E-19 1.120E-19 1.077E-19 1.063E-19 1.138E-19 1.188E-19
 1.174E-19 1.166E-19 1.187E-19 1.201E-19 1.205E-19 1.183E-19 1.153E-19 1.194E-19 1.239E-19 1.265E-19
 1.280E-19 1.265E-19 1.308E-19 1.340E-19 1.288E-19 1.230E-19 1.225E-19 1.273E-19 1.342E-19 1.336E-19
 1.357E-19 1.302E-19 1.207E-19 1.183E-19 1.119E-19 1.127E-19 1.215E-19 1.335E-19 1.458E-19 1.485E-19
 1.497E-19 1.442E-19 1.374E-19 1.370E-19 1.388E-19 1.361E-19 1.350E-19 1.310E-19 1.312E-19 1.362E-19
 1.412E-19 1.424E-19 1.359E-19 1.350E-19 1.348E-19 1.355E-19 1.370E-19 1.413E-19 1.399E-19 1.377E-19
 1.402E-19 1.442E-19 1.406E-19 1.405E-19 1.467E-19 1.518E-19 1.560E-19 1.573E-19 1.586E-19 1.559E-19
 1.469E-19 1.437E-19 1.421E-19 1.403E-19 1.426E-19 1.418E-19 1.387E-19 1.398E-19 1.530E-19 1.627E-19
 1.550E-19 1.445E-19 1.423E-19 1.461E-19 1.506E-19 1.603E-19 1.655E-19 1.605E-19 1.589E-19 1.563E-19
 1.577E-19 1.584E-19 1.542E-19 1.582E-19 1.572E-19 1.533E-19 1.556E-19 1.675E-19 1.784E-19 1.760E-19
 1.731E-19 1.686E-19 1.661E-19 1.660E-19 1.676E-19 1.688E-19 1.644E-19 1.639E-19 1.639E-19 1.590E-19
 1.585E-19 1.630E-19 1.648E-19 1.615E-19 1.585E-19 1.621E-19 1.676E-19 1.718E-19 1.741E-19 1.739E-19
 1.730E-19 1.707E-19 1.738E-19 1.757E-19 1.730E-19 1.782E-19 1.820E-19 1.741E-19 1.734E-19 1.788E-19
 1.880E-19 1.944E-19 1.941E-19 1.918E-19 1.873E-19 1.872E-19 1.889E-19 1.842E-19 1.821E-19 1.871E-19
 1.922E-19 1.965E-19 1.930E-19 1.885E-19 1.931E-19 1.910E-19 1.858E-19 1.859E-19 1.893E-19 1.961E-19
 1.993E-19 1.967E-19 1.904E-19 1.995E-19 2.022E-19 1.994E-19 2.016E-19 2.049E-19 2.149E-19 2.176E-19
 2.095E-19 2.090E-19 2.147E-19 2.150E-19 2.075E-19 2.015E-19 2.050E-19 2.155E-19 2.191E-19 2.187E-19
 2.222E-19 2.231E-19 2.203E-19 2.116E-19 2.138E-19 2.210E-19 2.195E-19 2.157E-19 2.215E-19 2.243E-19
 2.229E-19 2.280E-19 2.243E-19 2.176E-19 2.207E-19 2.298E-19 2.334E-19 2.298E-19 2.316E-19 2.344E-19
 2.338E-19 2.253E-19 2.148E-19 2.229E-19 2.347E-19 2.336E-19 2.324E-19 2.360E-19 2.386E-19 2.375E-19
 2.452E-19 2.463E-19 2.420E-19 2.397E-19 2.445E-19 2.434E-19 2.353E-19 2.445E-19 2.510E-19 2.532E-19
 2.542E-19 2.518E-19 2.472E-19 2.429E-19 2.479E-19 2.536E-19 2.558E-19 2.557E-19 2.540E-19 2.563E-19
 2.522E-19 2.490E-19 2.510E-19 2.567E-19 2.599E-19 2.575E-19 2.635E-19 2.655E-19 2.591E-19 2.597E-19
 2.611E-19 2.627E-19 2.673E-19 2.722E-19 2.710E-19 2.670E-19 2.703E-19 2.741E-19 2.720E-19 2.706E-19
 2.744E-19 2.782E-19 2.826E-19 2.878E-19 2.913E-19 2.930E-19 2.941E-19 2.942E-19 2.938E-19 2.953E-19
 2.972E-19 2.932E-19 2.898E-19 2.857E-19 2.849E-19 2.921E-19 2.907E-19 2.910E-19 2.904E-19 2.938E-19
 3.063E-19 3.099E-19 3.072E-19 3.058E-19 3.057E-19 3.032E-19 3.023E-19 3.054E-19 3.074E-19 3.086E-19
 3.108E-19 3.122E-19 3.130E-19 3.132E-19 3.112E-19 3.113E-19 3.106E-19 3.135E-19 3.210E-19 3.256E-19
 3.286E-19 3.241E-19 3.207E-19 3.158E-19 3.151E-19 3.205E-19 3.170E-19 3.152E-19 3.243E-19 3.322E-19
 3.365E-19 3.333E-19 3.321E-19 3.313E-19 3.278E-19 3.262E-19 3.314E-19 3.495E-19 3.551E-19 3.396E-19
 3.332E-19 3.375E-19 3.372E-19 3.396E-19 3.357E-19 3.319E-19 3.319E-19 3.330E-19 3.383E-19 3.415E-19
 3.440E-19 3.444E-19 3.369E-19 3.360E-19 3.474E-19 3.593E-19 3.596E-19 3.549E-19 3.552E-19 3.535E-19
 3.570E-19 3.631E-19 3.650E-19 3.696E-19 3.696E-19 3.665E-19 3.610E-19 3.667E-19 3.764E-19 3.780E-19
 3.761E-19 3.745E-19 3.720E-19 3.743E-19 3.773E-19 3.771E-19 3.738E-19 3.670E-19 3.676E-19 3.662E-19
 3.691E-19 3.803E-19 3.842E-19 3.834E-19 3.852E-19 3.825E-19 3.855E-19 3.914E-19 3.923E-19 3.932E-19
 3.931E-19 3.958E-19 4.025E-19 4.089E-19 4.063E-19 4.018E-19 4.073E-19 4.066E-19 4.033E-19 4.046E-19
 4.090E-19 4.111E-19 4.146E-19 4.210E-19 4.213E-19 4.133E-19 4.159E-19 4.196E-19 4.193E-19 4.096E-19
 4.044E-19 4.115E-19 4.173E-19 4.248E-19 4.259E-19 4.239E-19 4.195E-19 4.199E-19 4.224E-19 4.243E-19
 4.305E-19 4.378E-19 4.348E-19 4.298E-19 4.314E-19 4.321E-19 4.328E-19 4.359E-19 4.423E-19 4.492E-19
 4.572E-19 4.637E-19 4.571E-19 4.499E-19 4.507E-19 4.525E-19 4.517E-19 4.562E-19 4.622E-19 4.606E-19
 4.552E-19 4.515E-19 4.500E-19 4.487E-19 4.534E-19 4.609E-19 4.657E-19 4.651E-19 4.647E-19 4.633E-19
 4.678E-19 4.765E-19 4.723E-19 4.627E-19 4.597E-19 4.652E-19 4.627E-19 4.616E-19 4.658E-19 4.668E-19
 4.661E-19 4.756E-19 4.819E-19 4.715E-19 4.674E-19 4.789E-19 4.867E-19 4.823E-19 4.862E-19 4.956E-19
 4.909E-19 4.872E-19 4.919E-19 4.962E-19 4.948E-19 4.951E-19 5.033E-19 5.080E-19 5.005E-19 4.986E-19
 5.051E-19 5.046E-19 5.008E-19 5.058E-19 5.128E-19 5.086E-19 5.133E-19 5.153E-19 5.088E-19 5.117E-19
 5.130E-19 5.166E-19 5.180E-19 5.107E-19 5.086E-19 5.114E-19 5.245E-19 5.305E-19 5.272E-19 5.210E-19
 5.217E-19 5.240E-19 5.309E-19 5.378E-19 5.367E-19 5.357E-19 5.367E-19 5.370E-19 5.415E-19 5.439E-19
 5.406E-19 5.466E-19 5.473E-19 5.433E-19 5.547E-19 5.660E-19 5.668E-19 5.601E-19 5.532E-19 5.565E-19
 5.535E-19 5.555E-19 5.702E-19 5.717E-19 5.600E-19 5.578E-19 5.616E-19 5.625E-19 5.685E-19 5.743E-19
 5.710E-19 5.628E-19 5.673E-19 5.750E-19 5.772E-19 5.785E-19 5.740E-19 5.747E-19 5.789E-19 5.808E-19
 5.824E-19 5.895E-19 5.875E-19 5.791E-19 5.861E-19 5.936E-19 5.928E-19 5.897E-19 5.852E-19 5.919E-19
 6.005E-19 5.992E-19 5.958E-19 5.933E-19 5.922E-19 5.926E-19 5.931E-19 5.915E-19 5.923E-19 6.021E-19
 6.024E-19 5.991E-19 6.103E-19 6.172E-19 6.114E-19 6.091E-19 6.142E-19 6.127E-19 6.163E-19 6.231E-19
 6.206E-19 6.152E-19 6.178E-19 6.245E-19 6.246E-19 6.217E-19 6.255E-19 6.336E-19 6.320E-19 6.322E-19
 6.396E-19 6.367E-19 6.349E-19 6.481E-19 6.529E-19 6.487E-19 6.425E-19 6.436E-19 6.424E-19 6.414E-19
 6.507E-19 6.588E-19 6.499E-19 6.423E-19 6.471E-19 6.505E-19 6.591E-19 6.620E-19 6.634E-19 6.616E-19
 6.568E-19 6.570E-19 6.587E-19 6.638E-19 6.674E-19 6.739E-19 6.690E-19 6.582E-19 6.706E-19 6.727E-19
 6.669E-19 6.775E-19 6.856E-19 6.755E-19 6.687E-19 6.746E-19 6.743E-19 6.773E-19 6.852E-19 6.978E-19
 7.071E-19 6.993E-19 6.853E-19 6.874E-19 6.920E-19 6.968E-19 7.118E-19 7.077E-19 6.920E-19 6.907E-19
 7.012E-19 7.019E-19 7.041E-19 7.163E-19 7.142E-19 7.032E-19 7.063E-19 7.166E-19 7.235E-19 7.200E-19
 7.196E-19 7.264E-19 7.228E-19 7.146E-19 7.211E-19 7.295E-19 7.275E-19 7.244E-19 7.194E-19 7.140E-19
 7.212E-19 7.364E-19 7.418E-19 7.412E-19 7.466E-19 7.464E-19 7.448E-19 7.434E-19 7.435E-19 7.468E-19
 7.399E-19 7.488E-19 7.585E-19 7.554E-19 7.446E-19 7.485E-19 7.658E-19 7.672E-19 7.682E-19 7.693E-19
 7.619E-19 7.644E-19 7.724E-19 7.780E-19 7.823E-19 7.874E-19 7.828E-19 7.773E-19 7.785E-19 7.767E-19
 7.798E-19 7.830E-19 7.860E-19 7.801E-19 7.812E-19 7.881E-19 7.912E-19 7.895E-19 7.935E-19 8.036E-19
 7.963E-19 7.929E-19 7.931E-19 7.956E-19 8.024E-19 8.022E-19 8.097E-19 8.054E-19 7.949E-19 8.048E-19
 8.168E-19 8.172E-19 8.185E-19 8.253E-19 8.229E-19 8.200E-19 8.235E-19 8.259E-19 8.289E-19 8.282E-19
 8.308E-19 8.271E-19 8.282E-19 8.381E-19 8.428E-19 8.382E-19 8.423E-19 8.514E-19 8.449E-19 8.429E-19
 8.561E-19 8.575E-19 8.505E-19 8.561E-19 8.616E-19 8.621E-19 8.648E-19 8.700E-19 8.665E-19 8.670E-19
 8.770E-19 8.861E-19 8.831E-19 8.838E-19 8.860E-19 8.897E-19 8.992E-19 8.985E-19 8.894E-19 8.967E-19
 9.064E-19 8.991E-19 9.038E-19 9.181E-19 9.214E-19 9.154E-19 9.159E-19 9.206E-19 9.121E-19 9.128E-19
 9.305E-19 9.321E-19 9.206E-19 9.254E-19 9.354E-19 9.378E-19 9.491E-19 9.543E-19 9.400E-19 9.371E-19
 9.427E-19 9.469E-19 9.413E-19 9.475E-19 9.587E-19 9.567E-19 9.634E-19 9.745E-19 9.640E-19 9.578E-19
 9.729E-19 9.884E-19 9.881E-19 9.892E-19 9.976E-19 9.950E-19 9.929E-19 9.992E-19 9.988E-19 1.000E-18
 1.021E-18 1.026E-18 1.014E-18 1.023E-18 1.040E-18 1.032E-18 1.018E-18 1.022E-18 1.035E-18 1.038E-18
 1.049E-18 1.057E-18 1.048E-18 1.045E-18 1.060E-18 1.065E-18 1.066E-18 1.081E-18 1.084E-18 1.068E-18
 1.073E-18 1.085E-18 1.084E-18 1.089E-18 1.095E-18 1.093E-18 1.085E-18 1.087E-18 1.098E-18 1.100E-18
 1.118E-18 1.128E-18 1.120E-18 1.121E-18 1.129E-18 1.136E-18 1.140E-18 1.146E-18 1.146E-18 1.142E-18
 1.140E-18 1.144E-18 1.149E-18 1.161E-18 1.180E-18 1.174E-18 1.166E-18 1.187E-18 1.199E-18 1.193E-18
 1.191E-18 1.192E-18 1.184E-18 1.188E-18 1.209E-18 1.212E-18 1.210E-18 1.209E-18 1.213E-18 1.238E-18
 1.242E-18 1.228E-18 1.222E-18 1.232E-18 1.247E-18 1.251E-18 1.260E-18 1.276E-18 1.274E-18 1.274E-18
 1.287E-18 1.293E-18 1.292E-18 1.293E-18 1.293E-18 1.302E-18 1.309E-18 1.313E-18 1.322E-18 1.325E-18
 1.333E-18 1.336E-18 1.335E-18 1.343E-18 1.352E-18 1.357E-18 1.361E-18 1.366E-18 1.372E-18 1.384E-18
 1.386E-18 1.384E-18 1.380E-18 1.384E-18 1.392E-18 1.393E-18 1.395E-18 1.409E-18 1.429E-18 1.428E-18
 1.426E-18 1.433E-18 1.442E-18 1.446E-18 1.453E-18 1.461E-18 1.461E-18 1.462E-18 1.476E-18 1.496E-18
 1.498E-18 1.497E-18 1.506E-18 1.518E-18 1.519E-18 1.521E-18 1.530E-18 1.548E-18 1.562E-18 1.564E-18
 1.563E-18 1.568E-18 1.586E-18 1.592E-18 1.592E-18 1.604E-18 1.618E-18 1.616E-18 1.614E-18 1.625E-18
 1.641E-18 1.645E-18 1.654E-18 1.663E-18 1.668E-18 1.672E-18 1.685E-18 1.695E-18 1.696E-18 1.700E-18
 1.704E-18 1.714E-18 1.720E-18 1.725E-18 1.739E-18 1.751E-18 1.751E-18 1.749E-18 1.760E-18 1.779E-18
 1.788E-18 1.784E-18 1.787E-18 1.810E-18 1.822E-18 1.818E-18 1.821E-18 1.830E-18 1.845E-18 1.864E-18
 1.865E-18 1.860E-18 1.865E-18 1.871E-18 1.875E-18 1.877E-18 1.879E-18 1.887E-18 1.905E-18 1.922E-18
 1.926E-18 1.929E-18 1.932E-18 1.943E-18 1.942E-18 1.945E-18 1.958E-18 1.972E-18 1.993E-18 2.004E-18
 2.010E-18 2.026E-18 2.053E-18 2.064E-18 2.068E-18 2.079E-18 2.086E-18 2.081E-18 2.086E-18 2.107E-18
 2.124E-18 2.138E-18 2.163E-18 2.175E-18 2.167E-18 2.176E-18 2.192E-18 2.199E-18 2.201E-18 2.203E-18
 2.220E-18 2.243E-18 2.246E-18 2.247E-18 2.270E-18 2.281E-18 2.285E-18 2.309E-18 2.327E-18 2.331E-18
 2.344E-18 2.359E-18 2.370E-18 2.383E-18 2.389E-18 2.408E-18 2.425E-18 2.415E-18 2.416E-18 2.427E-18
 2.442E-18 2.463E-18 2.476E-18 2.486E-18 2.506E-18 2.523E-18 2.534E-18 2.539E-18 2.539E-18 2.536E-18
 2.539E-18 2.563E-18 2.580E-18 2.579E-18 2.594E-18 2.614E-18 2.637E-18 2.647E-18 2.645E-18 2.651E-18
 2.662E-18 2.663E-18 2.676E-18 2.698E-18 2.701E-18 2.703E-18 2.705E-18 2.711E-18 2.725E-18 2.732E-18
 2.732E-18 2.753E-18 2.774E-18 2.776E-18 2.776E-18 2.777E-18 2.790E-18 2.807E-18 2.813E-18 2.821E-18
 2.835E-18 2.849E-18 2.851E-18 2.862E-18 2.874E-18 2.896E-18 2.916E-18 2.907E-18 2.897E-18 2.897E-18
 2.901E-18 2.908E-18 2.921E-18 2.947E-18 2.964E-18 2.955E-18 2.954E-18 2.980E-18 2.986E-18 2.995E-18
 3.019E-18 3.023E-18 3.032E-18 3.052E-18 3.069E-18 3.085E-18 3.113E-18 3.136E-18 3.149E-18 3.166E-18
 3.182E-18 3.172E-18 3.182E-18 3.204E-18 3.226E-18 3.231E-18 3.218E-18 3.236E-18 3.267E-18 3.283E-18
 3.288E-18 3.282E-18 3.280E-18 3.292E-18 3.314E-18 3.346E-18 3.362E-18 3.359E-18 3.370E-18 3.345E-18
 3.318E-18 3.353E-18 3.373E-18 3.381E-18 3.418E-18 3.451E-18 3.454E-18 3.468E-18 3.485E-18 3.515E-18
 3.540E-18 3.546E-18 3.536E-18 3.543E-18 3.559E-18 3.563E-18 3.532E-18 3.502E-18 3.504E-18 3.508E-18
 3.532E-18 3.513E-18 3.484E-18 3.500E-18 3.489E-18 3.466E-18 3.460E-18 3.457E-18 3.461E-18 3.491E-18
 3.511E-18 3.519E-18 3.504E-18 3.489E-18 3.474E-18 3.458E-18 3.437E-18 3.400E-18 3.367E-18 3.338E-18
 3.310E-18 3.288E-18 3.292E-18 3.275E-18 3.250E-18 3.220E-18 3.186E-18 3.143E-18 3.090E-18 3.039E-18
 3.000E-18 2.968E-18 2.937E-18 2.892E-18 2.834E-18 2.787E-18 2.731E-18 2.672E-18 2.618E-18 2.569E-18
 2.525E-18 2.488E-18 2.461E-18 2.446E-18 2.437E-18 2.440E-18 2.446E-18 2.450E-18 2.449E-18 2.442E-18
 2.432E-18 2.421E-18 2.421E-18 2.419E-18 2.406E-18 2.393E-18 2.380E-18 2.365E-18 2.358E-18 2.359E-18
 2.359E-18 2.359E-18 2.353E-18 2.339E-18 2.324E-18 2.319E-18 2.320E-18 2.316E-18 2.328E-18 2.339E-18
 2.336E-18 2.332E-18 2.329E-18 2.328E-18 2.335E-18 2.351E-18 2.352E-18 2.343E-18 2.339E-18 2.336E-18
 2.334E-18 2.343E-18 2.364E-18 2.370E-18 2.368E-18 2.359E-18 2.365E-18 2.374E-18 2.374E-18 2.382E-18
 2.391E-18 2.394E-18 2.401E-18 2.398E-18 2.400E-18 2.411E-18 2.418E-18 2.432E-18 2.446E-18 2.444E-18
 2.438E-18 2.449E-18 2.466E-18 2.481E-18 2.492E-18 2.494E-18 2.503E-18 2.514E-18 2.501E-18 2.502E-18
 2.525E-18 2.544E-18 2.554E-18 2.554E-18 2.545E-18 2.538E-18 2.548E-18 2.557E-18 2.558E-18 2.583E-18
 2.604E-18 2.601E-18 2.598E-18 2.611E-18 2.617E-18 2.630E-18 2.659E-18 2.680E-18 2.682E-18 2.674E-18
 2.680E-18 2.688E-18 2.695E-18 2.708E-18 2.725E-18 2.736E-18 2.733E-18 2.733E-18 2.745E-18 2.769E-18
 2.792E-18 2.803E-18 2.803E-18 2.808E-18 2.818E-18 2.816E-18 2.831E-18 2.849E-18 2.857E-18 2.857E-18
 2.860E-18 2.864E-18 2.875E-18 2.894E-18 2.911E-18 2.920E-18 2.921E-18 2.942E-18 2.963E-18 2.970E-18
 2.972E-18 2.985E-18 2.997E-18 3.007E-18 3.031E-18 3.047E-18 3.035E-18 3.020E-18 3.025E-18 3.053E-18
 3.063E-18 3.071E-18 3.101E-18 3.102E-18 3.095E-18 3.096E-18 3.098E-18 3.093E-18 3.099E-18 3.130E-18
 3.149E-18 3.141E-18 3.154E-18 3.175E-18 3.176E-18 3.198E-18 3.225E-18 3.215E-18 3.199E-18 3.206E-18
 3.221E-18 3.209E-18 3.216E-18 3.257E-18 3.262E-18 3.241E-18 3.267E-18 3.293E-18 3.287E-18 3.301E-18
 3.315E-18 3.315E-18 3.300E-18 3.293E-18 3.323E-18 3.362E-18 3.354E-18 3.331E-18 3.340E-18 3.346E-18
 3.364E-18 3.387E-18 3.387E-18 3.390E-18 3.389E-18 3.396E-18 3.422E-18 3.436E-18 3.433E-18 3.451E-18
 3.446E-18 3.415E-18 3.423E-18 3.467E-18 3.487E-18 3.460E-18 3.477E-18 3.501E-18 3.473E-18 3.456E-18
 3.488E-18 3.526E-18 3.529E-18 3.521E-18 3.515E-18 3.495E-18 3.496E-18 3.507E-18 3.522E-18 3.542E-18
 3.566E-18 3.575E-18 3.546E-18 3.553E-18 3.599E-18 3.598E-18 3.573E-18 3.603E-18 3.613E-18 3.584E-18
 3.568E-18 3.592E-18 3.611E-18 3.603E-18 3.601E-18 3.592E-18 3.610E-18 3.634E-18 3.638E-18 3.633E-18
 3.634E-18 3.636E-18 3.644E-18 3.655E-18 3.658E-18 3.646E-18 3.639E-18 3.664E-18 3.678E-18 3.666E-18
 3.665E-18 3.666E-18 3.668E-18 3.699E-18 3.746E-18 3.715E-18 3.677E-18 3.669E-18 3.659E-18 3.693E-18
 3.728E-18 3.725E-18 3.695E-18 3.667E-18 3.669E-18 3.698E-18 3.735E-18 3.745E-18 3.717E-18 3.696E-18
 3.683E-18 3.713E-18 3.751E-18 3.739E-18 3.715E-18 3.708E-18 3.702E-18 3.730E-18 3.734E-18 3.712E-18
 3.701E-18 3.717E-18 3.737E-18 3.752E-18 3.740E-18 3.727E-18 3.694E-18 3.675E-18 3.700E-18 3.724E-18
 3.715E-18 3.655E-18 3.630E-18 3.672E-18 3.715E-18 3.721E-18 3.699E-18 3.668E-18 3.662E-18 3.670E-18
 3.675E-18 3.707E-18 3.735E-18 3.691E-18 3.672E-18 3.682E-18 3.664E-18 3.665E-18 3.687E-18 3.691E-18
 3.660E-18 3.627E-18 3.622E-18 3.625E-18 3.643E-18 3.664E-18 3.668E-18 3.642E-18 3.618E-18 3.611E-18
 3.650E-18 3.653E-18 3.631E-18 3.620E-18 3.585E-18 3.612E-18 3.664E-18 3.639E-18 3.606E-18 3.597E-18
 3.593E-18 3.620E-18 3.655E-18 3.638E-18 3.572E-18 3.554E-18 3.594E-18 3.582E-18 3.562E-18 3.529E-18
 3.491E-18 3.490E-18 3.510E-18 3.549E-18 3.570E-18 3.535E-18 3.511E-18 3.482E-18 3.459E-18 3.516E-18
 3.544E-18 3.493E-18 3.463E-18 3.437E-18 3.427E-18 3.459E-18 3.504E-18 3.485E-18 3.447E-18 3.446E-18
 3.439E-18 3.412E-18 3.405E-18 3.409E-18 3.388E-18 3.378E-18 3.397E-18 3.386E-18 3.347E-18 3.336E-18
 3.331E-18 3.307E-18 3.326E-18 3.352E-18 3.299E-18 3.269E-18 3.309E-18 3.320E-18 3.305E-18 3.292E-18
 3.248E-18 3.232E-18 3.246E-18 3.252E-18 3.232E-18 3.206E-18 3.196E-18 3.187E-18 3.189E-18 3.206E-18
 3.209E-18 3.189E-18 3.171E-18 3.169E-18 3.144E-18 3.125E-18 3.157E-18 3.169E-18 3.122E-18 3.087E-18
 3.074E-18 3.066E-18 3.088E-18 3.143E-18 3.091E-18 3.041E-18 3.038E-18 3.024E-18 3.026E-18 3.028E-18
 3.002E-18 2.966E-18 2.975E-18 2.992E-18 2.972E-18 2.943E-18 2.954E-18 2.960E-18 2.936E-18 2.937E-18
 2.921E-18 2.895E-18 2.891E-18 2.904E-18 2.884E-18 2.849E-18 2.852E-18 2.863E-18 2.850E-18 2.848E-18
 2.838E-18 2.835E-18 2.846E-18 2.818E-18 2.790E-18 2.776E-18 2.756E-18 2.756E-18 2.763E-18 2.739E-18
 2.705E-18 2.693E-18 2.687E-18 2.680E-18 2.689E-18 2.693E-18 2.671E-18 2.644E-18 2.625E-18 2.614E-18
 2.627E-18 2.618E-18 2.597E-18 2.589E-18 2.594E-18 2.599E-18 2.598E-18 2.575E-18 2.552E-18 2.532E-18
 2.542E-18 2.563E-18 2.565E-18 2.541E-18 2.515E-18 2.494E-18 2.481E-18 2.476E-18 2.471E-18 2.458E-18
 2.445E-18 2.446E-18 2.435E-18 2.431E-18 2.433E-18 2.416E-18 2.408E-18 2.391E-18 2.374E-18 2.392E-18
 2.415E-18 2.394E-18 2.367E-18 2.355E-18 2.346E-18 2.350E-18 2.361E-18 2.359E-18 2.349E-18 2.340E-18
 2.339E-18 2.337E-18 2.323E-18 2.306E-18 2.288E-18 2.287E-18 2.307E-18 2.295E-18 2.266E-18 2.260E-18
 2.263E-18 2.264E-18 2.266E-18 2.252E-18 2.222E-18 2.221E-18 2.232E-18 2.232E-18 2.221E-18 2.201E-18
 2.190E-18 2.178E-18 2.181E-18 2.202E-18 2.198E-18 2.185E-18 2.189E-18 2.187E-18 2.174E-18 2.169E-18
 2.168E-18 2.159E-18 2.155E-18 2.170E-18 2.192E-18 2.192E-18 2.172E-18 2.147E-18 2.143E-18 2.149E-18
 2.149E-18 2.144E-18 2.134E-18 2.126E-18 2.126E-18 2.139E-18 2.138E-18 2.146E-18 2.148E-18 2.133E-18
 2.132E-18 2.136E-18 2.126E-18 2.124E-18 2.127E-18 2.115E-18 2.112E-18 2.124E-18 2.113E-18 2.081E-18
 2.073E-18 2.098E-18 2.104E-18 2.110E-18 2.116E-18 2.111E-18 2.111E-18 2.133E-18 2.134E-18 2.127E-18
 2.135E-18 2.141E-18 2.141E-18 2.166E-18 2.186E-18 2.178E-18 2.185E-18 2.202E-18 2.205E-18 2.195E-18
 2.194E-18 2.198E-18 2.198E-18 2.199E-18 2.213E-18 2.214E-18 2.230E-18 2.249E-18 2.243E-18 2.255E-18
 2.271E-18 2.258E-18 2.268E-18 2.286E-18 2.279E-18 2.289E-18 2.312E-18 2.329E-18 2.332E-18 2.336E-18
 2.334E-18 2.323E-18 2.321E-18 2.317E-18 2.321E-18 2.335E-18 2.358E-18 2.385E-18 2.400E-18 2.414E-18
 2.426E-18 2.451E-18 2.485E-18 2.509E-18 2.525E-18 2.526E-18 2.526E-18 2.516E-18 2.510E-18 2.501E-18
 2.500E-18 2.531E-18 2.567E-18 2.586E-18 2.619E-18 2.651E-18 2.683E-18 2.703E-18 2.694E-18 2.678E-18
 2.681E-18 2.693E-18 2.700E-18 2.681E-18 2.667E-18 2.673E-18 2.671E-18 2.674E-18 2.694E-18 2.709E-18
 2.701E-18 2.698E-18 2.713E-18 2.732E-18 2.779E-18 2.809E-18 2.815E-18 2.827E-18 2.868E-18 2.925E-18
 2.970E-18 3.010E-18 3.055E-18 3.090E-18 3.105E-18 3.111E-18 3.082E-18 3.048E-18 3.022E-18 2.998E-18
 2.980E-18 2.966E-18 2.958E-18 2.951E-18 2.954E-18 2.947E-18 2.923E-18 2.917E-18 2.931E-18 2.953E-18
 2.984E-18 3.025E-18 3.046E-18 3.077E-18 3.160E-18 3.230E-18 3.220E-18 3.243E-18 3.260E-18 3.235E-18
 3.231E-18 3.250E-18 3.278E-18 3.305E-18 3.333E-18 3.376E-18 3.455E-18 3.467E-18 3.402E-18 3.335E-18
 3.341E-18 3.376E-18 3.377E-18 3.411E-18 3.500E-18 3.582E-18 3.604E-18 3.593E-18 3.532E-18 3.499E-18
 3.527E-18 3.538E-18 3.513E-18 3.484E-18 3.466E-18 3.467E-18 3.462E-18 3.415E-18 3.352E-18 3.314E-18
 3.291E-18 3.268E-18 3.264E-18 3.262E-18 3.202E-18 3.161E-18 3.172E-18 3.224E-18 3.308E-18 3.304E-18
 3.246E-18 3.167E-18 3.104E-18 3.069E-18 3.090E-18 3.069E-18 2.959E-18 2.903E-18 2.926E-18 2.980E-18
 3.084E-18 3.122E-18 3.086E-18 3.073E-18 3.080E-18 3.100E-18 3.044E-18 2.975E-18 2.942E-18 2.922E-18
 2.873E-18 2.765E-18 2.734E-18 2.818E-18 2.935E-18 3.081E-18 3.152E-18 3.097E-18 2.975E-18 2.883E-18
 2.869E-18 2.871E-18 2.778E-18 2.637E-18 2.535E-18 2.466E-18 2.417E-18 2.377E-18 2.355E-18 2.410E-18
 2.511E-18 2.630E-18 2.723E-18 2.754E-18 2.826E-18 2.991E-18 3.206E-18 3.288E-18 3.176E-18 3.091E-18
 3.055E-18 2.921E-18 2.806E-18 2.750E-18 2.713E-18 2.718E-18 2.753E-18 2.767E-18 2.746E-18 2.735E-18
 2.751E-18 2.713E-18 2.647E-18 2.631E-18 2.682E-18 2.759E-18 2.900E-18 3.018E-18 2.821E-18 2.484E-18
 2.237E-18 2.062E-18 1.907E-18 1.787E-18 1.700E-18 1.621E-18 1.541E-18 1.469E-18 1.416E-18 1.361E-18
 1.315E-18 1.273E-18 1.238E-18 1.209E-18 1.186E-18 1.160E-18 1.138E-18 1.113E-18 1.085E-18 1.071E-18
 1.068E-18 1.055E-18 1.033E-18 1.020E-18 1.012E-18 1.004E-18 9.929E-19 9.694E-19 9.580E-19 9.617E-19
 9.545E-19 9.396E-19 9.412E-19 9.493E-19 9.408E-19 9.322E-19 9.219E-19 9.129E-19 9.132E-19 9.169E-19
 9.153E-19 9.029E-19 8.967E-19 9.014E-19 8.989E-19 8.941E-19 8.902E-19 8.835E-19 8.835E-19 8.834E-19
 8.820E-19 8.810E-19 8.732E-19 8.617E-19 8.619E-19 8.641E-19 8.700E-19 8.704E-19 8.584E-19 8.487E-19
 8.494E-19 8.527E-19 8.541E-19 8.474E-19 8.336E-19 8.330E-19 8.338E-19 8.393E-19 8.458E-19 8.406E-19
 8.333E-19 8.322E-19 8.303E-19 8.311E-19 8.303E-19 8.204E-19 8.102E-19 8.239E-19 8.344E-19 8.295E-19
 8.202E-19 8.056E-19 7.945E-19 7.960E-19 8.114E-19 8.242E-19 8.212E-19 8.098E-19 7.996E-19 7.999E-19
 8.099E-19 8.089E-19 8.054E-19 8.023E-19 8.046E-19 8.023E-19 8.031E-19 8.104E-19 8.074E-19 8.008E-19
 7.942E-19 7.885E-19 7.845E-19 7.876E-19 7.925E-19 7.966E-19 7.918E-19 7.884E-19 7.907E-19 7.847E-19
 7.746E-19 7.696E-19 7.720E-19 7.795E-19 7.818E-19 7.853E-19 7.858E-19 7.919E-19 8.004E-19 7.923E-19
 7.836E-19 7.777E-19 7.776E-19 7.879E-19 7.897E-19 7.841E-19 7.859E-19 7.833E-19 7.814E-19 7.849E-19
 7.905E-19 7.920E-19 7.895E-19 7.901E-19 7.939E-19 7.973E-19 7.881E-19 7.798E-19 7.805E-19 7.871E-19
 7.961E-19 8.030E-19 8.012E-19 7.991E-19 7.966E-19 7.907E-19 7.912E-19 7.864E-19 7.853E-19 7.890E-19
 7.885E-19 7.896E-19 7.944E-19 7.895E-19 7.976E-19 8.005E-19 7.929E-19 7.834E-19 7.782E-19 7.870E-19
 7.979E-19 8.051E-19 8.053E-19 7.981E-19 7.884E-19 7.858E-19 7.907E-19 7.946E-19 7.928E-19 7.945E-19
 8.031E-19 7.952E-19 7.917E-19 8.126E-19 8.167E-19 8.057E-19 8.012E-19 7.957E-19 7.925E-19 7.979E-19
 8.035E-19 8.028E-19 7.965E-19 7.984E-19 7.981E-19 8.094E-19 8.168E-19 8.102E-19 8.033E-19 8.038E-19
 8.055E-19 8.092E-19 8.186E-19 8.101E-19 7.939E-19 7.934E-19 7.927E-19 7.852E-19 7.915E-19 7.990E-19
 7.915E-19 7.842E-19 7.853E-19 7.861E-19 7.968E-19 8.071E-19 8.084E-19 8.037E-19 8.012E-19 8.014E-19
 8.026E-19 8.016E-19 7.929E-19 7.914E-19 7.909E-19 7.848E-19 7.867E-19 7.946E-19 7.954E-19 7.985E-19
 7.957E-19 7.870E-19 7.823E-19 7.864E-19 7.898E-19 7.878E-19 7.831E-19 7.765E-19 7.705E-19 7.775E-19
 7.939E-19 7.984E-19 8.017E-19 7.925E-19 7.782E-19 7.725E-19 7.773E-19 7.932E-19 7.992E-19 7.926E-19
 7.798E-19 7.764E-19 7.848E-19 7.935E-19 8.058E-19 8.036E-19 7.945E-19 7.947E-19 7.968E-19 7.941E-19
 7.980E-19 7.969E-19 7.786E-19 7.701E-19 7.724E-19 7.860E-19 7.965E-19 7.884E-19 7.745E-19 7.685E-19
 7.749E-19 7.756E-19 7.824E-19 7.957E-19 8.000E-19 7.917E-19 7.686E-19 7.595E-19 7.751E-19 7.962E-19
 7.998E-19 7.847E-19 7.715E-19 7.715E-19 7.820E-19 7.965E-19 7.964E-19 7.789E-19 7.623E-19 7.532E-19
 7.655E-19 7.883E-19 7.941E-19 7.794E-19 7.680E-19 7.633E-19 7.653E-19 7.777E-19 7.981E-19 8.014E-19
 7.798E-19 7.611E-19 7.593E-19 7.684E-19 7.816E-19 7.919E-19 7.624E-19 7.398E-19 7.481E-19 7.592E-19
 7.704E-19 7.851E-19 7.841E-19 7.555E-19 7.477E-19 7.640E-19 7.617E-19 7.732E-19 7.859E-19 7.606E-19
 7.450E-19 7.509E-19 7.563E-19 7.685E-19 7.816E-19 7.596E-19 7.424E-19 7.427E-19 7.514E-19 7.548E-19
 7.706E-19 7.656E-19 7.438E-19 7.456E-19 7.444E-19 7.425E-19 7.625E-19 7.693E-19 7.385E-19 7.248E-19
 7.324E-19 7.322E-19 7.318E-19 7.515E-19 7.488E-19 7.352E-19 7.274E-19 7.260E-19 7.214E-19 7.331E-19
 7.276E-19 7.095E-19 7.110E-19 7.144E-19 7.250E-19 7.444E-19 7.442E-19 7.198E-19 7.117E-19 7.251E-19
 7.246E-19 7.216E-19 7.338E-19 7.252E-19 7.183E-19 7.168E-19 7.086E-19 7.057E-19 7.178E-19 7.277E-19
 7.252E-19 7.299E-19 7.148E-19 6.991E-19 7.130E-19 7.197E-19 7.074E-19 7.015E-19 7.081E-19 7.103E-19
 7.024E-19 7.018E-19 6.958E-19 6.937E-19 6.953E-19 6.884E-19 6.916E-19 6.983E-19 6.917E-19 6.815E-19
 6.843E-19 6.826E-19 6.870E-19 6.962E-19 6.944E-19 6.845E-19 6.737E-19 6.670E-19 6.743E-19 6.848E-19
 6.869E-19 6.752E-19 6.694E-19 6.678E-19 6.625E-19 6.625E-19 6.736E-19 6.739E-19 6.583E-19 6.514E-19
 6.658E-19 6.777E-19 6.720E-19 6.626E-19 6.611E-19 6.576E-19 6.497E-19 6.493E-19 6.521E-19 6.525E-19
 6.448E-19 6.443E-19 6.606E-19 6.620E-19 6.492E-19 6.490E-19 6.479E-19 6.392E-19 6.345E-19 6.402E-19
 6.431E-19 6.336E-19 6.300E-19 6.243E-19 6.240E-19 6.267E-19 6.197E-19 6.156E-19 6.238E-19 6.257E-19
 6.186E-19 6.257E-19 6.247E-19 6.174E-19 6.120E-19 6.131E-19 6.170E-19 6.191E-19 6.184E-19 6.158E-19
 6.061E-19 6.014E-19 6.001E-19 5.992E-19 5.955E-19 5.889E-19 5.940E-19 6.023E-19 5.959E-19 5.904E-19
 5.878E-19 5.925E-19 5.988E-19 5.974E-19 5.933E-19 5.882E-19 5.805E-19 5.718E-19 5.789E-19 5.850E-19
 5.842E-19 5.825E-19 5.805E-19 5.696E-19 5.613E-19 5.571E-19 5.549E-19 5.617E-19 5.660E-19 5.635E-19
 5.614E-19 5.598E-19 5.540E-19 5.467E-19 5.535E-19 5.636E-19 5.562E-19 5.524E-19 5.579E-19 5.576E-19
 5.464E-19 5.462E-19 5.544E-19 5.571E-19 5.502E-19 5.425E-19 5.375E-19 5.308E-19 5.244E-19 5.242E-19
 5.289E-19 5.246E-19 5.173E-19 5.226E-19 5.266E-19 5.203E-19 5.173E-19 5.167E-19 5.187E-19 5.188E-19
 5.131E-19 5.120E-19 5.159E-19 5.129E-19 4.993E-19 4.961E-19 4.984E-19 5.025E-19 5.069E-19 5.041E-19
 5.020E-19 4.969E-19 4.956E-19 4.919E-19 4.888E-19 4.865E-19 4.854E-19 4.851E-19 4.866E-19 4.776E-19
 4.771E-19 4.848E-19 4.852E-19 4.830E-19 4.821E-19 4.792E-19 4.688E-19 4.579E-19 4.550E-19 4.640E-19
 4.618E-19 4.559E-19 4.652E-19 4.639E-19 4.476E-19 4.490E-19 4.530E-19 4.472E-19 4.484E-19 4.413E-19
 4.337E-19 4.431E-19 4.470E-19 4.408E-19 4.396E-19 4.445E-19 4.485E-19 4.533E-19 4.575E-19 4.523E-19
 4.416E-19 4.290E-19 4.225E-19 4.229E-19 4.219E-19 4.146E-19 4.131E-19 4.212E-19 4.256E-19 4.249E-19
 4.141E-19 4.070E-19 4.081E-19 4.059E-19 4.031E-19 4.040E-19 4.117E-19 4.157E-19 4.075E-19 4.016E-19
 4.053E-19 4.052E-19 4.046E-19 4.086E-19 4.059E-19 4.047E-19 4.024E-19 3.972E-19 3.938E-19 4.000E-19
 4.050E-19 3.959E-19 3.868E-19 3.792E-19 3.777E-19 3.861E-19 3.853E-19 3.739E-19 3.761E-19 3.798E-19
 3.731E-19 3.665E-19 3.606E-19 3.663E-19 3.684E-19 3.632E-19 3.575E-19 3.588E-19 3.640E-19 3.698E-19
 3.711E-19 3.635E-19 3.594E-19 3.602E-19 3.589E-19 3.507E-19 3.500E-19 3.469E-19 3.434E-19 3.431E-19
 3.420E-19 3.369E-19 3.364E-19 3.414E-19 3.419E-19 3.329E-19 3.356E-19 3.384E-19 3.386E-19 3.323E-19
 3.243E-19 3.275E-19 3.302E-19 3.265E-19 3.294E-19 3.272E-19 3.220E-19 3.227E-19 3.172E-19 3.185E-19
 3.187E-19 3.146E-19 3.110E-19 3.156E-19 3.110E-19 3.156E-19 3.145E-19 3.128E-19 3.135E-19 3.068E-19
 2.991E-19 3.011E-19 3.021E-19 3.001E-19 2.984E-19 2.938E-19 2.925E-19 2.967E-19 2.939E-19 2.898E-19
 2.867E-19 2.872E-19 2.913E-19 2.956E-19 2.944E-19 2.814E-19 2.782E-19 2.796E-19 2.736E-19 2.733E-19
 2.791E-19 2.742E-19 2.613E-19 2.606E-19 2.638E-19 2.648E-19 2.709E-19 2.735E-19 2.759E-19 2.725E-19
 2.666E-19 2.681E-19 2.742E-19 2.719E-19 2.688E-19 2.679E-19 2.647E-19 2.575E-19 2.563E-19 2.592E-19
 2.573E-19 2.582E-19 2.583E-19 2.556E-19 2.585E-19 2.515E-19 2.491E-19 2.548E-19 2.564E-19 2.544E-19
 2.448E-19 2.406E-19 2.469E-19 2.451E-19 2.351E-19 2.312E-19 2.367E-19 2.415E-19 2.443E-19 2.399E-19
 2.314E-19 2.275E-19 2.292E-19 2.348E-19 2.375E-19 2.336E-19 2.272E-19 2.228E-19 2.219E-19 2.254E-19
 2.339E-19 2.251E-19 2.113E-19 2.146E-19 2.220E-19 2.181E-19 2.084E-19 2.026E-19 1.983E-19 1.942E-19
 1.980E-19 2.011E-19 2.007E-19 1.981E-19 1.982E-19 2.035E-19 2.089E-19 2.147E-19 2.097E-19 2.046E-19
 2.003E-19 1.995E-19 2.004E-19 2.122E-19 2.095E-19 1.953E-19 1.926E-19 1.895E-19 1.923E-19 1.976E-19
 1.976E-19 1.969E-19 1.947E-19 1.970E-19 1.997E-19 1.980E-19 1.947E-19 1.897E-19 1.921E-19 1.937E-19
 1.904E-19 1.847E-19 1.833E-19 1.839E-19 1.838E-19 1.821E-19 1.789E-19 1.776E-19 1.749E-19 1.762E-19
 1.753E-19 1.772E-19 1.796E-19 1.743E-19 1.710E-19 1.717E-19 1.720E-19 1.704E-19 1.645E-19 1.660E-19
 1.669E-19 1.649E-19 1.665E-19 1.698E-19 1.681E-19 1.651E-19 1.578E-19 1.523E-19 1.583E-19 1.604E-19
 1.560E-19 1.491E-19 1.439E-19 1.476E-19 1.507E-19 1.431E-19 1.374E-19 1.426E-19 1.468E-19 1.438E-19
 1.523E-19 1.586E-19 1.517E-19 1.451E-19 1.453E-19 1.404E-19 1.362E-19 1.384E-19 1.375E-19 0.000E+00
