    C2ClF5  955.0110 1014.9860      4044  233.0000    0.0000 2.151E-18  NCAR    CFC-115
 1.115E-20 2.033E-20 2.675E-20 2.051E-20 2.284E-20 2.786E-20 2.565E-20 2.026E-20 1.503E-20 1.129E-20
 1.408E-20 1.974E-20 2.156E-20 2.676E-20 3.352E-20 3.536E-20 2.300E-20 1.354E-20 9.964E-21 1.257E-20
 1.759E-20 2.063E-20 2.668E-20 2.458E-20 2.115E-20 2.423E-20 2.224E-20 2.298E-20 2.076E-20 9.171E-21
 1.003E-20 1.392E-20 2.044E-20 2.615E-20 2.552E-20 2.175E-20 1.870E-20 1.445E-20 1.990E-20 2.457E-20
 1.909E-20 1.577E-20 1.228E-20 9.618E-21 1.011E-20 8.635E-21 1.220E-20 1.614E-20 1.842E-20 2.057E-20
 2.467E-20 2.210E-20 1.795E-20 2.024E-20 1.428E-20 1.879E-20 1.987E-20 1.599E-20 2.282E-20 2.385E-20
 1.808E-20 2.276E-20 2.674E-20 1.750E-20 6.373E-21 6.886E-21 7.490E-21 9.299E-21 1.319E-20 2.558E-20
 3.531E-20 3.411E-20 3.224E-20 2.053E-20 1.856E-20 1.787E-20 1.895E-20 2.446E-20 2.761E-20 3.660E-20
 3.131E-20 2.112E-20 2.446E-20 2.548E-20 2.054E-20 2.065E-20 2.165E-20 2.277E-20 2.753E-20 3.508E-20
 3.091E-20 1.833E-20 2.281E-20 2.665E-20 2.611E-20 2.399E-20 2.213E-20 2.094E-20 1.925E-20 2.234E-20
 2.037E-20 1.094E-20 1.100E-20 1.620E-20 1.606E-20 2.191E-20 2.098E-20 1.651E-20 1.813E-20 1.974E-20
 1.665E-20 1.039E-20 1.731E-20 2.042E-20 1.143E-20 1.410E-20 3.234E-20 4.129E-20 3.704E-20 3.018E-20
 2.053E-20 1.588E-20 1.867E-20 2.009E-20 1.277E-20 2.242E-20 3.523E-20 3.244E-20 3.169E-20 3.140E-20
 2.597E-20 2.471E-20 2.780E-20 2.540E-20 2.817E-20 3.628E-20 3.723E-20 2.666E-20 1.688E-20 1.617E-20
 1.554E-20 2.439E-20 3.045E-20 2.287E-20 2.292E-20 3.255E-20 3.735E-20 3.038E-20 2.036E-20 9.635E-21
 1.487E-20 2.357E-20 2.144E-20 1.484E-20 1.484E-20 1.754E-20 1.631E-20 1.213E-20 1.343E-20 1.185E-20
 1.668E-20 2.953E-20 3.088E-20 2.458E-20 2.092E-20 1.892E-20 1.513E-20 1.297E-20 1.941E-20 2.776E-20
 2.491E-20 2.941E-20 3.241E-20 2.993E-20 2.654E-20 2.186E-20 1.394E-20 9.194E-21 9.901E-21 1.057E-20
 1.350E-20 2.150E-20 2.223E-20 1.910E-20 1.378E-20 7.306E-21 8.968E-21 1.496E-20 2.209E-20 1.938E-20
 1.635E-20 2.052E-20 2.055E-20 1.832E-20 1.461E-20 1.551E-20 1.222E-20 1.475E-20 2.110E-20 2.083E-20
 2.441E-20 2.311E-20 1.264E-20 8.128E-21 1.339E-20 1.186E-20 1.149E-20 2.374E-20 2.901E-20 3.460E-20
 3.728E-20 2.526E-20 1.387E-20 1.071E-20 1.131E-20 1.483E-20 1.762E-20 1.921E-20 2.031E-20 2.242E-20
 2.485E-20 2.658E-20 2.868E-20 2.784E-20 2.779E-20 2.479E-20 2.487E-20 3.001E-20 2.689E-20 2.070E-20
 1.861E-20 2.166E-20 1.778E-20 1.700E-20 2.830E-20 3.455E-20 2.980E-20 3.031E-20 2.891E-20 3.068E-20
 3.345E-20 2.745E-20 2.200E-20 1.933E-20 2.051E-20 2.049E-20 2.060E-20 1.865E-20 1.273E-20 1.254E-20
 1.183E-20 8.835E-21 9.268E-21 1.842E-20 3.497E-20 3.392E-20 3.105E-20 2.707E-20 2.803E-20 2.416E-20
 2.216E-20 2.103E-20 2.099E-20 2.366E-20 2.236E-20 1.916E-20 2.048E-20 2.111E-20 1.551E-20 8.849E-21
 1.584E-20 2.631E-20 3.199E-20 3.773E-20 3.372E-20 1.953E-20 1.856E-20 2.106E-20 1.641E-20 1.133E-20
 1.979E-20 2.978E-20 2.923E-20 2.730E-20 2.358E-20 2.310E-20 2.067E-20 1.894E-20 1.824E-20 2.254E-20
 2.666E-20 2.262E-20 1.677E-20 2.334E-20 1.969E-20 1.490E-20 1.970E-20 2.467E-20 3.209E-20 3.092E-20
 3.211E-20 3.708E-20 3.354E-20 3.504E-20 3.465E-20 3.152E-20 3.002E-20 2.899E-20 3.335E-20 3.852E-20
 3.453E-20 2.762E-20 2.185E-20 2.321E-20 2.426E-20 1.798E-20 1.666E-20 2.104E-20 2.056E-20 2.223E-20
 3.337E-20 3.468E-20 2.812E-20 2.835E-20 2.542E-20 1.953E-20 2.167E-20 3.281E-20 4.226E-20 4.616E-20
 3.980E-20 3.398E-20 3.777E-20 3.262E-20 2.432E-20 3.189E-20 4.222E-20 5.113E-20 4.829E-20 3.801E-20
 2.900E-20 3.022E-20 3.928E-20 4.216E-20 3.552E-20 2.563E-20 2.500E-20 2.753E-20 3.127E-20 3.626E-20
 3.527E-20 3.054E-20 2.956E-20 3.457E-20 3.546E-20 2.786E-20 2.957E-20 2.851E-20 2.994E-20 3.233E-20
 2.361E-20 2.003E-20 3.164E-20 4.411E-20 4.417E-20 3.616E-20 3.729E-20 3.702E-20 3.633E-20 3.906E-20
 3.910E-20 3.637E-20 3.084E-20 2.705E-20 3.507E-20 4.141E-20 3.927E-20 3.933E-20 3.079E-20 2.590E-20
 3.442E-20 4.096E-20 3.903E-20 3.901E-20 4.021E-20 3.801E-20 3.264E-20 3.555E-20 4.140E-20 4.317E-20
 3.505E-20 3.313E-20 3.210E-20 3.024E-20 2.494E-20 2.665E-20 3.350E-20 2.210E-20 2.027E-20 3.243E-20
 3.697E-20 3.583E-20 3.855E-20 4.150E-20 3.601E-20 3.052E-20 3.644E-20 3.277E-20 2.464E-20 2.679E-20
 2.871E-20 3.339E-20 3.614E-20 2.785E-20 2.388E-20 2.994E-20 3.551E-20 3.163E-20 3.698E-20 5.123E-20
 5.683E-20 5.765E-20 5.504E-20 4.185E-20 3.476E-20 3.186E-20 2.957E-20 3.338E-20 3.782E-20 3.971E-20
 4.361E-20 4.457E-20 4.394E-20 4.202E-20 3.242E-20 3.367E-20 4.109E-20 4.375E-20 4.761E-20 4.594E-20
 4.350E-20 4.134E-20 3.575E-20 3.108E-20 2.842E-20 3.337E-20 3.663E-20 3.968E-20 3.596E-20 3.099E-20
 3.666E-20 4.351E-20 4.274E-20 3.770E-20 4.027E-20 4.225E-20 4.069E-20 3.912E-20 4.042E-20 4.249E-20
 4.013E-20 3.303E-20 3.260E-20 3.844E-20 3.907E-20 3.776E-20 4.426E-20 4.302E-20 3.811E-20 3.705E-20
 3.562E-20 3.365E-20 3.094E-20 4.109E-20 4.379E-20 3.889E-20 4.493E-20 5.082E-20 4.967E-20 3.948E-20
 2.767E-20 3.415E-20 4.664E-20 5.218E-20 5.489E-20 5.571E-20 5.509E-20 5.073E-20 5.127E-20 4.458E-20
 3.105E-20 3.105E-20 4.075E-20 3.906E-20 3.144E-20 3.390E-20 4.376E-20 4.968E-20 5.039E-20 4.891E-20
 4.865E-20 5.083E-20 5.107E-20 4.291E-20 4.323E-20 5.887E-20 5.533E-20 4.464E-20 4.455E-20 4.726E-20
 4.700E-20 4.813E-20 4.875E-20 5.398E-20 5.693E-20 5.551E-20 5.692E-20 6.007E-20 5.510E-20 4.822E-20
 4.550E-20 4.913E-20 4.261E-20 3.467E-20 3.740E-20 3.740E-20 3.869E-20 4.056E-20 3.692E-20 3.206E-20
 4.027E-20 5.002E-20 5.907E-20 6.051E-20 4.819E-20 4.157E-20 3.847E-20 3.073E-20 3.107E-20 3.792E-20
 3.361E-20 3.653E-20 4.476E-20 4.057E-20 3.498E-20 4.078E-20 4.896E-20 5.399E-20 5.655E-20 5.584E-20
 5.412E-20 5.425E-20 5.362E-20 4.872E-20 3.896E-20 4.208E-20 4.378E-20 4.404E-20 4.506E-20 4.839E-20
 4.804E-20 3.957E-20 3.934E-20 4.158E-20 4.280E-20 4.207E-20 4.346E-20 4.114E-20 4.498E-20 5.059E-20
 4.786E-20 4.268E-20 3.763E-20 3.780E-20 4.163E-20 4.101E-20 4.448E-20 4.682E-20 4.330E-20 4.090E-20
 4.204E-20 4.464E-20 4.056E-20 3.723E-20 3.527E-20 3.541E-20 5.146E-20 5.438E-20 4.591E-20 4.180E-20
 4.479E-20 4.092E-20 4.228E-20 4.808E-20 4.650E-20 4.516E-20 4.910E-20 5.350E-20 5.104E-20 4.684E-20
 4.762E-20 4.849E-20 5.263E-20 5.444E-20 5.658E-20 5.628E-20 5.525E-20 5.452E-20 5.033E-20 5.584E-20
 5.668E-20 4.457E-20 4.206E-20 4.666E-20 4.678E-20 4.632E-20 5.280E-20 5.569E-20 5.121E-20 4.989E-20
 4.584E-20 4.333E-20 4.255E-20 4.293E-20 4.789E-20 5.178E-20 4.474E-20 4.167E-20 4.717E-20 4.874E-20
 4.321E-20 4.022E-20 3.874E-20 3.867E-20 3.983E-20 4.893E-20 4.826E-20 4.010E-20 4.628E-20 5.049E-20
 5.281E-20 5.276E-20 5.665E-20 5.867E-20 5.511E-20 5.364E-20 5.201E-20 5.627E-20 6.015E-20 6.353E-20
 7.220E-20 7.305E-20 6.634E-20 5.836E-20 5.785E-20 6.601E-20 5.867E-20 5.158E-20 5.113E-20 5.738E-20
 5.914E-20 5.626E-20 6.290E-20 6.739E-20 6.319E-20 5.640E-20 4.477E-20 4.172E-20 4.721E-20 5.337E-20
 6.094E-20 6.637E-20 5.462E-20 4.634E-20 5.085E-20 5.312E-20 5.318E-20 5.434E-20 5.418E-20 4.696E-20
 4.670E-20 5.457E-20 5.742E-20 5.142E-20 4.964E-20 6.042E-20 6.565E-20 6.203E-20 6.055E-20 6.380E-20
 6.527E-20 6.430E-20 6.473E-20 6.552E-20 6.540E-20 6.563E-20 7.035E-20 7.525E-20 7.943E-20 8.286E-20
 7.897E-20 6.985E-20 6.389E-20 6.947E-20 7.208E-20 6.323E-20 6.368E-20 6.871E-20 6.656E-20 6.298E-20
 5.978E-20 6.181E-20 6.974E-20 7.368E-20 7.749E-20 6.802E-20 6.454E-20 7.468E-20 7.982E-20 7.568E-20
 6.881E-20 6.904E-20 7.316E-20 8.086E-20 8.032E-20 6.717E-20 6.262E-20 6.512E-20 6.890E-20 6.729E-20
 6.491E-20 6.329E-20 6.598E-20 7.540E-20 7.936E-20 7.235E-20 6.355E-20 7.080E-20 7.871E-20 7.753E-20
 8.099E-20 7.543E-20 7.022E-20 8.066E-20 8.669E-20 7.711E-20 6.923E-20 6.962E-20 7.594E-20 9.042E-20
 9.886E-20 9.073E-20 8.561E-20 8.665E-20 8.906E-20 8.518E-20 8.277E-20 8.932E-20 8.655E-20 8.376E-20
 8.600E-20 8.800E-20 8.608E-20 8.887E-20 9.646E-20 9.690E-20 9.277E-20 9.373E-20 9.643E-20 1.006E-19
 1.002E-19 9.817E-20 1.032E-19 1.004E-19 8.674E-20 8.060E-20 8.782E-20 9.381E-20 9.572E-20 8.883E-20
 9.680E-20 1.035E-19 9.053E-20 9.112E-20 9.692E-20 9.348E-20 8.978E-20 1.018E-19 1.098E-19 1.101E-19
 1.129E-19 1.117E-19 1.085E-19 1.077E-19 1.091E-19 1.069E-19 1.127E-19 1.215E-19 1.244E-19 1.280E-19
 1.234E-19 1.177E-19 1.276E-19 1.347E-19 1.261E-19 1.155E-19 1.150E-19 1.172E-19 1.103E-19 1.029E-19
 1.014E-19 1.067E-19 1.132E-19 1.201E-19 1.148E-19 1.040E-19 1.041E-19 1.078E-19 1.115E-19 1.195E-19
 1.182E-19 1.127E-19 1.162E-19 1.166E-19 1.147E-19 1.173E-19 1.127E-19 1.092E-19 1.148E-19 1.144E-19
 1.056E-19 1.063E-19 1.200E-19 1.298E-19 1.269E-19 1.178E-19 1.152E-19 1.255E-19 1.322E-19 1.250E-19
 1.150E-19 1.199E-19 1.290E-19 1.300E-19 1.290E-19 1.263E-19 1.242E-19 1.230E-19 1.192E-19 1.189E-19
 1.247E-19 1.228E-19 1.182E-19 1.203E-19 1.228E-19 1.214E-19 1.207E-19 1.262E-19 1.268E-19 1.267E-19
 1.291E-19 1.337E-19 1.402E-19 1.401E-19 1.428E-19 1.451E-19 1.435E-19 1.377E-19 1.359E-19 1.391E-19
 1.383E-19 1.367E-19 1.450E-19 1.435E-19 1.420E-19 1.426E-19 1.353E-19 1.298E-19 1.355E-19 1.416E-19
 1.434E-19 1.433E-19 1.507E-19 1.545E-19 1.566E-19 1.574E-19 1.476E-19 1.535E-19 1.612E-19 1.557E-19
 1.517E-19 1.579E-19 1.615E-19 1.551E-19 1.515E-19 1.518E-19 1.524E-19 1.568E-19 1.636E-19 1.700E-19
 1.675E-19 1.672E-19 1.714E-19 1.712E-19 1.603E-19 1.544E-19 1.587E-19 1.613E-19 1.613E-19 1.645E-19
 1.689E-19 1.756E-19 1.750E-19 1.656E-19 1.624E-19 1.639E-19 1.612E-19 1.645E-19 1.697E-19 1.830E-19
 1.942E-19 1.838E-19 1.706E-19 1.633E-19 1.717E-19 1.723E-19 1.674E-19 1.670E-19 1.749E-19 1.852E-19
 1.882E-19 1.914E-19 1.843E-19 1.782E-19 1.781E-19 1.846E-19 1.934E-19 1.961E-19 1.918E-19 1.901E-19
 1.900E-19 1.878E-19 1.872E-19 1.826E-19 1.866E-19 1.953E-19 2.060E-19 2.081E-19 2.054E-19 2.039E-19
 1.982E-19 2.006E-19 2.018E-19 1.984E-19 2.021E-19 2.112E-19 2.138E-19 2.157E-19 2.210E-19 2.239E-19
 2.205E-19 2.093E-19 2.024E-19 2.008E-19 2.076E-19 2.172E-19 2.189E-19 2.213E-19 2.298E-19 2.306E-19
 2.242E-19 2.167E-19 2.192E-19 2.287E-19 2.305E-19 2.282E-19 2.348E-19 2.419E-19 2.324E-19 2.212E-19
 2.157E-19 2.184E-19 2.271E-19 2.341E-19 2.367E-19 2.360E-19 2.437E-19 2.392E-19 2.299E-19 2.355E-19
 2.397E-19 2.421E-19 2.403E-19 2.431E-19 2.484E-19 2.531E-19 2.518E-19 2.437E-19 2.435E-19 2.491E-19
 2.556E-19 2.586E-19 2.580E-19 2.604E-19 2.705E-19 2.733E-19 2.627E-19 2.574E-19 2.639E-19 2.668E-19
 2.700E-19 2.832E-19 2.817E-19 2.799E-19 2.795E-19 2.755E-19 2.697E-19 2.690E-19 2.792E-19 2.853E-19
 2.796E-19 2.765E-19 2.802E-19 2.841E-19 2.781E-19 2.745E-19 2.790E-19 2.841E-19 2.972E-19 3.055E-19
 3.028E-19 2.917E-19 2.977E-19 3.076E-19 3.092E-19 3.102E-19 3.078E-19 3.055E-19 3.112E-19 3.144E-19
 3.146E-19 3.194E-19 3.135E-19 3.037E-19 2.983E-19 3.028E-19 3.093E-19 3.214E-19 3.263E-19 3.274E-19
 3.256E-19 3.197E-19 3.214E-19 3.205E-19 3.200E-19 3.277E-19 3.315E-19 3.336E-19 3.339E-19 3.320E-19
 3.338E-19 3.370E-19 3.449E-19 3.440E-19 3.412E-19 3.422E-19 3.510E-19 3.599E-19 3.588E-19 3.563E-19
 3.516E-19 3.513E-19 3.605E-19 3.659E-19 3.671E-19 3.569E-19 3.557E-19 3.591E-19 3.583E-19 3.592E-19
 3.654E-19 3.734E-19 3.774E-19 3.707E-19 3.762E-19 3.863E-19 3.858E-19 3.870E-19 3.932E-19 3.938E-19
 3.907E-19 3.908E-19 3.878E-19 3.908E-19 3.963E-19 3.935E-19 3.917E-19 3.939E-19 3.915E-19 3.947E-19
 3.920E-19 3.907E-19 3.930E-19 3.968E-19 4.095E-19 4.193E-19 4.199E-19 4.198E-19 4.237E-19 4.259E-19
 4.210E-19 4.197E-19 4.272E-19 4.285E-19 4.247E-19 4.225E-19 4.257E-19 4.286E-19 4.269E-19 4.285E-19
 4.338E-19 4.430E-19 4.529E-19 4.431E-19 4.365E-19 4.448E-19 4.440E-19 4.427E-19 4.374E-19 4.355E-19
 4.362E-19 4.354E-19 4.402E-19 4.505E-19 4.585E-19 4.643E-19 4.648E-19 4.636E-19 4.615E-19 4.656E-19
 4.698E-19 4.710E-19 4.800E-19 4.909E-19 4.983E-19 4.829E-19 4.711E-19 4.749E-19 4.791E-19 4.883E-19
 4.959E-19 4.959E-19 4.846E-19 4.775E-19 4.855E-19 4.941E-19 4.955E-19 5.003E-19 5.067E-19 5.053E-19
 5.016E-19 5.034E-19 5.124E-19 5.165E-19 5.099E-19 5.137E-19 5.188E-19 5.192E-19 5.206E-19 5.251E-19
 5.275E-19 5.277E-19 5.366E-19 5.347E-19 5.217E-19 5.204E-19 5.297E-19 5.412E-19 5.397E-19 5.292E-19
 5.324E-19 5.370E-19 5.355E-19 5.365E-19 5.307E-19 5.328E-19 5.453E-19 5.461E-19 5.524E-19 5.574E-19
 5.543E-19 5.556E-19 5.540E-19 5.517E-19 5.605E-19 5.785E-19 5.815E-19 5.803E-19 5.802E-19 5.714E-19
 5.663E-19 5.732E-19 5.786E-19 5.866E-19 5.901E-19 5.809E-19 5.833E-19 5.885E-19 5.944E-19 5.941E-19
 6.012E-19 6.116E-19 6.061E-19 5.958E-19 6.001E-19 6.029E-19 5.960E-19 5.940E-19 5.996E-19 6.087E-19
 6.095E-19 6.035E-19 6.057E-19 6.049E-19 6.030E-19 6.183E-19 6.264E-19 6.182E-19 6.252E-19 6.269E-19
 6.153E-19 6.169E-19 6.200E-19 6.241E-19 6.342E-19 6.407E-19 6.323E-19 6.242E-19 6.179E-19 6.288E-19
 6.480E-19 6.511E-19 6.550E-19 6.596E-19 6.630E-19 6.639E-19 6.555E-19 6.565E-19 6.653E-19 6.680E-19
 6.718E-19 6.751E-19 6.819E-19 6.850E-19 6.735E-19 6.685E-19 6.823E-19 6.826E-19 6.817E-19 6.864E-19
 6.915E-19 6.831E-19 6.833E-19 6.900E-19 6.883E-19 6.902E-19 6.849E-19 6.856E-19 6.884E-19 6.906E-19
 6.974E-19 7.063E-19 7.073E-19 7.019E-19 7.087E-19 7.143E-19 7.044E-19 7.012E-19 7.070E-19 7.191E-19
 7.187E-19 7.155E-19 7.197E-19 7.202E-19 7.209E-19 7.244E-19 7.320E-19 7.381E-19 7.308E-19 7.298E-19
 7.379E-19 7.398E-19 7.336E-19 7.384E-19 7.470E-19 7.497E-19 7.544E-19 7.540E-19 7.551E-19 7.518E-19
 7.454E-19 7.468E-19 7.525E-19 7.556E-19 7.563E-19 7.599E-19 7.626E-19 7.643E-19 7.629E-19 7.615E-19
 7.639E-19 7.645E-19 7.706E-19 7.819E-19 7.769E-19 7.684E-19 7.700E-19 7.733E-19 7.749E-19 7.795E-19
 7.891E-19 7.941E-19 7.861E-19 7.746E-19 7.732E-19 7.952E-19 8.050E-19 7.959E-19 7.948E-19 7.930E-19
 7.893E-19 7.823E-19 7.899E-19 8.046E-19 8.048E-19 8.035E-19 8.082E-19 8.019E-19 7.987E-19 8.008E-19
 8.031E-19 8.019E-19 8.120E-19 8.371E-19 8.423E-19 8.351E-19 8.387E-19 8.399E-19 8.352E-19 8.359E-19
 8.374E-19 8.442E-19 8.371E-19 8.312E-19 8.370E-19 8.335E-19 8.393E-19 8.426E-19 8.477E-19 8.356E-19
 8.324E-19 8.433E-19 8.460E-19 8.510E-19 8.646E-19 8.722E-19 8.565E-19 8.455E-19 8.493E-19 8.478E-19
 8.496E-19 8.643E-19 8.698E-19 8.713E-19 8.649E-19 8.545E-19 8.543E-19 8.630E-19 8.715E-19 8.723E-19
 8.735E-19 8.786E-19 8.782E-19 8.843E-19 8.766E-19 8.715E-19 8.870E-19 8.968E-19 8.907E-19 8.880E-19
 8.851E-19 8.783E-19 8.906E-19 9.027E-19 9.030E-19 8.949E-19 8.865E-19 8.835E-19 8.819E-19 8.926E-19
 9.110E-19 9.260E-19 9.260E-19 9.140E-19 8.917E-19 8.807E-19 8.848E-19 8.953E-19 9.187E-19 9.267E-19
 9.269E-19 9.200E-19 9.086E-19 8.919E-19 8.937E-19 9.159E-19 9.376E-19 9.458E-19 9.342E-19 9.167E-19
 9.140E-19 9.076E-19 9.103E-19 9.324E-19 9.476E-19 9.429E-19 9.155E-19 8.970E-19 8.966E-19 9.045E-19
 9.268E-19 9.452E-19 9.400E-19 9.234E-19 9.058E-19 9.024E-19 9.067E-19 9.271E-19 9.412E-19 9.408E-19
 9.352E-19 9.146E-19 8.964E-19 9.066E-19 9.347E-19 9.594E-19 9.636E-19 9.632E-19 9.491E-19 9.214E-19
 9.063E-19 9.268E-19 9.445E-19 9.584E-19 9.732E-19 9.474E-19 9.148E-19 9.148E-19 9.433E-19 9.599E-19
 9.711E-19 9.820E-19 9.648E-19 9.309E-19 9.263E-19 9.360E-19 9.445E-19 9.588E-19 9.776E-19 9.707E-19
 9.433E-19 9.402E-19 9.381E-19 9.471E-19 9.654E-19 9.825E-19 9.896E-19 9.645E-19 9.361E-19 9.330E-19
 9.425E-19 9.483E-19 9.738E-19 9.908E-19 9.653E-19 9.325E-19 9.287E-19 9.446E-19 9.563E-19 9.759E-19
 9.995E-19 9.851E-19 9.563E-19 9.476E-19 9.492E-19 9.549E-19 9.775E-19 1.010E-18 1.006E-18 9.704E-19
 9.408E-19 9.446E-19 9.647E-19 9.761E-19 1.005E-18 1.022E-18 9.939E-19 9.585E-19 9.540E-19 9.732E-19
 9.861E-19 1.012E-18 1.044E-18 1.018E-18 9.681E-19 9.464E-19 9.589E-19 9.685E-19 9.888E-19 1.022E-18
 1.015E-18 9.781E-19 9.558E-19 9.580E-19 9.610E-19 9.842E-19 1.021E-18 1.021E-18 9.768E-19 9.618E-19
 9.707E-19 9.730E-19 9.926E-19 1.031E-18 1.037E-18 1.002E-18 9.690E-19 9.658E-19 9.864E-19 1.006E-18
 1.035E-18 1.049E-18 1.021E-18 9.860E-19 9.713E-19 9.759E-19 9.931E-19 1.029E-18 1.058E-18 1.025E-18
 9.793E-19 9.736E-19 9.805E-19 9.794E-19 1.021E-18 1.063E-18 1.049E-18 1.009E-18 9.863E-19 9.927E-19
 9.946E-19 1.021E-18 1.071E-18 1.063E-18 1.013E-18 9.915E-19 9.977E-19 9.993E-19 1.039E-18 1.097E-18
 1.086E-18 1.030E-18 9.997E-19 9.928E-19 9.989E-19 1.038E-18 1.094E-18 1.110E-18 1.063E-18 1.016E-18
 9.986E-19 9.930E-19 1.014E-18 1.076E-18 1.098E-18 1.047E-18 1.003E-18 9.939E-19 9.898E-19 1.010E-18
 1.068E-18 1.091E-18 1.063E-18 1.023E-18 9.985E-19 1.010E-18 1.042E-18 1.085E-18 1.104E-18 1.071E-18
 1.024E-18 1.011E-18 1.020E-18 1.055E-18 1.096E-18 1.108E-18 1.064E-18 1.002E-18 9.746E-19 9.741E-19
 1.009E-18 1.067E-18 1.103E-18 1.080E-18 1.034E-18 1.005E-18 1.000E-18 1.014E-18 1.053E-18 1.090E-18
 1.075E-18 1.023E-18 9.964E-19 1.008E-18 1.030E-18 1.066E-18 1.098E-18 1.077E-18 1.037E-18 1.020E-18
 1.025E-18 1.039E-18 1.073E-18 1.112E-18 1.104E-18 1.054E-18 1.022E-18 1.022E-18 1.049E-18 1.101E-18
 1.154E-18 1.146E-18 1.088E-18 1.051E-18 1.049E-18 1.058E-18 1.106E-18 1.165E-18 1.150E-18 1.085E-18
 1.048E-18 1.062E-18 1.064E-18 1.096E-18 1.147E-18 1.135E-18 1.087E-18 1.063E-18 1.064E-18 1.075E-18
 1.110E-18 1.148E-18 1.127E-18 1.072E-18 1.053E-18 1.058E-18 1.079E-18 1.121E-18 1.167E-18 1.144E-18
 1.093E-18 1.088E-18 1.086E-18 1.093E-18 1.138E-18 1.194E-18 1.179E-18 1.126E-18 1.105E-18 1.105E-18
 1.116E-18 1.164E-18 1.216E-18 1.196E-18 1.149E-18 1.140E-18 1.159E-18 1.190E-18 1.242E-18 1.283E-18
 1.260E-18 1.219E-18 1.189E-18 1.190E-18 1.218E-18 1.262E-18 1.289E-18 1.253E-18 1.210E-18 1.205E-18
 1.213E-18 1.235E-18 1.298E-18 1.338E-18 1.305E-18 1.287E-18 1.295E-18 1.287E-18 1.284E-18 1.307E-18
 1.306E-18 1.260E-18 1.231E-18 1.225E-18 1.217E-18 1.217E-18 1.254E-18 1.268E-18 1.236E-18 1.218E-18
 1.225E-18 1.230E-18 1.253E-18 1.285E-18 1.277E-18 1.249E-18 1.226E-18 1.216E-18 1.227E-18 1.256E-18
 1.293E-18 1.300E-18 1.293E-18 1.296E-18 1.308E-18 1.325E-18 1.355E-18 1.389E-18 1.388E-18 1.373E-18
 1.384E-18 1.407E-18 1.423E-18 1.454E-18 1.479E-18 1.449E-18 1.423E-18 1.441E-18 1.464E-18 1.448E-18
 1.420E-18 1.411E-18 1.406E-18 1.395E-18 1.379E-18 1.352E-18 1.342E-18 1.376E-18 1.411E-18 1.412E-18
 1.401E-18 1.399E-18 1.402E-18 1.414E-18 1.419E-18 1.398E-18 1.373E-18 1.363E-18 1.357E-18 1.366E-18
 1.380E-18 1.384E-18 1.371E-18 1.348E-18 1.336E-18 1.346E-18 1.354E-18 1.373E-18 1.391E-18 1.386E-18
 1.368E-18 1.374E-18 1.390E-18 1.395E-18 1.414E-18 1.440E-18 1.442E-18 1.434E-18 1.446E-18 1.470E-18
 1.488E-18 1.500E-18 1.502E-18 1.494E-18 1.498E-18 1.515E-18 1.548E-18 1.578E-18 1.595E-18 1.615E-18
 1.634E-18 1.631E-18 1.629E-18 1.650E-18 1.681E-18 1.714E-18 1.727E-18 1.739E-18 1.756E-18 1.755E-18
 1.742E-18 1.743E-18 1.755E-18 1.775E-18 1.778E-18 1.769E-18 1.760E-18 1.767E-18 1.771E-18 1.708E-18
 1.617E-18 1.556E-18 1.535E-18 1.536E-18 1.563E-18 1.587E-18 1.590E-18 1.596E-18 1.594E-18 1.594E-18
 1.607E-18 1.621E-18 1.626E-18 1.632E-18 1.648E-18 1.660E-18 1.686E-18 1.719E-18 1.742E-18 1.756E-18
 1.776E-18 1.756E-18 1.741E-18 1.764E-18 1.794E-18 1.808E-18 1.824E-18 1.828E-18 1.816E-18 1.800E-18
 1.795E-18 1.787E-18 1.766E-18 1.731E-18 1.719E-18 1.738E-18 1.772E-18 1.811E-18 1.838E-18 1.864E-18
 1.881E-18 1.910E-18 1.942E-18 1.959E-18 1.979E-18 1.997E-18 2.017E-18 2.050E-18 2.078E-18 2.102E-18
 2.120E-18 2.126E-18 2.118E-18 2.134E-18 2.151E-18 2.150E-18 2.131E-18 2.063E-18 1.970E-18 1.902E-18
 1.894E-18 1.922E-18 1.963E-18 2.008E-18 2.034E-18 2.038E-18 1.999E-18 1.937E-18 1.858E-18 1.775E-18
 1.699E-18 1.626E-18 1.560E-18 1.505E-18 1.447E-18 1.381E-18 1.318E-18 1.257E-18 1.210E-18 1.179E-18
 1.132E-18 1.076E-18 1.033E-18 1.023E-18 1.025E-18 1.006E-18 9.767E-19 9.285E-19 8.888E-19 8.769E-19
 8.688E-19 8.639E-19 8.655E-19 8.601E-19 8.517E-19 8.540E-19 8.494E-19 8.464E-19 8.520E-19 8.602E-19
 8.616E-19 8.627E-19 8.769E-19 8.926E-19 8.946E-19 8.975E-19 8.967E-19 8.955E-19 8.997E-19 9.020E-19
 9.060E-19 9.016E-19 8.904E-19 8.885E-19 9.033E-19 9.073E-19 9.075E-19 9.154E-19 9.113E-19 9.100E-19
 9.041E-19 8.995E-19 9.109E-19 9.229E-19 9.155E-19 9.111E-19 9.212E-19 9.198E-19 9.119E-19 9.175E-19
 9.287E-19 9.262E-19 9.214E-19 9.190E-19 9.259E-19 9.368E-19 9.375E-19 9.362E-19 9.357E-19 9.404E-19
 9.389E-19 9.377E-19 9.588E-19 9.696E-19 9.613E-19 9.556E-19 9.541E-19 9.524E-19 9.615E-19 9.664E-19
 9.599E-19 9.633E-19 9.712E-19 9.706E-19 9.795E-19 9.972E-19 9.982E-19 9.865E-19 9.797E-19 9.756E-19
 9.849E-19 9.974E-19 1.000E-18 9.926E-19 9.814E-19 9.783E-19 9.872E-19 1.007E-18 1.026E-18 1.014E-18
 9.959E-19 9.972E-19 9.979E-19 1.020E-18 1.041E-18 1.024E-18 9.996E-19 9.812E-19 9.745E-19 9.884E-19
 1.018E-18 1.021E-18 9.997E-19 9.936E-19 9.956E-19 1.004E-18 1.043E-18 1.066E-18 1.052E-18 1.030E-18
 1.014E-18 1.017E-18 1.056E-18 1.085E-18 1.072E-18 1.051E-18 1.044E-18 1.041E-18 1.060E-18 1.106E-18
 1.117E-18 1.084E-18 1.063E-18 1.052E-18 1.062E-18 1.108E-18 1.137E-18 1.117E-18 1.088E-18 1.088E-18
 1.108E-18 1.155E-18 1.194E-18 1.175E-18 1.130E-18 1.108E-18 1.101E-18 1.110E-18 1.138E-18 1.133E-18
 1.093E-18 1.070E-18 1.075E-18 1.110E-18 1.156E-18 1.158E-18 1.123E-18 1.108E-18 1.111E-18 1.124E-18
 1.162E-18 1.176E-18 1.141E-18 1.116E-18 1.129E-18 1.158E-18 1.196E-18 1.214E-18 1.179E-18 1.136E-18
 1.126E-18 1.151E-18 1.213E-18 1.255E-18 1.219E-18 1.171E-18 1.154E-18 1.179E-18 1.214E-18 1.237E-18
 1.205E-18 1.159E-18 1.151E-18 1.174E-18 1.218E-18 1.248E-18 1.233E-18 1.191E-18 1.166E-18 1.189E-18
 1.242E-18 1.274E-18 1.255E-18 1.217E-18 1.198E-18 1.199E-18 1.231E-18 1.276E-18 1.278E-18 1.235E-18
 1.196E-18 1.199E-18 1.233E-18 1.267E-18 1.276E-18 1.241E-18 1.205E-18 1.196E-18 1.224E-18 1.265E-18
 1.281E-18 1.256E-18 1.213E-18 1.197E-18 1.226E-18 1.278E-18 1.300E-18 1.265E-18 1.230E-18 1.207E-18
 1.230E-18 1.293E-18 1.328E-18 1.287E-18 1.234E-18 1.212E-18 1.224E-18 1.277E-18 1.312E-18 1.283E-18
 1.257E-18 1.236E-18 1.245E-18 1.299E-18 1.326E-18 1.292E-18 1.259E-18 1.247E-18 1.257E-18 1.302E-18
 1.326E-18 1.299E-18 1.269E-18 1.260E-18 1.269E-18 1.297E-18 1.320E-18 1.306E-18 1.275E-18 1.267E-18
 1.271E-18 1.298E-18 1.322E-18 1.312E-18 1.286E-18 1.275E-18 1.283E-18 1.314E-18 1.341E-18 1.326E-18
 1.300E-18 1.286E-18 1.280E-18 1.309E-18 1.331E-18 1.315E-18 1.299E-18 1.290E-18 1.286E-18 1.317E-18
 1.345E-18 1.332E-18 1.304E-18 1.295E-18 1.299E-18 1.314E-18 1.338E-18 1.333E-18 1.299E-18 1.291E-18
 1.297E-18 1.306E-18 1.319E-18 1.319E-18 1.309E-18 1.308E-18 1.304E-18 1.308E-18 1.329E-18 1.335E-18
 1.310E-18 1.288E-18 1.278E-18 1.292E-18 1.327E-18 1.333E-18 1.315E-18 1.293E-18 1.286E-18 1.292E-18
 1.313E-18 1.314E-18 1.292E-18 1.276E-18 1.279E-18 1.303E-18 1.321E-18 1.309E-18 1.289E-18 1.277E-18
 1.280E-18 1.303E-18 1.326E-18 1.315E-18 1.296E-18 1.283E-18 1.278E-18 1.285E-18 1.298E-18 1.297E-18
 1.281E-18 1.259E-18 1.254E-18 1.267E-18 1.285E-18 1.294E-18 1.283E-18 1.257E-18 1.256E-18 1.281E-18
 1.294E-18 1.294E-18 1.271E-18 1.238E-18 1.235E-18 1.267E-18 1.270E-18 1.254E-18 1.251E-18 1.231E-18
 1.232E-18 1.263E-18 1.258E-18 1.246E-18 1.248E-18 1.239E-18 1.234E-18 1.241E-18 1.243E-18 1.243E-18
 1.241E-18 1.223E-18 1.229E-18 1.244E-18 1.227E-18 1.232E-18 1.234E-18 1.209E-18 1.210E-18 1.227E-18
 1.232E-18 1.235E-18 1.221E-18 1.205E-18 1.208E-18 1.224E-18 1.212E-18 1.197E-18 1.201E-18 1.202E-18
 1.210E-18 1.233E-18 1.230E-18 1.222E-18 1.208E-18 1.189E-18 1.206E-18 1.226E-18 1.219E-18 1.219E-18
 1.206E-18 1.190E-18 1.199E-18 1.189E-18 1.171E-18 1.171E-18 1.160E-18 1.148E-18 1.165E-18 1.162E-18
 1.142E-18 1.139E-18 1.127E-18 1.127E-18 1.140E-18 1.132E-18 1.130E-18 1.142E-18 1.133E-18 1.129E-18
 1.142E-18 1.130E-18 1.131E-18 1.131E-18 1.113E-18 1.113E-18 1.122E-18 1.112E-18 1.107E-18 1.099E-18
 1.081E-18 1.099E-18 1.110E-18 1.097E-18 1.097E-18 1.081E-18 1.079E-18 1.108E-18 1.102E-18 1.082E-18
 1.078E-18 1.057E-18 1.053E-18 1.071E-18 1.072E-18 1.066E-18 1.050E-18 1.033E-18 1.035E-18 1.052E-18
 1.049E-18 1.043E-18 1.038E-18 1.019E-18 1.033E-18 1.056E-18 1.049E-18 1.034E-18 1.007E-18 9.898E-19
 1.010E-18 1.028E-18 1.020E-18 1.008E-18 9.958E-19 9.841E-19 9.847E-19 9.810E-19 9.695E-19 9.623E-19
 9.558E-19 9.647E-19 9.732E-19 9.741E-19 9.713E-19 9.576E-19 9.439E-19 9.467E-19 9.448E-19 9.359E-19
 9.318E-19 9.296E-19 9.241E-19 9.274E-19 9.323E-19 9.291E-19 9.162E-19 8.979E-19 8.912E-19 9.067E-19
 9.183E-19 9.101E-19 8.946E-19 8.890E-19 9.075E-19 9.114E-19 8.969E-19 8.898E-19 8.764E-19 8.676E-19
 8.738E-19 8.786E-19 8.762E-19 8.620E-19 8.387E-19 8.260E-19 8.390E-19 8.541E-19 8.515E-19 8.392E-19
 8.293E-19 8.361E-19 8.355E-19 8.273E-19 8.254E-19 8.130E-19 8.024E-19 8.162E-19 8.301E-19 8.221E-19
 7.987E-19 7.691E-19 7.641E-19 7.870E-19 7.951E-19 7.928E-19 7.878E-19 7.718E-19 7.751E-19 7.881E-19
 7.863E-19 7.720E-19 7.613E-19 7.552E-19 7.640E-19 7.701E-19 7.589E-19 7.524E-19 7.436E-19 7.375E-19
 7.462E-19 7.590E-19 7.478E-19 7.272E-19 7.226E-19 7.177E-19 7.221E-19 7.401E-19 7.339E-19 7.120E-19
 6.990E-19 7.005E-19 7.135E-19 7.317E-19 7.169E-19 6.880E-19 6.891E-19 6.990E-19 7.084E-19 7.053E-19
 6.767E-19 6.592E-19 6.653E-19 6.855E-19 6.941E-19 6.751E-19 6.555E-19 6.591E-19 6.702E-19 6.765E-19
 6.730E-19 6.549E-19 6.488E-19 6.635E-19 6.729E-19 6.627E-19 6.549E-19 6.513E-19 6.508E-19 6.495E-19
 6.427E-19 6.360E-19 6.299E-19 6.222E-19 6.245E-19 6.293E-19 6.333E-19 6.301E-19 6.149E-19 6.060E-19
 6.110E-19 6.125E-19 6.092E-19 6.052E-19 6.032E-19 6.042E-19 6.109E-19 6.061E-19 5.919E-19 5.846E-19
 5.851E-19 5.931E-19 5.914E-19 5.794E-19 5.745E-19 5.744E-19 5.774E-19 5.731E-19 5.687E-19 5.693E-19
 5.588E-19 5.529E-19 5.644E-19 5.670E-19 5.595E-19 5.502E-19 5.424E-19 5.498E-19 5.602E-19 5.529E-19
 5.436E-19 5.468E-19 5.472E-19 5.422E-19 5.322E-19 5.272E-19 5.238E-19 5.233E-19 5.231E-19 5.248E-19
 5.203E-19 5.155E-19 5.080E-19 5.036E-19 5.064E-19 5.028E-19 5.009E-19 5.021E-19 5.059E-19 5.132E-19
 5.035E-19 4.935E-19 4.890E-19 4.832E-19 4.908E-19 4.964E-19 4.971E-19 4.977E-19 4.952E-19 4.916E-19
 4.892E-19 4.857E-19 4.791E-19 4.721E-19 4.701E-19 4.808E-19 4.888E-19 4.826E-19 4.828E-19 4.834E-19
 4.755E-19 4.673E-19 4.620E-19 4.577E-19 4.594E-19 4.667E-19 4.697E-19 4.596E-19 4.466E-19 4.451E-19
 4.507E-19 4.534E-19 4.585E-19 4.575E-19 4.586E-19 4.546E-19 4.461E-19 4.444E-19 4.335E-19 4.289E-19
 4.333E-19 4.302E-19 4.224E-19 4.195E-19 4.170E-19 4.193E-19 4.190E-19 4.125E-19 4.158E-19 4.179E-19
 4.157E-19 4.164E-19 4.179E-19 4.206E-19 4.175E-19 4.130E-19 4.114E-19 4.070E-19 4.059E-19 4.052E-19
 4.014E-19 4.007E-19 3.985E-19 3.982E-19 3.927E-19 3.839E-19 3.876E-19 3.895E-19 3.805E-19 3.739E-19
 3.726E-19 3.771E-19 3.851E-19 3.912E-19 3.840E-19 3.812E-19 3.852E-19 3.827E-19 3.791E-19 3.815E-19
 3.814E-19 3.729E-19 3.713E-19 3.750E-19 3.737E-19 3.762E-19 3.745E-19 3.725E-19 3.798E-19 3.770E-19
 3.727E-19 3.728E-19 3.749E-19 3.737E-19 3.675E-19 3.552E-19 3.504E-19 3.491E-19 3.568E-19 3.636E-19
 3.577E-19 3.601E-19 3.591E-19 3.515E-19 3.532E-19 3.594E-19 3.606E-19 3.618E-19 3.641E-19 3.607E-19
 3.631E-19 3.672E-19 3.558E-19 3.495E-19 3.556E-19 3.553E-19 3.436E-19 3.480E-19 3.606E-19 3.514E-19
 3.476E-19 3.570E-19 3.619E-19 3.590E-19 3.560E-19 3.558E-19 3.458E-19 3.415E-19 3.462E-19 3.470E-19
 3.473E-19 3.463E-19 3.512E-19 3.515E-19 3.446E-19 3.361E-19 3.393E-19 3.479E-19 3.416E-19 3.306E-19
 3.283E-19 3.318E-19 3.359E-19 3.295E-19 3.247E-19 3.356E-19 3.451E-19 3.342E-19 3.305E-19 3.380E-19
 3.300E-19 3.246E-19 3.253E-19 3.361E-19 3.446E-19 3.441E-19 3.439E-19 3.398E-19 3.393E-19 3.355E-19
 3.292E-19 3.344E-19 3.379E-19 3.372E-19 3.370E-19 3.429E-19 3.456E-19 3.442E-19 3.382E-19 3.302E-19
 3.302E-19 3.299E-19 3.327E-19 3.384E-19 3.377E-19 3.363E-19 3.326E-19 3.337E-19 3.336E-19 3.364E-19
 3.357E-19 3.324E-19 3.358E-19 3.399E-19 3.413E-19 3.447E-19 3.446E-19 3.434E-19 3.343E-19 3.292E-19
 3.412E-19 3.462E-19 3.385E-19 3.382E-19 3.440E-19 3.350E-19 3.214E-19 3.191E-19 3.288E-19 3.332E-19
 3.320E-19 3.369E-19 3.348E-19 3.302E-19 3.214E-19 3.195E-19 3.491E-19 3.484E-19 3.286E-19 3.232E-19
 3.238E-19 3.211E-19 3.235E-19 3.305E-19 3.343E-19 3.321E-19 3.333E-19 3.441E-19 3.473E-19 3.383E-19
 3.360E-19 3.434E-19 3.475E-19 3.505E-19 3.548E-19 3.530E-19 3.447E-19 3.493E-19 3.531E-19 3.490E-19
 3.470E-19 3.469E-19 3.396E-19 3.344E-19 3.414E-19 3.498E-19 3.496E-19 3.456E-19 3.496E-19 3.568E-19
 3.685E-19 3.769E-19 3.681E-19 3.557E-19 3.573E-19 3.563E-19 3.468E-19 3.478E-19 3.514E-19 3.474E-19
 3.476E-19 3.583E-19 3.524E-19 3.414E-19 3.399E-19 3.424E-19 3.482E-19 3.440E-19 3.453E-19 3.512E-19
 3.685E-19 3.713E-19 3.491E-19 3.342E-19 3.302E-19 3.193E-19 3.098E-19 3.179E-19 3.220E-19 3.130E-19
 3.141E-19 3.173E-19 3.135E-19 3.138E-19 3.156E-19 3.122E-19 3.113E-19 3.163E-19 3.221E-19 3.165E-19
 3.079E-19 3.056E-19 3.010E-19 3.081E-19 3.178E-19 3.126E-19 3.002E-19 3.035E-19 3.094E-19 3.097E-19
 3.129E-19 3.167E-19 3.141E-19 3.148E-19 3.166E-19 3.188E-19 3.195E-19 3.216E-19 3.169E-19 3.064E-19
 3.102E-19 3.211E-19 3.170E-19 3.102E-19 3.110E-19 3.117E-19 3.097E-19 3.148E-19 3.161E-19 3.097E-19
 3.076E-19 3.049E-19 3.047E-19 3.156E-19 3.128E-19 3.082E-19 3.121E-19 3.083E-19 3.035E-19 2.973E-19
 2.956E-19 2.977E-19 3.185E-19 3.301E-19 3.178E-19 3.110E-19 3.157E-19 3.174E-19 3.075E-19 3.009E-19
 3.040E-19 3.027E-19 3.073E-19 3.117E-19 3.092E-19 2.969E-19 2.897E-19 2.928E-19 2.972E-19 2.991E-19
 2.986E-19 3.063E-19 3.135E-19 3.114E-19 3.015E-19 2.922E-19 2.853E-19 2.790E-19 2.890E-19 3.027E-19
 3.014E-19 2.979E-19 2.964E-19 2.938E-19 2.859E-19 2.846E-19 2.859E-19 2.858E-19 2.895E-19 2.935E-19
 2.929E-19 2.899E-19 2.859E-19 2.883E-19 2.810E-19 2.807E-19 2.868E-19 2.837E-19 2.859E-19 2.833E-19
 2.829E-19 2.808E-19 2.742E-19 2.738E-19 2.739E-19 2.630E-19 2.575E-19 2.618E-19 2.735E-19 2.807E-19
 2.783E-19 2.685E-19 2.659E-19 2.758E-19 2.851E-19 2.836E-19 2.787E-19 2.769E-19 2.782E-19 2.863E-19
 2.896E-19 2.844E-19 2.796E-19 2.739E-19 2.682E-19 2.638E-19 2.681E-19 2.752E-19 2.826E-19 2.818E-19
 2.756E-19 2.711E-19 2.750E-19 2.828E-19 2.818E-19 2.831E-19 2.770E-19 2.704E-19 2.715E-19 2.735E-19
 2.712E-19 2.626E-19 2.537E-19 2.618E-19 2.720E-19 2.760E-19 2.795E-19 2.752E-19 2.735E-19 2.755E-19
 2.762E-19 2.756E-19 2.746E-19 2.728E-19 2.755E-19 2.840E-19 2.806E-19 2.677E-19 2.643E-19 2.627E-19
 2.601E-19 2.588E-19 2.699E-19 2.801E-19 2.694E-19 2.686E-19 2.744E-19 2.801E-19 2.859E-19 2.867E-19
 2.861E-19 2.856E-19 2.804E-19 2.793E-19 2.788E-19 2.759E-19 2.806E-19 2.900E-19 2.839E-19 2.798E-19
 2.788E-19 2.787E-19 2.830E-19 2.847E-19 2.884E-19 2.913E-19 2.868E-19 2.819E-19 2.896E-19 2.929E-19
 2.850E-19 2.757E-19 2.712E-19 2.656E-19 2.622E-19 2.556E-19 2.473E-19 2.485E-19 2.561E-19 2.597E-19
 2.571E-19 2.501E-19 2.464E-19 2.494E-19 2.552E-19 2.629E-19 2.574E-19 2.543E-19 2.564E-19 2.592E-19
 2.692E-19 2.719E-19 2.619E-19 2.485E-19 2.479E-19 2.524E-19 2.502E-19 2.513E-19 2.660E-19 2.714E-19
 2.561E-19 2.503E-19 2.587E-19 2.602E-19 2.547E-19 2.538E-19 2.565E-19 2.652E-19 2.653E-19 2.599E-19
 2.611E-19 2.608E-19 2.569E-19 2.543E-19 2.567E-19 2.512E-19 2.543E-19 2.617E-19 2.719E-19 2.743E-19
 2.640E-19 2.556E-19 2.589E-19 2.608E-19 2.618E-19 2.645E-19 2.705E-19 2.717E-19 2.650E-19 2.585E-19
 2.614E-19 2.655E-19 2.567E-19 2.554E-19 2.605E-19 2.630E-19 2.641E-19 2.733E-19 2.788E-19 2.773E-19
 2.718E-19 2.718E-19 2.812E-19 2.866E-19 2.814E-19 2.930E-19 2.951E-19 2.873E-19 2.834E-19 2.821E-19
 2.811E-19 2.862E-19 2.856E-19 2.776E-19 2.796E-19 2.894E-19 2.975E-19 2.957E-19 2.902E-19 2.866E-19
 2.870E-19 2.856E-19 2.863E-19 2.925E-19 2.957E-19 2.904E-19 2.838E-19 2.786E-19 2.836E-19 2.871E-19
 2.881E-19 2.943E-19 2.970E-19 2.901E-19 2.871E-19 2.890E-19 2.907E-19 2.819E-19 2.877E-19 2.906E-19
 2.884E-19 2.984E-19 3.040E-19 2.997E-19 2.929E-19 2.938E-19 2.911E-19 2.832E-19 2.825E-19 2.873E-19
 2.903E-19 2.936E-19 3.021E-19 3.084E-19 3.060E-19 2.994E-19 2.910E-19 2.953E-19 3.011E-19 3.034E-19
 3.091E-19 3.135E-19 3.140E-19 3.071E-19 2.958E-19 2.998E-19 3.134E-19 3.109E-19 3.086E-19 3.074E-19
 2.977E-19 2.983E-19 3.020E-19 2.979E-19 3.032E-19 3.068E-19 3.104E-19 3.126E-19 3.099E-19 3.157E-19
 3.139E-19 3.039E-19 3.001E-19 2.960E-19 2.895E-19 2.964E-19 3.106E-19 3.150E-19 3.085E-19 3.080E-19
 3.185E-19 3.247E-19 3.168E-19 3.145E-19 3.177E-19 3.150E-19 3.221E-19 3.279E-19 3.207E-19 3.142E-19
 3.145E-19 3.150E-19 3.120E-19 3.112E-19 3.165E-19 3.270E-19 3.277E-19 3.364E-19 3.407E-19 3.351E-19
 3.376E-19 3.424E-19 3.395E-19 3.339E-19 3.332E-19 3.385E-19 3.411E-19 3.402E-19 3.352E-19 3.238E-19
 3.152E-19 3.184E-19 3.232E-19 3.221E-19 3.169E-19 3.066E-19 3.070E-19 3.117E-19 3.146E-19 3.177E-19
 3.189E-19 3.188E-19 3.198E-19 3.265E-19 3.333E-19 3.324E-19 3.319E-19 3.353E-19 3.262E-19 3.119E-19
 3.121E-19 3.166E-19 3.146E-19 3.180E-19 3.167E-19 3.076E-19 2.999E-19 3.068E-19 3.079E-19 3.014E-19
 3.025E-19 3.080E-19 3.218E-19 3.237E-19 3.138E-19 3.060E-19 3.119E-19 3.105E-19 2.983E-19 2.901E-19
 2.969E-19 3.101E-19 3.126E-19 3.058E-19 3.061E-19 3.066E-19 3.023E-19 2.956E-19 2.922E-19 2.981E-19
 3.089E-19 3.054E-19 2.973E-19 2.970E-19 3.008E-19 2.978E-19 2.949E-19 2.896E-19 2.715E-19 2.559E-19
 2.487E-19 2.467E-19 2.508E-19 2.492E-19 2.431E-19 2.449E-19 2.474E-19 2.572E-19 2.793E-19 3.053E-19
 3.117E-19 3.025E-19 2.986E-19 2.945E-19 2.798E-19 2.715E-19 2.671E-19 2.612E-19 2.606E-19 2.601E-19
 2.595E-19 2.522E-19 2.428E-19 2.460E-19 2.538E-19 2.544E-19 2.521E-19 2.526E-19 2.584E-19 2.611E-19
 2.629E-19 2.655E-19 2.603E-19 2.544E-19 2.546E-19 2.453E-19 2.356E-19 2.423E-19 2.547E-19 2.618E-19
 2.568E-19 2.545E-19 2.595E-19 2.598E-19 2.570E-19 2.627E-19 2.596E-19 2.517E-19 2.541E-19 2.546E-19
 2.494E-19 2.404E-19 2.351E-19 2.529E-19 2.639E-19 2.592E-19 2.541E-19 2.468E-19 2.449E-19 2.459E-19
 2.531E-19 2.522E-19 2.460E-19 2.371E-19 2.353E-19 2.463E-19 2.583E-19 2.604E-19 2.574E-19 2.613E-19
 2.572E-19 2.451E-19 2.417E-19 2.467E-19 2.513E-19 2.536E-19 2.469E-19 2.403E-19 2.352E-19 2.331E-19
 2.268E-19 2.271E-19 2.344E-19 2.356E-19 2.390E-19 2.379E-19 2.419E-19 2.427E-19 2.317E-19 2.321E-19
 2.348E-19 2.322E-19 2.294E-19 2.298E-19 2.345E-19 2.395E-19 2.336E-19 2.233E-19 2.213E-19 2.240E-19
 2.248E-19 2.172E-19 2.050E-19 2.013E-19 1.976E-19 1.993E-19 2.078E-19 2.035E-19 1.946E-19 1.909E-19
 1.970E-19 2.005E-19 1.951E-19 1.958E-19 2.008E-19 2.000E-19 1.956E-19 1.937E-19 1.911E-19 1.906E-19
 1.937E-19 1.947E-19 1.967E-19 1.903E-19 1.823E-19 1.827E-19 1.862E-19 1.858E-19 1.819E-19 1.865E-19
 1.933E-19 1.952E-19 1.930E-19 1.864E-19 1.805E-19 1.813E-19 1.782E-19 1.814E-19 1.914E-19 1.917E-19
 1.932E-19 1.928E-19 1.912E-19 1.863E-19 1.836E-19 1.864E-19 1.889E-19 1.825E-19 1.820E-19 1.895E-19
 1.946E-19 1.933E-19 1.868E-19 1.831E-19 1.837E-19 1.802E-19 1.772E-19 1.812E-19 1.808E-19 1.758E-19
 1.741E-19 1.720E-19 1.674E-19 1.637E-19 1.667E-19 1.755E-19 1.788E-19 1.809E-19 1.842E-19 1.839E-19
 1.824E-19 1.793E-19 1.862E-19 1.925E-19 1.832E-19 1.763E-19 1.759E-19 1.777E-19 1.779E-19 1.802E-19
 1.819E-19 1.806E-19 1.780E-19 1.786E-19 1.824E-19 1.843E-19 1.814E-19 1.728E-19 1.671E-19 1.728E-19
 1.689E-19 1.687E-19 1.761E-19 1.726E-19 1.717E-19 1.723E-19 1.684E-19 1.630E-19 1.593E-19 1.531E-19
 1.617E-19 1.654E-19 1.659E-19 1.682E-19 1.694E-19 1.718E-19 1.690E-19 1.622E-19 1.516E-19 1.552E-19
 1.712E-19 1.802E-19 1.700E-19 1.668E-19 1.741E-19 1.772E-19 1.822E-19 1.793E-19 1.730E-19 1.715E-19
 1.704E-19 1.762E-19 1.836E-19 1.797E-19 1.798E-19 1.790E-19 1.781E-19 1.828E-19 1.846E-19 1.800E-19
 1.738E-19 1.770E-19 1.784E-19 1.763E-19 1.740E-19 1.774E-19 1.758E-19 1.730E-19 1.737E-19 1.760E-19
 1.734E-19 1.814E-19 1.787E-19 1.711E-19 1.746E-19 1.766E-19 1.729E-19 1.710E-19 1.797E-19 1.872E-19
 1.833E-19 1.726E-19 1.712E-19 1.717E-19 1.736E-19 1.740E-19 1.737E-19 1.762E-19 1.798E-19 1.889E-19
 1.939E-19 1.852E-19 1.828E-19 1.875E-19 1.891E-19 1.878E-19 1.827E-19 1.764E-19 1.779E-19 1.854E-19
 1.875E-19 1.874E-19 1.789E-19 1.802E-19 1.806E-19 1.751E-19 1.765E-19 1.812E-19 1.880E-19 1.813E-19
 1.694E-19 1.666E-19 1.673E-19 1.687E-19 1.721E-19 1.711E-19 1.706E-19 1.658E-19 1.682E-19 1.713E-19
 1.760E-19 1.778E-19 1.761E-19 1.687E-19 1.705E-19 1.825E-19 1.845E-19 1.785E-19 1.734E-19 1.734E-19
 1.734E-19 1.722E-19 1.719E-19 1.742E-19 1.739E-19 1.724E-19 1.766E-19 1.774E-19 1.791E-19 1.803E-19
 1.805E-19 1.769E-19 1.724E-19 1.771E-19 1.765E-19 1.751E-19 1.725E-19 1.738E-19 1.756E-19 1.768E-19
 1.769E-19 1.753E-19 1.730E-19 1.714E-19 1.747E-19 1.774E-19 1.796E-19 1.828E-19 1.812E-19 1.774E-19
 1.738E-19 1.791E-19 1.841E-19 1.783E-19 1.770E-19 1.760E-19 1.783E-19 1.800E-19 1.725E-19 1.668E-19
 1.650E-19 1.692E-19 1.712E-19 1.810E-19 1.811E-19 1.745E-19 1.748E-19 1.691E-19 1.707E-19 1.810E-19
 1.878E-19 1.872E-19 1.752E-19 1.679E-19 1.715E-19 1.717E-19 1.720E-19 1.710E-19 1.659E-19 1.590E-19
 1.568E-19 1.658E-19 1.796E-19 1.810E-19 1.745E-19 1.715E-19 1.687E-19 1.730E-19 1.777E-19 1.753E-19
 1.733E-19 1.662E-19 1.671E-19 1.694E-19 1.669E-19 1.739E-19 1.706E-19 1.601E-19 1.599E-19 1.660E-19
 1.626E-19 1.676E-19 1.738E-19 1.685E-19 1.689E-19 1.660E-19 1.688E-19 1.699E-19 1.626E-19 1.620E-19
 1.684E-19 1.712E-19 1.677E-19 1.618E-19 1.588E-19 1.591E-19 1.538E-19 1.622E-19 1.720E-19 1.629E-19
 1.610E-19 1.726E-19 1.687E-19 1.580E-19 1.690E-19 1.678E-19 1.610E-19 1.657E-19 1.706E-19 1.726E-19
 1.708E-19 1.665E-19 1.619E-19 1.518E-19 1.510E-19 1.603E-19 1.628E-19 1.592E-19 1.585E-19 1.636E-19
 1.574E-19 1.507E-19 1.508E-19 1.521E-19 1.534E-19 1.485E-19 1.430E-19 1.500E-19 1.536E-19 1.492E-19
 1.520E-19 1.491E-19 1.482E-19 1.527E-19 1.632E-19 1.606E-19 1.502E-19 1.521E-19 1.568E-19 1.584E-19
 1.601E-19 1.518E-19 1.422E-19 1.462E-19 1.551E-19 1.608E-19 1.589E-19 1.552E-19 1.526E-19 1.506E-19
 1.470E-19 1.581E-19 1.608E-19 1.485E-19 1.370E-19 1.315E-19 1.397E-19 1.396E-19 1.380E-19 1.335E-19
 1.326E-19 1.369E-19 1.392E-19 1.508E-19 1.572E-19 1.461E-19 1.318E-19 1.370E-19 1.439E-19 1.449E-19
 1.451E-19 1.416E-19 1.389E-19 1.409E-19 1.447E-19 1.472E-19 1.336E-19 1.256E-19 1.276E-19 1.302E-19
 1.374E-19 1.414E-19 1.401E-19 1.364E-19 1.329E-19 1.328E-19 1.306E-19 1.342E-19 1.456E-19 1.490E-19
 1.436E-19 1.477E-19 1.541E-19 1.490E-19 1.388E-19 1.385E-19 1.401E-19 1.384E-19 1.365E-19 1.361E-19
 1.361E-19 1.372E-19 1.398E-19 1.348E-19 1.291E-19 1.350E-19 1.404E-19 1.416E-19 1.434E-19 1.477E-19
 1.503E-19 1.450E-19 1.375E-19 1.303E-19 1.314E-19 1.328E-19 1.357E-19 1.378E-19 1.363E-19 1.298E-19
 1.368E-19 1.400E-19 1.385E-19 1.330E-19 1.270E-19 1.227E-19 1.180E-19 1.163E-19 1.128E-19 1.198E-19
 1.237E-19 1.226E-19 1.200E-19 1.138E-19 1.025E-19 1.033E-19 1.189E-19 1.274E-19 1.345E-19 1.293E-19
 1.199E-19 1.132E-19 1.136E-19 1.203E-19 1.212E-19 1.167E-19 1.141E-19 1.145E-19 1.216E-19 1.273E-19
 1.196E-19 1.124E-19 1.124E-19 1.116E-19 1.077E-19 1.052E-19 1.121E-19 1.151E-19 1.093E-19 1.038E-19
 1.050E-19 1.182E-19 1.151E-19 1.078E-19 1.048E-19 1.018E-19 1.007E-19 9.491E-20 9.339E-20 9.425E-20
 9.405E-20 9.953E-20 1.079E-19 1.139E-19 1.136E-19 1.128E-19 1.084E-19 1.009E-19 9.807E-20 9.222E-20
 8.739E-20 9.221E-20 9.834E-20 1.004E-19 1.046E-19 1.056E-19 1.003E-19 9.675E-20 9.264E-20 8.901E-20
 9.710E-20 1.059E-19 1.063E-19 1.015E-19 9.997E-20 1.000E-19 9.755E-20 9.524E-20 9.523E-20 9.265E-20
 9.033E-20 9.062E-20 9.619E-20 9.812E-20 9.552E-20 9.165E-20 8.324E-20 8.503E-20 8.842E-20 8.492E-20
 8.312E-20 8.134E-20 8.379E-20 8.149E-20 7.834E-20 7.640E-20 7.725E-20 9.228E-20 9.379E-20 8.975E-20
 8.954E-20 8.522E-20 8.115E-20 8.918E-20 8.606E-20 7.649E-20 7.208E-20 7.136E-20 6.994E-20 7.532E-20
 7.767E-20 7.304E-20 7.848E-20 8.158E-20 7.408E-20 6.805E-20 7.122E-20 6.813E-20 6.283E-20 6.543E-20
 7.238E-20 7.272E-20 6.974E-20 6.775E-20 6.205E-20 5.622E-20 5.764E-20 6.372E-20 6.649E-20 6.458E-20
 6.298E-20 6.336E-20 6.202E-20 5.929E-20 6.103E-20 6.255E-20 5.925E-20 6.466E-20 7.450E-20 7.768E-20
 6.999E-20 6.041E-20 5.322E-20 5.351E-20 6.134E-20 6.449E-20 6.761E-20 6.870E-20 5.758E-20 5.487E-20
 5.131E-20 5.104E-20 5.651E-20 5.785E-20 6.148E-20 6.591E-20 6.899E-20 6.747E-20 6.085E-20 5.311E-20
 5.101E-20 5.271E-20 5.532E-20 5.259E-20 4.914E-20 5.012E-20 5.732E-20 5.529E-20 5.202E-20 4.915E-20
 5.193E-20 5.227E-20 4.590E-20 4.242E-20 4.314E-20 4.848E-20 5.223E-20 5.221E-20 4.214E-20 3.880E-20
 4.605E-20 4.523E-20 5.507E-20 6.053E-20 5.178E-20 5.023E-20 5.536E-20 5.575E-20 5.289E-20 4.394E-20
 4.280E-20 4.694E-20 5.345E-20 6.000E-20 5.594E-20 4.802E-20 4.550E-20 4.087E-20 4.041E-20 4.229E-20
 3.658E-20 3.233E-20 3.121E-20 4.011E-20 4.552E-20 3.780E-20 3.037E-20 2.695E-20 3.307E-20 3.916E-20
 4.164E-20 4.136E-20 4.293E-20 4.507E-20 3.614E-20 3.445E-20 3.946E-20 3.608E-20 2.944E-20 3.451E-20
 3.875E-20 3.752E-20 3.522E-20 3.940E-20 4.346E-20 4.577E-20 4.477E-20 3.455E-20 3.102E-20 4.078E-20
 4.661E-20 3.438E-20 3.113E-20 3.661E-20 3.539E-20 3.768E-20 3.678E-20 3.995E-20 4.253E-20 4.324E-20
 3.609E-20 2.623E-20 3.136E-20 3.899E-20 3.328E-20 2.191E-20 2.775E-20 3.608E-20 4.033E-20 3.891E-20
 3.869E-20 3.544E-20 3.360E-20 3.705E-20 3.162E-20 2.932E-20 3.313E-20 3.694E-20 4.152E-20 4.503E-20
 3.786E-20 3.107E-20 3.303E-20 3.935E-20 3.754E-20 3.420E-20 3.252E-20 3.167E-20 2.685E-20 2.464E-20
 2.801E-20 2.380E-20 2.013E-20 2.533E-20 3.169E-20 3.013E-20 2.912E-20 3.557E-20 3.858E-20 3.871E-20
 3.558E-20 3.569E-20 2.823E-20 2.796E-20 3.630E-20 4.025E-20 3.658E-20 3.238E-20 2.892E-20 1.843E-20
 1.354E-20 1.463E-20 1.658E-20 2.472E-20 3.279E-20 3.511E-20 3.607E-20 3.538E-20 2.978E-20 3.092E-20
 3.501E-20 3.546E-20 3.162E-20 3.034E-20 0.000E+00 0.000E+00 0.000E+00 0.000E+00 0.000E+00 0.000E+00
