    C2ClF5  955.0110 1014.9860      4044  213.0000    0.0000 2.609E-18  NCAR    CFC-115
 2.349E-20 1.871E-20 2.506E-20 2.823E-20 3.386E-20 3.192E-20 2.190E-20 1.680E-20 1.101E-20 1.662E-20
 1.665E-20 1.499E-20 2.167E-20 2.343E-20 2.810E-20 2.772E-20 2.925E-20 3.719E-20 2.662E-20 1.579E-20
 1.368E-20 2.095E-20 2.724E-20 2.499E-20 2.585E-20 2.156E-20 1.668E-20 2.119E-20 2.506E-20 1.901E-20
 1.034E-20 1.681E-20 2.450E-20 2.735E-20 3.078E-20 2.952E-20 2.805E-20 1.657E-20 1.394E-20 1.724E-20
 1.582E-20 1.559E-20 1.950E-20 2.375E-20 2.136E-20 1.470E-20 1.501E-20 2.363E-20 2.652E-20 2.183E-20
 1.990E-20 2.071E-20 2.042E-20 2.535E-20 2.979E-20 2.497E-20 2.173E-20 1.859E-20 1.248E-20 1.408E-20
 1.798E-20 2.068E-20 2.680E-20 2.832E-20 2.322E-20 2.090E-20 2.778E-20 3.036E-20 2.751E-20 2.889E-20
 3.214E-20 2.710E-20 2.149E-20 1.873E-20 1.958E-20 2.411E-20 2.840E-20 3.137E-20 3.884E-20 4.196E-20
 3.688E-20 2.853E-20 2.742E-20 2.438E-20 2.796E-20 2.745E-20 2.341E-20 3.373E-20 3.262E-20 2.941E-20
 2.976E-20 3.200E-20 3.466E-20 3.270E-20 2.853E-20 2.756E-20 2.806E-20 2.244E-20 2.689E-20 3.522E-20
 3.000E-20 2.578E-20 2.758E-20 2.741E-20 2.302E-20 2.620E-20 3.523E-20 3.534E-20 3.558E-20 3.696E-20
 3.274E-20 2.634E-20 2.460E-20 2.758E-20 2.798E-20 2.608E-20 1.811E-20 2.179E-20 2.200E-20 1.914E-20
 2.405E-20 2.585E-20 2.734E-20 3.329E-20 3.801E-20 4.163E-20 4.441E-20 3.853E-20 2.720E-20 2.864E-20
 2.377E-20 1.770E-20 1.869E-20 2.962E-20 4.041E-20 4.371E-20 3.666E-20 2.514E-20 2.000E-20 2.275E-20
 2.160E-20 1.865E-20 2.628E-20 3.391E-20 3.551E-20 3.119E-20 3.784E-20 3.968E-20 3.290E-20 2.741E-20
 2.894E-20 3.394E-20 3.282E-20 3.599E-20 3.511E-20 2.747E-20 2.556E-20 2.467E-20 2.836E-20 2.474E-20
 2.585E-20 3.615E-20 3.943E-20 3.512E-20 2.211E-20 1.589E-20 1.803E-20 2.279E-20 2.365E-20 2.211E-20
 2.486E-20 2.701E-20 3.014E-20 2.946E-20 2.371E-20 1.309E-20 1.155E-20 1.726E-20 1.521E-20 2.233E-20
 1.924E-20 1.373E-20 2.116E-20 3.035E-20 2.466E-20 1.288E-20 1.204E-20 1.950E-20 1.960E-20 1.968E-20
 2.546E-20 2.023E-20 1.554E-20 1.161E-20 1.277E-20 1.699E-20 2.459E-20 3.019E-20 2.514E-20 2.528E-20
 2.714E-20 1.853E-20 2.610E-20 3.181E-20 2.070E-20 1.175E-20 1.222E-20 2.118E-20 2.617E-20 1.838E-20
 1.477E-20 1.205E-20 1.575E-20 2.340E-20 1.876E-20 2.220E-20 3.035E-20 3.076E-20 2.930E-20 2.971E-20
 3.521E-20 2.419E-20 1.959E-20 2.615E-20 3.592E-20 3.536E-20 3.023E-20 3.182E-20 3.593E-20 2.997E-20
 2.146E-20 1.952E-20 1.859E-20 2.406E-20 2.799E-20 3.614E-20 3.417E-20 2.748E-20 2.446E-20 2.255E-20
 2.575E-20 2.580E-20 2.477E-20 2.649E-20 2.378E-20 2.862E-20 2.552E-20 1.403E-20 9.504E-21 1.431E-20
 1.536E-20 1.682E-20 2.002E-20 3.242E-20 4.408E-20 3.655E-20 3.113E-20 3.566E-20 3.547E-20 2.566E-20
 2.056E-20 1.987E-20 2.155E-20 3.002E-20 2.804E-20 2.687E-20 3.104E-20 2.890E-20 2.312E-20 2.083E-20
 2.310E-20 2.491E-20 2.757E-20 2.759E-20 3.335E-20 3.435E-20 2.478E-20 2.250E-20 2.602E-20 2.896E-20
 3.129E-20 3.440E-20 3.273E-20 3.012E-20 2.907E-20 2.778E-20 2.687E-20 2.848E-20 2.987E-20 3.143E-20
 3.287E-20 3.099E-20 3.214E-20 3.093E-20 2.810E-20 2.602E-20 3.013E-20 3.774E-20 4.000E-20 4.405E-20
 3.994E-20 3.968E-20 3.934E-20 2.248E-20 2.270E-20 3.021E-20 2.600E-20 3.122E-20 4.204E-20 4.357E-20
 4.103E-20 3.914E-20 3.975E-20 3.559E-20 2.920E-20 2.276E-20 2.037E-20 2.292E-20 2.631E-20 2.691E-20
 2.359E-20 2.530E-20 2.433E-20 2.675E-20 3.233E-20 2.964E-20 2.708E-20 3.290E-20 3.832E-20 3.715E-20
 4.163E-20 4.387E-20 3.967E-20 3.923E-20 3.769E-20 4.156E-20 4.250E-20 4.691E-20 4.715E-20 4.927E-20
 5.631E-20 4.681E-20 3.728E-20 3.255E-20 3.400E-20 3.877E-20 3.876E-20 3.732E-20 4.102E-20 4.157E-20
 3.741E-20 3.248E-20 3.509E-20 3.688E-20 2.492E-20 1.984E-20 2.781E-20 2.781E-20 3.737E-20 3.716E-20
 3.179E-20 3.633E-20 4.229E-20 3.828E-20 3.142E-20 3.719E-20 4.151E-20 3.120E-20 2.746E-20 3.232E-20
 3.094E-20 3.268E-20 3.811E-20 3.906E-20 3.761E-20 3.703E-20 3.808E-20 2.751E-20 2.466E-20 2.982E-20
 3.077E-20 3.321E-20 3.225E-20 3.166E-20 3.784E-20 4.004E-20 3.527E-20 3.707E-20 3.585E-20 3.074E-20
 3.039E-20 3.490E-20 3.632E-20 3.186E-20 2.169E-20 1.829E-20 2.829E-20 3.212E-20 2.806E-20 2.081E-20
 2.539E-20 3.211E-20 3.545E-20 4.024E-20 3.816E-20 3.779E-20 3.939E-20 3.904E-20 3.669E-20 2.942E-20
 2.698E-20 3.786E-20 4.221E-20 4.565E-20 4.802E-20 3.838E-20 3.528E-20 3.799E-20 3.731E-20 4.037E-20
 4.647E-20 4.396E-20 3.745E-20 3.762E-20 4.686E-20 4.867E-20 4.080E-20 3.408E-20 3.832E-20 4.404E-20
 4.997E-20 4.561E-20 3.572E-20 2.968E-20 3.605E-20 4.058E-20 4.427E-20 4.463E-20 4.165E-20 4.714E-20
 4.158E-20 3.498E-20 3.581E-20 3.509E-20 3.517E-20 3.547E-20 3.377E-20 4.151E-20 4.556E-20 4.644E-20
 4.334E-20 3.890E-20 3.599E-20 4.029E-20 3.966E-20 3.539E-20 3.474E-20 3.775E-20 4.095E-20 4.523E-20
 4.250E-20 4.170E-20 4.896E-20 4.941E-20 4.657E-20 4.243E-20 3.966E-20 4.234E-20 4.622E-20 3.923E-20
 2.909E-20 3.327E-20 3.654E-20 4.064E-20 4.377E-20 4.378E-20 4.516E-20 4.719E-20 5.088E-20 4.819E-20
 4.350E-20 4.395E-20 4.394E-20 4.289E-20 4.450E-20 5.326E-20 5.936E-20 4.853E-20 3.716E-20 3.695E-20
 3.687E-20 3.376E-20 3.757E-20 4.353E-20 4.331E-20 4.300E-20 3.956E-20 3.448E-20 3.644E-20 3.294E-20
 3.707E-20 4.622E-20 5.131E-20 5.918E-20 5.707E-20 5.126E-20 5.236E-20 4.807E-20 4.645E-20 4.221E-20
 4.122E-20 4.972E-20 5.436E-20 5.385E-20 5.514E-20 5.472E-20 5.643E-20 6.214E-20 5.839E-20 5.133E-20
 5.451E-20 5.144E-20 3.737E-20 3.597E-20 3.430E-20 2.812E-20 3.213E-20 3.842E-20 3.499E-20 3.306E-20
 4.303E-20 4.635E-20 4.016E-20 3.505E-20 3.488E-20 3.529E-20 3.210E-20 3.524E-20 3.496E-20 3.873E-20
 4.530E-20 4.505E-20 4.759E-20 4.186E-20 4.295E-20 5.322E-20 5.019E-20 4.879E-20 5.287E-20 5.864E-20
 5.677E-20 5.155E-20 5.045E-20 4.569E-20 4.704E-20 4.912E-20 3.847E-20 2.804E-20 2.904E-20 3.195E-20
 3.159E-20 3.651E-20 3.999E-20 3.832E-20 4.170E-20 4.360E-20 4.612E-20 4.646E-20 4.533E-20 4.099E-20
 3.150E-20 3.294E-20 4.484E-20 4.948E-20 4.170E-20 3.309E-20 3.282E-20 4.054E-20 4.476E-20 4.657E-20
 4.162E-20 4.500E-20 4.572E-20 3.698E-20 2.460E-20 2.435E-20 4.594E-20 5.279E-20 4.978E-20 4.560E-20
 4.498E-20 4.297E-20 4.561E-20 4.454E-20 4.098E-20 4.784E-20 5.158E-20 5.249E-20 5.769E-20 5.802E-20
 5.014E-20 4.854E-20 5.135E-20 5.419E-20 4.730E-20 4.675E-20 5.394E-20 5.102E-20 4.842E-20 4.751E-20
 3.922E-20 2.954E-20 3.553E-20 4.325E-20 4.564E-20 4.759E-20 4.975E-20 4.073E-20 3.751E-20 4.256E-20
 4.376E-20 4.125E-20 4.877E-20 5.299E-20 4.439E-20 4.517E-20 4.640E-20 4.190E-20 3.232E-20 2.225E-20
 2.316E-20 3.123E-20 2.943E-20 3.569E-20 4.689E-20 4.510E-20 3.655E-20 2.799E-20 3.504E-20 4.252E-20
 4.204E-20 4.477E-20 5.451E-20 5.995E-20 5.168E-20 4.688E-20 5.054E-20 4.777E-20 5.016E-20 5.599E-20
 5.726E-20 6.298E-20 6.518E-20 5.756E-20 5.694E-20 5.615E-20 4.507E-20 4.248E-20 4.463E-20 5.250E-20
 5.509E-20 5.171E-20 4.864E-20 4.653E-20 4.372E-20 5.113E-20 5.106E-20 4.773E-20 4.344E-20 4.061E-20
 4.605E-20 5.793E-20 5.541E-20 4.355E-20 4.333E-20 4.434E-20 4.123E-20 4.678E-20 5.015E-20 5.070E-20
 5.077E-20 4.980E-20 5.092E-20 4.524E-20 4.339E-20 4.502E-20 4.077E-20 4.082E-20 4.848E-20 5.017E-20
 4.893E-20 4.772E-20 5.090E-20 5.697E-20 5.960E-20 6.372E-20 6.353E-20 6.104E-20 6.061E-20 6.346E-20
 5.852E-20 4.637E-20 5.065E-20 5.733E-20 5.097E-20 4.621E-20 5.677E-20 6.432E-20 6.051E-20 5.426E-20
 6.040E-20 6.323E-20 6.017E-20 5.599E-20 5.110E-20 4.974E-20 5.835E-20 6.507E-20 6.269E-20 5.869E-20
 5.810E-20 6.032E-20 6.213E-20 6.285E-20 5.475E-20 4.849E-20 6.165E-20 6.031E-20 4.537E-20 4.161E-20
 4.897E-20 5.684E-20 6.222E-20 6.125E-20 5.619E-20 5.385E-20 5.750E-20 5.678E-20 5.114E-20 5.770E-20
 6.187E-20 6.188E-20 6.379E-20 5.796E-20 5.113E-20 5.598E-20 6.218E-20 5.679E-20 5.554E-20 6.700E-20
 7.052E-20 7.211E-20 7.999E-20 8.682E-20 8.198E-20 7.268E-20 6.458E-20 6.490E-20 6.606E-20 6.051E-20
 6.066E-20 6.970E-20 7.624E-20 7.486E-20 7.229E-20 7.387E-20 7.975E-20 8.199E-20 8.007E-20 8.487E-20
 8.597E-20 7.815E-20 7.850E-20 8.055E-20 7.852E-20 6.975E-20 6.326E-20 5.919E-20 5.796E-20 6.605E-20
 6.508E-20 7.551E-20 8.173E-20 7.380E-20 7.090E-20 6.469E-20 6.783E-20 7.933E-20 8.318E-20 8.575E-20
 8.881E-20 9.444E-20 9.483E-20 9.028E-20 9.292E-20 9.881E-20 9.666E-20 9.628E-20 9.533E-20 9.571E-20
 1.019E-19 1.095E-19 1.156E-19 1.116E-19 1.101E-19 1.041E-19 9.346E-20 8.922E-20 8.826E-20 8.150E-20
 8.358E-20 8.330E-20 8.015E-20 8.365E-20 8.659E-20 7.948E-20 7.367E-20 8.313E-20 9.340E-20 9.151E-20
 8.206E-20 7.535E-20 7.610E-20 7.203E-20 7.122E-20 8.230E-20 9.328E-20 9.340E-20 9.441E-20 9.320E-20
 8.513E-20 7.966E-20 7.761E-20 8.523E-20 8.878E-20 9.317E-20 9.456E-20 9.133E-20 9.652E-20 9.384E-20
 8.658E-20 8.873E-20 9.579E-20 1.008E-19 1.034E-19 1.010E-19 9.214E-20 9.330E-20 1.011E-19 1.025E-19
 9.891E-20 8.990E-20 8.498E-20 9.661E-20 1.029E-19 1.020E-19 1.020E-19 1.022E-19 1.030E-19 1.036E-19
 1.032E-19 1.021E-19 1.032E-19 1.043E-19 9.997E-20 1.084E-19 1.166E-19 1.116E-19 1.091E-19 1.109E-19
 1.045E-19 1.064E-19 1.103E-19 1.121E-19 1.121E-19 1.060E-19 1.013E-19 1.018E-19 1.111E-19 1.129E-19
 1.108E-19 1.142E-19 1.138E-19 1.130E-19 1.186E-19 1.268E-19 1.196E-19 1.118E-19 1.127E-19 1.109E-19
 1.127E-19 1.205E-19 1.250E-19 1.228E-19 1.150E-19 1.165E-19 1.213E-19 1.176E-19 1.210E-19 1.228E-19
 1.158E-19 1.181E-19 1.251E-19 1.319E-19 1.353E-19 1.319E-19 1.310E-19 1.292E-19 1.341E-19 1.341E-19
 1.259E-19 1.216E-19 1.369E-19 1.406E-19 1.268E-19 1.207E-19 1.202E-19 1.210E-19 1.304E-19 1.389E-19
 1.407E-19 1.410E-19 1.457E-19 1.426E-19 1.392E-19 1.390E-19 1.410E-19 1.501E-19 1.517E-19 1.450E-19
 1.421E-19 1.428E-19 1.451E-19 1.425E-19 1.480E-19 1.525E-19 1.468E-19 1.494E-19 1.547E-19 1.588E-19
 1.607E-19 1.561E-19 1.605E-19 1.632E-19 1.540E-19 1.559E-19 1.596E-19 1.552E-19 1.618E-19 1.644E-19
 1.524E-19 1.477E-19 1.599E-19 1.642E-19 1.616E-19 1.644E-19 1.693E-19 1.712E-19 1.789E-19 1.771E-19
 1.702E-19 1.704E-19 1.747E-19 1.766E-19 1.694E-19 1.750E-19 1.835E-19 1.842E-19 1.757E-19 1.742E-19
 1.735E-19 1.705E-19 1.763E-19 1.815E-19 1.846E-19 1.946E-19 1.932E-19 1.924E-19 1.887E-19 1.798E-19
 1.819E-19 1.871E-19 1.838E-19 1.941E-19 1.990E-19 1.928E-19 1.884E-19 1.910E-19 1.924E-19 2.000E-19
 2.041E-19 1.994E-19 1.975E-19 1.984E-19 2.049E-19 2.104E-19 2.096E-19 2.012E-19 2.003E-19 2.048E-19
 2.067E-19 2.024E-19 1.983E-19 2.013E-19 2.075E-19 2.055E-19 2.042E-19 2.036E-19 2.058E-19 2.125E-19
 2.189E-19 2.192E-19 2.129E-19 2.200E-19 2.268E-19 2.258E-19 2.188E-19 2.219E-19 2.295E-19 2.277E-19
 2.294E-19 2.337E-19 2.405E-19 2.383E-19 2.324E-19 2.269E-19 2.273E-19 2.325E-19 2.358E-19 2.422E-19
 2.555E-19 2.624E-19 2.560E-19 2.509E-19 2.527E-19 2.488E-19 2.461E-19 2.482E-19 2.507E-19 2.579E-19
 2.649E-19 2.560E-19 2.478E-19 2.469E-19 2.508E-19 2.574E-19 2.598E-19 2.627E-19 2.706E-19 2.726E-19
 2.660E-19 2.682E-19 2.696E-19 2.679E-19 2.715E-19 2.799E-19 2.831E-19 2.744E-19 2.705E-19 2.747E-19
 2.784E-19 2.800E-19 2.754E-19 2.725E-19 2.840E-19 2.946E-19 3.014E-19 3.052E-19 3.054E-19 3.093E-19
 3.123E-19 3.087E-19 3.057E-19 3.073E-19 3.107E-19 3.138E-19 3.113E-19 3.012E-19 3.000E-19 3.078E-19
 3.109E-19 3.142E-19 3.153E-19 3.190E-19 3.202E-19 3.210E-19 3.252E-19 3.291E-19 3.298E-19 3.349E-19
 3.356E-19 3.332E-19 3.304E-19 3.318E-19 3.353E-19 3.397E-19 3.406E-19 3.405E-19 3.399E-19 3.406E-19
 3.427E-19 3.402E-19 3.487E-19 3.558E-19 3.527E-19 3.541E-19 3.594E-19 3.593E-19 3.595E-19 3.599E-19
 3.617E-19 3.634E-19 3.647E-19 3.679E-19 3.790E-19 3.748E-19 3.584E-19 3.599E-19 3.710E-19 3.759E-19
 3.735E-19 3.676E-19 3.697E-19 3.793E-19 3.853E-19 3.904E-19 3.939E-19 3.889E-19 3.883E-19 3.854E-19
 3.806E-19 3.830E-19 3.905E-19 3.977E-19 3.976E-19 3.913E-19 3.923E-19 3.989E-19 4.002E-19 3.985E-19
 4.066E-19 4.235E-19 4.408E-19 4.393E-19 4.254E-19 4.192E-19 4.103E-19 4.097E-19 4.234E-19 4.300E-19
 4.331E-19 4.379E-19 4.356E-19 4.317E-19 4.227E-19 4.264E-19 4.435E-19 4.514E-19 4.463E-19 4.512E-19
 4.506E-19 4.381E-19 4.370E-19 4.451E-19 4.554E-19 4.633E-19 4.661E-19 4.656E-19 4.625E-19 4.584E-19
 4.585E-19 4.609E-19 4.686E-19 4.672E-19 4.672E-19 4.775E-19 4.799E-19 4.751E-19 4.738E-19 4.845E-19
 4.902E-19 4.883E-19 4.849E-19 4.837E-19 4.803E-19 4.822E-19 4.946E-19 5.053E-19 5.115E-19 5.036E-19
 4.956E-19 4.995E-19 5.052E-19 5.097E-19 5.096E-19 5.121E-19 5.272E-19 5.366E-19 5.326E-19 5.320E-19
 5.318E-19 5.284E-19 5.314E-19 5.443E-19 5.473E-19 5.366E-19 5.326E-19 5.429E-19 5.418E-19 5.344E-19
 5.380E-19 5.431E-19 5.438E-19 5.434E-19 5.451E-19 5.501E-19 5.498E-19 5.522E-19 5.633E-19 5.717E-19
 5.669E-19 5.598E-19 5.674E-19 5.671E-19 5.641E-19 5.763E-19 5.827E-19 5.841E-19 5.821E-19 5.877E-19
 5.860E-19 5.731E-19 5.780E-19 5.986E-19 6.105E-19 6.045E-19 5.995E-19 5.947E-19 5.888E-19 5.859E-19
 5.938E-19 6.038E-19 6.035E-19 6.075E-19 6.163E-19 6.139E-19 6.068E-19 6.100E-19 6.164E-19 6.142E-19
 6.157E-19 6.245E-19 6.328E-19 6.264E-19 6.168E-19 6.252E-19 6.433E-19 6.512E-19 6.506E-19 6.416E-19
 6.432E-19 6.586E-19 6.562E-19 6.530E-19 6.571E-19 6.488E-19 6.399E-19 6.432E-19 6.504E-19 6.556E-19
 6.733E-19 6.801E-19 6.732E-19 6.719E-19 6.742E-19 6.755E-19 6.734E-19 6.731E-19 6.775E-19 6.925E-19
 7.004E-19 6.955E-19 6.924E-19 6.893E-19 6.946E-19 6.955E-19 6.954E-19 7.043E-19 7.049E-19 7.037E-19
 7.158E-19 7.222E-19 7.088E-19 7.069E-19 7.066E-19 7.088E-19 7.275E-19 7.388E-19 7.454E-19 7.381E-19
 7.221E-19 7.138E-19 7.217E-19 7.258E-19 7.359E-19 7.471E-19 7.515E-19 7.466E-19 7.400E-19 7.415E-19
 7.448E-19 7.500E-19 7.540E-19 7.592E-19 7.557E-19 7.463E-19 7.389E-19 7.538E-19 7.694E-19 7.632E-19
 7.607E-19 7.749E-19 7.747E-19 7.556E-19 7.531E-19 7.739E-19 7.808E-19 7.865E-19 7.956E-19 7.886E-19
 7.749E-19 7.716E-19 7.857E-19 7.974E-19 7.948E-19 7.999E-19 8.016E-19 7.946E-19 7.908E-19 7.920E-19
 7.976E-19 8.066E-19 8.161E-19 8.318E-19 8.254E-19 8.119E-19 8.151E-19 8.261E-19 8.350E-19 8.407E-19
 8.378E-19 8.261E-19 8.142E-19 8.077E-19 8.126E-19 8.270E-19 8.434E-19 8.508E-19 8.543E-19 8.374E-19
 8.191E-19 8.227E-19 8.368E-19 8.606E-19 8.722E-19 8.656E-19 8.546E-19 8.424E-19 8.425E-19 8.504E-19
 8.640E-19 8.664E-19 8.643E-19 8.692E-19 8.679E-19 8.545E-19 8.533E-19 8.646E-19 8.822E-19 8.896E-19
 8.849E-19 8.856E-19 8.768E-19 8.766E-19 8.824E-19 8.889E-19 8.995E-19 9.043E-19 9.023E-19 8.951E-19
 8.961E-19 8.987E-19 8.981E-19 8.990E-19 9.039E-19 9.080E-19 9.020E-19 8.960E-19 8.977E-19 8.976E-19
 9.167E-19 9.388E-19 9.391E-19 9.255E-19 8.978E-19 8.860E-19 8.903E-19 9.017E-19 9.262E-19 9.485E-19
 9.508E-19 9.320E-19 9.076E-19 9.031E-19 9.142E-19 9.369E-19 9.524E-19 9.610E-19 9.605E-19 9.469E-19
 9.285E-19 9.172E-19 9.247E-19 9.519E-19 9.749E-19 9.658E-19 9.414E-19 9.168E-19 9.104E-19 9.246E-19
 9.471E-19 9.669E-19 9.691E-19 9.545E-19 9.284E-19 9.167E-19 9.265E-19 9.514E-19 9.782E-19 9.884E-19
 9.758E-19 9.484E-19 9.293E-19 9.315E-19 9.604E-19 9.803E-19 9.950E-19 9.987E-19 9.657E-19 9.325E-19
 9.217E-19 9.478E-19 9.809E-19 9.941E-19 1.000E-18 9.783E-19 9.501E-19 9.408E-19 9.651E-19 9.969E-19
 1.008E-18 1.005E-18 9.869E-19 9.579E-19 9.444E-19 9.410E-19 9.586E-19 9.907E-19 1.018E-18 1.007E-18
 9.724E-19 9.575E-19 9.512E-19 9.651E-19 1.001E-18 1.034E-18 1.037E-18 9.993E-19 9.528E-19 9.440E-19
 9.618E-19 9.910E-19 1.021E-18 1.044E-18 1.016E-18 9.631E-19 9.500E-19 9.749E-19 9.983E-19 1.016E-18
 1.039E-18 1.027E-18 9.879E-19 9.671E-19 9.703E-19 9.841E-19 1.013E-18 1.048E-18 1.041E-18 9.951E-19
 9.738E-19 9.759E-19 9.845E-19 1.013E-18 1.051E-18 1.060E-18 1.031E-18 9.931E-19 9.740E-19 9.880E-19
 1.015E-18 1.046E-18 1.063E-18 1.047E-18 1.003E-18 9.748E-19 9.836E-19 1.004E-18 1.035E-18 1.075E-18
 1.064E-18 1.011E-18 9.744E-19 9.749E-19 9.872E-19 1.025E-18 1.076E-18 1.070E-18 1.021E-18 9.906E-19
 9.871E-19 9.956E-19 1.025E-18 1.076E-18 1.088E-18 1.044E-18 9.931E-19 9.797E-19 1.004E-18 1.027E-18
 1.069E-18 1.099E-18 1.062E-18 9.976E-19 9.784E-19 1.005E-18 1.035E-18 1.081E-18 1.116E-18 1.075E-18
 1.008E-18 9.931E-19 1.002E-18 1.009E-18 1.056E-18 1.109E-18 1.089E-18 1.032E-18 1.010E-18 1.022E-18
 1.039E-18 1.076E-18 1.120E-18 1.104E-18 1.053E-18 1.026E-18 1.026E-18 1.032E-18 1.071E-18 1.121E-18
 1.123E-18 1.072E-18 1.029E-18 1.024E-18 1.040E-18 1.093E-18 1.143E-18 1.142E-18 1.083E-18 1.035E-18
 1.020E-18 1.019E-18 1.054E-18 1.114E-18 1.131E-18 1.082E-18 1.031E-18 1.008E-18 1.002E-18 1.032E-18
 1.095E-18 1.118E-18 1.076E-18 1.029E-18 1.010E-18 1.017E-18 1.055E-18 1.102E-18 1.129E-18 1.112E-18
 1.065E-18 1.048E-18 1.064E-18 1.088E-18 1.124E-18 1.151E-18 1.110E-18 1.032E-18 9.876E-19 9.890E-19
 1.028E-18 1.095E-18 1.150E-18 1.118E-18 1.044E-18 1.008E-18 1.010E-18 1.017E-18 1.065E-18 1.123E-18
 1.099E-18 1.029E-18 9.998E-19 1.007E-18 1.028E-18 1.077E-18 1.119E-18 1.094E-18 1.030E-18 9.967E-19
 1.010E-18 1.050E-18 1.098E-18 1.136E-18 1.119E-18 1.053E-18 1.014E-18 1.015E-18 1.049E-18 1.110E-18
 1.166E-18 1.143E-18 1.071E-18 1.035E-18 1.041E-18 1.066E-18 1.116E-18 1.169E-18 1.145E-18 1.077E-18
 1.045E-18 1.060E-18 1.073E-18 1.109E-18 1.162E-18 1.147E-18 1.090E-18 1.060E-18 1.057E-18 1.076E-18
 1.105E-18 1.139E-18 1.122E-18 1.066E-18 1.036E-18 1.046E-18 1.072E-18 1.110E-18 1.149E-18 1.143E-18
 1.093E-18 1.063E-18 1.069E-18 1.093E-18 1.144E-18 1.200E-18 1.182E-18 1.124E-18 1.096E-18 1.105E-18
 1.121E-18 1.160E-18 1.205E-18 1.192E-18 1.145E-18 1.127E-18 1.144E-18 1.174E-18 1.232E-18 1.283E-18
 1.266E-18 1.218E-18 1.206E-18 1.216E-18 1.228E-18 1.260E-18 1.282E-18 1.252E-18 1.209E-18 1.202E-18
 1.214E-18 1.239E-18 1.292E-18 1.330E-18 1.322E-18 1.319E-18 1.327E-18 1.321E-18 1.307E-18 1.315E-18
 1.314E-18 1.268E-18 1.234E-18 1.216E-18 1.210E-18 1.218E-18 1.254E-18 1.259E-18 1.226E-18 1.209E-18
 1.207E-18 1.204E-18 1.236E-18 1.281E-18 1.282E-18 1.247E-18 1.216E-18 1.202E-18 1.212E-18 1.248E-18
 1.291E-18 1.307E-18 1.297E-18 1.301E-18 1.316E-18 1.332E-18 1.362E-18 1.404E-18 1.405E-18 1.392E-18
 1.408E-18 1.427E-18 1.441E-18 1.457E-18 1.478E-18 1.463E-18 1.438E-18 1.450E-18 1.472E-18 1.464E-18
 1.446E-18 1.435E-18 1.410E-18 1.387E-18 1.376E-18 1.351E-18 1.326E-18 1.341E-18 1.363E-18 1.362E-18
 1.365E-18 1.366E-18 1.362E-18 1.378E-18 1.398E-18 1.392E-18 1.360E-18 1.339E-18 1.331E-18 1.334E-18
 1.341E-18 1.350E-18 1.334E-18 1.319E-18 1.307E-18 1.305E-18 1.323E-18 1.349E-18 1.365E-18 1.350E-18
 1.340E-18 1.353E-18 1.366E-18 1.366E-18 1.389E-18 1.411E-18 1.408E-18 1.406E-18 1.425E-18 1.451E-18
 1.481E-18 1.504E-18 1.512E-18 1.504E-18 1.511E-18 1.535E-18 1.563E-18 1.593E-18 1.614E-18 1.633E-18
 1.641E-18 1.645E-18 1.652E-18 1.681E-18 1.744E-18 1.786E-18 1.802E-18 1.814E-18 1.820E-18 1.821E-18
 1.823E-18 1.838E-18 1.869E-18 1.881E-18 1.875E-18 1.876E-18 1.877E-18 1.873E-18 1.847E-18 1.772E-18
 1.678E-18 1.608E-18 1.578E-18 1.580E-18 1.610E-18 1.639E-18 1.651E-18 1.644E-18 1.639E-18 1.643E-18
 1.654E-18 1.677E-18 1.691E-18 1.698E-18 1.713E-18 1.742E-18 1.770E-18 1.813E-18 1.857E-18 1.900E-18
 1.933E-18 1.917E-18 1.899E-18 1.907E-18 1.943E-18 1.989E-18 2.020E-18 2.034E-18 2.023E-18 1.990E-18
 1.970E-18 1.983E-18 1.963E-18 1.927E-18 1.921E-18 1.943E-18 1.992E-18 2.036E-18 2.065E-18 2.106E-18
 2.161E-18 2.212E-18 2.258E-18 2.301E-18 2.315E-18 2.334E-18 2.369E-18 2.405E-18 2.451E-18 2.489E-18
 2.516E-18 2.553E-18 2.585E-18 2.609E-18 2.597E-18 2.551E-18 2.500E-18 2.395E-18 2.271E-18 2.193E-18
 2.182E-18 2.232E-18 2.293E-18 2.320E-18 2.301E-18 2.282E-18 2.212E-18 2.116E-18 2.030E-18 1.951E-18
 1.863E-18 1.815E-18 1.757E-18 1.687E-18 1.613E-18 1.531E-18 1.458E-18 1.384E-18 1.319E-18 1.269E-18
 1.219E-18 1.152E-18 1.083E-18 1.053E-18 1.055E-18 1.036E-18 9.836E-19 9.334E-19 8.954E-19 8.739E-19
 8.671E-19 8.581E-19 8.526E-19 8.442E-19 8.363E-19 8.375E-19 8.339E-19 8.260E-19 8.288E-19 8.330E-19
 8.335E-19 8.472E-19 8.657E-19 8.755E-19 8.827E-19 8.774E-19 8.804E-19 8.892E-19 8.953E-19 9.002E-19
 9.055E-19 8.984E-19 8.893E-19 8.904E-19 8.953E-19 9.012E-19 9.095E-19 9.084E-19 9.043E-19 9.013E-19
 9.004E-19 8.980E-19 8.938E-19 9.062E-19 9.115E-19 9.040E-19 9.030E-19 9.077E-19 9.064E-19 9.128E-19
 9.230E-19 9.187E-19 9.261E-19 9.301E-19 9.266E-19 9.406E-19 9.599E-19 9.520E-19 9.300E-19 9.300E-19
 9.437E-19 9.540E-19 9.691E-19 9.688E-19 9.625E-19 9.655E-19 9.648E-19 9.649E-19 9.704E-19 9.743E-19
 9.802E-19 9.814E-19 9.760E-19 9.741E-19 9.886E-19 1.008E-18 1.006E-18 9.967E-19 9.857E-19 9.798E-19
 9.899E-19 1.012E-18 1.015E-18 1.006E-18 9.959E-19 9.776E-19 9.719E-19 9.951E-19 1.017E-18 1.015E-18
 1.012E-18 1.013E-18 1.009E-18 1.034E-18 1.066E-18 1.053E-18 1.012E-18 9.891E-19 9.855E-19 9.992E-19
 1.041E-18 1.048E-18 1.023E-18 1.010E-18 1.004E-18 1.013E-18 1.050E-18 1.078E-18 1.063E-18 1.043E-18
 1.031E-18 1.030E-18 1.059E-18 1.097E-18 1.098E-18 1.069E-18 1.053E-18 1.060E-18 1.087E-18 1.138E-18
 1.146E-18 1.107E-18 1.084E-18 1.082E-18 1.101E-18 1.154E-18 1.176E-18 1.151E-18 1.123E-18 1.123E-18
 1.158E-18 1.215E-18 1.258E-18 1.241E-18 1.193E-18 1.144E-18 1.131E-18 1.154E-18 1.177E-18 1.157E-18
 1.118E-18 1.102E-18 1.112E-18 1.151E-18 1.194E-18 1.197E-18 1.160E-18 1.141E-18 1.143E-18 1.161E-18
 1.198E-18 1.198E-18 1.165E-18 1.133E-18 1.138E-18 1.183E-18 1.245E-18 1.258E-18 1.212E-18 1.171E-18
 1.172E-18 1.203E-18 1.242E-18 1.266E-18 1.243E-18 1.198E-18 1.186E-18 1.224E-18 1.276E-18 1.299E-18
 1.265E-18 1.216E-18 1.197E-18 1.223E-18 1.269E-18 1.301E-18 1.288E-18 1.237E-18 1.200E-18 1.231E-18
 1.282E-18 1.325E-18 1.330E-18 1.292E-18 1.255E-18 1.264E-18 1.313E-18 1.346E-18 1.335E-18 1.288E-18
 1.249E-18 1.245E-18 1.273E-18 1.316E-18 1.331E-18 1.290E-18 1.246E-18 1.235E-18 1.270E-18 1.324E-18
 1.333E-18 1.296E-18 1.257E-18 1.247E-18 1.281E-18 1.340E-18 1.356E-18 1.313E-18 1.280E-18 1.276E-18
 1.303E-18 1.349E-18 1.365E-18 1.331E-18 1.295E-18 1.280E-18 1.296E-18 1.343E-18 1.378E-18 1.351E-18
 1.317E-18 1.306E-18 1.315E-18 1.354E-18 1.372E-18 1.350E-18 1.323E-18 1.303E-18 1.316E-18 1.362E-18
 1.382E-18 1.356E-18 1.331E-18 1.323E-18 1.333E-18 1.370E-18 1.391E-18 1.364E-18 1.334E-18 1.329E-18
 1.349E-18 1.382E-18 1.405E-18 1.379E-18 1.330E-18 1.317E-18 1.335E-18 1.375E-18 1.400E-18 1.391E-18
 1.370E-18 1.351E-18 1.345E-18 1.372E-18 1.398E-18 1.390E-18 1.367E-18 1.359E-18 1.357E-18 1.373E-18
 1.405E-18 1.401E-18 1.377E-18 1.364E-18 1.353E-18 1.375E-18 1.407E-18 1.409E-18 1.384E-18 1.364E-18
 1.357E-18 1.373E-18 1.399E-18 1.393E-18 1.378E-18 1.373E-18 1.365E-18 1.376E-18 1.394E-18 1.399E-18
 1.379E-18 1.348E-18 1.345E-18 1.377E-18 1.401E-18 1.397E-18 1.372E-18 1.359E-18 1.357E-18 1.367E-18
 1.382E-18 1.381E-18 1.365E-18 1.351E-18 1.353E-18 1.368E-18 1.386E-18 1.388E-18 1.367E-18 1.337E-18
 1.336E-18 1.367E-18 1.397E-18 1.398E-18 1.372E-18 1.343E-18 1.334E-18 1.348E-18 1.359E-18 1.342E-18
 1.330E-18 1.305E-18 1.300E-18 1.332E-18 1.354E-18 1.353E-18 1.336E-18 1.308E-18 1.314E-18 1.337E-18
 1.338E-18 1.334E-18 1.319E-18 1.291E-18 1.295E-18 1.318E-18 1.311E-18 1.301E-18 1.291E-18 1.278E-18
 1.286E-18 1.311E-18 1.312E-18 1.307E-18 1.295E-18 1.271E-18 1.268E-18 1.287E-18 1.295E-18 1.295E-18
 1.284E-18 1.267E-18 1.271E-18 1.292E-18 1.293E-18 1.287E-18 1.283E-18 1.266E-18 1.267E-18 1.277E-18
 1.277E-18 1.278E-18 1.266E-18 1.254E-18 1.263E-18 1.268E-18 1.249E-18 1.235E-18 1.243E-18 1.247E-18
 1.261E-18 1.278E-18 1.268E-18 1.260E-18 1.256E-18 1.244E-18 1.256E-18 1.266E-18 1.256E-18 1.250E-18
 1.241E-18 1.231E-18 1.239E-18 1.232E-18 1.210E-18 1.190E-18 1.168E-18 1.167E-18 1.192E-18 1.191E-18
 1.177E-18 1.174E-18 1.164E-18 1.159E-18 1.169E-18 1.169E-18 1.166E-18 1.165E-18 1.160E-18 1.167E-18
 1.182E-18 1.166E-18 1.153E-18 1.151E-18 1.142E-18 1.141E-18 1.140E-18 1.138E-18 1.142E-18 1.120E-18
 1.096E-18 1.118E-18 1.133E-18 1.129E-18 1.129E-18 1.109E-18 1.099E-18 1.130E-18 1.135E-18 1.124E-18
 1.117E-18 1.096E-18 1.087E-18 1.094E-18 1.092E-18 1.082E-18 1.072E-18 1.064E-18 1.075E-18 1.086E-18
 1.068E-18 1.057E-18 1.053E-18 1.040E-18 1.038E-18 1.065E-18 1.069E-18 1.049E-18 1.016E-18 1.004E-18
 1.026E-18 1.033E-18 1.020E-18 1.010E-18 9.861E-19 9.810E-19 9.952E-19 9.911E-19 9.853E-19 9.762E-19
 9.686E-19 9.700E-19 9.862E-19 9.921E-19 9.759E-19 9.562E-19 9.389E-19 9.425E-19 9.533E-19 9.464E-19
 9.384E-19 9.299E-19 9.387E-19 9.504E-19 9.345E-19 9.209E-19 9.183E-19 9.104E-19 9.082E-19 9.148E-19
 9.163E-19 9.144E-19 9.022E-19 8.881E-19 8.949E-19 9.006E-19 8.975E-19 9.001E-19 8.869E-19 8.673E-19
 8.763E-19 8.830E-19 8.713E-19 8.521E-19 8.412E-19 8.443E-19 8.522E-19 8.553E-19 8.582E-19 8.440E-19
 8.186E-19 8.268E-19 8.391E-19 8.260E-19 8.070E-19 7.972E-19 7.910E-19 8.019E-19 8.108E-19 8.054E-19
 7.877E-19 7.667E-19 7.671E-19 7.768E-19 7.861E-19 7.862E-19 7.775E-19 7.701E-19 7.756E-19 7.729E-19
 7.559E-19 7.427E-19 7.344E-19 7.327E-19 7.433E-19 7.494E-19 7.488E-19 7.411E-19 7.344E-19 7.374E-19
 7.353E-19 7.346E-19 7.305E-19 7.161E-19 7.018E-19 7.014E-19 7.146E-19 7.202E-19 7.046E-19 6.901E-19
 6.856E-19 6.884E-19 7.010E-19 7.040E-19 6.886E-19 6.762E-19 6.794E-19 6.784E-19 6.780E-19 6.738E-19
 6.532E-19 6.411E-19 6.526E-19 6.627E-19 6.650E-19 6.605E-19 6.432E-19 6.389E-19 6.574E-19 6.619E-19
 6.535E-19 6.384E-19 6.292E-19 6.289E-19 6.345E-19 6.474E-19 6.400E-19 6.238E-19 6.133E-19 6.186E-19
 6.220E-19 6.202E-19 6.172E-19 6.060E-19 6.011E-19 6.029E-19 5.957E-19 5.854E-19 5.835E-19 5.815E-19
 5.827E-19 5.844E-19 5.808E-19 5.734E-19 5.696E-19 5.693E-19 5.680E-19 5.728E-19 5.651E-19 5.653E-19
 5.766E-19 5.767E-19 5.836E-19 5.840E-19 5.755E-19 5.665E-19 5.630E-19 5.637E-19 5.538E-19 5.489E-19
 5.496E-19 5.522E-19 5.540E-19 5.415E-19 5.213E-19 5.206E-19 5.254E-19 5.299E-19 5.305E-19 5.261E-19
 5.297E-19 5.319E-19 5.262E-19 5.226E-19 5.195E-19 5.061E-19 4.973E-19 4.888E-19 4.902E-19 4.928E-19
 4.891E-19 4.994E-19 4.998E-19 4.847E-19 4.747E-19 4.725E-19 4.707E-19 4.679E-19 4.822E-19 4.882E-19
 4.800E-19 4.836E-19 4.845E-19 4.744E-19 4.699E-19 4.770E-19 4.736E-19 4.738E-19 4.816E-19 4.767E-19
 4.660E-19 4.674E-19 4.705E-19 4.607E-19 4.543E-19 4.571E-19 4.575E-19 4.588E-19 4.632E-19 4.599E-19
 4.499E-19 4.383E-19 4.301E-19 4.299E-19 4.418E-19 4.524E-19 4.487E-19 4.289E-19 4.176E-19 4.216E-19
 4.264E-19 4.250E-19 4.265E-19 4.338E-19 4.366E-19 4.375E-19 4.319E-19 4.209E-19 4.100E-19 4.054E-19
 4.060E-19 4.038E-19 3.999E-19 4.073E-19 4.059E-19 4.015E-19 4.060E-19 4.059E-19 4.080E-19 4.013E-19
 3.983E-19 3.999E-19 3.977E-19 3.982E-19 3.928E-19 3.897E-19 3.938E-19 3.967E-19 3.926E-19 3.911E-19
 3.914E-19 3.822E-19 3.765E-19 3.704E-19 3.713E-19 3.698E-19 3.604E-19 3.567E-19 3.583E-19 3.604E-19
 3.553E-19 3.595E-19 3.696E-19 3.718E-19 3.705E-19 3.616E-19 3.516E-19 3.479E-19 3.535E-19 3.603E-19
 3.584E-19 3.525E-19 3.505E-19 3.630E-19 3.666E-19 3.475E-19 3.432E-19 3.518E-19 3.573E-19 3.620E-19
 3.663E-19 3.636E-19 3.592E-19 3.600E-19 3.515E-19 3.409E-19 3.347E-19 3.360E-19 3.458E-19 3.388E-19
 3.333E-19 3.442E-19 3.487E-19 3.441E-19 3.405E-19 3.346E-19 3.306E-19 3.371E-19 3.399E-19 3.420E-19
 3.414E-19 3.403E-19 3.398E-19 3.377E-19 3.366E-19 3.341E-19 3.310E-19 3.340E-19 3.413E-19 3.413E-19
 3.427E-19 3.478E-19 3.410E-19 3.374E-19 3.373E-19 3.358E-19 3.282E-19 3.307E-19 3.358E-19 3.341E-19
 3.314E-19 3.270E-19 3.291E-19 3.289E-19 3.270E-19 3.234E-19 3.178E-19 3.192E-19 3.226E-19 3.201E-19
 3.179E-19 3.213E-19 3.176E-19 3.081E-19 3.076E-19 3.123E-19 3.105E-19 3.079E-19 3.207E-19 3.246E-19
 3.048E-19 3.016E-19 3.195E-19 3.219E-19 3.241E-19 3.326E-19 3.319E-19 3.282E-19 3.296E-19 3.269E-19
 3.209E-19 3.243E-19 3.237E-19 3.262E-19 3.319E-19 3.257E-19 3.230E-19 3.163E-19 3.155E-19 3.176E-19
 3.167E-19 3.177E-19 3.202E-19 3.222E-19 3.227E-19 3.215E-19 3.170E-19 3.208E-19 3.258E-19 3.262E-19
 3.236E-19 3.222E-19 3.205E-19 3.161E-19 3.236E-19 3.333E-19 3.325E-19 3.332E-19 3.358E-19 3.312E-19
 3.329E-19 3.405E-19 3.392E-19 3.293E-19 3.234E-19 3.317E-19 3.187E-19 3.038E-19 3.154E-19 3.226E-19
 3.217E-19 3.241E-19 3.245E-19 3.230E-19 3.222E-19 3.297E-19 3.475E-19 3.377E-19 3.221E-19 3.217E-19
 3.206E-19 3.289E-19 3.325E-19 3.243E-19 3.267E-19 3.258E-19 3.206E-19 3.247E-19 3.306E-19 3.390E-19
 3.420E-19 3.475E-19 3.530E-19 3.466E-19 3.337E-19 3.316E-19 3.364E-19 3.437E-19 3.533E-19 3.555E-19
 3.568E-19 3.616E-19 3.515E-19 3.465E-19 3.523E-19 3.492E-19 3.451E-19 3.526E-19 3.633E-19 3.657E-19
 3.710E-19 3.724E-19 3.639E-19 3.671E-19 3.764E-19 3.762E-19 3.719E-19 3.708E-19 3.731E-19 3.700E-19
 3.668E-19 3.615E-19 3.542E-19 3.469E-19 3.400E-19 3.381E-19 3.421E-19 3.468E-19 3.587E-19 3.701E-19
 3.749E-19 3.741E-19 3.669E-19 3.466E-19 3.266E-19 3.195E-19 3.145E-19 3.092E-19 3.073E-19 3.143E-19
 3.174E-19 3.136E-19 3.072E-19 3.076E-19 3.195E-19 3.247E-19 3.238E-19 3.175E-19 3.136E-19 3.096E-19
 3.057E-19 3.082E-19 3.063E-19 3.089E-19 3.120E-19 3.129E-19 3.066E-19 3.055E-19 3.100E-19 3.103E-19
 3.056E-19 3.111E-19 3.168E-19 3.160E-19 3.217E-19 3.220E-19 3.206E-19 3.183E-19 3.129E-19 3.119E-19
 3.191E-19 3.202E-19 3.169E-19 3.131E-19 3.097E-19 3.110E-19 3.094E-19 3.140E-19 3.168E-19 3.100E-19
 3.084E-19 3.108E-19 3.164E-19 3.196E-19 3.091E-19 3.005E-19 3.101E-19 3.185E-19 3.127E-19 3.048E-19
 3.037E-19 3.082E-19 3.149E-19 3.142E-19 3.116E-19 3.070E-19 3.127E-19 3.206E-19 3.095E-19 2.985E-19
 2.979E-19 3.017E-19 3.004E-19 2.988E-19 2.914E-19 2.866E-19 2.939E-19 2.959E-19 2.954E-19 3.002E-19
 3.034E-19 3.072E-19 3.155E-19 3.150E-19 3.071E-19 3.026E-19 2.947E-19 2.949E-19 3.011E-19 2.964E-19
 2.928E-19 2.929E-19 2.890E-19 2.877E-19 2.794E-19 2.732E-19 2.773E-19 2.790E-19 2.862E-19 2.890E-19
 2.849E-19 2.807E-19 2.841E-19 2.827E-19 2.847E-19 2.858E-19 2.804E-19 2.849E-19 2.796E-19 2.679E-19
 2.710E-19 2.819E-19 2.838E-19 2.776E-19 2.770E-19 2.742E-19 2.622E-19 2.577E-19 2.590E-19 2.571E-19
 2.624E-19 2.648E-19 2.619E-19 2.698E-19 2.792E-19 2.840E-19 2.817E-19 2.763E-19 2.696E-19 2.753E-19
 2.831E-19 2.709E-19 2.627E-19 2.695E-19 2.787E-19 2.768E-19 2.714E-19 2.669E-19 2.609E-19 2.646E-19
 2.693E-19 2.707E-19 2.672E-19 2.680E-19 2.723E-19 2.764E-19 2.735E-19 2.663E-19 2.670E-19 2.659E-19
 2.634E-19 2.601E-19 2.681E-19 2.731E-19 2.718E-19 2.731E-19 2.720E-19 2.660E-19 2.667E-19 2.691E-19
 2.671E-19 2.738E-19 2.768E-19 2.744E-19 2.784E-19 2.814E-19 2.773E-19 2.756E-19 2.784E-19 2.803E-19
 2.777E-19 2.686E-19 2.620E-19 2.647E-19 2.637E-19 2.661E-19 2.711E-19 2.688E-19 2.649E-19 2.695E-19
 2.777E-19 2.824E-19 2.753E-19 2.855E-19 3.023E-19 3.015E-19 2.960E-19 2.909E-19 2.881E-19 2.807E-19
 2.719E-19 2.793E-19 2.858E-19 2.875E-19 2.908E-19 2.876E-19 2.800E-19 2.840E-19 2.967E-19 3.021E-19
 3.047E-19 2.964E-19 2.897E-19 2.894E-19 2.733E-19 2.502E-19 2.439E-19 2.515E-19 2.591E-19 2.526E-19
 2.453E-19 2.516E-19 2.602E-19 2.567E-19 2.523E-19 2.501E-19 2.481E-19 2.491E-19 2.553E-19 2.586E-19
 2.547E-19 2.569E-19 2.580E-19 2.531E-19 2.525E-19 2.473E-19 2.456E-19 2.541E-19 2.559E-19 2.603E-19
 2.626E-19 2.484E-19 2.426E-19 2.482E-19 2.526E-19 2.526E-19 2.530E-19 2.571E-19 2.576E-19 2.505E-19
 2.478E-19 2.483E-19 2.553E-19 2.552E-19 2.443E-19 2.420E-19 2.541E-19 2.587E-19 2.595E-19 2.672E-19
 2.650E-19 2.518E-19 2.558E-19 2.647E-19 2.633E-19 2.642E-19 2.620E-19 2.624E-19 2.660E-19 2.638E-19
 2.534E-19 2.529E-19 2.615E-19 2.620E-19 2.542E-19 2.530E-19 2.567E-19 2.641E-19 2.722E-19 2.740E-19
 2.723E-19 2.739E-19 2.810E-19 2.794E-19 2.844E-19 2.995E-19 2.987E-19 2.935E-19 2.933E-19 2.881E-19
 2.800E-19 2.818E-19 2.857E-19 2.880E-19 2.953E-19 3.019E-19 3.002E-19 2.988E-19 3.045E-19 3.083E-19
 3.011E-19 2.964E-19 2.971E-19 2.921E-19 2.921E-19 2.925E-19 2.880E-19 2.904E-19 2.993E-19 2.955E-19
 2.915E-19 2.969E-19 2.941E-19 2.919E-19 2.861E-19 2.861E-19 2.921E-19 2.878E-19 2.840E-19 2.838E-19
 2.902E-19 2.993E-19 3.029E-19 3.040E-19 3.099E-19 3.086E-19 2.975E-19 2.916E-19 2.870E-19 2.952E-19
 3.027E-19 3.008E-19 2.922E-19 2.906E-19 2.937E-19 2.964E-19 2.961E-19 2.982E-19 3.061E-19 3.143E-19
 3.122E-19 3.088E-19 3.192E-19 3.209E-19 3.169E-19 3.116E-19 3.074E-19 3.077E-19 2.991E-19 2.939E-19
 3.009E-19 3.079E-19 3.111E-19 3.119E-19 3.100E-19 3.100E-19 3.166E-19 3.194E-19 3.158E-19 3.107E-19
 3.082E-19 3.115E-19 3.146E-19 3.106E-19 3.112E-19 3.174E-19 3.122E-19 3.064E-19 3.075E-19 3.140E-19
 3.194E-19 3.114E-19 3.089E-19 3.131E-19 3.150E-19 3.186E-19 3.239E-19 3.199E-19 3.150E-19 3.199E-19
 3.259E-19 3.226E-19 3.231E-19 3.278E-19 3.323E-19 3.376E-19 3.468E-19 3.458E-19 3.412E-19 3.472E-19
 3.535E-19 3.548E-19 3.513E-19 3.373E-19 3.371E-19 3.485E-19 3.516E-19 3.554E-19 3.570E-19 3.507E-19
 3.405E-19 3.412E-19 3.397E-19 3.371E-19 3.361E-19 3.321E-19 3.354E-19 3.366E-19 3.248E-19 3.168E-19
 3.279E-19 3.332E-19 3.346E-19 3.445E-19 3.527E-19 3.526E-19 3.468E-19 3.416E-19 3.395E-19 3.315E-19
 3.334E-19 3.340E-19 3.262E-19 3.263E-19 3.280E-19 3.237E-19 3.157E-19 3.116E-19 3.069E-19 3.059E-19
 3.133E-19 3.153E-19 3.188E-19 3.264E-19 3.288E-19 3.279E-19 3.180E-19 3.141E-19 3.106E-19 3.114E-19
 3.115E-19 3.125E-19 3.131E-19 3.108E-19 3.088E-19 3.105E-19 3.062E-19 3.029E-19 3.062E-19 2.991E-19
 2.999E-19 3.125E-19 3.162E-19 3.106E-19 3.080E-19 3.091E-19 3.142E-19 3.087E-19 2.886E-19 2.700E-19
 2.611E-19 2.584E-19 2.466E-19 2.368E-19 2.358E-19 2.403E-19 2.506E-19 2.602E-19 2.831E-19 3.138E-19
 3.280E-19 3.221E-19 3.073E-19 2.951E-19 2.946E-19 2.844E-19 2.726E-19 2.629E-19 2.563E-19 2.578E-19
 2.596E-19 2.566E-19 2.574E-19 2.571E-19 2.486E-19 2.482E-19 2.433E-19 2.447E-19 2.486E-19 2.510E-19
 2.538E-19 2.633E-19 2.632E-19 2.564E-19 2.492E-19 2.393E-19 2.346E-19 2.380E-19 2.416E-19 2.509E-19
 2.571E-19 2.580E-19 2.566E-19 2.608E-19 2.640E-19 2.624E-19 2.623E-19 2.607E-19 2.504E-19 2.404E-19
 2.364E-19 2.343E-19 2.383E-19 2.419E-19 2.556E-19 2.594E-19 2.573E-19 2.568E-19 2.450E-19 2.385E-19
 2.403E-19 2.468E-19 2.467E-19 2.369E-19 2.358E-19 2.422E-19 2.562E-19 2.643E-19 2.637E-19 2.610E-19
 2.561E-19 2.493E-19 2.435E-19 2.469E-19 2.528E-19 2.509E-19 2.484E-19 2.435E-19 2.396E-19 2.388E-19
 2.354E-19 2.278E-19 2.291E-19 2.356E-19 2.381E-19 2.477E-19 2.549E-19 2.479E-19 2.452E-19 2.419E-19
 2.406E-19 2.348E-19 2.263E-19 2.240E-19 2.202E-19 2.225E-19 2.230E-19 2.185E-19 2.129E-19 2.067E-19
 2.070E-19 2.056E-19 2.027E-19 1.974E-19 1.861E-19 1.838E-19 1.909E-19 1.942E-19 1.995E-19 1.943E-19
 1.887E-19 1.938E-19 2.005E-19 2.019E-19 1.993E-19 1.893E-19 1.787E-19 1.787E-19 1.823E-19 1.848E-19
 1.813E-19 1.788E-19 1.805E-19 1.890E-19 1.861E-19 1.807E-19 1.785E-19 1.711E-19 1.763E-19 1.825E-19
 1.790E-19 1.807E-19 1.829E-19 1.877E-19 1.879E-19 1.792E-19 1.812E-19 1.807E-19 1.843E-19 1.863E-19
 1.858E-19 1.808E-19 1.750E-19 1.752E-19 1.752E-19 1.783E-19 1.724E-19 1.695E-19 1.731E-19 1.762E-19
 1.828E-19 1.835E-19 1.795E-19 1.747E-19 1.740E-19 1.723E-19 1.744E-19 1.816E-19 1.809E-19 1.834E-19
 1.847E-19 1.829E-19 1.835E-19 1.785E-19 1.667E-19 1.666E-19 1.754E-19 1.813E-19 1.793E-19 1.736E-19
 1.683E-19 1.660E-19 1.691E-19 1.771E-19 1.783E-19 1.763E-19 1.726E-19 1.700E-19 1.701E-19 1.705E-19
 1.658E-19 1.669E-19 1.728E-19 1.715E-19 1.705E-19 1.776E-19 1.734E-19 1.671E-19 1.680E-19 1.726E-19
 1.730E-19 1.643E-19 1.668E-19 1.728E-19 1.746E-19 1.718E-19 1.599E-19 1.587E-19 1.645E-19 1.675E-19
 1.653E-19 1.649E-19 1.673E-19 1.752E-19 1.828E-19 1.782E-19 1.733E-19 1.728E-19 1.651E-19 1.621E-19
 1.714E-19 1.771E-19 1.781E-19 1.777E-19 1.717E-19 1.743E-19 1.835E-19 1.812E-19 1.739E-19 1.759E-19
 1.860E-19 1.864E-19 1.872E-19 1.916E-19 1.869E-19 1.780E-19 1.733E-19 1.702E-19 1.687E-19 1.742E-19
 1.829E-19 1.834E-19 1.821E-19 1.840E-19 1.904E-19 1.936E-19 1.904E-19 1.911E-19 1.851E-19 1.682E-19
 1.692E-19 1.731E-19 1.708E-19 1.749E-19 1.812E-19 1.794E-19 1.828E-19 1.771E-19 1.691E-19 1.736E-19
 1.824E-19 1.842E-19 1.798E-19 1.777E-19 1.776E-19 1.734E-19 1.747E-19 1.838E-19 1.891E-19 1.859E-19
 1.850E-19 1.877E-19 1.838E-19 1.859E-19 1.893E-19 1.813E-19 1.711E-19 1.695E-19 1.707E-19 1.791E-19
 1.847E-19 1.826E-19 1.884E-19 1.898E-19 1.898E-19 1.885E-19 1.826E-19 1.843E-19 1.826E-19 1.720E-19
 1.641E-19 1.605E-19 1.645E-19 1.670E-19 1.750E-19 1.818E-19 1.762E-19 1.730E-19 1.795E-19 1.793E-19
 1.744E-19 1.772E-19 1.789E-19 1.757E-19 1.788E-19 1.859E-19 1.867E-19 1.794E-19 1.779E-19 1.788E-19
 1.730E-19 1.794E-19 1.756E-19 1.682E-19 1.775E-19 1.833E-19 1.803E-19 1.798E-19 1.836E-19 1.849E-19
 1.800E-19 1.746E-19 1.688E-19 1.744E-19 1.777E-19 1.822E-19 1.911E-19 1.918E-19 1.844E-19 1.757E-19
 1.722E-19 1.731E-19 1.717E-19 1.752E-19 1.791E-19 1.741E-19 1.739E-19 1.792E-19 1.767E-19 1.730E-19
 1.726E-19 1.795E-19 1.842E-19 1.824E-19 1.823E-19 1.911E-19 1.880E-19 1.821E-19 1.780E-19 1.729E-19
 1.719E-19 1.734E-19 1.773E-19 1.787E-19 1.805E-19 1.800E-19 1.727E-19 1.726E-19 1.733E-19 1.685E-19
 1.701E-19 1.794E-19 1.819E-19 1.726E-19 1.629E-19 1.598E-19 1.666E-19 1.652E-19 1.604E-19 1.634E-19
 1.712E-19 1.790E-19 1.793E-19 1.707E-19 1.671E-19 1.697E-19 1.726E-19 1.675E-19 1.652E-19 1.712E-19
 1.757E-19 1.745E-19 1.683E-19 1.701E-19 1.740E-19 1.687E-19 1.624E-19 1.606E-19 1.649E-19 1.737E-19
 1.739E-19 1.715E-19 1.677E-19 1.573E-19 1.554E-19 1.612E-19 1.676E-19 1.701E-19 1.642E-19 1.566E-19
 1.589E-19 1.678E-19 1.740E-19 1.603E-19 1.472E-19 1.462E-19 1.563E-19 1.643E-19 1.659E-19 1.624E-19
 1.558E-19 1.594E-19 1.640E-19 1.585E-19 1.528E-19 1.552E-19 1.656E-19 1.697E-19 1.650E-19 1.667E-19
 1.681E-19 1.602E-19 1.564E-19 1.576E-19 1.549E-19 1.556E-19 1.623E-19 1.607E-19 1.523E-19 1.532E-19
 1.535E-19 1.549E-19 1.538E-19 1.510E-19 1.489E-19 1.477E-19 1.458E-19 1.416E-19 1.493E-19 1.535E-19
 1.446E-19 1.344E-19 1.340E-19 1.402E-19 1.414E-19 1.421E-19 1.495E-19 1.468E-19 1.448E-19 1.524E-19
 1.486E-19 1.397E-19 1.363E-19 1.416E-19 1.501E-19 1.518E-19 1.537E-19 1.503E-19 1.410E-19 1.412E-19
 1.485E-19 1.476E-19 1.412E-19 1.361E-19 1.376E-19 1.386E-19 1.363E-19 1.379E-19 1.353E-19 1.369E-19
 1.419E-19 1.409E-19 1.415E-19 1.458E-19 1.440E-19 1.395E-19 1.370E-19 1.343E-19 1.356E-19 1.393E-19
 1.413E-19 1.445E-19 1.420E-19 1.407E-19 1.399E-19 1.416E-19 1.392E-19 1.261E-19 1.214E-19 1.248E-19
 1.360E-19 1.412E-19 1.344E-19 1.249E-19 1.166E-19 1.270E-19 1.379E-19 1.295E-19 1.207E-19 1.252E-19
 1.368E-19 1.424E-19 1.415E-19 1.408E-19 1.339E-19 1.244E-19 1.213E-19 1.268E-19 1.242E-19 1.250E-19
 1.307E-19 1.367E-19 1.381E-19 1.350E-19 1.378E-19 1.408E-19 1.305E-19 1.242E-19 1.330E-19 1.320E-19
 1.225E-19 1.294E-19 1.347E-19 1.303E-19 1.301E-19 1.310E-19 1.320E-19 1.328E-19 1.308E-19 1.322E-19
 1.362E-19 1.288E-19 1.211E-19 1.212E-19 1.195E-19 1.130E-19 1.167E-19 1.209E-19 1.225E-19 1.226E-19
 1.201E-19 1.162E-19 1.140E-19 1.102E-19 1.104E-19 1.132E-19 1.166E-19 1.135E-19 1.099E-19 1.102E-19
 1.102E-19 1.034E-19 9.835E-20 1.060E-19 1.094E-19 1.207E-19 1.306E-19 1.267E-19 1.262E-19 1.201E-19
 1.096E-19 9.446E-20 9.497E-20 1.031E-19 1.110E-19 1.126E-19 1.087E-19 1.018E-19 9.383E-20 8.669E-20
 8.229E-20 9.782E-20 1.086E-19 1.114E-19 1.110E-19 1.126E-19 1.029E-19 9.530E-20 9.547E-20 9.271E-20
 9.109E-20 9.650E-20 1.056E-19 1.126E-19 1.169E-19 1.218E-19 1.162E-19 1.022E-19 1.019E-19 1.006E-19
 9.441E-20 9.565E-20 9.701E-20 9.553E-20 9.384E-20 1.002E-19 1.021E-19 9.884E-20 9.427E-20 8.950E-20
 9.004E-20 9.257E-20 9.962E-20 9.995E-20 9.574E-20 9.517E-20 9.964E-20 9.917E-20 8.929E-20 8.118E-20
 8.241E-20 9.166E-20 9.008E-20 7.902E-20 8.123E-20 8.555E-20 7.948E-20 7.080E-20 7.531E-20 7.963E-20
 7.351E-20 7.120E-20 7.305E-20 7.393E-20 7.762E-20 7.687E-20 7.070E-20 6.966E-20 6.993E-20 6.629E-20
 7.070E-20 8.205E-20 8.531E-20 7.559E-20 6.741E-20 6.573E-20 6.468E-20 6.712E-20 6.788E-20 6.356E-20
 6.239E-20 6.519E-20 6.896E-20 6.858E-20 6.513E-20 6.324E-20 6.266E-20 6.266E-20 6.121E-20 6.131E-20
 6.421E-20 6.149E-20 5.626E-20 5.373E-20 5.469E-20 5.883E-20 5.725E-20 5.204E-20 4.305E-20 4.557E-20
 5.312E-20 5.143E-20 4.991E-20 4.177E-20 4.070E-20 5.233E-20 6.654E-20 6.778E-20 5.817E-20 5.152E-20
 4.961E-20 5.004E-20 4.998E-20 5.251E-20 5.450E-20 5.351E-20 5.318E-20 5.508E-20 5.237E-20 5.272E-20
 5.386E-20 5.109E-20 5.240E-20 5.118E-20 4.852E-20 4.985E-20 5.239E-20 5.908E-20 6.015E-20 5.463E-20
 4.659E-20 4.754E-20 5.148E-20 5.161E-20 5.290E-20 5.490E-20 5.206E-20 5.285E-20 5.227E-20 4.602E-20
 4.547E-20 5.247E-20 5.656E-20 5.499E-20 5.039E-20 5.080E-20 5.088E-20 4.804E-20 3.677E-20 3.314E-20
 3.277E-20 3.269E-20 3.223E-20 3.602E-20 4.559E-20 4.122E-20 4.288E-20 4.448E-20 4.144E-20 4.618E-20
 5.326E-20 5.102E-20 4.892E-20 4.976E-20 4.808E-20 4.500E-20 4.096E-20 3.288E-20 3.210E-20 3.282E-20
 3.234E-20 3.385E-20 2.865E-20 2.363E-20 3.074E-20 3.083E-20 2.722E-20 2.799E-20 2.587E-20 3.315E-20
 4.169E-20 4.273E-20 4.899E-20 5.321E-20 4.812E-20 3.972E-20 3.525E-20 3.413E-20 3.420E-20 2.897E-20
 2.786E-20 3.257E-20 3.257E-20 3.510E-20 2.847E-20 2.136E-20 1.958E-20 2.592E-20 2.844E-20 3.619E-20
 4.001E-20 3.703E-20 3.415E-20 2.890E-20 3.037E-20 4.249E-20 4.866E-20 3.735E-20 2.643E-20 3.115E-20
 3.335E-20 2.496E-20 2.161E-20 1.981E-20 1.663E-20 2.203E-20 3.045E-20 3.910E-20 4.110E-20 3.788E-20
 3.642E-20 3.404E-20 2.878E-20 3.090E-20 3.808E-20 3.770E-20 3.323E-20 3.536E-20 3.935E-20 4.420E-20
 3.498E-20 2.348E-20 2.480E-20 3.136E-20 2.950E-20 2.734E-20 3.056E-20 3.047E-20 3.464E-20 3.429E-20
 3.429E-20 2.266E-20 3.604E-20 4.024E-20 3.388E-20 2.880E-20 3.184E-20 2.900E-20 2.792E-20 2.816E-20
 2.887E-20 3.102E-20 3.390E-20 3.538E-20 3.809E-20 4.109E-20 4.290E-20 3.990E-20 2.956E-20 2.414E-20
 2.425E-20 1.877E-20 8.307E-21 1.121E-20 2.716E-20 2.901E-20 2.964E-20 3.912E-20 3.505E-20 2.980E-20
 3.427E-20 3.028E-20 2.192E-20 2.410E-20 0.000E+00 0.000E+00 0.000E+00 0.000E+00 0.000E+00 0.000E+00
