    C2ClF5 1110.0010 1144.9950      2360  203.0000    0.0000 2.079E-18  NCAR    CFC-115
 4.253E-20 4.869E-20 4.659E-20 3.468E-20 3.287E-20 3.439E-20 3.544E-20 3.901E-20 4.447E-20 4.725E-20
 3.705E-20 3.309E-20 3.396E-20 3.260E-20 3.430E-20 4.071E-20 4.532E-20 4.321E-20 4.239E-20 4.920E-20
 5.275E-20 5.004E-20 4.754E-20 4.921E-20 4.974E-20 4.967E-20 4.896E-20 4.777E-20 4.323E-20 4.588E-20
 5.166E-20 5.088E-20 5.047E-20 5.026E-20 4.733E-20 4.073E-20 4.544E-20 4.889E-20 4.741E-20 4.217E-20
 4.181E-20 3.773E-20 3.256E-20 3.667E-20 4.040E-20 4.305E-20 4.682E-20 4.557E-20 4.568E-20 3.964E-20
 3.877E-20 4.846E-20 5.209E-20 5.125E-20 5.243E-20 4.775E-20 4.713E-20 4.801E-20 4.771E-20 4.950E-20
 4.862E-20 4.301E-20 4.469E-20 4.471E-20 3.907E-20 3.652E-20 3.723E-20 4.192E-20 3.589E-20 3.561E-20
 4.459E-20 4.919E-20 4.692E-20 5.036E-20 5.417E-20 5.262E-20 4.331E-20 4.124E-20 3.931E-20 3.993E-20
 4.578E-20 4.876E-20 3.972E-20 3.616E-20 4.470E-20 4.785E-20 4.521E-20 4.226E-20 4.056E-20 4.009E-20
 3.864E-20 4.447E-20 5.208E-20 5.386E-20 5.089E-20 5.030E-20 5.598E-20 5.705E-20 5.208E-20 4.995E-20
 4.903E-20 6.273E-20 7.172E-20 6.431E-20 6.051E-20 5.973E-20 5.693E-20 5.353E-20 5.330E-20 4.874E-20
 5.237E-20 5.498E-20 4.774E-20 4.755E-20 5.087E-20 4.543E-20 3.390E-20 3.138E-20 4.357E-20 4.846E-20
 4.273E-20 4.718E-20 5.327E-20 5.717E-20 6.027E-20 6.124E-20 6.141E-20 5.527E-20 5.401E-20 6.278E-20
 6.993E-20 6.263E-20 5.841E-20 5.176E-20 4.937E-20 4.970E-20 5.014E-20 5.164E-20 5.277E-20 5.290E-20
 5.889E-20 5.712E-20 5.256E-20 5.383E-20 6.080E-20 6.330E-20 5.790E-20 5.547E-20 6.058E-20 6.123E-20
 5.921E-20 5.601E-20 5.164E-20 5.267E-20 5.383E-20 6.055E-20 6.156E-20 5.624E-20 4.939E-20 4.400E-20
 4.212E-20 4.767E-20 4.994E-20 4.855E-20 5.161E-20 5.421E-20 5.789E-20 5.406E-20 5.137E-20 5.710E-20
 5.924E-20 5.444E-20 5.415E-20 5.678E-20 5.641E-20 5.388E-20 4.668E-20 4.622E-20 5.740E-20 6.594E-20
 6.009E-20 5.819E-20 5.880E-20 5.672E-20 5.999E-20 5.936E-20 5.891E-20 6.301E-20 6.799E-20 6.574E-20
 6.429E-20 6.895E-20 6.608E-20 6.316E-20 6.361E-20 7.064E-20 7.101E-20 6.474E-20 5.734E-20 5.483E-20
 5.781E-20 6.707E-20 7.090E-20 6.055E-20 5.425E-20 5.187E-20 5.308E-20 5.712E-20 5.067E-20 5.253E-20
 6.069E-20 6.067E-20 6.078E-20 6.778E-20 7.290E-20 6.622E-20 6.391E-20 7.157E-20 7.207E-20 6.713E-20
 6.713E-20 6.791E-20 6.427E-20 7.095E-20 7.563E-20 6.905E-20 6.224E-20 5.629E-20 5.410E-20 5.410E-20
 5.410E-20 7.038E-20 6.930E-20 6.845E-20 6.828E-20 6.930E-20 7.202E-20 7.086E-20 7.337E-20 8.269E-20
 8.245E-20 7.827E-20 8.438E-20 7.930E-20 7.045E-20 6.638E-20 6.760E-20 7.397E-20 8.098E-20 7.487E-20
 7.304E-20 7.896E-20 7.857E-20 7.355E-20 7.523E-20 7.221E-20 7.036E-20 7.275E-20 7.188E-20 6.828E-20
 6.961E-20 7.417E-20 7.989E-20 7.581E-20 7.408E-20 7.654E-20 7.392E-20 7.639E-20 8.615E-20 8.950E-20
 8.152E-20 7.591E-20 7.544E-20 7.359E-20 7.326E-20 7.073E-20 6.944E-20 7.606E-20 8.123E-20 8.243E-20
 8.530E-20 9.092E-20 9.078E-20 8.770E-20 9.229E-20 9.179E-20 8.875E-20 8.787E-20 9.190E-20 9.026E-20
 8.842E-20 8.784E-20 8.557E-20 8.315E-20 8.285E-20 8.901E-20 9.045E-20 9.452E-20 8.913E-20 8.310E-20
 8.348E-20 8.004E-20 7.406E-20 8.247E-20 8.655E-20 8.832E-20 9.195E-20 9.406E-20 9.638E-20 9.670E-20
 9.432E-20 9.114E-20 8.460E-20 8.446E-20 8.770E-20 8.813E-20 8.870E-20 9.182E-20 9.074E-20 8.519E-20
 9.414E-20 1.044E-19 1.097E-19 1.115E-19 1.093E-19 1.124E-19 1.200E-19 1.221E-19 1.121E-19 9.974E-20
 9.992E-20 1.056E-19 1.027E-19 9.705E-20 9.669E-20 1.060E-19 1.091E-19 9.763E-20 9.293E-20 9.921E-20
 1.013E-19 1.049E-19 1.185E-19 1.219E-19 1.163E-19 1.140E-19 1.101E-19 9.878E-20 9.900E-20 1.042E-19
 1.058E-19 1.097E-19 1.133E-19 1.131E-19 1.121E-19 1.097E-19 1.103E-19 1.102E-19 1.089E-19 1.040E-19
 1.064E-19 1.094E-19 1.151E-19 1.196E-19 1.187E-19 1.122E-19 1.099E-19 1.183E-19 1.202E-19 1.163E-19
 1.117E-19 1.087E-19 1.127E-19 1.157E-19 1.135E-19 1.178E-19 1.211E-19 1.175E-19 1.228E-19 1.311E-19
 1.300E-19 1.280E-19 1.234E-19 1.167E-19 1.184E-19 1.247E-19 1.328E-19 1.402E-19 1.312E-19 1.264E-19
 1.242E-19 1.212E-19 1.200E-19 1.190E-19 1.203E-19 1.217E-19 1.176E-19 1.255E-19 1.390E-19 1.420E-19
 1.340E-19 1.304E-19 1.299E-19 1.323E-19 1.339E-19 1.332E-19 1.407E-19 1.440E-19 1.314E-19 1.277E-19
 1.292E-19 1.292E-19 1.254E-19 1.215E-19 1.325E-19 1.408E-19 1.418E-19 1.444E-19 1.411E-19 1.375E-19
 1.410E-19 1.384E-19 1.394E-19 1.412E-19 1.427E-19 1.489E-19 1.475E-19 1.448E-19 1.430E-19 1.482E-19
 1.480E-19 1.455E-19 1.487E-19 1.507E-19 1.541E-19 1.541E-19 1.584E-19 1.659E-19 1.615E-19 1.580E-19
 1.579E-19 1.465E-19 1.425E-19 1.487E-19 1.508E-19 1.520E-19 1.521E-19 1.573E-19 1.650E-19 1.590E-19
 1.526E-19 1.521E-19 1.512E-19 1.562E-19 1.684E-19 1.667E-19 1.630E-19 1.605E-19 1.596E-19 1.599E-19
 1.675E-19 1.717E-19 1.671E-19 1.670E-19 1.693E-19 1.677E-19 1.709E-19 1.705E-19 1.637E-19 1.711E-19
 1.829E-19 1.751E-19 1.699E-19 1.782E-19 1.871E-19 1.833E-19 1.718E-19 1.725E-19 1.821E-19 1.839E-19
 1.809E-19 1.792E-19 1.796E-19 1.848E-19 1.822E-19 1.712E-19 1.747E-19 1.833E-19 1.853E-19 1.828E-19
 1.806E-19 1.873E-19 1.872E-19 1.827E-19 1.875E-19 1.954E-19 1.895E-19 1.877E-19 1.994E-19 2.007E-19
 2.004E-19 2.042E-19 2.056E-19 2.031E-19 1.963E-19 1.937E-19 1.988E-19 1.998E-19 1.974E-19 1.883E-19
 1.844E-19 1.957E-19 2.053E-19 2.071E-19 2.020E-19 2.034E-19 2.078E-19 2.120E-19 2.090E-19 2.058E-19
 2.076E-19 2.088E-19 2.019E-19 1.980E-19 2.017E-19 2.083E-19 2.114E-19 2.100E-19 2.082E-19 2.075E-19
 2.105E-19 2.197E-19 2.190E-19 2.202E-19 2.201E-19 2.148E-19 2.214E-19 2.330E-19 2.349E-19 2.292E-19
 2.281E-19 2.309E-19 2.276E-19 2.309E-19 2.326E-19 2.319E-19 2.355E-19 2.379E-19 2.358E-19 2.302E-19
 2.246E-19 2.246E-19 2.340E-19 2.431E-19 2.480E-19 2.456E-19 2.459E-19 2.447E-19 2.361E-19 2.334E-19
 2.397E-19 2.430E-19 2.370E-19 2.342E-19 2.427E-19 2.435E-19 2.356E-19 2.336E-19 2.350E-19 2.443E-19
 2.465E-19 2.494E-19 2.588E-19 2.573E-19 2.599E-19 2.657E-19 2.620E-19 2.548E-19 2.501E-19 2.484E-19
 2.529E-19 2.585E-19 2.654E-19 2.710E-19 2.687E-19 2.636E-19 2.704E-19 2.712E-19 2.665E-19 2.662E-19
 2.725E-19 2.718E-19 2.702E-19 2.672E-19 2.639E-19 2.662E-19 2.671E-19 2.748E-19 2.840E-19 2.849E-19
 2.830E-19 2.829E-19 2.832E-19 2.810E-19 2.800E-19 2.807E-19 2.806E-19 2.811E-19 2.882E-19 2.938E-19
 2.971E-19 3.017E-19 3.081E-19 3.056E-19 2.934E-19 2.918E-19 2.952E-19 2.948E-19 2.944E-19 2.979E-19
 2.977E-19 2.975E-19 3.015E-19 3.060E-19 3.025E-19 2.976E-19 2.969E-19 3.005E-19 3.075E-19 3.129E-19
 3.145E-19 3.206E-19 3.273E-19 3.279E-19 3.239E-19 3.176E-19 3.211E-19 3.228E-19 3.182E-19 3.239E-19
 3.261E-19 3.261E-19 3.289E-19 3.293E-19 3.278E-19 3.266E-19 3.291E-19 3.354E-19 3.460E-19 3.481E-19
 3.410E-19 3.373E-19 3.457E-19 3.436E-19 3.414E-19 3.432E-19 3.450E-19 3.520E-19 3.571E-19 3.594E-19
 3.671E-19 3.615E-19 3.460E-19 3.462E-19 3.438E-19 3.477E-19 3.522E-19 3.482E-19 3.475E-19 3.496E-19
 3.464E-19 3.437E-19 3.486E-19 3.512E-19 3.560E-19 3.672E-19 3.729E-19 3.757E-19 3.798E-19 3.770E-19
 3.761E-19 3.752E-19 3.752E-19 3.843E-19 3.873E-19 3.873E-19 3.861E-19 3.800E-19 3.821E-19 3.847E-19
 3.857E-19 3.958E-19 4.005E-19 3.989E-19 3.935E-19 3.917E-19 3.998E-19 4.073E-19 4.090E-19 4.114E-19
 4.118E-19 4.083E-19 4.030E-19 4.106E-19 4.178E-19 4.174E-19 4.109E-19 4.038E-19 4.071E-19 4.108E-19
 4.143E-19 4.168E-19 4.175E-19 4.184E-19 4.166E-19 4.134E-19 4.194E-19 4.249E-19 4.229E-19 4.145E-19
 4.151E-19 4.247E-19 4.302E-19 4.354E-19 4.386E-19 4.326E-19 4.327E-19 4.337E-19 4.300E-19 4.377E-19
 4.482E-19 4.504E-19 4.548E-19 4.622E-19 4.612E-19 4.544E-19 4.502E-19 4.563E-19 4.631E-19 4.679E-19
 4.743E-19 4.712E-19 4.575E-19 4.538E-19 4.560E-19 4.629E-19 4.705E-19 4.686E-19 4.706E-19 4.680E-19
 4.700E-19 4.792E-19 4.821E-19 4.824E-19 4.833E-19 4.837E-19 4.934E-19 5.000E-19 4.937E-19 4.888E-19
 4.921E-19 4.890E-19 4.890E-19 4.973E-19 5.005E-19 4.965E-19 4.948E-19 5.021E-19 5.092E-19 5.096E-19
 5.080E-19 5.045E-19 5.016E-19 5.026E-19 5.063E-19 5.124E-19 5.237E-19 5.295E-19 5.246E-19 5.203E-19
 5.174E-19 5.203E-19 5.232E-19 5.260E-19 5.156E-19 5.111E-19 5.124E-19 5.268E-19 5.439E-19 5.295E-19
 5.216E-19 5.329E-19 5.347E-19 5.335E-19 5.386E-19 5.392E-19 5.440E-19 5.517E-19 5.508E-19 5.488E-19
 5.375E-19 5.378E-19 5.454E-19 5.455E-19 5.554E-19 5.631E-19 5.652E-19 5.668E-19 5.733E-19 5.814E-19
 5.775E-19 5.721E-19 5.752E-19 5.741E-19 5.715E-19 5.740E-19 5.848E-19 5.841E-19 5.799E-19 5.836E-19
 5.864E-19 5.816E-19 5.851E-19 5.934E-19 5.927E-19 5.913E-19 5.888E-19 5.935E-19 6.042E-19 6.115E-19
 6.158E-19 6.119E-19 6.145E-19 6.224E-19 6.196E-19 6.153E-19 6.117E-19 6.183E-19 6.243E-19 6.262E-19
 6.288E-19 6.294E-19 6.317E-19 6.391E-19 6.413E-19 6.378E-19 6.361E-19 6.344E-19 6.375E-19 6.425E-19
 6.385E-19 6.421E-19 6.429E-19 6.328E-19 6.376E-19 6.441E-19 6.420E-19 6.424E-19 6.448E-19 6.455E-19
 6.515E-19 6.542E-19 6.491E-19 6.484E-19 6.533E-19 6.564E-19 6.531E-19 6.544E-19 6.657E-19 6.679E-19
 6.646E-19 6.709E-19 6.782E-19 6.768E-19 6.821E-19 6.874E-19 6.829E-19 6.771E-19 6.846E-19 7.032E-19
 7.104E-19 7.013E-19 6.892E-19 6.871E-19 6.944E-19 6.988E-19 7.098E-19 7.147E-19 7.090E-19 7.016E-19
 7.003E-19 7.137E-19 7.165E-19 7.092E-19 7.079E-19 7.137E-19 7.218E-19 7.205E-19 7.222E-19 7.304E-19
 7.332E-19 7.334E-19 7.329E-19 7.274E-19 7.234E-19 7.271E-19 7.305E-19 7.368E-19 7.426E-19 7.430E-19
 7.431E-19 7.419E-19 7.392E-19 7.401E-19 7.434E-19 7.559E-19 7.592E-19 7.568E-19 7.612E-19 7.595E-19
 7.527E-19 7.570E-19 7.639E-19 7.661E-19 7.676E-19 7.687E-19 7.651E-19 7.671E-19 7.784E-19 7.855E-19
 7.870E-19 7.887E-19 7.901E-19 7.864E-19 7.839E-19 7.853E-19 7.874E-19 7.902E-19 8.019E-19 8.056E-19
 7.966E-19 7.909E-19 7.875E-19 7.900E-19 7.943E-19 8.080E-19 8.149E-19 8.074E-19 8.065E-19 8.103E-19
 8.069E-19 8.027E-19 8.096E-19 8.142E-19 8.161E-19 8.227E-19 8.256E-19 8.256E-19 8.202E-19 8.181E-19
 8.202E-19 8.204E-19 8.272E-19 8.346E-19 8.272E-19 8.182E-19 8.290E-19 8.420E-19 8.415E-19 8.342E-19
 8.277E-19 8.235E-19 8.256E-19 8.398E-19 8.465E-19 8.436E-19 8.376E-19 8.335E-19 8.374E-19 8.408E-19
 8.507E-19 8.592E-19 8.585E-19 8.549E-19 8.537E-19 8.508E-19 8.518E-19 8.580E-19 8.587E-19 8.542E-19
 8.471E-19 8.451E-19 8.522E-19 8.526E-19 8.501E-19 8.565E-19 8.665E-19 8.745E-19 8.784E-19 8.734E-19
 8.741E-19 8.827E-19 8.927E-19 8.880E-19 8.836E-19 8.831E-19 8.807E-19 8.763E-19 8.814E-19 8.927E-19
 8.835E-19 8.827E-19 8.840E-19 8.857E-19 8.829E-19 8.806E-19 8.870E-19 8.864E-19 8.868E-19 8.893E-19
 8.957E-19 8.895E-19 8.849E-19 8.925E-19 8.926E-19 8.861E-19 8.878E-19 8.953E-19 8.941E-19 8.905E-19
 8.947E-19 9.021E-19 9.092E-19 9.059E-19 8.995E-19 8.993E-19 9.033E-19 9.061E-19 9.038E-19 9.025E-19
 9.035E-19 9.007E-19 8.934E-19 8.992E-19 9.064E-19 9.065E-19 9.099E-19 9.109E-19 9.100E-19 9.093E-19
 9.137E-19 9.168E-19 9.250E-19 9.345E-19 9.232E-19 9.162E-19 9.168E-19 9.132E-19 9.081E-19 9.082E-19
 9.087E-19 9.067E-19 9.123E-19 9.174E-19 9.180E-19 9.161E-19 9.153E-19 9.179E-19 9.137E-19 9.160E-19
 9.182E-19 9.230E-19 9.325E-19 9.392E-19 9.354E-19 9.330E-19 9.374E-19 9.410E-19 9.308E-19 9.287E-19
 9.329E-19 9.364E-19 9.381E-19 9.360E-19 9.421E-19 9.354E-19 9.284E-19 9.275E-19 9.281E-19 9.356E-19
 9.435E-19 9.471E-19 9.466E-19 9.445E-19 9.431E-19 9.441E-19 9.430E-19 9.511E-19 9.509E-19 9.434E-19
 9.461E-19 9.490E-19 9.494E-19 9.508E-19 9.591E-19 9.528E-19 9.450E-19 9.462E-19 9.572E-19 9.638E-19
 9.638E-19 9.608E-19 9.667E-19 9.750E-19 9.678E-19 9.650E-19 9.688E-19 9.682E-19 9.725E-19 9.743E-19
 9.720E-19 9.705E-19 9.690E-19 9.711E-19 9.707E-19 9.705E-19 9.718E-19 9.706E-19 9.724E-19 9.660E-19
 9.681E-19 9.747E-19 9.772E-19 9.757E-19 9.656E-19 9.684E-19 9.691E-19 9.727E-19 9.805E-19 9.834E-19
 9.778E-19 9.809E-19 9.805E-19 9.741E-19 9.717E-19 9.667E-19 9.753E-19 9.852E-19 9.895E-19 9.908E-19
 9.868E-19 9.846E-19 9.873E-19 9.802E-19 9.749E-19 9.821E-19 9.830E-19 9.803E-19 9.817E-19 9.920E-19
 1.004E-18 1.005E-18 9.991E-19 9.945E-19 9.954E-19 9.984E-19 1.004E-18 1.011E-18 1.005E-18 9.931E-19
 9.935E-19 1.003E-18 1.006E-18 9.949E-19 9.968E-19 1.004E-18 9.930E-19 9.933E-19 1.010E-18 1.008E-18
 9.992E-19 9.968E-19 1.009E-18 1.013E-18 1.004E-18 1.001E-18 1.007E-18 1.019E-18 1.020E-18 1.014E-18
 1.009E-18 1.012E-18 1.015E-18 1.018E-18 1.010E-18 1.010E-18 1.019E-18 1.027E-18 1.028E-18 1.022E-18
 1.017E-18 1.014E-18 1.020E-18 1.032E-18 1.032E-18 1.025E-18 1.027E-18 1.029E-18 1.036E-18 1.028E-18
 1.027E-18 1.029E-18 1.033E-18 1.040E-18 1.040E-18 1.041E-18 1.045E-18 1.046E-18 1.048E-18 1.056E-18
 1.053E-18 1.058E-18 1.061E-18 1.066E-18 1.064E-18 1.065E-18 1.070E-18 1.067E-18 1.058E-18 1.052E-18
 1.057E-18 1.071E-18 1.085E-18 1.085E-18 1.077E-18 1.077E-18 1.081E-18 1.071E-18 1.077E-18 1.090E-18
 1.097E-18 1.101E-18 1.104E-18 1.100E-18 1.097E-18 1.103E-18 1.107E-18 1.104E-18 1.105E-18 1.119E-18
 1.125E-18 1.128E-18 1.130E-18 1.130E-18 1.123E-18 1.121E-18 1.128E-18 1.143E-18 1.144E-18 1.145E-18
 1.142E-18 1.144E-18 1.156E-18 1.161E-18 1.163E-18 1.165E-18 1.171E-18 1.170E-18 1.164E-18 1.167E-18
 1.183E-18 1.186E-18 1.190E-18 1.193E-18 1.199E-18 1.206E-18 1.215E-18 1.216E-18 1.218E-18 1.216E-18
 1.215E-18 1.218E-18 1.214E-18 1.216E-18 1.222E-18 1.230E-18 1.244E-18 1.259E-18 1.255E-18 1.250E-18
 1.256E-18 1.251E-18 1.242E-18 1.253E-18 1.257E-18 1.258E-18 1.256E-18 1.255E-18 1.259E-18 1.265E-18
 1.269E-18 1.272E-18 1.281E-18 1.292E-18 1.303E-18 1.312E-18 1.304E-18 1.301E-18 1.315E-18 1.319E-18
 1.320E-18 1.319E-18 1.321E-18 1.325E-18 1.326E-18 1.332E-18 1.342E-18 1.347E-18 1.345E-18 1.338E-18
 1.354E-18 1.379E-18 1.383E-18 1.371E-18 1.370E-18 1.371E-18 1.378E-18 1.385E-18 1.385E-18 1.381E-18
 1.383E-18 1.388E-18 1.392E-18 1.394E-18 1.392E-18 1.385E-18 1.379E-18 1.391E-18 1.399E-18 1.400E-18
 1.398E-18 1.393E-18 1.398E-18 1.413E-18 1.420E-18 1.416E-18 1.408E-18 1.410E-18 1.422E-18 1.432E-18
 1.442E-18 1.441E-18 1.438E-18 1.437E-18 1.424E-18 1.416E-18 1.434E-18 1.451E-18 1.456E-18 1.446E-18
 1.430E-18 1.436E-18 1.452E-18 1.462E-18 1.445E-18 1.431E-18 1.425E-18 1.436E-18 1.457E-18 1.455E-18
 1.442E-18 1.439E-18 1.446E-18 1.443E-18 1.460E-18 1.470E-18 1.450E-18 1.440E-18 1.439E-18 1.451E-18
 1.468E-18 1.452E-18 1.433E-18 1.433E-18 1.431E-18 1.446E-18 1.438E-18 1.412E-18 1.419E-18 1.436E-18
 1.445E-18 1.452E-18 1.430E-18 1.402E-18 1.405E-18 1.428E-18 1.433E-18 1.424E-18 1.408E-18 1.392E-18
 1.402E-18 1.420E-18 1.418E-18 1.392E-18 1.383E-18 1.399E-18 1.419E-18 1.417E-18 1.395E-18 1.394E-18
 1.410E-18 1.419E-18 1.420E-18 1.398E-18 1.398E-18 1.414E-18 1.429E-18 1.424E-18 1.409E-18 1.421E-18
 1.430E-18 1.428E-18 1.413E-18 1.405E-18 1.419E-18 1.429E-18 1.434E-18 1.427E-18 1.420E-18 1.435E-18
 1.455E-18 1.461E-18 1.454E-18 1.468E-18 1.473E-18 1.473E-18 1.466E-18 1.455E-18 1.450E-18 1.459E-18
 1.469E-18 1.453E-18 1.437E-18 1.446E-18 1.461E-18 1.459E-18 1.441E-18 1.447E-18 1.458E-18 1.456E-18
 1.457E-18 1.450E-18 1.435E-18 1.419E-18 1.411E-18 1.402E-18 1.391E-18 1.376E-18 1.369E-18 1.370E-18
 1.367E-18 1.362E-18 1.375E-18 1.399E-18 1.407E-18 1.413E-18 1.427E-18 1.434E-18 1.435E-18 1.433E-18
 1.437E-18 1.440E-18 1.458E-18 1.476E-18 1.478E-18 1.478E-18 1.480E-18 1.485E-18 1.501E-18 1.521E-18
 1.535E-18 1.551E-18 1.568E-18 1.598E-18 1.647E-18 1.695E-18 1.736E-18 1.778E-18 1.819E-18 1.842E-18
 1.848E-18 1.857E-18 1.875E-18 1.884E-18 1.893E-18 1.899E-18 1.890E-18 1.882E-18 1.892E-18 1.906E-18
 1.911E-18 1.928E-18 1.936E-18 1.956E-18 1.993E-18 2.022E-18 2.052E-18 2.072E-18 2.076E-18 2.079E-18
 2.064E-18 2.035E-18 2.012E-18 1.991E-18 1.986E-18 1.991E-18 1.993E-18 1.988E-18 1.970E-18 1.946E-18
 1.929E-18 1.913E-18 1.900E-18 1.894E-18 1.872E-18 1.852E-18 1.841E-18 1.829E-18 1.814E-18 1.788E-18
 1.768E-18 1.766E-18 1.750E-18 1.729E-18 1.721E-18 1.714E-18 1.697E-18 1.680E-18 1.660E-18 1.643E-18
 1.627E-18 1.611E-18 1.588E-18 1.570E-18 1.552E-18 1.538E-18 1.522E-18 1.503E-18 1.491E-18 1.474E-18
 1.455E-18 1.442E-18 1.440E-18 1.431E-18 1.416E-18 1.403E-18 1.381E-18 1.351E-18 1.332E-18 1.322E-18
 1.318E-18 1.310E-18 1.296E-18 1.287E-18 1.281E-18 1.262E-18 1.240E-18 1.224E-18 1.210E-18 1.195E-18
 1.186E-18 1.177E-18 1.175E-18 1.164E-18 1.144E-18 1.121E-18 1.112E-18 1.112E-18 1.100E-18 1.089E-18
 1.080E-18 1.073E-18 1.068E-18 1.059E-18 1.042E-18 1.035E-18 1.032E-18 1.024E-18 1.014E-18 1.005E-18
 9.911E-19 9.908E-19 1.000E-18 9.951E-19 9.813E-19 9.678E-19 9.555E-19 9.506E-19 9.439E-19 9.305E-19
 9.267E-19 9.268E-19 9.218E-19 9.196E-19 9.120E-19 8.944E-19 8.855E-19 8.938E-19 8.972E-19 8.944E-19
 8.833E-19 8.609E-19 8.507E-19 8.508E-19 8.467E-19 8.367E-19 8.342E-19 8.366E-19 8.420E-19 8.406E-19
 8.425E-19 8.345E-19 8.222E-19 8.264E-19 8.296E-19 8.271E-19 8.306E-19 8.327E-19 8.211E-19 8.143E-19
 8.122E-19 8.062E-19 8.097E-19 8.125E-19 7.997E-19 7.887E-19 7.905E-19 7.953E-19 7.940E-19 7.980E-19
 8.071E-19 8.002E-19 7.944E-19 8.028E-19 7.993E-19 7.951E-19 8.039E-19 8.047E-19 7.971E-19 7.939E-19
 7.929E-19 7.921E-19 7.922E-19 7.939E-19 7.930E-19 7.942E-19 8.043E-19 8.011E-19 7.999E-19 7.999E-19
 7.934E-19 8.012E-19 8.158E-19 8.110E-19 8.052E-19 8.150E-19 8.211E-19 8.207E-19 8.193E-19 8.172E-19
 8.120E-19 8.092E-19 8.104E-19 8.207E-19 8.279E-19 8.225E-19 8.279E-19 8.311E-19 8.207E-19 8.210E-19
 8.221E-19 8.228E-19 8.254E-19 8.281E-19 8.333E-19 8.410E-19 8.416E-19 8.379E-19 8.349E-19 8.347E-19
 8.346E-19 8.440E-19 8.543E-19 8.553E-19 8.516E-19 8.548E-19 8.573E-19 8.643E-19 8.677E-19 8.635E-19
 8.660E-19 8.766E-19 8.876E-19 8.895E-19 8.973E-19 9.031E-19 8.976E-19 8.901E-19 8.810E-19 8.767E-19
 8.921E-19 9.100E-19 9.107E-19 9.119E-19 9.074E-19 9.028E-19 9.028E-19 9.019E-19 9.034E-19 9.072E-19
 9.139E-19 9.188E-19 9.154E-19 9.116E-19 9.114E-19 9.070E-19 9.076E-19 9.088E-19 9.059E-19 9.140E-19
 9.213E-19 9.192E-19 9.258E-19 9.381E-19 9.336E-19 9.210E-19 9.111E-19 9.100E-19 9.226E-19 9.377E-19
 9.426E-19 9.354E-19 9.357E-19 9.419E-19 9.411E-19 9.389E-19 9.501E-19 9.549E-19 9.511E-19 9.461E-19
 9.446E-19 9.371E-19 9.460E-19 9.521E-19 9.461E-19 9.390E-19 9.386E-19 9.427E-19 9.500E-19 9.561E-19
 9.506E-19 9.485E-19 9.565E-19 9.512E-19 9.486E-19 9.616E-19 9.617E-19 9.579E-19 9.664E-19 9.631E-19
 9.591E-19 9.681E-19 9.640E-19 9.563E-19 9.619E-19 9.692E-19 9.617E-19 9.692E-19 9.804E-19 9.705E-19
 9.673E-19 9.627E-19 9.506E-19 9.550E-19 9.663E-19 9.682E-19 9.656E-19 9.697E-19 9.633E-19 9.579E-19
 9.585E-19 9.549E-19 9.551E-19 9.699E-19 9.695E-19 9.641E-19 9.758E-19 9.785E-19 9.692E-19 9.589E-19
 9.618E-19 9.613E-19 9.619E-19 9.641E-19 9.604E-19 9.685E-19 9.782E-19 9.701E-19 9.560E-19 9.580E-19
 9.554E-19 9.496E-19 9.663E-19 9.707E-19 9.569E-19 9.620E-19 9.680E-19 9.603E-19 9.516E-19 9.486E-19
 9.451E-19 9.442E-19 9.521E-19 9.521E-19 9.519E-19 9.639E-19 9.540E-19 9.416E-19 9.523E-19 9.546E-19
 9.564E-19 9.690E-19 9.628E-19 9.532E-19 9.576E-19 9.492E-19 9.345E-19 9.435E-19 9.479E-19 9.346E-19
 9.290E-19 9.335E-19 9.339E-19 9.465E-19 9.545E-19 9.413E-19 9.453E-19 9.429E-19 9.229E-19 9.176E-19
 9.231E-19 9.128E-19 9.395E-19 9.649E-19 9.360E-19 9.169E-19 9.158E-19 9.087E-19 9.114E-19 9.240E-19
 9.202E-19 9.087E-19 9.140E-19 9.199E-19 9.083E-19 9.074E-19 9.042E-19 8.938E-19 8.968E-19 9.010E-19
 8.962E-19 8.981E-19 9.005E-19 8.932E-19 8.935E-19 8.940E-19 8.750E-19 8.729E-19 8.944E-19 8.908E-19
 8.837E-19 8.925E-19 8.810E-19 8.723E-19 8.826E-19 8.780E-19 8.688E-19 8.743E-19 8.635E-19 8.579E-19
 8.734E-19 8.743E-19 8.649E-19 8.684E-19 8.710E-19 8.654E-19 8.581E-19 8.554E-19 8.561E-19 8.613E-19
 8.662E-19 8.561E-19 8.510E-19 8.464E-19 8.320E-19 8.349E-19 8.351E-19 8.163E-19 8.151E-19 8.269E-19
 8.275E-19 8.269E-19 8.292E-19 8.149E-19 8.136E-19 8.256E-19 8.185E-19 8.127E-19 8.224E-19 8.136E-19
 7.983E-19 7.988E-19 7.920E-19 7.895E-19 8.032E-19 7.995E-19 7.870E-19 7.922E-19 7.928E-19 7.886E-19
 7.925E-19 7.802E-19 7.635E-19 7.730E-19 7.764E-19 7.746E-19 7.859E-19 7.715E-19 7.503E-19 7.526E-19
 7.565E-19 7.592E-19 7.646E-19 7.653E-19 7.628E-19 7.620E-19 7.597E-19 7.546E-19 7.515E-19 7.387E-19
 7.259E-19 7.292E-19 7.368E-19 7.334E-19 7.310E-19 7.274E-19 7.180E-19 7.098E-19 7.076E-19 7.078E-19
 7.101E-19 7.096E-19 7.130E-19 7.141E-19 7.061E-19 6.999E-19 6.992E-19 6.967E-19 6.863E-19 6.869E-19
 6.920E-19 6.906E-19 6.902E-19 6.819E-19 6.658E-19 6.697E-19 6.756E-19 6.729E-19 6.765E-19 6.794E-19
 6.755E-19 6.724E-19 6.637E-19 6.527E-19 6.470E-19 6.458E-19 6.375E-19 6.368E-19 6.355E-19 6.283E-19
 6.213E-19 6.219E-19 6.250E-19 6.308E-19 6.346E-19 6.306E-19 6.237E-19 6.178E-19 6.152E-19 6.158E-19
 6.103E-19 6.008E-19 6.015E-19 6.005E-19 6.045E-19 6.094E-19 5.955E-19 5.834E-19 5.900E-19 5.904E-19
 5.799E-19 5.782E-19 5.791E-19 5.761E-19 5.755E-19 5.653E-19 5.586E-19 5.538E-19 5.552E-19 5.573E-19
 5.533E-19 5.535E-19 5.573E-19 5.508E-19 5.373E-19 5.358E-19 5.398E-19 5.301E-19 5.300E-19 5.293E-19
 5.228E-19 5.256E-19 5.221E-19 5.160E-19 5.155E-19 5.181E-19 5.202E-19 5.151E-19 5.025E-19 4.961E-19
 4.920E-19 4.899E-19 4.944E-19 4.943E-19 4.827E-19 4.811E-19 4.873E-19 4.903E-19 4.912E-19 4.824E-19
 4.767E-19 4.777E-19 4.776E-19 4.715E-19 4.729E-19 4.708E-19 4.643E-19 4.586E-19 4.488E-19 4.487E-19
 4.556E-19 4.537E-19 4.474E-19 4.373E-19 4.262E-19 4.270E-19 4.302E-19 4.308E-19 4.291E-19 4.253E-19
 4.230E-19 4.187E-19 4.146E-19 4.085E-19 3.992E-19 3.960E-19 4.056E-19 4.066E-19 3.943E-19 3.864E-19
 3.794E-19 3.824E-19 3.855E-19 3.938E-19 3.901E-19 3.805E-19 3.829E-19 3.808E-19 3.720E-19 3.668E-19
 3.712E-19 3.810E-19 3.741E-19 3.675E-19 3.691E-19 3.661E-19 3.626E-19 3.636E-19 3.606E-19 3.567E-19
 3.580E-19 3.577E-19 3.534E-19 3.447E-19 3.334E-19 3.365E-19 3.411E-19 3.358E-19 3.323E-19 3.344E-19
 3.315E-19 3.315E-19 3.336E-19 3.182E-19 3.109E-19 3.095E-19 3.034E-19 2.988E-19 3.021E-19 3.091E-19
 3.091E-19 2.998E-19 2.967E-19 2.961E-19 2.912E-19 2.858E-19 2.910E-19 2.953E-19 2.933E-19 2.873E-19
 2.853E-19 2.781E-19 2.758E-19 2.854E-19 2.924E-19 2.857E-19 2.702E-19 2.669E-19 2.718E-19 2.749E-19
 2.726E-19 2.634E-19 2.538E-19 2.492E-19 2.480E-19 2.496E-19 2.590E-19 2.581E-19 2.513E-19 2.496E-19
 2.382E-19 2.350E-19 2.376E-19 2.352E-19 2.365E-19 2.438E-19 2.484E-19 2.430E-19 2.417E-19 2.404E-19
 2.308E-19 2.244E-19 2.244E-19 2.283E-19 2.295E-19 2.257E-19 2.278E-19 2.220E-19 2.085E-19 2.066E-19
 2.100E-19 2.094E-19 2.064E-19 2.030E-19 1.989E-19 1.965E-19 1.936E-19 1.880E-19 1.839E-19 1.838E-19
 1.879E-19 1.896E-19 1.944E-19 1.917E-19 1.859E-19 1.926E-19 1.915E-19 1.797E-19 1.651E-19 1.631E-19
 1.662E-19 1.736E-19 1.752E-19 1.696E-19 1.675E-19 1.693E-19 1.677E-19 1.630E-19 1.557E-19 1.597E-19
 1.642E-19 1.590E-19 1.568E-19 1.562E-19 1.574E-19 1.548E-19 1.523E-19 1.498E-19 1.438E-19 1.414E-19
 1.353E-19 1.376E-19 1.528E-19 1.586E-19 1.561E-19 1.499E-19 1.445E-19 1.366E-19 1.360E-19 1.395E-19
 1.445E-19 1.447E-19 1.361E-19 1.330E-19 1.363E-19 1.321E-19 1.229E-19 1.153E-19 1.187E-19 1.222E-19
 1.152E-19 1.146E-19 1.131E-19 1.111E-19 1.072E-19 1.053E-19 1.005E-19 9.717E-20 9.633E-20 1.086E-19
 1.199E-19 1.132E-19 1.092E-19 1.148E-19 1.162E-19 1.151E-19 1.136E-19 1.116E-19 1.107E-19 1.056E-19
 1.075E-19 1.111E-19 1.033E-19 9.510E-20 9.356E-20 9.324E-20 9.323E-20 9.538E-20 9.271E-20 8.693E-20
 8.771E-20 8.663E-20 7.906E-20 7.366E-20 7.167E-20 7.511E-20 8.011E-20 8.240E-20 8.492E-20 9.028E-20
 8.862E-20 7.700E-20 7.703E-20 7.987E-20 7.732E-20 7.471E-20 8.031E-20 7.440E-20 7.739E-20 8.871E-20
 8.725E-20 7.760E-20 6.573E-20 6.002E-20 6.016E-20 7.024E-20 7.400E-20 6.882E-20 7.129E-20 6.827E-20
 6.124E-20 5.662E-20 5.872E-20 6.290E-20 6.160E-20 5.301E-20 5.112E-20 5.606E-20 5.156E-20 4.874E-20
 4.662E-20 4.128E-20 3.932E-20 4.886E-20 5.591E-20 5.571E-20 5.641E-20 5.222E-20 4.709E-20 4.756E-20
 4.690E-20 4.814E-20 5.235E-20 5.536E-20 5.598E-20 4.627E-20 4.720E-20 5.086E-20 4.529E-20 4.659E-20
 5.125E-20 5.558E-20 5.636E-20 5.939E-20 5.707E-20 5.021E-20 4.234E-20 3.575E-20 3.554E-20 3.401E-20
 3.082E-20 3.443E-20 4.516E-20 4.352E-20 4.281E-20 4.223E-20 3.054E-20 3.307E-20 3.833E-20 3.259E-20
 3.539E-20 4.142E-20 4.086E-20 4.070E-20 3.794E-20 4.026E-20 3.908E-20 3.422E-20 3.222E-20 3.049E-20
 2.813E-20 2.716E-20 3.114E-20 3.697E-20 3.425E-20 3.090E-20 2.942E-20 3.470E-20 3.855E-20 3.545E-20
