    C2ClF5  955.0110 1014.9860      4044  203.0000    0.0000 2.763E-18  NCAR    CFC-115
 1.798E-20 2.321E-20 2.901E-20 3.269E-20 3.660E-20 3.758E-20 3.590E-20 3.267E-20 2.971E-20 2.331E-20
 1.375E-20 1.694E-20 2.002E-20 2.106E-20 3.188E-20 3.261E-20 1.832E-20 1.645E-20 2.438E-20 2.234E-20
 2.178E-20 2.321E-20 2.531E-20 2.881E-20 2.781E-20 2.836E-20 2.755E-20 2.574E-20 1.995E-20 1.534E-20
 1.663E-20 2.057E-20 3.119E-20 3.379E-20 2.918E-20 3.009E-20 2.646E-20 2.299E-20 1.672E-20 1.658E-20
 2.212E-20 2.362E-20 2.187E-20 1.783E-20 2.221E-20 2.168E-20 2.131E-20 2.397E-20 2.227E-20 2.548E-20
 2.883E-20 2.523E-20 2.274E-20 3.108E-20 2.402E-20 1.333E-20 2.488E-20 3.098E-20 2.482E-20 2.629E-20
 2.698E-20 2.688E-20 3.499E-20 3.219E-20 2.016E-20 1.369E-20 1.990E-20 2.350E-20 2.545E-20 2.728E-20
 2.874E-20 3.164E-20 3.568E-20 3.171E-20 2.400E-20 2.102E-20 2.452E-20 2.649E-20 2.904E-20 3.372E-20
 3.300E-20 3.152E-20 3.027E-20 2.892E-20 2.838E-20 2.898E-20 2.780E-20 2.250E-20 2.379E-20 3.102E-20
 2.982E-20 2.788E-20 3.089E-20 3.120E-20 2.752E-20 3.074E-20 2.964E-20 2.904E-20 3.062E-20 3.106E-20
 2.624E-20 2.577E-20 1.836E-20 1.458E-20 2.053E-20 2.655E-20 2.876E-20 2.676E-20 2.783E-20 3.063E-20
 3.122E-20 3.779E-20 2.937E-20 1.395E-20 1.771E-20 2.079E-20 1.899E-20 2.063E-20 2.164E-20 2.637E-20
 2.781E-20 2.667E-20 2.326E-20 2.333E-20 2.839E-20 2.881E-20 3.157E-20 3.378E-20 3.366E-20 2.790E-20
 2.710E-20 2.996E-20 3.439E-20 3.596E-20 4.024E-20 3.814E-20 3.837E-20 3.445E-20 2.593E-20 1.960E-20
 2.334E-20 2.219E-20 2.178E-20 2.863E-20 3.917E-20 4.319E-20 3.870E-20 3.414E-20 2.990E-20 2.564E-20
 1.927E-20 2.117E-20 3.017E-20 3.523E-20 2.848E-20 1.949E-20 2.037E-20 2.127E-20 2.251E-20 2.553E-20
 3.536E-20 4.583E-20 4.350E-20 4.250E-20 3.676E-20 2.555E-20 1.925E-20 2.448E-20 2.185E-20 2.193E-20
 2.594E-20 3.157E-20 3.422E-20 3.233E-20 2.884E-20 2.630E-20 2.193E-20 1.346E-20 1.078E-20 1.416E-20
 1.658E-20 2.037E-20 2.165E-20 1.881E-20 2.454E-20 2.088E-20 8.001E-21 7.011E-21 7.868E-21 1.756E-20
 2.988E-20 2.964E-20 1.850E-20 7.833E-21 7.175E-21 1.552E-20 2.124E-20 1.897E-20 2.286E-20 2.974E-20
 2.594E-20 2.203E-20 1.927E-20 1.789E-20 2.516E-20 2.129E-20 1.571E-20 2.072E-20 2.658E-20 1.744E-20
 1.837E-20 3.011E-20 3.025E-20 2.315E-20 2.237E-20 2.377E-20 3.066E-20 3.258E-20 3.499E-20 3.042E-20
 1.912E-20 2.442E-20 3.206E-20 2.766E-20 2.406E-20 2.944E-20 3.411E-20 3.370E-20 2.996E-20 2.521E-20
 1.940E-20 1.411E-20 1.061E-20 1.940E-20 3.223E-20 3.510E-20 3.152E-20 3.205E-20 3.043E-20 2.817E-20
 2.352E-20 2.062E-20 1.997E-20 2.640E-20 2.347E-20 2.605E-20 3.115E-20 2.163E-20 1.849E-20 2.075E-20
 2.004E-20 1.717E-20 1.717E-20 2.813E-20 3.846E-20 4.124E-20 2.714E-20 1.329E-20 1.586E-20 2.053E-20
 2.642E-20 3.809E-20 3.757E-20 2.838E-20 2.836E-20 2.959E-20 2.926E-20 2.209E-20 2.253E-20 3.187E-20
 3.117E-20 3.289E-20 4.020E-20 4.618E-20 3.765E-20 2.873E-20 3.390E-20 3.373E-20 2.594E-20 2.613E-20
 3.430E-20 3.574E-20 3.759E-20 3.260E-20 3.033E-20 2.933E-20 2.886E-20 1.769E-20 9.063E-21 2.008E-20
 3.653E-20 3.974E-20 3.828E-20 3.431E-20 3.169E-20 2.967E-20 3.257E-20 2.473E-20 2.560E-20 3.217E-20
 2.636E-20 2.798E-20 3.556E-20 3.906E-20 4.014E-20 3.997E-20 3.245E-20 2.431E-20 2.188E-20 2.939E-20
 3.494E-20 3.673E-20 3.271E-20 3.525E-20 3.359E-20 2.622E-20 2.737E-20 3.555E-20 3.949E-20 3.669E-20
 3.826E-20 3.105E-20 1.928E-20 1.690E-20 1.516E-20 2.041E-20 2.804E-20 3.251E-20 4.234E-20 4.388E-20
 4.750E-20 4.739E-20 3.962E-20 3.859E-20 3.379E-20 3.612E-20 3.959E-20 3.759E-20 4.258E-20 4.907E-20
 5.058E-20 4.585E-20 4.019E-20 3.580E-20 2.660E-20 2.582E-20 3.270E-20 4.498E-20 5.053E-20 4.218E-20
 3.889E-20 4.017E-20 3.536E-20 3.410E-20 3.123E-20 3.957E-20 4.618E-20 4.100E-20 3.022E-20 2.529E-20
 3.093E-20 3.551E-20 3.210E-20 2.579E-20 2.997E-20 3.300E-20 3.328E-20 3.443E-20 2.919E-20 2.671E-20
 2.971E-20 3.370E-20 3.812E-20 3.989E-20 3.766E-20 3.571E-20 4.225E-20 4.624E-20 3.190E-20 2.190E-20
 2.651E-20 3.209E-20 3.187E-20 2.965E-20 3.325E-20 4.131E-20 3.783E-20 3.792E-20 4.314E-20 3.978E-20
 3.969E-20 4.440E-20 4.574E-20 3.902E-20 3.945E-20 4.036E-20 4.182E-20 3.942E-20 3.700E-20 3.609E-20
 3.446E-20 3.692E-20 4.403E-20 4.285E-20 3.901E-20 3.806E-20 3.838E-20 3.403E-20 3.981E-20 4.112E-20
 3.865E-20 3.887E-20 3.915E-20 3.975E-20 3.418E-20 3.350E-20 3.971E-20 4.303E-20 4.143E-20 3.809E-20
 4.354E-20 4.828E-20 4.057E-20 3.630E-20 3.274E-20 2.570E-20 2.439E-20 2.734E-20 3.680E-20 4.296E-20
 4.032E-20 4.042E-20 3.483E-20 3.652E-20 4.511E-20 4.423E-20 4.427E-20 4.579E-20 4.096E-20 4.014E-20
 3.676E-20 3.262E-20 3.484E-20 3.635E-20 2.728E-20 2.718E-20 3.542E-20 3.947E-20 4.767E-20 5.171E-20
 4.307E-20 3.658E-20 3.959E-20 4.009E-20 3.114E-20 3.350E-20 3.876E-20 4.100E-20 4.654E-20 5.297E-20
 5.236E-20 4.467E-20 3.658E-20 3.036E-20 3.244E-20 3.290E-20 3.545E-20 3.941E-20 3.760E-20 3.525E-20
 3.715E-20 4.788E-20 5.043E-20 4.692E-20 4.381E-20 4.001E-20 4.274E-20 4.187E-20 4.158E-20 4.417E-20
 4.622E-20 4.724E-20 4.900E-20 4.563E-20 4.270E-20 5.267E-20 5.598E-20 4.929E-20 4.081E-20 3.600E-20
 3.703E-20 3.901E-20 4.031E-20 3.859E-20 4.230E-20 4.003E-20 3.668E-20 4.206E-20 4.394E-20 4.898E-20
 4.216E-20 3.406E-20 4.406E-20 5.018E-20 4.644E-20 4.861E-20 5.074E-20 4.452E-20 4.406E-20 4.350E-20
 4.974E-20 6.201E-20 5.938E-20 5.536E-20 6.016E-20 5.438E-20 4.609E-20 4.363E-20 4.522E-20 4.836E-20
 4.499E-20 4.267E-20 4.722E-20 4.709E-20 4.307E-20 3.865E-20 2.806E-20 2.438E-20 3.315E-20 3.472E-20
 3.872E-20 4.770E-20 4.454E-20 3.988E-20 4.457E-20 4.413E-20 3.528E-20 3.402E-20 3.544E-20 3.091E-20
 3.423E-20 4.312E-20 4.562E-20 4.622E-20 4.825E-20 4.854E-20 4.413E-20 4.406E-20 4.796E-20 4.894E-20
 5.247E-20 5.512E-20 5.387E-20 4.805E-20 4.171E-20 3.924E-20 4.248E-20 4.599E-20 4.167E-20 4.132E-20
 4.414E-20 4.176E-20 3.903E-20 3.139E-20 2.980E-20 3.804E-20 3.571E-20 3.550E-20 3.900E-20 4.746E-20
 4.569E-20 3.864E-20 3.694E-20 3.404E-20 4.067E-20 4.214E-20 4.083E-20 4.170E-20 4.521E-20 4.794E-20
 4.249E-20 3.605E-20 3.116E-20 2.843E-20 2.668E-20 3.197E-20 5.069E-20 5.426E-20 5.030E-20 4.352E-20
 3.938E-20 4.156E-20 3.734E-20 3.672E-20 3.888E-20 4.709E-20 4.207E-20 4.059E-20 4.250E-20 3.901E-20
 3.661E-20 3.672E-20 3.581E-20 3.594E-20 4.510E-20 5.684E-20 5.979E-20 5.086E-20 4.478E-20 3.747E-20
 4.034E-20 4.578E-20 4.134E-20 4.434E-20 4.872E-20 4.437E-20 4.435E-20 4.574E-20 4.475E-20 3.959E-20
 3.307E-20 3.024E-20 3.320E-20 3.955E-20 3.794E-20 4.504E-20 4.781E-20 3.390E-20 2.964E-20 3.977E-20
 4.127E-20 4.432E-20 4.218E-20 3.923E-20 4.082E-20 3.218E-20 2.692E-20 3.003E-20 3.504E-20 3.583E-20
 3.880E-20 4.868E-20 5.507E-20 4.942E-20 4.136E-20 3.830E-20 3.793E-20 4.290E-20 5.893E-20 6.208E-20
 5.322E-20 4.972E-20 5.546E-20 5.960E-20 5.838E-20 5.100E-20 4.291E-20 3.318E-20 2.304E-20 3.656E-20
 5.293E-20 4.700E-20 4.730E-20 5.091E-20 4.184E-20 3.938E-20 3.941E-20 4.073E-20 5.100E-20 4.750E-20
 3.662E-20 3.936E-20 3.660E-20 2.692E-20 2.700E-20 3.135E-20 3.765E-20 4.213E-20 4.263E-20 4.256E-20
 4.249E-20 4.107E-20 4.315E-20 4.431E-20 4.253E-20 4.321E-20 4.681E-20 5.178E-20 5.402E-20 5.123E-20
 4.532E-20 5.052E-20 5.411E-20 5.764E-20 5.517E-20 5.157E-20 5.682E-20 5.942E-20 5.808E-20 5.389E-20
 5.234E-20 4.935E-20 5.231E-20 5.866E-20 6.174E-20 5.659E-20 5.237E-20 4.963E-20 4.690E-20 5.419E-20
 6.047E-20 5.274E-20 4.977E-20 5.428E-20 5.207E-20 4.994E-20 5.488E-20 6.232E-20 6.383E-20 6.329E-20
 5.917E-20 6.202E-20 6.405E-20 5.862E-20 5.296E-20 5.301E-20 5.225E-20 4.722E-20 5.151E-20 4.847E-20
 3.765E-20 4.338E-20 4.927E-20 5.400E-20 6.340E-20 6.464E-20 5.930E-20 5.448E-20 5.295E-20 5.124E-20
 4.886E-20 5.113E-20 5.477E-20 6.185E-20 6.433E-20 6.706E-20 6.742E-20 5.565E-20 5.360E-20 5.673E-20
 6.285E-20 7.254E-20 8.083E-20 8.266E-20 7.502E-20 7.285E-20 7.307E-20 6.508E-20 6.007E-20 5.458E-20
 4.830E-20 5.060E-20 5.942E-20 6.714E-20 7.044E-20 7.556E-20 7.507E-20 7.079E-20 6.650E-20 6.688E-20
 7.467E-20 8.345E-20 8.060E-20 7.659E-20 7.754E-20 6.952E-20 5.671E-20 5.448E-20 5.113E-20 5.090E-20
 5.945E-20 6.674E-20 6.869E-20 7.623E-20 7.784E-20 6.884E-20 7.133E-20 7.144E-20 6.801E-20 7.372E-20
 8.187E-20 9.026E-20 9.468E-20 8.446E-20 8.186E-20 8.789E-20 9.212E-20 9.435E-20 1.041E-19 1.037E-19
 9.552E-20 9.392E-20 9.748E-20 1.076E-19 1.048E-19 8.910E-20 8.788E-20 8.954E-20 8.327E-20 8.083E-20
 8.120E-20 7.724E-20 7.396E-20 7.151E-20 7.673E-20 8.037E-20 7.051E-20 6.158E-20 6.441E-20 6.589E-20
 6.593E-20 6.521E-20 6.578E-20 7.265E-20 8.285E-20 8.095E-20 8.163E-20 9.309E-20 8.848E-20 7.418E-20
 7.043E-20 7.611E-20 8.352E-20 8.376E-20 8.052E-20 8.445E-20 8.785E-20 8.874E-20 9.327E-20 9.320E-20
 8.924E-20 9.063E-20 8.712E-20 8.264E-20 8.279E-20 8.356E-20 9.045E-20 9.089E-20 8.081E-20 7.952E-20
 8.254E-20 7.962E-20 8.553E-20 9.867E-20 9.559E-20 9.242E-20 9.405E-20 9.401E-20 9.564E-20 9.277E-20
 8.458E-20 8.348E-20 9.508E-20 1.035E-19 9.968E-20 9.793E-20 9.448E-20 9.261E-20 8.626E-20 8.768E-20
 9.144E-20 9.438E-20 9.237E-20 9.307E-20 9.344E-20 9.274E-20 9.156E-20 9.307E-20 9.593E-20 9.883E-20
 9.023E-20 8.674E-20 9.131E-20 1.041E-19 1.157E-19 1.071E-19 9.771E-20 9.470E-20 1.026E-19 1.081E-19
 1.061E-19 1.094E-19 1.134E-19 1.089E-19 1.153E-19 1.161E-19 1.131E-19 1.153E-19 1.163E-19 1.193E-19
 1.175E-19 1.148E-19 1.162E-19 1.128E-19 1.089E-19 1.124E-19 1.120E-19 1.140E-19 1.121E-19 1.043E-19
 1.146E-19 1.239E-19 1.164E-19 1.045E-19 1.085E-19 1.093E-19 1.089E-19 1.186E-19 1.263E-19 1.372E-19
 1.407E-19 1.311E-19 1.248E-19 1.196E-19 1.157E-19 1.182E-19 1.271E-19 1.260E-19 1.223E-19 1.272E-19
 1.285E-19 1.227E-19 1.223E-19 1.232E-19 1.284E-19 1.307E-19 1.302E-19 1.256E-19 1.360E-19 1.421E-19
 1.338E-19 1.267E-19 1.297E-19 1.330E-19 1.290E-19 1.359E-19 1.443E-19 1.425E-19 1.490E-19 1.509E-19
 1.383E-19 1.307E-19 1.335E-19 1.399E-19 1.472E-19 1.539E-19 1.496E-19 1.558E-19 1.579E-19 1.565E-19
 1.553E-19 1.524E-19 1.488E-19 1.502E-19 1.545E-19 1.537E-19 1.552E-19 1.488E-19 1.448E-19 1.568E-19
 1.568E-19 1.559E-19 1.620E-19 1.646E-19 1.653E-19 1.690E-19 1.723E-19 1.695E-19 1.607E-19 1.581E-19
 1.608E-19 1.634E-19 1.683E-19 1.704E-19 1.701E-19 1.771E-19 1.871E-19 1.836E-19 1.805E-19 1.782E-19
 1.811E-19 1.868E-19 1.896E-19 1.922E-19 1.894E-19 1.819E-19 1.763E-19 1.806E-19 1.830E-19 1.876E-19
 1.906E-19 1.884E-19 1.839E-19 1.889E-19 1.952E-19 1.980E-19 1.957E-19 1.951E-19 1.911E-19 1.868E-19
 1.847E-19 1.864E-19 1.990E-19 2.060E-19 2.051E-19 2.013E-19 1.992E-19 1.989E-19 2.001E-19 2.014E-19
 2.023E-19 2.045E-19 2.096E-19 2.119E-19 2.024E-19 1.991E-19 2.042E-19 2.085E-19 2.222E-19 2.320E-19
 2.256E-19 2.216E-19 2.297E-19 2.407E-19 2.372E-19 2.303E-19 2.312E-19 2.349E-19 2.413E-19 2.453E-19
 2.458E-19 2.422E-19 2.355E-19 2.358E-19 2.333E-19 2.226E-19 2.269E-19 2.392E-19 2.490E-19 2.538E-19
 2.496E-19 2.419E-19 2.454E-19 2.397E-19 2.344E-19 2.384E-19 2.435E-19 2.479E-19 2.520E-19 2.558E-19
 2.530E-19 2.407E-19 2.405E-19 2.539E-19 2.612E-19 2.702E-19 2.839E-19 2.884E-19 2.867E-19 2.867E-19
 2.875E-19 2.874E-19 2.878E-19 2.872E-19 2.914E-19 2.851E-19 2.797E-19 2.759E-19 2.740E-19 2.798E-19
 2.887E-19 2.892E-19 2.739E-19 2.772E-19 2.954E-19 2.994E-19 2.994E-19 3.079E-19 3.078E-19 3.001E-19
 2.962E-19 2.924E-19 2.953E-19 3.070E-19 3.164E-19 3.217E-19 3.182E-19 3.168E-19 3.169E-19 3.089E-19
 3.023E-19 3.081E-19 3.179E-19 3.278E-19 3.305E-19 3.273E-19 3.245E-19 3.329E-19 3.358E-19 3.301E-19
 3.339E-19 3.454E-19 3.494E-19 3.394E-19 3.304E-19 3.328E-19 3.408E-19 3.398E-19 3.388E-19 3.449E-19
 3.584E-19 3.618E-19 3.613E-19 3.591E-19 3.576E-19 3.615E-19 3.727E-19 3.729E-19 3.527E-19 3.425E-19
 3.444E-19 3.549E-19 3.655E-19 3.711E-19 3.701E-19 3.678E-19 3.701E-19 3.710E-19 3.757E-19 3.782E-19
 3.823E-19 3.944E-19 4.010E-19 4.055E-19 4.065E-19 3.976E-19 3.911E-19 3.949E-19 4.073E-19 4.113E-19
 4.020E-19 4.028E-19 4.070E-19 4.079E-19 4.093E-19 4.065E-19 4.007E-19 4.117E-19 4.242E-19 4.257E-19
 4.249E-19 4.319E-19 4.242E-19 4.129E-19 4.154E-19 4.249E-19 4.379E-19 4.375E-19 4.411E-19 4.454E-19
 4.414E-19 4.413E-19 4.522E-19 4.546E-19 4.455E-19 4.455E-19 4.455E-19 4.418E-19 4.470E-19 4.534E-19
 4.634E-19 4.671E-19 4.651E-19 4.617E-19 4.555E-19 4.568E-19 4.626E-19 4.719E-19 4.811E-19 4.836E-19
 4.800E-19 4.744E-19 4.764E-19 4.831E-19 4.908E-19 5.010E-19 5.045E-19 5.013E-19 4.971E-19 5.005E-19
 5.035E-19 4.996E-19 4.996E-19 5.013E-19 5.057E-19 5.180E-19 5.235E-19 5.198E-19 5.145E-19 5.198E-19
 5.250E-19 5.235E-19 5.168E-19 5.110E-19 5.196E-19 5.293E-19 5.339E-19 5.302E-19 5.333E-19 5.391E-19
 5.288E-19 5.216E-19 5.297E-19 5.405E-19 5.472E-19 5.502E-19 5.557E-19 5.617E-19 5.596E-19 5.533E-19
 5.534E-19 5.610E-19 5.630E-19 5.699E-19 5.787E-19 5.756E-19 5.655E-19 5.553E-19 5.593E-19 5.716E-19
 5.853E-19 5.882E-19 5.879E-19 5.895E-19 5.882E-19 5.863E-19 5.855E-19 5.964E-19 6.029E-19 6.005E-19
 6.023E-19 6.119E-19 6.213E-19 6.205E-19 6.172E-19 6.207E-19 6.338E-19 6.408E-19 6.327E-19 6.234E-19
 6.293E-19 6.294E-19 6.305E-19 6.350E-19 6.305E-19 6.254E-19 6.255E-19 6.326E-19 6.403E-19 6.385E-19
 6.377E-19 6.436E-19 6.512E-19 6.534E-19 6.497E-19 6.509E-19 6.489E-19 6.462E-19 6.589E-19 6.721E-19
 6.704E-19 6.689E-19 6.725E-19 6.733E-19 6.761E-19 6.797E-19 6.814E-19 6.872E-19 6.930E-19 6.935E-19
 6.871E-19 6.980E-19 7.069E-19 6.979E-19 6.922E-19 6.988E-19 7.095E-19 7.187E-19 7.223E-19 7.148E-19
 7.055E-19 7.012E-19 7.011E-19 7.069E-19 7.182E-19 7.214E-19 7.259E-19 7.263E-19 7.206E-19 7.252E-19
 7.396E-19 7.512E-19 7.457E-19 7.444E-19 7.503E-19 7.537E-19 7.489E-19 7.484E-19 7.511E-19 7.526E-19
 7.588E-19 7.616E-19 7.653E-19 7.560E-19 7.463E-19 7.633E-19 7.776E-19 7.745E-19 7.719E-19 7.720E-19
 7.654E-19 7.622E-19 7.726E-19 7.890E-19 8.001E-19 8.076E-19 8.074E-19 7.936E-19 7.802E-19 7.759E-19
 7.795E-19 7.914E-19 8.101E-19 8.227E-19 8.197E-19 8.171E-19 8.139E-19 8.109E-19 8.127E-19 8.145E-19
 8.214E-19 8.221E-19 8.119E-19 8.153E-19 8.248E-19 8.234E-19 8.190E-19 8.252E-19 8.371E-19 8.403E-19
 8.279E-19 8.270E-19 8.385E-19 8.537E-19 8.642E-19 8.633E-19 8.513E-19 8.337E-19 8.354E-19 8.409E-19
 8.483E-19 8.661E-19 8.777E-19 8.821E-19 8.744E-19 8.498E-19 8.405E-19 8.547E-19 8.819E-19 9.028E-19
 8.928E-19 8.748E-19 8.674E-19 8.603E-19 8.694E-19 8.893E-19 9.045E-19 9.021E-19 8.961E-19 8.922E-19
 8.870E-19 8.895E-19 8.926E-19 9.071E-19 9.327E-19 9.293E-19 9.080E-19 8.964E-19 8.921E-19 8.987E-19
 9.287E-19 9.477E-19 9.440E-19 9.276E-19 8.959E-19 8.807E-19 8.940E-19 9.201E-19 9.504E-19 9.606E-19
 9.520E-19 9.307E-19 9.099E-19 9.058E-19 9.153E-19 9.433E-19 9.723E-19 9.822E-19 9.630E-19 9.288E-19
 9.199E-19 9.323E-19 9.527E-19 9.768E-19 9.820E-19 9.614E-19 9.426E-19 9.264E-19 9.280E-19 9.410E-19
 9.565E-19 9.830E-19 9.847E-19 9.525E-19 9.295E-19 9.329E-19 9.466E-19 9.666E-19 9.859E-19 1.000E-18
 9.825E-19 9.473E-19 9.352E-19 9.461E-19 9.715E-19 1.000E-18 1.011E-18 1.001E-18 9.742E-19 9.420E-19
 9.388E-19 9.793E-19 1.019E-18 1.023E-18 1.003E-18 9.846E-19 9.579E-19 9.508E-19 9.790E-19 1.006E-18
 1.020E-18 1.023E-18 1.005E-18 9.768E-19 9.618E-19 9.609E-19 9.797E-19 1.010E-18 1.020E-18 1.004E-18
 9.784E-19 9.608E-19 9.603E-19 9.836E-19 1.018E-18 1.039E-18 1.032E-18 1.003E-18 9.772E-19 9.713E-19
 9.913E-19 1.015E-18 1.026E-18 1.043E-18 1.028E-18 9.873E-19 9.708E-19 9.816E-19 1.004E-18 1.039E-18
 1.054E-18 1.036E-18 1.004E-18 9.934E-19 1.002E-18 1.017E-18 1.043E-18 1.069E-18 1.062E-18 1.018E-18
 9.922E-19 9.991E-19 1.014E-18 1.047E-18 1.075E-18 1.068E-18 1.034E-18 1.002E-18 1.003E-18 1.020E-18
 1.043E-18 1.081E-18 1.109E-18 1.074E-18 1.025E-18 1.006E-18 1.009E-18 1.020E-18 1.048E-18 1.078E-18
 1.062E-18 1.019E-18 9.990E-19 1.010E-18 1.023E-18 1.035E-18 1.065E-18 1.071E-18 1.037E-18 1.014E-18
 1.025E-18 1.039E-18 1.051E-18 1.075E-18 1.082E-18 1.054E-18 1.021E-18 1.021E-18 1.040E-18 1.053E-18
 1.079E-18 1.091E-18 1.066E-18 1.029E-18 1.021E-18 1.039E-18 1.054E-18 1.076E-18 1.106E-18 1.094E-18
 1.042E-18 1.020E-18 1.026E-18 1.041E-18 1.085E-18 1.119E-18 1.101E-18 1.064E-18 1.051E-18 1.050E-18
 1.046E-18 1.075E-18 1.116E-18 1.111E-18 1.072E-18 1.052E-18 1.057E-18 1.054E-18 1.070E-18 1.108E-18
 1.116E-18 1.085E-18 1.054E-18 1.051E-18 1.064E-18 1.092E-18 1.137E-18 1.148E-18 1.107E-18 1.072E-18
 1.057E-18 1.055E-18 1.075E-18 1.117E-18 1.130E-18 1.103E-18 1.066E-18 1.049E-18 1.048E-18 1.063E-18
 1.102E-18 1.118E-18 1.093E-18 1.070E-18 1.063E-18 1.057E-18 1.065E-18 1.099E-18 1.127E-18 1.117E-18
 1.093E-18 1.082E-18 1.090E-18 1.101E-18 1.125E-18 1.130E-18 1.104E-18 1.068E-18 1.044E-18 1.046E-18
 1.060E-18 1.098E-18 1.129E-18 1.112E-18 1.075E-18 1.047E-18 1.022E-18 1.030E-18 1.066E-18 1.094E-18
 1.081E-18 1.057E-18 1.043E-18 1.037E-18 1.043E-18 1.072E-18 1.102E-18 1.096E-18 1.057E-18 1.039E-18
 1.040E-18 1.042E-18 1.068E-18 1.095E-18 1.091E-18 1.069E-18 1.056E-18 1.054E-18 1.069E-18 1.089E-18
 1.128E-18 1.140E-18 1.103E-18 1.067E-18 1.066E-18 1.075E-18 1.109E-18 1.153E-18 1.136E-18 1.093E-18
 1.079E-18 1.094E-18 1.094E-18 1.095E-18 1.121E-18 1.119E-18 1.094E-18 1.082E-18 1.080E-18 1.079E-18
 1.102E-18 1.124E-18 1.099E-18 1.060E-18 1.051E-18 1.065E-18 1.087E-18 1.111E-18 1.141E-18 1.130E-18
 1.100E-18 1.093E-18 1.094E-18 1.099E-18 1.128E-18 1.161E-18 1.146E-18 1.117E-18 1.104E-18 1.103E-18
 1.117E-18 1.150E-18 1.189E-18 1.185E-18 1.162E-18 1.160E-18 1.168E-18 1.184E-18 1.222E-18 1.264E-18
 1.250E-18 1.226E-18 1.224E-18 1.223E-18 1.221E-18 1.229E-18 1.243E-18 1.232E-18 1.215E-18 1.215E-18
 1.225E-18 1.254E-18 1.298E-18 1.337E-18 1.331E-18 1.317E-18 1.319E-18 1.317E-18 1.316E-18 1.331E-18
 1.315E-18 1.257E-18 1.216E-18 1.209E-18 1.219E-18 1.233E-18 1.244E-18 1.251E-18 1.244E-18 1.224E-18
 1.211E-18 1.222E-18 1.250E-18 1.275E-18 1.277E-18 1.255E-18 1.224E-18 1.204E-18 1.210E-18 1.241E-18
 1.284E-18 1.301E-18 1.295E-18 1.299E-18 1.323E-18 1.342E-18 1.366E-18 1.394E-18 1.407E-18 1.404E-18
 1.419E-18 1.439E-18 1.444E-18 1.470E-18 1.502E-18 1.495E-18 1.474E-18 1.475E-18 1.477E-18 1.465E-18
 1.461E-18 1.440E-18 1.406E-18 1.380E-18 1.363E-18 1.342E-18 1.318E-18 1.336E-18 1.366E-18 1.356E-18
 1.350E-18 1.355E-18 1.360E-18 1.363E-18 1.374E-18 1.375E-18 1.352E-18 1.324E-18 1.319E-18 1.327E-18
 1.329E-18 1.339E-18 1.332E-18 1.316E-18 1.294E-18 1.291E-18 1.304E-18 1.330E-18 1.357E-18 1.356E-18
 1.344E-18 1.342E-18 1.346E-18 1.358E-18 1.371E-18 1.396E-18 1.409E-18 1.413E-18 1.425E-18 1.444E-18
 1.468E-18 1.494E-18 1.507E-18 1.503E-18 1.508E-18 1.530E-18 1.557E-18 1.586E-18 1.622E-18 1.644E-18
 1.650E-18 1.659E-18 1.671E-18 1.691E-18 1.724E-18 1.761E-18 1.788E-18 1.810E-18 1.835E-18 1.856E-18
 1.855E-18 1.852E-18 1.868E-18 1.887E-18 1.896E-18 1.890E-18 1.894E-18 1.890E-18 1.865E-18 1.796E-18
 1.702E-18 1.621E-18 1.581E-18 1.575E-18 1.601E-18 1.635E-18 1.647E-18 1.654E-18 1.668E-18 1.672E-18
 1.666E-18 1.685E-18 1.715E-18 1.736E-18 1.759E-18 1.788E-18 1.822E-18 1.868E-18 1.922E-18 1.948E-18
 1.956E-18 1.956E-18 1.955E-18 1.964E-18 1.990E-18 2.035E-18 2.089E-18 2.099E-18 2.091E-18 2.092E-18
 2.074E-18 2.055E-18 2.027E-18 2.005E-18 2.004E-18 2.023E-18 2.067E-18 2.118E-18 2.168E-18 2.230E-18
 2.277E-18 2.318E-18 2.369E-18 2.416E-18 2.455E-18 2.493E-18 2.537E-18 2.586E-18 2.626E-18 2.669E-18
 2.705E-18 2.727E-18 2.750E-18 2.763E-18 2.741E-18 2.670E-18 2.593E-18 2.471E-18 2.390E-18 2.337E-18
 2.311E-18 2.319E-18 2.358E-18 2.412E-18 2.406E-18 2.331E-18 2.154E-18 1.954E-18 1.835E-18 1.826E-18
 1.851E-18 1.871E-18 1.813E-18 1.733E-18 1.668E-18 1.594E-18 1.515E-18 1.451E-18 1.378E-18 1.301E-18
 1.239E-18 1.178E-18 1.114E-18 1.079E-18 1.065E-18 1.045E-18 1.007E-18 9.670E-19 9.236E-19 8.775E-19
 8.574E-19 8.582E-19 8.574E-19 8.591E-19 8.518E-19 8.438E-19 8.459E-19 8.489E-19 8.473E-19 8.438E-19
 8.443E-19 8.579E-19 8.768E-19 8.875E-19 8.941E-19 8.868E-19 8.875E-19 8.928E-19 8.882E-19 8.947E-19
 9.039E-19 8.920E-19 8.824E-19 8.870E-19 8.955E-19 9.059E-19 9.154E-19 9.244E-19 9.090E-19 8.893E-19
 8.840E-19 8.829E-19 8.901E-19 8.963E-19 8.891E-19 8.946E-19 9.012E-19 8.928E-19 8.905E-19 9.092E-19
 9.277E-19 9.195E-19 9.203E-19 9.278E-19 9.244E-19 9.212E-19 9.299E-19 9.389E-19 9.399E-19 9.418E-19
 9.385E-19 9.385E-19 9.573E-19 9.659E-19 9.626E-19 9.637E-19 9.575E-19 9.628E-19 9.802E-19 9.883E-19
 9.831E-19 9.866E-19 9.938E-19 9.918E-19 9.995E-19 1.011E-18 1.017E-18 1.010E-18 9.991E-19 1.000E-18
 1.004E-18 1.008E-18 1.013E-18 1.018E-18 1.015E-18 1.002E-18 9.919E-19 1.002E-18 1.024E-18 1.026E-18
 1.019E-18 1.021E-18 1.021E-18 1.030E-18 1.055E-18 1.054E-18 1.032E-18 1.012E-18 1.004E-18 1.005E-18
 1.023E-18 1.036E-18 1.026E-18 1.015E-18 1.008E-18 1.009E-18 1.044E-18 1.066E-18 1.064E-18 1.059E-18
 1.053E-18 1.049E-18 1.063E-18 1.093E-18 1.091E-18 1.080E-18 1.076E-18 1.077E-18 1.093E-18 1.130E-18
 1.147E-18 1.122E-18 1.095E-18 1.089E-18 1.110E-18 1.153E-18 1.172E-18 1.149E-18 1.131E-18 1.152E-18
 1.190E-18 1.236E-18 1.277E-18 1.269E-18 1.226E-18 1.179E-18 1.148E-18 1.149E-18 1.172E-18 1.172E-18
 1.140E-18 1.122E-18 1.132E-18 1.163E-18 1.191E-18 1.194E-18 1.176E-18 1.163E-18 1.165E-18 1.182E-18
 1.217E-18 1.229E-18 1.201E-18 1.180E-18 1.193E-18 1.214E-18 1.237E-18 1.252E-18 1.233E-18 1.209E-18
 1.210E-18 1.236E-18 1.271E-18 1.290E-18 1.270E-18 1.237E-18 1.223E-18 1.236E-18 1.274E-18 1.304E-18
 1.302E-18 1.263E-18 1.229E-18 1.248E-18 1.288E-18 1.317E-18 1.311E-18 1.281E-18 1.258E-18 1.271E-18
 1.308E-18 1.340E-18 1.347E-18 1.326E-18 1.306E-18 1.306E-18 1.326E-18 1.345E-18 1.346E-18 1.319E-18
 1.285E-18 1.266E-18 1.287E-18 1.328E-18 1.332E-18 1.306E-18 1.277E-18 1.274E-18 1.300E-18 1.338E-18
 1.347E-18 1.317E-18 1.293E-18 1.291E-18 1.310E-18 1.340E-18 1.357E-18 1.345E-18 1.315E-18 1.303E-18
 1.318E-18 1.358E-18 1.384E-18 1.365E-18 1.339E-18 1.315E-18 1.313E-18 1.357E-18 1.390E-18 1.375E-18
 1.351E-18 1.343E-18 1.352E-18 1.381E-18 1.398E-18 1.377E-18 1.355E-18 1.351E-18 1.359E-18 1.385E-18
 1.405E-18 1.390E-18 1.371E-18 1.360E-18 1.358E-18 1.377E-18 1.404E-18 1.405E-18 1.380E-18 1.367E-18
 1.376E-18 1.400E-18 1.406E-18 1.387E-18 1.369E-18 1.363E-18 1.368E-18 1.395E-18 1.421E-18 1.418E-18
 1.400E-18 1.372E-18 1.363E-18 1.386E-18 1.421E-18 1.423E-18 1.406E-18 1.398E-18 1.390E-18 1.410E-18
 1.445E-18 1.436E-18 1.409E-18 1.397E-18 1.389E-18 1.398E-18 1.425E-18 1.422E-18 1.391E-18 1.374E-18
 1.380E-18 1.404E-18 1.430E-18 1.431E-18 1.409E-18 1.397E-18 1.401E-18 1.409E-18 1.415E-18 1.413E-18
 1.400E-18 1.385E-18 1.376E-18 1.393E-18 1.414E-18 1.416E-18 1.412E-18 1.400E-18 1.385E-18 1.390E-18
 1.403E-18 1.406E-18 1.393E-18 1.380E-18 1.384E-18 1.396E-18 1.404E-18 1.391E-18 1.385E-18 1.382E-18
 1.374E-18 1.373E-18 1.385E-18 1.390E-18 1.377E-18 1.366E-18 1.356E-18 1.358E-18 1.370E-18 1.368E-18
 1.366E-18 1.359E-18 1.356E-18 1.367E-18 1.370E-18 1.369E-18 1.359E-18 1.342E-18 1.345E-18 1.358E-18
 1.356E-18 1.348E-18 1.339E-18 1.331E-18 1.336E-18 1.349E-18 1.346E-18 1.332E-18 1.324E-18 1.305E-18
 1.301E-18 1.319E-18 1.311E-18 1.308E-18 1.313E-18 1.298E-18 1.295E-18 1.305E-18 1.299E-18 1.292E-18
 1.309E-18 1.306E-18 1.302E-18 1.310E-18 1.295E-18 1.291E-18 1.298E-18 1.291E-18 1.285E-18 1.291E-18
 1.290E-18 1.290E-18 1.295E-18 1.289E-18 1.274E-18 1.270E-18 1.264E-18 1.264E-18 1.270E-18 1.267E-18
 1.273E-18 1.288E-18 1.288E-18 1.283E-18 1.275E-18 1.264E-18 1.272E-18 1.284E-18 1.282E-18 1.276E-18
 1.268E-18 1.252E-18 1.244E-18 1.233E-18 1.208E-18 1.199E-18 1.197E-18 1.200E-18 1.209E-18 1.206E-18
 1.184E-18 1.170E-18 1.158E-18 1.168E-18 1.179E-18 1.168E-18 1.164E-18 1.163E-18 1.156E-18 1.161E-18
 1.164E-18 1.156E-18 1.158E-18 1.163E-18 1.153E-18 1.156E-18 1.154E-18 1.143E-18 1.146E-18 1.137E-18
 1.124E-18 1.126E-18 1.132E-18 1.124E-18 1.130E-18 1.128E-18 1.122E-18 1.126E-18 1.121E-18 1.116E-18
 1.110E-18 1.093E-18 1.090E-18 1.100E-18 1.097E-18 1.088E-18 1.086E-18 1.062E-18 1.048E-18 1.057E-18
 1.062E-18 1.061E-18 1.056E-18 1.047E-18 1.047E-18 1.053E-18 1.046E-18 1.030E-18 1.016E-18 1.012E-18
 1.018E-18 1.012E-18 1.003E-18 9.963E-19 9.872E-19 9.856E-19 9.894E-19 9.761E-19 9.636E-19 9.613E-19
 9.578E-19 9.606E-19 9.685E-19 9.712E-19 9.608E-19 9.471E-19 9.389E-19 9.476E-19 9.516E-19 9.393E-19
 9.303E-19 9.251E-19 9.251E-19 9.346E-19 9.328E-19 9.212E-19 9.073E-19 9.027E-19 9.047E-19 9.076E-19
 9.071E-19 9.037E-19 8.956E-19 8.843E-19 8.891E-19 8.985E-19 8.904E-19 8.855E-19 8.756E-19 8.561E-19
 8.573E-19 8.671E-19 8.630E-19 8.465E-19 8.291E-19 8.230E-19 8.307E-19 8.449E-19 8.414E-19 8.247E-19
 7.999E-19 8.040E-19 8.204E-19 8.133E-19 8.079E-19 7.968E-19 7.889E-19 7.906E-19 7.865E-19 7.812E-19
 7.710E-19 7.589E-19 7.632E-19 7.650E-19 7.579E-19 7.528E-19 7.533E-19 7.467E-19 7.579E-19 7.686E-19
 7.632E-19 7.566E-19 7.437E-19 7.261E-19 7.250E-19 7.360E-19 7.369E-19 7.194E-19 7.071E-19 7.099E-19
 7.137E-19 7.115E-19 7.013E-19 6.894E-19 6.856E-19 6.893E-19 6.913E-19 6.920E-19 6.870E-19 6.790E-19
 6.649E-19 6.648E-19 6.752E-19 6.804E-19 6.712E-19 6.575E-19 6.593E-19 6.646E-19 6.678E-19 6.611E-19
 6.501E-19 6.377E-19 6.360E-19 6.475E-19 6.494E-19 6.415E-19 6.341E-19 6.328E-19 6.296E-19 6.240E-19
 6.201E-19 6.223E-19 6.140E-19 6.063E-19 6.101E-19 6.207E-19 6.164E-19 6.078E-19 6.074E-19 6.097E-19
 6.042E-19 5.999E-19 5.970E-19 5.927E-19 5.885E-19 5.860E-19 5.797E-19 5.714E-19 5.720E-19 5.741E-19
 5.772E-19 5.827E-19 5.816E-19 5.679E-19 5.670E-19 5.669E-19 5.625E-19 5.619E-19 5.559E-19 5.483E-19
 5.462E-19 5.559E-19 5.654E-19 5.577E-19 5.489E-19 5.492E-19 5.545E-19 5.478E-19 5.459E-19 5.453E-19
 5.331E-19 5.319E-19 5.368E-19 5.261E-19 5.145E-19 5.144E-19 5.151E-19 5.190E-19 5.282E-19 5.253E-19
 5.128E-19 5.103E-19 5.124E-19 5.057E-19 4.962E-19 4.913E-19 4.856E-19 4.732E-19 4.766E-19 4.856E-19
 4.753E-19 4.673E-19 4.658E-19 4.586E-19 4.601E-19 4.680E-19 4.577E-19 4.514E-19 4.543E-19 4.554E-19
 4.559E-19 4.570E-19 4.555E-19 4.511E-19 4.570E-19 4.658E-19 4.575E-19 4.526E-19 4.602E-19 4.552E-19
 4.506E-19 4.480E-19 4.457E-19 4.452E-19 4.441E-19 4.420E-19 4.382E-19 4.411E-19 4.406E-19 4.353E-19
 4.319E-19 4.327E-19 4.247E-19 4.232E-19 4.272E-19 4.253E-19 4.282E-19 4.280E-19 4.198E-19 4.125E-19
 4.095E-19 4.177E-19 4.201E-19 4.075E-19 4.080E-19 4.137E-19 4.094E-19 4.056E-19 3.995E-19 3.915E-19
 3.913E-19 3.884E-19 3.848E-19 3.863E-19 3.870E-19 3.849E-19 3.839E-19 3.795E-19 3.793E-19 3.799E-19
 3.830E-19 3.828E-19 3.711E-19 3.730E-19 3.848E-19 3.851E-19 3.815E-19 3.762E-19 3.723E-19 3.716E-19
 3.697E-19 3.619E-19 3.642E-19 3.645E-19 3.603E-19 3.544E-19 3.506E-19 3.432E-19 3.374E-19 3.368E-19
 3.374E-19 3.461E-19 3.558E-19 3.560E-19 3.533E-19 3.601E-19 3.609E-19 3.548E-19 3.510E-19 3.519E-19
 3.520E-19 3.515E-19 3.472E-19 3.465E-19 3.457E-19 3.466E-19 3.425E-19 3.331E-19 3.324E-19 3.457E-19
 3.472E-19 3.451E-19 3.480E-19 3.455E-19 3.367E-19 3.303E-19 3.231E-19 3.238E-19 3.284E-19 3.250E-19
 3.220E-19 3.168E-19 3.165E-19 3.203E-19 3.136E-19 3.065E-19 3.107E-19 3.225E-19 3.269E-19 3.252E-19
 3.244E-19 3.258E-19 3.273E-19 3.164E-19 3.123E-19 3.147E-19 3.164E-19 3.224E-19 3.304E-19 3.287E-19
 3.336E-19 3.364E-19 3.298E-19 3.336E-19 3.382E-19 3.273E-19 3.162E-19 3.209E-19 3.235E-19 3.159E-19
 3.103E-19 3.133E-19 3.141E-19 3.141E-19 3.079E-19 3.094E-19 3.126E-19 3.064E-19 3.030E-19 3.004E-19
 3.079E-19 3.086E-19 3.088E-19 3.035E-19 2.902E-19 2.843E-19 2.938E-19 3.042E-19 3.116E-19 3.094E-19
 3.036E-19 3.061E-19 3.070E-19 3.072E-19 3.044E-19 3.095E-19 3.206E-19 3.170E-19 3.128E-19 3.131E-19
 3.053E-19 3.077E-19 3.115E-19 3.147E-19 3.164E-19 3.168E-19 3.128E-19 3.176E-19 3.251E-19 3.202E-19
 3.143E-19 3.178E-19 3.159E-19 3.058E-19 3.035E-19 3.049E-19 3.145E-19 3.279E-19 3.210E-19 3.100E-19
 3.019E-19 3.044E-19 3.167E-19 3.260E-19 3.381E-19 3.372E-19 3.332E-19 3.307E-19 3.281E-19 3.242E-19
 3.224E-19 3.306E-19 3.395E-19 3.363E-19 3.305E-19 3.215E-19 3.053E-19 2.976E-19 3.012E-19 2.987E-19
 3.009E-19 3.134E-19 3.150E-19 3.112E-19 3.038E-19 3.086E-19 3.244E-19 3.229E-19 3.163E-19 3.083E-19
 3.113E-19 3.185E-19 3.213E-19 3.292E-19 3.356E-19 3.228E-19 3.137E-19 3.175E-19 3.269E-19 3.307E-19
 3.359E-19 3.487E-19 3.528E-19 3.390E-19 3.290E-19 3.354E-19 3.404E-19 3.405E-19 3.478E-19 3.599E-19
 3.579E-19 3.503E-19 3.490E-19 3.535E-19 3.532E-19 3.509E-19 3.489E-19 3.516E-19 3.582E-19 3.649E-19
 3.675E-19 3.706E-19 3.777E-19 3.799E-19 3.768E-19 3.712E-19 3.700E-19 3.697E-19 3.744E-19 3.765E-19
 3.709E-19 3.688E-19 3.593E-19 3.463E-19 3.326E-19 3.253E-19 3.299E-19 3.503E-19 3.757E-19 3.924E-19
 3.972E-19 3.902E-19 3.650E-19 3.435E-19 3.303E-19 3.180E-19 3.100E-19 3.002E-19 2.955E-19 2.962E-19
 3.038E-19 3.127E-19 3.133E-19 3.102E-19 3.108E-19 3.122E-19 3.125E-19 3.178E-19 3.086E-19 2.949E-19
 2.979E-19 3.073E-19 3.036E-19 3.018E-19 3.074E-19 3.097E-19 3.081E-19 3.064E-19 3.049E-19 3.078E-19
 3.072E-19 2.983E-19 2.928E-19 3.017E-19 3.142E-19 3.162E-19 3.149E-19 3.148E-19 3.110E-19 3.051E-19
 3.025E-19 3.045E-19 3.095E-19 3.161E-19 3.182E-19 3.154E-19 3.112E-19 3.067E-19 3.096E-19 3.076E-19
 2.991E-19 2.997E-19 3.102E-19 3.137E-19 3.107E-19 3.062E-19 3.078E-19 3.070E-19 3.046E-19 3.108E-19
 3.162E-19 3.126E-19 3.139E-19 3.167E-19 3.136E-19 3.055E-19 3.012E-19 2.973E-19 2.988E-19 2.949E-19
 2.950E-19 3.028E-19 3.020E-19 2.946E-19 2.938E-19 2.904E-19 2.807E-19 2.753E-19 2.770E-19 2.909E-19
 3.114E-19 3.208E-19 3.182E-19 3.130E-19 3.082E-19 3.004E-19 2.948E-19 2.939E-19 2.972E-19 2.937E-19
 2.960E-19 2.965E-19 2.841E-19 2.772E-19 2.786E-19 2.737E-19 2.696E-19 2.770E-19 2.791E-19 2.836E-19
 2.871E-19 2.836E-19 2.834E-19 2.819E-19 2.798E-19 2.762E-19 2.761E-19 2.789E-19 2.806E-19 2.815E-19
 2.799E-19 2.805E-19 2.775E-19 2.738E-19 2.684E-19 2.641E-19 2.605E-19 2.618E-19 2.622E-19 2.628E-19
 2.641E-19 2.698E-19 2.690E-19 2.642E-19 2.598E-19 2.596E-19 2.672E-19 2.753E-19 2.772E-19 2.737E-19
 2.689E-19 2.689E-19 2.693E-19 2.646E-19 2.569E-19 2.583E-19 2.586E-19 2.581E-19 2.546E-19 2.470E-19
 2.488E-19 2.583E-19 2.617E-19 2.691E-19 2.706E-19 2.693E-19 2.716E-19 2.672E-19 2.599E-19 2.550E-19
 2.627E-19 2.691E-19 2.636E-19 2.553E-19 2.600E-19 2.697E-19 2.767E-19 2.772E-19 2.780E-19 2.766E-19
 2.728E-19 2.702E-19 2.713E-19 2.727E-19 2.772E-19 2.815E-19 2.826E-19 2.760E-19 2.745E-19 2.735E-19
 2.678E-19 2.648E-19 2.677E-19 2.716E-19 2.741E-19 2.748E-19 2.693E-19 2.738E-19 2.770E-19 2.787E-19
 2.831E-19 2.834E-19 2.865E-19 2.961E-19 2.963E-19 2.920E-19 2.913E-19 2.858E-19 2.809E-19 2.773E-19
 2.801E-19 2.853E-19 2.892E-19 2.931E-19 2.939E-19 2.957E-19 2.994E-19 2.938E-19 3.004E-19 3.044E-19
 3.037E-19 2.983E-19 2.870E-19 2.762E-19 2.685E-19 2.632E-19 2.528E-19 2.512E-19 2.572E-19 2.564E-19
 2.569E-19 2.553E-19 2.484E-19 2.446E-19 2.403E-19 2.449E-19 2.525E-19 2.574E-19 2.539E-19 2.474E-19
 2.494E-19 2.523E-19 2.494E-19 2.516E-19 2.527E-19 2.475E-19 2.507E-19 2.576E-19 2.595E-19 2.543E-19
 2.507E-19 2.521E-19 2.523E-19 2.575E-19 2.589E-19 2.545E-19 2.533E-19 2.578E-19 2.566E-19 2.590E-19
 2.613E-19 2.638E-19 2.572E-19 2.473E-19 2.491E-19 2.545E-19 2.550E-19 2.578E-19 2.654E-19 2.680E-19
 2.650E-19 2.608E-19 2.567E-19 2.579E-19 2.581E-19 2.509E-19 2.598E-19 2.709E-19 2.654E-19 2.550E-19
 2.544E-19 2.564E-19 2.583E-19 2.589E-19 2.580E-19 2.646E-19 2.624E-19 2.594E-19 2.685E-19 2.783E-19
 2.832E-19 2.859E-19 2.741E-19 2.775E-19 2.954E-19 3.001E-19 3.029E-19 3.015E-19 2.926E-19 2.846E-19
 2.886E-19 2.925E-19 2.916E-19 2.862E-19 2.963E-19 3.018E-19 2.931E-19 2.893E-19 2.940E-19 3.042E-19
 3.045E-19 2.949E-19 2.866E-19 2.925E-19 2.958E-19 2.911E-19 2.923E-19 2.930E-19 2.905E-19 2.880E-19
 2.873E-19 2.875E-19 2.906E-19 2.888E-19 2.852E-19 2.799E-19 2.830E-19 2.846E-19 2.813E-19 2.725E-19
 2.786E-19 2.980E-19 3.064E-19 3.049E-19 3.002E-19 2.992E-19 2.978E-19 3.012E-19 3.018E-19 2.984E-19
 2.976E-19 3.036E-19 3.130E-19 3.149E-19 3.116E-19 3.056E-19 3.020E-19 3.030E-19 2.981E-19 2.977E-19
 3.064E-19 3.143E-19 3.143E-19 3.102E-19 3.059E-19 3.064E-19 3.068E-19 3.036E-19 3.005E-19 3.089E-19
 3.191E-19 3.139E-19 3.061E-19 3.048E-19 3.056E-19 3.079E-19 3.083E-19 3.145E-19 3.201E-19 3.146E-19
 3.008E-19 2.995E-19 3.024E-19 3.034E-19 3.026E-19 2.966E-19 2.946E-19 2.988E-19 3.121E-19 3.182E-19
 3.127E-19 3.090E-19 3.163E-19 3.241E-19 3.201E-19 3.109E-19 3.074E-19 3.077E-19 3.170E-19 3.169E-19
 3.133E-19 3.133E-19 3.135E-19 3.196E-19 3.263E-19 3.322E-19 3.490E-19 3.613E-19 3.628E-19 3.670E-19
 3.611E-19 3.570E-19 3.540E-19 3.457E-19 3.492E-19 3.593E-19 3.617E-19 3.567E-19 3.505E-19 3.395E-19
 3.373E-19 3.491E-19 3.469E-19 3.362E-19 3.408E-19 3.531E-19 3.476E-19 3.393E-19 3.400E-19 3.363E-19
 3.361E-19 3.463E-19 3.538E-19 3.515E-19 3.474E-19 3.582E-19 3.561E-19 3.470E-19 3.483E-19 3.408E-19
 3.246E-19 3.237E-19 3.330E-19 3.338E-19 3.272E-19 3.254E-19 3.270E-19 3.230E-19 3.139E-19 3.128E-19
 3.188E-19 3.203E-19 3.293E-19 3.372E-19 3.353E-19 3.323E-19 3.235E-19 3.147E-19 3.172E-19 3.145E-19
 3.124E-19 3.188E-19 3.181E-19 3.196E-19 3.193E-19 3.136E-19 3.126E-19 3.041E-19 2.973E-19 3.019E-19
 3.085E-19 3.113E-19 3.190E-19 3.172E-19 3.101E-19 3.088E-19 3.108E-19 3.097E-19 2.908E-19 2.725E-19
 2.557E-19 2.434E-19 2.398E-19 2.358E-19 2.310E-19 2.291E-19 2.441E-19 2.715E-19 3.006E-19 3.339E-19
 3.503E-19 3.317E-19 3.095E-19 3.022E-19 2.918E-19 2.687E-19 2.575E-19 2.521E-19 2.480E-19 2.528E-19
 2.589E-19 2.633E-19 2.582E-19 2.511E-19 2.466E-19 2.455E-19 2.484E-19 2.519E-19 2.508E-19 2.524E-19
 2.569E-19 2.512E-19 2.473E-19 2.477E-19 2.411E-19 2.368E-19 2.315E-19 2.329E-19 2.463E-19 2.550E-19
 2.526E-19 2.436E-19 2.431E-19 2.431E-19 2.466E-19 2.476E-19 2.499E-19 2.615E-19 2.646E-19 2.556E-19
 2.454E-19 2.413E-19 2.457E-19 2.471E-19 2.507E-19 2.602E-19 2.574E-19 2.549E-19 2.546E-19 2.501E-19
 2.451E-19 2.378E-19 2.297E-19 2.331E-19 2.423E-19 2.433E-19 2.484E-19 2.575E-19 2.566E-19 2.542E-19
 2.543E-19 2.461E-19 2.379E-19 2.349E-19 2.355E-19 2.456E-19 2.548E-19 2.460E-19 2.371E-19 2.342E-19
 2.355E-19 2.347E-19 2.297E-19 2.245E-19 2.285E-19 2.458E-19 2.560E-19 2.576E-19 2.519E-19 2.513E-19
 2.536E-19 2.388E-19 2.248E-19 2.155E-19 2.107E-19 2.120E-19 2.070E-19 2.048E-19 2.043E-19 2.029E-19
 2.024E-19 2.039E-19 1.987E-19 1.984E-19 1.965E-19 1.933E-19 1.882E-19 1.830E-19 1.769E-19 1.743E-19
 1.759E-19 1.871E-19 1.889E-19 1.831E-19 1.879E-19 1.910E-19 1.854E-19 1.821E-19 1.836E-19 1.847E-19
 1.865E-19 1.816E-19 1.755E-19 1.782E-19 1.804E-19 1.776E-19 1.772E-19 1.736E-19 1.692E-19 1.685E-19
 1.745E-19 1.864E-19 1.858E-19 1.744E-19 1.697E-19 1.613E-19 1.604E-19 1.690E-19 1.795E-19 1.787E-19
 1.802E-19 1.840E-19 1.860E-19 1.786E-19 1.768E-19 1.837E-19 1.835E-19 1.757E-19 1.680E-19 1.746E-19
 1.759E-19 1.738E-19 1.710E-19 1.610E-19 1.550E-19 1.584E-19 1.694E-19 1.809E-19 1.774E-19 1.645E-19
 1.658E-19 1.717E-19 1.660E-19 1.601E-19 1.659E-19 1.704E-19 1.694E-19 1.688E-19 1.675E-19 1.779E-19
 1.846E-19 1.803E-19 1.756E-19 1.669E-19 1.710E-19 1.816E-19 1.787E-19 1.775E-19 1.798E-19 1.773E-19
 1.720E-19 1.718E-19 1.699E-19 1.664E-19 1.624E-19 1.672E-19 1.791E-19 1.816E-19 1.796E-19 1.730E-19
 1.673E-19 1.655E-19 1.635E-19 1.659E-19 1.685E-19 1.634E-19 1.583E-19 1.709E-19 1.774E-19 1.613E-19
 1.551E-19 1.588E-19 1.645E-19 1.756E-19 1.811E-19 1.741E-19 1.678E-19 1.759E-19 1.707E-19 1.589E-19
 1.651E-19 1.769E-19 1.796E-19 1.744E-19 1.760E-19 1.710E-19 1.737E-19 1.778E-19 1.797E-19 1.854E-19
 1.788E-19 1.733E-19 1.815E-19 1.785E-19 1.737E-19 1.738E-19 1.712E-19 1.704E-19 1.740E-19 1.759E-19
 1.833E-19 1.857E-19 1.852E-19 1.869E-19 1.838E-19 1.841E-19 1.782E-19 1.800E-19 1.810E-19 1.779E-19
 1.806E-19 1.856E-19 1.782E-19 1.758E-19 1.748E-19 1.715E-19 1.681E-19 1.704E-19 1.732E-19 1.713E-19
 1.766E-19 1.762E-19 1.696E-19 1.672E-19 1.668E-19 1.685E-19 1.749E-19 1.694E-19 1.701E-19 1.830E-19
 1.898E-19 1.934E-19 1.896E-19 1.898E-19 1.929E-19 1.858E-19 1.811E-19 1.802E-19 1.790E-19 1.832E-19
 1.865E-19 1.881E-19 1.873E-19 1.889E-19 1.860E-19 1.806E-19 1.828E-19 1.853E-19 1.867E-19 1.837E-19
 1.780E-19 1.744E-19 1.731E-19 1.757E-19 1.759E-19 1.770E-19 1.779E-19 1.761E-19 1.834E-19 1.808E-19
 1.818E-19 1.823E-19 1.789E-19 1.771E-19 1.711E-19 1.737E-19 1.784E-19 1.825E-19 1.808E-19 1.777E-19
 1.747E-19 1.707E-19 1.738E-19 1.786E-19 1.753E-19 1.719E-19 1.786E-19 1.871E-19 1.806E-19 1.771E-19
 1.771E-19 1.727E-19 1.765E-19 1.846E-19 1.875E-19 1.878E-19 1.833E-19 1.823E-19 1.780E-19 1.791E-19
 1.812E-19 1.731E-19 1.701E-19 1.738E-19 1.742E-19 1.757E-19 1.758E-19 1.757E-19 1.763E-19 1.673E-19
 1.647E-19 1.694E-19 1.741E-19 1.766E-19 1.854E-19 1.839E-19 1.785E-19 1.797E-19 1.805E-19 1.806E-19
 1.734E-19 1.719E-19 1.790E-19 1.752E-19 1.665E-19 1.709E-19 1.777E-19 1.756E-19 1.733E-19 1.723E-19
 1.659E-19 1.663E-19 1.701E-19 1.673E-19 1.693E-19 1.690E-19 1.644E-19 1.646E-19 1.713E-19 1.701E-19
 1.627E-19 1.690E-19 1.785E-19 1.767E-19 1.744E-19 1.722E-19 1.676E-19 1.615E-19 1.671E-19 1.741E-19
 1.765E-19 1.719E-19 1.647E-19 1.668E-19 1.692E-19 1.649E-19 1.616E-19 1.572E-19 1.519E-19 1.563E-19
 1.641E-19 1.605E-19 1.586E-19 1.596E-19 1.475E-19 1.492E-19 1.639E-19 1.706E-19 1.700E-19 1.657E-19
 1.649E-19 1.661E-19 1.662E-19 1.650E-19 1.664E-19 1.641E-19 1.575E-19 1.589E-19 1.665E-19 1.635E-19
 1.615E-19 1.629E-19 1.534E-19 1.505E-19 1.526E-19 1.558E-19 1.538E-19 1.455E-19 1.465E-19 1.558E-19
 1.582E-19 1.544E-19 1.566E-19 1.557E-19 1.451E-19 1.433E-19 1.503E-19 1.545E-19 1.580E-19 1.547E-19
 1.446E-19 1.389E-19 1.461E-19 1.438E-19 1.355E-19 1.356E-19 1.406E-19 1.497E-19 1.496E-19 1.434E-19
 1.402E-19 1.423E-19 1.437E-19 1.485E-19 1.487E-19 1.456E-19 1.418E-19 1.426E-19 1.480E-19 1.475E-19
 1.428E-19 1.440E-19 1.346E-19 1.331E-19 1.452E-19 1.542E-19 1.539E-19 1.425E-19 1.286E-19 1.318E-19
 1.392E-19 1.479E-19 1.496E-19 1.424E-19 1.399E-19 1.399E-19 1.413E-19 1.411E-19 1.334E-19 1.277E-19
 1.343E-19 1.379E-19 1.350E-19 1.418E-19 1.411E-19 1.347E-19 1.358E-19 1.302E-19 1.278E-19 1.316E-19
 1.362E-19 1.368E-19 1.379E-19 1.333E-19 1.378E-19 1.430E-19 1.362E-19 1.286E-19 1.266E-19 1.267E-19
 1.376E-19 1.418E-19 1.376E-19 1.344E-19 1.329E-19 1.291E-19 1.241E-19 1.263E-19 1.278E-19 1.322E-19
 1.321E-19 1.297E-19 1.384E-19 1.373E-19 1.289E-19 1.239E-19 1.237E-19 1.239E-19 1.227E-19 1.214E-19
 1.237E-19 1.257E-19 1.261E-19 1.229E-19 1.257E-19 1.291E-19 1.277E-19 1.227E-19 1.218E-19 1.305E-19
 1.417E-19 1.415E-19 1.290E-19 1.186E-19 1.178E-19 1.173E-19 1.128E-19 1.152E-19 1.172E-19 1.240E-19
 1.307E-19 1.352E-19 1.268E-19 1.143E-19 1.148E-19 1.130E-19 1.124E-19 1.171E-19 1.161E-19 1.107E-19
 1.104E-19 1.129E-19 1.135E-19 1.204E-19 1.210E-19 1.097E-19 1.103E-19 1.166E-19 1.038E-19 1.015E-19
 1.073E-19 1.039E-19 9.734E-20 1.001E-19 1.012E-19 1.031E-19 1.152E-19 1.199E-19 1.185E-19 1.178E-19
 1.144E-19 1.079E-19 1.022E-19 9.746E-20 1.008E-19 1.021E-19 1.011E-19 9.810E-20 9.313E-20 8.571E-20
 9.166E-20 1.076E-19 1.039E-19 1.057E-19 1.083E-19 1.074E-19 1.069E-19 1.002E-19 9.388E-20 9.232E-20
 9.599E-20 1.040E-19 1.054E-19 1.009E-19 1.082E-19 1.189E-19 1.131E-19 1.041E-19 9.909E-20 8.859E-20
 8.450E-20 8.708E-20 8.951E-20 9.122E-20 9.307E-20 9.247E-20 9.129E-20 9.189E-20 9.419E-20 9.620E-20
 9.640E-20 9.682E-20 9.564E-20 9.276E-20 9.686E-20 9.289E-20 8.717E-20 1.004E-19 1.004E-19 9.364E-20
 9.498E-20 9.093E-20 8.333E-20 8.194E-20 7.949E-20 8.003E-20 8.035E-20 6.731E-20 6.561E-20 7.330E-20
 7.593E-20 7.862E-20 7.297E-20 6.244E-20 6.361E-20 6.463E-20 6.258E-20 6.460E-20 6.983E-20 7.203E-20
 7.327E-20 7.409E-20 6.709E-20 5.935E-20 6.143E-20 6.042E-20 6.302E-20 6.659E-20 6.129E-20 5.673E-20
 6.481E-20 6.602E-20 6.053E-20 6.327E-20 6.677E-20 6.579E-20 6.492E-20 6.009E-20 5.773E-20 5.894E-20
 5.622E-20 5.571E-20 5.676E-20 6.339E-20 7.139E-20 6.541E-20 5.623E-20 5.219E-20 5.039E-20 4.793E-20
 4.505E-20 4.958E-20 5.488E-20 5.710E-20 5.012E-20 4.523E-20 5.187E-20 5.538E-20 4.899E-20 4.872E-20
 4.853E-20 5.378E-20 5.054E-20 4.638E-20 4.677E-20 5.001E-20 5.073E-20 4.600E-20 4.683E-20 5.020E-20
 5.171E-20 4.683E-20 4.329E-20 4.509E-20 5.076E-20 5.420E-20 5.687E-20 5.700E-20 5.962E-20 5.918E-20
 4.956E-20 4.586E-20 4.197E-20 4.222E-20 4.275E-20 4.752E-20 5.032E-20 4.549E-20 4.389E-20 4.249E-20
 3.630E-20 3.462E-20 4.311E-20 4.759E-20 4.507E-20 4.077E-20 3.894E-20 3.650E-20 3.749E-20 3.979E-20
 3.158E-20 2.875E-20 3.638E-20 3.749E-20 4.424E-20 4.123E-20 3.412E-20 3.588E-20 3.914E-20 3.734E-20
 4.166E-20 4.807E-20 4.421E-20 4.015E-20 3.446E-20 2.886E-20 2.934E-20 3.264E-20 3.051E-20 2.555E-20
 2.336E-20 2.772E-20 2.892E-20 2.620E-20 2.653E-20 2.705E-20 2.991E-20 3.453E-20 3.637E-20 3.500E-20
 2.714E-20 2.838E-20 3.655E-20 4.268E-20 4.605E-20 4.063E-20 3.817E-20 3.140E-20 2.331E-20 1.872E-20
 2.424E-20 2.672E-20 2.280E-20 2.423E-20 3.084E-20 3.459E-20 3.231E-20 3.080E-20 2.118E-20 2.019E-20
 2.484E-20 2.970E-20 2.848E-20 1.921E-20 2.046E-20 2.567E-20 2.921E-20 2.921E-20 3.462E-20 3.355E-20
 3.404E-20 2.417E-20 1.773E-20 2.052E-20 1.812E-20 1.189E-20 1.515E-20 2.270E-20 3.006E-20 3.452E-20
 3.203E-20 3.302E-20 3.345E-20 2.867E-20 2.662E-20 2.835E-20 3.113E-20 3.758E-20 4.087E-20 3.877E-20
 3.435E-20 3.033E-20 2.774E-20 2.640E-20 2.510E-20 2.038E-20 2.535E-20 2.697E-20 2.372E-20 2.145E-20
 1.554E-20 1.720E-20 2.205E-20 2.732E-20 2.150E-20 1.627E-20 2.122E-20 2.864E-20 2.396E-20 1.513E-20
 1.535E-20 2.265E-20 2.538E-20 3.149E-20 3.594E-20 3.832E-20 3.517E-20 2.826E-20 2.162E-20 2.412E-20
 3.000E-20 2.970E-20 2.908E-20 2.753E-20 1.963E-20 1.706E-20 1.863E-20 2.312E-20 2.646E-20 2.240E-20
 1.978E-20 2.586E-20 3.049E-20 3.909E-20 0.000E+00 0.000E+00 0.000E+00 0.000E+00 0.000E+00 0.000E+00
