     CCl3F  830.0010  859.9960      2023  233.0000    0.0000 6.690E-18  NCAR    CFC-11              
 1.939E-19 1.962E-19 1.792E-19 1.713E-19 1.733E-19 1.731E-19 1.667E-19 1.667E-19 1.757E-19 1.905E-19
 1.910E-19 1.799E-19 1.803E-19 1.781E-19 1.658E-19 1.608E-19 1.608E-19 1.888E-19 1.875E-19 1.839E-19
 1.821E-19 1.636E-19 1.629E-19 1.702E-19 1.888E-19 1.970E-19 2.003E-19 1.964E-19 1.793E-19 1.829E-19
 1.817E-19 1.875E-19 1.952E-19 1.988E-19 1.895E-19 1.932E-19 2.102E-19 2.208E-19 2.215E-19 2.122E-19
 1.983E-19 1.855E-19 1.953E-19 2.067E-19 1.994E-19 2.057E-19 2.148E-19 2.011E-19 1.864E-19 1.872E-19
 1.939E-19 2.025E-19 2.192E-19 2.277E-19 2.133E-19 2.088E-19 2.188E-19 2.119E-19 2.007E-19 1.977E-19
 1.849E-19 1.856E-19 2.022E-19 2.015E-19 2.054E-19 2.145E-19 2.150E-19 2.161E-19 2.109E-19 2.080E-19
 2.057E-19 2.055E-19 2.193E-19 2.201E-19 2.315E-19 2.453E-19 2.488E-19 2.339E-19 2.091E-19 1.986E-19
 2.131E-19 2.159E-19 2.113E-19 2.310E-19 2.393E-19 2.376E-19 2.360E-19 2.216E-19 2.046E-19 2.196E-19
 2.373E-19 2.396E-19 2.473E-19 2.461E-19 2.373E-19 2.361E-19 2.277E-19 2.147E-19 2.226E-19 2.262E-19
 2.356E-19 2.653E-19 2.736E-19 2.604E-19 2.350E-19 2.316E-19 2.463E-19 2.435E-19 2.423E-19 2.529E-19
 2.632E-19 2.689E-19 2.550E-19 2.510E-19 2.371E-19 2.246E-19 2.432E-19 2.575E-19 2.655E-19 2.817E-19
 2.843E-19 2.702E-19 2.633E-19 2.578E-19 2.447E-19 2.404E-19 2.549E-19 2.744E-19 3.006E-19 3.124E-19
 2.901E-19 2.682E-19 2.771E-19 2.692E-19 2.692E-19 2.590E-19 2.720E-19 2.755E-19 2.747E-19 2.840E-19
 2.698E-19 2.471E-19 2.382E-19 2.403E-19 2.533E-19 2.751E-19 2.859E-19 2.748E-19 2.730E-19 2.748E-19
 2.666E-19 2.589E-19 2.658E-19 2.777E-19 2.810E-19 2.998E-19 3.046E-19 2.928E-19 2.989E-19 3.023E-19
 2.900E-19 2.624E-19 2.460E-19 2.685E-19 2.841E-19 2.950E-19 3.030E-19 2.833E-19 2.661E-19 2.717E-19
 2.652E-19 2.616E-19 2.811E-19 3.022E-19 3.224E-19 3.219E-19 3.130E-19 2.954E-19 2.733E-19 2.730E-19
 2.744E-19 2.642E-19 2.710E-19 2.959E-19 3.016E-19 3.067E-19 3.181E-19 3.128E-19 3.044E-19 3.034E-19
 2.983E-19 3.098E-19 3.301E-19 3.483E-19 3.475E-19 3.336E-19 3.281E-19 3.166E-19 2.981E-19 2.950E-19
 3.173E-19 3.538E-19 3.624E-19 3.548E-19 3.520E-19 3.365E-19 3.311E-19 3.315E-19 3.335E-19 3.526E-19
 3.603E-19 3.536E-19 3.580E-19 3.646E-19 3.644E-19 3.499E-19 3.320E-19 3.296E-19 3.476E-19 3.625E-19
 3.668E-19 3.656E-19 3.791E-19 3.900E-19 3.819E-19 3.635E-19 3.505E-19 3.454E-19 3.545E-19 3.745E-19
 3.884E-19 3.857E-19 3.753E-19 3.736E-19 3.715E-19 3.804E-19 3.949E-19 3.995E-19 4.056E-19 4.053E-19
 3.940E-19 3.920E-19 3.856E-19 3.703E-19 3.601E-19 3.684E-19 3.884E-19 4.033E-19 4.072E-19 4.108E-19
 4.091E-19 3.909E-19 3.796E-19 3.701E-19 3.428E-19 3.463E-19 3.922E-19 4.126E-19 4.015E-19 4.125E-19
 4.133E-19 3.897E-19 4.014E-19 4.234E-19 4.214E-19 4.187E-19 4.396E-19 4.397E-19 4.251E-19 4.272E-19
 4.269E-19 4.009E-19 3.918E-19 3.956E-19 4.021E-19 4.337E-19 4.627E-19 4.723E-19 4.701E-19 4.522E-19
 4.407E-19 4.353E-19 4.547E-19 4.636E-19 4.556E-19 4.729E-19 4.868E-19 4.966E-19 4.918E-19 4.758E-19
 4.740E-19 4.767E-19 4.847E-19 4.823E-19 4.712E-19 4.812E-19 4.910E-19 4.847E-19 4.599E-19 4.511E-19
 4.571E-19 4.765E-19 4.974E-19 5.059E-19 4.956E-19 4.944E-19 4.989E-19 4.965E-19 4.817E-19 4.718E-19
 4.779E-19 4.894E-19 5.011E-19 4.988E-19 4.900E-19 5.022E-19 4.906E-19 4.694E-19 4.756E-19 4.833E-19
 4.793E-19 5.043E-19 5.322E-19 5.198E-19 5.040E-19 5.137E-19 5.273E-19 4.888E-19 4.694E-19 5.208E-19
 5.646E-19 5.494E-19 5.253E-19 5.107E-19 5.085E-19 5.381E-19 5.537E-19 5.413E-19 5.566E-19 5.804E-19
 5.724E-19 5.499E-19 5.580E-19 5.667E-19 5.607E-19 5.706E-19 5.596E-19 5.414E-19 5.663E-19 5.808E-19
 5.674E-19 5.843E-19 5.930E-19 5.797E-19 5.635E-19 5.552E-19 5.543E-19 5.709E-19 6.038E-19 5.908E-19
 5.819E-19 5.753E-19 5.502E-19 5.375E-19 5.502E-19 5.844E-19 5.957E-19 5.932E-19 6.082E-19 5.996E-19
 5.897E-19 5.867E-19 5.867E-19 5.914E-19 5.682E-19 5.647E-19 5.869E-19 5.919E-19 6.016E-19 6.154E-19
 6.221E-19 6.246E-19 6.269E-19 6.128E-19 5.904E-19 6.190E-19 6.167E-19 5.868E-19 6.010E-19 6.234E-19
 5.955E-19 5.663E-19 5.945E-19 6.220E-19 6.370E-19 6.546E-19 6.674E-19 6.563E-19 6.625E-19 6.701E-19
 6.404E-19 6.343E-19 6.654E-19 6.916E-19 6.665E-19 6.595E-19 6.710E-19 6.634E-19 6.750E-19 6.634E-19
 6.533E-19 6.763E-19 7.083E-19 7.038E-19 6.813E-19 6.873E-19 6.998E-19 6.767E-19 6.516E-19 6.370E-19
 6.582E-19 6.989E-19 7.103E-19 7.169E-19 7.196E-19 7.338E-19 7.288E-19 7.192E-19 7.242E-19 7.095E-19
 7.160E-19 7.224E-19 7.206E-19 7.492E-19 7.568E-19 7.449E-19 7.314E-19 7.324E-19 7.821E-19 8.063E-19
 7.904E-19 7.952E-19 7.939E-19 7.922E-19 7.675E-19 7.633E-19 7.774E-19 7.669E-19 8.140E-19 8.500E-19
 8.601E-19 8.721E-19 8.737E-19 8.990E-19 8.904E-19 8.561E-19 8.482E-19 8.661E-19 9.054E-19 9.099E-19
 8.753E-19 8.217E-19 7.785E-19 7.503E-19 7.500E-19 7.825E-19 8.042E-19 7.986E-19 8.084E-19 8.002E-19
 7.730E-19 7.911E-19 7.725E-19 7.475E-19 7.752E-19 8.122E-19 7.998E-19 7.755E-19 8.110E-19 8.495E-19
 8.548E-19 8.507E-19 8.472E-19 8.507E-19 8.324E-19 8.212E-19 8.170E-19 7.950E-19 8.043E-19 8.323E-19
 8.050E-19 7.998E-19 8.177E-19 8.225E-19 8.489E-19 8.695E-19 8.697E-19 8.706E-19 8.584E-19 8.339E-19
 8.183E-19 8.287E-19 8.336E-19 8.412E-19 8.765E-19 8.789E-19 8.838E-19 9.065E-19 9.201E-19 9.020E-19
 8.766E-19 8.457E-19 8.351E-19 8.644E-19 8.992E-19 9.147E-19 9.094E-19 9.225E-19 9.142E-19 9.075E-19
 9.233E-19 9.226E-19 9.419E-19 9.632E-19 1.014E-18 9.771E-19 9.378E-19 9.464E-19 9.281E-19 9.424E-19
 9.551E-19 9.369E-19 9.387E-19 9.708E-19 9.869E-19 9.615E-19 9.849E-19 1.037E-18 9.966E-19 9.792E-19
 9.678E-19 9.741E-19 1.012E-18 9.748E-19 9.937E-19 1.004E-18 9.803E-19 9.711E-19 9.603E-19 1.002E-18
 1.067E-18 1.060E-18 9.986E-19 9.933E-19 1.014E-18 1.032E-18 1.027E-18 1.002E-18 1.020E-18 1.036E-18
 1.010E-18 1.015E-18 1.057E-18 1.069E-18 1.033E-18 1.020E-18 1.018E-18 1.011E-18 1.028E-18 1.028E-18
 1.035E-18 1.076E-18 1.092E-18 1.081E-18 1.037E-18 1.057E-18 1.066E-18 1.035E-18 1.055E-18 1.099E-18
 1.120E-18 1.112E-18 1.085E-18 1.017E-18 1.028E-18 1.102E-18 1.104E-18 1.099E-18 1.108E-18 1.108E-18
 1.114E-18 1.116E-18 1.125E-18 1.102E-18 1.109E-18 1.155E-18 1.132E-18 1.146E-18 1.163E-18 1.136E-18
 1.101E-18 1.147E-18 1.186E-18 1.158E-18 1.134E-18 1.120E-18 1.119E-18 1.181E-18 1.243E-18 1.219E-18
 1.213E-18 1.226E-18 1.216E-18 1.204E-18 1.227E-18 1.251E-18 1.235E-18 1.238E-18 1.236E-18 1.224E-18
 1.278E-18 1.258E-18 1.200E-18 1.168E-18 1.164E-18 1.180E-18 1.199E-18 1.222E-18 1.271E-18 1.275E-18
 1.276E-18 1.290E-18 1.259E-18 1.262E-18 1.346E-18 1.376E-18 1.346E-18 1.289E-18 1.302E-18 1.340E-18
 1.337E-18 1.282E-18 1.262E-18 1.243E-18 1.303E-18 1.325E-18 1.336E-18 1.340E-18 1.366E-18 1.359E-18
 1.317E-18 1.357E-18 1.417E-18 1.335E-18 1.293E-18 1.311E-18 1.338E-18 1.378E-18 1.384E-18 1.347E-18
 1.355E-18 1.371E-18 1.375E-18 1.424E-18 1.426E-18 1.451E-18 1.400E-18 1.384E-18 1.444E-18 1.480E-18
 1.512E-18 1.464E-18 1.478E-18 1.529E-18 1.436E-18 1.372E-18 1.455E-18 1.477E-18 1.464E-18 1.449E-18
 1.462E-18 1.490E-18 1.543E-18 1.540E-18 1.519E-18 1.564E-18 1.591E-18 1.601E-18 1.595E-18 1.679E-18
 1.674E-18 1.599E-18 1.523E-18 1.521E-18 1.502E-18 1.601E-18 1.587E-18 1.546E-18 1.597E-18 1.609E-18
 1.539E-18 1.611E-18 1.615E-18 1.567E-18 1.602E-18 1.553E-18 1.610E-18 1.689E-18 1.647E-18 1.675E-18
 1.666E-18 1.792E-18 1.657E-18 1.644E-18 1.716E-18 1.680E-18 1.674E-18 1.716E-18 1.685E-18 1.765E-18
 1.776E-18 1.697E-18 1.731E-18 1.726E-18 1.717E-18 1.728E-18 1.752E-18 1.800E-18 1.791E-18 1.764E-18
 1.785E-18 1.778E-18 1.810E-18 1.829E-18 1.818E-18 1.848E-18 1.855E-18 1.873E-18 1.895E-18 1.860E-18
 1.861E-18 1.859E-18 1.862E-18 1.911E-18 1.931E-18 1.942E-18 1.924E-18 1.833E-18 1.867E-18 1.868E-18
 1.872E-18 1.938E-18 1.941E-18 1.998E-18 2.010E-18 2.001E-18 2.061E-18 2.003E-18 2.005E-18 1.946E-18
 1.912E-18 2.012E-18 2.026E-18 2.063E-18 2.115E-18 2.061E-18 2.045E-18 2.044E-18 2.049E-18 2.057E-18
 2.042E-18 2.114E-18 2.148E-18 2.116E-18 2.139E-18 2.114E-18 2.096E-18 2.093E-18 2.097E-18 2.159E-18
 2.197E-18 2.149E-18 2.162E-18 2.191E-18 2.209E-18 2.236E-18 2.156E-18 2.187E-18 2.185E-18 2.171E-18
 2.243E-18 2.262E-18 2.283E-18 2.273E-18 2.255E-18 2.330E-18 2.329E-18 2.365E-18 2.337E-18 2.278E-18
 2.316E-18 2.354E-18 2.349E-18 2.361E-18 2.305E-18 2.359E-18 2.381E-18 2.326E-18 2.372E-18 2.458E-18
 2.447E-18 2.466E-18 2.427E-18 2.428E-18 2.448E-18 2.392E-18 2.436E-18 2.504E-18 2.548E-18 2.550E-18
 2.522E-18 2.554E-18 2.508E-18 2.503E-18 2.614E-18 2.545E-18 2.562E-18 2.567E-18 2.517E-18 2.573E-18
 2.616E-18 2.634E-18 2.659E-18 2.607E-18 2.601E-18 2.658E-18 2.688E-18 2.766E-18 2.713E-18 2.669E-18
 2.733E-18 2.726E-18 2.731E-18 2.845E-18 2.811E-18 2.752E-18 2.739E-18 2.753E-18 2.826E-18 2.825E-18
 2.873E-18 2.890E-18 2.825E-18 2.814E-18 2.830E-18 2.893E-18 2.980E-18 2.882E-18 2.945E-18 2.976E-18
 3.027E-18 2.978E-18 2.992E-18 3.042E-18 3.142E-18 3.133E-18 3.112E-18 3.093E-18 3.129E-18 3.124E-18
 3.048E-18 3.019E-18 3.066E-18 3.100E-18 3.165E-18 3.175E-18 3.246E-18 3.216E-18 3.099E-18 3.112E-18
 3.193E-18 3.160E-18 3.276E-18 3.301E-18 3.285E-18 3.329E-18 3.300E-18 3.211E-18 3.185E-18 3.235E-18
 3.300E-18 3.338E-18 3.378E-18 3.353E-18 3.332E-18 3.421E-18 3.384E-18 3.334E-18 3.360E-18 3.344E-18
 3.334E-18 3.442E-18 3.423E-18 3.444E-18 3.447E-18 3.441E-18 3.479E-18 3.560E-18 3.508E-18 3.504E-18
 3.502E-18 3.509E-18 3.435E-18 3.451E-18 3.501E-18 3.559E-18 3.569E-18 3.493E-18 3.594E-18 3.696E-18
 3.737E-18 3.707E-18 3.688E-18 3.638E-18 3.599E-18 3.581E-18 3.597E-18 3.683E-18 3.862E-18 3.878E-18
 3.774E-18 3.628E-18 3.620E-18 3.628E-18 3.679E-18 3.681E-18 3.646E-18 3.639E-18 3.724E-18 3.796E-18
 3.855E-18 3.846E-18 3.802E-18 3.812E-18 3.852E-18 3.913E-18 3.963E-18 3.900E-18 3.860E-18 3.941E-18
 3.989E-18 4.008E-18 3.915E-18 3.845E-18 3.909E-18 4.038E-18 4.043E-18 3.983E-18 3.935E-18 3.938E-18
 3.982E-18 4.069E-18 4.048E-18 4.088E-18 4.090E-18 4.051E-18 4.140E-18 4.196E-18 4.208E-18 4.255E-18
 4.164E-18 4.114E-18 4.162E-18 4.093E-18 4.123E-18 4.127E-18 4.148E-18 4.145E-18 4.179E-18 4.218E-18
 4.259E-18 4.257E-18 4.314E-18 4.315E-18 4.292E-18 4.355E-18 4.407E-18 4.463E-18 4.359E-18 4.272E-18
 4.162E-18 4.209E-18 4.234E-18 4.352E-18 4.306E-18 4.433E-18 4.419E-18 4.331E-18 4.348E-18 4.303E-18
 4.110E-18 4.302E-18 4.436E-18 4.422E-18 4.472E-18 4.434E-18 4.460E-18 4.498E-18 4.471E-18 4.407E-18
 4.390E-18 4.387E-18 4.595E-18 4.619E-18 4.672E-18 4.612E-18 4.526E-18 4.498E-18 4.495E-18 4.423E-18
 4.514E-18 4.529E-18 4.591E-18 4.661E-18 4.605E-18 4.624E-18 4.689E-18 4.634E-18 4.734E-18 4.750E-18
 4.851E-18 4.906E-18 4.665E-18 4.579E-18 4.570E-18 4.517E-18 4.643E-18 4.674E-18 4.603E-18 4.721E-18
 4.727E-18 4.764E-18 4.864E-18 4.850E-18 4.739E-18 4.682E-18 4.810E-18 4.832E-18 4.674E-18 4.653E-18
 4.749E-18 4.800E-18 4.831E-18 4.693E-18 4.598E-18 4.809E-18 4.910E-18 4.801E-18 4.795E-18 4.728E-18
 4.723E-18 4.861E-18 4.865E-18 4.862E-18 4.766E-18 4.724E-18 4.924E-18 4.959E-18 4.940E-18 5.051E-18
 4.947E-18 4.859E-18 4.864E-18 4.826E-18 4.894E-18 4.942E-18 5.021E-18 5.099E-18 5.051E-18 5.000E-18
 5.049E-18 4.938E-18 5.049E-18 5.240E-18 5.193E-18 5.163E-18 5.047E-18 5.124E-18 5.178E-18 5.109E-18
 5.044E-18 5.029E-18 4.857E-18 4.969E-18 4.991E-18 5.065E-18 5.146E-18 5.099E-18 5.081E-18 5.244E-18
 5.248E-18 5.108E-18 5.065E-18 5.028E-18 5.054E-18 4.976E-18 4.880E-18 4.702E-18 4.684E-18 4.796E-18
 4.896E-18 4.888E-18 5.014E-18 5.065E-18 5.150E-18 5.055E-18 4.982E-18 4.930E-18 4.906E-18 4.892E-18
 4.960E-18 5.165E-18 5.223E-18 5.320E-18 5.258E-18 5.191E-18 5.084E-18 5.049E-18 4.977E-18 5.000E-18
 4.951E-18 5.020E-18 5.123E-18 5.224E-18 5.297E-18 5.256E-18 5.088E-18 5.031E-18 5.166E-18 5.084E-18
 5.267E-18 5.300E-18 5.206E-18 5.188E-18 5.290E-18 5.169E-18 5.155E-18 5.084E-18 5.022E-18 5.151E-18
 5.297E-18 5.334E-18 5.212E-18 5.246E-18 5.016E-18 4.925E-18 4.909E-18 5.035E-18 5.005E-18 5.080E-18
 4.959E-18 4.997E-18 5.195E-18 5.165E-18 5.052E-18 5.022E-18 5.039E-18 4.876E-18 4.943E-18 5.013E-18
 5.066E-18 4.868E-18 4.844E-18 4.719E-18 4.716E-18 4.748E-18 4.878E-18 4.973E-18 4.867E-18 4.810E-18
 4.951E-18 4.933E-18 4.772E-18 4.907E-18 4.773E-18 4.756E-18 4.931E-18 4.964E-18 4.973E-18 5.008E-18
 4.976E-18 4.841E-18 4.944E-18 4.991E-18 4.902E-18 4.822E-18 4.984E-18 5.096E-18 5.167E-18 5.009E-18
 4.933E-18 4.924E-18 4.960E-18 5.066E-18 5.137E-18 5.225E-18 5.186E-18 5.114E-18 4.816E-18 4.733E-18
 4.635E-18 4.493E-18 4.668E-18 5.016E-18 5.002E-18 5.035E-18 5.101E-18 5.004E-18 4.765E-18 4.736E-18
 4.925E-18 4.994E-18 4.826E-18 4.711E-18 4.765E-18 4.717E-18 4.607E-18 4.536E-18 4.427E-18 4.285E-18
 4.355E-18 4.547E-18 4.539E-18 4.249E-18 4.080E-18 4.231E-18 4.344E-18 4.274E-18 4.142E-18 4.149E-18
 4.259E-18 4.301E-18 4.230E-18 4.123E-18 4.115E-18 4.287E-18 4.454E-18 4.523E-18 4.517E-18 4.403E-18
 4.316E-18 4.212E-18 3.958E-18 3.838E-18 3.856E-18 4.048E-18 4.289E-18 4.391E-18 4.433E-18 4.474E-18
 4.530E-18 4.378E-18 4.054E-18 4.049E-18 4.303E-18 4.493E-18 4.699E-18 4.844E-18 4.997E-18 5.133E-18
 5.139E-18 4.782E-18 4.697E-18 5.108E-18 5.672E-18 5.751E-18 5.067E-18 4.853E-18 4.896E-18 4.826E-18
 4.633E-18 4.363E-18 4.530E-18 4.995E-18 5.557E-18 5.339E-18 4.537E-18 4.469E-18 4.714E-18 4.735E-18
 4.536E-18 4.285E-18 4.390E-18 4.769E-18 5.411E-18 5.298E-18 4.589E-18 4.598E-18 4.691E-18 4.785E-18
 4.699E-18 4.385E-18 4.383E-18 4.844E-18 5.407E-18 5.117E-18 4.630E-18 4.721E-18 4.711E-18 4.624E-18
 4.496E-18 4.363E-18 4.558E-18 5.091E-18 5.544E-18 5.311E-18 5.132E-18 5.180E-18 5.290E-18 5.427E-18
 5.276E-18 5.094E-18 5.282E-18 5.764E-18 6.278E-18 6.273E-18 6.252E-18 6.360E-18 6.198E-18 6.377E-18
 6.690E-18 5.742E-18 4.887E-18 5.214E-18 5.457E-18 4.969E-18 4.874E-18 5.220E-18 5.459E-18 5.661E-18
 6.031E-18 5.481E-18 4.620E-18 4.851E-18 5.026E-18 4.568E-18 4.643E-18 5.026E-18 5.181E-18 5.275E-18
 5.749E-18 5.467E-18 4.609E-18 4.702E-18 4.794E-18 4.544E-18 4.766E-18 4.940E-18 4.891E-18 5.153E-18
 5.650E-18 5.589E-18 4.904E-18 4.978E-18 4.883E-18 4.498E-18 4.572E-18 4.802E-18 4.906E-18 5.003E-18
 5.476E-18 5.590E-18 4.901E-18 4.796E-18 4.545E-18 4.159E-18 4.343E-18 4.496E-18 4.393E-18 4.546E-18
 5.266E-18 5.570E-18 4.990E-18 4.661E-18 4.114E-18 3.819E-18 4.143E-18 4.306E-18 4.357E-18 4.561E-18
 5.089E-18 5.521E-18 5.119E-18 4.538E-18 3.955E-18 3.917E-18 4.175E-18 4.180E-18 4.242E-18 4.428E-18
 4.973E-18 5.422E-18 4.945E-18 4.386E-18 4.012E-18 3.940E-18 4.086E-18 4.079E-18 4.169E-18 4.345E-18
 4.659E-18 5.073E-18 5.102E-18 4.465E-18 3.908E-18 3.781E-18 3.858E-18 3.814E-18 3.934E-18 4.275E-18
 4.618E-18 5.156E-18 5.165E-18 4.340E-18 3.839E-18 3.859E-18 3.950E-18 3.913E-18 4.068E-18 4.294E-18
 4.474E-18 4.943E-18 5.188E-18 4.428E-18 3.991E-18 3.967E-18 3.879E-18 3.869E-18 3.987E-18 4.109E-18
 4.332E-18 4.752E-18 5.068E-18 4.302E-18 3.755E-18 3.644E-18 3.624E-18 3.733E-18 3.851E-18 3.931E-18
 4.077E-18 4.463E-18 4.888E-18 4.210E-18 3.516E-18 3.396E-18 3.400E-18 3.475E-18 3.510E-18 3.691E-18
 3.902E-18 4.307E-18 4.568E-18 4.032E-18 3.443E-18 3.208E-18 3.187E-18 3.296E-18 3.412E-18 3.523E-18
 3.613E-18 3.895E-18 4.279E-18 4.051E-18 3.374E-18 3.022E-18 3.054E-18 3.237E-18 3.275E-18 3.324E-18
 3.471E-18 3.776E-18 4.055E-18 3.936E-18 3.256E-18 2.741E-18 2.769E-18 3.086E-18 3.162E-18 3.193E-18
 3.380E-18 3.597E-18 3.627E-18 3.629E-18 3.106E-18 2.630E-18 2.640E-18 2.849E-18 3.011E-18 3.130E-18
 3.389E-18 3.464E-18 3.341E-18 3.524E-18 3.003E-18 2.598E-18 2.601E-18 2.779E-18 2.817E-18 2.841E-18
 3.229E-18 3.301E-18 3.103E-18 3.169E-18 2.941E-18 2.464E-18 2.457E-18 2.678E-18 2.706E-18 2.648E-18
 2.865E-18 2.951E-18 2.710E-18 2.852E-18 2.877E-18 2.504E-18 2.510E-18 2.603E-18 2.534E-18 2.548E-18
 2.766E-18 2.699E-18 2.540E-18 2.641E-18 2.818E-18 2.537E-18 2.409E-18 2.459E-18 2.409E-18 2.437E-18
 2.585E-18 2.493E-18 2.364E-18 2.493E-18 2.653E-18 2.490E-18 2.320E-18 2.289E-18 2.301E-18 2.417E-18
 2.496E-18 2.407E-18 2.321E-18 2.389E-18 2.593E-18 2.583E-18 2.308E-18 2.220E-18 2.254E-18 2.413E-18
 2.451E-18 2.270E-18 2.180E-18 2.316E-18 2.481E-18 2.499E-18 2.280E-18 2.127E-18 2.143E-18 2.189E-18
 2.128E-18 2.055E-18 2.045E-18 2.161E-18 2.347E-18 2.382E-18 2.193E-18 2.010E-18 2.039E-18 2.122E-18
 2.082E-18 2.069E-18 2.073E-18 2.109E-18 2.242E-18 2.287E-18 2.112E-18 1.959E-18 1.945E-18 1.980E-18
 1.937E-18 1.953E-18 2.023E-18 2.052E-18 2.140E-18 2.154E-18 2.025E-18 1.934E-18 1.902E-18 1.925E-18
 1.910E-18 1.895E-18 1.900E-18 1.930E-18 2.069E-18 2.075E-18 1.918E-18 1.893E-18 1.861E-18 1.783E-18
 1.817E-18 1.792E-18 1.785E-18 1.841E-18 1.933E-18 1.961E-18 1.783E-18 1.706E-18 1.722E-18 1.698E-18
 1.734E-18 1.766E-18 1.762E-18 1.797E-18 1.851E-18 1.837E-18 1.674E-18 1.630E-18 1.697E-18 1.698E-18
 1.719E-18 1.701E-18 1.664E-18 1.665E-18 1.737E-18 1.703E-18 1.567E-18 1.557E-18 1.697E-18 1.680E-18
 1.649E-18 1.637E-18 1.606E-18 1.622E-18 1.736E-18 1.689E-18 1.605E-18 1.501E-18 1.611E-18 1.678E-18
 1.576E-18 1.502E-18 1.506E-18 1.555E-18 1.611E-18 1.571E-18 1.487E-18 1.438E-18 1.503E-18 1.555E-18
 1.488E-18 1.479E-18 1.479E-18 1.501E-18 1.546E-18 1.495E-18 1.397E-18 1.413E-18 1.524E-18 1.490E-18
 1.440E-18 1.419E-18 1.440E-18 1.491E-18 1.512E-18 1.441E-18 1.381E-18 1.388E-18 1.391E-18 1.412E-18
 1.421E-18 1.380E-18 1.406E-18 1.420E-18 1.410E-18 1.368E-18 1.323E-18 1.342E-18 1.266E-18 1.301E-18
 1.361E-18 1.366E-18 1.403E-18 1.435E-18 1.413E-18 1.335E-18 1.270E-18 1.224E-18 1.158E-18 1.241E-18
 1.331E-18 1.300E-18 1.342E-18 1.404E-18 1.347E-18 1.245E-18 1.179E-18 1.121E-18 1.119E-18 1.151E-18
 1.267E-18 1.339E-18 1.370E-18 1.337E-18 1.197E-18 1.104E-18 1.108E-18 1.043E-18 1.039E-18 1.133E-18
 1.287E-18 1.389E-18 1.337E-18 1.202E-18 1.107E-18 1.076E-18 9.995E-19 9.839E-19 9.949E-19 1.072E-18
 1.208E-18 1.324E-18 1.278E-18 1.135E-18 1.077E-18 1.004E-18 9.635E-19 9.809E-19 9.831E-19 1.099E-18
 1.252E-18 1.250E-18 1.124E-18 9.998E-19 9.839E-19 9.453E-19 9.359E-19 9.349E-19 1.013E-18 1.108E-18
 1.211E-18 1.140E-18 1.010E-18 9.877E-19 9.127E-19 8.940E-19 9.337E-19 9.459E-19 9.592E-19 1.001E-18
 1.080E-18 1.061E-18 9.541E-19 9.201E-19 8.667E-19 8.672E-19 9.013E-19 9.112E-19 9.210E-19 1.011E-18
 1.020E-18 9.362E-19 9.036E-19 8.768E-19 8.392E-19 8.357E-19 9.104E-19 9.322E-19 9.264E-19 8.929E-19
 8.771E-19 9.351E-19 9.176E-19 8.660E-19 8.290E-19 8.319E-19 8.279E-19 8.833E-19 8.843E-19 8.316E-19
 8.493E-19 8.519E-19 8.507E-19 8.750E-19 8.194E-19 7.687E-19 8.084E-19 8.567E-19 7.904E-19 7.715E-19
 8.191E-19 8.290E-19 8.346E-19 8.318E-19 7.881E-19 8.159E-19 8.488E-19 7.789E-19 7.354E-19 7.074E-19
 7.385E-19 7.807E-19 8.361E-19 8.296E-19 8.088E-19 8.012E-19 7.238E-19 7.173E-19 7.198E-19 7.244E-19
 7.566E-19 7.525E-19 7.645E-19 7.965E-19 7.781E-19 7.017E-19 6.667E-19 6.626E-19 6.543E-19 6.647E-19
 6.941E-19 7.263E-19 7.881E-19 7.970E-19 7.074E-19 6.309E-19 6.256E-19 6.091E-19 6.348E-19 6.794E-19
 6.936E-19 7.362E-19 7.548E-19 6.870E-19 6.361E-19 5.907E-19 5.968E-19 6.061E-19 6.094E-19 6.598E-19
 6.981E-19 7.183E-19 6.674E-19 6.263E-19 6.237E-19 6.463E-19 6.216E-19 5.701E-19 6.329E-19 7.233E-19
 7.064E-19 6.391E-19 6.006E-19 5.507E-19 5.484E-19 5.993E-19 5.936E-19 6.023E-19 6.544E-19 6.650E-19
 6.123E-19 5.840E-19 5.578E-19 5.313E-19 5.243E-19 5.769E-19 5.878E-19 6.004E-19 5.951E-19 5.902E-19
 5.852E-19 5.531E-19 5.244E-19 5.097E-19 5.510E-19 5.816E-19 5.542E-19 5.174E-19 5.611E-19 5.812E-19
 5.419E-19 5.188E-19 5.106E-19 5.200E-19 5.535E-19 5.280E-19 4.718E-19 5.075E-19 5.517E-19 5.113E-19
 4.659E-19 4.830E-19 5.099E-19 5.200E-19 5.052E-19 4.802E-19 5.221E-19 5.267E-19 5.089E-19 4.786E-19
 4.587E-19 4.695E-19 4.710E-19 4.355E-19 4.622E-19 4.548E-19 4.336E-19 4.704E-19 4.811E-19 4.714E-19
 4.700E-19 4.428E-19 4.258E-19 4.427E-19 4.379E-19 4.410E-19 4.666E-19 4.737E-19 4.756E-19 4.441E-19
 4.041E-19 4.102E-19 4.163E-19 4.359E-19 4.515E-19 4.262E-19 4.388E-19 4.699E-19 4.353E-19 4.033E-19
 3.948E-19 3.949E-19 3.955E-19 4.213E-19 4.314E-19 4.415E-19 4.277E-19 4.088E-19 4.009E-19 3.702E-19
 3.624E-19 3.939E-19 4.131E-19 4.194E-19 4.020E-19 3.652E-19 3.603E-19 3.731E-19 3.730E-19 3.577E-19
 3.648E-19 3.988E-19 3.853E-19 3.345E-19 3.145E-19 3.298E-19 3.724E-19 3.974E-19 3.644E-19 3.638E-19
 3.993E-19 3.677E-19 3.357E-19 3.262E-19 3.211E-19 3.401E-19 3.609E-19 3.818E-19 3.819E-19 3.578E-19
 3.417E-19 3.099E-19 2.925E-19 3.235E-19 3.316E-19 3.331E-19 3.588E-19 3.642E-19 3.532E-19 3.371E-19
 3.094E-19 3.118E-19 3.085E-19 3.024E-19 3.361E-19 3.403E-19 3.236E-19 3.172E-19 3.161E-19 3.203E-19
 3.052E-19 2.906E-19 2.990E-19 3.080E-19 3.016E-19 2.926E-19 3.033E-19 3.181E-19 3.200E-19 3.112E-19
 3.078E-19 2.817E-19 2.533E-19 2.808E-19 3.092E-19 3.089E-19 2.946E-19 2.918E-19 3.170E-19 3.067E-19
 2.503E-19 2.380E-19 2.542E-19 0.000E+00 0.000E+00 0.000E+00 0.000E+00 0.000E+00 0.000E+00 0.000E+00
