     CCl3F  830.0010  859.9960      2023  253.0000    0.0000 6.085E-18  NCAR    CFC-11              
 2.416E-19 2.314E-19 2.183E-19 2.286E-19 2.266E-19 2.030E-19 2.088E-19 2.331E-19 2.335E-19 2.406E-19
 2.453E-19 2.390E-19 2.292E-19 2.165E-19 2.043E-19 2.070E-19 2.264E-19 2.401E-19 2.442E-19 2.426E-19
 2.239E-19 2.078E-19 2.115E-19 2.170E-19 2.203E-19 2.386E-19 2.597E-19 2.557E-19 2.496E-19 2.462E-19
 2.460E-19 2.325E-19 2.310E-19 2.298E-19 2.322E-19 2.557E-19 2.679E-19 2.705E-19 2.704E-19 2.596E-19
 2.536E-19 2.404E-19 2.293E-19 2.306E-19 2.351E-19 2.488E-19 2.640E-19 2.573E-19 2.464E-19 2.351E-19
 2.265E-19 2.363E-19 2.456E-19 2.456E-19 2.493E-19 2.537E-19 2.702E-19 2.667E-19 2.530E-19 2.447E-19
 2.409E-19 2.439E-19 2.601E-19 2.663E-19 2.597E-19 2.643E-19 2.671E-19 2.582E-19 2.554E-19 2.591E-19
 2.530E-19 2.521E-19 2.732E-19 2.923E-19 2.957E-19 2.903E-19 2.819E-19 2.665E-19 2.453E-19 2.505E-19
 2.642E-19 2.733E-19 2.834E-19 2.928E-19 2.841E-19 2.750E-19 2.732E-19 2.681E-19 2.760E-19 3.008E-19
 3.080E-19 3.061E-19 2.957E-19 2.831E-19 2.930E-19 2.936E-19 2.650E-19 2.670E-19 2.920E-19 3.104E-19
 3.252E-19 3.427E-19 3.407E-19 3.125E-19 2.886E-19 2.747E-19 2.752E-19 2.964E-19 3.166E-19 3.138E-19
 3.100E-19 3.185E-19 3.326E-19 3.348E-19 3.203E-19 3.081E-19 3.034E-19 2.993E-19 3.103E-19 3.228E-19
 3.366E-19 3.339E-19 3.129E-19 3.039E-19 3.006E-19 2.960E-19 3.142E-19 3.176E-19 3.340E-19 3.633E-19
 3.550E-19 3.596E-19 3.536E-19 3.367E-19 3.417E-19 3.579E-19 3.504E-19 3.236E-19 3.234E-19 3.376E-19
 3.385E-19 3.204E-19 3.034E-19 3.085E-19 3.230E-19 3.435E-19 3.616E-19 3.689E-19 3.533E-19 3.379E-19
 3.389E-19 3.201E-19 3.141E-19 3.260E-19 3.262E-19 3.361E-19 3.591E-19 3.673E-19 3.659E-19 3.684E-19
 3.604E-19 3.458E-19 3.529E-19 3.575E-19 3.539E-19 3.597E-19 3.727E-19 3.642E-19 3.509E-19 3.704E-19
 3.647E-19 3.466E-19 3.593E-19 3.690E-19 3.676E-19 3.802E-19 3.832E-19 3.689E-19 3.658E-19 3.620E-19
 3.431E-19 3.520E-19 3.693E-19 3.764E-19 3.904E-19 3.969E-19 3.909E-19 3.817E-19 3.766E-19 3.751E-19
 3.830E-19 4.087E-19 4.086E-19 3.949E-19 4.029E-19 4.196E-19 4.096E-19 3.955E-19 3.808E-19 3.766E-19
 4.034E-19 4.350E-19 4.431E-19 4.248E-19 4.111E-19 4.109E-19 4.180E-19 3.950E-19 3.982E-19 4.348E-19
 4.461E-19 4.410E-19 4.362E-19 4.299E-19 4.427E-19 4.379E-19 4.170E-19 4.132E-19 4.284E-19 4.476E-19
 4.533E-19 4.515E-19 4.561E-19 4.571E-19 4.409E-19 4.195E-19 4.166E-19 4.176E-19 4.178E-19 4.385E-19
 4.645E-19 4.671E-19 4.669E-19 4.680E-19 4.527E-19 4.397E-19 4.301E-19 4.422E-19 4.718E-19 4.768E-19
 4.735E-19 4.622E-19 4.541E-19 4.455E-19 4.445E-19 4.599E-19 4.612E-19 4.758E-19 5.037E-19 5.147E-19
 4.969E-19 4.665E-19 4.664E-19 4.703E-19 4.575E-19 4.699E-19 5.022E-19 5.143E-19 5.135E-19 5.160E-19
 5.086E-19 5.022E-19 5.056E-19 5.042E-19 4.877E-19 4.905E-19 5.088E-19 5.131E-19 5.224E-19 5.313E-19
 5.197E-19 4.950E-19 4.915E-19 5.126E-19 5.142E-19 5.141E-19 5.291E-19 5.515E-19 5.443E-19 5.095E-19
 5.159E-19 5.261E-19 5.268E-19 5.322E-19 5.465E-19 5.658E-19 5.540E-19 5.398E-19 5.394E-19 5.574E-19
 5.549E-19 5.560E-19 5.796E-19 5.805E-19 5.678E-19 5.627E-19 5.580E-19 5.673E-19 5.707E-19 5.546E-19
 5.550E-19 5.782E-19 5.849E-19 5.889E-19 5.905E-19 5.734E-19 5.474E-19 5.704E-19 5.824E-19 5.725E-19
 5.982E-19 6.190E-19 6.016E-19 5.860E-19 5.790E-19 5.804E-19 5.985E-19 5.965E-19 5.857E-19 5.775E-19
 5.817E-19 6.156E-19 6.366E-19 6.226E-19 5.973E-19 6.141E-19 6.284E-19 5.826E-19 5.677E-19 6.024E-19
 6.375E-19 6.296E-19 6.153E-19 6.083E-19 5.883E-19 6.199E-19 6.438E-19 6.243E-19 6.397E-19 6.477E-19
 6.474E-19 6.314E-19 6.207E-19 6.184E-19 6.338E-19 6.631E-19 6.554E-19 6.478E-19 6.734E-19 6.986E-19
 7.018E-19 7.090E-19 6.910E-19 6.764E-19 6.874E-19 6.822E-19 6.763E-19 6.889E-19 7.131E-19 6.931E-19
 6.825E-19 6.891E-19 6.787E-19 6.637E-19 6.478E-19 6.537E-19 6.753E-19 6.980E-19 7.168E-19 6.995E-19
 6.866E-19 6.818E-19 6.840E-19 6.900E-19 6.758E-19 6.851E-19 7.074E-19 7.038E-19 7.051E-19 7.094E-19
 7.227E-19 7.256E-19 7.256E-19 7.051E-19 6.814E-19 7.209E-19 7.292E-19 7.004E-19 7.082E-19 7.103E-19
 7.029E-19 6.870E-19 7.046E-19 7.511E-19 7.509E-19 7.510E-19 7.542E-19 7.554E-19 7.817E-19 7.686E-19
 7.395E-19 7.667E-19 7.870E-19 8.043E-19 7.695E-19 7.437E-19 7.614E-19 7.704E-19 7.878E-19 7.862E-19
 7.598E-19 7.685E-19 7.996E-19 7.978E-19 7.926E-19 8.194E-19 8.219E-19 7.661E-19 7.348E-19 7.499E-19
 7.770E-19 7.909E-19 7.940E-19 8.163E-19 8.028E-19 8.267E-19 8.578E-19 8.061E-19 7.972E-19 8.255E-19
 8.285E-19 8.063E-19 8.032E-19 8.222E-19 8.126E-19 8.232E-19 8.548E-19 8.457E-19 8.475E-19 8.737E-19
 8.904E-19 8.963E-19 8.990E-19 8.923E-19 8.908E-19 9.081E-19 8.998E-19 8.948E-19 9.184E-19 9.309E-19
 9.314E-19 9.548E-19 9.891E-19 1.014E-18 9.988E-19 9.583E-19 9.246E-19 9.395E-19 9.534E-19 9.361E-19
 9.291E-19 9.091E-19 8.848E-19 8.470E-19 8.196E-19 8.473E-19 9.178E-19 9.093E-19 8.453E-19 8.612E-19
 9.035E-19 9.294E-19 9.118E-19 8.772E-19 8.834E-19 8.917E-19 8.910E-19 8.940E-19 9.292E-19 9.529E-19
 9.343E-19 9.333E-19 9.451E-19 9.341E-19 9.094E-19 9.155E-19 9.153E-19 9.057E-19 9.463E-19 9.766E-19
 9.313E-19 9.126E-19 9.178E-19 9.314E-19 9.793E-19 9.869E-19 9.685E-19 9.664E-19 9.743E-19 9.765E-19
 9.768E-19 9.881E-19 9.843E-19 9.873E-19 9.906E-19 9.716E-19 9.873E-19 1.009E-18 1.029E-18 1.034E-18
 1.033E-18 1.016E-18 9.684E-19 9.738E-19 1.027E-18 1.045E-18 1.025E-18 1.012E-18 1.031E-18 1.034E-18
 1.032E-18 1.043E-18 1.036E-18 1.038E-18 1.066E-18 1.059E-18 1.050E-18 1.065E-18 1.013E-18 1.007E-18
 1.018E-18 1.019E-18 1.049E-18 1.089E-18 1.120E-18 1.089E-18 1.079E-18 1.142E-18 1.127E-18 1.111E-18
 1.084E-18 1.062E-18 1.074E-18 1.085E-18 1.098E-18 1.091E-18 1.085E-18 1.091E-18 1.079E-18 1.126E-18
 1.198E-18 1.173E-18 1.117E-18 1.094E-18 1.091E-18 1.092E-18 1.120E-18 1.123E-18 1.153E-18 1.213E-18
 1.224E-18 1.180E-18 1.204E-18 1.228E-18 1.184E-18 1.157E-18 1.161E-18 1.161E-18 1.182E-18 1.140E-18
 1.126E-18 1.125E-18 1.160E-18 1.189E-18 1.150E-18 1.184E-18 1.222E-18 1.235E-18 1.256E-18 1.223E-18
 1.212E-18 1.226E-18 1.222E-18 1.217E-18 1.202E-18 1.223E-18 1.218E-18 1.236E-18 1.214E-18 1.223E-18
 1.312E-18 1.313E-18 1.262E-18 1.232E-18 1.223E-18 1.258E-18 1.234E-18 1.266E-18 1.336E-18 1.301E-18
 1.253E-18 1.277E-18 1.319E-18 1.319E-18 1.310E-18 1.285E-18 1.306E-18 1.337E-18 1.367E-18 1.358E-18
 1.349E-18 1.287E-18 1.271E-18 1.345E-18 1.380E-18 1.365E-18 1.350E-18 1.378E-18 1.355E-18 1.325E-18
 1.372E-18 1.395E-18 1.378E-18 1.365E-18 1.377E-18 1.406E-18 1.400E-18 1.436E-18 1.477E-18 1.450E-18
 1.433E-18 1.440E-18 1.425E-18 1.451E-18 1.424E-18 1.421E-18 1.433E-18 1.439E-18 1.479E-18 1.523E-18
 1.511E-18 1.442E-18 1.412E-18 1.418E-18 1.470E-18 1.511E-18 1.522E-18 1.475E-18 1.491E-18 1.511E-18
 1.496E-18 1.559E-18 1.517E-18 1.475E-18 1.531E-18 1.540E-18 1.474E-18 1.550E-18 1.561E-18 1.543E-18
 1.559E-18 1.538E-18 1.532E-18 1.653E-18 1.605E-18 1.594E-18 1.542E-18 1.517E-18 1.532E-18 1.549E-18
 1.629E-18 1.730E-18 1.675E-18 1.585E-18 1.569E-18 1.595E-18 1.640E-18 1.631E-18 1.637E-18 1.629E-18
 1.616E-18 1.667E-18 1.705E-18 1.666E-18 1.634E-18 1.794E-18 1.627E-18 1.632E-18 1.666E-18 1.743E-18
 1.770E-18 1.771E-18 1.694E-18 1.657E-18 1.723E-18 1.703E-18 1.684E-18 1.718E-18 1.754E-18 1.814E-18
 1.743E-18 1.760E-18 1.796E-18 1.791E-18 1.821E-18 1.739E-18 1.724E-18 1.793E-18 1.771E-18 1.830E-18
 1.881E-18 2.032E-18 2.011E-18 1.980E-18 1.871E-18 1.827E-18 1.846E-18 1.904E-18 1.864E-18 1.868E-18
 1.879E-18 1.851E-18 1.895E-18 1.892E-18 1.898E-18 1.927E-18 1.949E-18 1.978E-18 1.979E-18 1.983E-18
 1.993E-18 1.945E-18 1.973E-18 2.031E-18 1.997E-18 2.001E-18 2.020E-18 2.050E-18 2.323E-18 2.076E-18
 2.079E-18 2.068E-18 2.070E-18 2.115E-18 2.087E-18 2.070E-18 2.092E-18 2.044E-18 2.089E-18 2.105E-18
 2.107E-18 2.127E-18 2.106E-18 2.134E-18 2.175E-18 2.191E-18 2.207E-18 2.151E-18 2.183E-18 2.144E-18
 2.098E-18 2.197E-18 2.214E-18 2.220E-18 2.255E-18 2.232E-18 2.278E-18 2.275E-18 2.223E-18 2.245E-18
 2.211E-18 2.214E-18 2.275E-18 2.261E-18 2.294E-18 2.336E-18 2.297E-18 2.231E-18 2.228E-18 2.336E-18
 2.352E-18 2.310E-18 2.368E-18 2.337E-18 2.380E-18 2.434E-18 2.352E-18 2.347E-18 2.383E-18 2.410E-18
 2.435E-18 2.445E-18 2.498E-18 2.528E-18 2.483E-18 2.495E-18 2.508E-18 2.521E-18 2.497E-18 2.475E-18
 2.489E-18 2.522E-18 2.553E-18 2.586E-18 2.492E-18 2.523E-18 2.572E-18 2.564E-18 2.584E-18 2.599E-18
 2.589E-18 2.596E-18 2.575E-18 2.614E-18 2.636E-18 2.595E-18 2.603E-18 2.603E-18 2.673E-18 2.769E-18
 2.772E-18 2.761E-18 2.667E-18 2.634E-18 2.822E-18 2.652E-18 2.710E-18 2.723E-18 2.699E-18 2.704E-18
 2.766E-18 2.841E-18 2.839E-18 2.843E-18 2.845E-18 2.916E-18 2.924E-18 2.944E-18 2.975E-18 2.935E-18
 2.904E-18 2.860E-18 2.981E-18 3.027E-18 2.956E-18 3.041E-18 3.022E-18 3.016E-18 3.069E-18 3.095E-18
 3.073E-18 3.041E-18 3.046E-18 3.073E-18 3.032E-18 3.133E-18 3.249E-18 3.204E-18 3.219E-18 3.170E-18
 3.083E-18 3.092E-18 3.089E-18 3.146E-18 3.239E-18 3.194E-18 3.216E-18 3.247E-18 3.307E-18 3.361E-18
 3.328E-18 3.194E-18 3.179E-18 3.202E-18 3.290E-18 3.319E-18 3.419E-18 3.414E-18 3.316E-18 3.335E-18
 3.339E-18 3.233E-18 3.291E-18 3.302E-18 3.355E-18 3.447E-18 3.427E-18 3.410E-18 3.411E-18 3.393E-18
 3.387E-18 3.380E-18 3.468E-18 3.521E-18 3.486E-18 3.500E-18 3.448E-18 3.435E-18 3.480E-18 3.494E-18
 3.460E-18 3.531E-18 3.512E-18 3.502E-18 3.458E-18 3.483E-18 3.539E-18 3.573E-18 3.595E-18 3.653E-18
 3.569E-18 3.566E-18 3.653E-18 3.693E-18 3.699E-18 3.691E-18 3.665E-18 3.636E-18 3.674E-18 3.730E-18
 3.750E-18 3.823E-18 3.902E-18 3.757E-18 3.720E-18 3.811E-18 3.791E-18 3.697E-18 3.823E-18 3.856E-18
 3.787E-18 3.765E-18 3.865E-18 3.889E-18 3.867E-18 3.783E-18 3.766E-18 3.828E-18 3.879E-18 3.931E-18
 3.933E-18 3.858E-18 3.815E-18 3.882E-18 3.912E-18 3.929E-18 4.018E-18 4.042E-18 4.008E-18 4.039E-18
 4.022E-18 4.040E-18 3.973E-18 3.973E-18 4.027E-18 4.084E-18 4.075E-18 4.038E-18 3.999E-18 4.067E-18
 4.079E-18 4.016E-18 3.947E-18 4.000E-18 4.126E-18 4.181E-18 4.205E-18 4.158E-18 4.213E-18 4.248E-18
 4.163E-18 4.063E-18 4.136E-18 4.150E-18 4.153E-18 4.163E-18 4.231E-18 4.260E-18 4.226E-18 4.131E-18
 4.119E-18 4.141E-18 4.200E-18 4.232E-18 4.175E-18 4.240E-18 4.345E-18 4.464E-18 4.363E-18 4.188E-18
 4.179E-18 4.271E-18 4.198E-18 4.270E-18 4.190E-18 4.159E-18 4.187E-18 4.195E-18 4.223E-18 4.293E-18
 4.149E-18 4.188E-18 4.297E-18 4.317E-18 4.393E-18 4.449E-18 4.489E-18 4.536E-18 4.462E-18 4.330E-18
 4.266E-18 4.388E-18 4.546E-18 4.464E-18 4.566E-18 4.525E-18 4.451E-18 4.450E-18 4.461E-18 4.360E-18
 4.416E-18 4.449E-18 4.525E-18 4.680E-18 4.687E-18 4.644E-18 4.681E-18 4.620E-18 4.518E-18 4.508E-18
 4.618E-18 4.685E-18 4.609E-18 4.606E-18 4.606E-18 4.681E-18 4.880E-18 4.745E-18 4.478E-18 4.558E-18
 4.614E-18 4.617E-18 4.725E-18 4.783E-18 4.700E-18 4.601E-18 4.722E-18 4.696E-18 4.461E-18 4.561E-18
 4.655E-18 4.578E-18 4.601E-18 4.519E-18 4.524E-18 4.728E-18 4.794E-18 4.624E-18 4.644E-18 4.673E-18
 4.638E-18 4.634E-18 4.661E-18 4.701E-18 4.743E-18 4.808E-18 4.910E-18 4.798E-18 4.748E-18 4.708E-18
 4.651E-18 4.657E-18 4.732E-18 4.729E-18 4.765E-18 4.801E-18 4.790E-18 4.788E-18 4.734E-18 4.737E-18
 4.800E-18 4.808E-18 4.880E-18 4.901E-18 4.889E-18 4.915E-18 4.858E-18 4.868E-18 4.898E-18 4.728E-18
 4.628E-18 4.778E-18 4.714E-18 4.817E-18 4.859E-18 4.876E-18 4.871E-18 4.821E-18 4.741E-18 4.830E-18
 4.773E-18 4.721E-18 4.780E-18 4.848E-18 4.889E-18 4.863E-18 4.762E-18 4.764E-18 4.718E-18 4.593E-18
 4.637E-18 4.615E-18 4.719E-18 4.805E-18 4.903E-18 4.890E-18 4.749E-18 4.700E-18 4.722E-18 4.707E-18
 4.755E-18 4.818E-18 4.790E-18 4.817E-18 4.796E-18 4.885E-18 4.914E-18 4.842E-18 4.630E-18 4.655E-18
 4.734E-18 4.871E-18 4.965E-18 4.992E-18 4.959E-18 4.875E-18 4.771E-18 4.726E-18 4.788E-18 4.657E-18
 4.794E-18 4.848E-18 4.730E-18 4.748E-18 4.929E-18 4.737E-18 4.705E-18 4.644E-18 4.591E-18 4.696E-18
 4.806E-18 4.876E-18 4.840E-18 4.880E-18 4.690E-18 4.589E-18 4.580E-18 4.677E-18 4.666E-18 4.792E-18
 4.745E-18 4.748E-18 4.886E-18 4.851E-18 4.811E-18 4.841E-18 4.736E-18 4.584E-18 4.624E-18 4.543E-18
 4.621E-18 4.618E-18 4.625E-18 4.512E-18 4.513E-18 4.429E-18 4.524E-18 4.673E-18 4.580E-18 4.536E-18
 4.690E-18 4.709E-18 4.562E-18 4.566E-18 4.497E-18 4.518E-18 4.593E-18 4.652E-18 4.682E-18 4.783E-18
 4.754E-18 4.541E-18 4.606E-18 4.731E-18 4.676E-18 4.564E-18 4.640E-18 4.813E-18 4.901E-18 4.681E-18
 4.495E-18 4.542E-18 4.655E-18 4.675E-18 4.723E-18 4.836E-18 4.855E-18 4.863E-18 4.511E-18 4.352E-18
 4.416E-18 4.332E-18 4.291E-18 4.541E-18 4.584E-18 4.647E-18 4.853E-18 4.857E-18 4.571E-18 4.414E-18
 4.419E-18 4.566E-18 4.632E-18 4.423E-18 4.333E-18 4.399E-18 4.440E-18 4.377E-18 4.228E-18 4.063E-18
 4.183E-18 4.323E-18 4.246E-18 4.011E-18 3.900E-18 4.143E-18 4.267E-18 4.144E-18 4.012E-18 3.928E-18
 4.001E-18 4.093E-18 3.951E-18 3.860E-18 3.941E-18 4.091E-18 4.213E-18 4.254E-18 4.320E-18 4.198E-18
 3.989E-18 3.957E-18 3.776E-18 3.678E-18 3.782E-18 3.926E-18 4.037E-18 4.128E-18 4.298E-18 4.370E-18
 4.265E-18 4.021E-18 3.855E-18 3.898E-18 4.093E-18 4.197E-18 4.394E-18 4.576E-18 4.678E-18 4.724E-18
 4.643E-18 4.411E-18 4.545E-18 4.897E-18 5.217E-18 5.220E-18 4.680E-18 4.467E-18 4.518E-18 4.526E-18
 4.294E-18 4.027E-18 4.165E-18 4.527E-18 5.042E-18 4.952E-18 4.299E-18 4.273E-18 4.471E-18 4.531E-18
 4.324E-18 4.063E-18 4.180E-18 4.554E-18 5.023E-18 4.895E-18 4.320E-18 4.273E-18 4.368E-18 4.449E-18
 4.385E-18 4.178E-18 4.211E-18 4.610E-18 4.982E-18 4.529E-18 4.156E-18 4.355E-18 4.363E-18 4.279E-18
 4.228E-18 4.149E-18 4.213E-18 4.668E-18 5.215E-18 4.980E-18 4.764E-18 4.850E-18 4.934E-18 5.071E-18
 4.923E-18 4.848E-18 4.973E-18 5.327E-18 5.779E-18 5.683E-18 5.654E-18 5.749E-18 5.526E-18 5.743E-18
 6.085E-18 5.221E-18 4.349E-18 4.513E-18 4.843E-18 4.558E-18 4.438E-18 4.682E-18 4.861E-18 5.042E-18
 5.355E-18 4.957E-18 4.316E-18 4.428E-18 4.526E-18 4.262E-18 4.403E-18 4.712E-18 4.702E-18 4.713E-18
 5.084E-18 4.942E-18 4.384E-18 4.499E-18 4.557E-18 4.234E-18 4.334E-18 4.567E-18 4.571E-18 4.697E-18
 5.107E-18 5.100E-18 4.537E-18 4.510E-18 4.496E-18 4.256E-18 4.262E-18 4.347E-18 4.372E-18 4.502E-18
 5.052E-18 5.145E-18 4.556E-18 4.411E-18 4.280E-18 3.965E-18 4.088E-18 4.236E-18 4.141E-18 4.242E-18
 4.811E-18 5.057E-18 4.629E-18 4.453E-18 4.089E-18 3.843E-18 4.008E-18 4.002E-18 4.034E-18 4.249E-18
 4.671E-18 4.998E-18 4.649E-18 4.266E-18 3.908E-18 3.798E-18 3.911E-18 3.893E-18 3.947E-18 4.143E-18
 4.485E-18 4.786E-18 4.542E-18 4.128E-18 3.758E-18 3.591E-18 3.725E-18 3.764E-18 3.822E-18 3.983E-18
 4.287E-18 4.741E-18 4.711E-18 4.169E-18 3.681E-18 3.653E-18 3.774E-18 3.747E-18 3.816E-18 3.999E-18
 4.235E-18 4.720E-18 4.755E-18 4.049E-18 3.662E-18 3.660E-18 3.743E-18 3.757E-18 3.858E-18 4.049E-18
 4.284E-18 4.679E-18 4.775E-18 4.094E-18 3.692E-18 3.657E-18 3.691E-18 3.718E-18 3.728E-18 3.859E-18
 4.119E-18 4.483E-18 4.657E-18 3.988E-18 3.585E-18 3.525E-18 3.534E-18 3.592E-18 3.647E-18 3.734E-18
 3.833E-18 4.164E-18 4.366E-18 3.842E-18 3.403E-18 3.358E-18 3.301E-18 3.324E-18 3.413E-18 3.510E-18
 3.582E-18 3.963E-18 4.217E-18 3.769E-18 3.306E-18 3.119E-18 3.101E-18 3.160E-18 3.281E-18 3.403E-18
 3.471E-18 3.666E-18 3.862E-18 3.629E-18 3.207E-18 2.871E-18 2.920E-18 3.049E-18 3.094E-18 3.108E-18
 3.268E-18 3.425E-18 3.607E-18 3.623E-18 3.089E-18 2.663E-18 2.658E-18 2.883E-18 2.982E-18 3.016E-18
 3.222E-18 3.443E-18 3.445E-18 3.403E-18 2.835E-18 2.540E-18 2.583E-18 2.756E-18 2.799E-18 2.857E-18
 3.169E-18 3.253E-18 3.165E-18 3.275E-18 2.813E-18 2.524E-18 2.522E-18 2.670E-18 2.705E-18 2.706E-18
 2.838E-18 2.845E-18 2.740E-18 2.894E-18 2.789E-18 2.417E-18 2.478E-18 2.626E-18 2.589E-18 2.582E-18
 2.761E-18 2.743E-18 2.608E-18 2.669E-18 2.664E-18 2.411E-18 2.458E-18 2.555E-18 2.500E-18 2.505E-18
 2.646E-18 2.559E-18 2.426E-18 2.519E-18 2.693E-18 2.448E-18 2.349E-18 2.408E-18 2.360E-18 2.412E-18
 2.527E-18 2.439E-18 2.383E-18 2.467E-18 2.565E-18 2.429E-18 2.305E-18 2.264E-18 2.237E-18 2.300E-18
 2.378E-18 2.334E-18 2.265E-18 2.306E-18 2.448E-18 2.451E-18 2.269E-18 2.181E-18 2.174E-18 2.268E-18
 2.246E-18 2.084E-18 2.032E-18 2.178E-18 2.321E-18 2.326E-18 2.183E-18 2.089E-18 2.092E-18 2.127E-18
 2.046E-18 1.988E-18 2.021E-18 2.117E-18 2.256E-18 2.299E-18 2.126E-18 1.955E-18 1.940E-18 2.013E-18
 1.989E-18 1.950E-18 1.945E-18 1.995E-18 2.122E-18 2.153E-18 1.989E-18 1.870E-18 1.888E-18 1.925E-18
 1.880E-18 1.889E-18 1.959E-18 1.974E-18 2.036E-18 2.044E-18 1.921E-18 1.867E-18 1.875E-18 1.889E-18
 1.848E-18 1.833E-18 1.868E-18 1.887E-18 1.953E-18 1.978E-18 1.876E-18 1.866E-18 1.843E-18 1.762E-18
 1.761E-18 1.753E-18 1.767E-18 1.807E-18 1.877E-18 1.860E-18 1.707E-18 1.660E-18 1.684E-18 1.782E-18
 1.790E-18 1.794E-18 1.693E-18 1.749E-18 1.803E-18 1.769E-18 1.652E-18 1.638E-18 1.760E-18 1.758E-18
 1.775E-18 1.681E-18 1.661E-18 1.608E-18 1.645E-18 1.629E-18 1.534E-18 1.507E-18 1.615E-18 1.634E-18
 1.641E-18 1.640E-18 1.561E-18 1.552E-18 1.666E-18 1.603E-18 1.486E-18 1.468E-18 1.528E-18 1.602E-18
 1.572E-18 1.502E-18 1.548E-18 1.632E-18 1.660E-18 1.604E-18 1.485E-18 1.448E-18 1.505E-18 1.570E-18
 1.475E-18 1.419E-18 1.520E-18 1.603E-18 1.624E-18 1.535E-18 1.410E-18 1.370E-18 1.404E-18 1.448E-18
 1.407E-18 1.394E-18 1.398E-18 1.444E-18 1.434E-18 1.391E-18 1.347E-18 1.335E-18 1.334E-18 1.451E-18
 1.430E-18 1.364E-18 1.365E-18 1.424E-18 1.436E-18 1.347E-18 1.281E-18 1.304E-18 1.224E-18 1.286E-18
 1.297E-18 1.245E-18 1.314E-18 1.338E-18 1.351E-18 1.344E-18 1.279E-18 1.206E-18 1.155E-18 1.250E-18
 1.326E-18 1.255E-18 1.251E-18 1.311E-18 1.309E-18 1.248E-18 1.165E-18 1.129E-18 1.109E-18 1.100E-18
 1.164E-18 1.232E-18 1.301E-18 1.251E-18 1.181E-18 1.113E-18 1.116E-18 1.092E-18 1.113E-18 1.161E-18
 1.244E-18 1.307E-18 1.250E-18 1.143E-18 1.070E-18 1.061E-18 1.029E-18 1.030E-18 1.017E-18 1.107E-18
 1.221E-18 1.270E-18 1.155E-18 1.024E-18 9.938E-19 9.871E-19 1.004E-18 1.016E-18 1.008E-18 1.077E-18
 1.181E-18 1.181E-18 1.084E-18 9.979E-19 9.827E-19 9.568E-19 9.786E-19 9.696E-19 1.010E-18 1.100E-18
 1.198E-18 1.142E-18 1.025E-18 1.001E-18 9.362E-19 9.140E-19 9.350E-19 9.684E-19 9.904E-19 1.018E-18
 1.032E-18 1.029E-18 9.651E-19 9.358E-19 8.857E-19 8.675E-19 9.004E-19 9.421E-19 9.776E-19 1.031E-18
 1.026E-18 9.709E-19 9.414E-19 9.053E-19 8.709E-19 8.324E-19 8.817E-19 9.021E-19 8.879E-19 8.710E-19
 8.923E-19 9.257E-19 8.748E-19 8.463E-19 8.429E-19 8.285E-19 8.117E-19 8.418E-19 8.591E-19 8.416E-19
 8.774E-19 8.796E-19 8.590E-19 8.624E-19 8.093E-19 7.687E-19 8.099E-19 8.553E-19 8.090E-19 7.948E-19
 8.239E-19 8.051E-19 8.193E-19 8.391E-19 8.059E-19 8.245E-19 8.458E-19 7.743E-19 7.282E-19 7.224E-19
 7.691E-19 8.215E-19 8.357E-19 7.902E-19 7.792E-19 7.819E-19 7.324E-19 7.395E-19 7.208E-19 6.946E-19
 7.364E-19 7.505E-19 7.375E-19 7.684E-19 7.947E-19 7.497E-19 6.976E-19 6.867E-19 6.928E-19 6.879E-19
 6.875E-19 7.120E-19 7.665E-19 7.845E-19 7.152E-19 6.705E-19 6.672E-19 6.443E-19 6.555E-19 6.856E-19
 6.943E-19 7.289E-19 7.532E-19 6.934E-19 6.301E-19 5.979E-19 6.136E-19 6.374E-19 6.427E-19 6.825E-19
 7.337E-19 7.428E-19 6.776E-19 6.129E-19 6.153E-19 6.577E-19 6.439E-19 6.080E-19 6.507E-19 6.987E-19
 6.898E-19 6.500E-19 6.120E-19 5.677E-19 5.915E-19 6.256E-19 5.942E-19 5.839E-19 6.324E-19 6.700E-19
 6.269E-19 5.951E-19 5.737E-19 5.546E-19 5.582E-19 6.026E-19 5.994E-19 6.007E-19 5.841E-19 5.808E-19
 5.876E-19 5.795E-19 5.604E-19 5.425E-19 5.611E-19 5.586E-19 5.438E-19 5.322E-19 5.575E-19 5.840E-19
 5.698E-19 5.454E-19 5.226E-19 5.177E-19 5.443E-19 5.388E-19 4.919E-19 5.060E-19 5.411E-19 5.246E-19
 5.037E-19 5.134E-19 5.176E-19 5.294E-19 5.216E-19 4.737E-19 5.038E-19 5.201E-19 5.038E-19 4.978E-19
 4.900E-19 4.893E-19 5.005E-19 4.663E-19 4.705E-19 4.747E-19 4.672E-19 4.957E-19 5.089E-19 5.132E-19
 5.007E-19 4.559E-19 4.349E-19 4.510E-19 4.534E-19 4.537E-19 4.677E-19 4.827E-19 4.953E-19 4.617E-19
 4.214E-19 4.324E-19 4.492E-19 4.500E-19 4.502E-19 4.325E-19 4.565E-19 4.799E-19 4.358E-19 4.256E-19
 4.080E-19 4.037E-19 4.165E-19 4.271E-19 4.195E-19 4.394E-19 4.341E-19 4.162E-19 4.129E-19 3.926E-19
 3.943E-19 4.201E-19 4.231E-19 4.359E-19 4.395E-19 3.998E-19 3.855E-19 3.840E-19 3.900E-19 4.017E-19
 4.073E-19 4.298E-19 4.282E-19 3.893E-19 3.559E-19 3.584E-19 3.923E-19 3.964E-19 3.697E-19 3.755E-19
 4.124E-19 3.818E-19 3.380E-19 3.321E-19 3.368E-19 3.484E-19 3.548E-19 3.815E-19 3.917E-19 3.689E-19
 3.615E-19 3.413E-19 3.333E-19 3.390E-19 3.360E-19 3.399E-19 3.693E-19 3.644E-19 3.499E-19 3.477E-19
 3.343E-19 3.256E-19 3.202E-19 3.221E-19 3.515E-19 3.652E-19 3.517E-19 3.415E-19 3.355E-19 3.421E-19
 3.275E-19 3.076E-19 3.040E-19 3.154E-19 3.094E-19 3.145E-19 3.318E-19 3.237E-19 3.079E-19 3.096E-19
 3.254E-19 3.075E-19 2.842E-19 2.833E-19 2.976E-19 3.204E-19 3.212E-19 3.167E-19 3.347E-19 3.190E-19
 2.600E-19 2.393E-19 2.623E-19 0.000E+00 0.000E+00 0.000E+00 0.000E+00 0.000E+00 0.000E+00 0.000E+00
