     CCl3F  830.0010  859.9960      2023  293.0000    0.0000 4.750E-18  NCAR    CFC-11              
 3.507E-19 3.446E-19 3.293E-19 3.388E-19 3.478E-19 3.380E-19 3.401E-19 3.506E-19 3.512E-19 3.536E-19
 3.562E-19 3.515E-19 3.415E-19 3.275E-19 3.207E-19 3.120E-19 3.192E-19 3.379E-19 3.489E-19 3.609E-19
 3.665E-19 3.585E-19 3.586E-19 3.525E-19 3.358E-19 3.348E-19 3.583E-19 3.763E-19 3.814E-19 3.744E-19
 3.631E-19 3.617E-19 3.607E-19 3.672E-19 3.666E-19 3.713E-19 3.834E-19 3.888E-19 4.033E-19 3.978E-19
 3.718E-19 3.556E-19 3.518E-19 3.559E-19 3.601E-19 3.624E-19 3.795E-19 3.889E-19 3.942E-19 4.110E-19
 4.062E-19 3.874E-19 3.829E-19 3.899E-19 4.080E-19 4.063E-19 3.996E-19 4.119E-19 4.152E-19 4.217E-19
 4.209E-19 4.109E-19 3.989E-19 3.862E-19 3.942E-19 4.044E-19 4.045E-19 4.043E-19 4.047E-19 3.956E-19
 3.828E-19 3.867E-19 4.004E-19 4.174E-19 4.348E-19 4.524E-19 4.440E-19 4.165E-19 4.007E-19 4.009E-19
 3.979E-19 3.984E-19 4.128E-19 4.203E-19 4.291E-19 4.502E-19 4.458E-19 4.168E-19 4.092E-19 4.161E-19
 4.348E-19 4.443E-19 4.515E-19 4.616E-19 4.519E-19 4.287E-19 4.165E-19 4.127E-19 4.241E-19 4.449E-19
 4.571E-19 4.683E-19 4.763E-19 4.778E-19 4.538E-19 4.470E-19 4.496E-19 4.543E-19 4.600E-19 4.664E-19
 4.757E-19 4.836E-19 4.822E-19 4.863E-19 4.837E-19 4.795E-19 4.843E-19 4.712E-19 4.632E-19 4.829E-19
 5.068E-19 5.073E-19 5.113E-19 4.935E-19 4.582E-19 4.570E-19 4.808E-19 4.970E-19 5.065E-19 5.095E-19
 5.023E-19 4.934E-19 4.903E-19 4.962E-19 5.059E-19 4.972E-19 4.928E-19 5.000E-19 4.929E-19 4.960E-19
 5.050E-19 4.886E-19 4.812E-19 4.984E-19 5.099E-19 5.044E-19 5.064E-19 5.128E-19 5.063E-19 5.057E-19
 5.075E-19 4.948E-19 4.941E-19 4.967E-19 5.016E-19 5.114E-19 5.189E-19 5.247E-19 5.181E-19 5.250E-19
 5.307E-19 5.232E-19 5.210E-19 5.209E-19 5.210E-19 5.351E-19 5.494E-19 5.467E-19 5.287E-19 5.327E-19
 5.395E-19 5.256E-19 5.309E-19 5.389E-19 5.456E-19 5.518E-19 5.485E-19 5.243E-19 5.257E-19 5.414E-19
 5.325E-19 5.213E-19 5.338E-19 5.495E-19 5.484E-19 5.710E-19 5.889E-19 5.866E-19 5.717E-19 5.730E-19
 5.649E-19 5.603E-19 5.527E-19 5.580E-19 6.032E-19 6.262E-19 6.136E-19 5.959E-19 5.857E-19 5.815E-19
 5.747E-19 5.860E-19 5.980E-19 5.995E-19 6.101E-19 6.119E-19 6.091E-19 5.703E-19 5.560E-19 5.960E-19
 6.282E-19 6.176E-19 6.089E-19 6.223E-19 6.189E-19 6.082E-19 5.982E-19 5.869E-19 5.899E-19 6.012E-19
 6.179E-19 6.177E-19 6.151E-19 6.409E-19 6.461E-19 6.168E-19 6.017E-19 5.926E-19 6.039E-19 6.506E-19
 6.569E-19 6.538E-19 6.596E-19 6.499E-19 6.418E-19 6.501E-19 6.549E-19 6.389E-19 6.493E-19 6.756E-19
 6.707E-19 6.575E-19 6.523E-19 6.582E-19 6.659E-19 6.653E-19 6.619E-19 6.676E-19 6.852E-19 7.053E-19
 7.130E-19 7.084E-19 6.947E-19 6.836E-19 6.621E-19 6.590E-19 6.681E-19 6.758E-19 6.816E-19 6.851E-19
 6.913E-19 6.746E-19 6.778E-19 6.955E-19 6.919E-19 6.858E-19 7.031E-19 7.093E-19 7.120E-19 7.057E-19
 6.906E-19 6.798E-19 6.952E-19 7.061E-19 7.031E-19 6.934E-19 7.237E-19 7.483E-19 7.516E-19 7.540E-19
 7.565E-19 7.341E-19 7.198E-19 7.259E-19 7.332E-19 7.518E-19 7.660E-19 7.842E-19 8.024E-19 8.007E-19
 7.875E-19 7.733E-19 7.721E-19 7.812E-19 7.803E-19 7.861E-19 7.853E-19 7.833E-19 7.724E-19 7.753E-19
 7.909E-19 8.076E-19 8.058E-19 7.935E-19 8.015E-19 8.104E-19 8.003E-19 7.975E-19 7.760E-19 7.698E-19
 7.677E-19 7.789E-19 7.987E-19 8.211E-19 8.098E-19 8.044E-19 8.185E-19 8.374E-19 8.335E-19 8.005E-19
 7.981E-19 8.261E-19 8.369E-19 8.201E-19 8.083E-19 8.160E-19 8.267E-19 8.139E-19 8.066E-19 8.397E-19
 8.566E-19 8.428E-19 8.505E-19 8.619E-19 8.503E-19 8.417E-19 8.334E-19 8.266E-19 8.420E-19 8.626E-19
 8.712E-19 8.746E-19 8.770E-19 8.895E-19 8.881E-19 8.608E-19 8.534E-19 8.630E-19 8.818E-19 8.906E-19
 8.929E-19 9.015E-19 8.910E-19 8.834E-19 8.777E-19 8.593E-19 8.756E-19 8.933E-19 8.890E-19 8.874E-19
 9.063E-19 8.989E-19 8.706E-19 8.758E-19 8.652E-19 8.648E-19 8.901E-19 9.065E-19 9.196E-19 9.376E-19
 9.462E-19 9.207E-19 9.160E-19 9.376E-19 9.188E-19 8.997E-19 9.103E-19 9.263E-19 9.539E-19 9.565E-19
 9.571E-19 9.543E-19 9.381E-19 9.250E-19 9.227E-19 9.330E-19 9.505E-19 9.324E-19 9.284E-19 9.460E-19
 9.423E-19 8.976E-19 9.102E-19 9.533E-19 9.664E-19 9.927E-19 1.021E-18 1.013E-18 1.006E-18 1.015E-18
 9.840E-19 9.813E-19 1.022E-18 1.004E-18 9.818E-19 1.002E-18 1.036E-18 1.023E-18 1.024E-18 1.053E-18
 1.052E-18 1.030E-18 1.032E-18 1.038E-18 1.034E-18 1.047E-18 1.056E-18 1.035E-18 1.009E-18 1.008E-18
 1.014E-18 1.027E-18 1.054E-18 1.081E-18 1.092E-18 1.091E-18 1.085E-18 1.057E-18 1.043E-18 1.064E-18
 1.024E-18 1.025E-18 1.080E-18 1.117E-18 1.107E-18 1.092E-18 1.085E-18 1.092E-18 1.096E-18 1.114E-18
 1.133E-18 1.136E-18 1.128E-18 1.175E-18 1.189E-18 1.179E-18 1.172E-18 1.170E-18 1.179E-18 1.177E-18
 1.174E-18 1.200E-18 1.222E-18 1.245E-18 1.268E-18 1.248E-18 1.202E-18 1.165E-18 1.164E-18 1.162E-18
 1.158E-18 1.161E-18 1.143E-18 1.110E-18 1.117E-18 1.156E-18 1.163E-18 1.144E-18 1.114E-18 1.105E-18
 1.116E-18 1.144E-18 1.138E-18 1.120E-18 1.143E-18 1.152E-18 1.143E-18 1.151E-18 1.183E-18 1.221E-18
 1.222E-18 1.231E-18 1.223E-18 1.168E-18 1.155E-18 1.154E-18 1.176E-18 1.162E-18 1.187E-18 1.248E-18
 1.236E-18 1.226E-18 1.223E-18 1.185E-18 1.226E-18 1.296E-18 1.304E-18 1.286E-18 1.281E-18 1.267E-18
 1.269E-18 1.256E-18 1.250E-18 1.244E-18 1.254E-18 1.275E-18 1.280E-18 1.261E-18 1.272E-18 1.316E-18
 1.327E-18 1.300E-18 1.264E-18 1.279E-18 1.316E-18 1.313E-18 1.314E-18 1.292E-18 1.299E-18 1.282E-18
 1.342E-18 1.326E-18 1.288E-18 1.329E-18 1.379E-18 1.334E-18 1.350E-18 1.371E-18 1.317E-18 1.309E-18
 1.351E-18 1.362E-18 1.344E-18 1.324E-18 1.311E-18 1.368E-18 1.410E-18 1.428E-18 1.403E-18 1.407E-18
 1.355E-18 1.326E-18 1.372E-18 1.453E-18 1.465E-18 1.419E-18 1.376E-18 1.364E-18 1.344E-18 1.394E-18
 1.456E-18 1.461E-18 1.404E-18 1.398E-18 1.467E-18 1.526E-18 1.496E-18 1.424E-18 1.419E-18 1.500E-18
 1.483E-18 1.493E-18 1.552E-18 1.560E-18 1.509E-18 1.483E-18 1.508E-18 1.498E-18 1.486E-18 1.485E-18
 1.502E-18 1.549E-18 1.568E-18 1.564E-18 1.495E-18 1.433E-18 1.453E-18 1.483E-18 1.521E-18 1.573E-18
 1.515E-18 1.516E-18 1.520E-18 1.494E-18 1.532E-18 1.561E-18 1.501E-18 1.487E-18 1.519E-18 1.530E-18
 1.590E-18 1.614E-18 1.596E-18 1.536E-18 1.517E-18 1.532E-18 1.516E-18 1.549E-18 1.575E-18 1.575E-18
 1.554E-18 1.570E-18 1.599E-18 1.585E-18 1.712E-18 1.714E-18 1.618E-18 1.627E-18 1.631E-18 1.625E-18
 1.647E-18 1.726E-18 1.585E-18 1.584E-18 1.601E-18 1.619E-18 1.656E-18 1.693E-18 1.758E-18 1.653E-18
 1.675E-18 1.662E-18 1.628E-18 1.643E-18 1.657E-18 1.679E-18 1.704E-18 1.707E-18 1.733E-18 1.733E-18
 1.722E-18 1.734E-18 1.716E-18 1.748E-18 1.768E-18 1.764E-18 1.767E-18 1.769E-18 1.792E-18 1.788E-18
 1.759E-18 1.727E-18 1.719E-18 1.738E-18 1.784E-18 1.825E-18 1.827E-18 1.822E-18 1.827E-18 1.814E-18
 1.795E-18 1.840E-18 1.876E-18 1.866E-18 1.829E-18 1.852E-18 1.916E-18 1.933E-18 1.899E-18 1.846E-18
 1.833E-18 1.810E-18 1.823E-18 1.878E-18 1.914E-18 1.899E-18 1.868E-18 1.861E-18 1.894E-18 1.917E-18
 1.947E-18 1.916E-18 1.942E-18 2.004E-18 1.965E-18 1.931E-18 1.950E-18 1.963E-18 1.972E-18 1.949E-18
 1.947E-18 2.001E-18 2.056E-18 2.053E-18 1.993E-18 1.990E-18 2.017E-18 2.042E-18 2.057E-18 2.073E-18
 2.062E-18 2.101E-18 2.067E-18 2.029E-18 2.082E-18 2.072E-18 2.042E-18 2.064E-18 2.075E-18 2.064E-18
 2.047E-18 2.116E-18 2.142E-18 2.144E-18 2.177E-18 2.137E-18 2.159E-18 2.199E-18 2.194E-18 2.227E-18
 2.205E-18 2.221E-18 2.233E-18 2.207E-18 2.211E-18 2.156E-18 2.152E-18 2.230E-18 2.237E-18 2.290E-18
 2.317E-18 2.278E-18 2.283E-18 2.279E-18 2.242E-18 2.215E-18 2.234E-18 2.317E-18 2.317E-18 2.279E-18
 2.319E-18 2.309E-18 2.336E-18 2.360E-18 2.310E-18 2.335E-18 2.377E-18 2.378E-18 2.414E-18 2.420E-18
 2.401E-18 2.378E-18 2.401E-18 2.399E-18 2.363E-18 2.389E-18 2.416E-18 2.373E-18 2.458E-18 2.454E-18
 2.430E-18 2.515E-18 2.518E-18 2.475E-18 2.474E-18 2.526E-18 2.539E-18 2.459E-18 2.474E-18 2.491E-18
 2.483E-18 2.554E-18 2.565E-18 2.537E-18 2.545E-18 2.534E-18 2.569E-18 2.604E-18 2.622E-18 2.594E-18
 2.549E-18 2.599E-18 2.675E-18 2.655E-18 2.664E-18 2.696E-18 2.661E-18 2.601E-18 2.591E-18 2.613E-18
 2.649E-18 2.657E-18 2.674E-18 2.666E-18 2.764E-18 2.870E-18 2.755E-18 2.726E-18 2.779E-18 2.751E-18
 2.738E-18 2.757E-18 2.736E-18 2.805E-18 2.840E-18 2.808E-18 2.780E-18 2.813E-18 2.850E-18 2.833E-18
 2.847E-18 2.876E-18 2.890E-18 2.904E-18 2.855E-18 2.896E-18 2.923E-18 2.885E-18 2.911E-18 2.904E-18
 2.923E-18 3.053E-18 3.051E-18 3.022E-18 2.976E-18 2.922E-18 2.944E-18 2.968E-18 3.031E-18 3.065E-18
 3.022E-18 3.095E-18 3.039E-18 3.015E-18 3.076E-18 3.016E-18 3.011E-18 3.086E-18 3.112E-18 3.211E-18
 3.214E-18 3.126E-18 3.085E-18 3.015E-18 3.064E-18 3.118E-18 3.121E-18 3.236E-18 3.275E-18 3.260E-18
 3.271E-18 3.253E-18 3.280E-18 3.227E-18 3.183E-18 3.331E-18 3.317E-18 3.269E-18 3.362E-18 3.403E-18
 3.361E-18 3.310E-18 3.252E-18 3.294E-18 3.339E-18 3.404E-18 3.412E-18 3.377E-18 3.423E-18 3.403E-18
 3.295E-18 3.294E-18 3.264E-18 3.300E-18 3.390E-18 3.375E-18 3.462E-18 3.457E-18 3.424E-18 3.466E-18
 3.463E-18 3.358E-18 3.374E-18 3.382E-18 3.439E-18 3.437E-18 3.515E-18 3.463E-18 3.437E-18 3.557E-18
 3.514E-18 3.354E-18 3.358E-18 3.401E-18 3.401E-18 3.441E-18 3.404E-18 3.435E-18 3.619E-18 3.629E-18
 3.574E-18 3.614E-18 3.612E-18 3.621E-18 3.646E-18 3.645E-18 3.618E-18 3.625E-18 3.612E-18 3.607E-18
 3.667E-18 3.632E-18 3.608E-18 3.775E-18 3.793E-18 3.720E-18 3.677E-18 3.696E-18 3.635E-18 3.577E-18
 3.595E-18 3.685E-18 3.686E-18 3.708E-18 3.786E-18 3.791E-18 3.658E-18 3.600E-18 3.682E-18 3.725E-18
 3.736E-18 3.701E-18 3.751E-18 3.768E-18 3.798E-18 3.805E-18 3.770E-18 3.777E-18 3.829E-18 3.819E-18
 3.787E-18 3.746E-18 3.790E-18 3.839E-18 3.786E-18 3.733E-18 3.766E-18 3.805E-18 3.814E-18 3.817E-18
 3.856E-18 3.901E-18 3.907E-18 3.932E-18 3.992E-18 4.052E-18 3.988E-18 3.967E-18 4.019E-18 3.985E-18
 3.957E-18 3.979E-18 3.928E-18 3.966E-18 3.909E-18 3.888E-18 3.937E-18 3.908E-18 3.929E-18 3.953E-18
 3.891E-18 3.899E-18 3.955E-18 3.986E-18 3.983E-18 4.011E-18 4.033E-18 3.969E-18 3.985E-18 4.089E-18
 4.040E-18 3.972E-18 4.043E-18 4.063E-18 4.047E-18 3.984E-18 4.011E-18 4.041E-18 4.070E-18 4.066E-18
 4.095E-18 4.015E-18 4.073E-18 4.097E-18 3.989E-18 4.085E-18 4.177E-18 4.083E-18 3.975E-18 4.010E-18
 4.007E-18 4.024E-18 3.908E-18 3.923E-18 3.959E-18 4.092E-18 4.171E-18 4.171E-18 4.165E-18 4.152E-18
 4.064E-18 4.100E-18 4.096E-18 4.083E-18 4.213E-18 4.224E-18 4.157E-18 4.131E-18 4.114E-18 4.163E-18
 4.150E-18 4.158E-18 4.224E-18 4.224E-18 4.342E-18 4.339E-18 4.261E-18 4.237E-18 4.240E-18 4.175E-18
 4.279E-18 4.352E-18 4.393E-18 4.368E-18 4.232E-18 4.134E-18 4.176E-18 4.209E-18 4.169E-18 4.150E-18
 4.234E-18 4.296E-18 4.250E-18 4.316E-18 4.289E-18 4.222E-18 4.307E-18 4.214E-18 4.084E-18 4.130E-18
 4.169E-18 4.191E-18 4.245E-18 4.248E-18 4.175E-18 4.205E-18 4.354E-18 4.379E-18 4.168E-18 4.120E-18
 4.295E-18 4.319E-18 4.313E-18 4.234E-18 4.219E-18 4.370E-18 4.309E-18 4.219E-18 4.240E-18 4.169E-18
 4.240E-18 4.347E-18 4.296E-18 4.242E-18 4.241E-18 4.214E-18 4.296E-18 4.276E-18 4.376E-18 4.449E-18
 4.295E-18 4.226E-18 4.263E-18 4.216E-18 4.330E-18 4.415E-18 4.316E-18 4.174E-18 4.179E-18 4.281E-18
 4.369E-18 4.322E-18 4.370E-18 4.444E-18 4.426E-18 4.516E-18 4.427E-18 4.407E-18 4.416E-18 4.336E-18
 4.266E-18 4.347E-18 4.241E-18 4.261E-18 4.276E-18 4.278E-18 4.313E-18 4.254E-18 4.170E-18 4.261E-18
 4.307E-18 4.270E-18 4.217E-18 4.152E-18 4.216E-18 4.246E-18 4.198E-18 4.175E-18 4.133E-18 4.126E-18
 4.166E-18 4.100E-18 4.191E-18 4.302E-18 4.287E-18 4.270E-18 4.241E-18 4.157E-18 4.141E-18 4.152E-18
 4.194E-18 4.253E-18 4.262E-18 4.378E-18 4.422E-18 4.385E-18 4.302E-18 4.312E-18 4.200E-18 4.165E-18
 4.174E-18 4.181E-18 4.135E-18 4.190E-18 4.362E-18 4.334E-18 4.123E-18 4.083E-18 4.199E-18 4.183E-18
 4.214E-18 4.213E-18 4.247E-18 4.359E-18 4.427E-18 4.237E-18 4.215E-18 4.157E-18 4.102E-18 4.139E-18
 4.187E-18 4.206E-18 4.225E-18 4.337E-18 4.181E-18 4.076E-18 3.980E-18 4.074E-18 4.088E-18 4.137E-18
 4.096E-18 4.096E-18 4.252E-18 4.271E-18 4.174E-18 4.152E-18 4.072E-18 3.965E-18 3.999E-18 3.977E-18
 4.125E-18 4.109E-18 4.072E-18 4.020E-18 3.912E-18 3.806E-18 3.834E-18 3.933E-18 3.962E-18 3.990E-18
 4.134E-18 4.127E-18 4.028E-18 4.061E-18 4.013E-18 3.971E-18 4.012E-18 4.013E-18 4.033E-18 4.150E-18
 4.113E-18 3.944E-18 4.063E-18 4.112E-18 4.089E-18 4.087E-18 4.145E-18 4.128E-18 4.102E-18 4.054E-18
 3.956E-18 3.844E-18 3.946E-18 4.036E-18 4.120E-18 4.189E-18 4.202E-18 4.114E-18 3.941E-18 3.924E-18
 3.869E-18 3.686E-18 3.664E-18 3.955E-18 4.062E-18 4.057E-18 4.181E-18 4.121E-18 3.923E-18 3.875E-18
 3.942E-18 4.012E-18 3.991E-18 3.862E-18 3.790E-18 3.810E-18 3.842E-18 3.825E-18 3.710E-18 3.580E-18
 3.581E-18 3.637E-18 3.662E-18 3.657E-18 3.596E-18 3.676E-18 3.704E-18 3.639E-18 3.626E-18 3.590E-18
 3.541E-18 3.551E-18 3.550E-18 3.542E-18 3.503E-18 3.591E-18 3.667E-18 3.702E-18 3.760E-18 3.694E-18
 3.547E-18 3.486E-18 3.352E-18 3.279E-18 3.373E-18 3.565E-18 3.742E-18 3.797E-18 3.835E-18 3.893E-18
 3.792E-18 3.656E-18 3.555E-18 3.520E-18 3.579E-18 3.737E-18 3.900E-18 4.005E-18 4.089E-18 4.052E-18
 3.933E-18 3.793E-18 3.894E-18 4.129E-18 4.321E-18 4.292E-18 3.954E-18 3.793E-18 3.731E-18 3.736E-18
 3.595E-18 3.524E-18 3.718E-18 3.938E-18 4.187E-18 4.164E-18 3.819E-18 3.738E-18 3.778E-18 3.807E-18
 3.724E-18 3.571E-18 3.615E-18 3.837E-18 4.198E-18 4.178E-18 3.788E-18 3.713E-18 3.786E-18 3.872E-18
 3.812E-18 3.577E-18 3.597E-18 3.838E-18 4.056E-18 3.904E-18 3.700E-18 3.786E-18 3.829E-18 3.823E-18
 3.715E-18 3.572E-18 3.655E-18 3.879E-18 4.120E-18 4.156E-18 4.150E-18 4.088E-18 4.078E-18 4.218E-18
 4.234E-18 4.026E-18 3.964E-18 4.197E-18 4.572E-18 4.591E-18 4.603E-18 4.714E-18 4.638E-18 4.644E-18
 4.750E-18 4.319E-18 3.769E-18 3.851E-18 4.104E-18 3.952E-18 3.956E-18 4.103E-18 4.103E-18 4.102E-18
 4.273E-18 4.038E-18 3.672E-18 3.809E-18 3.929E-18 3.773E-18 3.820E-18 4.020E-18 3.997E-18 3.997E-18
 4.231E-18 4.109E-18 3.752E-18 3.833E-18 3.825E-18 3.692E-18 3.799E-18 3.853E-18 3.733E-18 3.811E-18
 4.079E-18 4.040E-18 3.798E-18 3.882E-18 3.769E-18 3.567E-18 3.687E-18 3.782E-18 3.745E-18 3.818E-18
 4.089E-18 4.146E-18 3.845E-18 3.850E-18 3.721E-18 3.502E-18 3.622E-18 3.655E-18 3.570E-18 3.611E-18
 3.904E-18 4.116E-18 3.903E-18 3.728E-18 3.470E-18 3.323E-18 3.444E-18 3.429E-18 3.385E-18 3.561E-18
 3.926E-18 4.138E-18 3.875E-18 3.648E-18 3.404E-18 3.270E-18 3.388E-18 3.423E-18 3.422E-18 3.525E-18
 3.781E-18 3.978E-18 3.785E-18 3.473E-18 3.246E-18 3.237E-18 3.337E-18 3.356E-18 3.425E-18 3.520E-18
 3.702E-18 3.923E-18 3.799E-18 3.438E-18 3.203E-18 3.190E-18 3.232E-18 3.176E-18 3.215E-18 3.402E-18
 3.578E-18 3.767E-18 3.807E-18 3.475E-18 3.233E-18 3.247E-18 3.320E-18 3.381E-18 3.425E-18 3.519E-18
 3.653E-18 3.780E-18 3.805E-18 3.513E-18 3.255E-18 3.138E-18 3.165E-18 3.235E-18 3.297E-18 3.391E-18
 3.501E-18 3.620E-18 3.723E-18 3.419E-18 3.187E-18 3.145E-18 3.156E-18 3.143E-18 3.123E-18 3.211E-18
 3.320E-18 3.557E-18 3.671E-18 3.259E-18 2.880E-18 2.822E-18 2.943E-18 2.965E-18 2.984E-18 3.002E-18
 3.078E-18 3.326E-18 3.378E-18 3.089E-18 2.875E-18 2.761E-18 2.750E-18 2.767E-18 2.784E-18 2.852E-18
 2.925E-18 3.072E-18 3.235E-18 3.082E-18 2.730E-18 2.572E-18 2.618E-18 2.709E-18 2.717E-18 2.746E-18
 2.784E-18 2.904E-18 3.062E-18 2.995E-18 2.681E-18 2.487E-18 2.503E-18 2.627E-18 2.650E-18 2.580E-18
 2.681E-18 2.897E-18 2.816E-18 2.844E-18 2.634E-18 2.416E-18 2.359E-18 2.449E-18 2.489E-18 2.569E-18
 2.727E-18 2.754E-18 2.657E-18 2.699E-18 2.500E-18 2.254E-18 2.284E-18 2.413E-18 2.468E-18 2.516E-18
 2.593E-18 2.562E-18 2.445E-18 2.510E-18 2.444E-18 2.237E-18 2.273E-18 2.407E-18 2.368E-18 2.329E-18
 2.463E-18 2.472E-18 2.387E-18 2.405E-18 2.353E-18 2.189E-18 2.241E-18 2.304E-18 2.258E-18 2.234E-18
 2.356E-18 2.299E-18 2.205E-18 2.266E-18 2.359E-18 2.212E-18 2.168E-18 2.198E-18 2.126E-18 2.125E-18
 2.221E-18 2.195E-18 2.146E-18 2.185E-18 2.246E-18 2.181E-18 2.107E-18 2.076E-18 2.072E-18 2.110E-18
 2.162E-18 2.113E-18 2.042E-18 2.075E-18 2.135E-18 2.130E-18 2.061E-18 2.017E-18 1.989E-18 2.063E-18
 2.071E-18 1.975E-18 1.898E-18 1.958E-18 2.037E-18 2.052E-18 1.986E-18 1.925E-18 1.932E-18 1.952E-18
 1.924E-18 1.899E-18 1.886E-18 1.935E-18 2.018E-18 2.023E-18 1.921E-18 1.828E-18 1.829E-18 1.848E-18
 1.783E-18 1.768E-18 1.788E-18 1.859E-18 1.954E-18 1.960E-18 1.844E-18 1.767E-18 1.788E-18 1.821E-18
 1.804E-18 1.784E-18 1.785E-18 1.803E-18 1.835E-18 1.821E-18 1.742E-18 1.692E-18 1.700E-18 1.886E-18
 1.850E-18 1.700E-18 1.734E-18 1.755E-18 1.806E-18 1.780E-18 1.669E-18 1.684E-18 1.699E-18 1.656E-18
 1.662E-18 1.642E-18 1.751E-18 1.843E-18 1.879E-18 1.812E-18 1.701E-18 1.657E-18 1.694E-18 1.670E-18
 1.686E-18 1.686E-18 1.621E-18 1.627E-18 1.636E-18 1.602E-18 1.514E-18 1.595E-18 1.611E-18 1.566E-18
 1.552E-18 1.660E-18 1.625E-18 1.496E-18 1.521E-18 1.492E-18 1.424E-18 1.425E-18 1.497E-18 1.513E-18
 1.509E-18 1.572E-18 1.494E-18 1.483E-18 1.566E-18 1.488E-18 1.459E-18 1.468E-18 1.507E-18 1.522E-18
 1.490E-18 1.437E-18 1.431E-18 1.460E-18 1.426E-18 1.465E-18 1.427E-18 1.403E-18 1.417E-18 1.455E-18
 1.443E-18 1.402E-18 1.375E-18 1.411E-18 1.410E-18 1.368E-18 1.350E-18 1.325E-18 1.307E-18 1.344E-18
 1.370E-18 1.338E-18 1.341E-18 1.429E-18 1.431E-18 1.360E-18 1.357E-18 1.357E-18 1.338E-18 1.320E-18
 1.311E-18 1.276E-18 1.265E-18 1.312E-18 1.343E-18 1.330E-18 1.315E-18 1.281E-18 1.197E-18 1.241E-18
 1.254E-18 1.245E-18 1.321E-18 1.333E-18 1.311E-18 1.316E-18 1.281E-18 1.214E-18 1.161E-18 1.202E-18
 1.230E-18 1.204E-18 1.247E-18 1.277E-18 1.253E-18 1.180E-18 1.124E-18 1.126E-18 1.155E-18 1.174E-18
 1.175E-18 1.192E-18 1.241E-18 1.218E-18 1.160E-18 1.085E-18 1.079E-18 1.054E-18 1.026E-18 1.060E-18
 1.146E-18 1.221E-18 1.228E-18 1.158E-18 1.083E-18 1.073E-18 1.038E-18 1.052E-18 1.019E-18 1.084E-18
 1.197E-18 1.259E-18 1.183E-18 1.043E-18 1.017E-18 1.033E-18 1.019E-18 1.006E-18 9.949E-19 1.062E-18
 1.143E-18 1.124E-18 1.077E-18 1.014E-18 1.005E-18 9.744E-19 9.622E-19 9.762E-19 1.035E-18 1.065E-18
 1.100E-18 1.064E-18 1.014E-18 1.001E-18 9.486E-19 9.378E-19 9.485E-19 9.529E-19 9.788E-19 1.033E-18
 1.059E-18 1.029E-18 9.686E-19 9.324E-19 9.162E-19 9.497E-19 9.558E-19 9.309E-19 9.668E-19 9.998E-19
 9.602E-19 9.305E-19 9.293E-19 9.230E-19 9.144E-19 8.893E-19 9.187E-19 9.152E-19 9.017E-19 9.038E-19
 9.022E-19 9.024E-19 8.923E-19 8.801E-19 8.626E-19 8.515E-19 8.256E-19 8.611E-19 8.666E-19 8.270E-19
 8.370E-19 8.641E-19 8.676E-19 8.602E-19 8.233E-19 7.992E-19 8.169E-19 8.447E-19 8.124E-19 7.958E-19
 8.161E-19 8.259E-19 8.125E-19 8.120E-19 8.102E-19 8.304E-19 8.454E-19 7.974E-19 7.776E-19 7.748E-19
 7.645E-19 7.738E-19 8.359E-19 8.147E-19 7.957E-19 8.256E-19 7.946E-19 7.799E-19 7.615E-19 7.458E-19
 7.682E-19 7.682E-19 7.763E-19 7.883E-19 7.732E-19 7.420E-19 7.182E-19 6.979E-19 6.875E-19 7.079E-19
 7.299E-19 7.410E-19 7.710E-19 7.702E-19 7.387E-19 7.020E-19 6.825E-19 6.672E-19 6.888E-19 6.958E-19
 6.913E-19 7.460E-19 7.592E-19 7.103E-19 6.706E-19 6.492E-19 6.485E-19 6.532E-19 6.520E-19 6.765E-19
 7.158E-19 7.479E-19 7.064E-19 6.658E-19 6.707E-19 6.962E-19 6.794E-19 6.525E-19 6.825E-19 6.970E-19
 6.865E-19 6.624E-19 6.446E-19 6.196E-19 6.143E-19 6.346E-19 6.215E-19 6.223E-19 6.512E-19 6.667E-19
 6.435E-19 6.169E-19 5.862E-19 5.728E-19 5.888E-19 6.198E-19 6.124E-19 6.165E-19 6.096E-19 6.025E-19
 5.971E-19 6.010E-19 6.044E-19 5.920E-19 6.055E-19 6.138E-19 5.923E-19 5.693E-19 6.048E-19 6.108E-19
 5.833E-19 5.709E-19 5.553E-19 5.399E-19 5.655E-19 5.743E-19 5.351E-19 5.418E-19 5.852E-19 5.700E-19
 5.398E-19 5.405E-19 5.343E-19 5.478E-19 5.496E-19 5.201E-19 5.324E-19 5.304E-19 5.234E-19 5.093E-19
 4.990E-19 5.181E-19 5.306E-19 5.102E-19 5.197E-19 5.168E-19 4.991E-19 4.997E-19 5.044E-19 5.045E-19
 5.070E-19 4.941E-19 4.835E-19 4.838E-19 4.713E-19 4.698E-19 4.874E-19 5.015E-19 5.210E-19 5.088E-19
 4.688E-19 4.607E-19 4.623E-19 4.653E-19 4.782E-19 4.688E-19 4.712E-19 4.848E-19 4.651E-19 4.677E-19
 4.523E-19 4.392E-19 4.359E-19 4.481E-19 4.623E-19 4.817E-19 4.630E-19 4.338E-19 4.243E-19 4.082E-19
 4.045E-19 4.376E-19 4.693E-19 4.740E-19 4.458E-19 4.125E-19 4.034E-19 4.026E-19 4.128E-19 4.185E-19
 4.140E-19 4.342E-19 4.452E-19 4.049E-19 3.791E-19 3.832E-19 4.048E-19 4.219E-19 4.096E-19 4.098E-19
 4.290E-19 4.096E-19 3.784E-19 3.710E-19 3.669E-19 3.793E-19 3.945E-19 4.057E-19 4.065E-19 3.982E-19
 4.014E-19 3.802E-19 3.666E-19 3.742E-19 3.639E-19 3.630E-19 3.753E-19 3.693E-19 3.656E-19 3.716E-19
 3.688E-19 3.673E-19 3.625E-19 3.614E-19 3.635E-19 3.529E-19 3.546E-19 3.686E-19 3.705E-19 3.685E-19
 3.561E-19 3.519E-19 3.580E-19 3.559E-19 3.487E-19 3.426E-19 3.532E-19 3.664E-19 3.641E-19 3.571E-19
 3.566E-19 3.296E-19 3.079E-19 3.100E-19 3.314E-19 3.441E-19 3.333E-19 3.338E-19 3.630E-19 3.458E-19
 2.879E-19 2.777E-19 2.925E-19 0.000E+00 0.000E+00 0.000E+00 0.000E+00 0.000E+00 0.000E+00 0.000E+00
