     CCl3F  830.0010  859.9960      2023  273.0000    0.0000 5.410E-18  NCAR    CFC-11              
 2.827E-19 2.957E-19 2.949E-19 2.835E-19 2.740E-19 2.643E-19 2.704E-19 2.857E-19 2.900E-19 3.027E-19
 3.033E-19 2.853E-19 2.830E-19 2.775E-19 2.708E-19 2.716E-19 2.803E-19 2.867E-19 2.952E-19 2.949E-19
 3.038E-19 3.148E-19 3.051E-19 2.790E-19 2.679E-19 2.846E-19 3.052E-19 3.117E-19 3.039E-19 3.096E-19
 3.152E-19 2.853E-19 2.680E-19 2.757E-19 2.810E-19 3.090E-19 3.397E-19 3.370E-19 3.310E-19 3.183E-19
 2.930E-19 2.951E-19 3.097E-19 3.015E-19 2.909E-19 2.990E-19 3.166E-19 3.255E-19 3.119E-19 2.982E-19
 2.885E-19 2.835E-19 2.883E-19 3.171E-19 3.315E-19 3.258E-19 3.206E-19 3.117E-19 3.125E-19 3.122E-19
 3.060E-19 3.154E-19 3.425E-19 3.495E-19 3.397E-19 3.329E-19 3.401E-19 3.373E-19 3.220E-19 3.146E-19
 3.105E-19 3.137E-19 3.256E-19 3.428E-19 3.419E-19 3.366E-19 3.384E-19 3.291E-19 3.144E-19 3.179E-19
 3.304E-19 3.302E-19 3.449E-19 3.605E-19 3.587E-19 3.474E-19 3.464E-19 3.452E-19 3.452E-19 3.598E-19
 3.767E-19 3.672E-19 3.671E-19 3.696E-19 3.500E-19 3.501E-19 3.514E-19 3.465E-19 3.578E-19 3.781E-19
 3.899E-19 4.020E-19 3.987E-19 4.003E-19 3.916E-19 3.618E-19 3.446E-19 3.515E-19 3.635E-19 3.759E-19
 3.806E-19 3.878E-19 3.969E-19 3.887E-19 3.808E-19 3.809E-19 3.922E-19 3.860E-19 3.811E-19 3.917E-19
 4.080E-19 4.146E-19 4.140E-19 4.021E-19 3.733E-19 3.592E-19 3.713E-19 4.021E-19 4.238E-19 4.259E-19
 4.230E-19 4.195E-19 4.142E-19 4.182E-19 4.152E-19 4.114E-19 3.968E-19 4.039E-19 4.134E-19 4.098E-19
 4.115E-19 4.051E-19 3.912E-19 3.910E-19 4.001E-19 4.102E-19 4.315E-19 4.507E-19 4.311E-19 4.098E-19
 4.059E-19 3.993E-19 3.946E-19 4.045E-19 4.190E-19 4.276E-19 4.287E-19 4.444E-19 4.503E-19 4.358E-19
 4.131E-19 3.971E-19 4.182E-19 4.307E-19 4.274E-19 4.444E-19 4.526E-19 4.459E-19 4.491E-19 4.453E-19
 4.298E-19 4.213E-19 4.378E-19 4.439E-19 4.500E-19 4.541E-19 4.619E-19 4.622E-19 4.599E-19 4.382E-19
 4.321E-19 4.392E-19 4.530E-19 4.462E-19 4.298E-19 4.496E-19 4.743E-19 4.705E-19 4.592E-19 4.619E-19
 4.644E-19 4.604E-19 4.736E-19 4.904E-19 5.036E-19 5.150E-19 4.963E-19 4.902E-19 4.819E-19 4.775E-19
 4.788E-19 4.820E-19 4.952E-19 5.098E-19 5.001E-19 4.902E-19 5.081E-19 5.077E-19 4.888E-19 5.089E-19
 5.560E-19 5.660E-19 5.398E-19 5.338E-19 5.354E-19 5.163E-19 5.103E-19 5.115E-19 5.229E-19 5.441E-19
 5.494E-19 5.429E-19 5.402E-19 5.514E-19 5.424E-19 5.142E-19 5.027E-19 5.000E-19 5.134E-19 5.335E-19
 5.505E-19 5.463E-19 5.480E-19 5.561E-19 5.456E-19 5.517E-19 5.583E-19 5.615E-19 5.913E-19 5.816E-19
 5.548E-19 5.553E-19 5.550E-19 5.448E-19 5.389E-19 5.445E-19 5.505E-19 5.660E-19 5.878E-19 6.006E-19
 5.881E-19 5.690E-19 5.657E-19 5.658E-19 5.415E-19 5.497E-19 5.883E-19 5.879E-19 5.786E-19 5.892E-19
 5.978E-19 5.765E-19 5.649E-19 5.858E-19 6.046E-19 5.971E-19 5.852E-19 5.997E-19 5.986E-19 5.832E-19
 5.857E-19 5.922E-19 5.909E-19 5.884E-19 5.960E-19 6.191E-19 6.320E-19 6.310E-19 6.359E-19 6.316E-19
 6.288E-19 6.088E-19 5.997E-19 6.081E-19 6.137E-19 6.412E-19 6.618E-19 6.673E-19 6.540E-19 6.396E-19
 6.461E-19 6.547E-19 6.645E-19 6.722E-19 6.548E-19 6.646E-19 6.716E-19 6.668E-19 6.671E-19 6.707E-19
 6.517E-19 6.525E-19 6.878E-19 7.107E-19 6.949E-19 6.707E-19 6.578E-19 6.608E-19 6.662E-19 6.638E-19
 6.719E-19 6.907E-19 7.000E-19 6.821E-19 6.733E-19 6.775E-19 6.834E-19 6.852E-19 6.872E-19 6.644E-19
 6.588E-19 6.948E-19 7.178E-19 7.134E-19 6.962E-19 6.978E-19 7.264E-19 7.023E-19 6.825E-19 7.086E-19
 7.245E-19 7.234E-19 7.241E-19 7.172E-19 6.944E-19 6.987E-19 7.118E-19 7.200E-19 7.350E-19 7.417E-19
 7.504E-19 7.530E-19 7.629E-19 7.586E-19 7.536E-19 7.696E-19 7.615E-19 7.402E-19 7.583E-19 7.822E-19
 7.612E-19 7.603E-19 7.739E-19 7.736E-19 7.706E-19 7.525E-19 7.441E-19 7.946E-19 8.412E-19 8.330E-19
 8.174E-19 7.997E-19 7.826E-19 7.663E-19 7.570E-19 7.570E-19 7.751E-19 7.989E-19 8.189E-19 8.304E-19
 8.323E-19 8.213E-19 8.053E-19 7.912E-19 7.782E-19 7.745E-19 7.893E-19 8.061E-19 8.189E-19 8.268E-19
 8.219E-19 8.099E-19 8.138E-19 8.128E-19 8.006E-19 8.199E-19 8.251E-19 8.108E-19 8.235E-19 8.394E-19
 8.086E-19 7.771E-19 7.900E-19 8.375E-19 8.592E-19 8.734E-19 8.689E-19 8.516E-19 8.811E-19 8.890E-19
 8.706E-19 8.847E-19 9.014E-19 8.891E-19 8.608E-19 8.693E-19 8.972E-19 8.896E-19 8.913E-19 8.955E-19
 8.784E-19 8.830E-19 9.144E-19 9.018E-19 8.987E-19 9.291E-19 9.154E-19 8.872E-19 8.865E-19 8.644E-19
 8.633E-19 8.875E-19 9.084E-19 9.140E-19 9.313E-19 9.654E-19 9.561E-19 8.998E-19 9.050E-19 9.465E-19
 9.480E-19 9.348E-19 9.542E-19 9.874E-19 9.848E-19 9.619E-19 9.632E-19 9.923E-19 9.955E-19 9.964E-19
 9.969E-19 1.010E-18 1.024E-18 1.005E-18 9.673E-19 9.889E-19 1.012E-18 1.001E-18 1.030E-18 1.037E-18
 1.057E-18 1.104E-18 1.115E-18 1.104E-18 1.076E-18 1.070E-18 1.073E-18 1.079E-18 1.057E-18 1.052E-18
 1.038E-18 9.856E-19 9.705E-19 9.810E-19 9.993E-19 1.035E-18 1.035E-18 1.043E-18 1.064E-18 1.037E-18
 9.825E-19 1.012E-18 1.038E-18 1.019E-18 1.014E-18 1.019E-18 1.008E-18 9.953E-19 1.048E-18 1.111E-18
 1.100E-18 1.073E-18 1.055E-18 1.021E-18 1.002E-18 9.986E-19 1.016E-18 1.016E-18 1.045E-18 1.085E-18
 1.064E-18 1.052E-18 1.062E-18 1.095E-18 1.125E-18 1.129E-18 1.109E-18 1.094E-18 1.126E-18 1.145E-18
 1.090E-18 1.051E-18 1.072E-18 1.081E-18 1.070E-18 1.055E-18 1.085E-18 1.113E-18 1.141E-18 1.160E-18
 1.160E-18 1.123E-18 1.112E-18 1.141E-18 1.177E-18 1.173E-18 1.155E-18 1.147E-18 1.139E-18 1.151E-18
 1.144E-18 1.182E-18 1.213E-18 1.220E-18 1.249E-18 1.212E-18 1.164E-18 1.193E-18 1.170E-18 1.151E-18
 1.181E-18 1.203E-18 1.183E-18 1.166E-18 1.195E-18 1.236E-18 1.263E-18 1.254E-18 1.268E-18 1.264E-18
 1.223E-18 1.226E-18 1.264E-18 1.247E-18 1.228E-18 1.217E-18 1.220E-18 1.211E-18 1.220E-18 1.289E-18
 1.347E-18 1.322E-18 1.300E-18 1.287E-18 1.289E-18 1.294E-18 1.262E-18 1.220E-18 1.249E-18 1.308E-18
 1.322E-18 1.309E-18 1.287E-18 1.343E-18 1.313E-18 1.317E-18 1.313E-18 1.324E-18 1.318E-18 1.318E-18
 1.345E-18 1.339E-18 1.339E-18 1.382E-18 1.364E-18 1.334E-18 1.314E-18 1.345E-18 1.402E-18 1.393E-18
 1.350E-18 1.370E-18 1.376E-18 1.381E-18 1.411E-18 1.397E-18 1.331E-18 1.359E-18 1.393E-18 1.426E-18
 1.445E-18 1.419E-18 1.395E-18 1.413E-18 1.443E-18 1.430E-18 1.386E-18 1.424E-18 1.460E-18 1.426E-18
 1.384E-18 1.397E-18 1.420E-18 1.446E-18 1.510E-18 1.489E-18 1.448E-18 1.463E-18 1.470E-18 1.522E-18
 1.501E-18 1.480E-18 1.447E-18 1.496E-18 1.469E-18 1.489E-18 1.486E-18 1.473E-18 1.475E-18 1.482E-18
 1.511E-18 1.493E-18 1.538E-18 1.452E-18 1.477E-18 1.490E-18 1.526E-18 1.618E-18 1.627E-18 1.592E-18
 1.600E-18 1.579E-18 1.558E-18 1.587E-18 1.604E-18 1.617E-18 1.622E-18 1.611E-18 1.698E-18 1.730E-18
 1.689E-18 1.532E-18 1.544E-18 1.573E-18 1.616E-18 1.653E-18 1.644E-18 1.611E-18 1.624E-18 1.657E-18
 1.632E-18 1.626E-18 1.646E-18 1.647E-18 1.626E-18 1.620E-18 1.661E-18 1.734E-18 1.732E-18 1.654E-18
 1.639E-18 1.675E-18 1.826E-18 1.785E-18 1.765E-18 1.791E-18 1.751E-18 1.669E-18 1.677E-18 1.699E-18
 1.750E-18 1.729E-18 1.713E-18 1.730E-18 1.716E-18 1.724E-18 1.767E-18 1.841E-18 1.861E-18 1.779E-18
 1.749E-18 1.810E-18 1.880E-18 1.879E-18 1.818E-18 1.799E-18 1.811E-18 1.838E-18 1.872E-18 1.890E-18
 1.891E-18 1.944E-18 1.874E-18 1.846E-18 1.907E-18 1.875E-18 1.842E-18 1.843E-18 1.852E-18 1.901E-18
 1.907E-18 1.953E-18 1.947E-18 1.939E-18 1.986E-18 1.933E-18 1.940E-18 1.981E-18 1.969E-18 2.040E-18
 2.052E-18 2.016E-18 1.988E-18 1.959E-18 2.014E-18 1.966E-18 1.963E-18 2.062E-18 2.001E-18 1.993E-18
 2.026E-18 2.009E-18 2.061E-18 2.070E-18 2.063E-18 2.057E-18 2.084E-18 2.136E-18 2.120E-18 2.150E-18
 2.207E-18 2.205E-18 2.203E-18 2.187E-18 2.171E-18 2.209E-18 2.214E-18 2.227E-18 2.231E-18 2.227E-18
 2.212E-18 2.205E-18 2.230E-18 2.247E-18 2.216E-18 2.212E-18 2.248E-18 2.219E-18 2.230E-18 2.218E-18
 2.239E-18 2.288E-18 2.268E-18 2.264E-18 2.302E-18 2.303E-18 2.339E-18 2.338E-18 2.382E-18 2.316E-18
 2.290E-18 2.347E-18 2.350E-18 2.387E-18 2.427E-18 2.384E-18 2.378E-18 2.343E-18 2.323E-18 2.382E-18
 2.415E-18 2.446E-18 2.470E-18 2.432E-18 2.480E-18 2.502E-18 2.459E-18 2.440E-18 2.460E-18 2.561E-18
 2.584E-18 2.511E-18 2.521E-18 2.505E-18 2.513E-18 2.535E-18 2.517E-18 2.559E-18 2.579E-18 2.520E-18
 2.519E-18 2.563E-18 2.648E-18 2.694E-18 2.696E-18 2.718E-18 2.643E-18 2.660E-18 2.661E-18 2.607E-18
 2.617E-18 2.701E-18 2.715E-18 2.732E-18 2.682E-18 2.731E-18 2.756E-18 2.687E-18 2.677E-18 2.825E-18
 2.838E-18 2.785E-18 2.785E-18 2.772E-18 2.831E-18 2.822E-18 2.811E-18 2.833E-18 2.996E-18 3.056E-18
 3.018E-18 2.918E-18 2.843E-18 2.865E-18 2.935E-18 2.908E-18 2.883E-18 3.023E-18 2.925E-18 2.944E-18
 2.995E-18 2.974E-18 2.973E-18 2.951E-18 2.982E-18 3.076E-18 3.063E-18 3.134E-18 3.132E-18 3.082E-18
 3.152E-18 3.159E-18 3.139E-18 3.142E-18 3.124E-18 3.201E-18 3.133E-18 3.097E-18 3.186E-18 3.183E-18
 3.228E-18 3.208E-18 3.137E-18 3.169E-18 3.198E-18 3.250E-18 3.354E-18 3.362E-18 3.369E-18 3.293E-18
 3.181E-18 3.155E-18 3.138E-18 3.185E-18 3.179E-18 3.177E-18 3.330E-18 3.361E-18 3.331E-18 3.364E-18
 3.323E-18 3.266E-18 3.348E-18 3.350E-18 3.385E-18 3.440E-18 3.503E-18 3.437E-18 3.381E-18 3.409E-18
 3.387E-18 3.357E-18 3.457E-18 3.467E-18 3.454E-18 3.480E-18 3.508E-18 3.536E-18 3.507E-18 3.480E-18
 3.521E-18 3.569E-18 3.576E-18 3.534E-18 3.548E-18 3.625E-18 3.532E-18 3.555E-18 3.548E-18 3.567E-18
 3.562E-18 3.518E-18 3.520E-18 3.655E-18 3.677E-18 3.631E-18 3.670E-18 3.632E-18 3.616E-18 3.653E-18
 3.706E-18 3.807E-18 3.774E-18 3.732E-18 3.782E-18 3.784E-18 3.790E-18 3.805E-18 3.788E-18 3.785E-18
 3.773E-18 3.808E-18 3.814E-18 3.709E-18 3.752E-18 3.777E-18 3.747E-18 3.779E-18 3.914E-18 3.873E-18
 3.843E-18 3.821E-18 3.884E-18 3.874E-18 3.782E-18 3.806E-18 3.851E-18 3.849E-18 3.818E-18 3.815E-18
 3.827E-18 3.824E-18 3.848E-18 3.879E-18 3.941E-18 3.983E-18 4.016E-18 4.059E-18 4.020E-18 4.040E-18
 4.004E-18 4.085E-18 4.084E-18 4.017E-18 4.026E-18 4.048E-18 4.017E-18 3.992E-18 3.955E-18 3.933E-18
 3.928E-18 3.936E-18 3.942E-18 3.948E-18 3.974E-18 4.086E-18 4.159E-18 4.146E-18 4.189E-18 4.164E-18
 4.121E-18 4.082E-18 4.169E-18 4.187E-18 4.242E-18 4.270E-18 4.263E-18 4.172E-18 4.173E-18 4.224E-18
 4.253E-18 4.218E-18 4.212E-18 4.202E-18 4.183E-18 4.264E-18 4.315E-18 4.314E-18 4.244E-18 4.226E-18
 4.176E-18 4.251E-18 4.239E-18 4.267E-18 4.205E-18 4.218E-18 4.197E-18 4.248E-18 4.249E-18 4.191E-18
 4.127E-18 4.350E-18 4.483E-18 4.433E-18 4.444E-18 4.419E-18 4.383E-18 4.365E-18 4.364E-18 4.353E-18
 4.282E-18 4.293E-18 4.405E-18 4.377E-18 4.453E-18 4.362E-18 4.324E-18 4.398E-18 4.336E-18 4.274E-18
 4.475E-18 4.417E-18 4.346E-18 4.432E-18 4.389E-18 4.316E-18 4.426E-18 4.442E-18 4.384E-18 4.481E-18
 4.571E-18 4.498E-18 4.383E-18 4.447E-18 4.351E-18 4.297E-18 4.540E-18 4.577E-18 4.421E-18 4.476E-18
 4.409E-18 4.335E-18 4.482E-18 4.542E-18 4.449E-18 4.408E-18 4.583E-18 4.629E-18 4.402E-18 4.384E-18
 4.468E-18 4.398E-18 4.451E-18 4.468E-18 4.394E-18 4.487E-18 4.534E-18 4.415E-18 4.499E-18 4.554E-18
 4.541E-18 4.510E-18 4.428E-18 4.463E-18 4.465E-18 4.482E-18 4.652E-18 4.584E-18 4.469E-18 4.468E-18
 4.440E-18 4.528E-18 4.604E-18 4.469E-18 4.576E-18 4.690E-18 4.710E-18 4.650E-18 4.418E-18 4.430E-18
 4.703E-18 4.794E-18 4.808E-18 4.817E-18 4.778E-18 4.837E-18 4.726E-18 4.730E-18 4.752E-18 4.681E-18
 4.677E-18 4.715E-18 4.529E-18 4.543E-18 4.564E-18 4.574E-18 4.671E-18 4.637E-18 4.509E-18 4.613E-18
 4.589E-18 4.529E-18 4.585E-18 4.537E-18 4.628E-18 4.712E-18 4.631E-18 4.469E-18 4.388E-18 4.323E-18
 4.437E-18 4.453E-18 4.568E-18 4.691E-18 4.686E-18 4.601E-18 4.459E-18 4.413E-18 4.471E-18 4.457E-18
 4.553E-18 4.642E-18 4.597E-18 4.671E-18 4.599E-18 4.566E-18 4.528E-18 4.422E-18 4.281E-18 4.376E-18
 4.445E-18 4.551E-18 4.648E-18 4.784E-18 4.812E-18 4.638E-18 4.504E-18 4.452E-18 4.547E-18 4.501E-18
 4.593E-18 4.670E-18 4.620E-18 4.532E-18 4.589E-18 4.449E-18 4.452E-18 4.427E-18 4.416E-18 4.528E-18
 4.534E-18 4.512E-18 4.448E-18 4.600E-18 4.427E-18 4.280E-18 4.234E-18 4.324E-18 4.422E-18 4.499E-18
 4.407E-18 4.435E-18 4.547E-18 4.557E-18 4.478E-18 4.479E-18 4.538E-18 4.441E-18 4.445E-18 4.336E-18
 4.380E-18 4.401E-18 4.383E-18 4.330E-18 4.260E-18 4.105E-18 4.094E-18 4.247E-18 4.308E-18 4.210E-18
 4.282E-18 4.348E-18 4.245E-18 4.248E-18 4.243E-18 4.298E-18 4.332E-18 4.361E-18 4.392E-18 4.495E-18
 4.499E-18 4.382E-18 4.448E-18 4.433E-18 4.408E-18 4.371E-18 4.420E-18 4.522E-18 4.558E-18 4.416E-18
 4.318E-18 4.322E-18 4.382E-18 4.385E-18 4.474E-18 4.564E-18 4.593E-18 4.605E-18 4.262E-18 4.110E-18
 4.105E-18 4.013E-18 3.994E-18 4.207E-18 4.301E-18 4.319E-18 4.384E-18 4.429E-18 4.284E-18 4.155E-18
 4.198E-18 4.337E-18 4.350E-18 4.160E-18 4.145E-18 4.204E-18 4.249E-18 4.218E-18 4.020E-18 3.873E-18
 3.956E-18 4.039E-18 4.043E-18 3.918E-18 3.780E-18 3.893E-18 4.032E-18 4.008E-18 3.847E-18 3.770E-18
 3.890E-18 3.976E-18 3.907E-18 3.846E-18 3.836E-18 3.954E-18 4.073E-18 4.084E-18 4.068E-18 3.963E-18
 3.854E-18 3.846E-18 3.700E-18 3.567E-18 3.657E-18 3.821E-18 3.954E-18 4.016E-18 4.127E-18 4.215E-18
 4.133E-18 3.896E-18 3.728E-18 3.822E-18 4.009E-18 4.170E-18 4.352E-18 4.394E-18 4.420E-18 4.463E-18
 4.398E-18 4.247E-18 4.289E-18 4.519E-18 4.885E-18 4.922E-18 4.399E-18 4.186E-18 4.166E-18 4.102E-18
 3.939E-18 3.809E-18 4.010E-18 4.269E-18 4.563E-18 4.488E-18 4.102E-18 4.053E-18 4.014E-18 4.011E-18
 3.943E-18 3.789E-18 3.878E-18 4.130E-18 4.553E-18 4.508E-18 4.022E-18 4.009E-18 4.179E-18 4.261E-18
 4.084E-18 3.859E-18 3.961E-18 4.237E-18 4.505E-18 4.277E-18 3.989E-18 4.143E-18 4.092E-18 4.020E-18
 3.946E-18 3.834E-18 3.877E-18 4.264E-18 4.724E-18 4.576E-18 4.386E-18 4.437E-18 4.505E-18 4.549E-18
 4.477E-18 4.422E-18 4.569E-18 4.838E-18 5.170E-18 5.222E-18 5.285E-18 5.245E-18 4.975E-18 5.064E-18
 5.410E-18 4.845E-18 4.101E-18 4.170E-18 4.430E-18 4.293E-18 4.318E-18 4.510E-18 4.545E-18 4.593E-18
 4.889E-18 4.582E-18 4.015E-18 4.180E-18 4.330E-18 4.076E-18 4.156E-18 4.397E-18 4.374E-18 4.426E-18
 4.853E-18 4.732E-18 4.147E-18 4.178E-18 4.184E-18 3.955E-18 4.015E-18 4.216E-18 4.263E-18 4.394E-18
 4.706E-18 4.635E-18 4.186E-18 4.226E-18 4.126E-18 3.933E-18 4.105E-18 4.213E-18 4.255E-18 4.423E-18
 4.772E-18 4.765E-18 4.333E-18 4.298E-18 4.072E-18 3.697E-18 3.815E-18 3.936E-18 3.870E-18 3.953E-18
 4.409E-18 4.631E-18 4.236E-18 4.079E-18 3.771E-18 3.560E-18 3.758E-18 3.826E-18 3.845E-18 4.037E-18
 4.458E-18 4.735E-18 4.437E-18 4.104E-18 3.764E-18 3.624E-18 3.704E-18 3.652E-18 3.689E-18 3.920E-18
 4.294E-18 4.470E-18 4.188E-18 3.851E-18 3.586E-18 3.520E-18 3.635E-18 3.660E-18 3.686E-18 3.781E-18
 4.085E-18 4.381E-18 4.220E-18 3.763E-18 3.415E-18 3.355E-18 3.492E-18 3.504E-18 3.559E-18 3.779E-18
 4.027E-18 4.391E-18 4.388E-18 3.811E-18 3.396E-18 3.412E-18 3.558E-18 3.566E-18 3.628E-18 3.746E-18
 3.895E-18 4.257E-18 4.365E-18 3.881E-18 3.572E-18 3.546E-18 3.463E-18 3.478E-18 3.562E-18 3.558E-18
 3.692E-18 4.026E-18 4.169E-18 3.660E-18 3.367E-18 3.245E-18 3.244E-18 3.373E-18 3.482E-18 3.541E-18
 3.591E-18 3.931E-18 4.188E-18 3.623E-18 3.183E-18 3.158E-18 3.105E-18 3.131E-18 3.194E-18 3.273E-18
 3.393E-18 3.706E-18 3.852E-18 3.483E-18 3.155E-18 2.947E-18 2.967E-18 2.964E-18 3.153E-18 3.183E-18
 3.206E-18 3.329E-18 3.549E-18 3.482E-18 3.080E-18 2.747E-18 2.756E-18 2.820E-18 3.003E-18 3.031E-18
 3.155E-18 3.288E-18 3.411E-18 3.322E-18 2.774E-18 2.572E-18 2.590E-18 2.747E-18 2.841E-18 2.821E-18
 2.957E-18 3.215E-18 3.162E-18 3.145E-18 2.753E-18 2.480E-18 2.450E-18 2.568E-18 2.632E-18 2.705E-18
 3.082E-18 3.097E-18 2.801E-18 2.849E-18 2.649E-18 2.398E-18 2.400E-18 2.564E-18 2.626E-18 2.614E-18
 2.707E-18 2.714E-18 2.612E-18 2.741E-18 2.671E-18 2.332E-18 2.355E-18 2.519E-18 2.490E-18 2.436E-18
 2.588E-18 2.575E-18 2.443E-18 2.512E-18 2.580E-18 2.390E-18 2.374E-18 2.461E-18 2.406E-18 2.361E-18
 2.444E-18 2.361E-18 2.270E-18 2.357E-18 2.520E-18 2.314E-18 2.207E-18 2.248E-18 2.234E-18 2.293E-18
 2.405E-18 2.339E-18 2.256E-18 2.313E-18 2.364E-18 2.274E-18 2.171E-18 2.102E-18 2.111E-18 2.227E-18
 2.304E-18 2.225E-18 2.135E-18 2.157E-18 2.240E-18 2.234E-18 2.095E-18 2.048E-18 2.082E-18 2.152E-18
 2.118E-18 2.043E-18 2.013E-18 2.084E-18 2.228E-18 2.293E-18 2.123E-18 1.965E-18 1.968E-18 2.037E-18
 1.971E-18 1.911E-18 1.926E-18 2.017E-18 2.166E-18 2.202E-18 2.083E-18 1.922E-18 1.894E-18 1.935E-18
 1.880E-18 1.892E-18 1.935E-18 1.987E-18 2.063E-18 2.070E-18 1.920E-18 1.825E-18 1.853E-18 1.827E-18
 1.762E-18 1.816E-18 1.874E-18 1.874E-18 1.930E-18 1.956E-18 1.853E-18 1.802E-18 1.778E-18 1.775E-18
 1.786E-18 1.786E-18 1.805E-18 1.816E-18 1.876E-18 1.864E-18 1.775E-18 1.758E-18 1.727E-18 1.790E-18
 1.691E-18 1.685E-18 1.662E-18 1.725E-18 1.815E-18 1.920E-18 1.643E-18 1.610E-18 1.650E-18 1.618E-18
 1.619E-18 1.633E-18 1.784E-18 1.680E-18 1.718E-18 1.691E-18 1.680E-18 1.640E-18 1.606E-18 1.594E-18
 1.631E-18 1.721E-18 1.693E-18 1.557E-18 1.603E-18 1.593E-18 1.506E-18 1.469E-18 1.545E-18 1.515E-18
 1.522E-18 1.611E-18 1.565E-18 1.553E-18 1.579E-18 1.563E-18 1.464E-18 1.504E-18 1.522E-18 1.565E-18
 1.568E-18 1.489E-18 1.404E-18 1.443E-18 1.544E-18 1.579E-18 1.482E-18 1.445E-18 1.444E-18 1.444E-18
 1.410E-18 1.409E-18 1.471E-18 1.546E-18 1.531E-18 1.462E-18 1.368E-18 1.276E-18 1.364E-18 1.443E-18
 1.411E-18 1.368E-18 1.361E-18 1.389E-18 1.416E-18 1.311E-18 1.304E-18 1.335E-18 1.349E-18 1.366E-18
 1.347E-18 1.343E-18 1.389E-18 1.392E-18 1.368E-18 1.359E-18 1.349E-18 1.333E-18 1.248E-18 1.263E-18
 1.265E-18 1.247E-18 1.286E-18 1.321E-18 1.310E-18 1.270E-18 1.229E-18 1.217E-18 1.197E-18 1.205E-18
 1.210E-18 1.181E-18 1.181E-18 1.260E-18 1.322E-18 1.251E-18 1.140E-18 1.100E-18 1.104E-18 1.118E-18
 1.207E-18 1.272E-18 1.342E-18 1.320E-18 1.170E-18 1.096E-18 1.126E-18 1.078E-18 1.048E-18 1.083E-18
 1.175E-18 1.249E-18 1.241E-18 1.130E-18 1.067E-18 1.084E-18 1.048E-18 1.018E-18 1.015E-18 1.103E-18
 1.196E-18 1.266E-18 1.211E-18 1.084E-18 1.054E-18 1.026E-18 1.008E-18 9.901E-19 9.568E-19 1.039E-18
 1.137E-18 1.120E-18 1.068E-18 1.038E-18 1.017E-18 9.705E-19 9.536E-19 9.121E-19 9.541E-19 1.055E-18
 1.141E-18 1.116E-18 1.054E-18 1.010E-18 9.347E-19 9.222E-19 9.624E-19 1.007E-18 1.021E-18 9.989E-19
 1.015E-18 1.011E-18 9.204E-19 9.006E-19 8.919E-19 9.114E-19 9.325E-19 9.344E-19 9.481E-19 9.937E-19
 9.902E-19 9.324E-19 9.209E-19 9.077E-19 8.864E-19 8.763E-19 9.058E-19 9.073E-19 9.158E-19 9.027E-19
 8.624E-19 8.700E-19 8.673E-19 8.683E-19 8.567E-19 8.555E-19 8.577E-19 8.675E-19 8.263E-19 7.957E-19
 8.424E-19 8.494E-19 8.453E-19 8.687E-19 8.386E-19 7.976E-19 8.094E-19 8.509E-19 8.293E-19 8.052E-19
 8.284E-19 8.295E-19 8.354E-19 8.465E-19 8.192E-19 8.083E-19 8.125E-19 7.869E-19 7.730E-19 7.615E-19
 7.622E-19 7.561E-19 7.822E-19 7.682E-19 7.558E-19 7.752E-19 7.285E-19 7.131E-19 7.160E-19 7.279E-19
 7.564E-19 7.609E-19 7.615E-19 7.942E-19 7.973E-19 7.531E-19 7.127E-19 7.031E-19 7.055E-19 7.139E-19
 7.334E-19 7.380E-19 7.688E-19 7.892E-19 7.157E-19 6.488E-19 6.474E-19 6.227E-19 6.397E-19 6.875E-19
 7.310E-19 7.625E-19 7.412E-19 6.800E-19 6.499E-19 6.189E-19 6.296E-19 6.451E-19 6.352E-19 6.705E-19
 7.217E-19 7.250E-19 6.672E-19 6.307E-19 6.315E-19 6.640E-19 6.420E-19 6.129E-19 6.614E-19 7.115E-19
 6.976E-19 6.558E-19 6.326E-19 5.897E-19 5.821E-19 6.105E-19 5.974E-19 6.078E-19 6.674E-19 6.869E-19
 6.380E-19 6.175E-19 5.878E-19 5.567E-19 5.534E-19 5.821E-19 5.855E-19 5.998E-19 6.051E-19 6.046E-19
 5.899E-19 5.693E-19 5.489E-19 5.355E-19 5.599E-19 5.896E-19 5.836E-19 5.517E-19 5.629E-19 5.688E-19
 5.564E-19 5.495E-19 5.318E-19 5.358E-19 5.723E-19 5.630E-19 5.268E-19 5.379E-19 5.698E-19 5.526E-19
 5.147E-19 5.177E-19 5.274E-19 5.316E-19 5.297E-19 4.986E-19 5.174E-19 5.296E-19 5.290E-19 5.134E-19
 4.900E-19 4.985E-19 5.101E-19 4.927E-19 4.974E-19 4.848E-19 4.761E-19 4.995E-19 5.008E-19 4.878E-19
 4.805E-19 4.536E-19 4.503E-19 4.701E-19 4.663E-19 4.799E-19 4.958E-19 4.815E-19 4.847E-19 4.839E-19
 4.401E-19 4.270E-19 4.408E-19 4.554E-19 4.599E-19 4.476E-19 4.566E-19 4.644E-19 4.223E-19 4.239E-19
 4.276E-19 4.210E-19 4.327E-19 4.424E-19 4.415E-19 4.586E-19 4.486E-19 4.188E-19 4.131E-19 4.106E-19
 4.054E-19 4.329E-19 4.546E-19 4.467E-19 4.195E-19 3.848E-19 3.792E-19 3.865E-19 4.014E-19 4.007E-19
 4.105E-19 4.354E-19 4.226E-19 3.779E-19 3.713E-19 3.771E-19 3.891E-19 3.893E-19 3.833E-19 4.035E-19
 4.330E-19 4.075E-19 3.760E-19 3.561E-19 3.497E-19 3.641E-19 3.764E-19 3.921E-19 3.996E-19 3.995E-19
 3.892E-19 3.519E-19 3.378E-19 3.534E-19 3.437E-19 3.454E-19 3.646E-19 3.664E-19 3.556E-19 3.614E-19
 3.571E-19 3.461E-19 3.279E-19 3.286E-19 3.609E-19 3.738E-19 3.644E-19 3.575E-19 3.474E-19 3.544E-19
 3.536E-19 3.402E-19 3.400E-19 3.299E-19 3.136E-19 3.153E-19 3.213E-19 3.172E-19 3.236E-19 3.390E-19
 3.502E-19 3.341E-19 3.082E-19 3.104E-19 3.419E-19 3.493E-19 3.244E-19 3.213E-19 3.441E-19 3.219E-19
 2.601E-19 2.461E-19 2.661E-19 0.000E+00 0.000E+00 0.000E+00 0.000E+00 0.000E+00 0.000E+00 0.000E+00
