     CCl3F  830.0010  859.9960      2023  203.0000    0.0000 7.573E-18  NCAR    CFC-11              
 1.452E-19 1.394E-19 1.273E-19 1.361E-19 1.236E-19 1.073E-19 1.213E-19 1.238E-19 1.086E-19 1.108E-19
 1.208E-19 1.065E-19 9.091E-20 9.110E-20 1.021E-19 1.168E-19 1.206E-19 1.255E-19 1.418E-19 1.365E-19
 1.120E-19 9.957E-20 9.971E-20 1.098E-19 1.098E-19 1.055E-19 1.359E-19 1.533E-19 1.383E-19 1.278E-19
 1.295E-19 1.202E-19 1.138E-19 1.176E-19 1.176E-19 1.266E-19 1.628E-19 1.704E-19 1.533E-19 1.393E-19
 1.143E-19 1.084E-19 1.235E-19 1.321E-19 1.411E-19 1.434E-19 1.523E-19 1.474E-19 1.326E-19 1.252E-19
 1.241E-19 1.255E-19 1.329E-19 1.510E-19 1.566E-19 1.584E-19 1.604E-19 1.481E-19 1.481E-19 1.481E-19
 1.139E-19 1.255E-19 1.498E-19 1.671E-19 1.632E-19 1.465E-19 1.412E-19 1.355E-19 1.270E-19 1.331E-19
 1.330E-19 1.329E-19 1.467E-19 1.616E-19 1.618E-19 1.585E-19 1.510E-19 1.336E-19 1.283E-19 1.377E-19
 1.621E-19 1.712E-19 1.695E-19 1.760E-19 1.693E-19 1.675E-19 1.586E-19 1.361E-19 1.268E-19 1.363E-19
 1.580E-19 1.657E-19 1.751E-19 1.780E-19 1.650E-19 1.528E-19 1.528E-19 1.334E-19 1.552E-19 1.738E-19
 1.740E-19 1.768E-19 1.957E-19 1.938E-19 1.661E-19 1.508E-19 1.600E-19 1.581E-19 1.585E-19 1.732E-19
 1.805E-19 1.902E-19 1.833E-19 1.736E-19 1.523E-19 1.515E-19 1.730E-19 1.739E-19 1.807E-19 2.064E-19
 2.130E-19 1.993E-19 1.874E-19 1.648E-19 1.497E-19 1.497E-19 1.725E-19 1.850E-19 1.981E-19 2.220E-19
 2.219E-19 2.102E-19 2.162E-19 2.070E-19 1.900E-19 1.821E-19 1.809E-19 1.967E-19 2.025E-19 2.075E-19
 1.988E-19 1.814E-19 1.695E-19 1.690E-19 1.783E-19 1.904E-19 2.035E-19 2.081E-19 2.021E-19 1.905E-19
 1.760E-19 1.758E-19 1.833E-19 1.808E-19 1.724E-19 1.793E-19 1.941E-19 2.152E-19 2.225E-19 2.124E-19
 2.048E-19 1.850E-19 1.783E-19 2.046E-19 2.361E-19 2.268E-19 2.168E-19 2.199E-19 2.223E-19 2.139E-19
 1.894E-19 1.788E-19 2.036E-19 2.255E-19 2.333E-19 2.224E-19 2.086E-19 1.962E-19 1.884E-19 1.845E-19
 1.721E-19 1.744E-19 1.957E-19 2.041E-19 1.919E-19 2.019E-19 2.223E-19 2.176E-19 2.125E-19 2.209E-19
 2.366E-19 2.393E-19 2.437E-19 2.593E-19 2.591E-19 2.509E-19 2.430E-19 2.388E-19 2.261E-19 2.220E-19
 2.363E-19 2.513E-19 2.632E-19 2.551E-19 2.454E-19 2.401E-19 2.383E-19 2.220E-19 2.213E-19 2.401E-19
 2.578E-19 2.758E-19 2.823E-19 2.805E-19 2.706E-19 2.536E-19 2.446E-19 2.370E-19 2.450E-19 2.670E-19
 2.722E-19 2.716E-19 2.727E-19 2.784E-19 2.790E-19 2.686E-19 2.557E-19 2.338E-19 2.458E-19 2.843E-19
 2.859E-19 2.766E-19 2.794E-19 2.693E-19 2.521E-19 2.519E-19 2.734E-19 2.919E-19 2.901E-19 2.814E-19
 2.752E-19 2.659E-19 2.704E-19 2.731E-19 2.707E-19 2.797E-19 2.928E-19 3.061E-19 3.148E-19 3.242E-19
 3.183E-19 2.897E-19 2.847E-19 2.830E-19 2.616E-19 2.718E-19 3.065E-19 3.156E-19 2.869E-19 2.892E-19
 2.939E-19 2.735E-19 2.877E-19 3.050E-19 2.942E-19 2.956E-19 3.137E-19 3.198E-19 3.218E-19 3.276E-19
 3.127E-19 2.913E-19 3.072E-19 3.292E-19 3.194E-19 3.205E-19 3.298E-19 3.344E-19 3.438E-19 3.348E-19
 3.271E-19 3.183E-19 3.299E-19 3.439E-19 3.461E-19 3.549E-19 3.489E-19 3.600E-19 3.629E-19 3.457E-19
 3.387E-19 3.534E-19 3.654E-19 3.841E-19 3.766E-19 3.592E-19 3.599E-19 3.543E-19 3.382E-19 3.413E-19
 3.499E-19 3.776E-19 3.962E-19 3.962E-19 3.764E-19 3.503E-19 3.460E-19 3.603E-19 3.624E-19 3.539E-19
 3.713E-19 3.885E-19 3.846E-19 3.730E-19 3.567E-19 3.653E-19 3.841E-19 3.831E-19 3.789E-19 3.656E-19
 3.590E-19 3.914E-19 4.151E-19 4.025E-19 3.890E-19 4.022E-19 4.083E-19 3.589E-19 3.541E-19 3.884E-19
 4.085E-19 3.994E-19 3.876E-19 3.818E-19 3.659E-19 3.880E-19 4.163E-19 4.060E-19 4.174E-19 4.342E-19
 4.389E-19 4.201E-19 4.089E-19 4.208E-19 4.203E-19 4.265E-19 4.115E-19 4.096E-19 4.583E-19 4.734E-19
 4.470E-19 4.620E-19 4.704E-19 4.472E-19 4.267E-19 4.270E-19 4.338E-19 4.480E-19 4.846E-19 4.696E-19
 4.591E-19 4.635E-19 4.391E-19 4.178E-19 4.161E-19 4.385E-19 4.453E-19 4.446E-19 4.666E-19 4.581E-19
 4.560E-19 4.549E-19 4.489E-19 4.488E-19 4.282E-19 4.256E-19 4.683E-19 4.654E-19 4.618E-19 4.859E-19
 4.866E-19 4.757E-19 4.974E-19 5.005E-19 4.696E-19 4.968E-19 4.985E-19 4.590E-19 4.660E-19 4.813E-19
 4.746E-19 4.469E-19 4.516E-19 4.894E-19 4.979E-19 5.257E-19 5.340E-19 5.080E-19 5.264E-19 5.298E-19
 4.871E-19 4.997E-19 5.262E-19 5.349E-19 5.212E-19 5.233E-19 5.362E-19 5.174E-19 5.208E-19 5.265E-19
 5.170E-19 5.307E-19 5.782E-19 5.774E-19 5.497E-19 5.691E-19 5.627E-19 5.356E-19 5.441E-19 5.450E-19
 5.538E-19 5.427E-19 5.290E-19 5.604E-19 5.729E-19 5.926E-19 5.904E-19 5.553E-19 5.679E-19 5.800E-19
 5.743E-19 5.718E-19 5.770E-19 6.080E-19 6.063E-19 5.959E-19 5.838E-19 5.852E-19 6.140E-19 6.201E-19
 6.323E-19 6.561E-19 6.491E-19 6.409E-19 6.435E-19 6.496E-19 6.411E-19 6.548E-19 6.986E-19 6.864E-19
 6.802E-19 7.223E-19 7.529E-19 7.516E-19 7.402E-19 7.480E-19 7.401E-19 7.295E-19 7.567E-19 7.694E-19
 7.217E-19 6.691E-19 6.197E-19 5.831E-19 5.992E-19 6.533E-19 6.728E-19 6.416E-19 6.252E-19 6.356E-19
 6.193E-19 6.181E-19 5.974E-19 5.914E-19 6.114E-19 6.353E-19 6.457E-19 6.186E-19 6.275E-19 6.782E-19
 7.095E-19 7.027E-19 6.557E-19 6.416E-19 6.529E-19 6.501E-19 6.389E-19 6.275E-19 6.749E-19 7.036E-19
 6.737E-19 6.630E-19 6.517E-19 6.458E-19 7.057E-19 7.438E-19 7.323E-19 6.969E-19 6.790E-19 6.882E-19
 6.847E-19 7.174E-19 7.249E-19 7.074E-19 7.107E-19 7.016E-19 7.288E-19 7.645E-19 7.663E-19 7.572E-19
 7.442E-19 7.192E-19 6.973E-19 7.128E-19 7.762E-19 7.813E-19 7.718E-19 7.931E-19 7.631E-19 7.308E-19
 7.411E-19 7.530E-19 7.743E-19 8.112E-19 8.369E-19 7.417E-19 6.997E-19 7.556E-19 7.407E-19 7.421E-19
 7.610E-19 7.746E-19 8.045E-19 8.090E-19 8.094E-19 7.963E-19 8.290E-19 8.861E-19 8.477E-19 8.162E-19
 7.827E-19 7.678E-19 8.281E-19 8.431E-19 8.389E-19 8.054E-19 8.044E-19 8.124E-19 7.866E-19 8.337E-19
 8.752E-19 8.648E-19 8.441E-19 8.394E-19 8.443E-19 8.323E-19 8.064E-19 7.944E-19 8.044E-19 8.192E-19
 8.379E-19 8.426E-19 8.701E-19 8.756E-19 8.430E-19 8.552E-19 8.537E-19 8.414E-19 8.571E-19 8.405E-19
 8.471E-19 8.523E-19 8.630E-19 8.771E-19 8.463E-19 8.517E-19 8.530E-19 8.549E-19 8.801E-19 9.287E-19
 9.215E-19 8.630E-19 8.669E-19 8.513E-19 8.474E-19 9.341E-19 9.240E-19 8.760E-19 8.728E-19 8.893E-19
 9.230E-19 9.234E-19 8.965E-19 8.691E-19 8.810E-19 9.318E-19 9.016E-19 9.102E-19 9.636E-19 9.600E-19
 9.186E-19 9.270E-19 9.380E-19 9.367E-19 9.631E-19 9.648E-19 9.781E-19 1.020E-18 1.024E-18 9.534E-19
 9.436E-19 9.561E-19 9.288E-19 9.420E-19 9.919E-19 1.014E-18 9.922E-19 9.894E-19 9.775E-19 9.596E-19
 1.039E-18 1.064E-18 1.004E-18 9.902E-19 1.024E-18 1.053E-18 1.054E-18 1.022E-18 9.772E-19 9.702E-19
 1.005E-18 1.039E-18 1.057E-18 1.084E-18 1.097E-18 1.106E-18 1.104E-18 1.105E-18 1.135E-18 1.146E-18
 1.098E-18 1.019E-18 1.016E-18 1.020E-18 1.050E-18 1.158E-18 1.197E-18 1.147E-18 1.113E-18 1.050E-18
 1.022E-18 1.146E-18 1.198E-18 1.145E-18 1.098E-18 1.128E-18 1.132E-18 1.186E-18 1.228E-18 1.168E-18
 1.171E-18 1.154E-18 1.166E-18 1.207E-18 1.226E-18 1.232E-18 1.190E-18 1.149E-18 1.169E-18 1.189E-18
 1.292E-18 1.270E-18 1.206E-18 1.265E-18 1.225E-18 1.222E-18 1.269E-18 1.297E-18 1.314E-18 1.268E-18
 1.227E-18 1.293E-18 1.350E-18 1.347E-18 1.315E-18 1.322E-18 1.336E-18 1.303E-18 1.304E-18 1.397E-18
 1.419E-18 1.420E-18 1.300E-18 1.229E-18 1.325E-18 1.353E-18 1.293E-18 1.311E-18 1.364E-18 1.432E-18
 1.384E-18 1.460E-18 1.483E-18 1.452E-18 1.479E-18 1.369E-18 1.368E-18 1.445E-18 1.419E-18 1.452E-18
 1.441E-18 1.468E-18 1.430E-18 1.398E-18 1.495E-18 1.432E-18 1.443E-18 1.540E-18 1.473E-18 1.451E-18
 1.457E-18 1.427E-18 1.466E-18 1.503E-18 1.474E-18 1.526E-18 1.585E-18 1.607E-18 1.517E-18 1.605E-18
 1.578E-18 1.552E-18 1.545E-18 1.536E-18 1.547E-18 1.574E-18 1.586E-18 1.600E-18 1.739E-18 1.709E-18
 1.611E-18 1.561E-18 1.576E-18 1.646E-18 1.649E-18 1.612E-18 1.610E-18 1.557E-18 1.603E-18 1.615E-18
 1.634E-18 1.701E-18 1.692E-18 1.689E-18 1.671E-18 1.677E-18 1.753E-18 1.688E-18 1.718E-18 1.693E-18
 1.667E-18 1.769E-18 1.812E-18 1.818E-18 1.798E-18 1.770E-18 1.808E-18 1.795E-18 1.763E-18 1.800E-18
 1.816E-18 1.872E-18 1.882E-18 1.834E-18 1.840E-18 1.871E-18 1.867E-18 1.830E-18 1.810E-18 1.886E-18
 1.917E-18 1.889E-18 1.933E-18 1.932E-18 1.981E-18 1.993E-18 1.862E-18 1.876E-18 1.912E-18 1.884E-18
 1.927E-18 1.950E-18 2.022E-18 2.080E-18 2.045E-18 2.060E-18 2.022E-18 2.058E-18 2.047E-18 2.019E-18
 2.058E-18 2.354E-18 2.065E-18 2.075E-18 2.052E-18 2.141E-18 2.194E-18 2.135E-18 2.110E-18 2.101E-18
 2.095E-18 2.205E-18 2.144E-18 2.151E-18 2.167E-18 2.087E-18 2.096E-18 2.169E-18 2.298E-18 2.335E-18
 2.239E-18 2.228E-18 2.150E-18 2.134E-18 2.325E-18 2.269E-18 2.248E-18 2.290E-18 2.256E-18 2.270E-18
 2.314E-18 2.322E-18 2.327E-18 2.259E-18 2.247E-18 2.299E-18 2.345E-18 2.427E-18 2.406E-18 2.408E-18
 2.443E-18 2.392E-18 2.394E-18 2.451E-18 2.489E-18 2.560E-18 2.465E-18 2.462E-18 2.541E-18 2.517E-18
 2.512E-18 2.517E-18 2.501E-18 2.550E-18 2.563E-18 2.649E-18 2.655E-18 2.538E-18 2.554E-18 2.586E-18
 2.553E-18 2.572E-18 2.584E-18 2.601E-18 2.875E-18 2.642E-18 2.829E-18 2.654E-18 2.693E-18 2.828E-18
 2.840E-18 2.632E-18 2.789E-18 2.770E-18 2.901E-18 2.789E-18 2.899E-18 2.866E-18 2.741E-18 2.787E-18
 2.831E-18 2.797E-18 2.951E-18 2.913E-18 2.932E-18 2.978E-18 2.982E-18 2.964E-18 3.003E-18 3.073E-18
 3.049E-18 3.072E-18 3.149E-18 3.125E-18 3.015E-18 3.125E-18 3.019E-18 3.023E-18 3.066E-18 3.070E-18
 3.083E-18 3.124E-18 3.094E-18 3.198E-18 3.244E-18 3.237E-18 3.216E-18 3.282E-18 3.245E-18 3.238E-18
 3.250E-18 3.330E-18 3.277E-18 3.223E-18 3.285E-18 3.391E-18 3.437E-18 3.365E-18 3.342E-18 3.430E-18
 3.452E-18 3.380E-18 3.435E-18 3.417E-18 3.397E-18 3.395E-18 3.373E-18 3.387E-18 3.521E-18 3.554E-18
 3.540E-18 3.485E-18 3.500E-18 3.521E-18 3.634E-18 3.636E-18 3.596E-18 3.549E-18 3.517E-18 3.496E-18
 3.630E-18 3.672E-18 3.652E-18 3.661E-18 3.684E-18 3.705E-18 3.770E-18 3.843E-18 3.847E-18 3.838E-18
 3.806E-18 3.863E-18 3.853E-18 3.780E-18 3.753E-18 3.876E-18 3.907E-18 3.862E-18 3.763E-18 3.826E-18
 3.801E-18 3.809E-18 3.855E-18 3.902E-18 3.867E-18 3.826E-18 3.886E-18 3.928E-18 3.977E-18 4.064E-18
 3.993E-18 3.907E-18 3.983E-18 4.068E-18 4.144E-18 4.211E-18 4.146E-18 4.048E-18 4.118E-18 4.077E-18
 4.057E-18 4.065E-18 4.166E-18 4.080E-18 3.991E-18 4.232E-18 4.324E-18 4.305E-18 4.173E-18 4.142E-18
 4.088E-18 4.127E-18 4.221E-18 4.352E-18 4.196E-18 4.310E-18 4.360E-18 4.329E-18 4.348E-18 4.408E-18
 4.275E-18 4.319E-18 4.380E-18 4.323E-18 4.342E-18 4.426E-18 4.496E-18 4.434E-18 4.325E-18 4.301E-18
 4.429E-18 4.523E-18 4.579E-18 4.478E-18 4.572E-18 4.543E-18 4.579E-18 4.558E-18 4.490E-18 4.386E-18
 4.477E-18 4.416E-18 4.481E-18 4.640E-18 4.653E-18 4.642E-18 4.687E-18 4.643E-18 4.746E-18 4.784E-18
 4.874E-18 4.939E-18 4.741E-18 4.665E-18 4.746E-18 4.722E-18 4.757E-18 4.750E-18 4.648E-18 4.712E-18
 4.758E-18 4.825E-18 4.891E-18 4.875E-18 4.804E-18 4.747E-18 4.929E-18 4.924E-18 4.781E-18 4.922E-18
 5.015E-18 4.896E-18 4.904E-18 4.796E-18 4.648E-18 4.831E-18 5.002E-18 4.947E-18 4.997E-18 4.882E-18
 4.899E-18 5.029E-18 4.948E-18 4.960E-18 4.966E-18 4.957E-18 5.130E-18 5.072E-18 5.016E-18 5.098E-18
 5.087E-18 5.106E-18 5.089E-18 5.033E-18 5.220E-18 5.366E-18 5.247E-18 5.080E-18 5.101E-18 5.227E-18
 5.234E-18 5.210E-18 5.370E-18 5.467E-18 5.458E-18 5.555E-18 5.535E-18 5.559E-18 5.484E-18 5.367E-18
 5.330E-18 5.393E-18 5.242E-18 5.339E-18 5.248E-18 5.335E-18 5.430E-18 5.264E-18 5.182E-18 5.422E-18
 5.485E-18 5.341E-18 5.272E-18 5.338E-18 5.441E-18 5.479E-18 5.357E-18 5.178E-18 5.093E-18 5.116E-18
 5.390E-18 5.457E-18 5.464E-18 5.425E-18 5.373E-18 5.256E-18 5.197E-18 5.148E-18 5.134E-18 5.193E-18
 5.305E-18 5.380E-18 5.339E-18 5.580E-18 5.639E-18 5.489E-18 5.339E-18 5.412E-18 5.347E-18 5.263E-18
 5.260E-18 5.445E-18 5.494E-18 5.615E-18 5.695E-18 5.618E-18 5.575E-18 5.525E-18 5.459E-18 5.413E-18
 5.738E-18 5.756E-18 5.593E-18 5.549E-18 5.591E-18 5.387E-18 5.454E-18 5.296E-18 5.383E-18 5.670E-18
 5.730E-18 5.593E-18 5.529E-18 5.733E-18 5.563E-18 5.356E-18 5.175E-18 5.289E-18 5.221E-18 5.294E-18
 5.366E-18 5.553E-18 5.611E-18 5.515E-18 5.536E-18 5.469E-18 5.349E-18 5.237E-18 5.403E-18 5.323E-18
 5.356E-18 5.309E-18 5.231E-18 5.151E-18 5.229E-18 5.170E-18 5.171E-18 5.320E-18 5.350E-18 5.272E-18
 5.328E-18 5.258E-18 5.037E-18 5.022E-18 5.002E-18 5.076E-18 5.255E-18 5.325E-18 5.317E-18 5.410E-18
 5.309E-18 5.077E-18 5.096E-18 5.149E-18 5.252E-18 5.329E-18 5.467E-18 5.628E-18 5.774E-18 5.595E-18
 5.410E-18 5.283E-18 5.336E-18 5.321E-18 5.457E-18 5.739E-18 5.761E-18 5.759E-18 5.330E-18 5.221E-18
 5.235E-18 5.006E-18 5.066E-18 5.337E-18 5.314E-18 5.374E-18 5.499E-18 5.550E-18 5.342E-18 5.231E-18
 5.371E-18 5.583E-18 5.495E-18 5.044E-18 4.953E-18 5.103E-18 5.031E-18 4.919E-18 4.907E-18 4.769E-18
 4.799E-18 4.997E-18 4.885E-18 4.572E-18 4.361E-18 4.415E-18 4.574E-18 4.561E-18 4.393E-18 4.393E-18
 4.576E-18 4.728E-18 4.593E-18 4.344E-18 4.310E-18 4.403E-18 4.513E-18 4.619E-18 4.844E-18 4.758E-18
 4.558E-18 4.425E-18 4.149E-18 3.975E-18 4.001E-18 4.197E-18 4.430E-18 4.622E-18 4.773E-18 4.749E-18
 4.674E-18 4.570E-18 4.272E-18 4.381E-18 4.639E-18 4.734E-18 5.014E-18 5.240E-18 5.356E-18 5.464E-18
 5.500E-18 5.186E-18 5.113E-18 5.631E-18 6.528E-18 6.554E-18 5.396E-18 5.048E-18 5.143E-18 5.205E-18
 4.972E-18 4.567E-18 4.705E-18 5.228E-18 6.087E-18 6.110E-18 5.118E-18 4.855E-18 5.022E-18 5.339E-18
 5.243E-18 4.827E-18 4.801E-18 5.312E-18 6.153E-18 5.915E-18 4.982E-18 4.966E-18 5.163E-18 5.251E-18
 5.011E-18 4.662E-18 4.739E-18 5.296E-18 5.972E-18 5.511E-18 4.896E-18 5.001E-18 5.069E-18 5.080E-18
 4.895E-18 4.725E-18 4.886E-18 5.510E-18 6.377E-18 6.091E-18 5.626E-18 5.646E-18 5.864E-18 6.025E-18
 5.772E-18 5.500E-18 5.841E-18 6.665E-18 7.317E-18 7.130E-18 6.952E-18 7.099E-18 6.952E-18 7.333E-18
 7.573E-18 6.392E-18 5.391E-18 5.745E-18 6.048E-18 5.383E-18 5.276E-18 5.724E-18 5.968E-18 6.265E-18
 6.857E-18 6.165E-18 5.155E-18 5.468E-18 5.672E-18 5.135E-18 5.198E-18 5.527E-18 5.655E-18 5.917E-18
 6.630E-18 6.215E-18 5.249E-18 5.472E-18 5.443E-18 4.936E-18 5.055E-18 5.293E-18 5.233E-18 5.567E-18
 6.397E-18 6.287E-18 5.216E-18 5.341E-18 5.272E-18 4.728E-18 4.844E-18 5.180E-18 5.301E-18 5.666E-18
 6.541E-18 6.485E-18 5.462E-18 5.383E-18 5.081E-18 4.523E-18 4.664E-18 4.811E-18 4.756E-18 4.915E-18
 5.825E-18 6.296E-18 5.505E-18 5.214E-18 4.635E-18 4.168E-18 4.422E-18 4.518E-18 4.575E-18 5.009E-18
 5.776E-18 6.282E-18 5.627E-18 4.988E-18 4.323E-18 4.112E-18 4.422E-18 4.476E-18 4.480E-18 4.795E-18
 5.524E-18 6.196E-18 5.691E-18 4.858E-18 4.301E-18 4.103E-18 4.187E-18 4.204E-18 4.266E-18 4.564E-18
 5.292E-18 6.025E-18 5.780E-18 4.839E-18 4.171E-18 4.059E-18 4.194E-18 4.159E-18 4.287E-18 4.670E-18
 5.286E-18 6.027E-18 5.821E-18 4.577E-18 3.918E-18 3.944E-18 4.079E-18 4.089E-18 4.235E-18 4.565E-18
 5.111E-18 5.879E-18 6.058E-18 4.806E-18 4.183E-18 4.165E-18 4.073E-18 4.132E-18 4.242E-18 4.394E-18
 4.759E-18 5.435E-18 5.702E-18 4.489E-18 3.805E-18 3.699E-18 3.745E-18 3.921E-18 4.069E-18 4.206E-18
 4.401E-18 5.068E-18 5.454E-18 4.401E-18 3.571E-18 3.484E-18 3.547E-18 3.680E-18 3.735E-18 3.869E-18
 4.135E-18 4.803E-18 5.255E-18 4.445E-18 3.640E-18 3.405E-18 3.346E-18 3.445E-18 3.645E-18 3.816E-18
 3.981E-18 4.360E-18 4.781E-18 4.384E-18 3.506E-18 3.116E-18 3.109E-18 3.288E-18 3.452E-18 3.617E-18
 3.819E-18 4.224E-18 4.511E-18 4.218E-18 3.342E-18 2.948E-18 2.903E-18 3.305E-18 3.388E-18 3.420E-18
 3.705E-18 4.017E-18 3.997E-18 3.903E-18 3.298E-18 2.734E-18 2.864E-18 3.091E-18 3.179E-18 3.293E-18
 3.659E-18 3.830E-18 3.716E-18 3.816E-18 3.191E-18 2.722E-18 2.697E-18 2.878E-18 2.985E-18 3.018E-18
 3.460E-18 3.570E-18 3.396E-18 3.538E-18 3.249E-18 2.559E-18 2.563E-18 2.955E-18 2.787E-18 2.805E-18
 3.231E-18 3.308E-18 2.923E-18 3.126E-18 3.149E-18 2.576E-18 2.616E-18 2.741E-18 2.680E-18 2.718E-18
 3.010E-18 2.911E-18 2.667E-18 2.817E-18 3.074E-18 2.641E-18 2.494E-18 2.587E-18 2.530E-18 2.661E-18
 2.863E-18 2.686E-18 2.549E-18 2.682E-18 2.863E-18 2.645E-18 2.391E-18 2.368E-18 2.411E-18 2.559E-18
 2.615E-18 2.483E-18 2.401E-18 2.524E-18 2.785E-18 2.745E-18 2.381E-18 2.313E-18 2.357E-18 2.464E-18
 2.488E-18 2.367E-18 2.291E-18 2.467E-18 2.648E-18 2.643E-18 2.359E-18 2.177E-18 2.196E-18 2.302E-18
 2.240E-18 2.124E-18 2.167E-18 2.324E-18 2.518E-18 2.531E-18 2.340E-18 2.138E-18 2.118E-18 2.187E-18
 2.134E-18 2.115E-18 2.133E-18 2.222E-18 2.427E-18 2.459E-18 2.192E-18 2.016E-18 2.038E-18 2.065E-18
 1.986E-18 1.953E-18 2.031E-18 2.115E-18 2.265E-18 2.278E-18 2.054E-18 1.963E-18 1.973E-18 1.985E-18
 1.924E-18 1.860E-18 1.912E-18 2.014E-18 2.138E-18 2.122E-18 1.962E-18 1.963E-18 1.958E-18 1.845E-18
 1.845E-18 1.845E-18 1.877E-18 1.952E-18 2.055E-18 2.025E-18 1.765E-18 1.706E-18 1.797E-18 1.735E-18
 1.742E-18 1.777E-18 1.798E-18 1.864E-18 1.979E-18 1.977E-18 1.749E-18 1.686E-18 1.775E-18 1.738E-18
 1.748E-18 1.726E-18 1.685E-18 1.686E-18 1.821E-18 1.802E-18 1.619E-18 1.680E-18 1.751E-18 1.700E-18
 1.635E-18 1.660E-18 1.635E-18 1.662E-18 1.802E-18 1.736E-18 1.578E-18 1.549E-18 1.657E-18 1.807E-18
 1.606E-18 1.529E-18 1.540E-18 1.602E-18 1.661E-18 1.715E-18 1.545E-18 1.497E-18 1.585E-18 1.609E-18
 1.481E-18 1.465E-18 1.487E-18 1.591E-18 1.656E-18 1.559E-18 1.393E-18 1.345E-18 1.457E-18 1.560E-18
 1.511E-18 1.492E-18 1.564E-18 1.606E-18 1.588E-18 1.445E-18 1.346E-18 1.350E-18 1.379E-18 1.447E-18
 1.404E-18 1.352E-18 1.393E-18 1.488E-18 1.455E-18 1.380E-18 1.307E-18 1.293E-18 1.215E-18 1.295E-18
 1.343E-18 1.306E-18 1.389E-18 1.447E-18 1.385E-18 1.347E-18 1.286E-18 1.200E-18 1.140E-18 1.253E-18
 1.374E-18 1.363E-18 1.388E-18 1.416E-18 1.313E-18 1.154E-18 1.099E-18 1.058E-18 1.064E-18 1.143E-18
 1.307E-18 1.371E-18 1.444E-18 1.388E-18 1.215E-18 1.096E-18 1.077E-18 1.033E-18 1.033E-18 1.116E-18
 1.331E-18 1.438E-18 1.366E-18 1.211E-18 1.069E-18 1.039E-18 9.694E-19 9.703E-19 9.893E-19 1.100E-18
 1.249E-18 1.364E-18 1.305E-18 1.111E-18 1.036E-18 9.572E-19 9.192E-19 9.550E-19 9.526E-19 1.061E-18
 1.227E-18 1.222E-18 1.127E-18 1.026E-18 9.645E-19 8.981E-19 9.195E-19 9.170E-19 9.967E-19 1.099E-18
 1.231E-18 1.174E-18 1.013E-18 9.761E-19 8.922E-19 8.626E-19 8.851E-19 9.269E-19 9.840E-19 1.075E-18
 1.154E-18 1.094E-18 9.721E-19 9.171E-19 8.504E-19 8.425E-19 9.034E-19 9.501E-19 9.608E-19 1.013E-18
 1.020E-18 9.690E-19 9.397E-19 8.787E-19 8.394E-19 8.315E-19 8.814E-19 8.947E-19 9.255E-19 9.265E-19
 9.212E-19 9.396E-19 8.716E-19 8.288E-19 8.073E-19 8.102E-19 8.029E-19 8.548E-19 8.652E-19 8.064E-19
 8.284E-19 8.443E-19 8.317E-19 8.368E-19 7.952E-19 7.566E-19 7.901E-19 8.138E-19 7.356E-19 7.489E-19
 8.126E-19 7.939E-19 7.667E-19 7.762E-19 7.628E-19 8.013E-19 8.268E-19 7.408E-19 7.025E-19 6.879E-19
 7.163E-19 7.675E-19 8.266E-19 7.990E-19 7.728E-19 7.664E-19 6.686E-19 6.519E-19 6.617E-19 6.763E-19
 7.289E-19 7.499E-19 7.376E-19 7.619E-19 7.656E-19 6.881E-19 6.268E-19 6.248E-19 6.295E-19 6.551E-19
 6.949E-19 7.054E-19 7.560E-19 7.834E-19 6.766E-19 5.968E-19 5.943E-19 5.817E-19 6.236E-19 6.669E-19
 6.731E-19 7.267E-19 7.491E-19 6.534E-19 5.901E-19 5.664E-19 5.719E-19 5.797E-19 5.877E-19 6.518E-19
 7.000E-19 7.063E-19 6.352E-19 5.869E-19 5.921E-19 6.214E-19 5.886E-19 5.267E-19 5.946E-19 6.895E-19
 6.767E-19 6.036E-19 5.564E-19 5.195E-19 5.277E-19 5.640E-19 5.535E-19 5.598E-19 6.171E-19 6.544E-19
 5.991E-19 5.563E-19 5.218E-19 5.034E-19 5.095E-19 5.281E-19 5.391E-19 5.613E-19 5.521E-19 5.434E-19
 5.367E-19 5.176E-19 4.859E-19 4.797E-19 5.227E-19 5.395E-19 5.210E-19 4.802E-19 5.301E-19 5.514E-19
 4.947E-19 4.771E-19 4.846E-19 4.828E-19 5.104E-19 5.084E-19 4.529E-19 4.663E-19 5.096E-19 4.897E-19
 4.506E-19 4.607E-19 4.754E-19 4.807E-19 4.792E-19 4.531E-19 4.822E-19 4.773E-19 4.634E-19 4.485E-19
 4.472E-19 4.602E-19 4.558E-19 4.175E-19 4.393E-19 4.344E-19 4.113E-19 4.337E-19 4.509E-19 4.496E-19
 4.446E-19 4.153E-19 4.029E-19 4.247E-19 4.121E-19 4.079E-19 4.348E-19 4.371E-19 4.493E-19 4.348E-19
 4.013E-19 4.070E-19 4.081E-19 4.050E-19 4.077E-19 4.017E-19 4.213E-19 4.464E-19 4.077E-19 3.882E-19
 3.739E-19 3.699E-19 3.581E-19 3.681E-19 3.815E-19 4.101E-19 3.999E-19 3.649E-19 3.564E-19 3.555E-19
 3.593E-19 3.714E-19 3.771E-19 3.950E-19 3.853E-19 3.500E-19 3.443E-19 3.463E-19 3.535E-19 3.497E-19
 3.534E-19 3.795E-19 3.716E-19 3.340E-19 3.193E-19 3.257E-19 3.479E-19 3.472E-19 3.248E-19 3.451E-19
 3.526E-19 3.104E-19 2.823E-19 2.702E-19 2.696E-19 3.139E-19 3.542E-19 3.625E-19 3.510E-19 3.323E-19
 3.046E-19 2.655E-19 2.741E-19 3.069E-19 3.068E-19 3.100E-19 3.423E-19 3.381E-19 3.145E-19 3.136E-19
 2.893E-19 2.830E-19 2.728E-19 2.695E-19 3.124E-19 3.269E-19 3.083E-19 3.004E-19 2.992E-19 3.054E-19
 2.831E-19 2.614E-19 2.780E-19 2.788E-19 2.794E-19 2.865E-19 2.877E-19 2.943E-19 2.950E-19 2.795E-19
 2.814E-19 2.566E-19 2.332E-19 2.571E-19 2.929E-19 2.935E-19 2.844E-19 2.969E-19 3.145E-19 2.827E-19
 2.189E-19 2.053E-19 2.326E-19 0.000E+00 0.000E+00 0.000E+00 0.000E+00 0.000E+00 0.000E+00 0.000E+00
