     CCl3F  830.0010  859.9960      2023  213.0000    0.0000 7.199E-18  NCAR    CFC-11              
 1.478E-19 1.530E-19 1.523E-19 1.506E-19 1.351E-19 1.169E-19 1.169E-19 1.169E-19 1.384E-19 1.558E-19
 1.410E-19 1.095E-19 1.090E-19 1.177E-19 1.168E-19 1.143E-19 1.260E-19 1.410E-19 1.461E-19 1.569E-19
 1.558E-19 1.423E-19 1.364E-19 1.322E-19 1.265E-19 1.257E-19 1.445E-19 1.628E-19 1.562E-19 1.490E-19
 1.500E-19 1.439E-19 1.383E-19 1.394E-19 1.410E-19 1.523E-19 1.744E-19 1.765E-19 1.641E-19 1.571E-19
 1.526E-19 1.364E-19 1.177E-19 1.289E-19 1.417E-19 1.504E-19 1.788E-19 1.793E-19 1.667E-19 1.570E-19
 1.469E-19 1.423E-19 1.508E-19 1.689E-19 1.823E-19 1.772E-19 1.694E-19 1.581E-19 1.495E-19 1.563E-19
 1.622E-19 1.666E-19 1.687E-19 1.800E-19 1.889E-19 1.829E-19 1.869E-19 1.776E-19 1.525E-19 1.448E-19
 1.481E-19 1.497E-19 1.575E-19 1.743E-19 1.897E-19 1.795E-19 1.802E-19 1.664E-19 1.381E-19 1.414E-19
 1.655E-19 1.867E-19 1.939E-19 1.958E-19 1.910E-19 1.830E-19 1.723E-19 1.680E-19 1.652E-19 1.723E-19
 1.855E-19 1.910E-19 1.967E-19 1.922E-19 1.745E-19 1.620E-19 1.604E-19 1.519E-19 1.519E-19 1.894E-19
 2.138E-19 2.256E-19 2.230E-19 2.066E-19 1.836E-19 1.704E-19 1.738E-19 1.815E-19 1.844E-19 1.960E-19
 2.116E-19 2.184E-19 2.031E-19 1.954E-19 1.782E-19 1.832E-19 2.030E-19 2.099E-19 2.142E-19 2.266E-19
 2.318E-19 2.213E-19 2.213E-19 2.175E-19 1.879E-19 1.869E-19 2.096E-19 2.203E-19 2.312E-19 2.369E-19
 2.423E-19 2.278E-19 2.117E-19 1.997E-19 2.013E-19 2.214E-19 2.313E-19 2.267E-19 2.298E-19 2.268E-19
 2.017E-19 1.858E-19 1.862E-19 1.923E-19 2.000E-19 2.150E-19 2.225E-19 2.266E-19 2.166E-19 2.218E-19
 2.307E-19 2.140E-19 2.063E-19 2.166E-19 2.113E-19 2.172E-19 2.371E-19 2.467E-19 2.368E-19 2.268E-19
 2.343E-19 2.180E-19 1.983E-19 2.118E-19 2.302E-19 2.503E-19 2.580E-19 2.342E-19 2.193E-19 2.207E-19
 2.138E-19 2.131E-19 2.320E-19 2.333E-19 2.380E-19 2.465E-19 2.519E-19 2.420E-19 2.205E-19 2.131E-19
 2.150E-19 2.204E-19 2.299E-19 2.291E-19 2.133E-19 2.220E-19 2.435E-19 2.374E-19 2.296E-19 2.399E-19
 2.518E-19 2.643E-19 2.704E-19 2.617E-19 2.621E-19 2.608E-19 2.559E-19 2.515E-19 2.435E-19 2.455E-19
 2.637E-19 2.828E-19 2.806E-19 2.724E-19 2.735E-19 2.563E-19 2.499E-19 2.642E-19 2.700E-19 2.695E-19
 2.788E-19 2.872E-19 2.919E-19 2.902E-19 2.812E-19 2.650E-19 2.604E-19 2.656E-19 2.795E-19 2.952E-19
 2.935E-19 2.839E-19 2.924E-19 3.149E-19 3.079E-19 2.939E-19 2.851E-19 2.766E-19 2.819E-19 2.967E-19
 3.060E-19 3.006E-19 2.832E-19 2.809E-19 3.064E-19 3.288E-19 3.166E-19 3.063E-19 3.185E-19 3.187E-19
 3.134E-19 3.037E-19 2.945E-19 2.871E-19 2.890E-19 3.008E-19 3.176E-19 3.284E-19 3.340E-19 3.381E-19
 3.279E-19 3.083E-19 3.096E-19 3.027E-19 2.881E-19 3.050E-19 3.284E-19 3.365E-19 3.278E-19 3.209E-19
 3.231E-19 3.217E-19 3.338E-19 3.491E-19 3.490E-19 3.581E-19 3.724E-19 3.694E-19 3.466E-19 3.511E-19
 3.484E-19 3.213E-19 3.266E-19 3.532E-19 3.493E-19 3.572E-19 3.810E-19 3.888E-19 3.824E-19 3.631E-19
 3.667E-19 3.601E-19 3.579E-19 3.675E-19 3.751E-19 3.876E-19 3.869E-19 3.741E-19 3.739E-19 3.680E-19
 3.564E-19 3.637E-19 3.890E-19 4.139E-19 4.090E-19 4.146E-19 4.020E-19 3.787E-19 3.910E-19 3.934E-19
 3.790E-19 3.852E-19 3.908E-19 4.086E-19 4.147E-19 4.002E-19 3.978E-19 4.010E-19 3.869E-19 3.751E-19
 4.006E-19 4.173E-19 4.218E-19 4.301E-19 3.953E-19 3.895E-19 4.218E-19 4.144E-19 4.030E-19 3.901E-19
 3.872E-19 4.238E-19 4.441E-19 4.412E-19 4.363E-19 4.389E-19 4.420E-19 4.048E-19 3.879E-19 4.275E-19
 4.494E-19 4.400E-19 4.262E-19 4.248E-19 4.167E-19 4.160E-19 4.260E-19 4.332E-19 4.561E-19 4.740E-19
 4.826E-19 4.662E-19 4.627E-19 4.738E-19 4.586E-19 4.537E-19 4.418E-19 4.382E-19 4.745E-19 4.928E-19
 4.872E-19 4.998E-19 4.812E-19 4.596E-19 4.603E-19 4.709E-19 4.889E-19 5.061E-19 5.417E-19 5.366E-19
 5.189E-19 5.045E-19 4.681E-19 4.544E-19 4.568E-19 4.797E-19 5.016E-19 5.090E-19 5.144E-19 5.107E-19
 5.014E-19 4.834E-19 4.700E-19 4.743E-19 4.760E-19 4.853E-19 5.056E-19 5.041E-19 4.997E-19 5.007E-19
 5.085E-19 5.061E-19 5.159E-19 5.223E-19 5.047E-19 5.138E-19 5.273E-19 5.150E-19 5.067E-19 5.043E-19
 4.904E-19 4.826E-19 5.167E-19 5.498E-19 5.623E-19 5.777E-19 5.741E-19 5.585E-19 5.941E-19 5.727E-19
 5.347E-19 5.635E-19 5.921E-19 5.939E-19 5.608E-19 5.629E-19 5.927E-19 5.821E-19 5.921E-19 5.906E-19
 5.643E-19 5.980E-19 6.479E-19 6.298E-19 5.936E-19 6.072E-19 6.029E-19 5.642E-19 5.455E-19 5.359E-19
 5.732E-19 5.829E-19 5.686E-19 6.048E-19 6.159E-19 6.291E-19 6.260E-19 5.817E-19 6.012E-19 6.211E-19
 6.016E-19 5.832E-19 5.905E-19 6.342E-19 6.501E-19 6.376E-19 6.147E-19 6.233E-19 6.630E-19 6.817E-19
 6.836E-19 6.982E-19 6.968E-19 6.991E-19 6.876E-19 6.879E-19 6.863E-19 7.003E-19 7.292E-19 7.118E-19
 7.232E-19 7.798E-19 8.224E-19 8.222E-19 7.891E-19 7.661E-19 7.571E-19 7.603E-19 7.704E-19 7.521E-19
 7.221E-19 6.865E-19 6.500E-19 6.299E-19 6.185E-19 6.441E-19 6.801E-19 6.678E-19 6.541E-19 6.766E-19
 6.774E-19 6.910E-19 6.673E-19 6.390E-19 6.620E-19 6.921E-19 7.027E-19 6.754E-19 6.716E-19 7.147E-19
 7.273E-19 7.296E-19 6.997E-19 6.799E-19 7.007E-19 7.013E-19 6.968E-19 6.854E-19 7.083E-19 7.387E-19
 6.967E-19 6.927E-19 7.055E-19 6.883E-19 7.238E-19 7.334E-19 7.227E-19 7.155E-19 7.059E-19 6.938E-19
 6.979E-19 7.339E-19 7.495E-19 7.529E-19 7.587E-19 7.501E-19 7.680E-19 7.959E-19 8.009E-19 7.688E-19
 7.672E-19 7.654E-19 7.468E-19 7.637E-19 8.111E-19 8.174E-19 8.034E-19 8.081E-19 7.855E-19 7.618E-19
 7.998E-19 8.402E-19 8.386E-19 8.220E-19 8.228E-19 7.853E-19 7.692E-19 8.181E-19 8.109E-19 8.025E-19
 8.250E-19 8.481E-19 8.582E-19 8.546E-19 8.590E-19 8.381E-19 8.542E-19 9.001E-19 8.708E-19 8.595E-19
 8.314E-19 8.348E-19 8.965E-19 8.992E-19 9.064E-19 8.668E-19 8.287E-19 8.371E-19 8.244E-19 8.652E-19
 9.014E-19 9.076E-19 8.660E-19 8.460E-19 8.707E-19 8.845E-19 8.705E-19 8.517E-19 8.517E-19 8.710E-19
 8.775E-19 8.557E-19 8.911E-19 9.237E-19 8.792E-19 8.797E-19 9.179E-19 9.323E-19 9.514E-19 9.336E-19
 9.363E-19 9.294E-19 9.059E-19 8.828E-19 8.416E-19 8.778E-19 9.342E-19 9.555E-19 9.601E-19 9.679E-19
 9.770E-19 9.536E-19 9.348E-19 8.972E-19 9.026E-19 9.489E-19 9.371E-19 9.405E-19 9.693E-19 9.843E-19
 9.782E-19 9.992E-19 9.938E-19 9.476E-19 9.525E-19 9.607E-19 9.503E-19 1.006E-18 1.048E-18 1.020E-18
 9.460E-19 9.130E-19 9.368E-19 9.771E-19 1.014E-18 9.936E-19 9.936E-19 1.049E-18 1.100E-18 1.056E-18
 9.895E-19 9.584E-19 9.804E-19 1.018E-18 1.043E-18 1.053E-18 1.032E-18 1.070E-18 1.074E-18 1.033E-18
 1.096E-18 1.121E-18 1.071E-18 1.056E-18 1.093E-18 1.102E-18 1.088E-18 1.082E-18 1.067E-18 1.027E-18
 1.056E-18 1.085E-18 1.111E-18 1.170E-18 1.174E-18 1.183E-18 1.172E-18 1.121E-18 1.145E-18 1.168E-18
 1.144E-18 1.100E-18 1.116E-18 1.179E-18 1.205E-18 1.214E-18 1.215E-18 1.191E-18 1.193E-18 1.198E-18
 1.193E-18 1.198E-18 1.219E-18 1.197E-18 1.158E-18 1.190E-18 1.246E-18 1.269E-18 1.251E-18 1.234E-18
 1.262E-18 1.265E-18 1.262E-18 1.248E-18 1.218E-18 1.269E-18 1.242E-18 1.247E-18 1.286E-18 1.247E-18
 1.284E-18 1.337E-18 1.294E-18 1.286E-18 1.270E-18 1.293E-18 1.333E-18 1.361E-18 1.400E-18 1.371E-18
 1.324E-18 1.291E-18 1.357E-18 1.338E-18 1.320E-18 1.308E-18 1.331E-18 1.361E-18 1.395E-18 1.531E-18
 1.537E-18 1.493E-18 1.389E-18 1.335E-18 1.405E-18 1.395E-18 1.399E-18 1.434E-18 1.415E-18 1.434E-18
 1.412E-18 1.464E-18 1.452E-18 1.441E-18 1.477E-18 1.380E-18 1.379E-18 1.529E-18 1.519E-18 1.554E-18
 1.578E-18 1.569E-18 1.565E-18 1.555E-18 1.620E-18 1.554E-18 1.579E-18 1.568E-18 1.536E-18 1.563E-18
 1.569E-18 1.530E-18 1.649E-18 1.616E-18 1.556E-18 1.571E-18 1.588E-18 1.605E-18 1.580E-18 1.583E-18
 1.647E-18 1.650E-18 1.649E-18 1.742E-18 1.702E-18 1.603E-18 1.648E-18 1.703E-18 1.729E-18 1.699E-18
 1.719E-18 1.710E-18 1.685E-18 1.734E-18 1.746E-18 1.739E-18 1.739E-18 1.652E-18 1.695E-18 1.710E-18
 1.749E-18 1.803E-18 1.755E-18 1.771E-18 1.780E-18 1.779E-18 1.832E-18 1.795E-18 1.841E-18 1.767E-18
 1.702E-18 1.807E-18 1.869E-18 1.916E-18 1.929E-18 1.828E-18 1.851E-18 1.892E-18 1.878E-18 1.876E-18
 1.881E-18 1.924E-18 1.926E-18 1.893E-18 1.948E-18 1.979E-18 1.950E-18 2.153E-18 1.901E-18 1.966E-18
 2.008E-18 1.964E-18 2.017E-18 2.037E-18 2.063E-18 2.059E-18 1.941E-18 1.989E-18 2.059E-18 2.036E-18
 2.019E-18 2.010E-18 2.095E-18 2.154E-18 2.127E-18 2.138E-18 2.086E-18 2.132E-18 2.150E-18 2.132E-18
 2.164E-18 2.194E-18 2.154E-18 2.182E-18 2.133E-18 2.182E-18 2.217E-18 2.178E-18 2.212E-18 2.271E-18
 2.240E-18 2.305E-18 2.288E-18 2.275E-18 2.251E-18 2.209E-18 2.224E-18 2.242E-18 2.354E-18 2.385E-18
 2.357E-18 2.380E-18 2.303E-18 2.280E-18 2.402E-18 2.342E-18 2.357E-18 2.394E-18 2.327E-18 2.360E-18
 2.410E-18 2.389E-18 2.357E-18 2.319E-18 2.375E-18 2.479E-18 2.533E-18 2.640E-18 2.604E-18 2.511E-18
 2.501E-18 2.461E-18 2.483E-18 2.564E-18 2.534E-18 2.576E-18 2.524E-18 2.556E-18 2.652E-18 2.646E-18
 2.639E-18 2.639E-18 2.604E-18 2.580E-18 2.613E-18 2.754E-18 2.840E-18 2.726E-18 2.690E-18 2.632E-18
 2.619E-18 2.677E-18 2.698E-18 2.735E-18 2.830E-18 2.798E-18 2.769E-18 2.764E-18 2.850E-18 2.975E-18
 2.907E-18 2.758E-18 2.807E-18 2.917E-18 3.039E-18 2.945E-18 2.977E-18 2.914E-18 2.853E-18 2.919E-18
 2.983E-18 2.929E-18 3.094E-18 3.034E-18 2.982E-18 3.044E-18 3.047E-18 3.067E-18 3.136E-18 3.199E-18
 3.133E-18 3.072E-18 3.166E-18 3.193E-18 3.178E-18 3.278E-18 3.240E-18 3.187E-18 3.166E-18 3.173E-18
 3.256E-18 3.351E-18 3.315E-18 3.360E-18 3.329E-18 3.261E-18 3.240E-18 3.411E-18 3.430E-18 3.368E-18
 3.313E-18 3.346E-18 3.386E-18 3.442E-18 3.423E-18 3.418E-18 3.387E-18 3.372E-18 3.488E-18 3.579E-18
 3.541E-18 3.543E-18 3.621E-18 3.499E-18 3.434E-18 3.498E-18 3.541E-18 3.534E-18 3.604E-18 3.581E-18
 3.645E-18 3.603E-18 3.608E-18 3.646E-18 3.721E-18 3.720E-18 3.710E-18 3.666E-18 3.714E-18 3.718E-18
 3.692E-18 3.686E-18 3.711E-18 3.720E-18 3.798E-18 3.885E-18 3.913E-18 3.818E-18 3.772E-18 3.803E-18
 3.764E-18 3.829E-18 3.851E-18 3.881E-18 3.891E-18 3.951E-18 3.944E-18 3.919E-18 3.893E-18 3.931E-18
 3.843E-18 3.807E-18 3.893E-18 3.970E-18 4.015E-18 4.005E-18 4.080E-18 4.120E-18 4.158E-18 4.144E-18
 4.115E-18 4.116E-18 4.144E-18 4.091E-18 4.126E-18 4.135E-18 4.138E-18 4.093E-18 4.169E-18 4.234E-18
 4.264E-18 4.252E-18 4.228E-18 4.217E-18 4.160E-18 4.323E-18 4.297E-18 4.272E-18 4.283E-18 4.291E-18
 4.246E-18 4.243E-18 4.252E-18 4.452E-18 4.332E-18 4.314E-18 4.324E-18 4.314E-18 4.344E-18 4.463E-18
 4.331E-18 4.368E-18 4.490E-18 4.449E-18 4.391E-18 4.450E-18 4.483E-18 4.446E-18 4.458E-18 4.424E-18
 4.429E-18 4.512E-18 4.623E-18 4.490E-18 4.559E-18 4.560E-18 4.594E-18 4.614E-18 4.573E-18 4.575E-18
 4.709E-18 4.660E-18 4.664E-18 4.800E-18 4.835E-18 4.739E-18 4.787E-18 4.854E-18 4.883E-18 4.856E-18
 4.912E-18 4.904E-18 4.704E-18 4.710E-18 4.781E-18 4.739E-18 4.763E-18 4.790E-18 4.784E-18 4.865E-18
 4.798E-18 4.794E-18 4.841E-18 4.897E-18 4.866E-18 4.789E-18 4.905E-18 4.948E-18 4.771E-18 4.709E-18
 4.804E-18 4.812E-18 4.866E-18 4.823E-18 4.771E-18 4.937E-18 5.090E-18 4.944E-18 4.980E-18 5.029E-18
 4.938E-18 4.832E-18 4.695E-18 4.700E-18 4.870E-18 4.980E-18 5.135E-18 5.082E-18 5.063E-18 5.116E-18
 5.106E-18 5.111E-18 4.995E-18 4.870E-18 5.006E-18 5.066E-18 5.032E-18 5.154E-18 5.224E-18 5.171E-18
 5.136E-18 5.122E-18 5.347E-18 5.499E-18 5.426E-18 5.448E-18 5.296E-18 5.241E-18 5.302E-18 5.304E-18
 5.224E-18 5.269E-18 5.145E-18 5.272E-18 5.277E-18 5.232E-18 5.204E-18 5.183E-18 5.075E-18 5.246E-18
 5.321E-18 5.273E-18 5.255E-18 5.255E-18 5.402E-18 5.337E-18 5.205E-18 5.155E-18 5.161E-18 5.167E-18
 5.278E-18 5.323E-18 5.411E-18 5.405E-18 5.341E-18 5.216E-18 5.200E-18 5.140E-18 5.156E-18 5.144E-18
 5.187E-18 5.438E-18 5.473E-18 5.462E-18 5.413E-18 5.374E-18 5.223E-18 5.116E-18 4.992E-18 5.062E-18
 5.202E-18 5.373E-18 5.448E-18 5.444E-18 5.388E-18 5.409E-18 5.397E-18 5.500E-18 5.576E-18 5.419E-18
 5.550E-18 5.382E-18 5.418E-18 5.444E-18 5.432E-18 5.258E-18 5.310E-18 5.249E-18 5.248E-18 5.481E-18
 5.651E-18 5.582E-18 5.497E-18 5.692E-18 5.442E-18 5.245E-18 5.221E-18 5.377E-18 5.332E-18 5.342E-18
 5.156E-18 5.247E-18 5.448E-18 5.308E-18 5.306E-18 5.404E-18 5.335E-18 5.198E-18 5.278E-18 5.233E-18
 5.333E-18 5.305E-18 5.200E-18 5.005E-18 5.079E-18 4.992E-18 5.064E-18 5.342E-18 5.362E-18 5.122E-18
 5.064E-18 5.084E-18 4.979E-18 5.034E-18 5.000E-18 5.135E-18 5.288E-18 5.296E-18 5.322E-18 5.431E-18
 5.375E-18 5.113E-18 5.073E-18 5.196E-18 5.196E-18 5.174E-18 5.312E-18 5.486E-18 5.562E-18 5.273E-18
 5.146E-18 5.107E-18 5.195E-18 5.277E-18 5.405E-18 5.560E-18 5.481E-18 5.458E-18 5.075E-18 4.989E-18
 5.001E-18 4.917E-18 4.958E-18 5.205E-18 5.311E-18 5.383E-18 5.392E-18 5.381E-18 5.169E-18 5.105E-18
 5.395E-18 5.609E-18 5.366E-18 4.969E-18 4.972E-18 5.056E-18 4.962E-18 4.765E-18 4.617E-18 4.489E-18
 4.591E-18 4.822E-18 4.779E-18 4.433E-18 4.226E-18 4.390E-18 4.507E-18 4.447E-18 4.391E-18 4.372E-18
 4.581E-18 4.741E-18 4.499E-18 4.191E-18 4.237E-18 4.406E-18 4.540E-18 4.640E-18 4.682E-18 4.573E-18
 4.503E-18 4.430E-18 4.113E-18 4.006E-18 4.017E-18 4.180E-18 4.418E-18 4.577E-18 4.706E-18 4.726E-18
 4.693E-18 4.438E-18 4.176E-18 4.277E-18 4.550E-18 4.615E-18 4.880E-18 5.193E-18 5.310E-18 5.465E-18
 5.535E-18 5.128E-18 5.076E-18 5.587E-18 6.249E-18 6.367E-18 5.356E-18 4.929E-18 5.055E-18 5.194E-18
 4.944E-18 4.539E-18 4.587E-18 5.006E-18 5.931E-18 5.920E-18 4.934E-18 4.752E-18 4.910E-18 4.976E-18
 4.844E-18 4.591E-18 4.723E-18 5.265E-18 6.007E-18 5.755E-18 4.865E-18 4.862E-18 5.025E-18 4.997E-18
 4.836E-18 4.630E-18 4.700E-18 5.229E-18 5.848E-18 5.325E-18 4.704E-18 4.880E-18 5.002E-18 4.933E-18
 4.693E-18 4.534E-18 4.748E-18 5.389E-18 6.132E-18 5.852E-18 5.496E-18 5.596E-18 5.791E-18 5.880E-18
 5.698E-18 5.531E-18 5.913E-18 6.643E-18 7.119E-18 6.844E-18 6.724E-18 6.787E-18 6.610E-18 6.830E-18
 7.199E-18 6.300E-18 5.284E-18 5.605E-18 5.847E-18 5.243E-18 5.130E-18 5.623E-18 5.963E-18 6.120E-18
 6.573E-18 5.847E-18 4.832E-18 5.182E-18 5.450E-18 4.893E-18 4.928E-18 5.397E-18 5.672E-18 5.821E-18
 6.346E-18 6.005E-18 5.057E-18 5.218E-18 5.266E-18 4.872E-18 5.025E-18 5.342E-18 5.393E-18 5.644E-18
 6.164E-18 5.966E-18 5.176E-18 5.267E-18 5.106E-18 4.645E-18 4.766E-18 5.086E-18 5.230E-18 5.437E-18
 6.021E-18 6.139E-18 5.323E-18 5.248E-18 4.924E-18 4.373E-18 4.546E-18 4.820E-18 4.791E-18 5.031E-18
 5.888E-18 6.140E-18 5.363E-18 5.073E-18 4.504E-18 4.118E-18 4.376E-18 4.507E-18 4.571E-18 4.856E-18
 5.556E-18 5.981E-18 5.429E-18 4.935E-18 4.340E-18 4.142E-18 4.328E-18 4.278E-18 4.336E-18 4.604E-18
 5.297E-18 5.879E-18 5.309E-18 4.672E-18 4.167E-18 3.954E-18 4.067E-18 4.091E-18 4.278E-18 4.605E-18
 5.220E-18 5.857E-18 5.544E-18 4.605E-18 3.974E-18 3.975E-18 4.175E-18 4.136E-18 4.272E-18 4.623E-18
 5.062E-18 5.641E-18 5.532E-18 4.562E-18 4.044E-18 3.991E-18 4.018E-18 4.056E-18 4.296E-18 4.542E-18
 4.855E-18 5.495E-18 5.794E-18 4.676E-18 4.072E-18 4.059E-18 3.993E-18 4.052E-18 4.210E-18 4.343E-18
 4.659E-18 5.282E-18 5.551E-18 4.510E-18 3.872E-18 3.699E-18 3.684E-18 3.814E-18 3.983E-18 4.147E-18
 4.371E-18 4.949E-18 5.288E-18 4.381E-18 3.619E-18 3.502E-18 3.503E-18 3.611E-18 3.675E-18 3.824E-18
 4.061E-18 4.661E-18 4.991E-18 4.204E-18 3.547E-18 3.344E-18 3.275E-18 3.400E-18 3.605E-18 3.771E-18
 3.957E-18 4.288E-18 4.627E-18 4.294E-18 3.451E-18 3.052E-18 3.116E-18 3.326E-18 3.399E-18 3.527E-18
 3.770E-18 4.088E-18 4.298E-18 4.084E-18 3.321E-18 2.934E-18 2.946E-18 3.096E-18 3.196E-18 3.327E-18
 3.682E-18 3.973E-18 3.957E-18 3.950E-18 3.363E-18 2.728E-18 2.717E-18 3.064E-18 3.115E-18 3.271E-18
 3.644E-18 3.756E-18 3.565E-18 3.687E-18 3.293E-18 2.609E-18 2.609E-18 2.836E-18 2.934E-18 3.110E-18
 3.393E-18 3.477E-18 3.250E-18 3.393E-18 3.116E-18 2.555E-18 2.547E-18 2.796E-18 2.848E-18 2.836E-18
 3.213E-18 3.293E-18 2.941E-18 3.035E-18 3.006E-18 2.569E-18 2.555E-18 2.670E-18 2.624E-18 2.621E-18
 2.845E-18 2.759E-18 2.620E-18 2.775E-18 2.971E-18 2.567E-18 2.411E-18 2.526E-18 2.509E-18 2.573E-18
 2.762E-18 2.647E-18 2.558E-18 2.694E-18 2.858E-18 2.669E-18 2.405E-18 2.369E-18 2.409E-18 2.539E-18
 2.615E-18 2.491E-18 2.373E-18 2.463E-18 2.689E-18 2.647E-18 2.354E-18 2.261E-18 2.293E-18 2.420E-18
 2.438E-18 2.288E-18 2.233E-18 2.386E-18 2.570E-18 2.578E-18 2.301E-18 2.098E-18 2.137E-18 2.269E-18
 2.225E-18 2.141E-18 2.150E-18 2.254E-18 2.454E-18 2.529E-18 2.321E-18 2.061E-18 2.023E-18 2.129E-18
 2.069E-18 2.036E-18 2.093E-18 2.183E-18 2.325E-18 2.326E-18 2.134E-18 1.998E-18 1.989E-18 2.053E-18
 2.031E-18 2.019E-18 2.046E-18 2.096E-18 2.225E-18 2.242E-18 2.074E-18 1.984E-18 1.973E-18 1.966E-18
 1.896E-18 1.887E-18 1.942E-18 2.003E-18 2.138E-18 2.132E-18 1.944E-18 1.931E-18 1.928E-18 1.835E-18
 1.803E-18 1.791E-18 1.850E-18 1.915E-18 2.005E-18 1.999E-18 1.795E-18 1.729E-18 1.764E-18 1.731E-18
 1.745E-18 1.750E-18 1.783E-18 1.841E-18 1.911E-18 1.878E-18 1.711E-18 1.695E-18 1.758E-18 1.726E-18
 1.744E-18 1.732E-18 1.732E-18 1.737E-18 1.835E-18 1.811E-18 1.613E-18 1.576E-18 1.732E-18 1.703E-18
 1.670E-18 1.661E-18 1.580E-18 1.605E-18 1.777E-18 1.734E-18 1.577E-18 1.541E-18 1.633E-18 1.700E-18
 1.605E-18 1.551E-18 1.549E-18 1.594E-18 1.662E-18 1.619E-18 1.462E-18 1.469E-18 1.529E-18 1.577E-18
 1.493E-18 1.450E-18 1.494E-18 1.566E-18 1.629E-18 1.563E-18 1.462E-18 1.408E-18 1.540E-18 1.607E-18
 1.475E-18 1.461E-18 1.505E-18 1.593E-18 1.601E-18 1.412E-18 1.329E-18 1.365E-18 1.393E-18 1.408E-18
 1.385E-18 1.350E-18 1.414E-18 1.474E-18 1.475E-18 1.386E-18 1.283E-18 1.277E-18 1.227E-18 1.339E-18
 1.353E-18 1.303E-18 1.398E-18 1.465E-18 1.390E-18 1.331E-18 1.278E-18 1.170E-18 1.086E-18 1.176E-18
 1.297E-18 1.328E-18 1.411E-18 1.421E-18 1.347E-18 1.243E-18 1.155E-18 1.114E-18 1.142E-18 1.197E-18
 1.309E-18 1.354E-18 1.371E-18 1.312E-18 1.171E-18 1.114E-18 1.092E-18 1.023E-18 1.043E-18 1.137E-18
 1.301E-18 1.407E-18 1.365E-18 1.225E-18 1.086E-18 1.064E-18 1.018E-18 1.002E-18 1.002E-18 1.144E-18
 1.283E-18 1.341E-18 1.254E-18 1.078E-18 1.033E-18 9.901E-19 9.424E-19 9.531E-19 9.707E-19 1.098E-18
 1.290E-18 1.291E-18 1.131E-18 9.995E-19 9.587E-19 9.195E-19 9.302E-19 9.227E-19 1.013E-18 1.119E-18
 1.229E-18 1.179E-18 1.040E-18 9.782E-19 8.861E-19 8.921E-19 9.494E-19 9.696E-19 9.921E-19 1.073E-18
 1.141E-18 1.075E-18 9.656E-19 9.316E-19 8.729E-19 8.509E-19 8.791E-19 9.417E-19 9.721E-19 1.010E-18
 1.029E-18 9.541E-19 9.056E-19 8.797E-19 8.420E-19 8.290E-19 8.699E-19 8.943E-19 9.241E-19 8.932E-19
 8.929E-19 9.460E-19 8.955E-19 8.406E-19 8.240E-19 8.332E-19 8.151E-19 8.548E-19 8.675E-19 8.243E-19
 8.580E-19 8.697E-19 8.669E-19 8.888E-19 8.229E-19 7.535E-19 7.762E-19 8.384E-19 7.833E-19 7.531E-19
 7.950E-19 7.919E-19 7.841E-19 8.045E-19 7.830E-19 8.004E-19 8.184E-19 7.275E-19 6.942E-19 6.929E-19
 7.178E-19 7.663E-19 8.381E-19 8.070E-19 7.908E-19 8.114E-19 7.111E-19 6.932E-19 6.966E-19 6.932E-19
 7.447E-19 7.566E-19 7.494E-19 7.871E-19 7.874E-19 6.939E-19 6.303E-19 6.214E-19 6.294E-19 6.522E-19
 6.941E-19 7.344E-19 7.778E-19 7.911E-19 7.057E-19 6.336E-19 6.256E-19 6.011E-19 6.244E-19 6.768E-19
 7.034E-19 7.429E-19 7.477E-19 6.655E-19 6.040E-19 5.701E-19 5.716E-19 5.878E-19 6.029E-19 6.675E-19
 7.137E-19 7.141E-19 6.375E-19 5.916E-19 6.104E-19 6.443E-19 6.033E-19 5.515E-19 6.099E-19 6.772E-19
 6.718E-19 6.293E-19 6.064E-19 5.394E-19 5.311E-19 5.723E-19 5.563E-19 5.567E-19 6.297E-19 6.780E-19
 6.260E-19 5.853E-19 5.442E-19 5.232E-19 5.457E-19 5.758E-19 5.517E-19 5.701E-19 5.721E-19 5.679E-19
 5.547E-19 5.236E-19 5.099E-19 4.984E-19 5.309E-19 5.686E-19 5.481E-19 5.014E-19 5.342E-19 5.378E-19
 4.976E-19 4.866E-19 4.810E-19 4.887E-19 5.345E-19 5.315E-19 4.626E-19 4.788E-19 5.267E-19 5.033E-19
 4.637E-19 4.786E-19 5.035E-19 5.003E-19 4.735E-19 4.323E-19 4.731E-19 4.966E-19 4.933E-19 4.707E-19
 4.584E-19 4.591E-19 4.509E-19 4.184E-19 4.374E-19 4.383E-19 4.378E-19 4.756E-19 4.605E-19 4.378E-19
 4.525E-19 4.347E-19 4.156E-19 4.376E-19 4.236E-19 4.087E-19 4.136E-19 4.231E-19 4.361E-19 4.102E-19
 3.777E-19 3.994E-19 4.171E-19 4.141E-19 4.094E-19 3.990E-19 4.227E-19 4.467E-19 4.144E-19 4.085E-19
 3.917E-19 3.773E-19 3.840E-19 4.056E-19 3.986E-19 4.072E-19 4.054E-19 3.764E-19 3.574E-19 3.404E-19
 3.452E-19 3.771E-19 3.816E-19 3.808E-19 3.713E-19 3.415E-19 3.382E-19 3.486E-19 3.721E-19 3.756E-19
 3.570E-19 3.679E-19 3.653E-19 3.240E-19 3.080E-19 3.246E-19 3.633E-19 3.678E-19 3.484E-19 3.644E-19
 3.884E-19 3.501E-19 3.016E-19 2.892E-19 2.872E-19 3.145E-19 3.506E-19 3.611E-19 3.647E-19 3.534E-19
 3.212E-19 2.795E-19 2.705E-19 2.959E-19 3.029E-19 3.153E-19 3.542E-19 3.467E-19 3.163E-19 3.037E-19
 2.838E-19 2.839E-19 2.910E-19 2.881E-19 3.187E-19 3.370E-19 3.192E-19 3.005E-19 2.925E-19 2.923E-19
 2.767E-19 2.716E-19 2.821E-19 2.960E-19 2.937E-19 3.009E-19 3.079E-19 2.950E-19 2.939E-19 2.929E-19
 2.889E-19 2.655E-19 2.442E-19 2.618E-19 2.948E-19 3.099E-19 3.059E-19 3.026E-19 3.117E-19 2.843E-19
 2.191E-19 2.053E-19 2.412E-19 0.000E+00 0.000E+00 0.000E+00 0.000E+00 0.000E+00 0.000E+00 0.000E+00
