     CCl3F 1060.0090 1106.9890      3168  293.0000    0.0000 1.418E-18  NCAR    CFC-11              
 1.428E-19 1.422E-19 1.371E-19 1.334E-19 1.336E-19 1.356E-19 1.311E-19 1.214E-19 1.233E-19 1.211E-19
 1.291E-19 1.332E-19 1.300E-19 1.272E-19 1.240E-19 1.272E-19 1.366E-19 1.334E-19 1.264E-19 1.311E-19
 1.406E-19 1.403E-19 1.379E-19 1.344E-19 1.358E-19 1.420E-19 1.364E-19 1.321E-19 1.356E-19 1.477E-19
 1.519E-19 1.544E-19 1.470E-19 1.422E-19 1.508E-19 1.534E-19 1.433E-19 1.343E-19 1.311E-19 1.361E-19
 1.433E-19 1.443E-19 1.472E-19 1.475E-19 1.503E-19 1.542E-19 1.536E-19 1.540E-19 1.477E-19 1.372E-19
 1.302E-19 1.340E-19 1.483E-19 1.507E-19 1.439E-19 1.447E-19 1.548E-19 1.637E-19 1.592E-19 1.422E-19
 1.377E-19 1.485E-19 1.596E-19 1.588E-19 1.519E-19 1.441E-19 1.469E-19 1.621E-19 1.601E-19 1.600E-19
 1.741E-19 1.734E-19 1.682E-19 1.600E-19 1.580E-19 1.567E-19 1.552E-19 1.619E-19 1.701E-19 1.721E-19
 1.655E-19 1.562E-19 1.615E-19 1.717E-19 1.771E-19 1.729E-19 1.674E-19 1.622E-19 1.595E-19 1.626E-19
 1.700E-19 1.739E-19 1.731E-19 1.694E-19 1.633E-19 1.595E-19 1.581E-19 1.606E-19 1.622E-19 1.622E-19
 1.616E-19 1.627E-19 1.727E-19 1.769E-19 1.779E-19 1.792E-19 1.764E-19 1.772E-19 1.809E-19 1.879E-19
 1.930E-19 1.906E-19 1.832E-19 1.782E-19 1.794E-19 1.822E-19 1.921E-19 1.984E-19 1.997E-19 1.990E-19
 1.921E-19 1.966E-19 1.930E-19 1.909E-19 1.929E-19 1.943E-19 1.958E-19 1.930E-19 1.889E-19 1.940E-19
 1.973E-19 1.936E-19 1.919E-19 1.857E-19 1.830E-19 1.961E-19 1.974E-19 1.893E-19 1.818E-19 1.834E-19
 1.917E-19 1.910E-19 1.980E-19 2.047E-19 2.018E-19 2.034E-19 2.025E-19 1.936E-19 1.966E-19 2.076E-19
 2.184E-19 2.191E-19 2.011E-19 1.927E-19 2.012E-19 2.078E-19 2.008E-19 1.954E-19 1.994E-19 2.067E-19
 2.022E-19 1.965E-19 2.002E-19 2.089E-19 2.127E-19 2.121E-19 2.155E-19 2.198E-19 2.084E-19 1.987E-19
 1.988E-19 2.105E-19 2.157E-19 2.100E-19 2.063E-19 2.027E-19 2.112E-19 2.172E-19 2.141E-19 2.146E-19
 2.103E-19 2.043E-19 2.132E-19 2.175E-19 2.179E-19 2.130E-19 2.192E-19 2.205E-19 2.204E-19 2.310E-19
 2.362E-19 2.256E-19 2.155E-19 2.178E-19 2.255E-19 2.302E-19 2.287E-19 2.331E-19 2.433E-19 2.442E-19
 2.419E-19 2.487E-19 2.536E-19 2.493E-19 2.427E-19 2.373E-19 2.278E-19 2.287E-19 2.353E-19 2.395E-19
 2.484E-19 2.437E-19 2.321E-19 2.318E-19 2.417E-19 2.544E-19 2.515E-19 2.489E-19 2.414E-19 2.239E-19
 2.241E-19 2.447E-19 2.510E-19 2.419E-19 2.406E-19 2.446E-19 2.453E-19 2.519E-19 2.599E-19 2.564E-19
 2.510E-19 2.395E-19 2.362E-19 2.439E-19 2.589E-19 2.619E-19 2.568E-19 2.546E-19 2.511E-19 2.509E-19
 2.618E-19 2.717E-19 2.716E-19 2.637E-19 2.580E-19 2.556E-19 2.560E-19 2.627E-19 2.647E-19 2.666E-19
 2.630E-19 2.598E-19 2.671E-19 2.763E-19 2.775E-19 2.731E-19 2.676E-19 2.596E-19 2.463E-19 2.542E-19
 2.688E-19 2.729E-19 2.810E-19 2.799E-19 2.714E-19 2.791E-19 2.826E-19 2.784E-19 2.861E-19 2.908E-19
 2.869E-19 2.818E-19 2.864E-19 2.920E-19 2.930E-19 2.921E-19 3.002E-19 3.053E-19 2.993E-19 2.976E-19
 2.952E-19 2.957E-19 2.909E-19 2.881E-19 2.797E-19 2.803E-19 2.948E-19 2.996E-19 3.072E-19 3.107E-19
 3.018E-19 3.010E-19 3.088E-19 3.062E-19 3.026E-19 2.990E-19 2.896E-19 2.873E-19 2.991E-19 3.054E-19
 2.958E-19 2.956E-19 3.013E-19 3.038E-19 2.960E-19 2.861E-19 2.956E-19 3.049E-19 2.975E-19 2.881E-19
 2.993E-19 3.138E-19 3.236E-19 3.273E-19 3.263E-19 3.205E-19 3.173E-19 3.051E-19 3.063E-19 3.177E-19
 3.121E-19 2.943E-19 2.852E-19 3.011E-19 3.287E-19 3.288E-19 3.234E-19 3.209E-19 3.113E-19 3.022E-19
 2.962E-19 3.072E-19 3.231E-19 3.195E-19 3.050E-19 3.099E-19 3.268E-19 3.380E-19 3.325E-19 3.382E-19
 3.431E-19 3.379E-19 3.302E-19 3.207E-19 3.158E-19 3.195E-19 3.122E-19 3.018E-19 3.104E-19 3.344E-19
 3.329E-19 3.329E-19 3.444E-19 3.462E-19 3.440E-19 3.411E-19 3.443E-19 3.439E-19 3.416E-19 3.404E-19
 3.390E-19 3.594E-19 3.605E-19 3.439E-19 3.454E-19 3.545E-19 3.504E-19 3.458E-19 3.369E-19 3.334E-19
 3.377E-19 3.470E-19 3.513E-19 3.707E-19 3.837E-19 3.741E-19 3.692E-19 3.843E-19 3.874E-19 3.741E-19
 3.603E-19 3.468E-19 3.556E-19 3.682E-19 3.644E-19 3.638E-19 3.820E-19 3.765E-19 3.612E-19 3.589E-19
 3.823E-19 3.727E-19 3.556E-19 3.485E-19 3.434E-19 3.520E-19 3.727E-19 3.761E-19 3.766E-19 3.848E-19
 3.770E-19 3.646E-19 3.724E-19 3.717E-19 3.719E-19 3.610E-19 3.445E-19 3.583E-19 3.745E-19 3.854E-19
 3.879E-19 3.857E-19 3.895E-19 3.813E-19 3.772E-19 3.963E-19 3.922E-19 3.699E-19 3.629E-19 3.539E-19
 3.569E-19 3.853E-19 4.066E-19 4.069E-19 4.118E-19 4.127E-19 3.953E-19 3.922E-19 4.026E-19 3.984E-19
 3.892E-19 3.849E-19 3.877E-19 4.017E-19 4.142E-19 4.211E-19 4.141E-19 4.098E-19 4.136E-19 4.212E-19
 4.201E-19 4.107E-19 4.107E-19 4.138E-19 4.094E-19 4.156E-19 4.401E-19 4.450E-19 4.313E-19 4.365E-19
 4.333E-19 4.142E-19 4.186E-19 4.312E-19 4.131E-19 4.044E-19 4.160E-19 4.234E-19 4.208E-19 4.316E-19
 4.499E-19 4.506E-19 4.480E-19 4.390E-19 4.359E-19 4.316E-19 4.133E-19 4.006E-19 4.068E-19 4.147E-19
 4.233E-19 4.325E-19 4.398E-19 4.488E-19 4.654E-19 4.682E-19 4.590E-19 4.581E-19 4.397E-19 4.202E-19
 4.148E-19 4.088E-19 4.069E-19 4.282E-19 4.477E-19 4.452E-19 4.493E-19 4.632E-19 4.632E-19 4.599E-19
 4.521E-19 4.275E-19 4.190E-19 4.278E-19 4.195E-19 4.235E-19 4.540E-19 4.602E-19 4.640E-19 4.698E-19
 4.603E-19 4.664E-19 4.598E-19 4.360E-19 4.260E-19 4.281E-19 4.276E-19 4.352E-19 4.524E-19 4.502E-19
 4.528E-19 4.746E-19 4.841E-19 4.783E-19 4.696E-19 4.690E-19 4.595E-19 4.487E-19 4.498E-19 4.436E-19
 4.484E-19 4.605E-19 4.710E-19 4.874E-19 4.851E-19 4.805E-19 4.900E-19 4.952E-19 4.734E-19 4.575E-19
 4.779E-19 4.850E-19 4.738E-19 4.609E-19 4.702E-19 4.931E-19 4.992E-19 5.097E-19 5.056E-19 4.929E-19
 4.722E-19 4.573E-19 4.663E-19 4.718E-19 4.728E-19 4.815E-19 4.953E-19 5.189E-19 5.256E-19 5.227E-19
 5.221E-19 4.911E-19 4.627E-19 4.643E-19 4.813E-19 4.779E-19 4.747E-19 4.778E-19 4.809E-19 5.144E-19
 5.324E-19 5.191E-19 5.297E-19 5.198E-19 4.864E-19 4.877E-19 4.972E-19 4.940E-19 4.805E-19 4.899E-19
 5.036E-19 5.185E-19 5.411E-19 5.311E-19 5.234E-19 5.129E-19 4.895E-19 4.934E-19 5.031E-19 4.917E-19
 4.798E-19 4.917E-19 5.075E-19 5.282E-19 5.583E-19 5.590E-19 5.484E-19 5.412E-19 5.083E-19 4.944E-19
 5.117E-19 5.045E-19 4.930E-19 5.188E-19 5.336E-19 5.389E-19 5.521E-19 5.307E-19 5.302E-19 5.411E-19
 5.033E-19 4.917E-19 5.136E-19 4.968E-19 4.883E-19 5.071E-19 5.345E-19 5.605E-19 5.820E-19 5.705E-19
 5.500E-19 5.520E-19 5.306E-19 5.049E-19 5.248E-19 5.227E-19 4.961E-19 5.068E-19 5.448E-19 5.538E-19
 5.632E-19 5.680E-19 5.725E-19 5.648E-19 5.244E-19 5.087E-19 5.448E-19 5.566E-19 5.215E-19 5.198E-19
 5.518E-19 5.613E-19 5.823E-19 6.029E-19 6.140E-19 6.062E-19 5.456E-19 5.233E-19 5.468E-19 5.495E-19
 5.232E-19 5.210E-19 5.579E-19 5.745E-19 5.728E-19 5.823E-19 5.932E-19 5.950E-19 5.560E-19 5.297E-19
 5.466E-19 5.683E-19 5.370E-19 5.345E-19 5.734E-19 5.817E-19 5.829E-19 6.108E-19 6.179E-19 6.066E-19
 5.649E-19 5.439E-19 5.607E-19 5.733E-19 5.562E-19 5.607E-19 5.949E-19 5.972E-19 5.867E-19 6.142E-19
 6.368E-19 6.264E-19 5.893E-19 5.507E-19 5.486E-19 5.527E-19 5.375E-19 5.365E-19 5.562E-19 5.704E-19
 5.899E-19 6.198E-19 6.364E-19 6.338E-19 5.964E-19 5.594E-19 5.635E-19 5.762E-19 5.647E-19 5.570E-19
 5.817E-19 5.866E-19 5.892E-19 6.245E-19 6.465E-19 6.357E-19 5.884E-19 5.531E-19 5.708E-19 5.729E-19
 5.683E-19 5.565E-19 5.734E-19 5.761E-19 5.899E-19 6.353E-19 6.527E-19 6.414E-19 5.894E-19 5.608E-19
 5.785E-19 5.791E-19 5.736E-19 5.670E-19 5.830E-19 5.745E-19 5.813E-19 6.255E-19 6.398E-19 6.329E-19
 5.970E-19 5.859E-19 5.976E-19 5.914E-19 5.848E-19 5.814E-19 6.063E-19 6.093E-19 6.117E-19 6.436E-19
 6.601E-19 6.608E-19 6.169E-19 5.867E-19 5.845E-19 5.702E-19 5.723E-19 5.808E-19 5.970E-19 5.969E-19
 6.052E-19 6.435E-19 6.413E-19 6.224E-19 5.976E-19 5.779E-19 5.723E-19 5.710E-19 5.802E-19 6.008E-19
 6.328E-19 6.277E-19 6.160E-19 6.311E-19 6.608E-19 6.622E-19 6.196E-19 5.944E-19 5.847E-19 5.788E-19
 5.639E-19 5.755E-19 6.042E-19 5.969E-19 5.930E-19 6.244E-19 6.578E-19 6.600E-19 6.110E-19 5.950E-19
 6.035E-19 5.921E-19 5.854E-19 5.963E-19 6.249E-19 6.281E-19 6.305E-19 6.583E-19 6.959E-19 7.041E-19
 6.420E-19 5.872E-19 5.817E-19 5.771E-19 5.708E-19 5.963E-19 6.248E-19 6.219E-19 6.378E-19 6.667E-19
 6.866E-19 6.732E-19 6.131E-19 5.921E-19 6.104E-19 6.049E-19 5.938E-19 6.091E-19 6.205E-19 6.175E-19
 6.423E-19 6.872E-19 7.213E-19 6.945E-19 6.320E-19 6.156E-19 6.096E-19 5.886E-19 6.084E-19 6.416E-19
 6.241E-19 6.043E-19 6.257E-19 6.761E-19 7.142E-19 6.741E-19 6.078E-19 6.176E-19 6.245E-19 5.833E-19
 5.996E-19 6.391E-19 6.269E-19 6.258E-19 6.529E-19 7.059E-19 7.446E-19 6.899E-19 6.147E-19 6.202E-19
 6.277E-19 5.876E-19 6.015E-19 6.238E-19 6.068E-19 6.226E-19 6.624E-19 7.144E-19 7.551E-19 7.065E-19
 6.318E-19 6.209E-19 6.246E-19 6.056E-19 6.326E-19 6.356E-19 6.308E-19 6.538E-19 6.909E-19 7.448E-19
 7.497E-19 6.915E-19 6.399E-19 6.292E-19 6.080E-19 6.028E-19 6.242E-19 6.228E-19 6.160E-19 6.322E-19
 6.819E-19 7.325E-19 7.285E-19 6.778E-19 6.451E-19 6.391E-19 6.023E-19 6.043E-19 6.141E-19 6.079E-19
 6.208E-19 6.490E-19 6.977E-19 7.449E-19 7.421E-19 6.923E-19 6.576E-19 6.447E-19 6.143E-19 6.122E-19
 6.113E-19 5.872E-19 6.032E-19 6.566E-19 7.079E-19 7.425E-19 7.212E-19 6.617E-19 6.278E-19 6.026E-19
 6.027E-19 6.223E-19 6.020E-19 5.864E-19 6.002E-19 6.417E-19 7.028E-19 7.362E-19 7.113E-19 6.609E-19
 6.464E-19 6.336E-19 6.301E-19 6.299E-19 6.196E-19 6.214E-19 6.429E-19 7.053E-19 7.641E-19 7.850E-19
 7.485E-19 6.814E-19 6.565E-19 6.386E-19 6.468E-19 6.482E-19 6.301E-19 6.310E-19 6.568E-19 7.229E-19
 7.821E-19 7.822E-19 7.279E-19 6.877E-19 6.768E-19 6.596E-19 6.485E-19 6.451E-19 6.397E-19 6.385E-19
 6.918E-19 7.693E-19 8.125E-19 7.948E-19 7.359E-19 7.064E-19 6.791E-19 6.528E-19 6.500E-19 6.459E-19
 6.392E-19 6.501E-19 6.924E-19 7.470E-19 7.823E-19 7.391E-19 6.746E-19 6.394E-19 6.092E-19 6.095E-19
 6.137E-19 6.005E-19 6.062E-19 6.396E-19 6.992E-19 7.631E-19 7.906E-19 7.294E-19 6.674E-19 6.214E-19
 5.945E-19 6.076E-19 6.118E-19 6.203E-19 6.256E-19 6.590E-19 7.090E-19 7.558E-19 7.638E-19 7.252E-19
 6.825E-19 6.445E-19 6.184E-19 6.137E-19 6.215E-19 6.392E-19 6.616E-19 7.006E-19 7.472E-19 7.877E-19
 7.626E-19 7.044E-19 6.629E-19 6.272E-19 6.212E-19 6.225E-19 6.243E-19 6.438E-19 6.742E-19 7.202E-19
 7.649E-19 7.969E-19 7.644E-19 6.965E-19 6.452E-19 6.368E-19 6.623E-19 6.483E-19 6.508E-19 6.643E-19
 6.886E-19 7.397E-19 8.002E-19 8.250E-19 7.656E-19 6.980E-19 6.587E-19 6.550E-19 6.585E-19 6.656E-19
 6.386E-19 6.309E-19 6.819E-19 7.481E-19 8.006E-19 7.925E-19 7.117E-19 6.276E-19 5.882E-19 5.939E-19
 6.088E-19 6.224E-19 6.312E-19 6.557E-19 7.071E-19 7.686E-19 8.067E-19 7.579E-19 6.599E-19 6.171E-19
 6.266E-19 6.281E-19 6.342E-19 6.444E-19 6.523E-19 6.807E-19 7.401E-19 7.971E-19 7.910E-19 7.082E-19
 6.429E-19 6.276E-19 6.397E-19 6.278E-19 6.312E-19 6.423E-19 6.647E-19 7.005E-19 7.694E-19 8.342E-19
 8.058E-19 7.157E-19 6.593E-19 6.581E-19 6.574E-19 6.507E-19 6.633E-19 6.889E-19 7.114E-19 7.459E-19
 8.066E-19 8.319E-19 7.694E-19 6.933E-19 6.740E-19 6.753E-19 6.605E-19 6.669E-19 6.886E-19 7.018E-19
 7.332E-19 7.917E-19 8.516E-19 8.380E-19 7.571E-19 7.098E-19 6.821E-19 6.712E-19 6.779E-19 7.007E-19
 7.287E-19 7.518E-19 7.796E-19 8.363E-19 8.618E-19 7.809E-19 7.124E-19 7.223E-19 7.252E-19 6.972E-19
 6.941E-19 7.078E-19 7.135E-19 7.298E-19 7.704E-19 8.157E-19 7.908E-19 7.065E-19 6.651E-19 6.559E-19
 6.565E-19 6.479E-19 6.564E-19 6.995E-19 7.388E-19 7.693E-19 8.249E-19 8.619E-19 7.716E-19 6.725E-19
 6.556E-19 6.567E-19 6.519E-19 6.641E-19 6.656E-19 6.740E-19 7.202E-19 7.677E-19 8.168E-19 7.904E-19
 6.925E-19 6.672E-19 6.740E-19 6.647E-19 6.496E-19 6.570E-19 6.843E-19 7.216E-19 7.619E-19 8.208E-19
 8.404E-19 7.506E-19 6.789E-19 6.648E-19 6.533E-19 6.523E-19 6.703E-19 7.080E-19 7.417E-19 7.813E-19
 8.150E-19 8.453E-19 8.168E-19 7.365E-19 7.010E-19 7.067E-19 7.100E-19 7.039E-19 7.153E-19 7.320E-19
 7.734E-19 8.177E-19 8.418E-19 8.367E-19 7.785E-19 7.397E-19 7.246E-19 7.107E-19 7.417E-19 7.702E-19
 7.820E-19 7.880E-19 8.049E-19 8.479E-19 8.970E-19 8.242E-19 7.408E-19 7.431E-19 7.615E-19 7.778E-19
 7.930E-19 7.998E-19 8.133E-19 8.376E-19 8.692E-19 9.159E-19 9.008E-19 8.242E-19 7.875E-19 7.936E-19
 7.993E-19 8.207E-19 8.483E-19 8.395E-19 8.355E-19 8.581E-19 9.036E-19 9.191E-19 8.405E-19 7.619E-19
 7.275E-19 7.177E-19 7.297E-19 7.409E-19 7.262E-19 7.359E-19 7.692E-19 7.968E-19 8.138E-19 7.808E-19
 7.159E-19 7.011E-19 7.045E-19 7.176E-19 7.496E-19 7.660E-19 7.614E-19 7.560E-19 7.914E-19 8.322E-19
 8.168E-19 7.495E-19 7.208E-19 7.383E-19 7.511E-19 7.589E-19 7.740E-19 7.767E-19 7.826E-19 8.169E-19
 8.618E-19 8.894E-19 8.387E-19 7.669E-19 7.353E-19 7.282E-19 7.404E-19 7.638E-19 7.810E-19 7.876E-19
 8.012E-19 8.209E-19 8.574E-19 8.551E-19 8.137E-19 8.005E-19 8.027E-19 7.965E-19 7.778E-19 7.834E-19
 8.287E-19 8.659E-19 8.823E-19 9.063E-19 8.992E-19 8.681E-19 8.375E-19 8.409E-19 8.630E-19 8.661E-19
 8.583E-19 8.506E-19 8.666E-19 8.895E-19 9.018E-19 9.304E-19 9.195E-19 8.905E-19 8.709E-19 8.593E-19
 8.487E-19 8.424E-19 8.519E-19 8.301E-19 8.137E-19 8.444E-19 8.814E-19 8.699E-19 8.257E-19 8.120E-19
 8.047E-19 7.945E-19 7.977E-19 8.134E-19 8.303E-19 8.518E-19 8.951E-19 9.218E-19 9.247E-19 8.665E-19
 8.210E-19 8.033E-19 7.998E-19 7.995E-19 8.089E-19 8.209E-19 8.324E-19 8.598E-19 8.764E-19 8.695E-19
 8.627E-19 8.493E-19 8.517E-19 8.663E-19 8.561E-19 8.308E-19 8.449E-19 8.790E-19 9.033E-19 9.266E-19
 9.423E-19 9.228E-19 8.933E-19 9.128E-19 9.398E-19 8.994E-19 8.327E-19 8.192E-19 8.349E-19 8.514E-19
 8.381E-19 8.490E-19 8.773E-19 8.422E-19 8.232E-19 8.259E-19 8.196E-19 8.373E-19 8.596E-19 8.545E-19
 8.557E-19 8.814E-19 9.204E-19 9.455E-19 9.113E-19 8.924E-19 9.093E-19 9.214E-19 9.119E-19 9.064E-19
 9.044E-19 9.330E-19 9.575E-19 9.634E-19 9.736E-19 9.760E-19 9.635E-19 9.594E-19 9.694E-19 9.822E-19
 9.875E-19 9.901E-19 1.014E-18 1.040E-18 1.020E-18 1.015E-18 1.043E-18 1.067E-18 1.059E-18 1.048E-18
 1.050E-18 1.058E-18 1.054E-18 1.066E-18 1.067E-18 9.849E-19 9.301E-19 9.315E-19 9.192E-19 9.236E-19
 9.573E-19 9.499E-19 9.386E-19 9.585E-19 9.563E-19 9.462E-19 9.683E-19 9.983E-19 1.014E-18 1.004E-18
 9.775E-19 9.834E-19 1.003E-18 1.022E-18 1.014E-18 9.956E-19 1.005E-18 1.004E-18 1.019E-18 1.025E-18
 1.027E-18 1.047E-18 1.069E-18 1.044E-18 1.025E-18 1.039E-18 1.046E-18 1.058E-18 1.075E-18 1.073E-18
 1.087E-18 1.075E-18 1.058E-18 1.069E-18 1.071E-18 1.063E-18 1.053E-18 1.016E-18 9.736E-19 9.609E-19
 9.534E-19 9.642E-19 9.426E-19 9.626E-19 9.938E-19 9.983E-19 1.010E-18 9.990E-19 9.975E-19 9.954E-19
 1.007E-18 1.002E-18 9.860E-19 1.025E-18 1.060E-18 1.059E-18 1.062E-18 1.067E-18 1.069E-18 1.068E-18
 1.066E-18 1.058E-18 1.046E-18 1.053E-18 1.077E-18 1.065E-18 1.033E-18 1.038E-18 1.042E-18 1.011E-18
 9.959E-19 9.690E-19 9.221E-19 8.719E-19 8.140E-19 7.336E-19 6.929E-19 7.089E-19 7.162E-19 7.057E-19
 6.956E-19 7.106E-19 7.142E-19 6.938E-19 6.904E-19 7.006E-19 7.117E-19 7.180E-19 7.399E-19 7.569E-19
 7.471E-19 7.388E-19 7.272E-19 7.052E-19 7.016E-19 7.172E-19 7.297E-19 7.275E-19 7.147E-19 7.104E-19
 7.193E-19 7.231E-19 7.243E-19 7.175E-19 7.052E-19 6.985E-19 7.016E-19 7.121E-19 7.074E-19 7.140E-19
 7.330E-19 7.304E-19 7.343E-19 7.369E-19 7.203E-19 7.248E-19 7.202E-19 7.196E-19 7.270E-19 7.362E-19
 7.447E-19 7.576E-19 7.589E-19 7.406E-19 7.376E-19 7.383E-19 7.482E-19 7.554E-19 7.537E-19 7.647E-19
 7.853E-19 7.810E-19 7.729E-19 7.681E-19 7.552E-19 7.566E-19 7.478E-19 7.482E-19 7.562E-19 7.582E-19
 7.574E-19 7.867E-19 7.891E-19 7.804E-19 7.608E-19 7.610E-19 7.748E-19 7.921E-19 8.051E-19 7.990E-19
 8.010E-19 8.184E-19 8.268E-19 7.953E-19 7.921E-19 7.886E-19 7.827E-19 7.886E-19 7.845E-19 7.972E-19
 8.152E-19 8.331E-19 8.433E-19 8.363E-19 8.243E-19 8.203E-19 8.277E-19 8.477E-19 8.405E-19 8.339E-19
 8.579E-19 8.899E-19 9.000E-19 9.087E-19 9.064E-19 8.837E-19 8.791E-19 8.838E-19 8.848E-19 8.656E-19
 8.591E-19 8.905E-19 9.157E-19 8.827E-19 8.928E-19 8.977E-19 8.667E-19 8.383E-19 8.440E-19 8.464E-19
 8.492E-19 8.776E-19 9.032E-19 9.107E-19 9.233E-19 9.237E-19 9.184E-19 8.889E-19 8.766E-19 8.938E-19
 8.979E-19 9.391E-19 9.692E-19 9.567E-19 9.538E-19 9.628E-19 9.927E-19 9.972E-19 9.754E-19 9.722E-19
 9.826E-19 9.981E-19 1.035E-18 1.059E-18 1.057E-18 1.037E-18 1.042E-18 1.083E-18 1.059E-18 1.033E-18
 1.071E-18 1.091E-18 1.081E-18 1.091E-18 1.104E-18 1.096E-18 1.086E-18 1.124E-18 1.165E-18 1.131E-18
 1.129E-18 1.173E-18 1.180E-18 1.164E-18 1.178E-18 1.197E-18 1.162E-18 1.155E-18 1.195E-18 1.196E-18
 1.200E-18 1.215E-18 1.189E-18 1.196E-18 1.232E-18 1.240E-18 1.214E-18 1.205E-18 1.217E-18 1.270E-18
 1.282E-18 1.251E-18 1.240E-18 1.212E-18 1.211E-18 1.263E-18 1.287E-18 1.277E-18 1.270E-18 1.300E-18
 1.333E-18 1.342E-18 1.352E-18 1.321E-18 1.285E-18 1.286E-18 1.286E-18 1.299E-18 1.296E-18 1.310E-18
 1.331E-18 1.358E-18 1.356E-18 1.298E-18 1.274E-18 1.300E-18 1.328E-18 1.342E-18 1.337E-18 1.344E-18
 1.354E-18 1.383E-18 1.418E-18 1.385E-18 1.324E-18 1.318E-18 1.342E-18 1.342E-18 1.321E-18 1.277E-18
 1.261E-18 1.287E-18 1.334E-18 1.361E-18 1.291E-18 1.261E-18 1.241E-18 1.243E-18 1.280E-18 1.275E-18
 1.263E-18 1.271E-18 1.298E-18 1.331E-18 1.297E-18 1.189E-18 1.158E-18 1.162E-18 1.199E-18 1.241E-18
 1.232E-18 1.227E-18 1.235E-18 1.233E-18 1.280E-18 1.272E-18 1.207E-18 1.186E-18 1.217E-18 1.247E-18
 1.241E-18 1.215E-18 1.245E-18 1.258E-18 1.246E-18 1.254E-18 1.233E-18 1.196E-18 1.176E-18 1.190E-18
 1.213E-18 1.197E-18 1.198E-18 1.204E-18 1.211E-18 1.228E-18 1.242E-18 1.210E-18 1.164E-18 1.141E-18
 1.166E-18 1.178E-18 1.154E-18 1.143E-18 1.168E-18 1.189E-18 1.204E-18 1.197E-18 1.141E-18 1.095E-18
 1.120E-18 1.131E-18 1.095E-18 1.083E-18 1.063E-18 1.082E-18 1.096E-18 1.109E-18 1.113E-18 1.089E-18
 1.076E-18 1.057E-18 1.032E-18 1.038E-18 1.052E-18 1.063E-18 1.080E-18 1.080E-18 1.079E-18 1.056E-18
 1.034E-18 1.029E-18 1.023E-18 1.027E-18 1.025E-18 1.010E-18 1.016E-18 1.051E-18 1.072E-18 1.077E-18
 1.026E-18 9.875E-19 9.918E-19 9.775E-19 9.533E-19 9.401E-19 9.516E-19 9.531E-19 9.539E-19 1.014E-18
 1.025E-18 9.618E-19 9.369E-19 9.548E-19 9.517E-19 9.288E-19 9.247E-19 9.203E-19 9.123E-19 9.678E-19
 1.014E-18 9.679E-19 9.283E-19 9.266E-19 9.052E-19 8.633E-19 8.700E-19 8.888E-19 8.841E-19 9.079E-19
 9.795E-19 9.810E-19 9.072E-19 8.812E-19 8.901E-19 8.708E-19 8.401E-19 8.448E-19 8.240E-19 8.205E-19
 8.753E-19 9.291E-19 9.096E-19 8.571E-19 8.408E-19 8.262E-19 8.201E-19 8.228E-19 8.055E-19 8.062E-19
 8.278E-19 8.722E-19 9.031E-19 8.509E-19 8.165E-19 8.059E-19 7.931E-19 7.837E-19 7.514E-19 7.484E-19
 7.721E-19 8.056E-19 8.558E-19 8.411E-19 7.871E-19 7.615E-19 7.627E-19 7.720E-19 7.604E-19 7.443E-19
 7.398E-19 7.597E-19 8.260E-19 8.685E-19 8.051E-19 7.549E-19 7.463E-19 7.471E-19 7.281E-19 7.115E-19
 7.198E-19 7.406E-19 7.791E-19 8.254E-19 8.224E-19 7.613E-19 7.327E-19 7.347E-19 7.088E-19 6.744E-19
 6.586E-19 6.752E-19 7.528E-19 8.225E-19 8.416E-19 7.737E-19 7.188E-19 7.057E-19 6.850E-19 6.641E-19
 6.617E-19 6.867E-19 7.239E-19 7.526E-19 8.024E-19 7.980E-19 7.375E-19 6.927E-19 6.538E-19 6.364E-19
 6.365E-19 6.538E-19 6.810E-19 7.242E-19 7.727E-19 7.832E-19 7.301E-19 6.793E-19 6.626E-19 6.570E-19
 6.517E-19 6.735E-19 6.944E-19 7.222E-19 7.575E-19 7.962E-19 7.414E-19 6.432E-19 6.184E-19 6.177E-19
 6.264E-19 6.436E-19 6.539E-19 6.750E-19 7.014E-19 7.478E-19 7.529E-19 6.770E-19 6.349E-19 6.257E-19
 6.065E-19 6.113E-19 6.517E-19 6.806E-19 6.905E-19 7.213E-19 7.424E-19 6.883E-19 6.265E-19 5.983E-19
 5.999E-19 6.010E-19 6.157E-19 6.401E-19 6.635E-19 7.146E-19 7.373E-19 6.812E-19 6.168E-19 5.893E-19
 5.907E-19 5.845E-19 5.958E-19 5.989E-19 6.115E-19 6.640E-19 6.951E-19 6.873E-19 6.408E-19 6.088E-19
 5.917E-19 5.678E-19 5.912E-19 6.124E-19 6.400E-19 6.748E-19 6.846E-19 6.886E-19 6.464E-19 5.826E-19
 5.586E-19 5.549E-19 5.543E-19 5.647E-19 6.015E-19 6.358E-19 6.429E-19 6.424E-19 6.277E-19 5.748E-19
 5.532E-19 5.574E-19 5.660E-19 5.892E-19 6.153E-19 6.298E-19 6.199E-19 6.180E-19 6.305E-19 5.992E-19
 5.578E-19 5.409E-19 5.319E-19 5.496E-19 5.746E-19 6.054E-19 6.056E-19 6.155E-19 6.273E-19 5.968E-19
 5.411E-19 5.097E-19 5.222E-19 5.311E-19 5.399E-19 5.715E-19 5.724E-19 5.826E-19 5.792E-19 5.677E-19
 5.431E-19 5.158E-19 5.095E-19 5.151E-19 5.401E-19 5.688E-19 5.577E-19 5.595E-19 5.538E-19 5.581E-19
 5.346E-19 5.081E-19 5.032E-19 4.969E-19 5.115E-19 5.261E-19 5.368E-19 5.523E-19 5.343E-19 5.442E-19
 5.594E-19 5.283E-19 4.952E-19 4.711E-19 4.934E-19 5.241E-19 5.300E-19 5.189E-19 5.170E-19 5.394E-19
 5.427E-19 4.853E-19 4.583E-19 4.815E-19 5.170E-19 5.290E-19 5.331E-19 5.131E-19 4.854E-19 5.101E-19
 5.431E-19 4.968E-19 4.598E-19 4.744E-19 4.892E-19 5.020E-19 5.108E-19 4.939E-19 4.917E-19 5.101E-19
 5.136E-19 4.756E-19 4.551E-19 4.749E-19 4.827E-19 4.775E-19 4.670E-19 4.598E-19 4.824E-19 5.068E-19
 5.168E-19 4.861E-19 4.584E-19 4.669E-19 4.870E-19 4.882E-19 4.704E-19 4.684E-19 4.858E-19 4.846E-19
 4.936E-19 4.952E-19 4.605E-19 4.476E-19 4.572E-19 4.645E-19 4.481E-19 4.427E-19 4.577E-19 4.486E-19
 4.600E-19 4.746E-19 4.637E-19 4.640E-19 4.576E-19 4.341E-19 4.217E-19 4.441E-19 4.442E-19 4.291E-19
 4.546E-19 4.803E-19 4.520E-19 4.250E-19 4.375E-19 4.456E-19 4.456E-19 4.464E-19 4.277E-19 4.301E-19
 4.573E-19 4.651E-19 4.309E-19 4.141E-19 4.309E-19 4.374E-19 4.439E-19 4.394E-19 4.260E-19 4.227E-19
 4.498E-19 4.719E-19 4.493E-19 4.262E-19 4.158E-19 4.146E-19 4.151E-19 4.141E-19 4.259E-19 4.298E-19
 4.229E-19 4.480E-19 4.497E-19 4.270E-19 4.193E-19 4.049E-19 4.029E-19 4.029E-19 4.099E-19 4.108E-19
 4.096E-19 4.413E-19 4.382E-19 4.069E-19 3.901E-19 3.929E-19 3.906E-19 3.886E-19 3.981E-19 4.099E-19
 4.250E-19 4.383E-19 4.206E-19 3.887E-19 3.749E-19 3.637E-19 3.627E-19 3.831E-19 3.912E-19 3.866E-19
 4.010E-19 4.207E-19 4.108E-19 3.766E-19 3.640E-19 3.640E-19 3.744E-19 3.803E-19 3.571E-19 3.579E-19
 3.883E-19 4.131E-19 4.046E-19 3.745E-19 3.708E-19 3.744E-19 3.870E-19 3.788E-19 3.674E-19 3.960E-19
 4.163E-19 4.189E-19 4.070E-19 3.905E-19 3.741E-19 3.621E-19 3.669E-19 3.604E-19 3.606E-19 3.769E-19
 3.927E-19 4.053E-19 3.888E-19 3.608E-19 3.538E-19 3.661E-19 3.699E-19 3.620E-19 3.679E-19 3.751E-19
 3.818E-19 3.984E-19 3.957E-19 3.583E-19 3.427E-19 3.718E-19 3.803E-19 3.788E-19 3.731E-19 3.665E-19
 3.857E-19 3.985E-19 3.787E-19 3.503E-19 3.602E-19 3.668E-19 3.599E-19 3.589E-19 3.642E-19 3.907E-19
 4.048E-19 3.979E-19 3.859E-19 3.643E-19 3.634E-19 3.755E-19 3.730E-19 3.647E-19 3.630E-19 3.736E-19
 3.832E-19 3.888E-19 3.721E-19 3.477E-19 3.537E-19 3.541E-19 3.533E-19 3.649E-19 3.667E-19 3.666E-19
 3.634E-19 3.674E-19 3.701E-19 3.588E-19 3.544E-19 3.484E-19 3.569E-19 3.729E-19 3.734E-19 3.615E-19
 3.527E-19 3.618E-19 3.535E-19 3.471E-19 3.536E-19 3.613E-19 3.657E-19 3.524E-19 3.537E-19 3.645E-19
 3.715E-19 3.744E-19 3.513E-19 3.363E-19 3.431E-19 3.609E-19 3.681E-19 3.586E-19 3.635E-19 3.604E-19
 3.591E-19 3.541E-19 3.414E-19 3.404E-19 3.502E-19 3.542E-19 3.463E-19 3.506E-19 3.601E-19 3.524E-19
 3.502E-19 3.479E-19 3.419E-19 3.406E-19 3.482E-19 3.450E-19 3.341E-19 3.358E-19 3.407E-19 3.429E-19
 3.486E-19 3.565E-19 3.498E-19 3.445E-19 3.488E-19 3.374E-19 3.337E-19 3.431E-19 3.375E-19 3.431E-19
 3.622E-19 3.593E-19 3.439E-19 3.508E-19 3.472E-19 3.382E-19 3.425E-19 3.338E-19 3.274E-19 3.415E-19
 3.582E-19 3.660E-19 3.666E-19 3.543E-19 3.447E-19 3.504E-19 3.467E-19 3.434E-19 3.576E-19 3.709E-19
 3.714E-19 3.689E-19 3.681E-19 3.721E-19 3.762E-19 3.862E-19 3.858E-19 3.796E-19 3.909E-19 3.926E-19
 3.849E-19 3.812E-19 3.806E-19 3.723E-19 3.767E-19 3.784E-19 3.639E-19 3.674E-19 3.793E-19 3.776E-19
 3.707E-19 3.718E-19 3.747E-19 3.665E-19 3.583E-19 3.585E-19 3.691E-19 3.773E-19 3.709E-19 3.745E-19
 3.755E-19 3.721E-19 3.643E-19 3.623E-19 3.557E-19 3.523E-19 3.609E-19 3.709E-19 3.814E-19 3.833E-19
 3.702E-19 3.619E-19 3.646E-19 3.641E-19 3.582E-19 3.667E-19 3.627E-19 3.654E-19 3.758E-19 3.596E-19
 3.517E-19 3.633E-19 3.669E-19 3.638E-19 3.633E-19 3.656E-19 3.644E-19 3.662E-19 3.593E-19 3.525E-19
 3.530E-19 3.623E-19 3.705E-19 3.702E-19 3.660E-19 3.597E-19 3.598E-19 3.686E-19 3.790E-19 3.710E-19
 3.547E-19 3.520E-19 3.577E-19 3.528E-19 3.489E-19 3.524E-19 3.610E-19 3.619E-19 3.615E-19 3.577E-19
 3.625E-19 3.565E-19 3.529E-19 3.620E-19 3.643E-19 3.640E-19 3.652E-19 3.603E-19 3.535E-19 3.522E-19
 3.533E-19 3.486E-19 3.453E-19 3.462E-19 3.481E-19 3.455E-19 3.666E-19 3.783E-19 3.682E-19 3.501E-19
 3.384E-19 3.345E-19 3.371E-19 3.472E-19 3.542E-19 3.575E-19 3.616E-19 3.600E-19 3.428E-19 3.338E-19
 3.391E-19 3.436E-19 3.462E-19 3.440E-19 3.442E-19 3.572E-19 3.674E-19 3.524E-19 3.384E-19 3.475E-19
 3.551E-19 3.522E-19 3.458E-19 3.506E-19 3.529E-19 3.527E-19 3.548E-19 3.589E-19 3.638E-19 3.659E-19
 3.644E-19 3.533E-19 3.540E-19 3.621E-19 3.622E-19 3.602E-19 3.573E-19 3.588E-19 3.643E-19 3.651E-19
 3.491E-19 3.347E-19 3.453E-19 3.604E-19 3.658E-19 3.566E-19 3.507E-19 3.584E-19 3.640E-19 3.625E-19
 3.607E-19 3.583E-19 3.580E-19 3.547E-19 3.399E-19 3.360E-19 3.426E-19 3.569E-19 3.594E-19 3.585E-19
 3.537E-19 3.543E-19 3.578E-19 3.469E-19 3.341E-19 3.388E-19 3.431E-19 3.495E-19 3.454E-19 3.424E-19
 3.508E-19 3.578E-19 3.518E-19 3.302E-19 3.344E-19 3.536E-19 3.609E-19 3.632E-19 3.559E-19 3.515E-19
 3.601E-19 3.764E-19 3.709E-19 3.510E-19 3.413E-19 3.478E-19 3.544E-19 3.530E-19 3.599E-19 3.562E-19
 3.509E-19 3.476E-19 3.492E-19 3.546E-19 3.392E-19 3.304E-19 3.337E-19 3.286E-19 3.332E-19 3.576E-19
 3.741E-19 3.666E-19 3.658E-19 3.623E-19 3.539E-19 3.573E-19 3.532E-19 3.379E-19 3.338E-19 3.462E-19
 3.584E-19 3.503E-19 3.431E-19 3.444E-19 3.409E-19 3.387E-19 3.315E-19 3.293E-19 3.400E-19 3.483E-19
 3.518E-19 3.445E-19 3.408E-19 3.536E-19 3.538E-19 3.385E-19 3.256E-19 3.239E-19 3.386E-19 3.461E-19
 3.280E-19 3.157E-19 3.212E-19 3.304E-19 3.238E-19 3.219E-19 3.257E-19 3.233E-19 3.239E-19 3.275E-19
 3.231E-19 3.279E-19 3.448E-19 3.442E-19 3.352E-19 3.302E-19 3.177E-19 3.089E-19 3.119E-19 3.099E-19
 3.151E-19 3.113E-19 3.130E-19 3.106E-19 3.145E-19 3.167E-19 3.175E-19 3.141E-19 3.120E-19 3.141E-19
 3.211E-19 3.287E-19 3.287E-19 3.201E-19 3.191E-19 3.171E-19 3.021E-19 3.120E-19 3.221E-19 3.105E-19
 3.122E-19 3.154E-19 3.132E-19 3.182E-19 3.188E-19 3.229E-19 3.316E-19 3.260E-19 3.069E-19 3.006E-19
 3.091E-19 3.081E-19 3.017E-19 3.145E-19 3.177E-19 3.120E-19 3.133E-19 3.132E-19 3.139E-19 3.184E-19
 3.183E-19 3.193E-19 3.198E-19 3.104E-19 3.107E-19 3.155E-19 2.994E-19 2.847E-19 2.967E-19 3.062E-19
 3.030E-19 3.026E-19 2.831E-19 2.895E-19 3.054E-19 3.011E-19 2.985E-19 3.016E-19 3.013E-19 2.967E-19
 2.949E-19 2.948E-19 2.919E-19 3.001E-19 3.128E-19 3.078E-19 2.877E-19 2.751E-19 2.897E-19 3.016E-19
 2.987E-19 2.932E-19 2.975E-19 2.972E-19 2.921E-19 2.944E-19 2.962E-19 2.914E-19 2.854E-19 2.883E-19
 2.874E-19 2.689E-19 2.731E-19 2.899E-19 2.779E-19 2.774E-19 2.798E-19 2.764E-19 2.786E-19 2.764E-19
 2.743E-19 2.742E-19 2.747E-19 2.740E-19 2.756E-19 2.750E-19 2.740E-19 2.893E-19 2.932E-19 2.824E-19
 2.785E-19 2.782E-19 2.836E-19 2.866E-19 2.803E-19 2.695E-19 2.728E-19 2.824E-19 2.764E-19 2.759E-19
 2.796E-19 2.786E-19 2.823E-19 2.779E-19 2.785E-19 2.683E-19 2.657E-19 2.714E-19 2.694E-19 2.663E-19
 2.618E-19 2.607E-19 2.543E-19 2.719E-19 2.819E-19 2.620E-19 2.551E-19 2.668E-19 2.671E-19 2.544E-19
 2.475E-19 2.469E-19 2.598E-19 2.654E-19 2.495E-19 2.400E-19 2.512E-19 2.538E-19 2.442E-19 2.504E-19
 2.559E-19 2.521E-19 2.531E-19 2.510E-19 2.561E-19 2.595E-19 2.542E-19 2.505E-19 2.621E-19 2.629E-19
 2.509E-19 2.482E-19 2.458E-19 2.579E-19 2.676E-19 2.594E-19 2.495E-19 2.443E-19 2.385E-19 2.452E-19
 2.579E-19 2.496E-19 2.421E-19 2.500E-19 2.549E-19 2.511E-19 2.449E-19 2.377E-19 2.365E-19 2.379E-19
 2.301E-19 2.273E-19 2.317E-19 2.434E-19 2.547E-19 2.496E-19 2.328E-19 2.302E-19 2.353E-19 2.406E-19
 2.425E-19 2.380E-19 2.343E-19 2.374E-19 2.461E-19 2.498E-19 2.408E-19 2.362E-19 2.386E-19 2.400E-19
 2.481E-19 2.383E-19 2.348E-19 2.380E-19 2.353E-19 2.424E-19 2.320E-19 2.280E-19 2.277E-19 2.289E-19
 2.338E-19 2.337E-19 2.445E-19 2.312E-19 2.250E-19 2.266E-19 2.109E-19 2.065E-19 2.098E-19 2.114E-19
 2.149E-19 2.199E-19 2.254E-19 2.205E-19 2.216E-19 2.233E-19 2.183E-19 2.033E-19 1.974E-19 2.062E-19
 2.176E-19 2.189E-19 2.242E-19 2.202E-19 2.157E-19 2.264E-19 2.214E-19 2.041E-19 2.053E-19 2.235E-19
 2.227E-19 2.224E-19 2.131E-19 2.008E-19 2.055E-19 2.201E-19 2.217E-19 2.209E-19 2.204E-19 2.191E-19
 2.145E-19 2.115E-19 2.163E-19 2.169E-19 2.090E-19 2.070E-19 2.159E-19 2.140E-19 2.010E-19 1.971E-19
 2.025E-19 2.100E-19 1.990E-19 1.888E-19 1.924E-19 2.006E-19 2.043E-19 1.938E-19 1.892E-19 1.944E-19
 1.926E-19 1.995E-19 2.019E-19 1.952E-19 1.971E-19 1.998E-19 2.021E-19 2.059E-19 2.021E-19 1.859E-19
 1.820E-19 1.899E-19 1.920E-19 1.915E-19 1.942E-19 1.876E-19 1.887E-19 1.847E-19 1.738E-19 1.748E-19
 1.850E-19 1.929E-19 1.972E-19 2.013E-19 1.957E-19 1.981E-19 2.095E-19 2.073E-19 2.024E-19 1.970E-19
 1.910E-19 1.921E-19 1.963E-19 1.979E-19 1.943E-19 1.925E-19 2.039E-19 1.930E-19 1.642E-19 1.573E-19
 1.719E-19 1.873E-19 1.878E-19 1.914E-19 1.960E-19 1.858E-19 1.766E-19 1.772E-19 1.768E-19 1.734E-19
 1.744E-19 1.782E-19 1.845E-19 1.824E-19 1.682E-19 1.586E-19 1.600E-19 1.698E-19 1.684E-19 1.568E-19
 1.591E-19 1.641E-19 1.693E-19 1.680E-19 1.634E-19 1.652E-19 1.718E-19 1.711E-19 1.625E-19 1.642E-19
 1.768E-19 1.724E-19 1.618E-19 1.618E-19 1.504E-19 1.588E-19 1.684E-19 1.670E-19 1.617E-19 1.619E-19
 1.651E-19 1.705E-19 1.704E-19 1.676E-19 1.642E-19 1.632E-19 1.607E-19 1.496E-19 1.390E-19 1.450E-19
 1.654E-19 1.731E-19 1.648E-19 1.533E-19 1.493E-19 1.561E-19 1.510E-19 1.462E-19 1.425E-19 1.372E-19
 1.474E-19 1.597E-19 1.461E-19 1.338E-19 1.324E-19 1.379E-19 1.427E-19 1.523E-19 1.584E-19 1.500E-19
 1.531E-19 1.533E-19 1.457E-19 1.405E-19 1.463E-19 1.481E-19 1.422E-19 1.417E-19 1.515E-19 1.634E-19
 1.630E-19 1.519E-19 1.453E-19 1.447E-19 1.430E-19 1.376E-19 1.394E-19 1.526E-19 1.535E-19 1.522E-19
 1.510E-19 1.438E-19 1.348E-19 1.383E-19 1.392E-19 1.315E-19 1.341E-19 1.419E-19 1.444E-19 1.435E-19
 1.432E-19 1.402E-19 1.379E-19 1.394E-19 1.370E-19 1.438E-19 1.418E-19 1.316E-19 1.391E-19 1.458E-19
 1.410E-19 1.388E-19 1.480E-19 1.450E-19 1.379E-19 1.357E-19 1.270E-19 1.241E-19 1.301E-19 1.340E-19
 1.359E-19 1.351E-19 1.297E-19 1.220E-19 1.299E-19 1.338E-19 1.235E-19 1.270E-19 1.345E-19 1.340E-19
 1.253E-19 1.181E-19 1.194E-19 1.184E-19 1.171E-19 1.119E-19 1.131E-19 1.154E-19 1.179E-19 1.158E-19
 1.157E-19 1.231E-19 1.221E-19 1.114E-19 1.185E-19 1.209E-19 1.119E-19 1.204E-19 1.316E-19 1.313E-19
 1.231E-19 1.212E-19 1.264E-19 1.180E-19 1.113E-19 1.114E-19 1.215E-19 1.345E-19 1.304E-19 1.184E-19
 1.188E-19 1.215E-19 1.195E-19 1.189E-19 1.156E-19 1.056E-19 1.049E-19 1.185E-19 1.195E-19 1.117E-19
 1.134E-19 1.178E-19 1.128E-19 1.043E-19 1.060E-19 1.182E-19 1.193E-19 1.122E-19 1.094E-19 1.062E-19
 1.031E-19 1.060E-19 1.019E-19 1.034E-19 1.072E-19 1.051E-19 9.638E-20 9.600E-20 1.028E-19 1.031E-19
 1.035E-19 1.094E-19 1.064E-19 1.065E-19 1.183E-19 1.166E-19 1.094E-19 1.091E-19 1.109E-19 1.097E-19
 1.043E-19 9.243E-20 9.368E-20 1.032E-19 1.046E-19 1.040E-19 9.965E-20 1.057E-19 1.125E-19 1.009E-19
 9.267E-20 9.775E-20 9.528E-20 9.089E-20 9.167E-20 9.527E-20 9.704E-20 1.049E-19 1.074E-19 9.488E-20
 9.488E-20 8.637E-20 8.875E-20 9.387E-20 1.034E-19 1.097E-19 1.094E-19 1.005E-19 9.459E-20 9.381E-20
 9.211E-20 1.011E-19 9.602E-20 9.000E-20 9.500E-20 1.009E-19 9.431E-20 8.317E-20 8.998E-20 9.174E-20
 8.785E-20 8.507E-20 8.019E-20 7.971E-20 8.727E-20 9.145E-20 8.691E-20 8.691E-20 7.448E-20 7.961E-20
 8.324E-20 8.239E-20 8.239E-20 8.683E-20 8.674E-20 9.714E-20 1.015E-19 8.922E-20 8.405E-20 8.698E-20
 8.769E-20 8.421E-20 8.190E-20 7.843E-20 8.434E-20 9.363E-20 9.489E-20 9.055E-20 8.785E-20 8.015E-20
 7.597E-20 7.493E-20 7.362E-20 8.406E-20 8.230E-20 7.929E-20 7.992E-20 7.569E-20 6.973E-20 6.126E-20
 6.841E-20 8.150E-20 8.723E-20 8.622E-20 8.498E-20 8.117E-20 8.101E-20 7.441E-20 6.630E-20 6.938E-20
 7.915E-20 7.975E-20 6.690E-20 7.208E-20 7.129E-20 7.129E-20 6.639E-20 6.897E-20 6.414E-20 7.562E-20
 8.067E-20 6.768E-20 6.802E-20 7.754E-20 7.693E-20 7.645E-20 7.193E-20 6.626E-20 7.420E-20 7.168E-20
 6.332E-20 6.465E-20 6.218E-20 6.522E-20 6.355E-20 6.355E-20 6.667E-20 7.124E-20 7.036E-20 6.874E-20
 6.581E-20 6.033E-20 5.849E-20 6.546E-20 7.526E-20 7.395E-20 7.323E-20 6.656E-20 6.254E-20 6.984E-20
 7.943E-20 9.126E-20 7.993E-20 6.271E-20 5.825E-20 4.829E-20 5.390E-20 5.772E-20 5.482E-20 5.913E-20
 6.582E-20 6.823E-20 6.368E-20 6.441E-20 5.655E-20 5.655E-20 4.550E-20 5.462E-20 0.000E+00 0.000E+00
