     CCl3F 1060.0090 1106.9890      3168  203.0000    0.0000 1.763E-18  NCAR    CFC-11              
 4.546E-20 4.732E-20 4.391E-20 4.551E-20 5.058E-20 4.713E-20 4.895E-20 4.848E-20 4.817E-20 5.170E-20
 5.194E-20 5.351E-20 4.400E-20 4.349E-20 5.096E-20 5.086E-20 4.508E-20 4.877E-20 5.322E-20 4.511E-20
 4.511E-20 6.104E-20 5.774E-20 5.762E-20 6.206E-20 5.867E-20 5.795E-20 6.107E-20 5.778E-20 5.329E-20
 4.808E-20 4.770E-20 5.079E-20 5.751E-20 6.936E-20 6.598E-20 5.661E-20 5.154E-20 5.789E-20 5.696E-20
 4.286E-20 4.286E-20 5.481E-20 5.812E-20 6.789E-20 7.580E-20 6.616E-20 5.293E-20 5.293E-20 4.222E-20
 5.014E-20 5.042E-20 5.184E-20 5.857E-20 6.113E-20 5.987E-20 6.267E-20 5.711E-20 4.804E-20 4.569E-20
 4.854E-20 5.508E-20 5.577E-20 5.754E-20 6.184E-20 6.017E-20 6.169E-20 6.108E-20 5.047E-20 4.747E-20
 5.921E-20 5.921E-20 5.456E-20 5.243E-20 5.527E-20 5.999E-20 5.568E-20 5.157E-20 6.130E-20 6.531E-20
 7.026E-20 7.074E-20 6.609E-20 5.970E-20 6.787E-20 6.511E-20 5.472E-20 5.277E-20 5.090E-20 5.707E-20
 5.931E-20 5.685E-20 6.259E-20 6.981E-20 6.649E-20 6.462E-20 5.615E-20 4.937E-20 4.937E-20 5.484E-20
 5.302E-20 5.213E-20 5.965E-20 6.627E-20 7.411E-20 8.118E-20 8.052E-20 6.561E-20 5.489E-20 5.489E-20
 6.734E-20 6.267E-20 5.734E-20 6.657E-20 7.227E-20 7.616E-20 7.540E-20 7.844E-20 7.285E-20 7.244E-20
 8.071E-20 8.430E-20 8.739E-20 9.500E-20 9.171E-20 8.098E-20 7.949E-20 7.771E-20 8.046E-20 8.048E-20
 7.674E-20 8.073E-20 8.116E-20 8.497E-20 9.685E-20 9.729E-20 9.755E-20 9.539E-20 8.920E-20 7.684E-20
 6.665E-20 7.110E-20 7.776E-20 7.354E-20 7.491E-20 8.222E-20 8.309E-20 8.819E-20 9.142E-20 7.971E-20
 8.068E-20 1.012E-19 9.803E-20 8.826E-20 8.553E-20 8.363E-20 8.226E-20 8.528E-20 8.424E-20 9.086E-20
 9.232E-20 8.823E-20 8.643E-20 9.518E-20 1.002E-19 8.852E-20 7.390E-20 8.013E-20 9.084E-20 8.754E-20
 7.894E-20 7.602E-20 8.061E-20 9.036E-20 9.694E-20 9.578E-20 9.069E-20 8.857E-20 8.703E-20 7.818E-20
 7.197E-20 6.929E-20 7.864E-20 9.049E-20 1.009E-19 1.115E-19 1.132E-19 1.031E-19 8.806E-20 9.285E-20
 9.562E-20 7.641E-20 7.305E-20 9.294E-20 1.042E-19 9.366E-20 9.310E-20 1.111E-19 1.218E-19 1.159E-19
 1.058E-19 1.014E-19 1.103E-19 1.232E-19 1.158E-19 9.959E-20 9.590E-20 1.033E-19 1.035E-19 1.060E-19
 1.148E-19 1.060E-19 9.527E-20 9.790E-20 1.025E-19 1.056E-19 1.115E-19 1.093E-19 1.034E-19 1.099E-19
 1.067E-19 1.081E-19 1.273E-19 1.258E-19 1.050E-19 9.103E-20 9.071E-20 1.016E-19 1.137E-19 1.118E-19
 1.130E-19 1.107E-19 1.073E-19 1.111E-19 1.197E-19 1.076E-19 1.074E-19 1.187E-19 1.178E-19 1.179E-19
 1.264E-19 1.238E-19 1.246E-19 1.232E-19 1.078E-19 1.093E-19 1.211E-19 1.228E-19 1.242E-19 1.365E-19
 1.265E-19 1.080E-19 1.161E-19 1.237E-19 1.166E-19 1.118E-19 1.129E-19 1.171E-19 1.132E-19 1.184E-19
 1.320E-19 1.427E-19 1.449E-19 1.347E-19 1.243E-19 1.240E-19 1.270E-19 1.247E-19 1.300E-19 1.268E-19
 1.072E-19 1.063E-19 1.267E-19 1.426E-19 1.469E-19 1.419E-19 1.387E-19 1.453E-19 1.447E-19 1.405E-19
 1.423E-19 1.450E-19 1.483E-19 1.445E-19 1.341E-19 1.428E-19 1.666E-19 1.674E-19 1.510E-19 1.517E-19
 1.497E-19 1.442E-19 1.450E-19 1.400E-19 1.367E-19 1.412E-19 1.422E-19 1.425E-19 1.629E-19 1.773E-19
 1.636E-19 1.602E-19 1.648E-19 1.651E-19 1.560E-19 1.402E-19 1.449E-19 1.606E-19 1.527E-19 1.448E-19
 1.527E-19 1.680E-19 1.770E-19 1.702E-19 1.670E-19 1.722E-19 1.715E-19 1.536E-19 1.491E-19 1.623E-19
 1.663E-19 1.598E-19 1.567E-19 1.705E-19 1.825E-19 1.723E-19 1.698E-19 1.742E-19 1.680E-19 1.558E-19
 1.402E-19 1.398E-19 1.477E-19 1.482E-19 1.488E-19 1.584E-19 1.763E-19 1.730E-19 1.728E-19 1.890E-19
 1.761E-19 1.660E-19 1.608E-19 1.553E-19 1.636E-19 1.724E-19 1.645E-19 1.514E-19 1.756E-19 2.010E-19
 1.890E-19 1.741E-19 1.672E-19 1.628E-19 1.762E-19 1.803E-19 1.748E-19 1.798E-19 1.792E-19 1.831E-19
 2.003E-19 2.240E-19 2.182E-19 1.936E-19 1.843E-19 1.892E-19 1.888E-19 1.846E-19 1.771E-19 1.724E-19
 1.814E-19 1.907E-19 1.852E-19 2.027E-19 2.283E-19 2.173E-19 2.067E-19 2.130E-19 2.215E-19 2.113E-19
 1.966E-19 1.941E-19 2.002E-19 2.062E-19 2.075E-19 2.228E-19 2.454E-19 2.373E-19 2.231E-19 2.124E-19
 2.081E-19 1.951E-19 1.897E-19 1.829E-19 1.818E-19 2.009E-19 2.146E-19 2.267E-19 2.332E-19 2.383E-19
 2.382E-19 2.248E-19 2.163E-19 2.063E-19 1.963E-19 1.976E-19 1.988E-19 2.045E-19 2.242E-19 2.513E-19
 2.566E-19 2.464E-19 2.442E-19 2.402E-19 2.230E-19 2.233E-19 2.214E-19 2.114E-19 2.092E-19 2.138E-19
 2.121E-19 2.350E-19 2.530E-19 2.437E-19 2.445E-19 2.422E-19 2.303E-19 2.360E-19 2.495E-19 2.357E-19
 2.294E-19 2.371E-19 2.330E-19 2.374E-19 2.611E-19 2.670E-19 2.555E-19 2.654E-19 2.590E-19 2.500E-19
 2.553E-19 2.412E-19 2.366E-19 2.419E-19 2.451E-19 2.497E-19 2.710E-19 2.860E-19 2.689E-19 2.666E-19
 2.749E-19 2.680E-19 2.688E-19 2.762E-19 2.652E-19 2.513E-19 2.610E-19 2.734E-19 2.818E-19 2.952E-19
 2.862E-19 2.766E-19 2.870E-19 2.787E-19 2.838E-19 2.961E-19 2.761E-19 2.563E-19 2.570E-19 2.645E-19
 2.894E-19 3.216E-19 3.170E-19 2.950E-19 3.068E-19 3.063E-19 2.957E-19 2.946E-19 2.882E-19 2.649E-19
 2.667E-19 2.717E-19 2.726E-19 3.036E-19 3.208E-19 2.972E-19 2.984E-19 3.187E-19 3.125E-19 2.986E-19
 2.971E-19 2.813E-19 2.665E-19 2.760E-19 2.819E-19 3.063E-19 3.324E-19 3.134E-19 3.167E-19 3.355E-19
 3.253E-19 3.217E-19 3.180E-19 3.028E-19 2.855E-19 2.951E-19 3.133E-19 3.343E-19 3.449E-19 3.339E-19
 3.427E-19 3.652E-19 3.607E-19 3.482E-19 3.338E-19 3.227E-19 3.008E-19 2.938E-19 3.076E-19 3.249E-19
 3.422E-19 3.391E-19 3.395E-19 3.582E-19 3.666E-19 3.707E-19 3.574E-19 3.443E-19 3.291E-19 3.334E-19
 3.539E-19 3.651E-19 3.691E-19 3.627E-19 3.587E-19 3.762E-19 3.816E-19 3.801E-19 3.770E-19 3.578E-19
 3.465E-19 3.398E-19 3.461E-19 3.694E-19 3.879E-19 3.785E-19 3.686E-19 3.936E-19 4.077E-19 4.023E-19
 3.962E-19 3.686E-19 3.492E-19 3.521E-19 3.565E-19 3.762E-19 3.894E-19 3.868E-19 3.884E-19 4.173E-19
 4.363E-19 4.154E-19 4.147E-19 4.004E-19 3.643E-19 3.624E-19 3.749E-19 3.887E-19 3.921E-19 3.892E-19
 3.940E-19 4.267E-19 4.614E-19 4.449E-19 4.343E-19 4.267E-19 3.743E-19 3.696E-19 3.911E-19 3.987E-19
 4.035E-19 4.138E-19 4.238E-19 4.386E-19 4.641E-19 4.615E-19 4.460E-19 4.203E-19 3.812E-19 3.843E-19
 4.099E-19 4.005E-19 3.877E-19 3.965E-19 4.115E-19 4.349E-19 4.699E-19 4.677E-19 4.635E-19 4.514E-19
 3.960E-19 3.737E-19 4.195E-19 4.201E-19 3.984E-19 4.045E-19 4.379E-19 4.623E-19 4.889E-19 4.918E-19
 4.935E-19 4.827E-19 4.212E-19 3.937E-19 4.404E-19 4.517E-19 4.181E-19 4.274E-19 4.689E-19 4.617E-19
 4.795E-19 5.074E-19 5.186E-19 5.018E-19 4.353E-19 4.092E-19 4.698E-19 4.837E-19 4.251E-19 4.228E-19
 4.743E-19 4.913E-19 4.953E-19 5.106E-19 5.303E-19 5.334E-19 4.697E-19 4.405E-19 4.868E-19 5.010E-19
 4.429E-19 4.414E-19 5.084E-19 5.186E-19 5.074E-19 5.365E-19 5.618E-19 5.610E-19 4.912E-19 4.399E-19
 4.752E-19 5.116E-19 4.568E-19 4.507E-19 5.090E-19 5.256E-19 5.232E-19 5.650E-19 5.889E-19 5.887E-19
 5.234E-19 4.635E-19 4.859E-19 5.090E-19 4.627E-19 4.601E-19 5.234E-19 5.492E-19 5.492E-19 5.850E-19
 6.126E-19 6.032E-19 5.286E-19 4.757E-19 5.057E-19 5.131E-19 4.549E-19 4.508E-19 5.104E-19 5.312E-19
 5.285E-19 5.706E-19 6.045E-19 6.081E-19 5.507E-19 4.942E-19 5.234E-19 5.272E-19 4.811E-19 4.686E-19
 5.236E-19 5.210E-19 5.308E-19 5.820E-19 6.072E-19 6.263E-19 5.712E-19 5.082E-19 5.255E-19 5.317E-19
 4.969E-19 4.796E-19 5.330E-19 5.409E-19 5.452E-19 5.911E-19 6.222E-19 6.373E-19 5.756E-19 5.302E-19
 5.438E-19 5.242E-19 5.070E-19 5.131E-19 5.552E-19 5.554E-19 5.603E-19 6.116E-19 6.454E-19 6.476E-19
 5.796E-19 5.388E-19 5.489E-19 5.204E-19 5.166E-19 5.232E-19 5.460E-19 5.464E-19 5.724E-19 6.444E-19
 6.716E-19 6.700E-19 6.075E-19 5.657E-19 5.560E-19 5.245E-19 5.203E-19 5.318E-19 5.591E-19 5.632E-19
 5.755E-19 6.445E-19 6.762E-19 6.761E-19 6.316E-19 5.752E-19 5.452E-19 5.308E-19 5.291E-19 5.526E-19
 6.064E-19 5.935E-19 6.009E-19 6.523E-19 7.016E-19 7.073E-19 6.397E-19 5.938E-19 5.605E-19 5.395E-19
 5.380E-19 5.567E-19 6.079E-19 6.000E-19 6.044E-19 6.559E-19 7.073E-19 7.440E-19 6.527E-19 5.700E-19
 5.682E-19 5.628E-19 5.463E-19 5.735E-19 6.240E-19 6.302E-19 6.405E-19 6.752E-19 7.511E-19 7.858E-19
 6.650E-19 5.701E-19 5.826E-19 5.775E-19 5.639E-19 5.973E-19 6.328E-19 6.207E-19 6.276E-19 6.762E-19
 7.703E-19 7.919E-19 6.595E-19 5.947E-19 6.114E-19 5.992E-19 5.936E-19 6.336E-19 6.472E-19 6.214E-19
 6.549E-19 7.272E-19 8.063E-19 7.823E-19 6.319E-19 5.950E-19 6.088E-19 5.759E-19 5.736E-19 6.275E-19
 6.404E-19 6.296E-19 6.538E-19 7.235E-19 8.101E-19 7.612E-19 6.157E-19 6.053E-19 6.209E-19 5.607E-19
 5.994E-19 6.710E-19 6.545E-19 6.640E-19 6.896E-19 7.766E-19 8.718E-19 7.908E-19 6.504E-19 6.455E-19
 6.433E-19 5.591E-19 6.016E-19 6.585E-19 6.432E-19 6.563E-19 6.905E-19 8.003E-19 8.644E-19 7.636E-19
 6.442E-19 6.512E-19 6.397E-19 5.858E-19 6.328E-19 6.573E-19 6.651E-19 6.792E-19 7.311E-19 8.506E-19
 8.920E-19 7.673E-19 6.582E-19 6.461E-19 5.989E-19 6.040E-19 6.575E-19 6.480E-19 6.415E-19 6.720E-19
 7.666E-19 8.650E-19 8.733E-19 7.555E-19 6.699E-19 6.651E-19 6.097E-19 6.316E-19 6.881E-19 6.687E-19
 6.629E-19 6.993E-19 7.976E-19 8.964E-19 8.824E-19 7.375E-19 6.624E-19 6.668E-19 6.230E-19 6.350E-19
 6.570E-19 6.371E-19 6.449E-19 7.067E-19 8.220E-19 9.193E-19 8.816E-19 7.331E-19 6.704E-19 6.422E-19
 6.220E-19 6.574E-19 6.435E-19 6.213E-19 6.312E-19 7.199E-19 8.639E-19 9.159E-19 8.509E-19 7.192E-19
 6.754E-19 6.398E-19 6.629E-19 7.137E-19 6.502E-19 6.222E-19 6.829E-19 8.009E-19 9.000E-19 9.361E-19
 8.482E-19 7.324E-19 6.892E-19 6.593E-19 6.750E-19 6.937E-19 6.746E-19 6.654E-19 7.256E-19 8.456E-19
 9.345E-19 9.620E-19 8.454E-19 7.312E-19 6.915E-19 6.634E-19 6.828E-19 6.970E-19 6.857E-19 6.833E-19
 7.839E-19 9.232E-19 9.953E-19 9.470E-19 7.818E-19 6.924E-19 6.527E-19 6.540E-19 6.785E-19 6.654E-19
 6.611E-19 6.926E-19 7.887E-19 8.976E-19 9.615E-19 8.966E-19 7.625E-19 6.873E-19 6.450E-19 6.607E-19
 6.652E-19 6.703E-19 6.771E-19 7.211E-19 8.260E-19 9.149E-19 9.669E-19 8.633E-19 7.526E-19 6.803E-19
 6.412E-19 6.620E-19 6.590E-19 6.675E-19 6.686E-19 7.464E-19 8.621E-19 9.459E-19 9.438E-19 8.210E-19
 7.290E-19 6.691E-19 6.526E-19 6.499E-19 6.601E-19 6.852E-19 7.132E-19 7.999E-19 9.270E-19 1.017E-18
 9.665E-19 8.402E-19 7.208E-19 6.635E-19 6.948E-19 7.042E-19 7.138E-19 7.297E-19 7.595E-19 8.777E-19
 1.016E-18 1.066E-18 9.344E-19 7.869E-19 7.058E-19 6.830E-19 6.977E-19 6.752E-19 6.970E-19 7.432E-19
 8.240E-19 9.352E-19 1.045E-18 1.070E-18 9.423E-19 7.966E-19 7.121E-19 7.163E-19 7.127E-19 7.200E-19
 7.151E-19 7.395E-19 8.389E-19 9.605E-19 1.055E-18 9.944E-19 8.105E-19 6.760E-19 6.275E-19 6.186E-19
 6.172E-19 6.317E-19 6.445E-19 7.123E-19 8.343E-19 9.671E-19 1.011E-18 8.845E-19 7.146E-19 6.260E-19
 6.387E-19 6.310E-19 6.274E-19 6.378E-19 6.723E-19 7.560E-19 8.883E-19 1.022E-18 1.014E-18 8.243E-19
 6.807E-19 6.523E-19 6.840E-19 6.593E-19 6.399E-19 6.672E-19 7.283E-19 8.191E-19 9.639E-19 1.075E-18
 9.852E-19 7.636E-19 6.318E-19 6.422E-19 6.857E-19 6.854E-19 6.717E-19 7.185E-19 7.971E-19 9.013E-19
 1.032E-18 1.074E-18 9.057E-19 7.263E-19 7.027E-19 7.104E-19 6.816E-19 6.811E-19 7.106E-19 7.631E-19
 8.635E-19 9.967E-19 1.102E-18 1.026E-18 8.221E-19 7.404E-19 7.203E-19 6.886E-19 7.041E-19 7.591E-19
 7.842E-19 8.312E-19 9.408E-19 1.066E-18 1.103E-18 9.196E-19 7.433E-19 7.160E-19 7.190E-19 7.164E-19
 7.287E-19 7.550E-19 7.749E-19 8.266E-19 9.445E-19 1.075E-18 9.710E-19 7.382E-19 6.540E-19 6.453E-19
 6.508E-19 6.400E-19 6.399E-19 6.960E-19 7.659E-19 8.772E-19 1.034E-18 1.097E-18 8.747E-19 6.796E-19
 6.531E-19 6.412E-19 6.302E-19 6.610E-19 6.852E-19 7.219E-19 8.166E-19 9.404E-19 1.068E-18 9.985E-19
 7.704E-19 6.682E-19 6.408E-19 6.245E-19 6.308E-19 6.587E-19 7.191E-19 8.025E-19 8.962E-19 1.029E-18
 1.065E-18 8.580E-19 6.975E-19 6.754E-19 6.640E-19 6.730E-19 6.983E-19 7.446E-19 7.883E-19 8.670E-19
 9.908E-19 1.113E-18 9.992E-19 7.830E-19 7.159E-19 7.010E-19 7.052E-19 7.166E-19 7.367E-19 7.757E-19
 8.568E-19 9.760E-19 1.094E-18 1.082E-18 8.800E-19 7.581E-19 7.280E-19 7.146E-19 7.354E-19 7.596E-19
 7.865E-19 8.333E-19 9.302E-19 1.054E-18 1.143E-18 9.711E-19 7.600E-19 7.169E-19 7.366E-19 7.740E-19
 8.214E-19 8.606E-19 8.854E-19 9.536E-19 1.030E-18 1.130E-18 1.124E-18 8.996E-19 7.747E-19 7.779E-19
 8.102E-19 8.362E-19 8.560E-19 8.786E-19 9.268E-19 9.992E-19 1.119E-18 1.163E-18 9.567E-19 7.611E-19
 7.030E-19 7.049E-19 7.245E-19 7.368E-19 7.498E-19 7.884E-19 8.763E-19 9.785E-19 1.052E-18 9.461E-19
 7.453E-19 6.740E-19 7.065E-19 7.509E-19 7.660E-19 7.862E-19 8.119E-19 8.492E-19 9.640E-19 1.097E-18
 1.065E-18 8.556E-19 7.723E-19 7.804E-19 7.570E-19 7.585E-19 8.078E-19 8.438E-19 8.715E-19 9.411E-19
 1.045E-18 1.153E-18 1.013E-18 8.156E-19 7.752E-19 7.654E-19 7.726E-19 8.200E-19 8.814E-19 9.144E-19
 9.516E-19 1.027E-18 1.133E-18 1.081E-18 9.114E-19 8.515E-19 8.609E-19 8.589E-19 8.418E-19 8.650E-19
 9.384E-19 1.024E-18 1.092E-18 1.167E-18 1.159E-18 1.028E-18 9.354E-19 9.495E-19 9.811E-19 9.851E-19
 9.501E-19 9.383E-19 1.018E-18 1.124E-18 1.198E-18 1.253E-18 1.139E-18 9.862E-19 9.530E-19 9.880E-19
 9.979E-19 9.816E-19 9.725E-19 9.828E-19 1.021E-18 1.112E-18 1.185E-18 1.108E-18 9.486E-19 9.121E-19
 9.154E-19 8.949E-19 9.361E-19 9.912E-19 1.010E-18 1.048E-18 1.139E-18 1.189E-18 1.177E-18 1.053E-18
 9.904E-19 9.879E-19 9.628E-19 9.440E-19 9.650E-19 1.012E-18 1.084E-18 1.170E-18 1.188E-18 1.175E-18
 1.126E-18 1.074E-18 1.081E-18 1.086E-18 1.062E-18 1.035E-18 1.079E-18 1.179E-18 1.249E-18 1.294E-18
 1.336E-18 1.301E-18 1.215E-18 1.244E-18 1.280E-18 1.170E-18 1.017E-18 9.935E-19 1.043E-18 1.116E-18
 1.137E-18 1.138E-18 1.137E-18 1.082E-18 1.054E-18 1.038E-18 1.053E-18 1.115E-18 1.154E-18 1.149E-18
 1.135E-18 1.151E-18 1.257E-18 1.336E-18 1.213E-18 1.137E-18 1.174E-18 1.199E-18 1.251E-18 1.261E-18
 1.217E-18 1.268E-18 1.335E-18 1.357E-18 1.394E-18 1.381E-18 1.345E-18 1.337E-18 1.377E-18 1.421E-18
 1.416E-18 1.385E-18 1.389E-18 1.440E-18 1.442E-18 1.450E-18 1.489E-18 1.516E-18 1.489E-18 1.424E-18
 1.454E-18 1.512E-18 1.522E-18 1.527E-18 1.507E-18 1.370E-18 1.286E-18 1.276E-18 1.207E-18 1.212E-18
 1.311E-18 1.278E-18 1.213E-18 1.322E-18 1.306E-18 1.333E-18 1.334E-18 1.387E-18 1.454E-18 1.470E-18
 1.424E-18 1.466E-18 1.463E-18 1.447E-18 1.441E-18 1.454E-18 1.483E-18 1.495E-18 1.555E-18 1.613E-18
 1.636E-18 1.638E-18 1.615E-18 1.540E-18 1.526E-18 1.582E-18 1.636E-18 1.690E-18 1.763E-18 1.733E-18
 1.716E-18 1.705E-18 1.650E-18 1.615E-18 1.593E-18 1.546E-18 1.484E-18 1.382E-18 1.280E-18 1.242E-18
 1.244E-18 1.285E-18 1.267E-18 1.266E-18 1.300E-18 1.307E-18 1.317E-18 1.321E-18 1.369E-18 1.393E-18
 1.456E-18 1.444E-18 1.404E-18 1.464E-18 1.510E-18 1.534E-18 1.518E-18 1.553E-18 1.536E-18 1.529E-18
 1.571E-18 1.569E-18 1.527E-18 1.514E-18 1.546E-18 1.548E-18 1.506E-18 1.527E-18 1.516E-18 1.463E-18
 1.422E-18 1.342E-18 1.220E-18 1.085E-18 8.702E-19 5.949E-19 4.631E-19 4.554E-19 4.657E-19 4.643E-19
 4.446E-19 4.689E-19 4.656E-19 4.408E-19 4.339E-19 4.568E-19 4.810E-19 4.870E-19 5.062E-19 5.115E-19
 4.936E-19 5.080E-19 5.184E-19 4.867E-19 4.711E-19 4.747E-19 4.806E-19 4.697E-19 4.557E-19 4.659E-19
 4.717E-19 4.739E-19 4.724E-19 4.604E-19 4.456E-19 4.352E-19 4.378E-19 4.636E-19 4.733E-19 4.690E-19
 4.793E-19 4.892E-19 4.893E-19 4.962E-19 4.965E-19 4.678E-19 4.448E-19 4.556E-19 4.784E-19 4.914E-19
 5.040E-19 5.215E-19 5.105E-19 4.855E-19 5.042E-19 5.065E-19 4.888E-19 4.891E-19 5.033E-19 5.207E-19
 5.426E-19 5.531E-19 5.421E-19 5.178E-19 5.122E-19 5.230E-19 5.209E-19 5.061E-19 5.106E-19 5.218E-19
 5.550E-19 6.077E-19 5.763E-19 5.233E-19 5.109E-19 5.552E-19 5.556E-19 5.348E-19 5.420E-19 5.412E-19
 5.462E-19 5.967E-19 6.238E-19 5.737E-19 5.599E-19 5.564E-19 5.734E-19 5.821E-19 5.656E-19 5.671E-19
 6.010E-19 6.561E-19 6.726E-19 6.577E-19 6.249E-19 6.040E-19 6.297E-19 6.600E-19 6.436E-19 6.415E-19
 6.502E-19 6.719E-19 6.817E-19 7.031E-19 7.084E-19 6.781E-19 6.662E-19 6.836E-19 6.930E-19 6.578E-19
 6.681E-19 7.080E-19 7.268E-19 7.069E-19 7.740E-19 7.672E-19 6.974E-19 6.775E-19 7.082E-19 7.061E-19
 6.863E-19 7.241E-19 7.699E-19 7.514E-19 7.670E-19 8.321E-19 8.183E-19 7.437E-19 7.327E-19 7.747E-19
 7.762E-19 7.954E-19 8.325E-19 8.431E-19 8.334E-19 8.460E-19 9.030E-19 9.162E-19 8.582E-19 8.760E-19
 9.024E-19 8.807E-19 9.046E-19 9.465E-19 9.381E-19 9.021E-19 9.474E-19 1.038E-18 9.917E-19 9.437E-19
 1.017E-18 1.027E-18 9.838E-19 9.796E-19 1.014E-18 1.015E-18 9.911E-19 1.065E-18 1.154E-18 1.107E-18
 1.092E-18 1.108E-18 1.067E-18 1.078E-18 1.110E-18 1.112E-18 1.090E-18 1.110E-18 1.217E-18 1.277E-18
 1.242E-18 1.213E-18 1.153E-18 1.139E-18 1.157E-18 1.133E-18 1.150E-18 1.170E-18 1.215E-18 1.328E-18
 1.355E-18 1.286E-18 1.253E-18 1.231E-18 1.245E-18 1.300E-18 1.295E-18 1.277E-18 1.277E-18 1.338E-18
 1.462E-18 1.479E-18 1.375E-18 1.328E-18 1.320E-18 1.335E-18 1.337E-18 1.323E-18 1.327E-18 1.396E-18
 1.477E-18 1.520E-18 1.538E-18 1.455E-18 1.382E-18 1.405E-18 1.386E-18 1.415E-18 1.414E-18 1.429E-18
 1.430E-18 1.511E-18 1.637E-18 1.594E-18 1.423E-18 1.380E-18 1.477E-18 1.503E-18 1.427E-18 1.430E-18
 1.449E-18 1.479E-18 1.559E-18 1.647E-18 1.539E-18 1.431E-18 1.417E-18 1.449E-18 1.515E-18 1.495E-18
 1.411E-18 1.418E-18 1.492E-18 1.573E-18 1.605E-18 1.452E-18 1.346E-18 1.328E-18 1.367E-18 1.442E-18
 1.388E-18 1.343E-18 1.412E-18 1.492E-18 1.588E-18 1.540E-18 1.407E-18 1.367E-18 1.376E-18 1.395E-18
 1.414E-18 1.382E-18 1.379E-18 1.448E-18 1.543E-18 1.597E-18 1.526E-18 1.386E-18 1.328E-18 1.341E-18
 1.427E-18 1.349E-18 1.327E-18 1.366E-18 1.463E-18 1.559E-18 1.564E-18 1.441E-18 1.316E-18 1.276E-18
 1.303E-18 1.343E-18 1.353E-18 1.356E-18 1.409E-18 1.514E-18 1.532E-18 1.548E-18 1.365E-18 1.292E-18
 1.322E-18 1.315E-18 1.274E-18 1.276E-18 1.306E-18 1.408E-18 1.467E-18 1.474E-18 1.434E-18 1.352E-18
 1.315E-18 1.310E-18 1.298E-18 1.273E-18 1.278E-18 1.343E-18 1.368E-18 1.365E-18 1.432E-18 1.381E-18
 1.305E-18 1.302E-18 1.287E-18 1.266E-18 1.266E-18 1.307E-18 1.350E-18 1.344E-18 1.391E-18 1.442E-18
 1.311E-18 1.237E-18 1.300E-18 1.318E-18 1.277E-18 1.249E-18 1.277E-18 1.291E-18 1.308E-18 1.416E-18
 1.404E-18 1.249E-18 1.228E-18 1.250E-18 1.232E-18 1.208E-18 1.231E-18 1.250E-18 1.230E-18 1.305E-18
 1.390E-18 1.266E-18 1.202E-18 1.227E-18 1.170E-18 1.128E-18 1.194E-18 1.232E-18 1.171E-18 1.190E-18
 1.334E-18 1.342E-18 1.208E-18 1.160E-18 1.191E-18 1.150E-18 1.106E-18 1.149E-18 1.121E-18 1.152E-18
 1.285E-18 1.358E-18 1.242E-18 1.152E-18 1.132E-18 1.109E-18 1.127E-18 1.156E-18 1.120E-18 1.094E-18
 1.115E-18 1.231E-18 1.311E-18 1.178E-18 1.079E-18 1.055E-18 1.046E-18 1.085E-18 1.023E-18 9.717E-19
 1.032E-18 1.121E-18 1.246E-18 1.220E-18 1.049E-18 9.665E-19 9.648E-19 1.027E-18 1.039E-18 9.989E-19
 9.767E-19 1.026E-18 1.166E-18 1.235E-18 1.104E-18 1.022E-18 9.922E-19 9.992E-19 9.808E-19 9.288E-19
 9.678E-19 1.046E-18 1.129E-18 1.211E-18 1.154E-18 9.941E-19 9.694E-19 1.010E-18 9.869E-19 9.246E-19
 8.768E-19 8.996E-19 1.059E-18 1.201E-18 1.237E-18 1.082E-18 9.590E-19 9.389E-19 9.241E-19 8.911E-19
 9.186E-19 9.703E-19 1.021E-18 1.088E-18 1.179E-18 1.135E-18 9.892E-19 9.197E-19 8.869E-19 8.711E-19
 8.910E-19 9.027E-19 9.381E-19 1.020E-18 1.119E-18 1.167E-18 1.031E-18 9.182E-19 9.038E-19 8.681E-19
 8.354E-19 8.674E-19 9.157E-19 9.971E-19 1.063E-18 1.129E-18 1.038E-18 8.747E-19 8.327E-19 8.318E-19
 8.647E-19 8.887E-19 8.669E-19 8.878E-19 9.640E-19 1.077E-18 1.066E-18 8.835E-19 8.116E-19 8.271E-19
 8.123E-19 7.963E-19 8.416E-19 9.168E-19 9.495E-19 1.012E-18 1.082E-18 9.471E-19 8.138E-19 7.804E-19
 7.769E-19 7.950E-19 8.198E-19 8.525E-19 8.978E-19 9.803E-19 1.019E-18 9.324E-19 8.199E-19 7.907E-19
 8.021E-19 7.924E-19 7.941E-19 8.065E-19 8.386E-19 9.045E-19 9.504E-19 9.882E-19 9.016E-19 7.878E-19
 7.657E-19 7.460E-19 7.693E-19 7.812E-19 8.334E-19 9.088E-19 9.349E-19 9.670E-19 9.054E-19 7.771E-19
 7.502E-19 7.285E-19 7.136E-19 7.451E-19 8.105E-19 8.588E-19 8.666E-19 8.849E-19 8.671E-19 7.649E-19
 7.251E-19 7.213E-19 7.335E-19 7.629E-19 7.783E-19 8.063E-19 8.150E-19 8.332E-19 8.546E-19 7.689E-19
 6.975E-19 6.800E-19 6.810E-19 6.958E-19 7.200E-19 7.744E-19 7.650E-19 8.065E-19 8.733E-19 8.216E-19
 7.053E-19 6.521E-19 6.370E-19 6.524E-19 6.729E-19 7.090E-19 7.430E-19 8.018E-19 7.974E-19 7.788E-19
 6.920E-19 6.292E-19 6.276E-19 6.499E-19 6.787E-19 7.126E-19 7.045E-19 7.205E-19 7.373E-19 7.588E-19
 7.100E-19 6.353E-19 6.164E-19 6.123E-19 6.271E-19 6.601E-19 6.831E-19 6.945E-19 6.744E-19 7.179E-19
 7.220E-19 6.348E-19 5.945E-19 5.932E-19 6.328E-19 6.499E-19 6.381E-19 6.344E-19 6.496E-19 7.075E-19
 7.109E-19 5.841E-19 5.243E-19 5.539E-19 6.103E-19 6.260E-19 6.463E-19 6.254E-19 6.024E-19 6.595E-19
 7.079E-19 6.092E-19 5.345E-19 5.448E-19 5.728E-19 6.136E-19 6.263E-19 5.795E-19 5.942E-19 6.482E-19
 6.529E-19 5.684E-19 5.412E-19 5.711E-19 5.605E-19 5.437E-19 5.274E-19 5.393E-19 6.067E-19 6.274E-19
 6.209E-19 5.616E-19 5.079E-19 5.252E-19 5.552E-19 5.448E-19 5.176E-19 5.337E-19 5.885E-19 6.075E-19
 6.198E-19 5.982E-19 5.329E-19 5.140E-19 5.238E-19 5.339E-19 5.379E-19 5.397E-19 5.377E-19 5.199E-19
 5.502E-19 5.656E-19 5.345E-19 5.385E-19 5.197E-19 4.965E-19 4.918E-19 5.076E-19 4.963E-19 4.946E-19
 5.554E-19 5.732E-19 5.094E-19 4.653E-19 4.848E-19 4.915E-19 4.676E-19 4.742E-19 4.770E-19 5.009E-19
 5.407E-19 5.490E-19 4.798E-19 4.327E-19 4.445E-19 4.611E-19 4.883E-19 4.873E-19 4.352E-19 4.403E-19
 4.925E-19 5.356E-19 5.077E-19 4.622E-19 4.610E-19 4.511E-19 4.358E-19 4.480E-19 4.676E-19 4.880E-19
 4.995E-19 5.233E-19 4.926E-19 4.443E-19 4.526E-19 4.565E-19 4.372E-19 4.313E-19 4.523E-19 4.573E-19
 4.669E-19 4.994E-19 4.623E-19 4.063E-19 4.125E-19 4.164E-19 3.975E-19 3.901E-19 4.059E-19 4.191E-19
 4.460E-19 4.817E-19 4.498E-19 3.987E-19 3.852E-19 3.766E-19 3.717E-19 3.769E-19 3.760E-19 3.880E-19
 4.329E-19 4.693E-19 4.439E-19 3.866E-19 3.702E-19 3.755E-19 3.823E-19 3.832E-19 3.656E-19 3.731E-19
 4.111E-19 4.431E-19 4.315E-19 3.824E-19 3.511E-19 3.481E-19 3.740E-19 3.769E-19 3.563E-19 3.653E-19
 3.848E-19 4.118E-19 4.178E-19 3.831E-19 3.603E-19 3.503E-19 3.536E-19 3.530E-19 3.606E-19 3.831E-19
 3.953E-19 4.090E-19 3.856E-19 3.406E-19 3.402E-19 3.674E-19 3.664E-19 3.493E-19 3.806E-19 3.965E-19
 4.073E-19 4.352E-19 4.241E-19 3.729E-19 3.407E-19 3.663E-19 3.810E-19 3.713E-19 3.560E-19 3.568E-19
 3.986E-19 4.179E-19 3.746E-19 3.269E-19 3.427E-19 3.568E-19 3.349E-19 3.381E-19 3.615E-19 3.838E-19
 3.941E-19 3.889E-19 3.739E-19 3.514E-19 3.504E-19 3.513E-19 3.489E-19 3.428E-19 3.480E-19 3.686E-19
 3.777E-19 3.705E-19 3.407E-19 3.240E-19 3.391E-19 3.349E-19 3.271E-19 3.343E-19 3.442E-19 3.481E-19
 3.404E-19 3.539E-19 3.671E-19 3.512E-19 3.327E-19 3.303E-19 3.414E-19 3.449E-19 3.409E-19 3.461E-19
 3.433E-19 3.453E-19 3.275E-19 3.211E-19 3.363E-19 3.334E-19 3.381E-19 3.329E-19 3.301E-19 3.429E-19
 3.679E-19 3.727E-19 3.400E-19 3.056E-19 3.021E-19 3.417E-19 3.372E-19 2.967E-19 3.011E-19 3.257E-19
 3.371E-19 3.312E-19 3.159E-19 3.119E-19 3.078E-19 2.961E-19 2.948E-19 3.148E-19 3.311E-19 3.247E-19
 3.191E-19 3.147E-19 3.107E-19 3.170E-19 3.264E-19 3.162E-19 2.969E-19 2.998E-19 3.119E-19 3.167E-19
 3.170E-19 3.062E-19 3.039E-19 3.054E-19 3.151E-19 3.187E-19 3.130E-19 3.158E-19 3.102E-19 3.147E-19
 3.360E-19 3.214E-19 2.978E-19 3.002E-19 3.034E-19 3.044E-19 3.119E-19 3.006E-19 2.900E-19 3.108E-19
 3.164E-19 3.051E-19 3.021E-19 3.000E-19 3.026E-19 3.171E-19 3.094E-19 3.077E-19 3.391E-19 3.624E-19
 3.666E-19 3.559E-19 3.398E-19 3.420E-19 3.619E-19 3.904E-19 4.125E-19 4.170E-19 4.121E-19 4.071E-19
 4.042E-19 3.830E-19 3.752E-19 3.822E-19 4.007E-19 3.975E-19 3.623E-19 3.638E-19 3.953E-19 4.028E-19
 3.732E-19 3.708E-19 3.809E-19 3.789E-19 3.535E-19 3.339E-19 3.537E-19 3.723E-19 3.678E-19 3.665E-19
 3.626E-19 3.636E-19 3.694E-19 3.840E-19 3.750E-19 3.380E-19 3.402E-19 3.691E-19 3.808E-19 3.665E-19
 3.609E-19 3.745E-19 3.713E-19 3.730E-19 3.768E-19 3.720E-19 3.602E-19 3.658E-19 3.708E-19 3.587E-19
 3.640E-19 3.771E-19 3.745E-19 3.711E-19 3.603E-19 3.522E-19 3.632E-19 3.770E-19 3.630E-19 3.486E-19
 3.455E-19 3.516E-19 3.717E-19 3.769E-19 3.787E-19 3.729E-19 3.648E-19 3.661E-19 3.664E-19 3.578E-19
 3.541E-19 3.549E-19 3.511E-19 3.400E-19 3.372E-19 3.554E-19 3.679E-19 3.739E-19 3.685E-19 3.423E-19
 3.260E-19 3.335E-19 3.426E-19 3.641E-19 3.956E-19 3.783E-19 3.561E-19 3.569E-19 3.603E-19 3.563E-19
 3.558E-19 3.496E-19 3.426E-19 3.396E-19 3.454E-19 3.463E-19 3.644E-19 3.681E-19 3.512E-19 3.377E-19
 3.374E-19 3.438E-19 3.447E-19 3.587E-19 3.657E-19 3.734E-19 3.771E-19 3.558E-19 3.331E-19 3.419E-19
 3.585E-19 3.522E-19 3.557E-19 3.474E-19 3.297E-19 3.520E-19 3.873E-19 3.746E-19 3.575E-19 3.744E-19
 3.675E-19 3.459E-19 3.362E-19 3.430E-19 3.537E-19 3.691E-19 3.795E-19 3.629E-19 3.586E-19 3.565E-19
 3.540E-19 3.465E-19 3.494E-19 3.663E-19 3.764E-19 3.895E-19 3.978E-19 3.859E-19 3.764E-19 3.738E-19
 3.703E-19 3.672E-19 3.731E-19 3.876E-19 3.770E-19 3.481E-19 3.537E-19 3.793E-19 4.092E-19 4.190E-19
 3.901E-19 3.846E-19 3.927E-19 3.843E-19 3.613E-19 3.636E-19 3.903E-19 4.037E-19 3.944E-19 3.910E-19
 3.925E-19 3.937E-19 3.919E-19 3.681E-19 3.656E-19 3.888E-19 3.866E-19 3.693E-19 3.682E-19 3.858E-19
 4.015E-19 4.055E-19 3.759E-19 3.483E-19 3.649E-19 3.836E-19 3.866E-19 3.767E-19 3.646E-19 3.795E-19
 4.084E-19 4.290E-19 4.061E-19 3.807E-19 3.739E-19 3.865E-19 3.867E-19 3.809E-19 3.896E-19 3.887E-19
 3.765E-19 3.638E-19 3.500E-19 3.595E-19 3.714E-19 3.645E-19 3.710E-19 3.844E-19 3.716E-19 3.891E-19
 4.194E-19 4.114E-19 3.921E-19 3.704E-19 3.659E-19 3.842E-19 3.983E-19 3.800E-19 3.562E-19 3.679E-19
 3.810E-19 3.774E-19 3.768E-19 3.811E-19 3.668E-19 3.604E-19 3.515E-19 3.367E-19 3.571E-19 3.849E-19
 3.841E-19 3.661E-19 3.720E-19 3.915E-19 3.784E-19 3.484E-19 3.294E-19 3.336E-19 3.752E-19 3.967E-19
 3.723E-19 3.487E-19 3.503E-19 3.729E-19 3.734E-19 3.508E-19 3.453E-19 3.623E-19 3.859E-19 3.648E-19
 3.461E-19 3.498E-19 3.709E-19 3.796E-19 3.840E-19 3.633E-19 3.147E-19 3.191E-19 3.557E-19 3.362E-19
 3.201E-19 3.429E-19 3.648E-19 3.681E-19 3.573E-19 3.399E-19 3.330E-19 3.384E-19 3.394E-19 3.321E-19
 3.319E-19 3.304E-19 3.271E-19 3.415E-19 3.490E-19 3.427E-19 3.440E-19 3.445E-19 3.417E-19 3.189E-19
 3.229E-19 3.415E-19 3.486E-19 3.543E-19 3.451E-19 3.420E-19 3.427E-19 3.405E-19 3.335E-19 3.227E-19
 3.266E-19 3.244E-19 3.265E-19 3.524E-19 3.534E-19 3.446E-19 3.346E-19 3.235E-19 3.232E-19 3.167E-19
 3.162E-19 3.304E-19 3.479E-19 3.398E-19 3.179E-19 3.075E-19 3.042E-19 3.007E-19 3.088E-19 3.227E-19
 3.179E-19 3.120E-19 3.044E-19 3.205E-19 3.229E-19 3.166E-19 3.154E-19 3.217E-19 3.332E-19 3.348E-19
 3.184E-19 3.113E-19 3.103E-19 3.149E-19 3.194E-19 3.291E-19 3.180E-19 3.064E-19 3.269E-19 3.311E-19
 3.180E-19 2.951E-19 3.040E-19 3.236E-19 3.061E-19 2.928E-19 2.994E-19 2.992E-19 2.968E-19 3.025E-19
 3.004E-19 2.868E-19 2.947E-19 2.961E-19 2.782E-19 2.766E-19 2.961E-19 3.043E-19 2.932E-19 2.866E-19
 2.841E-19 2.864E-19 2.874E-19 2.889E-19 2.975E-19 3.053E-19 2.934E-19 2.936E-19 2.950E-19 2.892E-19
 2.853E-19 2.850E-19 2.888E-19 2.914E-19 3.049E-19 2.948E-19 2.824E-19 2.830E-19 2.722E-19 2.780E-19
 2.806E-19 2.824E-19 2.949E-19 2.928E-19 2.972E-19 2.763E-19 2.677E-19 2.712E-19 2.646E-19 2.653E-19
 2.565E-19 2.684E-19 2.794E-19 2.879E-19 2.826E-19 2.589E-19 2.514E-19 2.572E-19 2.651E-19 2.669E-19
 2.687E-19 2.643E-19 2.798E-19 2.908E-19 2.571E-19 2.432E-19 2.476E-19 2.415E-19 2.486E-19 2.652E-19
 2.643E-19 2.503E-19 2.565E-19 2.720E-19 2.768E-19 2.692E-19 2.590E-19 2.466E-19 2.555E-19 2.619E-19
 2.538E-19 2.421E-19 2.467E-19 2.730E-19 2.821E-19 2.649E-19 2.456E-19 2.342E-19 2.307E-19 2.461E-19
 2.537E-19 2.422E-19 2.307E-19 2.546E-19 2.743E-19 2.517E-19 2.258E-19 2.225E-19 2.210E-19 2.314E-19
 2.294E-19 2.220E-19 2.348E-19 2.518E-19 2.706E-19 2.621E-19 2.261E-19 2.219E-19 2.314E-19 2.222E-19
 2.130E-19 2.253E-19 2.503E-19 2.568E-19 2.632E-19 2.609E-19 2.367E-19 2.283E-19 2.219E-19 2.206E-19
 2.316E-19 2.205E-19 2.259E-19 2.378E-19 2.426E-19 2.414E-19 2.186E-19 2.112E-19 2.126E-19 2.123E-19
 2.154E-19 2.285E-19 2.503E-19 2.231E-19 2.205E-19 2.323E-19 2.261E-19 2.086E-19 2.005E-19 2.051E-19
 2.227E-19 2.371E-19 2.334E-19 2.245E-19 2.268E-19 2.293E-19 2.174E-19 2.033E-19 2.039E-19 2.066E-19
 2.165E-19 2.238E-19 2.219E-19 2.129E-19 2.055E-19 2.241E-19 2.371E-19 2.209E-19 2.101E-19 2.148E-19
 2.031E-19 1.947E-19 1.981E-19 1.993E-19 1.917E-19 2.165E-19 2.255E-19 2.025E-19 1.957E-19 2.032E-19
 2.045E-19 2.039E-19 2.121E-19 2.188E-19 2.046E-19 2.016E-19 2.027E-19 1.941E-19 1.796E-19 1.832E-19
 1.912E-19 1.973E-19 1.998E-19 1.922E-19 1.870E-19 2.001E-19 2.112E-19 1.897E-19 1.650E-19 1.645E-19
 1.703E-19 2.003E-19 2.075E-19 1.924E-19 1.784E-19 1.839E-19 2.034E-19 1.952E-19 1.862E-19 1.822E-19
 1.791E-19 1.913E-19 1.887E-19 1.797E-19 1.782E-19 1.725E-19 1.896E-19 1.954E-19 1.871E-19 1.746E-19
 1.707E-19 1.756E-19 1.747E-19 1.885E-19 1.798E-19 1.785E-19 2.058E-19 1.993E-19 1.757E-19 1.673E-19
 1.791E-19 1.946E-19 1.971E-19 1.823E-19 1.793E-19 1.924E-19 1.994E-19 1.759E-19 1.534E-19 1.495E-19
 1.634E-19 1.825E-19 1.798E-19 1.785E-19 1.947E-19 1.873E-19 1.835E-19 1.771E-19 1.571E-19 1.480E-19
 1.599E-19 1.763E-19 1.717E-19 1.633E-19 1.549E-19 1.459E-19 1.612E-19 1.707E-19 1.496E-19 1.445E-19
 1.646E-19 1.764E-19 1.752E-19 1.612E-19 1.428E-19 1.401E-19 1.560E-19 1.554E-19 1.435E-19 1.411E-19
 1.494E-19 1.615E-19 1.641E-19 1.585E-19 1.528E-19 1.628E-19 1.702E-19 1.493E-19 1.321E-19 1.428E-19
 1.613E-19 1.742E-19 1.657E-19 1.508E-19 1.432E-19 1.525E-19 1.543E-19 1.408E-19 1.296E-19 1.357E-19
 1.567E-19 1.724E-19 1.690E-19 1.429E-19 1.362E-19 1.439E-19 1.325E-19 1.220E-19 1.235E-19 1.472E-19
 1.682E-19 1.649E-19 1.551E-19 1.508E-19 1.455E-19 1.431E-19 1.325E-19 1.384E-19 1.450E-19 1.456E-19
 1.555E-19 1.487E-19 1.259E-19 1.175E-19 1.310E-19 1.403E-19 1.331E-19 1.250E-19 1.361E-19 1.423E-19
 1.473E-19 1.412E-19 1.259E-19 1.267E-19 1.320E-19 1.329E-19 1.300E-19 1.304E-19 1.355E-19 1.416E-19
 1.499E-19 1.443E-19 1.263E-19 1.241E-19 1.267E-19 1.313E-19 1.372E-19 1.235E-19 1.287E-19 1.386E-19
 1.360E-19 1.296E-19 1.247E-19 1.300E-19 1.250E-19 1.207E-19 1.278E-19 1.322E-19 1.452E-19 1.454E-19
 1.398E-19 1.338E-19 1.250E-19 1.230E-19 1.206E-19 1.168E-19 1.088E-19 1.188E-19 1.226E-19 1.103E-19
 1.014E-19 9.764E-20 1.036E-19 1.001E-19 1.044E-19 1.094E-19 1.152E-19 1.263E-19 1.259E-19 1.283E-19
 1.216E-19 1.203E-19 1.202E-19 1.134E-19 1.074E-19 9.703E-20 9.793E-20 1.117E-19 1.149E-19 1.052E-19
 9.398E-20 9.494E-20 1.047E-19 1.091E-19 1.050E-19 9.234E-20 9.871E-20 1.116E-19 1.060E-19 9.931E-20
 1.005E-19 1.029E-19 9.778E-20 1.031E-19 1.035E-19 9.500E-20 1.008E-19 1.024E-19 1.069E-19 1.130E-19
 1.109E-19 1.050E-19 9.987E-20 9.987E-20 9.987E-20 1.156E-19 1.240E-19 1.156E-19 1.084E-19 1.049E-19
 9.842E-20 9.813E-20 9.599E-20 9.078E-20 9.620E-20 1.076E-19 9.654E-20 8.988E-20 9.655E-20 1.032E-19
 1.049E-19 1.092E-19 1.043E-19 9.264E-20 9.430E-20 9.719E-20 8.716E-20 8.505E-20 9.425E-20 9.514E-20
 9.446E-20 1.052E-19 1.004E-19 1.004E-19 9.741E-20 9.149E-20 8.450E-20 9.028E-20 9.784E-20 9.653E-20
 1.057E-19 1.043E-19 9.400E-20 9.918E-20 9.264E-20 7.342E-20 7.866E-20 9.348E-20 1.006E-19 9.484E-20
 8.806E-20 8.311E-20 8.153E-20 8.581E-20 7.862E-20 7.581E-20 8.635E-20 9.486E-20 9.469E-20 8.453E-20
 7.635E-20 8.174E-20 8.414E-20 7.095E-20 6.451E-20 7.111E-20 7.111E-20 8.326E-20 8.234E-20 7.174E-20
 7.698E-20 7.898E-20 7.898E-20 7.898E-20 5.831E-20 6.135E-20 7.391E-20 7.763E-20 6.837E-20 6.039E-20
 7.424E-20 7.790E-20 6.176E-20 6.269E-20 7.222E-20 8.020E-20 8.089E-20 7.280E-20 6.612E-20 7.304E-20
 7.987E-20 7.987E-20 5.221E-20 5.396E-20 7.544E-20 9.153E-20 8.975E-20 8.434E-20 8.030E-20 7.876E-20
 8.014E-20 6.841E-20 6.070E-20 7.023E-20 7.981E-20 7.229E-20 6.161E-20 6.321E-20 6.737E-20 5.969E-20
 4.900E-20 5.241E-20 6.542E-20 8.031E-20 7.874E-20 7.874E-20 5.669E-20 5.996E-20 5.889E-20 5.353E-20
 5.596E-20 6.076E-20 7.166E-20 6.813E-20 6.485E-20 6.485E-20 5.510E-20 4.875E-20 5.005E-20 5.130E-20
 5.986E-20 7.359E-20 6.420E-20 6.223E-20 5.893E-20 5.303E-20 4.643E-20 4.643E-20 3.340E-20 6.004E-20
 6.741E-20 4.794E-20 4.794E-20 6.130E-20 6.414E-20 6.469E-20 5.575E-20 4.498E-20 5.428E-20 5.673E-20
 4.284E-20 4.073E-20 5.073E-20 5.159E-20 4.836E-20 4.836E-20 3.563E-20 5.591E-20 5.591E-20 4.443E-20
 4.990E-20 5.880E-20 6.047E-20 5.087E-20 4.849E-20 6.271E-20 6.892E-20 6.380E-20 5.131E-20 4.149E-20
 5.167E-20 6.840E-20 6.057E-20 4.744E-20 5.420E-20 5.801E-20 5.371E-20 5.081E-20 5.204E-20 5.430E-20
 5.557E-20 5.428E-20 5.185E-20 5.194E-20 4.819E-20 4.086E-20 4.180E-20 4.084E-20 0.000E+00 0.000E+00
