     CCl3F 1060.0090 1106.9890      3168  253.0000    0.0000 1.564E-18  NCAR    CFC-11              
 9.548E-20 8.999E-20 8.265E-20 7.666E-20 8.512E-20 9.043E-20 8.442E-20 8.520E-20 9.181E-20 8.108E-20
 8.058E-20 8.370E-20 8.688E-20 7.980E-20 6.892E-20 7.071E-20 8.421E-20 9.468E-20 9.396E-20 9.262E-20
 9.713E-20 1.034E-19 9.633E-20 8.381E-20 8.474E-20 9.335E-20 9.761E-20 9.509E-20 9.790E-20 9.769E-20
 9.244E-20 8.898E-20 9.211E-20 9.680E-20 8.858E-20 8.462E-20 8.859E-20 8.920E-20 9.138E-20 9.277E-20
 9.481E-20 1.008E-19 1.085E-19 1.153E-19 1.136E-19 1.140E-19 1.126E-19 1.047E-19 9.602E-20 9.339E-20
 9.469E-20 9.446E-20 9.129E-20 9.864E-20 1.064E-19 1.097E-19 1.042E-19 9.867E-20 8.980E-20 8.626E-20
 8.528E-20 8.297E-20 9.151E-20 9.042E-20 9.231E-20 1.055E-19 1.132E-19 1.041E-19 1.015E-19 1.023E-19
 1.008E-19 1.047E-19 1.075E-19 1.050E-19 1.085E-19 1.081E-19 9.799E-20 1.000E-19 1.153E-19 1.199E-19
 1.105E-19 9.824E-20 1.013E-19 1.226E-19 1.193E-19 1.040E-19 1.081E-19 1.099E-19 1.049E-19 1.115E-19
 1.165E-19 1.130E-19 1.146E-19 1.142E-19 1.160E-19 1.149E-19 1.102E-19 1.100E-19 1.026E-19 1.013E-19
 1.097E-19 1.102E-19 1.134E-19 1.268E-19 1.379E-19 1.386E-19 1.296E-19 1.285E-19 1.343E-19 1.330E-19
 1.333E-19 1.315E-19 1.216E-19 1.170E-19 1.168E-19 1.213E-19 1.283E-19 1.334E-19 1.271E-19 1.297E-19
 1.357E-19 1.280E-19 1.255E-19 1.345E-19 1.339E-19 1.276E-19 1.254E-19 1.252E-19 1.249E-19 1.251E-19
 1.300E-19 1.368E-19 1.403E-19 1.374E-19 1.393E-19 1.450E-19 1.418E-19 1.380E-19 1.463E-19 1.509E-19
 1.402E-19 1.301E-19 1.389E-19 1.387E-19 1.335E-19 1.329E-19 1.399E-19 1.451E-19 1.480E-19 1.512E-19
 1.659E-19 1.697E-19 1.594E-19 1.485E-19 1.442E-19 1.498E-19 1.491E-19 1.481E-19 1.516E-19 1.552E-19
 1.611E-19 1.578E-19 1.445E-19 1.485E-19 1.547E-19 1.516E-19 1.504E-19 1.534E-19 1.453E-19 1.446E-19
 1.483E-19 1.474E-19 1.478E-19 1.535E-19 1.546E-19 1.492E-19 1.561E-19 1.620E-19 1.518E-19 1.394E-19
 1.444E-19 1.557E-19 1.546E-19 1.540E-19 1.589E-19 1.683E-19 1.712E-19 1.587E-19 1.555E-19 1.689E-19
 1.784E-19 1.712E-19 1.647E-19 1.613E-19 1.591E-19 1.634E-19 1.749E-19 1.903E-19 1.942E-19 1.878E-19
 1.669E-19 1.576E-19 1.661E-19 1.716E-19 1.665E-19 1.708E-19 1.747E-19 1.669E-19 1.632E-19 1.766E-19
 1.956E-19 1.923E-19 1.793E-19 1.689E-19 1.627E-19 1.814E-19 1.934E-19 1.896E-19 1.798E-19 1.659E-19
 1.612E-19 1.742E-19 1.949E-19 1.967E-19 1.794E-19 1.642E-19 1.653E-19 1.820E-19 1.915E-19 1.865E-19
 1.802E-19 1.781E-19 1.776E-19 1.863E-19 2.044E-19 2.036E-19 1.977E-19 1.958E-19 1.814E-19 1.816E-19
 1.987E-19 1.918E-19 1.757E-19 1.775E-19 1.831E-19 1.887E-19 2.001E-19 2.038E-19 2.064E-19 2.201E-19
 2.125E-19 1.880E-19 1.958E-19 2.084E-19 2.083E-19 2.026E-19 2.049E-19 2.043E-19 1.927E-19 1.934E-19
 2.087E-19 2.094E-19 2.072E-19 2.043E-19 2.073E-19 2.106E-19 2.072E-19 1.994E-19 2.068E-19 2.179E-19
 2.166E-19 2.105E-19 2.166E-19 2.278E-19 2.267E-19 2.198E-19 2.155E-19 2.175E-19 2.165E-19 2.281E-19
 2.290E-19 2.231E-19 2.292E-19 2.230E-19 2.130E-19 2.164E-19 2.258E-19 2.320E-19 2.323E-19 2.356E-19
 2.252E-19 2.280E-19 2.349E-19 2.282E-19 2.275E-19 2.228E-19 2.126E-19 2.168E-19 2.456E-19 2.603E-19
 2.423E-19 2.343E-19 2.464E-19 2.509E-19 2.407E-19 2.380E-19 2.380E-19 2.379E-19 2.372E-19 2.307E-19
 2.410E-19 2.609E-19 2.605E-19 2.475E-19 2.489E-19 2.556E-19 2.494E-19 2.387E-19 2.348E-19 2.405E-19
 2.474E-19 2.316E-19 2.258E-19 2.480E-19 2.612E-19 2.447E-19 2.472E-19 2.569E-19 2.511E-19 2.493E-19
 2.391E-19 2.371E-19 2.391E-19 2.384E-19 2.357E-19 2.441E-19 2.589E-19 2.584E-19 2.599E-19 2.745E-19
 2.732E-19 2.673E-19 2.736E-19 2.643E-19 2.450E-19 2.391E-19 2.424E-19 2.466E-19 2.601E-19 2.721E-19
 2.585E-19 2.507E-19 2.598E-19 2.753E-19 2.846E-19 2.736E-19 2.591E-19 2.579E-19 2.612E-19 2.656E-19
 2.775E-19 2.963E-19 2.908E-19 2.732E-19 2.774E-19 2.848E-19 2.753E-19 2.715E-19 2.680E-19 2.646E-19
 2.684E-19 2.833E-19 2.852E-19 2.883E-19 3.051E-19 3.020E-19 3.044E-19 3.151E-19 3.106E-19 3.018E-19
 3.026E-19 2.877E-19 2.829E-19 3.010E-19 3.007E-19 2.968E-19 3.242E-19 3.285E-19 3.098E-19 3.006E-19
 3.045E-19 2.950E-19 2.905E-19 2.890E-19 2.794E-19 2.895E-19 3.140E-19 3.189E-19 3.155E-19 3.271E-19
 3.269E-19 3.130E-19 3.085E-19 3.077E-19 3.026E-19 2.950E-19 3.002E-19 3.214E-19 3.333E-19 3.379E-19
 3.299E-19 3.323E-19 3.400E-19 3.248E-19 3.146E-19 3.401E-19 3.374E-19 3.094E-19 2.975E-19 3.032E-19
 3.089E-19 3.253E-19 3.395E-19 3.352E-19 3.380E-19 3.363E-19 3.280E-19 3.413E-19 3.451E-19 3.243E-19
 3.173E-19 3.215E-19 3.193E-19 3.335E-19 3.609E-19 3.682E-19 3.611E-19 3.632E-19 3.502E-19 3.401E-19
 3.463E-19 3.337E-19 3.239E-19 3.277E-19 3.437E-19 3.548E-19 3.624E-19 3.852E-19 3.811E-19 3.708E-19
 3.712E-19 3.469E-19 3.521E-19 3.615E-19 3.508E-19 3.417E-19 3.542E-19 3.665E-19 3.699E-19 3.780E-19
 3.788E-19 3.775E-19 3.888E-19 3.821E-19 3.695E-19 3.671E-19 3.502E-19 3.313E-19 3.562E-19 3.703E-19
 3.681E-19 3.962E-19 4.085E-19 3.931E-19 3.905E-19 3.977E-19 3.949E-19 3.857E-19 3.670E-19 3.492E-19
 3.485E-19 3.559E-19 3.512E-19 3.782E-19 4.119E-19 4.031E-19 4.011E-19 4.085E-19 4.009E-19 3.993E-19
 3.921E-19 3.644E-19 3.538E-19 3.685E-19 3.742E-19 3.831E-19 3.950E-19 4.003E-19 4.172E-19 4.269E-19
 4.353E-19 4.432E-19 4.351E-19 4.004E-19 3.761E-19 3.859E-19 3.964E-19 3.975E-19 4.216E-19 4.291E-19
 4.096E-19 4.174E-19 4.333E-19 4.329E-19 4.158E-19 3.952E-19 3.733E-19 3.766E-19 4.000E-19 4.059E-19
 4.131E-19 4.218E-19 4.169E-19 4.332E-19 4.490E-19 4.494E-19 4.397E-19 4.162E-19 3.983E-19 4.000E-19
 4.094E-19 4.252E-19 4.337E-19 4.276E-19 4.393E-19 4.615E-19 4.564E-19 4.534E-19 4.504E-19 4.323E-19
 4.118E-19 4.038E-19 4.291E-19 4.489E-19 4.360E-19 4.261E-19 4.432E-19 4.720E-19 4.695E-19 4.657E-19
 4.545E-19 4.276E-19 4.155E-19 4.293E-19 4.391E-19 4.401E-19 4.292E-19 4.314E-19 4.510E-19 4.858E-19
 4.943E-19 4.753E-19 4.825E-19 4.731E-19 4.397E-19 4.404E-19 4.444E-19 4.480E-19 4.449E-19 4.553E-19
 4.805E-19 5.084E-19 5.275E-19 5.114E-19 5.075E-19 4.855E-19 4.366E-19 4.396E-19 4.645E-19 4.731E-19
 4.783E-19 4.900E-19 4.885E-19 5.006E-19 5.273E-19 5.042E-19 5.027E-19 5.038E-19 4.633E-19 4.389E-19
 4.543E-19 4.600E-19 4.620E-19 4.734E-19 4.814E-19 4.895E-19 5.264E-19 5.334E-19 5.237E-19 5.121E-19
 4.621E-19 4.368E-19 4.768E-19 4.744E-19 4.514E-19 4.704E-19 5.012E-19 5.090E-19 5.323E-19 5.410E-19
 5.359E-19 5.257E-19 4.808E-19 4.524E-19 4.884E-19 4.977E-19 4.764E-19 4.967E-19 5.322E-19 5.371E-19
 5.556E-19 5.666E-19 5.704E-19 5.430E-19 4.847E-19 4.768E-19 5.103E-19 5.195E-19 4.899E-19 4.892E-19
 5.329E-19 5.413E-19 5.451E-19 5.692E-19 5.798E-19 5.769E-19 5.198E-19 4.831E-19 5.141E-19 5.399E-19
 5.072E-19 5.168E-19 5.695E-19 5.748E-19 5.759E-19 6.010E-19 6.025E-19 5.864E-19 5.292E-19 5.009E-19
 5.240E-19 5.425E-19 5.061E-19 4.948E-19 5.393E-19 5.600E-19 5.704E-19 6.052E-19 6.177E-19 6.056E-19
 5.518E-19 5.152E-19 5.324E-19 5.441E-19 5.098E-19 5.218E-19 5.795E-19 5.902E-19 5.812E-19 6.138E-19
 6.361E-19 6.311E-19 5.887E-19 5.461E-19 5.642E-19 5.747E-19 5.367E-19 5.228E-19 5.610E-19 5.668E-19
 5.679E-19 6.152E-19 6.319E-19 6.235E-19 5.801E-19 5.352E-19 5.530E-19 5.520E-19 5.189E-19 5.034E-19
 5.458E-19 5.518E-19 5.605E-19 6.111E-19 6.399E-19 6.472E-19 5.913E-19 5.371E-19 5.479E-19 5.648E-19
 5.552E-19 5.421E-19 5.683E-19 5.659E-19 5.707E-19 6.145E-19 6.331E-19 6.304E-19 5.826E-19 5.459E-19
 5.554E-19 5.516E-19 5.444E-19 5.375E-19 5.654E-19 5.757E-19 5.873E-19 6.395E-19 6.475E-19 6.321E-19
 5.917E-19 5.662E-19 5.800E-19 5.657E-19 5.587E-19 5.686E-19 5.933E-19 5.857E-19 5.937E-19 6.510E-19
 6.794E-19 6.743E-19 6.132E-19 5.730E-19 5.694E-19 5.504E-19 5.568E-19 5.706E-19 5.885E-19 5.923E-19
 6.107E-19 6.667E-19 6.799E-19 6.507E-19 6.057E-19 5.794E-19 5.717E-19 5.631E-19 5.677E-19 5.794E-19
 6.112E-19 6.172E-19 6.236E-19 6.687E-19 7.031E-19 6.923E-19 6.287E-19 5.876E-19 5.766E-19 5.781E-19
 5.650E-19 5.747E-19 6.215E-19 6.098E-19 6.192E-19 6.724E-19 6.994E-19 6.933E-19 6.258E-19 5.788E-19
 5.736E-19 5.737E-19 5.724E-19 5.948E-19 6.334E-19 6.199E-19 6.260E-19 6.640E-19 7.120E-19 7.303E-19
 6.503E-19 5.881E-19 5.941E-19 5.850E-19 5.729E-19 6.066E-19 6.318E-19 6.141E-19 6.260E-19 6.792E-19
 7.356E-19 7.379E-19 6.438E-19 5.929E-19 6.141E-19 6.099E-19 6.068E-19 6.352E-19 6.477E-19 6.343E-19
 6.526E-19 6.920E-19 7.380E-19 7.247E-19 6.390E-19 6.176E-19 6.100E-19 5.762E-19 5.865E-19 6.286E-19
 6.416E-19 6.371E-19 6.549E-19 7.080E-19 7.645E-19 7.241E-19 6.253E-19 6.174E-19 6.225E-19 5.727E-19
 5.946E-19 6.436E-19 6.478E-19 6.677E-19 6.882E-19 7.414E-19 7.870E-19 7.128E-19 6.047E-19 6.125E-19
 6.283E-19 5.649E-19 5.857E-19 6.426E-19 6.425E-19 6.456E-19 6.710E-19 7.528E-19 8.069E-19 7.366E-19
 6.515E-19 6.618E-19 6.659E-19 6.270E-19 6.299E-19 6.270E-19 6.435E-19 6.657E-19 7.109E-19 7.872E-19
 7.906E-19 7.099E-19 6.506E-19 6.468E-19 6.216E-19 6.189E-19 6.427E-19 6.299E-19 6.323E-19 6.520E-19
 7.119E-19 7.921E-19 7.780E-19 6.920E-19 6.531E-19 6.663E-19 6.105E-19 6.048E-19 6.333E-19 6.291E-19
 6.380E-19 6.792E-19 7.467E-19 8.088E-19 8.057E-19 7.049E-19 6.440E-19 6.430E-19 6.256E-19 6.297E-19
 6.379E-19 6.316E-19 6.392E-19 6.851E-19 7.654E-19 8.044E-19 7.639E-19 6.778E-19 6.478E-19 6.251E-19
 6.269E-19 6.496E-19 6.222E-19 6.052E-19 6.165E-19 6.926E-19 8.086E-19 8.478E-19 7.789E-19 6.781E-19
 6.489E-19 6.233E-19 6.353E-19 6.554E-19 6.323E-19 6.321E-19 6.726E-19 7.499E-19 8.112E-19 8.388E-19
 7.821E-19 6.959E-19 6.603E-19 6.450E-19 6.540E-19 6.639E-19 6.473E-19 6.426E-19 6.977E-19 7.893E-19
 8.507E-19 8.566E-19 7.765E-19 7.169E-19 6.848E-19 6.438E-19 6.412E-19 6.499E-19 6.566E-19 6.713E-19
 7.352E-19 8.206E-19 8.775E-19 8.551E-19 7.391E-19 6.818E-19 6.672E-19 6.441E-19 6.436E-19 6.464E-19
 6.480E-19 6.553E-19 7.192E-19 8.189E-19 8.662E-19 7.893E-19 6.981E-19 6.548E-19 6.137E-19 6.149E-19
 6.189E-19 6.224E-19 6.349E-19 6.721E-19 7.505E-19 8.313E-19 8.657E-19 7.756E-19 6.899E-19 6.380E-19
 6.080E-19 6.276E-19 6.334E-19 6.339E-19 6.312E-19 6.911E-19 7.737E-19 8.375E-19 8.260E-19 7.507E-19
 6.914E-19 6.358E-19 6.198E-19 6.276E-19 6.371E-19 6.489E-19 6.685E-19 7.389E-19 8.222E-19 8.689E-19
 8.298E-19 7.467E-19 6.842E-19 6.480E-19 6.480E-19 6.356E-19 6.428E-19 6.879E-19 7.209E-19 7.793E-19
 8.712E-19 9.085E-19 8.462E-19 7.503E-19 6.726E-19 6.309E-19 6.449E-19 6.485E-19 6.717E-19 6.984E-19
 7.417E-19 8.142E-19 8.945E-19 9.312E-19 8.564E-19 7.408E-19 6.680E-19 6.592E-19 6.551E-19 6.529E-19
 6.454E-19 6.633E-19 7.235E-19 8.141E-19 8.845E-19 8.537E-19 7.224E-19 6.306E-19 6.127E-19 6.148E-19
 6.065E-19 6.212E-19 6.397E-19 6.755E-19 7.373E-19 8.209E-19 8.654E-19 8.021E-19 6.994E-19 6.414E-19
 6.367E-19 6.131E-19 6.040E-19 6.229E-19 6.667E-19 7.199E-19 7.858E-19 8.663E-19 8.525E-19 7.522E-19
 6.666E-19 6.372E-19 6.431E-19 6.372E-19 6.446E-19 6.569E-19 6.721E-19 7.293E-19 8.331E-19 9.025E-19
 8.465E-19 7.105E-19 6.348E-19 6.429E-19 6.664E-19 6.557E-19 6.507E-19 6.883E-19 7.395E-19 8.113E-19
 8.933E-19 9.122E-19 8.068E-19 6.988E-19 6.886E-19 6.771E-19 6.703E-19 6.891E-19 7.101E-19 7.402E-19
 8.052E-19 8.720E-19 9.404E-19 9.097E-19 7.932E-19 7.311E-19 7.111E-19 6.919E-19 6.892E-19 7.308E-19
 7.580E-19 7.947E-19 8.631E-19 9.509E-19 9.906E-19 8.687E-19 7.391E-19 7.185E-19 7.272E-19 7.267E-19
 7.383E-19 7.482E-19 7.447E-19 7.775E-19 8.466E-19 9.108E-19 8.431E-19 7.065E-19 6.561E-19 6.424E-19
 6.415E-19 6.423E-19 6.497E-19 6.902E-19 7.414E-19 8.019E-19 9.029E-19 9.445E-19 8.080E-19 6.895E-19
 6.695E-19 6.557E-19 6.463E-19 6.582E-19 6.682E-19 6.985E-19 7.626E-19 8.352E-19 9.094E-19 8.590E-19
 7.299E-19 6.708E-19 6.555E-19 6.520E-19 6.589E-19 6.657E-19 6.959E-19 7.592E-19 8.147E-19 8.980E-19
 9.093E-19 7.928E-19 7.027E-19 6.968E-19 6.769E-19 6.597E-19 6.692E-19 7.130E-19 7.670E-19 8.366E-19
 9.115E-19 9.650E-19 8.998E-19 7.637E-19 7.158E-19 7.171E-19 7.108E-19 7.267E-19 7.338E-19 7.390E-19
 7.969E-19 8.679E-19 9.224E-19 9.236E-19 8.188E-19 7.432E-19 7.346E-19 7.207E-19 7.346E-19 7.516E-19
 7.692E-19 8.067E-19 8.724E-19 9.186E-19 9.698E-19 8.827E-19 7.675E-19 7.438E-19 7.450E-19 7.739E-19
 8.128E-19 8.354E-19 8.553E-19 8.890E-19 9.181E-19 9.671E-19 9.550E-19 8.461E-19 7.976E-19 8.092E-19
 8.163E-19 8.116E-19 8.196E-19 8.567E-19 9.006E-19 9.294E-19 9.825E-19 1.011E-18 8.965E-19 7.690E-19
 7.281E-19 7.043E-19 7.025E-19 7.213E-19 7.376E-19 7.661E-19 8.047E-19 8.611E-19 9.061E-19 8.440E-19
 7.178E-19 6.783E-19 7.076E-19 7.414E-19 7.583E-19 7.633E-19 7.589E-19 7.743E-19 8.416E-19 9.108E-19
 9.067E-19 8.084E-19 7.704E-19 7.804E-19 7.648E-19 7.608E-19 7.785E-19 7.989E-19 8.201E-19 8.516E-19
 9.240E-19 9.903E-19 9.070E-19 7.828E-19 7.416E-19 7.368E-19 7.524E-19 7.904E-19 8.259E-19 8.383E-19
 8.689E-19 9.352E-19 9.802E-19 9.530E-19 8.793E-19 8.694E-19 8.506E-19 8.229E-19 8.224E-19 8.289E-19
 8.595E-19 9.113E-19 9.650E-19 1.001E-18 9.994E-19 9.378E-19 8.905E-19 8.959E-19 8.903E-19 9.095E-19
 9.137E-19 8.999E-19 9.288E-19 9.739E-19 1.010E-18 1.053E-18 9.854E-19 8.886E-19 8.849E-19 9.263E-19
 9.502E-19 9.035E-19 8.807E-19 8.910E-19 8.834E-19 9.279E-19 9.822E-19 9.456E-19 8.644E-19 8.472E-19
 8.500E-19 8.419E-19 8.555E-19 8.877E-19 9.251E-19 9.627E-19 1.013E-18 1.028E-18 9.966E-19 9.410E-19
 9.124E-19 8.843E-19 8.540E-19 8.578E-19 8.770E-19 8.822E-19 9.018E-19 9.457E-19 9.642E-19 9.605E-19
 9.468E-19 9.133E-19 9.121E-19 9.246E-19 9.116E-19 9.160E-19 9.524E-19 1.003E-18 1.034E-18 1.020E-18
 1.027E-18 1.018E-18 1.001E-18 1.032E-18 1.057E-18 9.972E-19 8.869E-19 8.569E-19 8.999E-19 9.363E-19
 9.408E-19 9.704E-19 9.893E-19 9.326E-19 8.988E-19 8.920E-19 8.979E-19 9.333E-19 9.656E-19 9.560E-19
 9.621E-19 9.823E-19 1.003E-18 1.032E-18 1.000E-18 9.601E-19 9.797E-19 1.031E-18 1.050E-18 1.015E-18
 1.009E-18 1.066E-18 1.113E-18 1.116E-18 1.114E-18 1.103E-18 1.082E-18 1.099E-18 1.129E-18 1.155E-18
 1.137E-18 1.127E-18 1.147E-18 1.188E-18 1.177E-18 1.190E-18 1.207E-18 1.206E-18 1.215E-18 1.208E-18
 1.222E-18 1.235E-18 1.188E-18 1.192E-18 1.220E-18 1.101E-18 1.011E-18 1.023E-18 1.012E-18 1.017E-18
 1.072E-18 1.065E-18 1.023E-18 1.050E-18 1.083E-18 1.070E-18 1.058E-18 1.088E-18 1.141E-18 1.156E-18
 1.150E-18 1.168E-18 1.149E-18 1.129E-18 1.149E-18 1.162E-18 1.167E-18 1.158E-18 1.187E-18 1.219E-18
 1.225E-18 1.211E-18 1.219E-18 1.177E-18 1.158E-18 1.215E-18 1.256E-18 1.255E-18 1.254E-18 1.243E-18
 1.248E-18 1.256E-18 1.223E-18 1.188E-18 1.184E-18 1.203E-18 1.194E-18 1.116E-18 1.042E-18 1.019E-18
 1.022E-18 1.057E-18 1.074E-18 1.084E-18 1.078E-18 1.072E-18 1.075E-18 1.076E-18 1.112E-18 1.127E-18
 1.146E-18 1.144E-18 1.110E-18 1.137E-18 1.157E-18 1.189E-18 1.219E-18 1.208E-18 1.175E-18 1.167E-18
 1.192E-18 1.204E-18 1.174E-18 1.177E-18 1.177E-18 1.151E-18 1.159E-18 1.175E-18 1.161E-18 1.108E-18
 1.081E-18 1.069E-18 1.019E-18 9.323E-19 8.058E-19 6.580E-19 5.909E-19 5.968E-19 6.047E-19 6.077E-19
 5.939E-19 6.002E-19 5.985E-19 5.841E-19 5.894E-19 6.143E-19 6.305E-19 6.276E-19 6.367E-19 6.371E-19
 6.259E-19 6.300E-19 6.347E-19 6.056E-19 6.024E-19 6.203E-19 6.319E-19 6.217E-19 6.091E-19 6.061E-19
 6.151E-19 6.227E-19 6.152E-19 6.049E-19 5.951E-19 5.876E-19 5.933E-19 6.066E-19 6.107E-19 6.185E-19
 6.241E-19 6.213E-19 6.136E-19 6.199E-19 6.310E-19 6.288E-19 6.163E-19 6.012E-19 6.114E-19 6.398E-19
 6.432E-19 6.495E-19 6.382E-19 6.213E-19 6.417E-19 6.426E-19 6.210E-19 6.259E-19 6.405E-19 6.576E-19
 6.702E-19 6.842E-19 6.823E-19 6.691E-19 6.703E-19 6.674E-19 6.493E-19 6.464E-19 6.531E-19 6.545E-19
 6.689E-19 6.999E-19 6.879E-19 6.824E-19 6.762E-19 6.884E-19 7.122E-19 6.975E-19 6.698E-19 6.623E-19
 6.909E-19 7.324E-19 7.179E-19 6.888E-19 7.047E-19 7.086E-19 7.082E-19 7.109E-19 7.070E-19 7.070E-19
 7.234E-19 7.596E-19 7.815E-19 7.808E-19 7.741E-19 7.593E-19 7.546E-19 7.616E-19 7.648E-19 7.677E-19
 7.774E-19 8.063E-19 8.164E-19 8.253E-19 8.370E-19 8.139E-19 7.827E-19 7.824E-19 8.089E-19 7.933E-19
 7.811E-19 8.202E-19 8.568E-19 8.233E-19 8.391E-19 8.416E-19 8.021E-19 7.842E-19 8.020E-19 7.992E-19
 7.940E-19 8.234E-19 8.395E-19 8.369E-19 8.589E-19 9.164E-19 9.237E-19 8.620E-19 8.258E-19 8.596E-19
 8.888E-19 9.031E-19 9.119E-19 9.128E-19 9.295E-19 9.521E-19 9.947E-19 1.000E-18 9.542E-19 9.467E-19
 9.543E-19 9.476E-19 9.750E-19 1.015E-18 1.018E-18 9.954E-19 1.005E-18 1.060E-18 1.047E-18 1.017E-18
 1.077E-18 1.086E-18 1.068E-18 1.084E-18 1.114E-18 1.099E-18 1.079E-18 1.106E-18 1.172E-18 1.179E-18
 1.178E-18 1.174E-18 1.154E-18 1.191E-18 1.224E-18 1.191E-18 1.159E-18 1.175E-18 1.225E-18 1.264E-18
 1.242E-18 1.213E-18 1.169E-18 1.217E-18 1.289E-18 1.283E-18 1.242E-18 1.205E-18 1.197E-18 1.271E-18
 1.321E-18 1.314E-18 1.300E-18 1.293E-18 1.283E-18 1.310E-18 1.328E-18 1.296E-18 1.313E-18 1.385E-18
 1.409E-18 1.406E-18 1.370E-18 1.343E-18 1.367E-18 1.395E-18 1.347E-18 1.329E-18 1.337E-18 1.398E-18
 1.412E-18 1.467E-18 1.463E-18 1.410E-18 1.376E-18 1.365E-18 1.356E-18 1.377E-18 1.378E-18 1.390E-18
 1.428E-18 1.471E-18 1.564E-18 1.549E-18 1.435E-18 1.361E-18 1.381E-18 1.395E-18 1.362E-18 1.370E-18
 1.399E-18 1.442E-18 1.447E-18 1.464E-18 1.419E-18 1.406E-18 1.389E-18 1.357E-18 1.370E-18 1.341E-18
 1.341E-18 1.389E-18 1.410E-18 1.431E-18 1.405E-18 1.305E-18 1.297E-18 1.284E-18 1.266E-18 1.317E-18
 1.301E-18 1.279E-18 1.323E-18 1.354E-18 1.378E-18 1.349E-18 1.269E-18 1.276E-18 1.326E-18 1.372E-18
 1.365E-18 1.312E-18 1.333E-18 1.365E-18 1.392E-18 1.432E-18 1.394E-18 1.315E-18 1.274E-18 1.287E-18
 1.320E-18 1.285E-18 1.287E-18 1.289E-18 1.306E-18 1.348E-18 1.357E-18 1.325E-18 1.261E-18 1.212E-18
 1.202E-18 1.243E-18 1.262E-18 1.251E-18 1.250E-18 1.290E-18 1.347E-18 1.324E-18 1.223E-18 1.200E-18
 1.255E-18 1.267E-18 1.225E-18 1.212E-18 1.200E-18 1.226E-18 1.267E-18 1.286E-18 1.225E-18 1.171E-18
 1.179E-18 1.154E-18 1.115E-18 1.083E-18 1.109E-18 1.163E-18 1.196E-18 1.197E-18 1.217E-18 1.189E-18
 1.152E-18 1.152E-18 1.157E-18 1.161E-18 1.160E-18 1.155E-18 1.161E-18 1.175E-18 1.200E-18 1.223E-18
 1.160E-18 1.114E-18 1.115E-18 1.094E-18 1.093E-18 1.083E-18 1.067E-18 1.059E-18 1.071E-18 1.161E-18
 1.170E-18 1.086E-18 1.066E-18 1.072E-18 1.047E-18 1.023E-18 1.025E-18 1.015E-18 1.014E-18 1.095E-18
 1.165E-18 1.093E-18 1.042E-18 1.050E-18 1.036E-18 1.000E-18 1.009E-18 1.016E-18 9.790E-19 1.006E-18
 1.104E-18 1.138E-18 1.059E-18 1.013E-18 1.014E-18 9.961E-19 9.696E-19 9.801E-19 9.558E-19 9.700E-19
 1.047E-18 1.105E-18 1.069E-18 1.008E-18 9.690E-19 9.498E-19 9.605E-19 9.573E-19 9.131E-19 8.979E-19
 9.435E-19 1.022E-18 1.051E-18 9.664E-19 9.238E-19 9.257E-19 8.949E-19 8.840E-19 8.573E-19 8.379E-19
 8.725E-19 9.471E-19 1.045E-18 1.015E-18 9.136E-19 8.703E-19 8.548E-19 8.681E-19 8.655E-19 8.383E-19
 8.172E-19 8.578E-19 9.777E-19 1.030E-18 9.277E-19 8.589E-19 8.484E-19 8.525E-19 8.332E-19 8.194E-19
 8.485E-19 8.869E-19 9.383E-19 9.842E-19 9.477E-19 8.456E-19 8.191E-19 8.372E-19 8.032E-19 7.569E-19
 7.518E-19 7.685E-19 8.463E-19 9.507E-19 1.003E-18 9.027E-19 8.107E-19 7.988E-19 7.699E-19 7.483E-19
 7.621E-19 7.851E-19 8.328E-19 8.826E-19 9.449E-19 9.278E-19 8.373E-19 7.823E-19 7.588E-19 7.491E-19
 7.610E-19 7.765E-19 7.904E-19 8.404E-19 9.135E-19 9.410E-19 8.436E-19 7.652E-19 7.488E-19 7.207E-19
 6.995E-19 7.453E-19 7.980E-19 8.365E-19 8.688E-19 9.312E-19 8.859E-19 7.520E-19 7.265E-19 7.160E-19
 7.045E-19 7.186E-19 7.413E-19 7.907E-19 8.368E-19 8.909E-19 8.655E-19 7.461E-19 7.000E-19 6.910E-19
 6.759E-19 6.786E-19 7.096E-19 7.646E-19 8.034E-19 8.520E-19 8.725E-19 7.764E-19 6.947E-19 6.736E-19
 6.819E-19 6.977E-19 7.079E-19 7.089E-19 7.243E-19 8.020E-19 8.488E-19 7.899E-19 7.121E-19 6.874E-19
 7.047E-19 6.994E-19 6.897E-19 6.815E-19 7.074E-19 7.637E-19 7.878E-19 7.872E-19 7.330E-19 6.819E-19
 6.646E-19 6.437E-19 6.602E-19 6.716E-19 7.065E-19 7.549E-19 7.778E-19 7.965E-19 7.524E-19 6.653E-19
 6.429E-19 6.234E-19 6.190E-19 6.378E-19 6.795E-19 7.205E-19 7.358E-19 7.413E-19 7.188E-19 6.469E-19
 6.182E-19 6.366E-19 6.531E-19 6.622E-19 6.682E-19 6.967E-19 7.121E-19 7.173E-19 7.207E-19 6.566E-19
 5.929E-19 5.893E-19 5.964E-19 6.257E-19 6.566E-19 6.849E-19 6.642E-19 6.822E-19 7.132E-19 6.673E-19
 5.914E-19 5.659E-19 5.746E-19 5.829E-19 6.030E-19 6.538E-19 6.598E-19 6.729E-19 6.726E-19 6.475E-19
 5.923E-19 5.720E-19 5.754E-19 5.715E-19 5.963E-19 6.314E-19 6.140E-19 6.175E-19 6.280E-19 6.273E-19
 5.877E-19 5.628E-19 5.695E-19 5.585E-19 5.624E-19 5.845E-19 6.024E-19 6.068E-19 5.754E-19 5.932E-19
 6.055E-19 5.521E-19 5.221E-19 5.278E-19 5.711E-19 5.918E-19 5.841E-19 5.744E-19 5.575E-19 5.981E-19
 6.182E-19 5.323E-19 5.002E-19 5.273E-19 5.692E-19 5.815E-19 5.772E-19 5.525E-19 5.312E-19 5.672E-19
 6.104E-19 5.464E-19 5.028E-19 5.213E-19 5.359E-19 5.480E-19 5.508E-19 5.073E-19 5.084E-19 5.577E-19
 5.789E-19 5.236E-19 4.988E-19 5.184E-19 5.242E-19 5.219E-19 5.042E-19 4.932E-19 5.185E-19 5.373E-19
 5.515E-19 5.187E-19 4.713E-19 4.802E-19 5.092E-19 5.062E-19 4.819E-19 4.804E-19 5.115E-19 5.226E-19
 5.374E-19 5.296E-19 4.859E-19 4.795E-19 4.828E-19 4.855E-19 4.913E-19 4.983E-19 5.039E-19 4.904E-19
 5.108E-19 5.180E-19 4.921E-19 4.793E-19 4.587E-19 4.513E-19 4.481E-19 4.658E-19 4.616E-19 4.530E-19
 4.945E-19 5.098E-19 4.705E-19 4.483E-19 4.684E-19 4.805E-19 4.584E-19 4.450E-19 4.365E-19 4.584E-19
 4.881E-19 5.007E-19 4.610E-19 4.278E-19 4.397E-19 4.485E-19 4.574E-19 4.504E-19 4.298E-19 4.359E-19
 4.755E-19 5.009E-19 4.642E-19 4.354E-19 4.444E-19 4.509E-19 4.426E-19 4.365E-19 4.527E-19 4.643E-19
 4.552E-19 4.606E-19 4.407E-19 4.124E-19 4.254E-19 4.330E-19 4.189E-19 4.140E-19 4.212E-19 4.264E-19
 4.393E-19 4.724E-19 4.532E-19 4.058E-19 3.903E-19 3.991E-19 4.052E-19 4.101E-19 4.157E-19 4.192E-19
 4.298E-19 4.563E-19 4.398E-19 4.171E-19 4.039E-19 3.737E-19 3.688E-19 3.841E-19 3.724E-19 3.694E-19
 4.042E-19 4.434E-19 4.387E-19 3.957E-19 3.781E-19 3.767E-19 3.870E-19 3.895E-19 3.682E-19 3.663E-19
 3.930E-19 4.266E-19 4.276E-19 4.000E-19 3.783E-19 3.652E-19 3.831E-19 3.851E-19 3.650E-19 3.695E-19
 3.914E-19 4.111E-19 4.080E-19 3.808E-19 3.618E-19 3.553E-19 3.646E-19 3.591E-19 3.612E-19 3.859E-19
 4.100E-19 4.157E-19 3.881E-19 3.558E-19 3.614E-19 3.811E-19 3.685E-19 3.503E-19 3.758E-19 3.885E-19
 3.942E-19 4.055E-19 3.960E-19 3.603E-19 3.414E-19 3.597E-19 3.710E-19 3.748E-19 3.672E-19 3.576E-19
 3.890E-19 4.160E-19 3.855E-19 3.344E-19 3.345E-19 3.562E-19 3.611E-19 3.635E-19 3.606E-19 3.735E-19
 3.924E-19 3.914E-19 3.676E-19 3.484E-19 3.551E-19 3.581E-19 3.622E-19 3.602E-19 3.583E-19 3.760E-19
 3.952E-19 3.924E-19 3.680E-19 3.447E-19 3.458E-19 3.450E-19 3.411E-19 3.442E-19 3.475E-19 3.539E-19
 3.517E-19 3.666E-19 3.739E-19 3.516E-19 3.372E-19 3.318E-19 3.338E-19 3.430E-19 3.473E-19 3.457E-19
 3.453E-19 3.592E-19 3.494E-19 3.431E-19 3.459E-19 3.525E-19 3.543E-19 3.407E-19 3.459E-19 3.629E-19
 3.743E-19 3.708E-19 3.407E-19 3.219E-19 3.194E-19 3.472E-19 3.635E-19 3.476E-19 3.553E-19 3.537E-19
 3.532E-19 3.500E-19 3.305E-19 3.222E-19 3.315E-19 3.331E-19 3.165E-19 3.258E-19 3.434E-19 3.427E-19
 3.529E-19 3.532E-19 3.295E-19 3.209E-19 3.245E-19 3.230E-19 3.158E-19 3.129E-19 3.163E-19 3.270E-19
 3.382E-19 3.313E-19 3.244E-19 3.281E-19 3.338E-19 3.235E-19 3.214E-19 3.313E-19 3.290E-19 3.424E-19
 3.613E-19 3.474E-19 3.217E-19 3.193E-19 3.211E-19 3.195E-19 3.316E-19 3.286E-19 3.231E-19 3.376E-19
 3.402E-19 3.367E-19 3.415E-19 3.321E-19 3.244E-19 3.385E-19 3.431E-19 3.355E-19 3.547E-19 3.742E-19
 3.725E-19 3.642E-19 3.552E-19 3.509E-19 3.535E-19 3.631E-19 3.723E-19 3.866E-19 4.000E-19 3.983E-19
 3.954E-19 3.813E-19 3.640E-19 3.638E-19 3.850E-19 3.808E-19 3.640E-19 3.688E-19 3.844E-19 3.800E-19
 3.602E-19 3.581E-19 3.651E-19 3.710E-19 3.552E-19 3.416E-19 3.528E-19 3.703E-19 3.790E-19 3.770E-19
 3.685E-19 3.703E-19 3.643E-19 3.657E-19 3.605E-19 3.448E-19 3.518E-19 3.677E-19 3.777E-19 3.688E-19
 3.543E-19 3.570E-19 3.523E-19 3.464E-19 3.424E-19 3.469E-19 3.546E-19 3.729E-19 3.799E-19 3.639E-19
 3.617E-19 3.740E-19 3.726E-19 3.657E-19 3.705E-19 3.711E-19 3.669E-19 3.706E-19 3.667E-19 3.522E-19
 3.414E-19 3.449E-19 3.707E-19 3.755E-19 3.548E-19 3.622E-19 3.635E-19 3.578E-19 3.549E-19 3.464E-19
 3.501E-19 3.453E-19 3.411E-19 3.526E-19 3.669E-19 3.664E-19 3.676E-19 3.733E-19 3.651E-19 3.526E-19
 3.506E-19 3.606E-19 3.632E-19 3.670E-19 3.792E-19 3.773E-19 3.705E-19 3.674E-19 3.642E-19 3.677E-19
 3.668E-19 3.568E-19 3.514E-19 3.543E-19 3.582E-19 3.427E-19 3.464E-19 3.576E-19 3.596E-19 3.549E-19
 3.506E-19 3.418E-19 3.470E-19 3.596E-19 3.621E-19 3.755E-19 3.906E-19 3.673E-19 3.347E-19 3.286E-19
 3.377E-19 3.362E-19 3.364E-19 3.374E-19 3.330E-19 3.460E-19 3.652E-19 3.537E-19 3.325E-19 3.423E-19
 3.554E-19 3.615E-19 3.566E-19 3.510E-19 3.696E-19 3.826E-19 3.738E-19 3.644E-19 3.601E-19 3.498E-19
 3.373E-19 3.355E-19 3.498E-19 3.674E-19 3.795E-19 3.831E-19 3.672E-19 3.603E-19 3.660E-19 3.692E-19
 3.625E-19 3.571E-19 3.695E-19 3.703E-19 3.549E-19 3.458E-19 3.520E-19 3.715E-19 3.879E-19 3.912E-19
 3.829E-19 3.726E-19 3.636E-19 3.607E-19 3.517E-19 3.452E-19 3.556E-19 3.701E-19 3.835E-19 3.910E-19
 3.820E-19 3.751E-19 3.667E-19 3.569E-19 3.503E-19 3.498E-19 3.537E-19 3.574E-19 3.607E-19 3.657E-19
 3.705E-19 3.686E-19 3.565E-19 3.426E-19 3.530E-19 3.678E-19 3.754E-19 3.632E-19 3.558E-19 3.643E-19
 3.741E-19 3.786E-19 3.701E-19 3.539E-19 3.503E-19 3.615E-19 3.652E-19 3.599E-19 3.581E-19 3.542E-19
 3.412E-19 3.382E-19 3.422E-19 3.557E-19 3.567E-19 3.557E-19 3.549E-19 3.571E-19 3.559E-19 3.687E-19
 3.771E-19 3.713E-19 3.520E-19 3.455E-19 3.513E-19 3.492E-19 3.581E-19 3.676E-19 3.512E-19 3.452E-19
 3.538E-19 3.497E-19 3.450E-19 3.577E-19 3.567E-19 3.482E-19 3.400E-19 3.304E-19 3.396E-19 3.595E-19
 3.671E-19 3.410E-19 3.320E-19 3.535E-19 3.606E-19 3.393E-19 3.288E-19 3.345E-19 3.589E-19 3.696E-19
 3.473E-19 3.364E-19 3.430E-19 3.405E-19 3.354E-19 3.428E-19 3.478E-19 3.458E-19 3.599E-19 3.487E-19
 3.339E-19 3.427E-19 3.491E-19 3.481E-19 3.550E-19 3.477E-19 3.171E-19 3.112E-19 3.218E-19 3.173E-19
 3.176E-19 3.230E-19 3.325E-19 3.367E-19 3.387E-19 3.344E-19 3.230E-19 3.215E-19 3.261E-19 3.277E-19
 3.254E-19 3.257E-19 3.228E-19 3.200E-19 3.201E-19 3.178E-19 3.281E-19 3.381E-19 3.351E-19 3.137E-19
 3.156E-19 3.315E-19 3.421E-19 3.349E-19 3.181E-19 3.167E-19 3.243E-19 3.226E-19 3.068E-19 2.969E-19
 2.958E-19 3.064E-19 3.168E-19 3.246E-19 3.147E-19 3.143E-19 3.200E-19 3.173E-19 3.140E-19 3.136E-19
 3.184E-19 3.282E-19 3.323E-19 3.198E-19 3.176E-19 3.126E-19 3.016E-19 2.961E-19 2.971E-19 2.996E-19
 2.937E-19 3.024E-19 2.975E-19 3.032E-19 3.185E-19 3.154E-19 3.119E-19 3.139E-19 3.142E-19 3.166E-19
 3.059E-19 3.006E-19 3.052E-19 3.095E-19 3.047E-19 3.056E-19 3.008E-19 2.845E-19 2.975E-19 3.049E-19
 3.005E-19 2.929E-19 3.015E-19 3.075E-19 2.912E-19 2.969E-19 3.163E-19 3.135E-19 3.090E-19 3.116E-19
 2.999E-19 2.855E-19 2.852E-19 2.821E-19 2.737E-19 2.872E-19 3.018E-19 2.919E-19 2.733E-19 2.737E-19
 2.900E-19 2.913E-19 2.803E-19 2.800E-19 2.811E-19 2.823E-19 2.850E-19 2.941E-19 2.923E-19 2.833E-19
 2.864E-19 2.929E-19 2.944E-19 2.888E-19 2.983E-19 2.982E-19 2.855E-19 2.893E-19 2.880E-19 2.826E-19
 2.792E-19 2.690E-19 2.676E-19 2.734E-19 2.791E-19 2.681E-19 2.671E-19 2.687E-19 2.620E-19 2.671E-19
 2.621E-19 2.592E-19 2.613E-19 2.681E-19 2.731E-19 2.609E-19 2.496E-19 2.538E-19 2.626E-19 2.592E-19
 2.483E-19 2.442E-19 2.663E-19 2.814E-19 2.684E-19 2.614E-19 2.578E-19 2.527E-19 2.548E-19 2.607E-19
 2.554E-19 2.477E-19 2.569E-19 2.558E-19 2.531E-19 2.566E-19 2.525E-19 2.518E-19 2.631E-19 2.630E-19
 2.538E-19 2.507E-19 2.532E-19 2.561E-19 2.694E-19 2.651E-19 2.537E-19 2.561E-19 2.532E-19 2.534E-19
 2.461E-19 2.347E-19 2.397E-19 2.619E-19 2.724E-19 2.640E-19 2.474E-19 2.375E-19 2.358E-19 2.436E-19
 2.446E-19 2.379E-19 2.372E-19 2.428E-19 2.516E-19 2.586E-19 2.363E-19 2.324E-19 2.454E-19 2.391E-19
 2.238E-19 2.279E-19 2.392E-19 2.499E-19 2.610E-19 2.454E-19 2.235E-19 2.299E-19 2.309E-19 2.275E-19
 2.373E-19 2.255E-19 2.308E-19 2.327E-19 2.242E-19 2.269E-19 2.159E-19 2.166E-19 2.152E-19 2.137E-19
 2.251E-19 2.375E-19 2.442E-19 2.333E-19 2.355E-19 2.321E-19 2.194E-19 2.131E-19 2.154E-19 2.168E-19
 2.281E-19 2.344E-19 2.286E-19 2.230E-19 2.271E-19 2.288E-19 2.167E-19 2.081E-19 2.013E-19 1.991E-19
 2.147E-19 2.146E-19 2.197E-19 2.252E-19 2.116E-19 2.148E-19 2.145E-19 2.049E-19 2.097E-19 2.187E-19
 2.195E-19 2.211E-19 2.304E-19 2.261E-19 2.102E-19 2.108E-19 2.057E-19 2.033E-19 2.047E-19 2.011E-19
 2.022E-19 1.985E-19 2.110E-19 2.174E-19 2.028E-19 2.088E-19 2.202E-19 2.106E-19 1.957E-19 1.910E-19
 1.957E-19 2.051E-19 2.126E-19 2.055E-19 1.935E-19 1.983E-19 1.994E-19 1.873E-19 1.901E-19 1.992E-19
 1.956E-19 1.984E-19 1.952E-19 1.980E-19 2.034E-19 1.996E-19 1.984E-19 1.944E-19 1.847E-19 1.825E-19
 1.942E-19 2.029E-19 2.090E-19 2.054E-19 2.015E-19 1.874E-19 1.829E-19 1.904E-19 1.839E-19 1.768E-19
 1.803E-19 1.879E-19 1.890E-19 1.949E-19 1.912E-19 1.993E-19 2.089E-19 2.029E-19 1.863E-19 1.766E-19
 1.785E-19 1.907E-19 1.928E-19 1.899E-19 1.848E-19 1.826E-19 1.954E-19 1.893E-19 1.705E-19 1.717E-19
 1.871E-19 1.957E-19 1.878E-19 1.789E-19 1.780E-19 1.804E-19 1.891E-19 1.812E-19 1.648E-19 1.629E-19
 1.570E-19 1.470E-19 1.610E-19 1.805E-19 1.670E-19 1.670E-19 1.610E-19 1.750E-19 1.667E-19 1.573E-19
 1.672E-19 1.796E-19 1.818E-19 1.702E-19 1.584E-19 1.523E-19 1.581E-19 1.579E-19 1.512E-19 1.438E-19
 1.562E-19 1.641E-19 1.672E-19 1.713E-19 1.676E-19 1.776E-19 1.775E-19 1.564E-19 1.438E-19 1.483E-19
 1.582E-19 1.655E-19 1.693E-19 1.558E-19 1.558E-19 1.558E-19 1.551E-19 1.473E-19 1.375E-19 1.415E-19
 1.676E-19 1.781E-19 1.666E-19 1.464E-19 1.426E-19 1.470E-19 1.384E-19 1.347E-19 1.408E-19 1.467E-19
 1.655E-19 1.780E-19 1.595E-19 1.420E-19 1.441E-19 1.458E-19 1.407E-19 1.342E-19 1.378E-19 1.502E-19
 1.687E-19 1.592E-19 1.419E-19 1.452E-19 1.496E-19 1.575E-19 1.533E-19 1.460E-19 1.564E-19 1.685E-19
 1.607E-19 1.415E-19 1.353E-19 1.457E-19 1.444E-19 1.328E-19 1.364E-19 1.416E-19 1.420E-19 1.526E-19
 1.564E-19 1.491E-19 1.307E-19 1.196E-19 1.205E-19 1.276E-19 1.351E-19 1.313E-19 1.320E-19 1.314E-19
 1.254E-19 1.262E-19 1.237E-19 1.198E-19 1.160E-19 1.308E-19 1.414E-19 1.321E-19 1.442E-19 1.547E-19
 1.447E-19 1.423E-19 1.441E-19 1.399E-19 1.241E-19 1.136E-19 1.144E-19 1.255E-19 1.349E-19 1.305E-19
 1.200E-19 1.224E-19 1.291E-19 1.248E-19 1.276E-19 1.283E-19 1.254E-19 1.276E-19 1.253E-19 1.197E-19
 1.165E-19 1.255E-19 1.275E-19 1.194E-19 1.166E-19 1.137E-19 1.167E-19 1.207E-19 1.255E-19 1.225E-19
 1.101E-19 1.076E-19 1.173E-19 1.216E-19 1.132E-19 1.132E-19 1.243E-19 1.309E-19 1.217E-19 1.185E-19
 1.256E-19 1.223E-19 1.099E-19 1.068E-19 1.112E-19 1.062E-19 1.111E-19 1.145E-19 1.153E-19 1.162E-19
 1.139E-19 1.073E-19 1.094E-19 1.171E-19 1.101E-19 1.069E-19 1.078E-19 1.064E-19 1.125E-19 1.059E-19
 1.028E-19 1.176E-19 1.227E-19 1.175E-19 1.113E-19 1.099E-19 1.127E-19 1.163E-19 1.162E-19 1.106E-19
 1.009E-19 1.092E-19 1.113E-19 1.106E-19 1.175E-19 1.162E-19 1.052E-19 9.713E-20 9.731E-20 9.731E-20
 9.610E-20 9.204E-20 9.293E-20 9.008E-20 9.369E-20 9.651E-20 9.651E-20 8.424E-20 8.424E-20 8.424E-20
 8.424E-20 9.405E-20 9.058E-20 9.899E-20 9.684E-20 8.145E-20 8.625E-20 9.901E-20 9.984E-20 9.742E-20
 9.246E-20 9.326E-20 9.525E-20 8.931E-20 7.558E-20 7.637E-20 9.015E-20 1.021E-19 9.581E-20 8.264E-20
 7.724E-20 7.767E-20 7.519E-20 7.634E-20 8.792E-20 9.799E-20 1.041E-19 1.066E-19 1.008E-19 9.283E-20
 8.631E-20 8.120E-20 7.458E-20 7.458E-20 8.604E-20 9.077E-20 8.910E-20 9.048E-20 9.122E-20 8.869E-20
 8.315E-20 7.817E-20 7.921E-20 8.625E-20 8.983E-20 9.225E-20 8.765E-20 8.285E-20 8.541E-20 8.251E-20
 7.501E-20 6.846E-20 7.395E-20 7.543E-20 7.693E-20 8.879E-20 9.765E-20 8.637E-20 7.431E-20 7.134E-20
 6.916E-20 7.353E-20 7.858E-20 8.332E-20 8.572E-20 8.243E-20 8.745E-20 8.641E-20 7.696E-20 6.752E-20
 6.720E-20 6.620E-20 6.792E-20 7.620E-20 7.375E-20 7.096E-20 6.949E-20 6.508E-20 5.795E-20 5.208E-20
 5.905E-20 7.482E-20 8.700E-20 7.939E-20 7.939E-20 7.485E-20 7.233E-20 6.492E-20 6.463E-20 6.842E-20
 7.528E-20 8.111E-20 7.406E-20 7.406E-20 6.135E-20 5.977E-20 6.151E-20 5.703E-20 5.336E-20 6.706E-20
 7.798E-20 6.816E-20 6.430E-20 6.660E-20 6.591E-20 6.238E-20 5.654E-20 5.654E-20 6.564E-20 6.693E-20
 6.807E-20 6.423E-20 6.296E-20 6.106E-20 6.246E-20 6.243E-20 5.974E-20 5.634E-20 5.525E-20 5.680E-20
 6.136E-20 6.395E-20 6.166E-20 6.058E-20 5.849E-20 6.781E-20 7.005E-20 6.123E-20 6.060E-20 5.698E-20
 6.087E-20 8.129E-20 7.207E-20 5.602E-20 6.016E-20 6.263E-20 6.542E-20 6.542E-20 4.791E-20 4.811E-20
 6.564E-20 7.275E-20 6.487E-20 5.959E-20 5.221E-20 4.862E-20 4.884E-20 5.425E-20 0.000E+00 0.000E+00
