     CCl3F 1060.0090 1106.9890      3168  273.0000    0.0000 1.527E-18  NCAR    CFC-11              
 1.033E-19 1.040E-19 9.903E-20 9.384E-20 9.829E-20 1.064E-19 1.094E-19 1.063E-19 1.100E-19 1.065E-19
 1.033E-19 1.150E-19 1.194E-19 1.068E-19 9.625E-20 1.046E-19 1.125E-19 1.098E-19 1.065E-19 1.036E-19
 1.080E-19 1.121E-19 1.051E-19 9.987E-20 1.079E-19 1.142E-19 1.108E-19 1.063E-19 1.148E-19 1.243E-19
 1.263E-19 1.213E-19 1.156E-19 1.156E-19 1.156E-19 1.225E-19 1.231E-19 1.184E-19 1.143E-19 1.059E-19
 1.025E-19 1.107E-19 1.153E-19 1.161E-19 1.227E-19 1.247E-19 1.276E-19 1.342E-19 1.337E-19 1.248E-19
 1.170E-19 1.198E-19 1.269E-19 1.271E-19 1.217E-19 1.238E-19 1.252E-19 1.274E-19 1.310E-19 1.296E-19
 1.215E-19 1.158E-19 1.117E-19 1.072E-19 1.115E-19 1.249E-19 1.279E-19 1.247E-19 1.295E-19 1.350E-19
 1.408E-19 1.408E-19 1.422E-19 1.375E-19 1.280E-19 1.204E-19 1.223E-19 1.271E-19 1.357E-19 1.399E-19
 1.390E-19 1.363E-19 1.365E-19 1.377E-19 1.376E-19 1.423E-19 1.474E-19 1.436E-19 1.305E-19 1.330E-19
 1.361E-19 1.294E-19 1.298E-19 1.408E-19 1.450E-19 1.343E-19 1.261E-19 1.334E-19 1.282E-19 1.224E-19
 1.288E-19 1.382E-19 1.463E-19 1.505E-19 1.498E-19 1.388E-19 1.341E-19 1.393E-19 1.494E-19 1.590E-19
 1.650E-19 1.609E-19 1.545E-19 1.477E-19 1.519E-19 1.624E-19 1.633E-19 1.653E-19 1.592E-19 1.588E-19
 1.625E-19 1.720E-19 1.755E-19 1.672E-19 1.656E-19 1.665E-19 1.636E-19 1.578E-19 1.536E-19 1.597E-19
 1.677E-19 1.678E-19 1.680E-19 1.640E-19 1.641E-19 1.718E-19 1.693E-19 1.644E-19 1.685E-19 1.615E-19
 1.593E-19 1.620E-19 1.679E-19 1.669E-19 1.649E-19 1.686E-19 1.669E-19 1.717E-19 1.763E-19 1.713E-19
 1.860E-19 1.956E-19 1.861E-19 1.801E-19 1.812E-19 1.766E-19 1.772E-19 1.766E-19 1.644E-19 1.650E-19
 1.726E-19 1.728E-19 1.709E-19 1.719E-19 1.703E-19 1.651E-19 1.661E-19 1.785E-19 1.741E-19 1.726E-19
 1.679E-19 1.690E-19 1.770E-19 1.782E-19 1.853E-19 1.933E-19 1.920E-19 1.885E-19 1.856E-19 1.801E-19
 1.749E-19 1.780E-19 1.849E-19 1.846E-19 1.908E-19 1.932E-19 1.955E-19 1.961E-19 1.955E-19 1.962E-19
 1.998E-19 1.912E-19 1.844E-19 1.879E-19 1.885E-19 1.916E-19 1.994E-19 2.055E-19 2.154E-19 2.191E-19
 2.087E-19 2.031E-19 2.109E-19 2.209E-19 2.223E-19 2.086E-19 2.030E-19 2.091E-19 2.022E-19 2.012E-19
 2.130E-19 2.106E-19 1.921E-19 1.921E-19 1.921E-19 2.107E-19 2.193E-19 2.216E-19 2.143E-19 2.001E-19
 1.983E-19 2.118E-19 2.170E-19 2.177E-19 2.178E-19 2.141E-19 2.129E-19 2.187E-19 2.149E-19 2.089E-19
 2.096E-19 2.118E-19 2.043E-19 2.013E-19 2.093E-19 2.099E-19 2.238E-19 2.263E-19 2.113E-19 2.147E-19
 2.277E-19 2.316E-19 2.254E-19 2.273E-19 2.320E-19 2.268E-19 2.212E-19 2.229E-19 2.244E-19 2.232E-19
 2.163E-19 2.205E-19 2.368E-19 2.439E-19 2.411E-19 2.336E-19 2.324E-19 2.293E-19 2.207E-19 2.266E-19
 2.455E-19 2.542E-19 2.463E-19 2.311E-19 2.364E-19 2.454E-19 2.404E-19 2.340E-19 2.387E-19 2.461E-19
 2.357E-19 2.259E-19 2.372E-19 2.506E-19 2.583E-19 2.554E-19 2.551E-19 2.630E-19 2.645E-19 2.642E-19
 2.657E-19 2.558E-19 2.395E-19 2.298E-19 2.391E-19 2.576E-19 2.652E-19 2.525E-19 2.543E-19 2.636E-19
 2.629E-19 2.696E-19 2.742E-19 2.660E-19 2.552E-19 2.566E-19 2.533E-19 2.483E-19 2.673E-19 2.858E-19
 2.681E-19 2.672E-19 2.780E-19 2.739E-19 2.612E-19 2.566E-19 2.721E-19 2.758E-19 2.578E-19 2.479E-19
 2.553E-19 2.715E-19 2.738E-19 2.702E-19 2.706E-19 2.736E-19 2.756E-19 2.637E-19 2.642E-19 2.750E-19
 2.738E-19 2.599E-19 2.597E-19 2.719E-19 2.888E-19 2.911E-19 2.977E-19 2.963E-19 2.945E-19 3.014E-19
 2.950E-19 2.771E-19 2.648E-19 2.658E-19 2.650E-19 2.749E-19 3.029E-19 3.138E-19 2.967E-19 3.024E-19
 2.976E-19 2.946E-19 2.989E-19 2.852E-19 2.712E-19 2.772E-19 2.754E-19 2.704E-19 2.846E-19 2.979E-19
 2.977E-19 3.068E-19 3.180E-19 3.117E-19 3.121E-19 3.126E-19 3.008E-19 3.077E-19 3.138E-19 3.097E-19
 3.174E-19 3.349E-19 3.350E-19 3.164E-19 3.124E-19 3.188E-19 3.235E-19 3.235E-19 3.159E-19 3.100E-19
 3.135E-19 3.192E-19 3.264E-19 3.397E-19 3.588E-19 3.500E-19 3.353E-19 3.421E-19 3.421E-19 3.335E-19
 3.280E-19 3.233E-19 3.272E-19 3.291E-19 3.333E-19 3.426E-19 3.554E-19 3.501E-19 3.365E-19 3.320E-19
 3.442E-19 3.381E-19 3.275E-19 3.153E-19 3.077E-19 3.251E-19 3.457E-19 3.505E-19 3.510E-19 3.560E-19
 3.506E-19 3.450E-19 3.524E-19 3.466E-19 3.349E-19 3.343E-19 3.245E-19 3.230E-19 3.343E-19 3.495E-19
 3.533E-19 3.637E-19 3.741E-19 3.634E-19 3.495E-19 3.587E-19 3.515E-19 3.389E-19 3.388E-19 3.360E-19
 3.351E-19 3.536E-19 3.713E-19 3.664E-19 3.660E-19 3.724E-19 3.658E-19 3.664E-19 3.634E-19 3.484E-19
 3.385E-19 3.475E-19 3.466E-19 3.517E-19 3.751E-19 3.861E-19 3.921E-19 3.925E-19 3.781E-19 3.641E-19
 3.710E-19 3.738E-19 3.571E-19 3.559E-19 3.717E-19 3.778E-19 3.938E-19 4.142E-19 4.117E-19 4.147E-19
 4.055E-19 3.972E-19 4.035E-19 4.024E-19 3.930E-19 3.768E-19 3.743E-19 3.781E-19 3.849E-19 3.991E-19
 4.047E-19 4.029E-19 4.094E-19 4.051E-19 4.031E-19 4.018E-19 3.884E-19 3.820E-19 3.928E-19 3.988E-19
 3.950E-19 4.159E-19 4.416E-19 4.341E-19 4.338E-19 4.327E-19 4.292E-19 4.225E-19 4.046E-19 3.872E-19
 3.899E-19 3.959E-19 3.908E-19 4.079E-19 4.226E-19 4.119E-19 4.195E-19 4.285E-19 4.352E-19 4.327E-19
 4.208E-19 4.088E-19 4.094E-19 4.165E-19 4.086E-19 4.141E-19 4.305E-19 4.273E-19 4.351E-19 4.495E-19
 4.537E-19 4.489E-19 4.372E-19 4.195E-19 4.083E-19 4.136E-19 4.077E-19 4.045E-19 4.285E-19 4.463E-19
 4.473E-19 4.457E-19 4.447E-19 4.470E-19 4.467E-19 4.343E-19 4.136E-19 4.112E-19 4.290E-19 4.360E-19
 4.367E-19 4.318E-19 4.348E-19 4.598E-19 4.679E-19 4.687E-19 4.631E-19 4.573E-19 4.412E-19 4.336E-19
 4.407E-19 4.489E-19 4.562E-19 4.572E-19 4.571E-19 4.715E-19 4.799E-19 4.777E-19 4.679E-19 4.504E-19
 4.396E-19 4.411E-19 4.531E-19 4.713E-19 4.730E-19 4.693E-19 4.697E-19 4.839E-19 4.949E-19 4.876E-19
 4.773E-19 4.690E-19 4.595E-19 4.541E-19 4.520E-19 4.631E-19 4.607E-19 4.593E-19 4.753E-19 5.083E-19
 5.137E-19 4.867E-19 5.031E-19 4.982E-19 4.648E-19 4.704E-19 4.801E-19 4.862E-19 4.725E-19 4.748E-19
 4.918E-19 5.182E-19 5.484E-19 5.278E-19 5.220E-19 5.154E-19 4.743E-19 4.719E-19 4.790E-19 4.839E-19
 4.803E-19 4.815E-19 4.907E-19 5.228E-19 5.630E-19 5.543E-19 5.340E-19 5.136E-19 4.769E-19 4.743E-19
 4.970E-19 4.915E-19 4.726E-19 4.792E-19 5.016E-19 5.157E-19 5.487E-19 5.404E-19 5.387E-19 5.304E-19
 4.928E-19 4.825E-19 5.082E-19 5.044E-19 4.937E-19 4.981E-19 5.212E-19 5.323E-19 5.441E-19 5.527E-19
 5.537E-19 5.449E-19 5.028E-19 4.785E-19 5.074E-19 5.093E-19 4.782E-19 4.881E-19 5.325E-19 5.514E-19
 5.711E-19 5.639E-19 5.653E-19 5.659E-19 5.211E-19 5.049E-19 5.274E-19 5.218E-19 4.936E-19 5.089E-19
 5.559E-19 5.623E-19 5.612E-19 5.683E-19 5.640E-19 5.571E-19 5.202E-19 4.993E-19 5.225E-19 5.455E-19
 5.056E-19 5.042E-19 5.547E-19 5.708E-19 5.760E-19 5.944E-19 5.950E-19 5.883E-19 5.410E-19 4.993E-19
 5.147E-19 5.469E-19 5.218E-19 5.207E-19 5.639E-19 5.683E-19 5.652E-19 6.006E-19 6.220E-19 6.218E-19
 5.678E-19 5.251E-19 5.502E-19 5.673E-19 5.378E-19 5.321E-19 5.691E-19 5.843E-19 5.840E-19 6.137E-19
 6.417E-19 6.283E-19 5.653E-19 5.320E-19 5.522E-19 5.633E-19 5.442E-19 5.382E-19 5.610E-19 5.627E-19
 5.717E-19 6.117E-19 6.360E-19 6.208E-19 5.722E-19 5.270E-19 5.469E-19 5.680E-19 5.526E-19 5.468E-19
 5.768E-19 5.674E-19 5.742E-19 6.277E-19 6.365E-19 6.262E-19 5.849E-19 5.449E-19 5.687E-19 5.729E-19
 5.579E-19 5.548E-19 5.723E-19 5.547E-19 5.643E-19 6.273E-19 6.415E-19 6.281E-19 5.855E-19 5.576E-19
 5.736E-19 5.701E-19 5.574E-19 5.541E-19 5.803E-19 5.776E-19 5.853E-19 6.378E-19 6.574E-19 6.566E-19
 6.121E-19 5.812E-19 5.939E-19 5.791E-19 5.748E-19 5.722E-19 5.735E-19 5.738E-19 5.859E-19 6.346E-19
 6.633E-19 6.611E-19 6.181E-19 5.941E-19 5.915E-19 5.761E-19 5.736E-19 5.711E-19 5.824E-19 5.825E-19
 5.916E-19 6.384E-19 6.566E-19 6.481E-19 6.015E-19 5.648E-19 5.734E-19 5.628E-19 5.516E-19 5.782E-19
 6.229E-19 6.194E-19 6.165E-19 6.560E-19 6.863E-19 6.784E-19 6.372E-19 6.074E-19 5.963E-19 5.974E-19
 5.834E-19 5.809E-19 6.148E-19 6.066E-19 6.204E-19 6.623E-19 6.726E-19 6.824E-19 6.209E-19 5.780E-19
 5.884E-19 5.872E-19 5.800E-19 6.040E-19 6.417E-19 6.247E-19 6.071E-19 6.438E-19 6.974E-19 7.033E-19
 6.350E-19 5.945E-19 6.007E-19 5.911E-19 5.839E-19 6.081E-19 6.281E-19 6.167E-19 6.187E-19 6.511E-19
 7.052E-19 7.210E-19 6.341E-19 5.799E-19 5.996E-19 6.050E-19 5.958E-19 6.128E-19 6.199E-19 6.072E-19
 6.416E-19 6.881E-19 7.276E-19 6.981E-19 6.084E-19 5.922E-19 5.951E-19 5.717E-19 5.824E-19 6.056E-19
 6.084E-19 6.163E-19 6.485E-19 6.931E-19 7.459E-19 6.988E-19 6.087E-19 6.139E-19 6.145E-19 5.692E-19
 5.965E-19 6.366E-19 6.174E-19 6.218E-19 6.642E-19 7.266E-19 7.692E-19 7.069E-19 6.345E-19 6.437E-19
 6.369E-19 5.708E-19 5.740E-19 6.132E-19 6.259E-19 6.380E-19 6.649E-19 7.300E-19 7.673E-19 6.991E-19
 6.171E-19 6.289E-19 6.263E-19 5.946E-19 6.297E-19 6.422E-19 6.307E-19 6.535E-19 6.956E-19 7.575E-19
 7.806E-19 7.104E-19 6.391E-19 6.351E-19 6.109E-19 6.022E-19 6.300E-19 6.273E-19 6.156E-19 6.335E-19
 6.944E-19 7.527E-19 7.437E-19 6.817E-19 6.416E-19 6.427E-19 6.082E-19 6.074E-19 6.142E-19 6.001E-19
 6.173E-19 6.542E-19 7.113E-19 7.790E-19 7.800E-19 7.074E-19 6.530E-19 6.157E-19 5.906E-19 6.067E-19
 6.144E-19 5.946E-19 5.996E-19 6.625E-19 7.375E-19 7.736E-19 7.593E-19 6.856E-19 6.437E-19 6.285E-19
 6.261E-19 6.466E-19 6.239E-19 6.063E-19 6.221E-19 6.738E-19 7.428E-19 7.761E-19 7.338E-19 6.708E-19
 6.628E-19 6.322E-19 6.224E-19 6.269E-19 6.063E-19 6.075E-19 6.428E-19 7.190E-19 7.856E-19 7.972E-19
 7.466E-19 6.793E-19 6.536E-19 6.424E-19 6.509E-19 6.520E-19 6.453E-19 6.431E-19 6.856E-19 7.690E-19
 8.210E-19 8.301E-19 7.601E-19 7.069E-19 6.764E-19 6.563E-19 6.600E-19 6.532E-19 6.495E-19 6.495E-19
 6.982E-19 7.711E-19 8.267E-19 8.172E-19 7.384E-19 6.872E-19 6.585E-19 6.489E-19 6.530E-19 6.466E-19
 6.460E-19 6.681E-19 7.179E-19 7.717E-19 8.209E-19 7.766E-19 6.982E-19 6.544E-19 6.192E-19 6.204E-19
 6.092E-19 6.000E-19 6.219E-19 6.723E-19 7.279E-19 7.693E-19 7.985E-19 7.392E-19 6.804E-19 6.383E-19
 5.930E-19 5.988E-19 6.040E-19 6.142E-19 6.302E-19 6.695E-19 7.328E-19 7.810E-19 7.855E-19 7.319E-19
 6.733E-19 6.460E-19 6.340E-19 6.175E-19 6.141E-19 6.219E-19 6.421E-19 6.997E-19 7.699E-19 8.187E-19
 8.033E-19 7.313E-19 6.668E-19 6.355E-19 6.460E-19 6.411E-19 6.363E-19 6.516E-19 6.775E-19 7.409E-19
 8.227E-19 8.672E-19 8.217E-19 7.193E-19 6.439E-19 6.198E-19 6.515E-19 6.499E-19 6.578E-19 6.807E-19
 7.097E-19 7.672E-19 8.348E-19 8.614E-19 7.849E-19 7.029E-19 6.614E-19 6.620E-19 6.574E-19 6.530E-19
 6.398E-19 6.463E-19 6.989E-19 7.819E-19 8.462E-19 8.238E-19 7.212E-19 6.363E-19 5.973E-19 5.934E-19
 5.877E-19 6.091E-19 6.361E-19 6.646E-19 7.258E-19 8.051E-19 8.345E-19 7.755E-19 6.881E-19 6.398E-19
 6.346E-19 6.206E-19 6.149E-19 6.300E-19 6.698E-19 7.095E-19 7.574E-19 8.315E-19 8.470E-19 7.547E-19
 6.596E-19 6.312E-19 6.444E-19 6.382E-19 6.269E-19 6.450E-19 6.889E-19 7.404E-19 8.155E-19 8.690E-19
 8.201E-19 7.095E-19 6.497E-19 6.349E-19 6.410E-19 6.515E-19 6.619E-19 6.786E-19 7.083E-19 7.673E-19
 8.410E-19 8.667E-19 7.809E-19 6.885E-19 6.709E-19 6.685E-19 6.551E-19 6.639E-19 6.898E-19 7.186E-19
 7.745E-19 8.382E-19 8.960E-19 8.554E-19 7.399E-19 6.931E-19 6.904E-19 6.957E-19 7.146E-19 7.372E-19
 7.364E-19 7.520E-19 8.122E-19 8.839E-19 9.051E-19 8.126E-19 7.225E-19 7.107E-19 7.139E-19 7.016E-19
 6.976E-19 6.992E-19 7.065E-19 7.508E-19 8.045E-19 8.592E-19 8.156E-19 6.924E-19 6.546E-19 6.606E-19
 6.639E-19 6.593E-19 6.623E-19 6.909E-19 7.276E-19 7.752E-19 8.596E-19 8.766E-19 7.670E-19 6.732E-19
 6.587E-19 6.532E-19 6.372E-19 6.445E-19 6.591E-19 6.844E-19 7.427E-19 7.985E-19 8.454E-19 8.076E-19
 6.938E-19 6.409E-19 6.311E-19 6.345E-19 6.417E-19 6.538E-19 6.853E-19 7.372E-19 7.994E-19 8.578E-19
 8.540E-19 7.544E-19 6.706E-19 6.667E-19 6.584E-19 6.619E-19 6.801E-19 7.071E-19 7.473E-19 7.996E-19
 8.435E-19 8.827E-19 8.438E-19 7.432E-19 7.006E-19 6.995E-19 6.990E-19 7.074E-19 7.025E-19 7.155E-19
 7.918E-19 8.606E-19 9.089E-19 8.861E-19 7.906E-19 7.412E-19 7.283E-19 7.202E-19 7.400E-19 7.532E-19
 7.677E-19 7.928E-19 8.319E-19 8.803E-19 9.213E-19 8.629E-19 7.612E-19 7.388E-19 7.449E-19 7.641E-19
 8.008E-19 8.229E-19 8.330E-19 8.636E-19 8.926E-19 9.362E-19 9.327E-19 8.432E-19 7.930E-19 7.955E-19
 8.056E-19 8.187E-19 8.402E-19 8.506E-19 8.579E-19 8.732E-19 9.226E-19 9.576E-19 8.835E-19 7.764E-19
 7.182E-19 7.064E-19 7.194E-19 7.332E-19 7.392E-19 7.602E-19 7.945E-19 8.325E-19 8.683E-19 8.171E-19
 7.171E-19 6.914E-19 7.235E-19 7.383E-19 7.408E-19 7.543E-19 7.575E-19 7.612E-19 7.987E-19 8.514E-19
 8.548E-19 7.778E-19 7.313E-19 7.365E-19 7.370E-19 7.454E-19 7.759E-19 7.945E-19 8.028E-19 8.304E-19
 8.782E-19 9.229E-19 8.622E-19 7.678E-19 7.354E-19 7.439E-19 7.588E-19 7.787E-19 8.152E-19 8.271E-19
 8.385E-19 8.716E-19 9.225E-19 9.042E-19 8.466E-19 8.253E-19 8.016E-19 7.865E-19 7.732E-19 7.888E-19
 8.406E-19 8.910E-19 9.178E-19 9.560E-19 9.624E-19 9.132E-19 8.548E-19 8.502E-19 8.676E-19 8.764E-19
 8.827E-19 8.591E-19 8.708E-19 9.110E-19 9.515E-19 9.776E-19 9.430E-19 8.885E-19 8.677E-19 8.783E-19
 8.884E-19 8.701E-19 8.587E-19 8.447E-19 8.377E-19 8.723E-19 9.206E-19 9.101E-19 8.381E-19 8.184E-19
 8.262E-19 8.073E-19 8.045E-19 8.407E-19 8.690E-19 8.835E-19 9.276E-19 9.498E-19 9.424E-19 8.956E-19
 8.610E-19 8.501E-19 8.233E-19 8.214E-19 8.363E-19 8.429E-19 8.646E-19 8.964E-19 8.970E-19 9.092E-19
 9.041E-19 8.795E-19 8.811E-19 8.756E-19 8.488E-19 8.427E-19 8.616E-19 9.112E-19 9.769E-19 9.870E-19
 9.774E-19 9.600E-19 9.387E-19 9.684E-19 9.848E-19 9.070E-19 8.243E-19 8.180E-19 8.508E-19 8.765E-19
 8.795E-19 9.042E-19 9.185E-19 8.757E-19 8.564E-19 8.635E-19 8.609E-19 8.703E-19 8.970E-19 9.003E-19
 8.978E-19 9.065E-19 9.459E-19 9.678E-19 9.362E-19 9.060E-19 9.175E-19 9.453E-19 9.774E-19 9.809E-19
 9.648E-19 1.009E-18 1.053E-18 1.037E-18 1.010E-18 1.006E-18 1.005E-18 1.011E-18 1.052E-18 1.079E-18
 1.058E-18 1.046E-18 1.070E-18 1.101E-18 1.072E-18 1.074E-18 1.107E-18 1.122E-18 1.086E-18 1.059E-18
 1.098E-18 1.140E-18 1.124E-18 1.106E-18 1.098E-18 1.013E-18 9.528E-19 9.674E-19 9.746E-19 9.823E-19
 1.020E-18 9.931E-19 9.709E-19 1.015E-18 1.033E-18 1.030E-18 1.034E-18 1.051E-18 1.071E-18 1.066E-18
 1.049E-18 1.067E-18 1.085E-18 1.071E-18 1.066E-18 1.074E-18 1.075E-18 1.060E-18 1.083E-18 1.113E-18
 1.119E-18 1.128E-18 1.135E-18 1.101E-18 1.080E-18 1.100E-18 1.142E-18 1.152E-18 1.148E-18 1.159E-18
 1.184E-18 1.184E-18 1.141E-18 1.128E-18 1.133E-18 1.128E-18 1.106E-18 1.055E-18 9.954E-19 9.786E-19
 9.686E-19 9.800E-19 9.869E-19 9.957E-19 1.000E-18 9.911E-19 9.960E-19 9.994E-19 1.020E-18 1.032E-18
 1.060E-18 1.054E-18 1.038E-18 1.075E-18 1.087E-18 1.092E-18 1.101E-18 1.109E-18 1.098E-18 1.083E-18
 1.094E-18 1.108E-18 1.110E-18 1.095E-18 1.084E-18 1.077E-18 1.078E-18 1.098E-18 1.089E-18 1.063E-18
 1.057E-18 1.029E-18 9.701E-19 9.028E-19 8.064E-19 6.953E-19 6.591E-19 6.547E-19 6.371E-19 6.359E-19
 6.405E-19 6.601E-19 6.675E-19 6.519E-19 6.346E-19 6.414E-19 6.627E-19 6.709E-19 6.822E-19 6.909E-19
 6.783E-19 6.872E-19 6.932E-19 6.752E-19 6.776E-19 6.805E-19 6.805E-19 6.669E-19 6.517E-19 6.608E-19
 6.728E-19 6.594E-19 6.543E-19 6.609E-19 6.567E-19 6.480E-19 6.420E-19 6.659E-19 6.881E-19 6.824E-19
 6.876E-19 6.916E-19 6.811E-19 6.741E-19 6.708E-19 6.736E-19 6.560E-19 6.524E-19 6.798E-19 7.023E-19
 7.040E-19 6.974E-19 6.887E-19 6.827E-19 6.892E-19 7.004E-19 6.904E-19 6.880E-19 6.926E-19 6.945E-19
 7.109E-19 7.146E-19 7.293E-19 7.336E-19 7.155E-19 6.998E-19 6.988E-19 6.984E-19 7.048E-19 7.134E-19
 7.167E-19 7.436E-19 7.398E-19 7.313E-19 7.262E-19 7.291E-19 7.159E-19 7.131E-19 7.215E-19 7.220E-19
 7.266E-19 7.651E-19 7.826E-19 7.518E-19 7.270E-19 7.218E-19 7.366E-19 7.417E-19 7.380E-19 7.372E-19
 7.598E-19 7.886E-19 7.950E-19 7.889E-19 7.959E-19 7.962E-19 7.960E-19 8.174E-19 8.257E-19 8.079E-19
 8.075E-19 8.306E-19 8.498E-19 8.594E-19 8.462E-19 8.406E-19 8.332E-19 8.188E-19 8.275E-19 8.428E-19
 8.446E-19 8.504E-19 8.698E-19 8.563E-19 8.789E-19 8.761E-19 8.352E-19 8.175E-19 8.304E-19 8.379E-19
 8.245E-19 8.344E-19 8.645E-19 8.666E-19 8.821E-19 9.002E-19 8.818E-19 8.508E-19 8.505E-19 8.755E-19
 8.844E-19 9.068E-19 9.290E-19 9.520E-19 9.597E-19 9.477E-19 9.718E-19 9.831E-19 9.464E-19 9.570E-19
 9.834E-19 9.849E-19 9.957E-19 1.016E-18 1.036E-18 1.014E-18 1.019E-18 1.074E-18 1.076E-18 1.044E-18
 1.069E-18 1.080E-18 1.083E-18 1.091E-18 1.118E-18 1.126E-18 1.117E-18 1.136E-18 1.162E-18 1.144E-18
 1.133E-18 1.145E-18 1.144E-18 1.152E-18 1.154E-18 1.156E-18 1.158E-18 1.160E-18 1.201E-18 1.219E-18
 1.187E-18 1.184E-18 1.191E-18 1.229E-18 1.261E-18 1.257E-18 1.239E-18 1.239E-18 1.254E-18 1.281E-18
 1.281E-18 1.240E-18 1.237E-18 1.257E-18 1.294E-18 1.336E-18 1.311E-18 1.269E-18 1.247E-18 1.281E-18
 1.324E-18 1.378E-18 1.353E-18 1.289E-18 1.301E-18 1.344E-18 1.322E-18 1.331E-18 1.344E-18 1.355E-18
 1.388E-18 1.438E-18 1.466E-18 1.410E-18 1.344E-18 1.334E-18 1.358E-18 1.379E-18 1.372E-18 1.372E-18
 1.407E-18 1.460E-18 1.527E-18 1.470E-18 1.362E-18 1.345E-18 1.388E-18 1.393E-18 1.346E-18 1.311E-18
 1.319E-18 1.352E-18 1.416E-18 1.463E-18 1.375E-18 1.331E-18 1.327E-18 1.305E-18 1.330E-18 1.321E-18
 1.296E-18 1.314E-18 1.326E-18 1.344E-18 1.362E-18 1.291E-18 1.242E-18 1.239E-18 1.258E-18 1.282E-18
 1.262E-18 1.240E-18 1.282E-18 1.280E-18 1.297E-18 1.313E-18 1.261E-18 1.250E-18 1.262E-18 1.295E-18
 1.307E-18 1.259E-18 1.245E-18 1.246E-18 1.290E-18 1.339E-18 1.318E-18 1.248E-18 1.223E-18 1.260E-18
 1.293E-18 1.258E-18 1.242E-18 1.235E-18 1.225E-18 1.270E-18 1.297E-18 1.249E-18 1.188E-18 1.163E-18
 1.178E-18 1.213E-18 1.228E-18 1.216E-18 1.196E-18 1.229E-18 1.299E-18 1.279E-18 1.179E-18 1.147E-18
 1.166E-18 1.152E-18 1.123E-18 1.134E-18 1.113E-18 1.112E-18 1.126E-18 1.182E-18 1.177E-18 1.105E-18
 1.099E-18 1.114E-18 1.101E-18 1.086E-18 1.076E-18 1.117E-18 1.156E-18 1.126E-18 1.123E-18 1.115E-18
 1.084E-18 1.079E-18 1.067E-18 1.043E-18 1.046E-18 1.062E-18 1.093E-18 1.125E-18 1.142E-18 1.144E-18
 1.074E-18 1.027E-18 1.042E-18 1.029E-18 1.011E-18 9.898E-19 9.942E-19 1.021E-18 1.016E-18 1.074E-18
 1.092E-18 1.015E-18 1.008E-18 1.019E-18 9.944E-19 9.774E-19 9.718E-19 9.609E-19 9.604E-19 1.020E-18
 1.072E-18 1.010E-18 9.691E-19 9.667E-19 9.470E-19 9.283E-19 9.411E-19 9.488E-19 9.043E-19 9.094E-19
 1.006E-18 1.020E-18 9.370E-19 9.298E-19 9.455E-19 9.320E-19 9.090E-19 8.937E-19 8.683E-19 8.869E-19
 9.475E-19 9.881E-19 9.718E-19 9.307E-19 8.906E-19 8.555E-19 8.670E-19 8.954E-19 8.772E-19 8.646E-19
 8.930E-19 9.536E-19 9.975E-19 9.272E-19 8.579E-19 8.347E-19 8.204E-19 8.331E-19 8.031E-19 7.739E-19
 8.001E-19 8.592E-19 9.343E-19 9.239E-19 8.447E-19 8.051E-19 7.951E-19 8.145E-19 8.218E-19 7.853E-19
 7.640E-19 7.979E-19 8.895E-19 9.400E-19 8.705E-19 8.185E-19 8.073E-19 8.014E-19 7.711E-19 7.331E-19
 7.585E-19 7.966E-19 8.379E-19 8.935E-19 8.854E-19 7.998E-19 7.649E-19 7.764E-19 7.509E-19 7.121E-19
 6.975E-19 7.173E-19 8.067E-19 8.951E-19 9.322E-19 8.359E-19 7.514E-19 7.364E-19 7.235E-19 7.014E-19
 7.087E-19 7.355E-19 7.649E-19 8.033E-19 8.610E-19 8.567E-19 7.803E-19 7.341E-19 7.023E-19 6.923E-19
 7.147E-19 7.191E-19 7.297E-19 7.774E-19 8.374E-19 8.593E-19 7.762E-19 7.106E-19 6.934E-19 6.789E-19
 6.769E-19 7.063E-19 7.342E-19 7.657E-19 8.008E-19 8.470E-19 7.830E-19 6.735E-19 6.501E-19 6.489E-19
 6.694E-19 6.875E-19 6.930E-19 7.244E-19 7.623E-19 8.221E-19 8.191E-19 7.119E-19 6.627E-19 6.665E-19
 6.559E-19 6.431E-19 6.679E-19 7.139E-19 7.347E-19 7.700E-19 7.994E-19 7.301E-19 6.584E-19 6.470E-19
 6.427E-19 6.298E-19 6.408E-19 6.772E-19 7.121E-19 7.567E-19 7.795E-19 7.307E-19 6.599E-19 6.396E-19
 6.399E-19 6.286E-19 6.290E-19 6.368E-19 6.763E-19 7.295E-19 7.252E-19 7.239E-19 6.843E-19 6.313E-19
 6.096E-19 5.948E-19 6.280E-19 6.426E-19 6.765E-19 7.271E-19 7.437E-19 7.428E-19 6.879E-19 6.145E-19
 6.008E-19 5.946E-19 5.870E-19 6.026E-19 6.467E-19 6.851E-19 6.783E-19 6.722E-19 6.690E-19 6.196E-19
 5.989E-19 5.913E-19 5.838E-19 6.002E-19 6.318E-19 6.616E-19 6.713E-19 6.689E-19 6.776E-19 6.307E-19
 5.791E-19 5.610E-19 5.507E-19 5.701E-19 6.162E-19 6.507E-19 6.297E-19 6.369E-19 6.529E-19 6.184E-19
 5.605E-19 5.343E-19 5.396E-19 5.475E-19 5.608E-19 5.967E-19 5.961E-19 6.110E-19 6.076E-19 6.010E-19
 5.633E-19 5.380E-19 5.351E-19 5.441E-19 5.704E-19 5.852E-19 5.690E-19 5.762E-19 5.885E-19 5.910E-19
 5.602E-19 5.290E-19 5.248E-19 5.177E-19 5.382E-19 5.643E-19 5.703E-19 5.707E-19 5.514E-19 5.643E-19
 5.714E-19 5.309E-19 5.124E-19 5.101E-19 5.394E-19 5.507E-19 5.404E-19 5.367E-19 5.360E-19 5.675E-19
 5.762E-19 5.114E-19 4.775E-19 4.985E-19 5.369E-19 5.525E-19 5.529E-19 5.259E-19 5.117E-19 5.460E-19
 5.744E-19 5.196E-19 4.751E-19 4.874E-19 5.022E-19 5.211E-19 5.221E-19 4.887E-19 4.864E-19 5.175E-19
 5.306E-19 4.827E-19 4.651E-19 4.869E-19 4.894E-19 4.975E-19 5.018E-19 5.039E-19 5.207E-19 5.231E-19
 5.223E-19 4.923E-19 4.559E-19 4.662E-19 4.879E-19 4.863E-19 4.667E-19 4.622E-19 4.909E-19 5.071E-19
 5.221E-19 5.058E-19 4.685E-19 4.661E-19 4.799E-19 4.849E-19 4.654E-19 4.601E-19 4.706E-19 4.519E-19
 4.724E-19 4.958E-19 4.776E-19 4.695E-19 4.686E-19 4.683E-19 4.465E-19 4.437E-19 4.440E-19 4.419E-19
 4.733E-19 4.929E-19 4.659E-19 4.391E-19 4.437E-19 4.515E-19 4.468E-19 4.459E-19 4.373E-19 4.531E-19
 4.800E-19 4.819E-19 4.430E-19 4.209E-19 4.318E-19 4.380E-19 4.572E-19 4.572E-19 4.267E-19 4.271E-19
 4.572E-19 4.868E-19 4.617E-19 4.284E-19 4.302E-19 4.296E-19 4.228E-19 4.239E-19 4.411E-19 4.554E-19
 4.511E-19 4.642E-19 4.574E-19 4.268E-19 4.210E-19 4.136E-19 4.047E-19 4.142E-19 4.289E-19 4.208E-19
 4.192E-19 4.476E-19 4.386E-19 4.088E-19 3.965E-19 3.903E-19 3.938E-19 3.964E-19 3.985E-19 4.001E-19
 4.122E-19 4.328E-19 4.207E-19 3.959E-19 3.821E-19 3.658E-19 3.585E-19 3.737E-19 3.912E-19 3.917E-19
 3.953E-19 4.184E-19 4.105E-19 3.787E-19 3.739E-19 3.688E-19 3.650E-19 3.717E-19 3.609E-19 3.616E-19
 3.916E-19 4.156E-19 4.259E-19 4.038E-19 3.786E-19 3.735E-19 3.760E-19 3.677E-19 3.613E-19 3.677E-19
 3.778E-19 3.986E-19 4.013E-19 3.750E-19 3.680E-19 3.679E-19 3.616E-19 3.551E-19 3.586E-19 3.694E-19
 3.866E-19 3.963E-19 3.825E-19 3.659E-19 3.705E-19 3.810E-19 3.694E-19 3.463E-19 3.631E-19 3.828E-19
 3.824E-19 3.943E-19 3.926E-19 3.697E-19 3.534E-19 3.598E-19 3.686E-19 3.814E-19 3.723E-19 3.522E-19
 3.841E-19 4.167E-19 3.839E-19 3.416E-19 3.505E-19 3.672E-19 3.492E-19 3.459E-19 3.571E-19 3.762E-19
 3.976E-19 3.996E-19 3.715E-19 3.483E-19 3.659E-19 3.738E-19 3.465E-19 3.345E-19 3.551E-19 3.766E-19
 3.903E-19 3.914E-19 3.694E-19 3.401E-19 3.383E-19 3.410E-19 3.457E-19 3.556E-19 3.601E-19 3.670E-19
 3.632E-19 3.637E-19 3.581E-19 3.425E-19 3.340E-19 3.291E-19 3.464E-19 3.628E-19 3.602E-19 3.575E-19
 3.637E-19 3.706E-19 3.512E-19 3.313E-19 3.339E-19 3.484E-19 3.715E-19 3.631E-19 3.465E-19 3.481E-19
 3.632E-19 3.745E-19 3.635E-19 3.502E-19 3.456E-19 3.622E-19 3.640E-19 3.453E-19 3.519E-19 3.591E-19
 3.506E-19 3.389E-19 3.309E-19 3.290E-19 3.318E-19 3.364E-19 3.257E-19 3.360E-19 3.566E-19 3.459E-19
 3.413E-19 3.417E-19 3.349E-19 3.253E-19 3.229E-19 3.229E-19 3.254E-19 3.325E-19 3.347E-19 3.300E-19
 3.273E-19 3.346E-19 3.381E-19 3.351E-19 3.322E-19 3.342E-19 3.405E-19 3.387E-19 3.356E-19 3.437E-19
 3.554E-19 3.437E-19 3.309E-19 3.392E-19 3.350E-19 3.327E-19 3.376E-19 3.275E-19 3.253E-19 3.442E-19
 3.500E-19 3.407E-19 3.365E-19 3.304E-19 3.258E-19 3.343E-19 3.444E-19 3.428E-19 3.496E-19 3.677E-19
 3.791E-19 3.687E-19 3.597E-19 3.599E-19 3.630E-19 3.765E-19 3.868E-19 4.011E-19 4.062E-19 3.986E-19
 3.863E-19 3.695E-19 3.611E-19 3.613E-19 3.660E-19 3.680E-19 3.626E-19 3.676E-19 3.842E-19 3.922E-19
 3.772E-19 3.655E-19 3.673E-19 3.706E-19 3.660E-19 3.467E-19 3.467E-19 3.687E-19 3.759E-19 3.719E-19
 3.536E-19 3.530E-19 3.673E-19 3.820E-19 3.700E-19 3.422E-19 3.486E-19 3.659E-19 3.780E-19 3.725E-19
 3.671E-19 3.739E-19 3.757E-19 3.681E-19 3.512E-19 3.537E-19 3.655E-19 3.643E-19 3.605E-19 3.570E-19
 3.577E-19 3.610E-19 3.626E-19 3.631E-19 3.603E-19 3.651E-19 3.611E-19 3.521E-19 3.561E-19 3.561E-19
 3.577E-19 3.656E-19 3.746E-19 3.745E-19 3.540E-19 3.435E-19 3.518E-19 3.577E-19 3.598E-19 3.640E-19
 3.620E-19 3.601E-19 3.552E-19 3.498E-19 3.489E-19 3.542E-19 3.589E-19 3.623E-19 3.582E-19 3.526E-19
 3.590E-19 3.560E-19 3.529E-19 3.571E-19 3.704E-19 3.708E-19 3.716E-19 3.675E-19 3.533E-19 3.460E-19
 3.505E-19 3.602E-19 3.463E-19 3.266E-19 3.312E-19 3.432E-19 3.629E-19 3.692E-19 3.597E-19 3.499E-19
 3.431E-19 3.348E-19 3.448E-19 3.551E-19 3.594E-19 3.656E-19 3.578E-19 3.452E-19 3.303E-19 3.306E-19
 3.447E-19 3.427E-19 3.330E-19 3.344E-19 3.422E-19 3.504E-19 3.540E-19 3.440E-19 3.374E-19 3.530E-19
 3.574E-19 3.455E-19 3.408E-19 3.497E-19 3.555E-19 3.442E-19 3.463E-19 3.485E-19 3.398E-19 3.446E-19
 3.468E-19 3.293E-19 3.306E-19 3.560E-19 3.651E-19 3.657E-19 3.572E-19 3.503E-19 3.548E-19 3.537E-19
 3.595E-19 3.572E-19 3.656E-19 3.773E-19 3.635E-19 3.428E-19 3.331E-19 3.462E-19 3.677E-19 3.725E-19
 3.527E-19 3.515E-19 3.580E-19 3.503E-19 3.349E-19 3.365E-19 3.507E-19 3.645E-19 3.616E-19 3.488E-19
 3.440E-19 3.475E-19 3.633E-19 3.582E-19 3.436E-19 3.468E-19 3.536E-19 3.612E-19 3.562E-19 3.568E-19
 3.641E-19 3.652E-19 3.507E-19 3.290E-19 3.377E-19 3.481E-19 3.539E-19 3.505E-19 3.485E-19 3.559E-19
 3.678E-19 3.688E-19 3.547E-19 3.413E-19 3.354E-19 3.409E-19 3.413E-19 3.447E-19 3.665E-19 3.715E-19
 3.553E-19 3.484E-19 3.460E-19 3.470E-19 3.473E-19 3.489E-19 3.476E-19 3.574E-19 3.500E-19 3.543E-19
 3.663E-19 3.626E-19 3.643E-19 3.581E-19 3.542E-19 3.529E-19 3.542E-19 3.486E-19 3.461E-19 3.506E-19
 3.592E-19 3.626E-19 3.529E-19 3.447E-19 3.362E-19 3.376E-19 3.268E-19 3.165E-19 3.343E-19 3.447E-19
 3.381E-19 3.359E-19 3.379E-19 3.526E-19 3.510E-19 3.329E-19 3.201E-19 3.110E-19 3.218E-19 3.409E-19
 3.340E-19 3.225E-19 3.259E-19 3.292E-19 3.237E-19 3.256E-19 3.280E-19 3.342E-19 3.434E-19 3.375E-19
 3.225E-19 3.178E-19 3.319E-19 3.384E-19 3.447E-19 3.352E-19 3.150E-19 3.226E-19 3.273E-19 3.196E-19
 3.286E-19 3.297E-19 3.235E-19 3.203E-19 3.288E-19 3.224E-19 3.133E-19 3.225E-19 3.249E-19 3.225E-19
 3.136E-19 3.162E-19 3.268E-19 3.250E-19 3.243E-19 3.219E-19 3.221E-19 3.233E-19 3.147E-19 2.998E-19
 3.035E-19 3.158E-19 3.181E-19 3.267E-19 3.311E-19 3.257E-19 3.237E-19 3.145E-19 3.106E-19 3.102E-19
 3.187E-19 3.205E-19 3.244E-19 3.375E-19 3.256E-19 3.178E-19 3.188E-19 3.108E-19 3.123E-19 3.081E-19
 3.070E-19 3.132E-19 3.067E-19 2.953E-19 2.993E-19 2.989E-19 2.846E-19 2.844E-19 3.086E-19 3.129E-19
 2.957E-19 2.972E-19 2.968E-19 3.042E-19 3.123E-19 2.982E-19 2.835E-19 2.775E-19 2.898E-19 3.089E-19
 3.099E-19 3.097E-19 3.063E-19 3.090E-19 3.056E-19 3.046E-19 3.017E-19 2.933E-19 2.965E-19 2.989E-19
 2.977E-19 2.907E-19 2.921E-19 3.017E-19 2.948E-19 2.854E-19 2.846E-19 2.876E-19 2.881E-19 2.948E-19
 3.041E-19 3.029E-19 2.971E-19 2.876E-19 2.825E-19 2.901E-19 2.922E-19 2.828E-19 2.781E-19 2.770E-19
 2.722E-19 2.653E-19 2.661E-19 2.839E-19 2.972E-19 2.935E-19 2.866E-19 2.853E-19 2.825E-19 2.747E-19
 2.745E-19 2.880E-19 2.940E-19 2.828E-19 2.874E-19 2.845E-19 2.746E-19 2.835E-19 2.916E-19 2.819E-19
 2.726E-19 2.797E-19 2.796E-19 2.678E-19 2.751E-19 2.708E-19 2.641E-19 2.705E-19 2.708E-19 2.656E-19
 2.575E-19 2.642E-19 2.685E-19 2.803E-19 2.701E-19 2.480E-19 2.571E-19 2.645E-19 2.557E-19 2.552E-19
 2.567E-19 2.524E-19 2.596E-19 2.626E-19 2.576E-19 2.669E-19 2.674E-19 2.498E-19 2.465E-19 2.569E-19
 2.510E-19 2.435E-19 2.499E-19 2.667E-19 2.693E-19 2.642E-19 2.657E-19 2.596E-19 2.560E-19 2.535E-19
 2.429E-19 2.447E-19 2.484E-19 2.566E-19 2.723E-19 2.657E-19 2.558E-19 2.545E-19 2.403E-19 2.453E-19
 2.565E-19 2.401E-19 2.439E-19 2.648E-19 2.740E-19 2.604E-19 2.424E-19 2.307E-19 2.306E-19 2.350E-19
 2.260E-19 2.224E-19 2.343E-19 2.434E-19 2.487E-19 2.450E-19 2.349E-19 2.367E-19 2.415E-19 2.370E-19
 2.327E-19 2.370E-19 2.402E-19 2.443E-19 2.508E-19 2.475E-19 2.363E-19 2.322E-19 2.213E-19 2.166E-19
 2.286E-19 2.205E-19 2.237E-19 2.429E-19 2.263E-19 2.248E-19 2.259E-19 2.170E-19 2.167E-19 2.108E-19
 2.149E-19 2.206E-19 2.259E-19 2.118E-19 2.158E-19 2.343E-19 2.328E-19 2.188E-19 2.138E-19 2.124E-19
 2.188E-19 2.212E-19 2.214E-19 2.228E-19 2.324E-19 2.312E-19 2.155E-19 2.126E-19 2.042E-19 2.043E-19
 2.178E-19 2.237E-19 2.243E-19 2.165E-19 2.069E-19 2.107E-19 2.277E-19 2.295E-19 2.165E-19 2.188E-19
 2.273E-19 2.194E-19 2.052E-19 2.088E-19 2.107E-19 2.107E-19 2.044E-19 2.054E-19 2.139E-19 2.162E-19
 2.105E-19 2.124E-19 2.171E-19 2.121E-19 2.066E-19 2.006E-19 2.001E-19 2.001E-19 1.954E-19 1.982E-19
 2.058E-19 2.039E-19 1.933E-19 1.904E-19 1.917E-19 1.951E-19 1.987E-19 1.884E-19 1.814E-19 1.856E-19
 1.986E-19 2.059E-19 2.008E-19 1.897E-19 1.860E-19 1.878E-19 1.969E-19 2.059E-19 1.925E-19 1.842E-19
 1.989E-19 2.136E-19 2.046E-19 1.987E-19 1.961E-19 1.946E-19 2.103E-19 2.120E-19 1.969E-19 1.892E-19
 1.898E-19 1.914E-19 1.853E-19 1.863E-19 1.886E-19 1.901E-19 1.977E-19 1.939E-19 1.883E-19 1.830E-19
 1.838E-19 1.913E-19 1.949E-19 1.910E-19 1.880E-19 1.887E-19 1.941E-19 1.964E-19 1.858E-19 1.734E-19
 1.717E-19 1.811E-19 1.802E-19 1.779E-19 1.809E-19 1.851E-19 1.860E-19 1.799E-19 1.730E-19 1.756E-19
 1.807E-19 1.859E-19 1.833E-19 1.712E-19 1.638E-19 1.616E-19 1.656E-19 1.702E-19 1.626E-19 1.497E-19
 1.566E-19 1.742E-19 1.723E-19 1.642E-19 1.624E-19 1.641E-19 1.665E-19 1.622E-19 1.517E-19 1.517E-19
 1.498E-19 1.603E-19 1.660E-19 1.630E-19 1.649E-19 1.673E-19 1.632E-19 1.497E-19 1.372E-19 1.434E-19
 1.627E-19 1.709E-19 1.575E-19 1.472E-19 1.490E-19 1.602E-19 1.481E-19 1.384E-19 1.491E-19 1.523E-19
 1.567E-19 1.603E-19 1.586E-19 1.403E-19 1.399E-19 1.481E-19 1.448E-19 1.363E-19 1.397E-19 1.585E-19
 1.759E-19 1.675E-19 1.460E-19 1.429E-19 1.552E-19 1.568E-19 1.408E-19 1.452E-19 1.483E-19 1.406E-19
 1.504E-19 1.454E-19 1.381E-19 1.381E-19 1.515E-19 1.482E-19 1.481E-19 1.582E-19 1.615E-19 1.611E-19
 1.644E-19 1.593E-19 1.457E-19 1.481E-19 1.515E-19 1.418E-19 1.349E-19 1.459E-19 1.527E-19 1.480E-19
 1.474E-19 1.415E-19 1.253E-19 1.240E-19 1.262E-19 1.170E-19 1.237E-19 1.293E-19 1.362E-19 1.353E-19
 1.312E-19 1.289E-19 1.279E-19 1.311E-19 1.363E-19 1.487E-19 1.531E-19 1.463E-19 1.426E-19 1.464E-19
 1.354E-19 1.374E-19 1.449E-19 1.458E-19 1.442E-19 1.407E-19 1.339E-19 1.340E-19 1.352E-19 1.406E-19
 1.362E-19 1.308E-19 1.325E-19 1.153E-19 1.106E-19 1.160E-19 1.173E-19 1.323E-19 1.363E-19 1.270E-19
 1.151E-19 1.139E-19 1.228E-19 1.230E-19 1.238E-19 1.248E-19 1.312E-19 1.250E-19 1.170E-19 1.191E-19
 1.162E-19 1.070E-19 1.027E-19 1.140E-19 1.213E-19 1.219E-19 1.191E-19 1.191E-19 1.257E-19 1.284E-19
 1.259E-19 1.213E-19 1.144E-19 1.154E-19 1.192E-19 1.148E-19 1.112E-19 1.040E-19 1.010E-19 1.123E-19
 1.266E-19 1.190E-19 1.087E-19 1.059E-19 9.845E-20 9.845E-20 9.959E-20 1.086E-19 1.098E-19 1.178E-19
 1.264E-19 1.148E-19 1.096E-19 1.120E-19 1.105E-19 1.105E-19 1.030E-19 1.007E-19 9.786E-20 9.594E-20
 9.065E-20 9.157E-20 9.473E-20 9.946E-20 1.112E-19 1.138E-19 9.539E-20 9.539E-20 9.659E-20 1.055E-19
 1.059E-19 1.083E-19 1.046E-19 1.068E-19 1.137E-19 1.079E-19 9.720E-20 9.546E-20 1.027E-19 1.051E-19
 1.021E-19 9.877E-20 1.014E-19 9.678E-20 8.909E-20 7.745E-20 7.939E-20 9.317E-20 1.021E-19 1.006E-19
 9.395E-20 9.177E-20 9.813E-20 9.635E-20 8.706E-20 8.706E-20 1.011E-19 1.073E-19 9.196E-20 7.603E-20
 7.951E-20 9.041E-20 9.104E-20 8.043E-20 8.383E-20 9.159E-20 9.131E-20 9.359E-20 9.756E-20 9.240E-20
 8.878E-20 9.381E-20 9.097E-20 8.755E-20 8.958E-20 9.086E-20 9.524E-20 9.521E-20 8.914E-20 9.047E-20
 9.140E-20 8.592E-20 8.215E-20 8.433E-20 8.340E-20 9.261E-20 9.857E-20 8.327E-20 7.550E-20 7.753E-20
 7.753E-20 6.724E-20 6.724E-20 8.333E-20 9.307E-20 9.575E-20 8.778E-20 7.386E-20 7.610E-20 8.310E-20
 7.391E-20 6.404E-20 6.029E-20 7.180E-20 8.364E-20 8.539E-20 8.434E-20 7.014E-20 6.241E-20 6.249E-20
 6.741E-20 7.068E-20 7.009E-20 8.111E-20 9.115E-20 8.009E-20 6.402E-20 7.048E-20 6.917E-20 6.233E-20
 6.766E-20 7.479E-20 8.679E-20 8.392E-20 6.927E-20 6.501E-20 6.850E-20 6.739E-20 5.920E-20 6.320E-20
 7.605E-20 8.401E-20 7.112E-20 7.120E-20 7.360E-20 7.360E-20 5.925E-20 4.024E-20 4.480E-20 6.650E-20
 7.541E-20 7.154E-20 6.494E-20 6.257E-20 6.577E-20 6.577E-20 6.368E-20 6.259E-20 7.310E-20 8.465E-20
 7.046E-20 7.046E-20 5.613E-20 5.418E-20 5.888E-20 5.835E-20 5.835E-20 6.901E-20 6.095E-20 5.092E-20
 5.281E-20 6.218E-20 6.436E-20 6.346E-20 6.205E-20 6.367E-20 5.907E-20 5.439E-20 5.509E-20 6.443E-20
 7.518E-20 8.374E-20 8.332E-20 7.394E-20 6.537E-20 6.390E-20 6.216E-20 6.627E-20 6.676E-20 5.567E-20
 5.559E-20 6.631E-20 7.022E-20 6.102E-20 4.670E-20 4.604E-20 4.559E-20 4.270E-20 0.000E+00 0.000E+00
