     CCl3F 1060.0090 1106.9890      3168  213.0000    0.0000 1.634E-18  NCAR    CFC-11              
 5.606E-20 4.902E-20 4.879E-20 5.011E-20 4.422E-20 4.176E-20 5.252E-20 5.793E-20 6.248E-20 5.610E-20
 5.188E-20 5.255E-20 4.949E-20 4.949E-20 4.764E-20 5.460E-20 5.901E-20 5.515E-20 5.212E-20 5.383E-20
 6.048E-20 5.929E-20 5.929E-20 5.643E-20 5.968E-20 6.290E-20 6.341E-20 6.330E-20 6.825E-20 6.805E-20
 6.981E-20 6.733E-20 6.147E-20 6.386E-20 5.521E-20 4.577E-20 5.225E-20 5.342E-20 4.560E-20 5.248E-20
 5.407E-20 4.961E-20 5.434E-20 5.627E-20 6.156E-20 6.567E-20 6.263E-20 6.532E-20 6.629E-20 5.997E-20
 5.975E-20 6.362E-20 6.254E-20 6.088E-20 6.224E-20 6.553E-20 7.066E-20 7.409E-20 6.679E-20 5.893E-20
 4.948E-20 4.353E-20 4.548E-20 4.992E-20 6.219E-20 6.381E-20 6.381E-20 5.166E-20 5.537E-20 6.345E-20
 6.932E-20 6.550E-20 6.760E-20 6.773E-20 6.274E-20 6.021E-20 6.542E-20 6.944E-20 7.262E-20 7.488E-20
 7.173E-20 7.062E-20 7.732E-20 7.972E-20 7.895E-20 7.574E-20 7.574E-20 6.270E-20 5.867E-20 7.080E-20
 7.913E-20 6.936E-20 6.195E-20 6.724E-20 6.490E-20 5.671E-20 5.945E-20 6.129E-20 5.536E-20 5.385E-20
 6.042E-20 6.332E-20 7.469E-20 9.104E-20 9.669E-20 8.750E-20 8.068E-20 7.992E-20 8.253E-20 8.151E-20
 7.808E-20 7.522E-20 7.327E-20 7.554E-20 7.736E-20 8.512E-20 9.375E-20 1.001E-19 9.633E-20 8.688E-20
 8.025E-20 7.961E-20 8.323E-20 8.707E-20 8.859E-20 8.720E-20 8.580E-20 8.700E-20 8.706E-20 9.011E-20
 8.933E-20 8.975E-20 8.900E-20 8.734E-20 8.951E-20 9.150E-20 9.274E-20 9.339E-20 9.174E-20 8.865E-20
 9.359E-20 9.917E-20 9.165E-20 8.288E-20 8.757E-20 9.472E-20 9.553E-20 9.763E-20 9.939E-20 9.622E-20
 1.036E-19 1.097E-19 9.595E-20 8.741E-20 8.843E-20 1.004E-19 1.098E-19 1.028E-19 9.679E-20 1.016E-19
 9.834E-20 8.517E-20 8.751E-20 1.013E-19 1.002E-19 9.049E-20 9.448E-20 9.017E-20 8.711E-20 8.900E-20
 9.234E-20 8.919E-20 9.502E-20 1.007E-19 1.025E-19 1.021E-19 9.995E-20 9.503E-20 9.139E-20 8.253E-20
 8.532E-20 8.936E-20 8.466E-20 8.634E-20 9.888E-20 1.121E-19 1.150E-19 1.090E-19 1.006E-19 1.012E-19
 1.071E-19 1.051E-19 1.028E-19 1.038E-19 1.013E-19 9.766E-20 1.031E-19 1.227E-19 1.321E-19 1.229E-19
 1.128E-19 1.228E-19 1.292E-19 1.269E-19 1.173E-19 1.125E-19 1.098E-19 1.050E-19 1.050E-19 1.110E-19
 1.297E-19 1.250E-19 1.184E-19 1.218E-19 1.233E-19 1.320E-19 1.327E-19 1.197E-19 1.078E-19 1.084E-19
 1.154E-19 1.178E-19 1.225E-19 1.251E-19 1.185E-19 1.101E-19 1.147E-19 1.210E-19 1.172E-19 1.150E-19
 1.163E-19 1.112E-19 1.154E-19 1.290E-19 1.358E-19 1.371E-19 1.353E-19 1.293E-19 1.151E-19 1.163E-19
 1.250E-19 1.307E-19 1.274E-19 1.225E-19 1.283E-19 1.404E-19 1.453E-19 1.443E-19 1.421E-19 1.436E-19
 1.308E-19 1.189E-19 1.297E-19 1.389E-19 1.399E-19 1.287E-19 1.262E-19 1.278E-19 1.188E-19 1.323E-19
 1.531E-19 1.528E-19 1.487E-19 1.372E-19 1.394E-19 1.502E-19 1.439E-19 1.370E-19 1.421E-19 1.490E-19
 1.578E-19 1.436E-19 1.368E-19 1.531E-19 1.670E-19 1.615E-19 1.633E-19 1.710E-19 1.584E-19 1.553E-19
 1.570E-19 1.444E-19 1.382E-19 1.421E-19 1.455E-19 1.581E-19 1.686E-19 1.733E-19 1.671E-19 1.562E-19
 1.527E-19 1.610E-19 1.736E-19 1.701E-19 1.534E-19 1.466E-19 1.531E-19 1.429E-19 1.583E-19 1.765E-19
 1.727E-19 1.759E-19 1.743E-19 1.687E-19 1.649E-19 1.605E-19 1.605E-19 1.662E-19 1.755E-19 1.679E-19
 1.649E-19 1.818E-19 1.867E-19 1.788E-19 1.832E-19 1.829E-19 1.776E-19 1.714E-19 1.730E-19 1.739E-19
 1.718E-19 1.667E-19 1.682E-19 1.860E-19 2.041E-19 1.943E-19 1.876E-19 1.873E-19 1.851E-19 1.801E-19
 1.657E-19 1.690E-19 1.805E-19 1.701E-19 1.605E-19 1.796E-19 2.049E-19 2.043E-19 1.930E-19 2.040E-19
 1.986E-19 1.906E-19 1.909E-19 1.861E-19 1.791E-19 1.865E-19 1.744E-19 1.703E-19 1.917E-19 2.066E-19
 1.993E-19 1.983E-19 2.044E-19 1.959E-19 1.976E-19 2.035E-19 2.035E-19 2.063E-19 2.036E-19 2.007E-19
 2.093E-19 2.356E-19 2.274E-19 2.054E-19 2.003E-19 2.030E-19 1.984E-19 2.062E-19 2.014E-19 2.001E-19
 2.100E-19 2.165E-19 2.139E-19 2.321E-19 2.444E-19 2.278E-19 2.135E-19 2.144E-19 2.246E-19 2.210E-19
 2.195E-19 2.135E-19 2.125E-19 2.202E-19 2.268E-19 2.341E-19 2.448E-19 2.405E-19 2.288E-19 2.269E-19
 2.307E-19 2.260E-19 2.264E-19 2.169E-19 2.040E-19 2.122E-19 2.396E-19 2.447E-19 2.426E-19 2.457E-19
 2.390E-19 2.280E-19 2.361E-19 2.306E-19 2.279E-19 2.307E-19 2.245E-19 2.175E-19 2.259E-19 2.523E-19
 2.586E-19 2.523E-19 2.557E-19 2.431E-19 2.371E-19 2.489E-19 2.377E-19 2.298E-19 2.371E-19 2.309E-19
 2.300E-19 2.539E-19 2.784E-19 2.787E-19 2.681E-19 2.611E-19 2.561E-19 2.657E-19 2.693E-19 2.536E-19
 2.536E-19 2.529E-19 2.476E-19 2.613E-19 2.835E-19 2.892E-19 2.810E-19 2.783E-19 2.645E-19 2.496E-19
 2.580E-19 2.639E-19 2.534E-19 2.529E-19 2.584E-19 2.712E-19 2.972E-19 3.133E-19 2.907E-19 2.970E-19
 3.027E-19 2.735E-19 2.805E-19 2.961E-19 2.848E-19 2.740E-19 2.744E-19 2.768E-19 2.878E-19 3.096E-19
 3.098E-19 3.058E-19 3.103E-19 2.999E-19 2.987E-19 3.032E-19 2.903E-19 2.768E-19 2.784E-19 2.808E-19
 2.928E-19 3.217E-19 3.315E-19 3.279E-19 3.409E-19 3.338E-19 3.205E-19 3.187E-19 3.040E-19 2.812E-19
 2.770E-19 2.891E-19 2.976E-19 3.162E-19 3.378E-19 3.225E-19 3.194E-19 3.386E-19 3.321E-19 3.242E-19
 3.239E-19 3.003E-19 2.874E-19 3.009E-19 3.103E-19 3.202E-19 3.395E-19 3.363E-19 3.482E-19 3.650E-19
 3.653E-19 3.657E-19 3.454E-19 3.079E-19 3.007E-19 3.108E-19 3.080E-19 3.310E-19 3.721E-19 3.731E-19
 3.622E-19 3.718E-19 3.656E-19 3.588E-19 3.559E-19 3.373E-19 3.223E-19 3.272E-19 3.261E-19 3.384E-19
 3.550E-19 3.523E-19 3.476E-19 3.683E-19 3.791E-19 3.852E-19 3.786E-19 3.537E-19 3.329E-19 3.228E-19
 3.388E-19 3.656E-19 3.768E-19 3.631E-19 3.603E-19 3.875E-19 3.965E-19 4.029E-19 3.979E-19 3.801E-19
 3.605E-19 3.552E-19 3.665E-19 3.797E-19 3.801E-19 3.695E-19 3.745E-19 4.057E-19 4.258E-19 4.189E-19
 4.040E-19 3.785E-19 3.606E-19 3.673E-19 3.775E-19 3.860E-19 3.921E-19 3.914E-19 3.876E-19 4.095E-19
 4.329E-19 4.301E-19 4.386E-19 4.175E-19 3.730E-19 3.712E-19 3.871E-19 3.981E-19 3.987E-19 4.036E-19
 4.047E-19 4.184E-19 4.514E-19 4.494E-19 4.472E-19 4.414E-19 4.070E-19 4.069E-19 4.171E-19 4.167E-19
 4.120E-19 4.171E-19 4.357E-19 4.666E-19 4.960E-19 4.759E-19 4.575E-19 4.505E-19 4.056E-19 3.929E-19
 4.098E-19 4.016E-19 3.943E-19 4.067E-19 4.259E-19 4.425E-19 4.792E-19 4.784E-19 4.692E-19 4.515E-19
 4.046E-19 4.026E-19 4.421E-19 4.269E-19 4.027E-19 4.210E-19 4.488E-19 4.592E-19 4.936E-19 5.031E-19
 4.837E-19 4.730E-19 4.258E-19 3.911E-19 4.414E-19 4.546E-19 4.204E-19 4.390E-19 4.853E-19 4.838E-19
 5.026E-19 5.084E-19 5.127E-19 5.060E-19 4.484E-19 4.185E-19 4.665E-19 4.780E-19 4.330E-19 4.500E-19
 4.974E-19 4.933E-19 5.004E-19 5.306E-19 5.508E-19 5.534E-19 4.905E-19 4.450E-19 4.839E-19 5.121E-19
 4.647E-19 4.617E-19 5.188E-19 5.314E-19 5.258E-19 5.584E-19 5.704E-19 5.600E-19 4.993E-19 4.604E-19
 4.971E-19 5.212E-19 4.738E-19 4.659E-19 5.290E-19 5.545E-19 5.381E-19 5.725E-19 5.940E-19 5.946E-19
 5.398E-19 4.820E-19 4.931E-19 5.066E-19 4.618E-19 4.637E-19 5.251E-19 5.531E-19 5.555E-19 5.970E-19
 6.234E-19 6.052E-19 5.351E-19 4.890E-19 5.206E-19 5.428E-19 4.949E-19 4.709E-19 5.135E-19 5.290E-19
 5.360E-19 5.784E-19 5.998E-19 5.963E-19 5.507E-19 5.056E-19 5.263E-19 5.321E-19 5.004E-19 4.903E-19
 5.369E-19 5.335E-19 5.375E-19 5.908E-19 6.253E-19 6.285E-19 5.625E-19 5.095E-19 5.391E-19 5.376E-19
 5.034E-19 4.897E-19 5.370E-19 5.376E-19 5.430E-19 6.043E-19 6.388E-19 6.358E-19 5.601E-19 5.168E-19
 5.408E-19 5.257E-19 5.025E-19 5.154E-19 5.576E-19 5.497E-19 5.506E-19 6.068E-19 6.495E-19 6.509E-19
 5.769E-19 5.304E-19 5.405E-19 5.222E-19 5.284E-19 5.444E-19 5.747E-19 5.737E-19 5.889E-19 6.511E-19
 6.744E-19 6.813E-19 6.185E-19 5.697E-19 5.590E-19 5.311E-19 5.412E-19 5.497E-19 5.742E-19 5.729E-19
 5.842E-19 6.567E-19 6.853E-19 6.695E-19 6.124E-19 5.703E-19 5.569E-19 5.441E-19 5.376E-19 5.551E-19
 6.048E-19 6.028E-19 6.149E-19 6.684E-19 6.986E-19 7.005E-19 6.367E-19 5.973E-19 5.789E-19 5.586E-19
 5.429E-19 5.640E-19 6.231E-19 6.011E-19 5.973E-19 6.672E-19 7.332E-19 7.570E-19 6.526E-19 5.728E-19
 5.720E-19 5.702E-19 5.565E-19 5.760E-19 6.327E-19 6.330E-19 6.465E-19 6.811E-19 7.258E-19 7.614E-19
 6.671E-19 5.772E-19 5.821E-19 5.818E-19 5.676E-19 6.009E-19 6.396E-19 6.260E-19 6.349E-19 6.851E-19
 7.538E-19 7.749E-19 6.613E-19 5.994E-19 6.197E-19 6.026E-19 5.798E-19 6.291E-19 6.654E-19 6.448E-19
 6.691E-19 7.293E-19 8.157E-19 7.877E-19 6.499E-19 6.206E-19 6.124E-19 5.614E-19 5.671E-19 6.201E-19
 6.391E-19 6.232E-19 6.453E-19 7.150E-19 7.932E-19 7.489E-19 6.202E-19 6.148E-19 6.334E-19 5.705E-19
 5.937E-19 6.505E-19 6.496E-19 6.641E-19 6.844E-19 7.631E-19 8.440E-19 7.625E-19 6.413E-19 6.484E-19
 6.543E-19 5.779E-19 6.061E-19 6.541E-19 6.461E-19 6.590E-19 6.958E-19 8.055E-19 8.628E-19 7.638E-19
 6.477E-19 6.482E-19 6.334E-19 5.873E-19 6.106E-19 6.208E-19 6.437E-19 6.770E-19 7.386E-19 8.388E-19
 8.550E-19 7.629E-19 6.825E-19 6.716E-19 6.167E-19 6.010E-19 6.448E-19 6.427E-19 6.402E-19 6.510E-19
 7.263E-19 8.360E-19 8.377E-19 7.254E-19 6.618E-19 6.508E-19 6.027E-19 6.185E-19 6.487E-19 6.367E-19
 6.463E-19 6.931E-19 7.728E-19 8.572E-19 8.561E-19 7.505E-19 6.784E-19 6.481E-19 6.074E-19 6.365E-19
 6.621E-19 6.399E-19 6.369E-19 7.002E-19 8.330E-19 9.219E-19 8.732E-19 7.212E-19 6.563E-19 6.407E-19
 6.339E-19 6.714E-19 6.493E-19 6.306E-19 6.519E-19 7.196E-19 8.459E-19 9.119E-19 8.441E-19 7.029E-19
 6.647E-19 6.323E-19 6.342E-19 6.657E-19 6.319E-19 6.273E-19 6.713E-19 7.834E-19 8.974E-19 9.345E-19
 8.349E-19 7.134E-19 6.748E-19 6.413E-19 6.613E-19 6.860E-19 6.637E-19 6.562E-19 7.194E-19 8.321E-19
 9.255E-19 9.587E-19 8.421E-19 7.425E-19 7.066E-19 6.848E-19 6.979E-19 7.047E-19 6.963E-19 6.830E-19
 7.597E-19 8.778E-19 9.504E-19 9.262E-19 7.830E-19 7.086E-19 6.660E-19 6.580E-19 6.797E-19 6.654E-19
 6.644E-19 6.946E-19 7.753E-19 8.810E-19 9.747E-19 8.992E-19 7.457E-19 6.825E-19 6.332E-19 6.358E-19
 6.417E-19 6.439E-19 6.632E-19 7.055E-19 7.915E-19 8.862E-19 9.502E-19 8.556E-19 7.379E-19 6.615E-19
 6.410E-19 6.574E-19 6.497E-19 6.537E-19 6.492E-19 7.253E-19 8.346E-19 9.233E-19 9.219E-19 8.198E-19
 7.363E-19 6.587E-19 6.398E-19 6.482E-19 6.653E-19 6.756E-19 6.982E-19 7.921E-19 9.236E-19 1.007E-18
 9.557E-19 8.244E-19 7.251E-19 6.801E-19 6.851E-19 6.645E-19 6.707E-19 7.114E-19 7.510E-19 8.480E-19
 9.798E-19 1.048E-18 9.429E-19 8.008E-19 6.975E-19 6.676E-19 6.983E-19 6.864E-19 6.963E-19 7.253E-19
 7.918E-19 9.070E-19 1.020E-18 1.045E-18 9.222E-19 7.751E-19 7.050E-19 7.129E-19 7.026E-19 7.008E-19
 6.932E-19 7.194E-19 8.091E-19 9.207E-19 1.011E-18 9.622E-19 7.879E-19 6.476E-19 6.113E-19 6.185E-19
 6.101E-19 6.342E-19 6.540E-19 7.027E-19 8.119E-19 9.488E-19 1.001E-18 8.712E-19 7.133E-19 6.455E-19
 6.452E-19 6.211E-19 6.078E-19 6.160E-19 6.645E-19 7.522E-19 8.648E-19 9.896E-19 9.860E-19 8.243E-19
 6.877E-19 6.430E-19 6.661E-19 6.570E-19 6.395E-19 6.633E-19 7.107E-19 7.967E-19 9.447E-19 1.047E-18
 9.571E-19 7.546E-19 6.473E-19 6.602E-19 6.757E-19 6.598E-19 6.696E-19 7.188E-19 7.814E-19 8.751E-19
 1.001E-18 1.015E-18 8.619E-19 7.148E-19 6.904E-19 6.872E-19 6.728E-19 6.917E-19 7.383E-19 7.794E-19
 8.581E-19 9.771E-19 1.095E-18 1.018E-18 8.173E-19 7.473E-19 7.312E-19 7.087E-19 6.978E-19 7.363E-19
 7.752E-19 8.326E-19 9.219E-19 1.059E-18 1.119E-18 9.258E-19 7.624E-19 7.402E-19 7.403E-19 7.231E-19
 7.248E-19 7.438E-19 7.633E-19 8.294E-19 9.444E-19 1.051E-18 9.346E-19 7.266E-19 6.691E-19 6.566E-19
 6.489E-19 6.579E-19 6.751E-19 7.171E-19 7.866E-19 8.746E-19 1.012E-18 1.075E-18 8.706E-19 6.823E-19
 6.585E-19 6.439E-19 6.282E-19 6.588E-19 6.854E-19 7.231E-19 8.019E-19 9.183E-19 1.042E-18 9.678E-19
 7.413E-19 6.525E-19 6.442E-19 6.357E-19 6.322E-19 6.540E-19 7.130E-19 7.880E-19 8.761E-19 1.001E-18
 1.036E-18 8.503E-19 7.016E-19 6.829E-19 6.644E-19 6.640E-19 6.861E-19 7.482E-19 8.092E-19 8.899E-19
 9.818E-19 1.065E-18 9.659E-19 7.654E-19 6.980E-19 6.903E-19 7.003E-19 7.183E-19 7.488E-19 7.693E-19
 8.306E-19 9.197E-19 1.033E-18 1.037E-18 8.534E-19 7.459E-19 7.304E-19 7.181E-19 7.429E-19 7.662E-19
 7.990E-19 8.395E-19 8.956E-19 9.974E-19 1.101E-18 9.765E-19 7.821E-19 7.454E-19 7.642E-19 7.812E-19
 8.158E-19 8.695E-19 8.935E-19 9.341E-19 9.965E-19 1.093E-18 1.077E-18 8.884E-19 7.910E-19 7.919E-19
 8.079E-19 8.190E-19 8.399E-19 8.685E-19 9.162E-19 9.668E-19 1.044E-18 1.094E-18 9.434E-19 7.713E-19
 7.179E-19 7.209E-19 7.367E-19 7.523E-19 7.594E-19 7.937E-19 8.650E-19 9.500E-19 1.025E-18 9.352E-19
 7.413E-19 6.844E-19 7.145E-19 7.428E-19 7.681E-19 7.815E-19 7.816E-19 8.177E-19 9.125E-19 1.033E-18
 1.027E-18 8.440E-19 7.717E-19 7.766E-19 7.634E-19 7.635E-19 7.901E-19 8.171E-19 8.527E-19 9.310E-19
 1.049E-18 1.114E-18 9.681E-19 8.057E-19 7.523E-19 7.373E-19 7.632E-19 8.171E-19 8.689E-19 8.950E-19
 9.494E-19 1.015E-18 1.085E-18 1.042E-18 8.923E-19 8.497E-19 8.720E-19 8.663E-19 8.397E-19 8.527E-19
 9.289E-19 9.882E-19 1.042E-18 1.152E-18 1.164E-18 1.025E-18 9.369E-19 9.494E-19 9.628E-19 9.813E-19
 9.748E-19 9.446E-19 9.959E-19 1.091E-18 1.137E-18 1.177E-18 1.088E-18 9.563E-19 9.335E-19 9.615E-19
 9.809E-19 9.811E-19 9.689E-19 9.631E-19 9.727E-19 1.048E-18 1.133E-18 1.098E-18 9.618E-19 9.135E-19
 8.888E-19 8.839E-19 9.214E-19 9.613E-19 1.005E-18 1.059E-18 1.132E-18 1.160E-18 1.137E-18 1.048E-18
 9.858E-19 9.524E-19 9.346E-19 9.107E-19 9.221E-19 9.704E-19 1.051E-18 1.132E-18 1.147E-18 1.135E-18
 1.094E-18 1.045E-18 1.045E-18 1.048E-18 1.008E-18 9.928E-19 1.056E-18 1.146E-18 1.175E-18 1.197E-18
 1.241E-18 1.228E-18 1.165E-18 1.173E-18 1.206E-18 1.129E-18 9.819E-19 9.416E-19 9.869E-19 1.045E-18
 1.063E-18 1.086E-18 1.116E-18 1.061E-18 1.022E-18 1.015E-18 1.052E-18 1.108E-18 1.123E-18 1.095E-18
 1.095E-18 1.128E-18 1.206E-18 1.268E-18 1.178E-18 1.097E-18 1.140E-18 1.204E-18 1.255E-18 1.225E-18
 1.179E-18 1.229E-18 1.295E-18 1.302E-18 1.297E-18 1.304E-18 1.316E-18 1.318E-18 1.295E-18 1.332E-18
 1.349E-18 1.335E-18 1.353E-18 1.389E-18 1.368E-18 1.365E-18 1.431E-18 1.477E-18 1.413E-18 1.363E-18
 1.376E-18 1.445E-18 1.459E-18 1.461E-18 1.412E-18 1.256E-18 1.202E-18 1.236E-18 1.187E-18 1.196E-18
 1.260E-18 1.220E-18 1.169E-18 1.245E-18 1.291E-18 1.285E-18 1.272E-18 1.297E-18 1.360E-18 1.382E-18
 1.380E-18 1.413E-18 1.385E-18 1.348E-18 1.361E-18 1.396E-18 1.438E-18 1.431E-18 1.483E-18 1.496E-18
 1.504E-18 1.510E-18 1.530E-18 1.474E-18 1.396E-18 1.432E-18 1.519E-18 1.566E-18 1.586E-18 1.574E-18
 1.615E-18 1.620E-18 1.551E-18 1.529E-18 1.482E-18 1.451E-18 1.432E-18 1.329E-18 1.216E-18 1.203E-18
 1.201E-18 1.234E-18 1.215E-18 1.187E-18 1.212E-18 1.245E-18 1.263E-18 1.256E-18 1.292E-18 1.308E-18
 1.362E-18 1.336E-18 1.256E-18 1.321E-18 1.380E-18 1.414E-18 1.441E-18 1.453E-18 1.413E-18 1.450E-18
 1.482E-18 1.488E-18 1.418E-18 1.429E-18 1.474E-18 1.451E-18 1.442E-18 1.468E-18 1.461E-18 1.376E-18
 1.312E-18 1.266E-18 1.172E-18 1.040E-18 8.613E-19 6.220E-19 4.868E-19 4.748E-19 4.946E-19 4.985E-19
 4.747E-19 4.885E-19 4.959E-19 4.847E-19 4.835E-19 5.029E-19 5.256E-19 5.271E-19 5.386E-19 5.314E-19
 5.090E-19 5.138E-19 5.201E-19 4.952E-19 4.795E-19 4.827E-19 5.015E-19 4.991E-19 4.790E-19 4.732E-19
 4.839E-19 4.922E-19 4.930E-19 4.834E-19 4.632E-19 4.504E-19 4.603E-19 4.952E-19 5.087E-19 4.986E-19
 4.991E-19 5.080E-19 5.105E-19 5.065E-19 5.081E-19 4.918E-19 4.773E-19 4.976E-19 5.231E-19 5.282E-19
 5.279E-19 5.396E-19 5.233E-19 5.178E-19 5.374E-19 5.303E-19 5.185E-19 5.276E-19 5.412E-19 5.639E-19
 5.755E-19 5.663E-19 5.551E-19 5.418E-19 5.381E-19 5.495E-19 5.333E-19 5.230E-19 5.509E-19 5.679E-19
 5.803E-19 6.196E-19 5.872E-19 5.446E-19 5.414E-19 5.780E-19 5.871E-19 5.691E-19 5.632E-19 5.592E-19
 5.892E-19 6.436E-19 6.498E-19 5.894E-19 5.754E-19 5.799E-19 6.055E-19 6.103E-19 6.003E-19 6.017E-19
 6.339E-19 6.764E-19 6.998E-19 7.021E-19 6.714E-19 6.383E-19 6.414E-19 6.793E-19 6.734E-19 6.609E-19
 6.809E-19 7.187E-19 7.266E-19 7.590E-19 7.638E-19 7.264E-19 6.996E-19 7.125E-19 7.242E-19 6.839E-19
 6.844E-19 7.405E-19 7.544E-19 7.161E-19 7.787E-19 7.882E-19 7.186E-19 7.015E-19 7.353E-19 7.340E-19
 7.244E-19 7.684E-19 8.035E-19 7.832E-19 7.983E-19 8.595E-19 8.570E-19 7.991E-19 7.718E-19 8.025E-19
 8.218E-19 8.409E-19 8.533E-19 8.597E-19 8.606E-19 8.730E-19 9.481E-19 9.521E-19 8.687E-19 8.650E-19
 9.000E-19 9.236E-19 9.466E-19 9.290E-19 9.300E-19 9.217E-19 9.641E-19 1.050E-18 1.008E-18 9.392E-19
 9.913E-19 1.001E-18 9.970E-19 1.029E-18 1.033E-18 1.013E-18 1.009E-18 1.072E-18 1.131E-18 1.096E-18
 1.097E-18 1.106E-18 1.063E-18 1.093E-18 1.152E-18 1.142E-18 1.097E-18 1.120E-18 1.215E-18 1.267E-18
 1.229E-18 1.194E-18 1.171E-18 1.189E-18 1.245E-18 1.241E-18 1.194E-18 1.196E-18 1.230E-18 1.337E-18
 1.404E-18 1.337E-18 1.298E-18 1.281E-18 1.270E-18 1.285E-18 1.308E-18 1.307E-18 1.325E-18 1.385E-18
 1.450E-18 1.480E-18 1.395E-18 1.322E-18 1.297E-18 1.335E-18 1.345E-18 1.355E-18 1.344E-18 1.379E-18
 1.403E-18 1.484E-18 1.511E-18 1.418E-18 1.354E-18 1.389E-18 1.433E-18 1.443E-18 1.421E-18 1.466E-18
 1.517E-18 1.581E-18 1.596E-18 1.600E-18 1.430E-18 1.419E-18 1.473E-18 1.488E-18 1.463E-18 1.438E-18
 1.461E-18 1.530E-18 1.618E-18 1.634E-18 1.529E-18 1.422E-18 1.417E-18 1.424E-18 1.478E-18 1.469E-18
 1.417E-18 1.392E-18 1.456E-18 1.567E-18 1.512E-18 1.382E-18 1.327E-18 1.334E-18 1.355E-18 1.437E-18
 1.410E-18 1.364E-18 1.372E-18 1.453E-18 1.549E-18 1.511E-18 1.365E-18 1.338E-18 1.337E-18 1.380E-18
 1.405E-18 1.373E-18 1.395E-18 1.405E-18 1.467E-18 1.561E-18 1.493E-18 1.360E-18 1.290E-18 1.325E-18
 1.407E-18 1.389E-18 1.364E-18 1.383E-18 1.442E-18 1.499E-18 1.479E-18 1.370E-18 1.294E-18 1.276E-18
 1.339E-18 1.370E-18 1.351E-18 1.339E-18 1.325E-18 1.417E-18 1.519E-18 1.510E-18 1.337E-18 1.281E-18
 1.331E-18 1.349E-18 1.300E-18 1.274E-18 1.280E-18 1.367E-18 1.431E-18 1.401E-18 1.347E-18 1.306E-18
 1.311E-18 1.285E-18 1.250E-18 1.245E-18 1.274E-18 1.343E-18 1.370E-18 1.374E-18 1.425E-18 1.382E-18
 1.294E-18 1.239E-18 1.231E-18 1.254E-18 1.255E-18 1.267E-18 1.306E-18 1.333E-18 1.374E-18 1.399E-18
 1.290E-18 1.201E-18 1.237E-18 1.254E-18 1.218E-18 1.187E-18 1.238E-18 1.258E-18 1.248E-18 1.350E-18
 1.355E-18 1.208E-18 1.167E-18 1.192E-18 1.189E-18 1.167E-18 1.191E-18 1.207E-18 1.208E-18 1.293E-18
 1.347E-18 1.233E-18 1.175E-18 1.201E-18 1.180E-18 1.127E-18 1.129E-18 1.163E-18 1.126E-18 1.161E-18
 1.287E-18 1.314E-18 1.186E-18 1.113E-18 1.127E-18 1.139E-18 1.129E-18 1.129E-18 1.089E-18 1.107E-18
 1.203E-18 1.289E-18 1.228E-18 1.138E-18 1.106E-18 1.066E-18 1.065E-18 1.104E-18 1.089E-18 1.068E-18
 1.102E-18 1.208E-18 1.266E-18 1.129E-18 1.059E-18 1.065E-18 1.042E-18 1.032E-18 9.949E-19 9.671E-19
 9.901E-19 1.079E-18 1.211E-18 1.152E-18 1.014E-18 9.657E-19 9.513E-19 1.000E-18 1.009E-18 9.798E-19
 9.691E-19 1.018E-18 1.146E-18 1.207E-18 1.081E-18 9.958E-19 9.687E-19 9.819E-19 9.626E-19 9.271E-19
 9.638E-19 1.023E-18 1.083E-18 1.131E-18 1.119E-18 1.005E-18 9.694E-19 9.947E-19 9.785E-19 8.988E-19
 8.620E-19 8.882E-19 1.010E-18 1.118E-18 1.159E-18 1.051E-18 9.503E-19 9.222E-19 8.958E-19 8.551E-19
 8.655E-19 9.069E-19 9.573E-19 1.007E-18 1.085E-18 1.095E-18 9.773E-19 9.018E-19 8.658E-19 8.536E-19
 8.513E-19 8.639E-19 8.961E-19 9.756E-19 1.061E-18 1.108E-18 9.898E-19 8.741E-19 8.568E-19 8.176E-19
 7.951E-19 8.591E-19 9.082E-19 9.609E-19 1.021E-18 1.086E-18 1.006E-18 8.477E-19 8.107E-19 7.974E-19
 8.108E-19 8.440E-19 8.523E-19 8.771E-19 9.268E-19 1.029E-18 1.034E-18 8.694E-19 8.076E-19 7.929E-19
 7.603E-19 7.612E-19 8.075E-19 8.591E-19 8.792E-19 9.552E-19 1.029E-18 9.242E-19 8.062E-19 7.675E-19
 7.464E-19 7.538E-19 8.037E-19 8.339E-19 8.761E-19 9.621E-19 9.902E-19 9.156E-19 8.098E-19 7.614E-19
 7.748E-19 7.608E-19 7.546E-19 7.724E-19 8.017E-19 8.651E-19 9.178E-19 9.499E-19 8.670E-19 7.728E-19
 7.539E-19 7.307E-19 7.505E-19 7.510E-19 7.780E-19 8.612E-19 9.198E-19 9.476E-19 8.661E-19 7.396E-19
 7.118E-19 6.865E-19 6.733E-19 7.136E-19 7.743E-19 8.322E-19 8.493E-19 8.647E-19 8.510E-19 7.388E-19
 6.910E-19 6.906E-19 7.026E-19 7.408E-19 7.660E-19 7.997E-19 8.147E-19 8.299E-19 8.472E-19 7.577E-19
 6.828E-19 6.660E-19 6.523E-19 6.612E-19 6.887E-19 7.465E-19 7.345E-19 7.608E-19 8.302E-19 7.927E-19
 6.910E-19 6.407E-19 6.294E-19 6.443E-19 6.637E-19 7.021E-19 7.317E-19 7.856E-19 7.942E-19 7.684E-19
 6.770E-19 6.231E-19 6.217E-19 6.288E-19 6.584E-19 6.787E-19 6.693E-19 6.896E-19 7.055E-19 7.176E-19
 6.656E-19 6.109E-19 6.112E-19 6.143E-19 6.308E-19 6.518E-19 6.700E-19 6.891E-19 6.685E-19 7.020E-19
 7.164E-19 6.317E-19 5.790E-19 5.728E-19 6.124E-19 6.371E-19 6.269E-19 6.183E-19 6.241E-19 6.849E-19
 6.971E-19 5.797E-19 5.348E-19 5.680E-19 6.116E-19 6.148E-19 6.226E-19 6.100E-19 5.913E-19 6.515E-19
 6.996E-19 6.044E-19 5.292E-19 5.453E-19 5.696E-19 5.965E-19 6.088E-19 5.668E-19 5.821E-19 6.325E-19
 6.343E-19 5.539E-19 5.170E-19 5.377E-19 5.339E-19 5.364E-19 5.343E-19 5.408E-19 5.912E-19 6.145E-19
 6.176E-19 5.630E-19 5.131E-19 5.348E-19 5.596E-19 5.535E-19 5.315E-19 5.213E-19 5.502E-19 5.818E-19
 6.093E-19 5.817E-19 5.204E-19 4.994E-19 5.049E-19 5.197E-19 5.252E-19 5.248E-19 5.146E-19 4.938E-19
 5.337E-19 5.509E-19 5.264E-19 5.234E-19 5.007E-19 4.798E-19 4.861E-19 5.266E-19 5.198E-19 5.018E-19
 5.370E-19 5.465E-19 4.933E-19 4.681E-19 4.961E-19 4.954E-19 4.754E-19 4.846E-19 4.755E-19 4.916E-19
 5.218E-19 5.404E-19 4.840E-19 4.239E-19 4.294E-19 4.533E-19 4.885E-19 4.911E-19 4.547E-19 4.706E-19
 5.174E-19 5.291E-19 4.779E-19 4.425E-19 4.475E-19 4.474E-19 4.453E-19 4.466E-19 4.536E-19 4.788E-19
 4.913E-19 5.070E-19 4.828E-19 4.432E-19 4.506E-19 4.382E-19 4.234E-19 4.340E-19 4.430E-19 4.494E-19
 4.672E-19 5.110E-19 4.861E-19 4.278E-19 4.083E-19 4.062E-19 4.025E-19 4.042E-19 4.220E-19 4.320E-19
 4.451E-19 4.667E-19 4.398E-19 4.024E-19 3.975E-19 3.857E-19 3.734E-19 3.840E-19 3.910E-19 3.894E-19
 4.220E-19 4.585E-19 4.375E-19 3.888E-19 3.788E-19 3.804E-19 3.890E-19 3.810E-19 3.626E-19 3.705E-19
 4.059E-19 4.385E-19 4.215E-19 3.767E-19 3.572E-19 3.608E-19 3.817E-19 3.776E-19 3.628E-19 3.786E-19
 3.911E-19 4.072E-19 4.035E-19 3.718E-19 3.574E-19 3.548E-19 3.727E-19 3.673E-19 3.613E-19 3.738E-19
 3.853E-19 4.006E-19 3.861E-19 3.529E-19 3.548E-19 3.759E-19 3.708E-19 3.478E-19 3.660E-19 3.786E-19
 3.954E-19 4.192E-19 4.069E-19 3.681E-19 3.515E-19 3.796E-19 3.840E-19 3.777E-19 3.689E-19 3.593E-19
 3.934E-19 4.124E-19 3.758E-19 3.364E-19 3.422E-19 3.488E-19 3.366E-19 3.453E-19 3.571E-19 3.774E-19
 3.915E-19 3.952E-19 3.737E-19 3.428E-19 3.553E-19 3.647E-19 3.662E-19 3.633E-19 3.641E-19 3.809E-19
 3.904E-19 3.850E-19 3.469E-19 3.197E-19 3.396E-19 3.475E-19 3.464E-19 3.495E-19 3.479E-19 3.549E-19
 3.476E-19 3.592E-19 3.671E-19 3.384E-19 3.127E-19 3.155E-19 3.412E-19 3.562E-19 3.477E-19 3.436E-19
 3.444E-19 3.556E-19 3.274E-19 3.111E-19 3.306E-19 3.352E-19 3.453E-19 3.372E-19 3.381E-19 3.519E-19
 3.605E-19 3.551E-19 3.379E-19 3.172E-19 3.116E-19 3.368E-19 3.330E-19 3.045E-19 3.168E-19 3.330E-19
 3.351E-19 3.329E-19 3.182E-19 3.073E-19 3.148E-19 3.114E-19 3.036E-19 3.190E-19 3.325E-19 3.302E-19
 3.358E-19 3.383E-19 3.245E-19 3.135E-19 3.128E-19 3.018E-19 2.907E-19 2.998E-19 3.151E-19 3.233E-19
 3.241E-19 3.214E-19 3.162E-19 3.118E-19 3.152E-19 3.003E-19 2.976E-19 3.168E-19 3.092E-19 3.100E-19
 3.340E-19 3.239E-19 3.066E-19 3.143E-19 3.087E-19 3.059E-19 3.173E-19 3.085E-19 2.968E-19 3.131E-19
 3.214E-19 3.202E-19 3.255E-19 3.219E-19 3.133E-19 3.260E-19 3.224E-19 3.148E-19 3.381E-19 3.701E-19
 3.810E-19 3.670E-19 3.495E-19 3.515E-19 3.696E-19 3.964E-19 4.053E-19 4.065E-19 4.063E-19 4.061E-19
 3.970E-19 3.814E-19 3.719E-19 3.657E-19 3.806E-19 3.814E-19 3.670E-19 3.734E-19 3.970E-19 3.896E-19
 3.612E-19 3.590E-19 3.644E-19 3.674E-19 3.528E-19 3.358E-19 3.512E-19 3.671E-19 3.688E-19 3.641E-19
 3.450E-19 3.396E-19 3.483E-19 3.653E-19 3.689E-19 3.365E-19 3.221E-19 3.437E-19 3.713E-19 3.744E-19
 3.618E-19 3.731E-19 3.727E-19 3.741E-19 3.713E-19 3.666E-19 3.613E-19 3.564E-19 3.688E-19 3.679E-19
 3.692E-19 3.815E-19 3.725E-19 3.523E-19 3.529E-19 3.504E-19 3.538E-19 3.729E-19 3.633E-19 3.471E-19
 3.488E-19 3.510E-19 3.723E-19 3.821E-19 3.731E-19 3.634E-19 3.581E-19 3.599E-19 3.594E-19 3.611E-19
 3.647E-19 3.528E-19 3.412E-19 3.374E-19 3.463E-19 3.635E-19 3.575E-19 3.580E-19 3.559E-19 3.372E-19
 3.424E-19 3.475E-19 3.453E-19 3.607E-19 3.860E-19 3.777E-19 3.667E-19 3.595E-19 3.615E-19 3.624E-19
 3.563E-19 3.574E-19 3.463E-19 3.382E-19 3.461E-19 3.495E-19 3.577E-19 3.649E-19 3.611E-19 3.423E-19
 3.406E-19 3.431E-19 3.377E-19 3.581E-19 3.698E-19 3.789E-19 3.836E-19 3.642E-19 3.330E-19 3.328E-19
 3.561E-19 3.545E-19 3.412E-19 3.449E-19 3.546E-19 3.723E-19 3.805E-19 3.596E-19 3.485E-19 3.650E-19
 3.633E-19 3.558E-19 3.566E-19 3.694E-19 3.771E-19 3.721E-19 3.714E-19 3.622E-19 3.595E-19 3.548E-19
 3.464E-19 3.382E-19 3.459E-19 3.606E-19 3.641E-19 3.765E-19 3.818E-19 3.839E-19 3.941E-19 3.836E-19
 3.732E-19 3.735E-19 3.871E-19 3.993E-19 3.828E-19 3.621E-19 3.632E-19 3.832E-19 4.017E-19 4.026E-19
 3.872E-19 3.797E-19 3.754E-19 3.713E-19 3.617E-19 3.641E-19 3.767E-19 3.903E-19 4.007E-19 3.933E-19
 3.793E-19 3.880E-19 3.973E-19 3.810E-19 3.684E-19 3.748E-19 3.755E-19 3.713E-19 3.715E-19 3.747E-19
 3.939E-19 4.029E-19 3.766E-19 3.485E-19 3.620E-19 3.855E-19 3.890E-19 3.791E-19 3.635E-19 3.704E-19
 3.945E-19 4.061E-19 3.885E-19 3.602E-19 3.495E-19 3.671E-19 3.764E-19 3.766E-19 3.841E-19 3.826E-19
 3.719E-19 3.704E-19 3.731E-19 3.754E-19 3.697E-19 3.619E-19 3.674E-19 3.850E-19 3.779E-19 3.827E-19
 4.015E-19 3.961E-19 3.867E-19 3.755E-19 3.715E-19 3.747E-19 3.892E-19 3.872E-19 3.711E-19 3.682E-19
 3.760E-19 3.749E-19 3.816E-19 3.862E-19 3.710E-19 3.566E-19 3.508E-19 3.422E-19 3.463E-19 3.759E-19
 3.853E-19 3.714E-19 3.649E-19 3.734E-19 3.657E-19 3.393E-19 3.357E-19 3.428E-19 3.735E-19 3.934E-19
 3.590E-19 3.338E-19 3.466E-19 3.671E-19 3.632E-19 3.553E-19 3.381E-19 3.372E-19 3.634E-19 3.477E-19
 3.216E-19 3.337E-19 3.643E-19 3.700E-19 3.652E-19 3.607E-19 3.248E-19 3.286E-19 3.473E-19 3.303E-19
 3.381E-19 3.579E-19 3.565E-19 3.454E-19 3.392E-19 3.327E-19 3.225E-19 3.323E-19 3.469E-19 3.397E-19
 3.418E-19 3.496E-19 3.426E-19 3.360E-19 3.484E-19 3.459E-19 3.511E-19 3.582E-19 3.516E-19 3.302E-19
 3.300E-19 3.459E-19 3.501E-19 3.552E-19 3.482E-19 3.434E-19 3.463E-19 3.375E-19 3.290E-19 3.214E-19
 3.179E-19 3.170E-19 3.290E-19 3.424E-19 3.277E-19 3.268E-19 3.254E-19 3.158E-19 3.271E-19 3.260E-19
 3.271E-19 3.441E-19 3.383E-19 3.225E-19 3.201E-19 3.088E-19 2.973E-19 3.021E-19 3.109E-19 3.106E-19
 3.019E-19 3.085E-19 3.015E-19 3.136E-19 3.275E-19 3.221E-19 3.150E-19 3.152E-19 3.175E-19 3.212E-19
 3.126E-19 3.033E-19 3.055E-19 3.228E-19 3.252E-19 3.221E-19 3.082E-19 2.834E-19 3.011E-19 3.128E-19
 3.056E-19 2.894E-19 3.009E-19 3.170E-19 3.063E-19 3.007E-19 3.074E-19 3.051E-19 2.986E-19 3.022E-19
 3.078E-19 3.035E-19 3.045E-19 2.997E-19 2.884E-19 2.887E-19 2.934E-19 2.934E-19 2.895E-19 2.879E-19
 2.856E-19 2.842E-19 2.810E-19 2.808E-19 2.838E-19 2.899E-19 2.891E-19 2.965E-19 2.891E-19 2.821E-19
 2.809E-19 2.819E-19 2.926E-19 2.897E-19 2.881E-19 2.789E-19 2.725E-19 2.885E-19 2.929E-19 2.883E-19
 2.820E-19 2.931E-19 3.093E-19 2.941E-19 2.957E-19 2.813E-19 2.681E-19 2.808E-19 2.830E-19 2.724E-19
 2.628E-19 2.644E-19 2.725E-19 2.908E-19 2.843E-19 2.516E-19 2.391E-19 2.571E-19 2.743E-19 2.706E-19
 2.561E-19 2.567E-19 2.763E-19 2.849E-19 2.631E-19 2.629E-19 2.618E-19 2.460E-19 2.484E-19 2.541E-19
 2.472E-19 2.435E-19 2.564E-19 2.644E-19 2.664E-19 2.688E-19 2.612E-19 2.528E-19 2.609E-19 2.662E-19
 2.611E-19 2.588E-19 2.556E-19 2.598E-19 2.719E-19 2.518E-19 2.386E-19 2.546E-19 2.586E-19 2.615E-19
 2.649E-19 2.467E-19 2.466E-19 2.726E-19 2.783E-19 2.527E-19 2.364E-19 2.362E-19 2.375E-19 2.431E-19
 2.363E-19 2.346E-19 2.447E-19 2.518E-19 2.606E-19 2.479E-19 2.300E-19 2.350E-19 2.332E-19 2.288E-19
 2.298E-19 2.365E-19 2.490E-19 2.542E-19 2.650E-19 2.634E-19 2.379E-19 2.319E-19 2.241E-19 2.147E-19
 2.255E-19 2.284E-19 2.340E-19 2.335E-19 2.291E-19 2.338E-19 2.214E-19 2.228E-19 2.213E-19 2.092E-19
 2.138E-19 2.201E-19 2.334E-19 2.164E-19 2.190E-19 2.302E-19 2.149E-19 2.045E-19 2.054E-19 2.069E-19
 2.296E-19 2.406E-19 2.297E-19 2.157E-19 2.160E-19 2.265E-19 2.205E-19 2.130E-19 2.068E-19 2.096E-19
 2.237E-19 2.199E-19 2.261E-19 2.244E-19 2.034E-19 2.056E-19 2.153E-19 2.062E-19 1.949E-19 2.051E-19
 2.131E-19 2.039E-19 2.069E-19 2.171E-19 2.025E-19 2.053E-19 2.127E-19 2.002E-19 1.997E-19 2.106E-19
 2.121E-19 2.078E-19 2.142E-19 2.212E-19 2.024E-19 2.062E-19 2.144E-19 2.026E-19 1.854E-19 1.946E-19
 2.033E-19 2.116E-19 2.145E-19 2.045E-19 1.873E-19 1.825E-19 1.839E-19 1.784E-19 1.753E-19 1.752E-19
 1.843E-19 2.028E-19 2.033E-19 1.958E-19 1.935E-19 2.007E-19 2.051E-19 1.943E-19 1.906E-19 1.911E-19
 1.894E-19 1.995E-19 2.079E-19 2.038E-19 1.863E-19 1.749E-19 1.965E-19 1.949E-19 1.772E-19 1.696E-19
 1.775E-19 1.928E-19 2.007E-19 2.029E-19 1.822E-19 1.760E-19 2.032E-19 2.055E-19 1.801E-19 1.652E-19
 1.733E-19 1.912E-19 1.906E-19 1.812E-19 1.822E-19 1.763E-19 1.816E-19 1.816E-19 1.608E-19 1.537E-19
 1.708E-19 1.912E-19 1.935E-19 1.840E-19 1.750E-19 1.622E-19 1.744E-19 1.783E-19 1.783E-19 1.517E-19
 1.609E-19 1.639E-19 1.570E-19 1.530E-19 1.577E-19 1.660E-19 1.699E-19 1.643E-19 1.545E-19 1.499E-19
 1.565E-19 1.635E-19 1.702E-19 1.652E-19 1.588E-19 1.649E-19 1.728E-19 1.582E-19 1.396E-19 1.322E-19
 1.532E-19 1.790E-19 1.702E-19 1.547E-19 1.520E-19 1.584E-19 1.644E-19 1.509E-19 1.389E-19 1.386E-19
 1.526E-19 1.631E-19 1.642E-19 1.547E-19 1.429E-19 1.501E-19 1.490E-19 1.422E-19 1.294E-19 1.365E-19
 1.608E-19 1.718E-19 1.614E-19 1.465E-19 1.429E-19 1.502E-19 1.463E-19 1.349E-19 1.336E-19 1.496E-19
 1.669E-19 1.613E-19 1.400E-19 1.213E-19 1.264E-19 1.412E-19 1.322E-19 1.298E-19 1.297E-19 1.410E-19
 1.570E-19 1.471E-19 1.285E-19 1.274E-19 1.358E-19 1.344E-19 1.246E-19 1.270E-19 1.358E-19 1.413E-19
 1.431E-19 1.431E-19 1.382E-19 1.363E-19 1.337E-19 1.310E-19 1.307E-19 1.277E-19 1.372E-19 1.511E-19
 1.487E-19 1.359E-19 1.247E-19 1.227E-19 1.252E-19 1.285E-19 1.349E-19 1.270E-19 1.283E-19 1.422E-19
 1.438E-19 1.341E-19 1.280E-19 1.240E-19 1.152E-19 1.231E-19 1.316E-19 1.294E-19 1.390E-19 1.445E-19
 1.380E-19 1.270E-19 1.212E-19 1.141E-19 1.224E-19 1.339E-19 1.215E-19 1.224E-19 1.315E-19 1.270E-19
 1.172E-19 1.071E-19 1.105E-19 1.105E-19 1.068E-19 9.886E-20 1.065E-19 1.228E-19 1.301E-19 1.289E-19
 1.161E-19 1.128E-19 1.130E-19 1.130E-19 1.118E-19 1.116E-19 1.136E-19 1.149E-19 1.111E-19 1.100E-19
 1.123E-19 1.199E-19 1.150E-19 1.071E-19 1.116E-19 1.050E-19 1.081E-19 1.199E-19 1.232E-19 1.175E-19
 1.116E-19 1.055E-19 1.008E-19 1.083E-19 1.024E-19 9.790E-20 1.143E-19 1.160E-19 1.056E-19 9.945E-20
 9.420E-20 9.558E-20 1.008E-19 1.038E-19 1.065E-19 1.108E-19 1.010E-19 9.564E-20 1.055E-19 1.112E-19
 1.090E-19 1.018E-19 1.055E-19 9.393E-20 9.523E-20 1.076E-19 1.038E-19 9.834E-20 9.433E-20 9.029E-20
 8.764E-20 9.406E-20 9.537E-20 9.305E-20 9.873E-20 1.055E-19 1.016E-19 8.813E-20 8.877E-20 9.461E-20
 9.601E-20 9.946E-20 9.518E-20 9.599E-20 1.017E-19 9.660E-20 8.476E-20 7.843E-20 7.828E-20 8.719E-20
 9.496E-20 8.828E-20 8.028E-20 8.446E-20 8.827E-20 8.452E-20 8.709E-20 9.228E-20 9.993E-20 1.036E-19
 9.221E-20 8.267E-20 8.219E-20 8.304E-20 7.840E-20 8.342E-20 8.677E-20 9.671E-20 8.845E-20 7.504E-20
 7.921E-20 8.257E-20 8.324E-20 6.832E-20 6.507E-20 7.418E-20 7.939E-20 8.979E-20 9.404E-20 8.310E-20
 8.159E-20 8.462E-20 7.595E-20 7.344E-20 7.610E-20 8.015E-20 8.718E-20 8.644E-20 7.741E-20 6.915E-20
 7.058E-20 7.338E-20 6.485E-20 6.742E-20 7.760E-20 8.224E-20 8.830E-20 8.767E-20 7.319E-20 7.319E-20
 7.578E-20 7.238E-20 6.776E-20 6.437E-20 6.437E-20 8.101E-20 8.071E-20 7.779E-20 7.409E-20 7.394E-20
 6.999E-20 6.463E-20 6.107E-20 6.960E-20 8.043E-20 8.086E-20 7.641E-20 7.029E-20 6.591E-20 5.718E-20
 5.386E-20 5.938E-20 6.113E-20 6.864E-20 6.880E-20 7.012E-20 7.109E-20 6.767E-20 7.515E-20 6.947E-20
 6.202E-20 7.352E-20 8.441E-20 7.330E-20 6.306E-20 6.775E-20 7.185E-20 6.427E-20 4.954E-20 5.548E-20
 6.864E-20 7.908E-20 7.626E-20 6.690E-20 5.302E-20 4.745E-20 5.441E-20 5.441E-20 4.148E-20 6.194E-20
 6.960E-20 6.045E-20 5.503E-20 5.227E-20 5.597E-20 5.629E-20 4.805E-20 4.122E-20 5.912E-20 6.457E-20
 4.967E-20 4.684E-20 4.865E-20 5.265E-20 5.476E-20 5.026E-20 5.820E-20 7.066E-20 6.592E-20 4.922E-20
 3.724E-20 4.516E-20 6.233E-20 6.289E-20 5.645E-20 6.145E-20 6.561E-20 5.687E-20 5.670E-20 6.283E-20
 6.905E-20 7.903E-20 7.242E-20 5.626E-20 5.566E-20 5.385E-20 5.051E-20 4.684E-20 3.992E-20 3.605E-20
 5.487E-20 6.938E-20 5.867E-20 5.174E-20 4.840E-20 4.315E-20 3.638E-20 4.177E-20 0.000E+00 0.000E+00
