    CCl2F2  867.0130  936.9870      4718  253.0000    0.0000 6.387E-18  NCAR    CFC-12              
 1.233E-19 1.223E-19 9.630E-20 1.411E-19 1.510E-19 9.383E-20 6.346E-20 8.076E-20 1.119E-19 1.199E-19
 1.044E-19 7.140E-20 5.819E-20 7.943E-20 9.825E-20 1.080E-19 1.110E-19 1.240E-19 1.253E-19 7.444E-20
 5.693E-20 7.783E-20 6.136E-20 8.227E-20 1.241E-19 1.239E-19 1.006E-19 6.953E-20 7.028E-20 7.112E-20
 8.204E-20 9.056E-20 5.480E-20 2.557E-20 3.911E-20 7.857E-20 1.033E-19 1.065E-19 9.958E-20 8.838E-20
 8.297E-20 6.586E-20 7.442E-20 9.279E-20 1.251E-19 1.239E-19 9.857E-20 6.777E-20 5.248E-20 4.845E-20
 6.103E-20 7.596E-20 6.840E-20 6.535E-20 7.126E-20 8.168E-20 7.501E-20 5.782E-20 7.208E-20 8.546E-20
 7.264E-20 3.826E-20 5.671E-20 8.171E-20 6.604E-20 6.060E-20 3.679E-20 9.877E-21 2.905E-20 8.021E-20
 1.077E-19 1.121E-19 9.598E-20 9.706E-20 7.752E-20 6.195E-20 7.116E-20 9.379E-20 9.379E-20 1.060E-19
 1.111E-19 1.569E-19 1.588E-19 1.234E-19 1.106E-19 1.114E-19 5.477E-20 1.743E-20 3.391E-20 5.489E-20
 8.728E-20 1.115E-19 7.361E-20 6.896E-20 1.104E-19 1.297E-19 1.281E-19 1.426E-19 1.372E-19 1.256E-19
 1.255E-19 1.268E-19 1.334E-19 1.246E-19 9.345E-20 8.306E-20 9.477E-20 1.043E-19 1.141E-19 1.190E-19
 1.418E-19 1.683E-19 1.457E-19 1.384E-19 1.601E-19 1.436E-19 1.499E-19 1.525E-19 1.307E-19 1.285E-19
 1.224E-19 1.218E-19 1.370E-19 1.312E-19 1.342E-19 1.548E-19 1.718E-19 1.584E-19 1.328E-19 1.536E-19
 1.595E-19 1.429E-19 1.258E-19 1.124E-19 1.266E-19 1.473E-19 1.466E-19 1.466E-19 1.399E-19 1.616E-19
 1.255E-19 8.291E-20 9.530E-20 1.422E-19 1.424E-19 1.168E-19 1.089E-19 9.368E-20 1.009E-19 1.231E-19
 1.165E-19 1.083E-19 1.363E-19 1.451E-19 1.255E-19 1.262E-19 1.520E-19 1.679E-19 1.351E-19 1.035E-19
 1.140E-19 1.104E-19 1.025E-19 1.267E-19 1.447E-19 1.376E-19 1.144E-19 9.207E-20 9.547E-20 9.914E-20
 1.212E-19 1.392E-19 1.617E-19 1.549E-19 1.201E-19 1.363E-19 1.504E-19 1.322E-19 1.363E-19 1.380E-19
 1.211E-19 1.200E-19 1.417E-19 1.118E-19 1.013E-19 1.232E-19 1.442E-19 1.470E-19 1.376E-19 1.114E-19
 1.157E-19 1.444E-19 1.498E-19 1.780E-19 1.677E-19 1.418E-19 1.479E-19 1.464E-19 1.156E-19 1.178E-19
 1.657E-19 1.739E-19 1.516E-19 1.521E-19 1.482E-19 1.430E-19 1.383E-19 1.151E-19 1.109E-19 1.295E-19
 1.581E-19 1.445E-19 1.448E-19 1.718E-19 1.739E-19 1.566E-19 1.225E-19 1.156E-19 1.133E-19 1.006E-19
 1.230E-19 1.691E-19 1.523E-19 9.627E-20 7.115E-20 8.155E-20 1.140E-19 1.336E-19 1.292E-19 1.287E-19
 1.321E-19 1.547E-19 1.572E-19 1.007E-19 9.278E-20 1.398E-19 1.610E-19 1.585E-19 1.362E-19 1.509E-19
 1.756E-19 1.571E-19 1.487E-19 1.415E-19 1.220E-19 1.398E-19 1.424E-19 1.734E-19 2.040E-19 1.938E-19
 1.547E-19 1.319E-19 1.479E-19 1.668E-19 1.974E-19 1.987E-19 2.015E-19 2.146E-19 1.850E-19 1.499E-19
 1.277E-19 1.150E-19 1.395E-19 1.472E-19 1.245E-19 1.312E-19 1.555E-19 1.704E-19 1.593E-19 1.358E-19
 1.035E-19 7.001E-20 1.071E-19 1.608E-19 1.539E-19 1.494E-19 1.749E-19 1.838E-19 1.759E-19 1.566E-19
 1.667E-19 1.627E-19 1.427E-19 1.798E-19 2.184E-19 2.149E-19 1.942E-19 1.963E-19 1.734E-19 1.371E-19
 1.176E-19 1.474E-19 1.636E-19 1.652E-19 1.773E-19 1.756E-19 1.857E-19 1.895E-19 1.827E-19 1.358E-19
 1.424E-19 1.649E-19 1.751E-19 1.839E-19 1.965E-19 2.200E-19 1.949E-19 1.720E-19 1.543E-19 1.754E-19
 2.095E-19 2.303E-19 2.362E-19 2.171E-19 1.699E-19 1.341E-19 1.628E-19 1.759E-19 1.530E-19 1.530E-19
 1.739E-19 1.991E-19 2.007E-19 1.920E-19 1.822E-19 1.793E-19 1.894E-19 1.845E-19 1.897E-19 2.098E-19
 1.950E-19 1.697E-19 1.681E-19 1.844E-19 2.086E-19 1.905E-19 1.440E-19 1.316E-19 1.436E-19 1.565E-19
 1.747E-19 1.952E-19 1.661E-19 1.280E-19 1.622E-19 2.012E-19 2.005E-19 2.183E-19 2.306E-19 1.921E-19
 1.718E-19 1.822E-19 2.004E-19 2.005E-19 1.976E-19 1.862E-19 1.940E-19 2.150E-19 2.115E-19 1.786E-19
 1.786E-19 1.732E-19 1.718E-19 1.562E-19 1.423E-19 1.444E-19 1.503E-19 1.760E-19 2.126E-19 2.122E-19
 2.155E-19 2.032E-19 1.606E-19 1.767E-19 2.147E-19 2.217E-19 2.279E-19 2.499E-19 2.485E-19 2.011E-19
 1.847E-19 1.996E-19 2.120E-19 2.171E-19 2.356E-19 2.426E-19 2.463E-19 2.204E-19 2.123E-19 1.947E-19
 1.691E-19 1.719E-19 1.795E-19 2.107E-19 2.515E-19 2.537E-19 2.200E-19 1.976E-19 1.775E-19 1.765E-19
 1.896E-19 2.030E-19 2.047E-19 2.100E-19 2.301E-19 2.180E-19 1.900E-19 1.669E-19 1.688E-19 1.831E-19
 1.720E-19 1.997E-19 2.303E-19 2.314E-19 2.069E-19 2.246E-19 2.401E-19 2.133E-19 2.065E-19 2.299E-19
 2.577E-19 2.554E-19 2.233E-19 2.192E-19 2.312E-19 2.182E-19 1.972E-19 1.879E-19 1.797E-19 1.810E-19
 2.071E-19 2.278E-19 2.363E-19 2.385E-19 1.977E-19 1.766E-19 1.986E-19 2.104E-19 2.322E-19 2.205E-19
 1.811E-19 1.940E-19 2.227E-19 2.269E-19 2.005E-19 1.679E-19 1.920E-19 2.176E-19 2.339E-19 2.530E-19
 2.558E-19 2.454E-19 2.323E-19 2.116E-19 1.929E-19 2.104E-19 2.534E-19 2.960E-19 2.694E-19 2.591E-19
 2.532E-19 2.340E-19 2.364E-19 2.411E-19 2.372E-19 2.310E-19 2.183E-19 2.271E-19 2.652E-19 2.598E-19
 2.045E-19 1.679E-19 1.662E-19 1.687E-19 2.033E-19 2.476E-19 2.495E-19 2.484E-19 2.517E-19 2.503E-19
 2.354E-19 2.545E-19 2.582E-19 2.431E-19 2.370E-19 2.529E-19 2.574E-19 2.289E-19 2.263E-19 2.424E-19
 2.488E-19 2.276E-19 2.470E-19 2.550E-19 2.485E-19 2.679E-19 2.750E-19 2.712E-19 2.433E-19 2.302E-19
 2.298E-19 2.162E-19 1.747E-19 1.826E-19 2.248E-19 2.344E-19 2.141E-19 2.132E-19 2.185E-19 2.098E-19
 2.091E-19 2.024E-19 2.190E-19 2.293E-19 2.698E-19 2.630E-19 2.248E-19 2.176E-19 2.317E-19 2.360E-19
 2.599E-19 2.600E-19 2.446E-19 2.430E-19 2.177E-19 2.125E-19 2.495E-19 2.557E-19 2.255E-19 2.255E-19
 1.885E-19 2.534E-19 2.999E-19 2.889E-19 2.660E-19 2.850E-19 2.864E-19 2.352E-19 2.275E-19 2.271E-19
 2.280E-19 2.316E-19 2.313E-19 2.515E-19 2.734E-19 2.421E-19 2.255E-19 2.315E-19 2.471E-19 2.805E-19
 2.769E-19 2.811E-19 2.804E-19 2.781E-19 2.897E-19 2.950E-19 2.846E-19 2.618E-19 2.564E-19 2.979E-19
 3.237E-19 3.231E-19 3.088E-19 2.836E-19 3.074E-19 2.894E-19 2.217E-19 2.347E-19 2.852E-19 2.991E-19
 2.993E-19 3.113E-19 2.780E-19 2.364E-19 2.349E-19 2.493E-19 2.580E-19 2.445E-19 2.392E-19 2.773E-19
 3.010E-19 3.175E-19 2.989E-19 2.902E-19 2.903E-19 2.938E-19 2.718E-19 2.647E-19 2.902E-19 2.923E-19
 2.712E-19 2.664E-19 2.662E-19 2.395E-19 2.423E-19 2.830E-19 2.987E-19 3.284E-19 3.190E-19 2.706E-19
 2.565E-19 2.713E-19 3.018E-19 3.142E-19 3.316E-19 3.687E-19 3.753E-19 3.527E-19 3.339E-19 3.293E-19
 3.283E-19 2.815E-19 2.729E-19 3.029E-19 2.902E-19 2.820E-19 2.955E-19 2.817E-19 2.978E-19 2.990E-19
 2.560E-19 2.451E-19 2.504E-19 2.666E-19 2.750E-19 2.915E-19 3.130E-19 3.011E-19 2.879E-19 2.707E-19
 2.703E-19 3.074E-19 3.453E-19 3.546E-19 3.104E-19 2.986E-19 3.174E-19 3.044E-19 3.041E-19 3.235E-19
 3.246E-19 3.244E-19 3.147E-19 3.255E-19 3.204E-19 3.173E-19 3.584E-19 3.612E-19 3.299E-19 3.173E-19
 3.440E-19 3.572E-19 3.776E-19 3.695E-19 3.327E-19 3.246E-19 3.120E-19 3.153E-19 3.506E-19 3.705E-19
 3.644E-19 3.581E-19 3.543E-19 3.414E-19 3.451E-19 3.385E-19 3.154E-19 3.196E-19 3.419E-19 3.379E-19
 3.489E-19 3.801E-19 3.840E-19 3.663E-19 3.720E-19 3.558E-19 3.431E-19 3.573E-19 3.732E-19 3.760E-19
 3.626E-19 3.483E-19 3.364E-19 3.183E-19 3.542E-19 3.595E-19 3.400E-19 3.406E-19 3.636E-19 3.836E-19
 3.410E-19 3.362E-19 3.532E-19 3.165E-19 3.131E-19 3.225E-19 3.163E-19 3.402E-19 3.316E-19 3.174E-19
 3.354E-19 3.593E-19 3.455E-19 3.346E-19 3.483E-19 3.327E-19 3.568E-19 3.846E-19 3.516E-19 3.344E-19
 3.735E-19 4.065E-19 3.865E-19 3.741E-19 3.642E-19 3.264E-19 3.337E-19 3.955E-19 4.003E-19 3.728E-19
 3.432E-19 3.310E-19 3.201E-19 3.273E-19 3.685E-19 3.756E-19 3.605E-19 3.669E-19 3.520E-19 3.324E-19
 3.189E-19 3.021E-19 3.228E-19 3.705E-19 3.984E-19 4.036E-19 4.008E-19 3.899E-19 3.471E-19 3.129E-19
 3.333E-19 3.872E-19 3.719E-19 3.336E-19 3.372E-19 3.777E-19 3.756E-19 3.524E-19 3.551E-19 3.553E-19
 3.535E-19 3.904E-19 4.244E-19 4.131E-19 3.802E-19 3.457E-19 3.589E-19 3.388E-19 2.956E-19 3.374E-19
 3.433E-19 3.223E-19 3.483E-19 3.519E-19 3.407E-19 3.381E-19 3.541E-19 3.770E-19 3.648E-19 3.438E-19
 3.606E-19 3.757E-19 4.123E-19 3.851E-19 2.979E-19 3.185E-19 3.767E-19 3.566E-19 3.210E-19 3.238E-19
 3.474E-19 3.607E-19 3.596E-19 3.414E-19 3.435E-19 3.159E-19 3.176E-19 3.748E-19 3.761E-19 3.419E-19
 3.520E-19 3.602E-19 3.814E-19 3.705E-19 3.383E-19 3.111E-19 3.002E-19 3.487E-19 4.052E-19 3.933E-19
 3.668E-19 3.566E-19 3.510E-19 3.490E-19 3.200E-19 3.073E-19 3.453E-19 3.825E-19 3.781E-19 4.134E-19
 4.082E-19 3.712E-19 3.978E-19 3.608E-19 3.165E-19 3.291E-19 3.266E-19 3.206E-19 3.405E-19 3.738E-19
 3.761E-19 3.503E-19 3.588E-19 3.639E-19 3.508E-19 3.368E-19 3.183E-19 3.349E-19 3.344E-19 3.262E-19
 3.445E-19 3.748E-19 4.176E-19 3.992E-19 3.958E-19 3.607E-19 3.278E-19 3.571E-19 3.451E-19 3.480E-19
 3.559E-19 3.468E-19 3.581E-19 3.545E-19 3.441E-19 3.754E-19 3.880E-19 3.790E-19 3.565E-19 3.573E-19
 3.203E-19 3.263E-19 3.743E-19 3.770E-19 3.256E-19 3.105E-19 3.500E-19 3.920E-19 3.430E-19 3.081E-19
 3.043E-19 3.109E-19 3.611E-19 3.806E-19 3.615E-19 3.516E-19 3.440E-19 3.353E-19 3.010E-19 2.703E-19
 3.202E-19 3.939E-19 4.044E-19 4.214E-19 4.144E-19 3.847E-19 3.729E-19 3.522E-19 3.397E-19 3.301E-19
 3.386E-19 3.545E-19 3.548E-19 3.189E-19 3.772E-19 4.014E-19 3.348E-19 3.429E-19 3.821E-19 3.335E-19
 2.982E-19 3.212E-19 3.555E-19 3.595E-19 3.301E-19 3.501E-19 3.621E-19 3.241E-19 3.279E-19 3.550E-19
 3.691E-19 3.694E-19 3.725E-19 3.879E-19 3.828E-19 3.512E-19 3.515E-19 3.716E-19 3.911E-19 3.845E-19
 3.543E-19 3.659E-19 4.375E-19 4.179E-19 4.245E-19 4.564E-19 4.247E-19 3.754E-19 3.546E-19 3.813E-19
 3.890E-19 3.452E-19 3.448E-19 3.670E-19 3.466E-19 3.416E-19 3.663E-19 3.894E-19 3.643E-19 3.334E-19
 3.443E-19 3.787E-19 3.504E-19 3.398E-19 3.588E-19 3.418E-19 3.305E-19 3.611E-19 4.061E-19 3.734E-19
 3.164E-19 3.331E-19 3.797E-19 3.901E-19 4.046E-19 4.187E-19 3.803E-19 3.796E-19 4.066E-19 3.779E-19
 3.227E-19 3.257E-19 4.030E-19 4.104E-19 3.617E-19 3.780E-19 4.025E-19 4.225E-19 4.258E-19 4.276E-19
 4.140E-19 3.920E-19 3.744E-19 3.605E-19 3.657E-19 4.323E-19 4.888E-19 4.301E-19 3.658E-19 3.778E-19
 3.958E-19 3.934E-19 4.159E-19 4.501E-19 4.242E-19 4.205E-19 4.449E-19 4.503E-19 4.237E-19 3.823E-19
 4.283E-19 4.659E-19 4.379E-19 4.261E-19 4.216E-19 3.898E-19 3.907E-19 4.377E-19 4.533E-19 4.368E-19
 4.342E-19 4.295E-19 4.274E-19 4.187E-19 4.178E-19 4.461E-19 4.421E-19 4.282E-19 4.001E-19 3.677E-19
 3.929E-19 4.153E-19 4.451E-19 4.711E-19 4.232E-19 4.098E-19 4.258E-19 4.416E-19 4.290E-19 4.317E-19
 4.305E-19 4.162E-19 3.983E-19 3.990E-19 4.012E-19 4.015E-19 4.209E-19 4.358E-19 4.600E-19 4.645E-19
 4.516E-19 4.646E-19 4.710E-19 4.605E-19 4.503E-19 4.318E-19 4.580E-19 4.819E-19 4.920E-19 5.026E-19
 4.989E-19 5.386E-19 5.376E-19 4.597E-19 4.170E-19 4.275E-19 4.643E-19 4.632E-19 5.018E-19 4.732E-19
 4.216E-19 4.303E-19 4.634E-19 4.655E-19 4.564E-19 4.455E-19 4.355E-19 4.412E-19 4.559E-19 4.652E-19
 4.734E-19 4.735E-19 4.596E-19 4.518E-19 4.365E-19 4.689E-19 5.232E-19 4.876E-19 4.484E-19 5.054E-19
 5.081E-19 4.779E-19 4.408E-19 4.509E-19 4.690E-19 5.009E-19 4.851E-19 4.804E-19 4.767E-19 4.746E-19
 4.744E-19 3.851E-19 3.542E-19 4.439E-19 5.199E-19 4.795E-19 4.432E-19 4.171E-19 4.447E-19 4.885E-19
 4.961E-19 4.596E-19 5.126E-19 5.616E-19 5.465E-19 4.776E-19 4.380E-19 4.613E-19 5.125E-19 4.911E-19
 4.873E-19 5.425E-19 5.799E-19 6.308E-19 6.317E-19 6.316E-19 5.935E-19 5.776E-19 6.035E-19 5.697E-19
 5.446E-19 5.633E-19 5.298E-19 5.312E-19 5.543E-19 5.752E-19 5.647E-19 5.618E-19 5.353E-19 5.154E-19
 5.074E-19 5.458E-19 5.494E-19 5.237E-19 5.196E-19 5.462E-19 5.280E-19 5.082E-19 5.005E-19 4.927E-19
 5.504E-19 5.752E-19 5.474E-19 5.484E-19 6.138E-19 5.612E-19 4.928E-19 4.727E-19 4.557E-19 4.787E-19
 4.894E-19 4.773E-19 4.971E-19 5.095E-19 5.092E-19 4.856E-19 4.878E-19 5.229E-19 5.195E-19 5.239E-19
 5.263E-19 5.044E-19 4.947E-19 4.769E-19 4.537E-19 4.306E-19 4.479E-19 4.638E-19 4.536E-19 4.854E-19
 5.445E-19 5.879E-19 5.687E-19 5.057E-19 4.832E-19 4.774E-19 5.125E-19 5.137E-19 4.628E-19 4.766E-19
 4.707E-19 4.500E-19 4.927E-19 4.944E-19 4.559E-19 4.299E-19 4.250E-19 4.388E-19 4.546E-19 4.594E-19
 4.845E-19 4.587E-19 4.366E-19 4.672E-19 4.389E-19 4.033E-19 4.461E-19 4.757E-19 4.703E-19 4.529E-19
 4.231E-19 4.018E-19 4.260E-19 4.487E-19 3.767E-19 4.041E-19 4.523E-19 4.225E-19 3.952E-19 3.662E-19
 3.476E-19 3.398E-19 3.615E-19 3.849E-19 3.597E-19 3.624E-19 3.881E-19 4.014E-19 4.193E-19 3.971E-19
 3.638E-19 3.972E-19 4.219E-19 4.383E-19 4.238E-19 3.763E-19 3.655E-19 4.073E-19 4.297E-19 3.979E-19
 3.438E-19 3.749E-19 4.134E-19 4.150E-19 4.159E-19 3.797E-19 3.436E-19 3.607E-19 4.067E-19 3.791E-19
 3.522E-19 3.662E-19 3.635E-19 3.796E-19 3.790E-19 3.372E-19 3.160E-19 3.331E-19 3.589E-19 3.343E-19
 3.287E-19 3.566E-19 3.505E-19 3.874E-19 4.232E-19 3.396E-19 2.835E-19 3.223E-19 3.308E-19 3.166E-19
 3.491E-19 3.314E-19 3.216E-19 3.515E-19 3.774E-19 3.636E-19 3.330E-19 3.036E-19 2.861E-19 3.285E-19
 3.486E-19 3.299E-19 2.971E-19 3.112E-19 3.646E-19 3.806E-19 3.552E-19 3.248E-19 3.387E-19 4.044E-19
 4.013E-19 3.426E-19 3.424E-19 3.616E-19 3.998E-19 4.078E-19 3.536E-19 3.313E-19 3.533E-19 3.730E-19
 3.874E-19 4.000E-19 3.682E-19 3.137E-19 3.360E-19 3.915E-19 3.435E-19 3.236E-19 3.492E-19 3.425E-19
 3.263E-19 2.938E-19 2.917E-19 3.018E-19 3.407E-19 3.525E-19 3.506E-19 3.529E-19 3.532E-19 3.574E-19
 3.612E-19 3.574E-19 3.407E-19 3.407E-19 3.391E-19 3.378E-19 3.510E-19 3.631E-19 3.691E-19 3.516E-19
 3.523E-19 3.628E-19 3.702E-19 3.888E-19 4.184E-19 4.393E-19 4.147E-19 3.860E-19 4.018E-19 3.724E-19
 3.403E-19 3.590E-19 3.351E-19 3.105E-19 3.592E-19 4.105E-19 4.411E-19 4.148E-19 3.552E-19 3.322E-19
 3.186E-19 3.093E-19 3.431E-19 3.658E-19 3.773E-19 4.193E-19 4.276E-19 4.187E-19 3.915E-19 3.611E-19
 3.389E-19 3.900E-19 4.293E-19 4.054E-19 3.795E-19 3.899E-19 3.743E-19 3.517E-19 3.596E-19 3.561E-19
 3.646E-19 4.055E-19 4.420E-19 4.099E-19 3.687E-19 4.030E-19 4.016E-19 3.515E-19 3.384E-19 3.557E-19
 3.642E-19 3.857E-19 4.103E-19 4.050E-19 3.953E-19 3.726E-19 3.609E-19 3.748E-19 3.741E-19 3.896E-19
 4.299E-19 4.299E-19 4.005E-19 3.525E-19 3.290E-19 3.363E-19 3.659E-19 3.707E-19 3.547E-19 3.916E-19
 4.258E-19 4.252E-19 4.308E-19 4.463E-19 4.305E-19 4.123E-19 4.313E-19 4.524E-19 4.685E-19 4.959E-19
 5.094E-19 5.084E-19 4.912E-19 4.569E-19 4.467E-19 4.676E-19 5.175E-19 5.358E-19 5.035E-19 4.806E-19
 4.799E-19 4.958E-19 4.756E-19 4.590E-19 4.398E-19 4.735E-19 5.276E-19 5.257E-19 4.832E-19 4.610E-19
 4.830E-19 4.901E-19 5.190E-19 5.004E-19 4.729E-19 4.943E-19 4.779E-19 4.901E-19 5.198E-19 4.879E-19
 4.810E-19 4.593E-19 4.659E-19 4.861E-19 4.965E-19 5.178E-19 4.830E-19 5.249E-19 5.331E-19 4.643E-19
 4.888E-19 5.177E-19 4.860E-19 4.802E-19 4.891E-19 4.843E-19 4.939E-19 5.003E-19 4.806E-19 4.916E-19
 4.769E-19 4.671E-19 4.789E-19 4.276E-19 4.415E-19 5.143E-19 5.426E-19 5.323E-19 4.939E-19 4.840E-19
 5.114E-19 5.674E-19 5.196E-19 5.502E-19 6.377E-19 6.340E-19 6.257E-19 6.102E-19 6.733E-19 6.909E-19
 7.411E-19 7.918E-19 8.186E-19 8.127E-19 7.885E-19 7.671E-19 7.529E-19 7.341E-19 7.462E-19 7.192E-19
 7.225E-19 7.059E-19 6.906E-19 7.234E-19 7.292E-19 7.312E-19 7.403E-19 7.398E-19 7.354E-19 7.588E-19
 7.468E-19 7.515E-19 7.187E-19 7.126E-19 6.797E-19 6.482E-19 6.660E-19 6.454E-19 6.889E-19 6.893E-19
 6.490E-19 7.020E-19 7.103E-19 7.106E-19 6.676E-19 5.879E-19 6.151E-19 5.994E-19 5.775E-19 5.945E-19
 5.299E-19 5.294E-19 5.837E-19 5.532E-19 5.598E-19 5.723E-19 5.570E-19 5.958E-19 6.022E-19 5.657E-19
 5.400E-19 5.313E-19 5.222E-19 5.553E-19 5.145E-19 5.297E-19 5.771E-19 5.155E-19 4.775E-19 5.325E-19
 5.492E-19 4.822E-19 4.801E-19 4.832E-19 4.550E-19 4.475E-19 4.635E-19 4.578E-19 4.566E-19 4.594E-19
 4.298E-19 3.803E-19 4.437E-19 4.945E-19 4.330E-19 3.970E-19 4.719E-19 5.179E-19 4.110E-19 3.427E-19
 3.959E-19 4.605E-19 4.188E-19 3.705E-19 3.410E-19 3.601E-19 3.604E-19 3.712E-19 4.349E-19 4.033E-19
 3.730E-19 3.749E-19 3.557E-19 3.982E-19 4.315E-19 3.489E-19 2.939E-19 3.314E-19 3.446E-19 3.211E-19
 3.495E-19 3.670E-19 3.729E-19 3.724E-19 3.238E-19 3.198E-19 3.303E-19 3.310E-19 3.176E-19 3.136E-19
 3.583E-19 3.646E-19 3.369E-19 3.557E-19 3.919E-19 4.094E-19 4.069E-19 4.008E-19 3.826E-19 3.835E-19
 3.907E-19 3.853E-19 4.034E-19 4.105E-19 3.842E-19 3.319E-19 3.210E-19 3.426E-19 3.426E-19 3.465E-19
 3.790E-19 4.258E-19 4.116E-19 3.742E-19 3.676E-19 3.543E-19 3.249E-19 3.158E-19 2.922E-19 3.058E-19
 3.909E-19 4.502E-19 4.582E-19 4.259E-19 3.871E-19 3.669E-19 3.801E-19 3.950E-19 4.075E-19 4.321E-19
 4.497E-19 4.625E-19 4.892E-19 5.324E-19 4.931E-19 4.166E-19 3.933E-19 4.096E-19 4.369E-19 4.264E-19
 4.362E-19 4.129E-19 4.242E-19 4.376E-19 4.380E-19 4.408E-19 4.035E-19 3.654E-19 4.113E-19 4.603E-19
 4.632E-19 4.700E-19 4.484E-19 4.286E-19 4.513E-19 4.441E-19 4.638E-19 4.955E-19 5.132E-19 4.916E-19
 4.672E-19 4.799E-19 4.877E-19 4.805E-19 4.845E-19 5.410E-19 5.021E-19 5.179E-19 5.444E-19 5.181E-19
 5.012E-19 4.847E-19 4.635E-19 4.639E-19 5.162E-19 5.590E-19 4.863E-19 4.975E-19 5.314E-19 4.700E-19
 4.786E-19 4.737E-19 4.614E-19 4.446E-19 4.486E-19 4.848E-19 4.632E-19 4.740E-19 5.165E-19 5.015E-19
 4.823E-19 4.520E-19 4.538E-19 4.713E-19 5.086E-19 5.676E-19 5.685E-19 5.063E-19 4.265E-19 4.368E-19
 4.701E-19 4.399E-19 4.568E-19 4.651E-19 4.967E-19 5.531E-19 5.289E-19 4.888E-19 4.404E-19 4.680E-19
 4.784E-19 4.506E-19 4.783E-19 4.922E-19 4.866E-19 4.583E-19 4.308E-19 3.730E-19 3.521E-19 3.872E-19
 3.803E-19 4.065E-19 4.329E-19 4.037E-19 4.339E-19 4.530E-19 4.196E-19 3.702E-19 3.495E-19 3.624E-19
 3.962E-19 4.250E-19 4.139E-19 3.718E-19 3.738E-19 4.156E-19 4.611E-19 4.301E-19 3.836E-19 3.725E-19
 3.883E-19 4.439E-19 4.321E-19 4.016E-19 3.657E-19 3.402E-19 3.749E-19 4.371E-19 4.151E-19 3.694E-19
 4.062E-19 3.909E-19 4.112E-19 4.214E-19 3.103E-19 2.914E-19 3.090E-19 3.249E-19 3.888E-19 3.993E-19
 3.902E-19 4.054E-19 3.909E-19 3.661E-19 3.609E-19 3.671E-19 3.535E-19 3.485E-19 3.602E-19 4.189E-19
 4.165E-19 3.757E-19 3.796E-19 3.768E-19 3.458E-19 3.354E-19 3.403E-19 3.462E-19 3.704E-19 3.732E-19
 3.580E-19 3.911E-19 3.510E-19 3.206E-19 3.470E-19 3.667E-19 3.446E-19 3.380E-19 3.468E-19 3.367E-19
 3.522E-19 3.264E-19 2.986E-19 3.117E-19 3.184E-19 3.218E-19 3.450E-19 3.658E-19 3.649E-19 3.500E-19
 3.413E-19 3.476E-19 3.557E-19 3.409E-19 3.096E-19 3.444E-19 3.597E-19 3.517E-19 3.668E-19 3.349E-19
 3.269E-19 3.674E-19 3.788E-19 3.455E-19 3.703E-19 3.808E-19 3.364E-19 3.297E-19 3.244E-19 3.233E-19
 3.561E-19 3.434E-19 3.208E-19 3.296E-19 3.760E-19 3.700E-19 3.666E-19 3.432E-19 3.358E-19 3.387E-19
 2.665E-19 2.334E-19 3.150E-19 3.874E-19 3.939E-19 3.406E-19 2.972E-19 2.988E-19 3.135E-19 3.076E-19
 2.896E-19 2.981E-19 3.340E-19 3.691E-19 3.643E-19 3.354E-19 3.456E-19 3.594E-19 3.229E-19 2.915E-19
 3.223E-19 3.832E-19 3.804E-19 3.455E-19 3.230E-19 3.133E-19 3.188E-19 3.155E-19 3.125E-19 2.835E-19
 3.031E-19 3.305E-19 3.207E-19 2.891E-19 2.561E-19 2.728E-19 3.445E-19 3.393E-19 3.088E-19 2.873E-19
 2.748E-19 3.427E-19 3.217E-19 2.622E-19 2.726E-19 3.000E-19 3.332E-19 3.104E-19 2.660E-19 3.265E-19
 3.800E-19 3.329E-19 2.862E-19 3.095E-19 3.363E-19 3.320E-19 3.075E-19 3.065E-19 3.454E-19 3.478E-19
 3.064E-19 3.251E-19 3.411E-19 3.239E-19 3.312E-19 3.398E-19 3.203E-19 3.164E-19 2.984E-19 3.184E-19
 3.105E-19 2.597E-19 2.543E-19 2.751E-19 2.858E-19 3.066E-19 3.312E-19 3.317E-19 3.383E-19 3.026E-19
 2.447E-19 2.236E-19 2.367E-19 2.705E-19 3.231E-19 3.210E-19 3.195E-19 3.359E-19 3.414E-19 3.574E-19
 3.360E-19 3.187E-19 3.027E-19 3.439E-19 3.565E-19 3.489E-19 3.355E-19 3.111E-19 3.256E-19 2.989E-19
 2.395E-19 2.467E-19 2.821E-19 3.027E-19 2.783E-19 2.497E-19 2.896E-19 3.219E-19 2.845E-19 2.232E-19
 2.188E-19 2.476E-19 2.676E-19 3.259E-19 3.443E-19 3.398E-19 3.016E-19 2.377E-19 2.410E-19 2.712E-19
 2.826E-19 2.828E-19 2.860E-19 3.264E-19 3.276E-19 3.052E-19 3.108E-19 3.230E-19 3.126E-19 2.871E-19
 2.768E-19 2.298E-19 2.802E-19 3.697E-19 3.606E-19 3.067E-19 3.071E-19 3.041E-19 3.019E-19 2.923E-19
 2.609E-19 2.715E-19 3.361E-19 3.450E-19 3.401E-19 3.536E-19 3.314E-19 2.912E-19 2.595E-19 2.883E-19
 2.914E-19 2.703E-19 3.190E-19 3.313E-19 3.642E-19 3.510E-19 2.920E-19 2.887E-19 2.650E-19 2.100E-19
 2.011E-19 3.182E-19 3.781E-19 3.379E-19 3.176E-19 3.062E-19 3.070E-19 2.634E-19 2.097E-19 2.426E-19
 3.358E-19 3.875E-19 3.793E-19 3.406E-19 2.869E-19 2.442E-19 2.035E-19 1.766E-19 2.249E-19 2.964E-19
 3.625E-19 3.502E-19 3.111E-19 2.920E-19 2.619E-19 2.258E-19 1.878E-19 2.463E-19 2.680E-19 2.630E-19
 3.053E-19 3.348E-19 3.511E-19 3.168E-19 2.664E-19 2.417E-19 2.404E-19 2.147E-19 2.580E-19 3.605E-19
 3.654E-19 2.925E-19 2.470E-19 2.296E-19 2.366E-19 2.482E-19 2.544E-19 2.557E-19 3.003E-19 3.352E-19
 2.331E-19 1.783E-19 2.139E-19 2.721E-19 2.554E-19 1.795E-19 1.815E-19 2.761E-19 3.469E-19 3.015E-19
 2.268E-19 2.263E-19 2.247E-19 1.854E-19 1.764E-19 1.991E-19 2.448E-19 3.091E-19 3.428E-19 3.126E-19
 2.499E-19 2.366E-19 2.246E-19 2.165E-19 2.292E-19 2.504E-19 2.953E-19 3.081E-19 2.618E-19 2.064E-19
 1.876E-19 2.306E-19 2.411E-19 2.301E-19 2.381E-19 3.012E-19 3.148E-19 2.786E-19 2.668E-19 1.969E-19
 1.986E-19 2.576E-19 2.570E-19 2.215E-19 2.441E-19 2.698E-19 2.488E-19 2.499E-19 2.494E-19 2.136E-19
 2.014E-19 2.348E-19 2.670E-19 2.570E-19 2.712E-19 2.489E-19 1.954E-19 1.824E-19 2.005E-19 2.251E-19
 2.308E-19 2.449E-19 2.861E-19 3.381E-19 3.313E-19 2.733E-19 2.578E-19 2.515E-19 2.283E-19 2.528E-19
 2.522E-19 2.441E-19 2.928E-19 2.489E-19 1.612E-19 1.610E-19 1.728E-19 1.787E-19 1.960E-19 2.083E-19
 1.974E-19 2.489E-19 2.884E-19 2.697E-19 2.444E-19 2.418E-19 2.474E-19 2.399E-19 2.461E-19 2.294E-19
 2.339E-19 2.579E-19 2.272E-19 2.177E-19 2.060E-19 1.973E-19 2.208E-19 2.119E-19 2.051E-19 2.353E-19
 2.701E-19 2.606E-19 2.442E-19 2.360E-19 2.345E-19 2.288E-19 2.023E-19 2.018E-19 2.004E-19 2.487E-19
 2.847E-19 2.311E-19 2.012E-19 2.108E-19 2.193E-19 2.313E-19 2.486E-19 2.390E-19 2.648E-19 2.678E-19
 2.399E-19 2.034E-19 1.852E-19 1.953E-19 2.110E-19 2.339E-19 2.321E-19 2.196E-19 1.788E-19 1.626E-19
 1.688E-19 1.668E-19 1.912E-19 2.206E-19 2.579E-19 2.679E-19 2.371E-19 2.222E-19 2.239E-19 2.002E-19
 1.878E-19 1.898E-19 2.029E-19 2.437E-19 2.662E-19 2.491E-19 2.483E-19 2.538E-19 2.049E-19 1.463E-19
 1.577E-19 2.100E-19 2.305E-19 2.134E-19 2.194E-19 2.459E-19 2.521E-19 2.155E-19 1.769E-19 1.595E-19
 2.088E-19 2.465E-19 2.228E-19 2.285E-19 2.182E-19 1.966E-19 2.057E-19 1.788E-19 1.828E-19 2.196E-19
 2.088E-19 1.783E-19 1.715E-19 1.757E-19 1.926E-19 1.994E-19 1.878E-19 1.787E-19 1.950E-19 2.647E-19
 2.958E-19 2.687E-19 2.375E-19 2.023E-19 1.799E-19 2.032E-19 2.058E-19 1.862E-19 1.833E-19 1.979E-19
 1.981E-19 2.000E-19 1.785E-19 1.774E-19 1.901E-19 1.700E-19 1.518E-19 1.742E-19 1.958E-19 1.929E-19
 1.963E-19 1.728E-19 1.711E-19 1.931E-19 1.773E-19 1.590E-19 1.510E-19 1.770E-19 2.085E-19 2.401E-19
 2.577E-19 2.395E-19 2.086E-19 1.835E-19 1.658E-19 1.697E-19 1.793E-19 1.708E-19 1.916E-19 1.974E-19
 1.598E-19 1.653E-19 1.950E-19 2.040E-19 1.865E-19 1.751E-19 1.610E-19 1.964E-19 2.507E-19 2.239E-19
 2.070E-19 2.006E-19 1.773E-19 1.528E-19 1.726E-19 1.970E-19 1.758E-19 1.658E-19 1.906E-19 2.127E-19
 2.195E-19 2.005E-19 1.982E-19 2.418E-19 2.290E-19 1.715E-19 1.629E-19 1.777E-19 1.919E-19 2.039E-19
 2.115E-19 2.024E-19 2.025E-19 2.032E-19 2.013E-19 2.150E-19 1.738E-19 1.142E-19 1.015E-19 1.058E-19
 1.248E-19 1.596E-19 2.019E-19 2.153E-19 1.833E-19 1.716E-19 2.002E-19 1.944E-19 2.283E-19 2.227E-19
 1.796E-19 1.785E-19 1.834E-19 2.020E-19 2.386E-19 2.274E-19 2.076E-19 2.119E-19 1.829E-19 1.497E-19
 1.377E-19 1.839E-19 2.266E-19 2.390E-19 2.266E-19 2.154E-19 1.992E-19 1.862E-19 1.966E-19 2.169E-19
 2.509E-19 2.508E-19 2.003E-19 1.869E-19 1.771E-19 1.692E-19 1.606E-19 1.445E-19 1.526E-19 1.916E-19
 1.974E-19 2.015E-19 2.127E-19 2.319E-19 2.484E-19 2.017E-19 1.567E-19 1.501E-19 1.730E-19 2.039E-19
 1.951E-19 1.521E-19 1.501E-19 1.971E-19 2.004E-19 1.870E-19 2.152E-19 2.156E-19 1.762E-19 1.660E-19
 1.732E-19 1.778E-19 1.958E-19 2.134E-19 2.159E-19 1.907E-19 1.959E-19 2.275E-19 2.353E-19 2.125E-19
 1.999E-19 1.885E-19 1.781E-19 1.734E-19 1.643E-19 1.744E-19 1.883E-19 1.946E-19 1.833E-19 1.935E-19
 1.950E-19 1.646E-19 1.699E-19 1.751E-19 1.864E-19 2.231E-19 2.132E-19 1.803E-19 1.716E-19 1.685E-19
 1.682E-19 1.579E-19 1.990E-19 2.011E-19 1.963E-19 2.537E-19 2.631E-19 2.233E-19 2.042E-19 1.894E-19
 1.682E-19 1.641E-19 1.836E-19 1.921E-19 2.109E-19 2.139E-19 1.782E-19 1.592E-19 1.533E-19 1.488E-19
 1.700E-19 1.901E-19 1.788E-19 1.817E-19 2.198E-19 2.563E-19 2.392E-19 1.906E-19 2.009E-19 2.090E-19
 1.912E-19 2.044E-19 2.004E-19 2.132E-19 2.331E-19 2.192E-19 2.125E-19 2.098E-19 2.048E-19 1.886E-19
 1.922E-19 2.368E-19 2.772E-19 2.775E-19 2.432E-19 2.208E-19 2.043E-19 1.905E-19 2.147E-19 2.351E-19
 1.942E-19 2.044E-19 2.466E-19 2.601E-19 2.320E-19 2.126E-19 2.583E-19 2.631E-19 2.257E-19 2.182E-19
 2.155E-19 2.004E-19 2.033E-19 2.112E-19 2.301E-19 2.247E-19 2.135E-19 2.389E-19 2.122E-19 2.087E-19
 2.237E-19 2.194E-19 1.978E-19 2.096E-19 2.289E-19 2.058E-19 1.919E-19 1.880E-19 1.824E-19 2.006E-19
 2.280E-19 2.173E-19 2.289E-19 2.437E-19 2.203E-19 1.982E-19 2.084E-19 2.304E-19 1.975E-19 1.762E-19
 1.771E-19 1.927E-19 2.214E-19 2.413E-19 2.542E-19 2.592E-19 2.493E-19 2.289E-19 2.218E-19 2.149E-19
 2.308E-19 2.531E-19 2.182E-19 1.820E-19 2.219E-19 2.495E-19 2.614E-19 2.743E-19 2.615E-19 2.278E-19
 2.382E-19 2.424E-19 2.386E-19 2.429E-19 2.503E-19 2.639E-19 2.934E-19 3.304E-19 3.062E-19 2.696E-19
 2.352E-19 2.553E-19 2.648E-19 2.372E-19 2.223E-19 2.512E-19 2.672E-19 2.426E-19 2.666E-19 2.877E-19
 2.727E-19 2.484E-19 2.441E-19 2.584E-19 2.715E-19 2.721E-19 2.621E-19 2.517E-19 2.448E-19 2.567E-19
 2.670E-19 2.452E-19 2.165E-19 2.335E-19 2.683E-19 2.873E-19 2.933E-19 2.686E-19 2.614E-19 2.655E-19
 2.458E-19 2.558E-19 2.645E-19 2.595E-19 2.474E-19 2.551E-19 2.696E-19 2.645E-19 2.674E-19 2.455E-19
 2.645E-19 2.997E-19 3.044E-19 2.836E-19 2.833E-19 2.935E-19 3.051E-19 3.055E-19 2.989E-19 2.932E-19
 2.992E-19 2.885E-19 2.594E-19 2.843E-19 3.171E-19 2.889E-19 2.582E-19 2.743E-19 2.871E-19 2.797E-19
 2.588E-19 2.534E-19 2.601E-19 2.710E-19 2.942E-19 2.807E-19 2.834E-19 2.974E-19 2.880E-19 2.829E-19
 2.964E-19 3.025E-19 3.024E-19 3.251E-19 3.430E-19 3.431E-19 3.201E-19 3.149E-19 3.134E-19 3.217E-19
 3.344E-19 3.313E-19 3.445E-19 3.031E-19 2.385E-19 2.405E-19 2.860E-19 3.258E-19 3.098E-19 2.990E-19
 2.982E-19 2.894E-19 3.212E-19 3.385E-19 3.499E-19 3.358E-19 3.143E-19 3.334E-19 3.176E-19 3.087E-19
 3.161E-19 3.404E-19 3.336E-19 3.445E-19 3.784E-19 3.727E-19 3.137E-19 3.148E-19 3.436E-19 3.333E-19
 3.380E-19 3.434E-19 3.246E-19 3.112E-19 3.087E-19 3.354E-19 3.707E-19 3.590E-19 3.549E-19 3.538E-19
 3.627E-19 3.475E-19 3.196E-19 3.096E-19 3.361E-19 3.415E-19 3.414E-19 3.506E-19 3.547E-19 2.920E-19
 2.804E-19 3.311E-19 3.612E-19 3.521E-19 3.302E-19 3.465E-19 3.628E-19 3.680E-19 3.679E-19 3.588E-19
 3.481E-19 3.585E-19 3.806E-19 4.164E-19 4.273E-19 3.976E-19 3.824E-19 4.140E-19 3.799E-19 3.504E-19
 3.956E-19 3.810E-19 3.373E-19 3.395E-19 3.532E-19 3.595E-19 3.899E-19 4.008E-19 3.667E-19 3.660E-19
 3.727E-19 3.849E-19 4.061E-19 4.319E-19 4.171E-19 3.884E-19 3.705E-19 3.609E-19 3.477E-19 3.573E-19
 3.523E-19 3.389E-19 3.431E-19 3.697E-19 3.617E-19 3.562E-19 3.987E-19 3.917E-19 3.929E-19 4.169E-19
 4.338E-19 4.080E-19 3.753E-19 3.575E-19 3.925E-19 4.186E-19 4.331E-19 4.621E-19 4.627E-19 4.507E-19
 4.600E-19 4.447E-19 4.111E-19 4.205E-19 4.089E-19 4.184E-19 4.293E-19 4.334E-19 4.258E-19 3.940E-19
 4.015E-19 4.115E-19 4.208E-19 4.647E-19 4.676E-19 4.474E-19 4.515E-19 4.975E-19 4.916E-19 4.644E-19
 4.443E-19 4.315E-19 4.518E-19 4.609E-19 4.618E-19 4.508E-19 4.618E-19 4.923E-19 4.745E-19 4.505E-19
 4.391E-19 4.647E-19 4.911E-19 4.902E-19 4.780E-19 4.717E-19 4.929E-19 4.605E-19 4.403E-19 4.834E-19
 5.101E-19 5.048E-19 4.893E-19 4.865E-19 4.820E-19 4.856E-19 4.879E-19 4.611E-19 4.555E-19 4.573E-19
 4.434E-19 4.569E-19 5.163E-19 5.177E-19 5.107E-19 5.280E-19 5.372E-19 5.699E-19 5.727E-19 5.009E-19
 4.599E-19 4.744E-19 5.108E-19 5.120E-19 5.341E-19 5.198E-19 4.940E-19 5.289E-19 5.532E-19 5.032E-19
 5.105E-19 5.327E-19 5.238E-19 5.497E-19 5.483E-19 5.355E-19 5.768E-19 6.035E-19 5.299E-19 4.829E-19
 5.516E-19 5.905E-19 5.547E-19 5.386E-19 5.096E-19 5.282E-19 5.760E-19 5.893E-19 5.710E-19 5.494E-19
 5.740E-19 5.632E-19 6.014E-19 6.431E-19 6.343E-19 6.124E-19 5.739E-19 5.502E-19 5.791E-19 6.290E-19
 6.130E-19 6.017E-19 6.203E-19 5.957E-19 6.040E-19 6.445E-19 5.981E-19 5.653E-19 5.954E-19 5.886E-19
 5.571E-19 5.658E-19 5.902E-19 5.896E-19 5.944E-19 6.140E-19 6.471E-19 6.494E-19 6.307E-19 6.217E-19
 6.255E-19 6.628E-19 6.759E-19 6.697E-19 6.619E-19 6.396E-19 6.309E-19 6.067E-19 5.899E-19 6.775E-19
 7.460E-19 7.397E-19 7.330E-19 7.085E-19 6.812E-19 6.935E-19 6.668E-19 6.713E-19 6.554E-19 6.310E-19
 6.021E-19 6.290E-19 6.265E-19 6.044E-19 6.760E-19 7.644E-19 7.459E-19 7.131E-19 7.113E-19 7.210E-19
 7.142E-19 6.688E-19 6.543E-19 6.808E-19 6.777E-19 6.779E-19 6.866E-19 7.094E-19 7.718E-19 7.868E-19
 7.454E-19 7.453E-19 7.342E-19 7.007E-19 6.962E-19 7.247E-19 7.319E-19 6.990E-19 7.177E-19 7.761E-19
 7.973E-19 7.991E-19 7.798E-19 7.721E-19 7.762E-19 7.301E-19 7.158E-19 7.662E-19 7.997E-19 7.747E-19
 7.757E-19 8.103E-19 8.330E-19 7.922E-19 7.959E-19 8.404E-19 8.491E-19 8.364E-19 7.455E-19 7.023E-19
 7.317E-19 7.613E-19 7.782E-19 8.024E-19 8.090E-19 8.175E-19 8.770E-19 8.616E-19 8.920E-19 8.656E-19
 8.265E-19 8.638E-19 8.682E-19 8.229E-19 8.307E-19 8.959E-19 8.515E-19 7.749E-19 7.774E-19 8.330E-19
 9.120E-19 9.829E-19 9.010E-19 7.509E-19 8.088E-19 8.618E-19 8.266E-19 8.171E-19 8.554E-19 8.197E-19
 8.211E-19 8.853E-19 8.832E-19 9.024E-19 9.587E-19 9.258E-19 9.305E-19 9.407E-19 8.688E-19 8.960E-19
 9.333E-19 9.054E-19 9.610E-19 9.701E-19 9.112E-19 9.114E-19 9.113E-19 9.347E-19 9.652E-19 9.200E-19
 9.261E-19 9.442E-19 9.086E-19 9.246E-19 9.188E-19 9.203E-19 9.710E-19 9.443E-19 9.173E-19 9.432E-19
 9.483E-19 9.793E-19 1.047E-18 1.038E-18 9.505E-19 9.413E-19 9.804E-19 1.036E-18 1.057E-18 1.018E-18
 1.048E-18 1.025E-18 9.346E-19 9.768E-19 1.037E-18 1.048E-18 1.067E-18 1.045E-18 1.044E-18 1.029E-18
 9.965E-19 9.891E-19 9.951E-19 1.023E-18 1.024E-18 1.001E-18 9.678E-19 1.071E-18 1.084E-18 9.865E-19
 1.026E-18 1.112E-18 1.083E-18 1.023E-18 1.085E-18 1.127E-18 1.063E-18 1.021E-18 1.012E-18 1.034E-18
 1.052E-18 1.064E-18 1.002E-18 1.038E-18 1.094E-18 1.066E-18 1.037E-18 1.095E-18 1.127E-18 1.084E-18
 1.121E-18 1.066E-18 1.001E-18 1.061E-18 1.170E-18 1.229E-18 1.175E-18 1.141E-18 1.129E-18 1.145E-18
 1.147E-18 1.110E-18 1.110E-18 1.102E-18 1.153E-18 1.150E-18 1.108E-18 1.122E-18 1.117E-18 1.107E-18
 1.077E-18 1.180E-18 1.242E-18 1.131E-18 1.084E-18 1.140E-18 1.160E-18 1.164E-18 1.181E-18 1.131E-18
 1.093E-18 1.183E-18 1.170E-18 1.105E-18 1.134E-18 1.212E-18 1.208E-18 1.145E-18 1.173E-18 1.238E-18
 1.236E-18 1.183E-18 1.196E-18 1.249E-18 1.342E-18 1.266E-18 1.140E-18 1.143E-18 1.194E-18 1.217E-18
 1.243E-18 1.255E-18 1.234E-18 1.202E-18 1.247E-18 1.280E-18 1.338E-18 1.285E-18 1.152E-18 1.157E-18
 1.195E-18 1.220E-18 1.281E-18 1.280E-18 1.193E-18 1.213E-18 1.229E-18 1.290E-18 1.339E-18 1.288E-18
 1.325E-18 1.301E-18 1.212E-18 1.266E-18 1.313E-18 1.237E-18 1.192E-18 1.228E-18 1.297E-18 1.304E-18
 1.249E-18 1.221E-18 1.279E-18 1.364E-18 1.325E-18 1.280E-18 1.236E-18 1.232E-18 1.313E-18 1.336E-18
 1.335E-18 1.304E-18 1.300E-18 1.290E-18 1.324E-18 1.392E-18 1.356E-18 1.316E-18 1.312E-18 1.304E-18
 1.375E-18 1.339E-18 1.286E-18 1.285E-18 1.340E-18 1.361E-18 1.350E-18 1.399E-18 1.408E-18 1.406E-18
 1.347E-18 1.340E-18 1.326E-18 1.301E-18 1.326E-18 1.322E-18 1.263E-18 1.276E-18 1.404E-18 1.422E-18
 1.431E-18 1.487E-18 1.525E-18 1.401E-18 1.262E-18 1.342E-18 1.383E-18 1.350E-18 1.286E-18 1.345E-18
 1.404E-18 1.411E-18 1.456E-18 1.503E-18 1.515E-18 1.378E-18 1.337E-18 1.422E-18 1.458E-18 1.380E-18
 1.303E-18 1.413E-18 1.459E-18 1.362E-18 1.377E-18 1.477E-18 1.532E-18 1.427E-18 1.389E-18 1.413E-18
 1.399E-18 1.334E-18 1.323E-18 1.400E-18 1.398E-18 1.323E-18 1.429E-18 1.590E-18 1.508E-18 1.421E-18
 1.471E-18 1.548E-18 1.491E-18 1.375E-18 1.356E-18 1.430E-18 1.372E-18 1.394E-18 1.514E-18 1.510E-18
 1.414E-18 1.442E-18 1.553E-18 1.574E-18 1.477E-18 1.431E-18 1.460E-18 1.400E-18 1.333E-18 1.452E-18
 1.588E-18 1.599E-18 1.485E-18 1.491E-18 1.565E-18 1.521E-18 1.499E-18 1.542E-18 1.495E-18 1.348E-18
 1.346E-18 1.419E-18 1.446E-18 1.489E-18 1.530E-18 1.564E-18 1.436E-18 1.442E-18 1.527E-18 1.492E-18
 1.408E-18 1.394E-18 1.435E-18 1.416E-18 1.446E-18 1.463E-18 1.485E-18 1.459E-18 1.471E-18 1.631E-18
 1.643E-18 1.510E-18 1.499E-18 1.528E-18 1.440E-18 1.374E-18 1.489E-18 1.584E-18 1.466E-18 1.313E-18
 1.463E-18 1.663E-18 1.598E-18 1.444E-18 1.458E-18 1.535E-18 1.487E-18 1.453E-18 1.533E-18 1.504E-18
 1.329E-18 1.342E-18 1.656E-18 1.707E-18 1.568E-18 1.492E-18 1.646E-18 1.663E-18 1.448E-18 1.475E-18
 1.585E-18 1.491E-18 1.301E-18 1.382E-18 1.688E-18 1.580E-18 1.328E-18 1.433E-18 1.683E-18 1.629E-18
 1.382E-18 1.421E-18 1.576E-18 1.489E-18 1.325E-18 1.478E-18 1.629E-18 1.417E-18 1.283E-18 1.599E-18
 1.740E-18 1.407E-18 1.343E-18 1.710E-18 1.671E-18 1.264E-18 1.324E-18 1.696E-18 1.639E-18 1.293E-18
 1.405E-18 1.835E-18 1.715E-18 1.355E-18 1.526E-18 1.769E-18 1.471E-18 1.259E-18 1.555E-18 1.688E-18
 1.387E-18 1.317E-18 1.703E-18 1.776E-18 1.392E-18 1.450E-18 1.853E-18 1.712E-18 1.340E-18 1.402E-18
 1.627E-18 1.548E-18 1.365E-18 1.489E-18 1.663E-18 1.499E-18 1.381E-18 1.623E-18 1.777E-18 1.559E-18
 1.482E-18 1.643E-18 1.612E-18 1.400E-18 1.432E-18 1.634E-18 1.560E-18 1.375E-18 1.515E-18 1.773E-18
 1.639E-18 1.487E-18 1.551E-18 1.596E-18 1.507E-18 1.438E-18 1.522E-18 1.534E-18 1.386E-18 1.334E-18
 1.463E-18 1.615E-18 1.481E-18 1.385E-18 1.499E-18 1.567E-18 1.531E-18 1.499E-18 1.494E-18 1.440E-18
 1.446E-18 1.433E-18 1.428E-18 1.433E-18 1.477E-18 1.492E-18 1.588E-18 1.676E-18 1.567E-18 1.545E-18
 1.578E-18 1.614E-18 1.479E-18 1.353E-18 1.416E-18 1.566E-18 1.549E-18 1.434E-18 1.540E-18 1.596E-18
 1.487E-18 1.407E-18 1.500E-18 1.502E-18 1.362E-18 1.338E-18 1.479E-18 1.503E-18 1.309E-18 1.405E-18
 1.580E-18 1.497E-18 1.421E-18 1.605E-18 1.656E-18 1.383E-18 1.238E-18 1.449E-18 1.551E-18 1.248E-18
 1.185E-18 1.473E-18 1.479E-18 1.275E-18 1.460E-18 1.642E-18 1.445E-18 1.320E-18 1.468E-18 1.533E-18
 1.239E-18 1.149E-18 1.461E-18 1.554E-18 1.354E-18 1.411E-18 1.688E-18 1.618E-18 1.292E-18 1.346E-18
 1.610E-18 1.399E-18 1.143E-18 1.356E-18 1.530E-18 1.300E-18 1.288E-18 1.597E-18 1.607E-18 1.391E-18
 1.501E-18 1.684E-18 1.442E-18 1.206E-18 1.368E-18 1.426E-18 1.279E-18 1.177E-18 1.402E-18 1.547E-18
 1.446E-18 1.440E-18 1.549E-18 1.511E-18 1.362E-18 1.384E-18 1.353E-18 1.298E-18 1.376E-18 1.624E-18
 1.651E-18 1.461E-18 1.413E-18 1.511E-18 1.495E-18 1.441E-18 1.384E-18 1.367E-18 1.464E-18 1.549E-18
 1.586E-18 1.580E-18 1.535E-18 1.525E-18 1.560E-18 1.611E-18 1.630E-18 1.463E-18 1.448E-18 1.477E-18
 1.441E-18 1.442E-18 1.472E-18 1.502E-18 1.477E-18 1.438E-18 1.640E-18 1.745E-18 1.465E-18 1.325E-18
 1.419E-18 1.562E-18 1.520E-18 1.455E-18 1.566E-18 1.655E-18 1.568E-18 1.619E-18 1.745E-18 1.666E-18
 1.472E-18 1.516E-18 1.620E-18 1.537E-18 1.507E-18 1.759E-18 1.818E-18 1.478E-18 1.389E-18 1.482E-18
 1.314E-18 1.170E-18 1.363E-18 1.378E-18 1.146E-18 1.128E-18 1.341E-18 1.400E-18 1.247E-18 1.300E-18
 1.423E-18 1.232E-18 1.124E-18 1.435E-18 1.489E-18 1.140E-18 1.048E-18 1.270E-18 1.386E-18 1.315E-18
 1.360E-18 1.436E-18 1.264E-18 1.133E-18 1.280E-18 1.352E-18 1.133E-18 1.071E-18 1.263E-18 1.215E-18
 1.220E-18 1.414E-18 1.512E-18 1.377E-18 1.246E-18 1.295E-18 1.260E-18 1.165E-18 1.202E-18 1.335E-18
 1.316E-18 1.252E-18 1.395E-18 1.556E-18 1.465E-18 1.399E-18 1.442E-18 1.261E-18 1.057E-18 1.165E-18
 1.379E-18 1.389E-18 1.319E-18 1.389E-18 1.559E-18 1.580E-18 1.535E-18 1.455E-18 1.300E-18 1.222E-18
 1.196E-18 1.301E-18 1.433E-18 1.367E-18 1.360E-18 1.535E-18 1.584E-18 1.605E-18 1.655E-18 1.610E-18
 1.458E-18 1.365E-18 1.472E-18 1.544E-18 1.492E-18 1.510E-18 1.665E-18 1.815E-18 1.895E-18 1.939E-18
 1.841E-18 1.686E-18 1.656E-18 1.732E-18 1.743E-18 1.762E-18 1.938E-18 2.156E-18 2.180E-18 2.136E-18
 2.191E-18 2.167E-18 2.009E-18 1.860E-18 1.798E-18 1.662E-18 1.482E-18 1.501E-18 1.750E-18 1.805E-18
 1.770E-18 1.886E-18 1.929E-18 1.778E-18 1.729E-18 1.739E-18 1.641E-18 1.585E-18 1.761E-18 2.021E-18
 2.036E-18 2.068E-18 2.261E-18 2.239E-18 2.160E-18 2.251E-18 2.322E-18 2.257E-18 2.310E-18 2.563E-18
 2.664E-18 2.756E-18 3.016E-18 3.215E-18 2.880E-18 2.337E-18 1.811E-18 1.473E-18 1.334E-18 1.353E-18
 1.421E-18 1.339E-18 1.134E-18 1.154E-18 1.354E-18 1.348E-18 1.268E-18 1.239E-18 1.137E-18 1.019E-18
 1.111E-18 1.245E-18 1.137E-18 1.073E-18 1.206E-18 1.328E-18 1.359E-18 1.325E-18 1.317E-18 1.260E-18
 1.152E-18 1.126E-18 1.170E-18 1.178E-18 1.187E-18 1.261E-18 1.323E-18 1.366E-18 1.434E-18 1.524E-18
 1.478E-18 1.392E-18 1.346E-18 1.280E-18 1.247E-18 1.292E-18 1.420E-18 1.448E-18 1.453E-18 1.577E-18
 1.691E-18 1.663E-18 1.671E-18 1.604E-18 1.499E-18 1.473E-18 1.645E-18 1.706E-18 1.630E-18 1.733E-18
 1.928E-18 2.022E-18 2.006E-18 1.965E-18 1.874E-18 1.731E-18 1.732E-18 1.744E-18 1.705E-18 1.774E-18
 1.921E-18 2.043E-18 2.120E-18 2.174E-18 2.202E-18 2.161E-18 2.012E-18 2.063E-18 2.215E-18 2.308E-18
 2.398E-18 2.472E-18 2.523E-18 2.581E-18 2.853E-18 3.069E-18 3.064E-18 3.031E-18 3.102E-18 3.120E-18
 3.176E-18 3.446E-18 3.679E-18 3.746E-18 3.720E-18 3.726E-18 3.863E-18 3.902E-18 3.815E-18 3.814E-18
 3.599E-18 3.184E-18 2.839E-18 2.439E-18 2.193E-18 2.231E-18 2.313E-18 2.487E-18 2.570E-18 2.464E-18
 2.408E-18 2.538E-18 2.710E-18 2.832E-18 2.935E-18 3.074E-18 3.221E-18 3.366E-18 3.501E-18 3.694E-18
 3.904E-18 4.015E-18 4.126E-18 4.476E-18 4.711E-18 5.037E-18 5.449E-18 5.726E-18 5.905E-18 6.259E-18
 6.387E-18 6.011E-18 5.439E-18 4.790E-18 4.045E-18 2.769E-18 1.678E-18 1.342E-18 1.303E-18 1.321E-18
 1.352E-18 1.376E-18 1.431E-18 1.433E-18 1.404E-18 1.367E-18 1.414E-18 1.437E-18 1.418E-18 1.426E-18
 1.457E-18 1.482E-18 1.523E-18 1.616E-18 1.647E-18 1.583E-18 1.548E-18 1.580E-18 1.599E-18 1.612E-18
 1.630E-18 1.617E-18 1.640E-18 1.714E-18 1.853E-18 1.882E-18 1.867E-18 1.973E-18 2.028E-18 2.017E-18
 2.024E-18 2.078E-18 2.173E-18 2.272E-18 2.339E-18 2.442E-18 2.493E-18 2.517E-18 2.627E-18 2.806E-18
 2.766E-18 2.718E-18 2.773E-18 2.850E-18 2.919E-18 3.034E-18 3.115E-18 3.109E-18 3.192E-18 3.335E-18
 3.404E-18 3.358E-18 3.378E-18 3.384E-18 3.186E-18 2.983E-18 3.004E-18 3.142E-18 3.203E-18 3.281E-18
 3.387E-18 3.387E-18 3.535E-18 3.723E-18 3.800E-18 3.907E-18 4.171E-18 4.277E-18 4.351E-18 4.509E-18
 4.714E-18 4.882E-18 5.154E-18 5.337E-18 5.349E-18 5.387E-18 5.476E-18 5.516E-18 5.600E-18 5.555E-18
 5.548E-18 5.606E-18 5.709E-18 5.921E-18 5.906E-18 5.649E-18 5.476E-18 5.333E-18 4.957E-18 4.358E-18
 3.383E-18 2.053E-18 1.019E-18 7.411E-19 7.900E-19 7.591E-19 8.029E-19 8.576E-19 7.749E-19 7.230E-19
 7.634E-19 7.661E-19 8.078E-19 7.979E-19 8.458E-19 9.027E-19 8.770E-19 8.516E-19 7.998E-19 7.592E-19
 7.350E-19 7.904E-19 9.265E-19 1.015E-18 9.587E-19 9.938E-19 9.715E-19 9.110E-19 8.316E-19 7.744E-19
 8.454E-19 9.252E-19 9.657E-19 9.701E-19 9.429E-19 1.020E-18 1.109E-18 1.001E-18 8.900E-19 8.883E-19
 9.276E-19 9.476E-19 9.084E-19 9.920E-19 1.148E-18 1.138E-18 1.074E-18 1.034E-18 9.584E-19 9.489E-19
 9.810E-19 9.484E-19 9.465E-19 1.080E-18 1.264E-18 1.126E-18 1.012E-18 1.176E-18 1.199E-18 1.042E-18
 9.297E-19 9.557E-19 1.027E-18 1.116E-18 1.265E-18 1.238E-18 1.159E-18 1.327E-18 1.384E-18 1.161E-18
 1.015E-18 1.083E-18 1.173E-18 1.162E-18 1.181E-18 1.314E-18 1.297E-18 1.419E-18 1.432E-18 1.219E-18
 1.115E-18 1.149E-18 1.197E-18 1.157E-18 1.267E-18 1.510E-18 1.517E-18 1.392E-18 1.425E-18 1.401E-18
 1.265E-18 1.176E-18 1.159E-18 1.205E-18 1.245E-18 1.505E-18 1.583E-18 1.375E-18 1.271E-18 1.388E-18
 1.383E-18 1.193E-18 1.156E-18 1.138E-18 1.177E-18 1.399E-18 1.525E-18 1.308E-18 1.195E-18 1.267E-18
 1.360E-18 1.177E-18 1.008E-18 1.105E-18 1.143E-18 1.147E-18 1.332E-18 1.363E-18 1.182E-18 1.032E-18
 1.122E-18 1.265E-18 1.242E-18 1.107E-18 1.018E-18 1.070E-18 1.370E-18 1.512E-18 1.167E-18 9.880E-19
 1.184E-18 1.442E-18 1.381E-18 1.080E-18 1.045E-18 1.195E-18 1.448E-18 1.479E-18 1.234E-18 1.191E-18
 1.293E-18 1.328E-18 1.357E-18 1.354E-18 1.340E-18 1.289E-18 1.351E-18 1.508E-18 1.398E-18 1.339E-18
 1.265E-18 1.191E-18 1.281E-18 1.680E-18 1.551E-18 1.138E-18 1.324E-18 1.734E-18 1.716E-18 1.493E-18
 1.208E-18 1.169E-18 1.417E-18 1.646E-18 1.575E-18 1.193E-18 1.378E-18 1.873E-18 1.776E-18 1.328E-18
 1.210E-18 1.346E-18 1.483E-18 1.476E-18 1.552E-18 1.659E-18 1.753E-18 1.825E-18 1.534E-18 1.349E-18
 1.501E-18 1.518E-18 1.432E-18 1.367E-18 1.637E-18 1.906E-18 1.888E-18 1.874E-18 1.800E-18 1.641E-18
 1.541E-18 1.522E-18 1.603E-18 1.633E-18 1.515E-18 1.784E-18 2.210E-18 2.208E-18 1.823E-18 1.555E-18
 1.558E-18 1.648E-18 1.611E-18 1.448E-18 1.522E-18 1.780E-18 2.219E-18 2.130E-18 1.672E-18 1.527E-18
 1.570E-18 1.326E-18 1.246E-18 1.340E-18 1.543E-18 1.567E-18 1.848E-18 2.233E-18 1.998E-18 1.623E-18
 1.194E-18 1.089E-18 1.452E-18 1.728E-18 1.433E-18 1.230E-18 1.637E-18 2.501E-18 2.205E-18 1.441E-18
 1.188E-18 1.353E-18 1.620E-18 1.635E-18 1.416E-18 1.455E-18 1.870E-18 2.252E-18 2.160E-18 1.579E-18
 1.454E-18 1.372E-18 1.415E-18 1.632E-18 1.723E-18 1.581E-18 1.619E-18 1.971E-18 2.224E-18 1.802E-18
 1.267E-18 1.297E-18 1.678E-18 1.741E-18 1.467E-18 1.494E-18 1.860E-18 1.965E-18 1.858E-18 1.833E-18
 1.738E-18 1.686E-18 1.382E-18 1.402E-18 1.674E-18 1.914E-18 1.783E-18 1.512E-18 1.827E-18 2.348E-18
 1.945E-18 1.336E-18 1.331E-18 1.802E-18 1.816E-18 1.603E-18 1.701E-18 1.868E-18 2.097E-18 2.064E-18
 1.682E-18 1.615E-18 1.781E-18 1.662E-18 1.489E-18 1.705E-18 2.166E-18 1.904E-18 1.501E-18 1.832E-18
 2.258E-18 1.961E-18 1.485E-18 1.378E-18 1.648E-18 2.078E-18 1.906E-18 1.507E-18 1.527E-18 2.157E-18
 2.334E-18 1.843E-18 1.530E-18 1.640E-18 1.811E-18 1.829E-18 1.768E-18 1.742E-18 1.655E-18 1.872E-18
 2.242E-18 2.005E-18 1.671E-18 1.577E-18 1.917E-18 2.106E-18 1.812E-18 1.627E-18 1.713E-18 1.880E-18
 2.132E-18 1.977E-18 1.841E-18 1.936E-18 2.074E-18 1.818E-18 1.703E-18 1.775E-18 1.580E-18 1.629E-18
 2.043E-18 2.161E-18 2.032E-18 2.015E-18 1.984E-18 1.917E-18 1.869E-18 1.609E-18 1.440E-18 1.683E-18
 2.179E-18 2.286E-18 2.010E-18 1.993E-18 2.104E-18 1.947E-18 1.609E-18 1.435E-18 1.485E-18 1.718E-18
 2.100E-18 2.154E-18 2.220E-18 2.384E-18 2.176E-18 1.739E-18 1.544E-18 1.666E-18 1.742E-18 1.620E-18
 1.860E-18 2.239E-18 2.515E-18 2.324E-18 1.913E-18 1.776E-18 1.820E-18 1.811E-18 1.413E-18 1.273E-18
 1.837E-18 2.518E-18 2.438E-18 2.178E-18 1.983E-18 1.967E-18 1.709E-18 1.343E-18 1.263E-18 1.585E-18
 2.142E-18 2.581E-18 2.342E-18 2.189E-18 2.191E-18 1.752E-18 1.418E-18 1.428E-18 1.610E-18 1.570E-18
 1.993E-18 2.533E-18 2.473E-18 2.293E-18 1.865E-18 1.503E-18 1.615E-18 1.675E-18 1.412E-18 1.449E-18
 2.223E-18 2.932E-18 2.542E-18 2.113E-18 1.866E-18 1.841E-18 1.799E-18 1.354E-18 1.196E-18 1.767E-18
 2.581E-18 2.623E-18 2.162E-18 2.096E-18 2.208E-18 1.724E-18 1.223E-18 1.252E-18 1.930E-18 2.214E-18
 2.113E-18 2.296E-18 2.339E-18 2.177E-18 1.638E-18 1.412E-18 1.581E-18 1.986E-18 1.809E-18 1.607E-18
 2.137E-18 2.647E-18 2.179E-18 1.651E-18 1.521E-18 1.825E-18 1.965E-18 1.521E-18 1.331E-18 1.975E-18
 2.639E-18 2.133E-18 1.748E-18 1.935E-18 1.997E-18 1.511E-18 1.400E-18 1.606E-18 1.934E-18 1.903E-18
 2.012E-18 2.075E-18 2.240E-18 1.890E-18 1.389E-18 1.487E-18 1.836E-18 1.882E-18 1.578E-18 1.842E-18
 2.382E-18 2.342E-18 1.795E-18 1.538E-18 1.692E-18 1.947E-18 1.613E-18 1.388E-18 1.536E-18 2.177E-18
 2.099E-18 1.633E-18 1.723E-18 2.074E-18 1.858E-18 1.397E-18 1.349E-18 1.735E-18 1.863E-18 1.805E-18
 1.892E-18 2.048E-18 2.119E-18 1.660E-18 1.439E-18 1.606E-18 1.780E-18 1.507E-18 1.553E-18 1.996E-18
 2.194E-18 1.896E-18 1.639E-18 1.610E-18 1.868E-18 1.724E-18 1.345E-18 1.312E-18 1.892E-18 2.173E-18
 1.982E-18 1.968E-18 2.034E-18 1.833E-18 1.524E-18 1.335E-18 1.461E-18 1.668E-18 1.730E-18 1.989E-18
 2.251E-18 2.162E-18 1.526E-18 1.224E-18 1.437E-18 1.627E-18 1.381E-18 1.438E-18 2.116E-18 2.361E-18
 1.896E-18 1.581E-18 1.500E-18 1.592E-18 1.451E-18 1.307E-18 1.447E-18 1.881E-18 2.148E-18 1.912E-18
 1.712E-18 1.716E-18 1.528E-18 1.267E-18 1.274E-18 1.449E-18 1.648E-18 1.847E-18 1.985E-18 1.910E-18
 1.765E-18 1.490E-18 1.384E-18 1.380E-18 1.387E-18 1.392E-18 1.673E-18 2.030E-18 1.975E-18 1.679E-18
 1.520E-18 1.440E-18 1.364E-18 1.263E-18 1.400E-18 1.550E-18 1.715E-18 1.727E-18 1.633E-18 1.553E-18
 1.474E-18 1.377E-18 1.323E-18 1.520E-18 1.466E-18 1.488E-18 1.780E-18 1.757E-18 1.571E-18 1.518E-18
 1.447E-18 1.366E-18 1.310E-18 1.353E-18 1.351E-18 1.581E-18 1.628E-18 1.495E-18 1.505E-18 1.542E-18
 1.433E-18 1.386E-18 1.307E-18 1.220E-18 1.309E-18 1.632E-18 1.684E-18 1.475E-18 1.337E-18 1.484E-18
 1.470E-18 1.319E-18 1.177E-18 1.215E-18 1.513E-18 1.559E-18 1.337E-18 1.346E-18 1.582E-18 1.498E-18
 1.228E-18 1.176E-18 1.250E-18 1.311E-18 1.398E-18 1.515E-18 1.556E-18 1.449E-18 1.224E-18 1.122E-18
 1.176E-18 1.127E-18 1.159E-18 1.509E-18 1.649E-18 1.367E-18 1.252E-18 1.245E-18 1.210E-18 1.096E-18
 1.018E-18 1.127E-18 1.456E-18 1.538E-18 1.276E-18 1.123E-18 1.200E-18 1.121E-18 1.060E-18 1.027E-18
 1.131E-18 1.252E-18 1.285E-18 1.253E-18 1.291E-18 1.360E-18 1.159E-18 1.019E-18 1.034E-18 1.055E-18
 1.090E-18 1.224E-18 1.389E-18 1.261E-18 1.102E-18 9.707E-19 9.947E-19 1.041E-18 1.022E-18 1.038E-18
 1.206E-18 1.398E-18 1.242E-18 1.020E-18 1.045E-18 1.065E-18 9.808E-19 9.707E-19 1.072E-18 1.191E-18
 1.182E-18 1.108E-18 1.066E-18 1.045E-18 9.706E-19 8.957E-19 9.316E-19 1.073E-18 1.057E-18 1.034E-18
 1.084E-18 1.087E-18 1.063E-18 9.860E-19 9.699E-19 1.001E-18 9.091E-19 8.895E-19 1.045E-18 1.163E-18
 1.063E-18 9.988E-19 9.873E-19 8.965E-19 8.006E-19 8.144E-19 9.248E-19 1.049E-18 1.057E-18 9.679E-19
 9.373E-19 9.534E-19 9.104E-19 8.797E-19 8.463E-19 7.910E-19 7.935E-19 9.466E-19 1.045E-18 9.392E-19
 8.461E-19 8.186E-19 8.074E-19 7.316E-19 7.195E-19 7.922E-19 9.002E-19 9.685E-19 9.208E-19 8.876E-19
 8.311E-19 8.119E-19 7.804E-19 7.780E-19 7.953E-19 7.901E-19 8.441E-19 8.755E-19 8.917E-19 8.388E-19
 7.760E-19 7.507E-19 7.370E-19 7.473E-19 7.781E-19 8.314E-19 8.497E-19 8.279E-19 8.041E-19 7.437E-19
 7.158E-19 7.301E-19 7.184E-19 7.027E-19 7.531E-19 7.714E-19 7.864E-19 7.752E-19 7.021E-19 7.230E-19
 7.273E-19 6.592E-19 6.372E-19 7.140E-19 7.884E-19 7.744E-19 7.115E-19 6.466E-19 6.612E-19 6.320E-19
 5.804E-19 6.324E-19 6.747E-19 7.153E-19 7.052E-19 6.629E-19 6.883E-19 7.118E-19 6.298E-19 5.715E-19
 5.857E-19 6.085E-19 6.931E-19 7.536E-19 6.955E-19 6.284E-19 6.031E-19 6.017E-19 6.080E-19 6.079E-19
 6.037E-19 6.583E-19 6.677E-19 6.274E-19 6.109E-19 6.127E-19 5.885E-19 5.466E-19 5.122E-19 5.021E-19
 5.602E-19 6.027E-19 5.824E-19 5.648E-19 5.637E-19 5.440E-19 5.455E-19 5.775E-19 5.377E-19 5.161E-19
 5.540E-19 5.380E-19 5.225E-19 5.214E-19 5.259E-19 5.194E-19 4.917E-19 4.696E-19 4.920E-19 5.218E-19
 5.103E-19 4.725E-19 4.370E-19 4.447E-19 4.459E-19 4.583E-19 4.669E-19 4.803E-19 5.023E-19 5.146E-19
 5.116E-19 4.762E-19 4.481E-19 4.797E-19 4.897E-19 4.754E-19 4.483E-19 4.765E-19 5.044E-19 4.497E-19
 4.492E-19 4.301E-19 4.102E-19 3.997E-19 4.130E-19 4.283E-19 4.311E-19 4.228E-19 4.284E-19 4.428E-19
 4.288E-19 4.050E-19 4.301E-19 4.171E-19 4.072E-19 4.076E-19 4.358E-19 4.487E-19 4.229E-19 4.113E-19
 3.919E-19 3.802E-19 3.725E-19 3.728E-19 3.982E-19 4.163E-19 3.739E-19 3.484E-19 3.807E-19 3.641E-19
 3.554E-19 3.613E-19 3.309E-19 3.231E-19 3.153E-19 3.022E-19 2.923E-19 2.871E-19 3.013E-19 3.168E-19
 3.190E-19 2.870E-19 2.731E-19 2.989E-19 3.058E-19 2.943E-19 3.035E-19 3.306E-19 3.400E-19 3.092E-19
 3.065E-19 3.253E-19 3.603E-19 3.280E-19 2.925E-19 2.780E-19 2.588E-19 2.752E-19 2.739E-19 2.653E-19
 2.693E-19 2.916E-19 3.123E-19 3.118E-19 2.944E-19 2.789E-19 2.683E-19 2.420E-19 2.456E-19 2.599E-19
 2.396E-19 2.599E-19 2.597E-19 2.584E-19 2.639E-19 2.544E-19 2.469E-19 2.628E-19 2.605E-19 2.264E-19
 2.011E-19 2.065E-19 2.081E-19 2.290E-19 2.300E-19 2.413E-19 2.445E-19 2.329E-19 2.140E-19 2.114E-19
 2.209E-19 1.950E-19 1.926E-19 2.097E-19 2.314E-19 2.570E-19 2.430E-19 2.300E-19 2.046E-19 2.102E-19
 2.310E-19 2.028E-19 1.965E-19 2.175E-19 2.219E-19 2.068E-19 2.138E-19 2.248E-19 0.000E+00 0.000E+00
