    CCl2F2  867.0130  936.9870      4718  293.0000    0.0000 4.763E-18  NCAR    CFC-12              
 1.377E-19 1.550E-19 1.721E-19 1.723E-19 1.340E-19 1.098E-19 1.116E-19 1.286E-19 1.361E-19 1.258E-19
 1.281E-19 1.175E-19 1.074E-19 1.136E-19 9.744E-20 9.022E-20 1.371E-19 1.583E-19 1.441E-19 1.067E-19
 1.068E-19 1.312E-19 1.274E-19 1.078E-19 1.164E-19 1.454E-19 1.642E-19 1.890E-19 1.822E-19 1.415E-19
 1.212E-19 1.259E-19 1.262E-19 1.303E-19 1.481E-19 1.544E-19 1.525E-19 1.505E-19 1.324E-19 1.252E-19
 1.263E-19 1.191E-19 1.477E-19 1.715E-19 1.750E-19 1.737E-19 1.357E-19 1.118E-19 1.283E-19 1.237E-19
 9.301E-20 9.298E-20 1.310E-19 1.507E-19 1.648E-19 1.641E-19 1.243E-19 1.169E-19 1.568E-19 1.485E-19
 1.051E-19 1.194E-19 1.465E-19 1.396E-19 1.206E-19 1.269E-19 1.327E-19 1.466E-19 1.430E-19 1.309E-19
 1.549E-19 1.529E-19 1.486E-19 1.888E-19 2.113E-19 1.763E-19 1.355E-19 1.505E-19 1.792E-19 1.576E-19
 1.395E-19 1.544E-19 1.840E-19 1.862E-19 1.520E-19 1.251E-19 1.251E-19 1.245E-19 1.029E-19 1.134E-19
 1.518E-19 1.835E-19 1.872E-19 1.843E-19 1.526E-19 1.188E-19 1.432E-19 1.664E-19 1.439E-19 1.425E-19
 1.682E-19 1.627E-19 1.434E-19 1.249E-19 1.234E-19 1.470E-19 1.502E-19 1.436E-19 1.466E-19 1.690E-19
 1.933E-19 1.971E-19 1.833E-19 1.974E-19 2.096E-19 2.087E-19 1.879E-19 1.764E-19 1.960E-19 2.048E-19
 1.978E-19 1.795E-19 1.504E-19 1.397E-19 1.375E-19 1.239E-19 1.344E-19 1.498E-19 1.896E-19 1.992E-19
 1.677E-19 1.592E-19 1.775E-19 1.694E-19 1.709E-19 1.989E-19 2.205E-19 2.139E-19 2.042E-19 2.024E-19
 1.562E-19 1.284E-19 1.473E-19 1.447E-19 1.525E-19 1.555E-19 1.374E-19 1.495E-19 1.609E-19 1.472E-19
 1.373E-19 1.483E-19 1.835E-19 1.870E-19 1.666E-19 1.472E-19 1.443E-19 1.669E-19 1.534E-19 1.529E-19
 1.611E-19 1.595E-19 1.695E-19 1.446E-19 1.547E-19 1.774E-19 1.847E-19 1.798E-19 1.778E-19 1.736E-19
 1.591E-19 1.643E-19 1.599E-19 1.731E-19 1.875E-19 1.836E-19 1.693E-19 1.554E-19 1.663E-19 1.782E-19
 1.905E-19 1.979E-19 1.873E-19 1.817E-19 1.880E-19 1.954E-19 1.997E-19 1.922E-19 1.611E-19 1.456E-19
 1.676E-19 1.744E-19 1.981E-19 2.366E-19 2.010E-19 1.605E-19 1.861E-19 2.278E-19 2.083E-19 1.967E-19
 2.148E-19 2.031E-19 1.896E-19 1.905E-19 1.869E-19 1.647E-19 1.659E-19 1.559E-19 1.665E-19 1.943E-19
 1.669E-19 1.657E-19 2.090E-19 2.156E-19 1.847E-19 1.806E-19 1.837E-19 1.799E-19 2.111E-19 2.235E-19
 2.005E-19 1.880E-19 1.675E-19 1.701E-19 1.794E-19 1.790E-19 1.777E-19 1.710E-19 1.840E-19 2.051E-19
 2.019E-19 1.971E-19 1.939E-19 1.763E-19 1.686E-19 1.985E-19 2.368E-19 2.300E-19 2.137E-19 2.202E-19
 1.995E-19 1.933E-19 1.827E-19 1.498E-19 1.614E-19 2.068E-19 2.138E-19 1.972E-19 1.969E-19 1.931E-19
 1.927E-19 2.004E-19 1.768E-19 1.648E-19 1.753E-19 1.811E-19 2.005E-19 2.082E-19 1.918E-19 1.920E-19
 1.892E-19 1.602E-19 1.445E-19 1.390E-19 1.485E-19 1.738E-19 1.818E-19 2.029E-19 2.175E-19 2.019E-19
 1.941E-19 1.704E-19 1.742E-19 2.239E-19 2.468E-19 2.249E-19 2.232E-19 2.131E-19 2.111E-19 2.072E-19
 1.957E-19 1.919E-19 1.963E-19 2.164E-19 2.272E-19 2.061E-19 2.094E-19 1.967E-19 1.876E-19 1.771E-19
 1.710E-19 2.013E-19 2.211E-19 1.949E-19 1.476E-19 1.769E-19 2.208E-19 2.028E-19 2.008E-19 2.135E-19
 1.808E-19 1.844E-19 2.059E-19 2.049E-19 1.940E-19 2.242E-19 2.333E-19 2.134E-19 2.097E-19 2.270E-19
 2.233E-19 1.865E-19 1.827E-19 1.961E-19 2.085E-19 2.267E-19 2.265E-19 2.173E-19 2.017E-19 1.912E-19
 1.869E-19 1.907E-19 1.970E-19 1.923E-19 2.196E-19 2.321E-19 2.219E-19 2.331E-19 2.517E-19 2.421E-19
 1.953E-19 1.927E-19 2.447E-19 2.348E-19 2.141E-19 2.258E-19 2.174E-19 2.359E-19 2.411E-19 2.251E-19
 2.205E-19 2.052E-19 1.778E-19 2.096E-19 2.303E-19 2.253E-19 2.150E-19 2.418E-19 2.884E-19 2.780E-19
 2.754E-19 2.553E-19 2.328E-19 2.230E-19 2.206E-19 2.301E-19 2.611E-19 2.601E-19 2.149E-19 2.119E-19
 2.540E-19 2.529E-19 2.464E-19 2.400E-19 1.906E-19 1.899E-19 1.988E-19 2.091E-19 2.305E-19 2.036E-19
 2.266E-19 2.435E-19 2.411E-19 2.448E-19 2.416E-19 2.374E-19 2.265E-19 2.315E-19 2.430E-19 2.467E-19
 2.411E-19 2.304E-19 2.375E-19 2.686E-19 2.832E-19 2.537E-19 2.406E-19 2.345E-19 2.549E-19 2.737E-19
 2.565E-19 1.911E-19 1.639E-19 2.128E-19 2.418E-19 2.398E-19 2.480E-19 2.497E-19 2.413E-19 2.335E-19
 2.232E-19 2.310E-19 2.180E-19 2.031E-19 2.203E-19 2.168E-19 2.168E-19 2.155E-19 1.990E-19 2.100E-19
 2.252E-19 2.465E-19 2.301E-19 2.491E-19 2.661E-19 2.315E-19 2.377E-19 2.409E-19 2.196E-19 2.411E-19
 2.393E-19 2.308E-19 2.491E-19 2.496E-19 2.408E-19 2.271E-19 2.291E-19 2.453E-19 2.336E-19 2.151E-19
 2.278E-19 2.478E-19 2.705E-19 2.722E-19 2.487E-19 2.378E-19 1.999E-19 1.882E-19 2.363E-19 2.941E-19
 2.903E-19 2.730E-19 2.781E-19 2.746E-19 2.586E-19 2.576E-19 2.759E-19 2.725E-19 2.696E-19 3.023E-19
 2.893E-19 2.728E-19 2.696E-19 2.718E-19 2.479E-19 2.539E-19 2.716E-19 2.578E-19 2.576E-19 2.715E-19
 2.636E-19 2.553E-19 2.624E-19 2.527E-19 2.186E-19 2.315E-19 2.803E-19 2.477E-19 2.265E-19 2.221E-19
 2.165E-19 2.031E-19 2.021E-19 2.253E-19 2.515E-19 2.618E-19 2.952E-19 2.932E-19 2.525E-19 2.344E-19
 2.552E-19 2.483E-19 2.426E-19 2.529E-19 2.412E-19 2.219E-19 2.367E-19 2.563E-19 2.840E-19 3.164E-19
 2.946E-19 2.557E-19 2.446E-19 2.432E-19 2.567E-19 3.002E-19 3.315E-19 3.001E-19 2.654E-19 3.018E-19
 2.903E-19 2.518E-19 2.614E-19 2.562E-19 2.454E-19 2.651E-19 2.719E-19 2.662E-19 2.717E-19 2.538E-19
 2.385E-19 2.519E-19 2.788E-19 2.886E-19 2.950E-19 2.910E-19 2.817E-19 2.690E-19 2.627E-19 2.656E-19
 2.748E-19 2.791E-19 2.693E-19 2.772E-19 2.921E-19 2.494E-19 2.361E-19 2.875E-19 2.950E-19 2.673E-19
 2.750E-19 2.926E-19 3.001E-19 3.148E-19 2.925E-19 2.891E-19 2.668E-19 2.717E-19 2.904E-19 2.655E-19
 2.475E-19 2.550E-19 2.634E-19 2.716E-19 2.881E-19 2.679E-19 2.361E-19 2.210E-19 2.540E-19 2.907E-19
 2.992E-19 3.013E-19 3.150E-19 3.050E-19 2.865E-19 3.007E-19 2.941E-19 2.924E-19 3.318E-19 3.565E-19
 3.323E-19 3.235E-19 3.159E-19 2.951E-19 2.996E-19 2.961E-19 2.608E-19 2.608E-19 2.964E-19 3.241E-19
 3.209E-19 2.813E-19 2.676E-19 2.832E-19 3.057E-19 3.094E-19 2.843E-19 2.848E-19 3.014E-19 3.227E-19
 3.133E-19 3.251E-19 3.135E-19 2.795E-19 2.656E-19 2.725E-19 2.821E-19 2.655E-19 2.863E-19 3.151E-19
 3.095E-19 2.996E-19 2.827E-19 2.736E-19 2.796E-19 3.159E-19 3.250E-19 2.958E-19 2.815E-19 2.961E-19
 3.139E-19 3.228E-19 3.328E-19 3.172E-19 3.389E-19 3.736E-19 3.649E-19 3.333E-19 3.465E-19 3.553E-19
 3.017E-19 2.734E-19 3.163E-19 3.434E-19 3.201E-19 2.906E-19 3.067E-19 3.380E-19 3.384E-19 3.243E-19
 3.311E-19 3.264E-19 3.307E-19 3.208E-19 2.945E-19 2.920E-19 3.055E-19 2.961E-19 2.832E-19 2.909E-19
 2.833E-19 2.748E-19 3.131E-19 3.390E-19 3.182E-19 3.229E-19 3.331E-19 3.057E-19 2.876E-19 3.024E-19
 2.973E-19 2.799E-19 2.928E-19 3.465E-19 3.531E-19 3.387E-19 3.447E-19 3.433E-19 3.419E-19 3.243E-19
 3.047E-19 3.036E-19 3.302E-19 3.587E-19 3.674E-19 3.475E-19 3.420E-19 3.308E-19 3.147E-19 3.347E-19
 3.482E-19 3.487E-19 3.389E-19 3.737E-19 3.831E-19 3.769E-19 3.616E-19 3.548E-19 3.469E-19 3.294E-19
 3.370E-19 3.498E-19 3.812E-19 3.866E-19 3.455E-19 3.186E-19 3.219E-19 3.357E-19 3.774E-19 4.012E-19
 3.704E-19 3.703E-19 3.672E-19 3.383E-19 3.565E-19 3.452E-19 3.155E-19 3.333E-19 3.415E-19 3.422E-19
 3.425E-19 3.211E-19 3.368E-19 3.593E-19 3.634E-19 3.285E-19 3.005E-19 3.189E-19 3.509E-19 3.762E-19
 3.806E-19 3.725E-19 3.492E-19 3.271E-19 3.488E-19 3.391E-19 3.395E-19 3.680E-19 3.409E-19 3.189E-19
 3.420E-19 3.533E-19 3.395E-19 3.242E-19 3.373E-19 3.224E-19 2.916E-19 2.963E-19 3.332E-19 3.850E-19
 3.656E-19 3.524E-19 3.539E-19 3.383E-19 3.708E-19 3.780E-19 3.653E-19 3.818E-19 3.814E-19 3.343E-19
 2.960E-19 3.085E-19 3.382E-19 3.442E-19 3.475E-19 3.538E-19 3.458E-19 3.530E-19 3.723E-19 3.735E-19
 3.485E-19 3.365E-19 3.454E-19 3.527E-19 3.184E-19 3.079E-19 3.361E-19 3.197E-19 3.156E-19 3.556E-19
 3.557E-19 3.416E-19 3.370E-19 3.215E-19 3.525E-19 3.799E-19 3.803E-19 3.420E-19 2.859E-19 2.985E-19
 2.841E-19 3.089E-19 3.652E-19 3.754E-19 3.563E-19 3.386E-19 3.363E-19 3.613E-19 3.464E-19 3.256E-19
 3.077E-19 3.244E-19 3.527E-19 3.494E-19 3.482E-19 3.606E-19 3.467E-19 3.275E-19 3.141E-19 3.191E-19
 3.395E-19 3.214E-19 3.321E-19 3.361E-19 3.400E-19 3.313E-19 3.241E-19 3.541E-19 3.543E-19 3.245E-19
 3.257E-19 3.288E-19 3.375E-19 3.367E-19 3.626E-19 3.573E-19 3.423E-19 3.764E-19 4.055E-19 3.614E-19
 3.246E-19 3.416E-19 3.424E-19 3.220E-19 3.004E-19 2.789E-19 3.228E-19 3.580E-19 3.745E-19 3.940E-19
 3.827E-19 3.395E-19 3.216E-19 3.286E-19 3.154E-19 3.013E-19 3.135E-19 3.498E-19 3.433E-19 3.793E-19
 3.986E-19 3.682E-19 3.437E-19 3.275E-19 3.123E-19 3.147E-19 3.408E-19 3.523E-19 3.315E-19 3.318E-19
 3.438E-19 3.669E-19 3.918E-19 3.581E-19 3.328E-19 3.167E-19 3.335E-19 3.731E-19 3.570E-19 3.254E-19
 3.293E-19 3.498E-19 3.735E-19 3.544E-19 3.150E-19 3.243E-19 3.667E-19 3.987E-19 4.048E-19 3.638E-19
 3.117E-19 3.132E-19 3.318E-19 3.325E-19 3.033E-19 3.058E-19 3.192E-19 3.233E-19 3.294E-19 3.428E-19
 3.109E-19 2.751E-19 3.149E-19 3.613E-19 3.629E-19 3.380E-19 3.149E-19 3.392E-19 3.268E-19 3.047E-19
 3.492E-19 3.808E-19 3.798E-19 3.548E-19 3.334E-19 3.295E-19 3.343E-19 3.372E-19 3.371E-19 3.169E-19
 2.969E-19 3.026E-19 3.056E-19 3.096E-19 3.469E-19 3.519E-19 3.074E-19 3.432E-19 3.779E-19 3.539E-19
 3.325E-19 3.353E-19 3.250E-19 3.346E-19 3.375E-19 3.257E-19 3.389E-19 3.387E-19 3.235E-19 3.425E-19
 3.795E-19 3.580E-19 3.534E-19 3.707E-19 3.623E-19 3.419E-19 3.482E-19 3.422E-19 3.537E-19 3.657E-19
 3.516E-19 3.223E-19 3.602E-19 3.894E-19 3.844E-19 3.754E-19 3.507E-19 3.286E-19 3.376E-19 3.836E-19
 4.191E-19 3.782E-19 3.412E-19 3.517E-19 3.748E-19 3.550E-19 3.190E-19 3.445E-19 3.432E-19 3.427E-19
 3.728E-19 3.852E-19 3.353E-19 3.343E-19 3.704E-19 3.424E-19 3.122E-19 3.733E-19 4.075E-19 3.606E-19
 3.514E-19 3.728E-19 3.620E-19 3.499E-19 3.762E-19 3.668E-19 3.507E-19 3.889E-19 3.859E-19 3.441E-19
 3.487E-19 3.749E-19 3.886E-19 3.684E-19 3.558E-19 3.827E-19 4.019E-19 3.890E-19 3.655E-19 3.712E-19
 3.904E-19 4.249E-19 4.218E-19 3.955E-19 3.610E-19 3.754E-19 4.371E-19 4.249E-19 3.533E-19 3.365E-19
 3.650E-19 3.666E-19 3.671E-19 3.777E-19 3.923E-19 3.888E-19 3.940E-19 3.951E-19 3.797E-19 3.775E-19
 3.960E-19 4.105E-19 4.038E-19 4.407E-19 4.637E-19 4.218E-19 4.107E-19 4.384E-19 4.241E-19 3.884E-19
 3.851E-19 3.863E-19 3.807E-19 3.870E-19 4.050E-19 4.345E-19 4.399E-19 4.085E-19 3.845E-19 3.582E-19
 3.762E-19 3.717E-19 3.606E-19 3.759E-19 3.833E-19 4.137E-19 4.108E-19 4.019E-19 4.089E-19 4.162E-19
 3.958E-19 3.828E-19 4.007E-19 4.043E-19 4.066E-19 4.217E-19 4.027E-19 4.080E-19 4.050E-19 3.979E-19
 4.287E-19 4.000E-19 4.019E-19 4.329E-19 4.383E-19 4.248E-19 4.219E-19 4.424E-19 4.546E-19 4.517E-19
 4.198E-19 4.166E-19 4.413E-19 4.395E-19 4.182E-19 4.077E-19 4.127E-19 4.251E-19 4.569E-19 4.380E-19
 4.039E-19 4.259E-19 4.748E-19 4.681E-19 4.624E-19 4.383E-19 4.094E-19 4.378E-19 4.539E-19 4.377E-19
 4.371E-19 4.201E-19 4.283E-19 4.392E-19 3.808E-19 3.828E-19 4.060E-19 3.934E-19 3.893E-19 4.316E-19
 4.495E-19 4.467E-19 4.141E-19 3.964E-19 4.311E-19 4.697E-19 4.323E-19 3.869E-19 3.858E-19 4.012E-19
 4.126E-19 3.946E-19 3.757E-19 4.044E-19 4.490E-19 4.508E-19 4.352E-19 4.277E-19 4.646E-19 4.823E-19
 4.690E-19 4.464E-19 4.747E-19 4.703E-19 4.676E-19 4.722E-19 4.661E-19 4.658E-19 4.469E-19 4.272E-19
 4.346E-19 4.406E-19 4.597E-19 5.082E-19 5.046E-19 5.014E-19 4.948E-19 4.969E-19 5.080E-19 4.931E-19
 4.853E-19 5.104E-19 5.116E-19 4.760E-19 4.617E-19 4.600E-19 4.778E-19 4.956E-19 4.574E-19 4.476E-19
 4.584E-19 5.006E-19 4.908E-19 4.783E-19 4.854E-19 4.861E-19 4.854E-19 5.030E-19 4.920E-19 4.975E-19
 5.084E-19 4.734E-19 4.647E-19 4.357E-19 4.475E-19 4.567E-19 4.213E-19 4.039E-19 4.038E-19 4.171E-19
 4.293E-19 4.244E-19 4.289E-19 4.284E-19 4.257E-19 4.380E-19 4.338E-19 4.299E-19 4.437E-19 4.258E-19
 4.179E-19 4.371E-19 4.711E-19 4.471E-19 4.207E-19 4.118E-19 4.185E-19 4.155E-19 4.020E-19 4.218E-19
 4.488E-19 4.615E-19 4.416E-19 4.189E-19 4.226E-19 4.269E-19 4.287E-19 3.936E-19 3.825E-19 4.492E-19
 4.505E-19 4.042E-19 4.057E-19 4.125E-19 4.197E-19 4.124E-19 3.883E-19 3.673E-19 3.871E-19 4.270E-19
 4.275E-19 3.944E-19 3.767E-19 4.068E-19 4.000E-19 3.587E-19 3.942E-19 3.999E-19 3.655E-19 3.409E-19
 3.330E-19 3.417E-19 3.771E-19 3.834E-19 3.204E-19 3.129E-19 3.579E-19 3.643E-19 3.488E-19 3.373E-19
 3.157E-19 2.952E-19 3.293E-19 3.697E-19 3.557E-19 3.403E-19 3.490E-19 3.654E-19 3.610E-19 3.560E-19
 3.599E-19 3.785E-19 3.777E-19 3.691E-19 3.494E-19 3.200E-19 3.118E-19 3.265E-19 3.308E-19 3.258E-19
 3.090E-19 3.355E-19 3.630E-19 3.778E-19 3.612E-19 3.345E-19 3.514E-19 3.630E-19 3.422E-19 3.047E-19
 2.822E-19 2.952E-19 3.143E-19 3.501E-19 3.376E-19 2.978E-19 2.875E-19 2.941E-19 3.210E-19 3.061E-19
 3.071E-19 3.337E-19 3.382E-19 3.458E-19 3.190E-19 2.857E-19 2.814E-19 2.966E-19 3.154E-19 3.297E-19
 3.420E-19 3.290E-19 3.225E-19 3.390E-19 3.583E-19 3.274E-19 2.988E-19 3.091E-19 2.976E-19 2.996E-19
 3.278E-19 3.358E-19 3.056E-19 3.114E-19 3.477E-19 3.611E-19 3.274E-19 3.044E-19 3.220E-19 3.701E-19
 3.639E-19 3.377E-19 3.196E-19 2.955E-19 3.299E-19 3.190E-19 3.031E-19 3.059E-19 2.785E-19 2.691E-19
 3.094E-19 3.243E-19 3.106E-19 2.790E-19 2.811E-19 2.953E-19 2.656E-19 2.963E-19 3.517E-19 3.482E-19
 3.358E-19 3.431E-19 3.641E-19 3.564E-19 3.421E-19 3.328E-19 3.326E-19 3.432E-19 3.596E-19 3.423E-19
 3.076E-19 3.010E-19 2.943E-19 2.843E-19 3.195E-19 3.685E-19 3.455E-19 3.274E-19 3.589E-19 3.670E-19
 3.694E-19 3.675E-19 3.530E-19 3.628E-19 3.620E-19 3.722E-19 3.771E-19 3.595E-19 4.131E-19 4.130E-19
 3.625E-19 3.504E-19 3.257E-19 3.103E-19 3.302E-19 3.587E-19 3.707E-19 3.681E-19 3.726E-19 3.568E-19
 3.677E-19 3.734E-19 3.787E-19 3.686E-19 3.534E-19 3.705E-19 3.890E-19 3.917E-19 4.126E-19 4.001E-19
 3.738E-19 3.867E-19 3.951E-19 3.858E-19 3.709E-19 3.859E-19 4.022E-19 4.119E-19 3.956E-19 3.682E-19
 3.554E-19 3.667E-19 3.682E-19 3.737E-19 3.717E-19 3.914E-19 3.825E-19 3.393E-19 3.340E-19 3.271E-19
 3.287E-19 3.726E-19 4.022E-19 4.121E-19 4.090E-19 3.868E-19 3.619E-19 3.786E-19 3.882E-19 3.687E-19
 3.662E-19 3.501E-19 3.521E-19 3.911E-19 3.832E-19 3.512E-19 3.362E-19 3.559E-19 3.918E-19 3.808E-19
 3.491E-19 3.646E-19 3.696E-19 3.691E-19 3.942E-19 4.149E-19 4.199E-19 4.534E-19 4.737E-19 4.553E-19
 4.528E-19 4.659E-19 4.383E-19 4.030E-19 4.078E-19 4.228E-19 4.507E-19 4.554E-19 4.418E-19 4.510E-19
 4.617E-19 4.881E-19 4.897E-19 4.587E-19 4.329E-19 4.404E-19 4.725E-19 4.633E-19 4.444E-19 4.255E-19
 4.454E-19 4.576E-19 4.351E-19 4.110E-19 4.119E-19 4.317E-19 4.412E-19 4.815E-19 4.690E-19 4.451E-19
 4.368E-19 4.491E-19 4.714E-19 4.371E-19 4.308E-19 4.392E-19 4.170E-19 4.447E-19 4.905E-19 4.705E-19
 4.406E-19 4.242E-19 3.875E-19 3.909E-19 4.092E-19 4.118E-19 4.278E-19 4.394E-19 4.358E-19 4.418E-19
 4.365E-19 4.394E-19 4.614E-19 4.330E-19 4.340E-19 4.432E-19 4.563E-19 4.778E-19 4.730E-19 4.522E-19
 4.694E-19 4.963E-19 4.549E-19 4.756E-19 5.357E-19 5.497E-19 5.719E-19 5.808E-19 6.017E-19 5.880E-19
 5.975E-19 5.956E-19 5.818E-19 5.629E-19 5.819E-19 6.301E-19 6.258E-19 6.065E-19 6.169E-19 5.984E-19
 5.855E-19 5.703E-19 5.782E-19 5.760E-19 5.654E-19 5.726E-19 5.907E-19 5.882E-19 5.445E-19 5.406E-19
 5.626E-19 5.991E-19 5.905E-19 5.893E-19 5.867E-19 5.711E-19 5.352E-19 5.141E-19 5.548E-19 5.579E-19
 5.012E-19 5.268E-19 5.519E-19 5.279E-19 5.090E-19 4.877E-19 5.184E-19 4.839E-19 4.641E-19 5.157E-19
 4.661E-19 4.564E-19 4.658E-19 4.732E-19 5.134E-19 4.816E-19 3.910E-19 4.053E-19 4.765E-19 4.614E-19
 4.312E-19 4.616E-19 4.673E-19 4.665E-19 4.604E-19 4.250E-19 4.353E-19 4.288E-19 4.056E-19 4.330E-19
 4.412E-19 3.853E-19 3.891E-19 4.197E-19 3.875E-19 3.847E-19 4.012E-19 3.769E-19 3.713E-19 4.001E-19
 4.126E-19 3.869E-19 3.978E-19 4.213E-19 4.030E-19 3.508E-19 3.822E-19 4.161E-19 3.528E-19 3.105E-19
 3.657E-19 4.139E-19 3.638E-19 3.177E-19 2.925E-19 2.861E-19 2.677E-19 2.990E-19 3.725E-19 3.757E-19
 3.411E-19 3.418E-19 3.414E-19 3.403E-19 3.343E-19 2.999E-19 2.996E-19 3.421E-19 3.377E-19 3.023E-19
 3.203E-19 3.706E-19 3.860E-19 3.422E-19 3.064E-19 3.407E-19 3.470E-19 3.380E-19 3.509E-19 3.717E-19
 3.667E-19 3.519E-19 3.551E-19 3.570E-19 3.575E-19 3.364E-19 3.203E-19 3.344E-19 3.663E-19 3.869E-19
 3.753E-19 3.444E-19 3.394E-19 3.699E-19 3.809E-19 3.486E-19 3.279E-19 3.264E-19 3.259E-19 3.336E-19
 3.623E-19 3.907E-19 3.625E-19 3.526E-19 3.634E-19 3.530E-19 3.605E-19 3.313E-19 2.797E-19 3.004E-19
 3.763E-19 4.079E-19 3.979E-19 3.865E-19 3.963E-19 3.747E-19 3.479E-19 3.500E-19 3.958E-19 3.955E-19
 3.610E-19 3.661E-19 3.581E-19 3.945E-19 4.056E-19 3.670E-19 3.836E-19 4.054E-19 4.285E-19 4.238E-19
 4.253E-19 4.312E-19 4.217E-19 4.015E-19 3.862E-19 4.029E-19 3.834E-19 3.708E-19 4.293E-19 4.618E-19
 4.279E-19 4.289E-19 4.227E-19 4.176E-19 4.178E-19 4.113E-19 4.158E-19 4.131E-19 4.384E-19 4.673E-19
 4.958E-19 4.766E-19 4.393E-19 4.356E-19 4.459E-19 4.572E-19 4.053E-19 4.178E-19 4.345E-19 4.359E-19
 4.606E-19 4.530E-19 4.285E-19 4.161E-19 4.348E-19 4.377E-19 4.072E-19 4.212E-19 4.553E-19 4.494E-19
 4.491E-19 4.134E-19 4.125E-19 4.364E-19 4.390E-19 4.699E-19 4.532E-19 4.085E-19 4.386E-19 4.565E-19
 4.550E-19 4.720E-19 4.688E-19 4.226E-19 4.589E-19 5.000E-19 4.681E-19 4.446E-19 4.127E-19 4.052E-19
 4.128E-19 3.828E-19 3.835E-19 4.081E-19 4.061E-19 4.408E-19 4.394E-19 4.101E-19 3.872E-19 3.842E-19
 3.795E-19 4.035E-19 4.500E-19 4.587E-19 4.657E-19 4.367E-19 3.994E-19 3.732E-19 3.548E-19 3.829E-19
 4.004E-19 3.961E-19 3.826E-19 3.701E-19 3.903E-19 3.928E-19 3.627E-19 3.269E-19 3.513E-19 3.916E-19
 4.008E-19 3.931E-19 3.724E-19 3.489E-19 3.583E-19 3.639E-19 3.401E-19 3.311E-19 3.357E-19 3.196E-19
 3.313E-19 4.076E-19 4.136E-19 3.647E-19 3.308E-19 3.199E-19 3.353E-19 3.564E-19 3.324E-19 2.970E-19
 3.115E-19 3.359E-19 3.672E-19 3.670E-19 2.890E-19 2.861E-19 2.968E-19 2.983E-19 3.333E-19 3.556E-19
 3.538E-19 3.475E-19 3.503E-19 3.736E-19 3.786E-19 3.396E-19 3.055E-19 2.996E-19 3.226E-19 3.314E-19
 3.501E-19 3.607E-19 3.574E-19 3.188E-19 3.046E-19 3.196E-19 2.936E-19 2.630E-19 2.919E-19 3.125E-19
 3.134E-19 3.554E-19 3.481E-19 3.046E-19 3.078E-19 3.208E-19 2.903E-19 3.064E-19 3.363E-19 3.112E-19
 2.990E-19 2.871E-19 2.801E-19 2.776E-19 2.690E-19 2.837E-19 2.889E-19 3.079E-19 2.983E-19 3.041E-19
 3.060E-19 2.759E-19 2.832E-19 2.808E-19 2.639E-19 2.816E-19 2.767E-19 2.726E-19 2.976E-19 2.916E-19
 2.930E-19 2.996E-19 2.944E-19 3.096E-19 3.373E-19 3.214E-19 2.909E-19 3.082E-19 3.101E-19 2.952E-19
 3.016E-19 2.989E-19 2.999E-19 3.154E-19 3.283E-19 2.990E-19 3.062E-19 2.992E-19 3.051E-19 3.463E-19
 3.208E-19 2.642E-19 2.881E-19 3.287E-19 3.007E-19 2.832E-19 2.925E-19 2.982E-19 2.782E-19 2.295E-19
 2.350E-19 2.770E-19 3.251E-19 3.727E-19 3.642E-19 3.118E-19 2.941E-19 2.924E-19 2.566E-19 2.631E-19
 2.852E-19 2.840E-19 3.495E-19 3.796E-19 3.228E-19 3.065E-19 3.112E-19 3.002E-19 2.828E-19 2.497E-19
 2.663E-19 3.234E-19 3.343E-19 3.108E-19 2.795E-19 2.772E-19 3.330E-19 3.580E-19 3.194E-19 2.885E-19
 2.785E-19 3.141E-19 2.914E-19 2.468E-19 2.588E-19 2.907E-19 3.147E-19 2.998E-19 2.775E-19 3.212E-19
 3.665E-19 3.253E-19 2.799E-19 2.820E-19 3.000E-19 3.100E-19 2.778E-19 2.497E-19 2.868E-19 3.020E-19
 2.861E-19 2.875E-19 3.037E-19 3.072E-19 3.161E-19 3.169E-19 2.920E-19 2.700E-19 2.766E-19 3.036E-19
 3.030E-19 2.581E-19 2.344E-19 2.326E-19 2.553E-19 2.785E-19 2.694E-19 2.669E-19 2.944E-19 2.768E-19
 2.524E-19 2.689E-19 2.804E-19 2.635E-19 2.722E-19 2.767E-19 2.635E-19 2.546E-19 2.401E-19 2.622E-19
 2.760E-19 3.097E-19 3.151E-19 3.121E-19 2.939E-19 2.839E-19 2.922E-19 2.938E-19 3.185E-19 3.275E-19
 2.792E-19 2.749E-19 3.087E-19 3.283E-19 2.773E-19 2.126E-19 2.412E-19 2.854E-19 2.771E-19 2.580E-19
 2.706E-19 2.861E-19 2.955E-19 3.012E-19 2.921E-19 2.718E-19 2.798E-19 2.620E-19 2.576E-19 2.868E-19
 2.753E-19 2.502E-19 2.480E-19 2.550E-19 2.568E-19 2.819E-19 3.140E-19 3.190E-19 2.772E-19 2.364E-19
 2.127E-19 2.135E-19 2.652E-19 3.141E-19 2.723E-19 2.765E-19 3.156E-19 2.876E-19 2.851E-19 2.718E-19
 2.566E-19 2.955E-19 3.187E-19 3.174E-19 3.313E-19 3.036E-19 2.699E-19 2.548E-19 2.328E-19 2.369E-19
 2.269E-19 2.526E-19 3.107E-19 3.217E-19 3.270E-19 2.878E-19 2.562E-19 2.658E-19 2.682E-19 2.208E-19
 2.205E-19 3.249E-19 3.497E-19 3.261E-19 3.019E-19 2.580E-19 2.627E-19 2.642E-19 2.255E-19 2.426E-19
 2.988E-19 3.181E-19 3.217E-19 3.109E-19 2.710E-19 2.360E-19 2.214E-19 2.070E-19 2.145E-19 2.555E-19
 3.232E-19 3.430E-19 3.026E-19 2.746E-19 2.571E-19 2.582E-19 2.501E-19 2.269E-19 2.228E-19 2.539E-19
 3.183E-19 3.332E-19 3.288E-19 2.857E-19 2.329E-19 2.017E-19 2.290E-19 2.133E-19 2.313E-19 3.382E-19
 3.602E-19 2.918E-19 2.509E-19 2.230E-19 2.019E-19 2.299E-19 2.131E-19 2.277E-19 3.258E-19 3.443E-19
 2.753E-19 2.553E-19 2.545E-19 2.357E-19 2.175E-19 2.055E-19 2.301E-19 3.105E-19 3.651E-19 2.953E-19
 2.047E-19 1.944E-19 2.268E-19 2.171E-19 1.836E-19 1.935E-19 2.408E-19 2.990E-19 3.209E-19 3.111E-19
 2.691E-19 2.362E-19 2.318E-19 2.608E-19 2.496E-19 2.466E-19 3.001E-19 3.178E-19 2.621E-19 2.168E-19
 2.198E-19 2.367E-19 2.275E-19 2.180E-19 2.194E-19 2.552E-19 2.772E-19 2.609E-19 2.226E-19 1.944E-19
 2.208E-19 2.403E-19 2.431E-19 2.436E-19 2.662E-19 2.682E-19 2.512E-19 2.484E-19 2.433E-19 2.027E-19
 1.924E-19 2.078E-19 2.273E-19 2.691E-19 3.118E-19 2.818E-19 2.369E-19 2.265E-19 2.025E-19 2.084E-19
 2.457E-19 2.666E-19 2.736E-19 2.912E-19 2.897E-19 2.631E-19 2.638E-19 2.688E-19 2.322E-19 2.130E-19
 2.298E-19 2.550E-19 2.908E-19 2.755E-19 2.281E-19 2.355E-19 2.261E-19 2.075E-19 2.038E-19 2.051E-19
 2.272E-19 2.665E-19 2.725E-19 2.559E-19 2.678E-19 2.856E-19 2.649E-19 2.504E-19 2.407E-19 2.407E-19
 2.492E-19 2.525E-19 2.592E-19 2.259E-19 2.034E-19 2.133E-19 2.332E-19 2.207E-19 2.239E-19 2.652E-19
 2.717E-19 2.375E-19 2.039E-19 2.386E-19 2.453E-19 2.101E-19 2.006E-19 2.205E-19 2.230E-19 2.191E-19
 2.183E-19 2.014E-19 2.239E-19 2.447E-19 2.396E-19 2.345E-19 2.318E-19 2.236E-19 2.537E-19 3.015E-19
 2.602E-19 2.046E-19 1.906E-19 1.867E-19 1.868E-19 2.175E-19 2.198E-19 2.100E-19 2.168E-19 2.343E-19
 2.365E-19 2.299E-19 2.469E-19 2.307E-19 2.448E-19 2.699E-19 2.627E-19 2.580E-19 2.474E-19 2.401E-19
 2.487E-19 2.375E-19 2.251E-19 2.365E-19 2.587E-19 2.813E-19 2.747E-19 2.433E-19 2.472E-19 2.165E-19
 1.842E-19 2.087E-19 2.426E-19 2.375E-19 2.515E-19 2.609E-19 2.238E-19 1.983E-19 2.034E-19 2.083E-19
 2.120E-19 2.038E-19 2.173E-19 2.572E-19 2.461E-19 2.211E-19 1.944E-19 1.795E-19 2.070E-19 2.224E-19
 2.129E-19 2.130E-19 2.265E-19 2.291E-19 2.366E-19 2.564E-19 2.679E-19 2.491E-19 2.532E-19 2.943E-19
 2.823E-19 2.532E-19 2.453E-19 2.337E-19 2.343E-19 2.439E-19 2.298E-19 1.928E-19 2.011E-19 2.334E-19
 2.413E-19 2.219E-19 1.895E-19 1.860E-19 2.226E-19 2.371E-19 2.408E-19 2.543E-19 2.703E-19 2.560E-19
 2.207E-19 2.078E-19 2.389E-19 2.648E-19 2.479E-19 2.359E-19 2.292E-19 2.316E-19 2.419E-19 2.358E-19
 2.155E-19 2.058E-19 2.391E-19 2.616E-19 2.427E-19 2.232E-19 2.362E-19 2.481E-19 2.294E-19 2.214E-19
 2.280E-19 2.281E-19 2.241E-19 2.360E-19 2.288E-19 2.180E-19 1.954E-19 1.946E-19 2.459E-19 2.614E-19
 2.410E-19 2.496E-19 2.113E-19 1.794E-19 1.785E-19 2.125E-19 2.194E-19 1.863E-19 2.089E-19 2.238E-19
 2.114E-19 2.317E-19 2.500E-19 2.433E-19 2.207E-19 2.037E-19 1.918E-19 2.102E-19 2.549E-19 2.597E-19
 2.456E-19 2.156E-19 1.972E-19 2.111E-19 2.189E-19 2.479E-19 2.329E-19 2.065E-19 2.057E-19 2.102E-19
 1.781E-19 1.840E-19 2.293E-19 2.404E-19 2.270E-19 2.280E-19 2.361E-19 2.426E-19 2.344E-19 2.319E-19
 2.387E-19 2.172E-19 2.004E-19 2.235E-19 2.538E-19 2.489E-19 2.533E-19 2.462E-19 2.295E-19 2.151E-19
 2.048E-19 2.290E-19 2.463E-19 2.293E-19 2.279E-19 2.204E-19 2.347E-19 2.555E-19 2.553E-19 2.561E-19
 2.449E-19 2.209E-19 2.098E-19 2.129E-19 2.415E-19 2.632E-19 2.649E-19 2.284E-19 2.016E-19 2.473E-19
 2.754E-19 2.630E-19 2.401E-19 2.433E-19 2.421E-19 2.173E-19 2.087E-19 2.096E-19 2.273E-19 2.322E-19
 2.343E-19 2.048E-19 2.107E-19 2.292E-19 2.179E-19 2.242E-19 2.296E-19 2.418E-19 2.406E-19 2.296E-19
 2.389E-19 2.367E-19 2.212E-19 2.180E-19 2.549E-19 2.573E-19 2.331E-19 2.252E-19 2.430E-19 2.428E-19
 2.383E-19 2.323E-19 2.428E-19 2.459E-19 2.438E-19 2.474E-19 2.626E-19 2.759E-19 2.500E-19 2.360E-19
 2.416E-19 2.532E-19 2.487E-19 2.443E-19 2.453E-19 2.621E-19 2.461E-19 1.858E-19 1.746E-19 1.926E-19
 2.169E-19 2.339E-19 2.175E-19 2.137E-19 2.363E-19 2.795E-19 2.809E-19 2.617E-19 2.756E-19 2.681E-19
 2.588E-19 2.543E-19 2.545E-19 2.661E-19 2.399E-19 2.212E-19 2.208E-19 2.051E-19 2.072E-19 2.564E-19
 2.817E-19 2.674E-19 2.671E-19 2.592E-19 2.622E-19 2.951E-19 2.813E-19 2.668E-19 2.700E-19 2.801E-19
 2.625E-19 2.533E-19 2.507E-19 2.680E-19 2.922E-19 2.958E-19 2.901E-19 2.883E-19 2.959E-19 2.789E-19
 2.681E-19 2.778E-19 2.790E-19 2.790E-19 3.022E-19 2.998E-19 3.115E-19 2.981E-19 2.601E-19 2.791E-19
 2.995E-19 2.936E-19 2.774E-19 2.849E-19 2.868E-19 2.728E-19 2.767E-19 2.821E-19 2.611E-19 2.637E-19
 2.878E-19 2.791E-19 2.861E-19 2.754E-19 2.468E-19 2.736E-19 2.927E-19 2.972E-19 3.047E-19 3.140E-19
 2.957E-19 2.824E-19 3.149E-19 3.192E-19 2.888E-19 3.142E-19 3.238E-19 2.884E-19 2.739E-19 2.850E-19
 2.844E-19 2.638E-19 2.696E-19 2.851E-19 2.894E-19 2.926E-19 2.966E-19 2.997E-19 3.134E-19 3.158E-19
 3.077E-19 3.139E-19 3.273E-19 3.436E-19 3.433E-19 3.204E-19 2.976E-19 2.639E-19 2.899E-19 3.239E-19
 3.251E-19 3.112E-19 3.024E-19 3.056E-19 3.275E-19 3.327E-19 3.314E-19 3.341E-19 3.410E-19 3.460E-19
 3.460E-19 3.329E-19 3.082E-19 2.975E-19 3.237E-19 3.506E-19 3.460E-19 3.410E-19 3.520E-19 3.471E-19
 3.222E-19 2.985E-19 2.795E-19 2.993E-19 3.141E-19 3.179E-19 3.087E-19 3.226E-19 3.574E-19 3.372E-19
 3.121E-19 3.424E-19 3.648E-19 3.512E-19 3.458E-19 3.523E-19 3.468E-19 3.503E-19 3.433E-19 3.323E-19
 3.275E-19 3.576E-19 3.494E-19 3.134E-19 3.397E-19 3.708E-19 3.455E-19 3.299E-19 3.478E-19 3.528E-19
 3.624E-19 3.672E-19 3.555E-19 3.513E-19 3.485E-19 3.344E-19 3.503E-19 3.716E-19 3.473E-19 3.063E-19
 2.914E-19 3.205E-19 3.543E-19 3.661E-19 3.947E-19 3.982E-19 3.689E-19 3.487E-19 3.739E-19 4.046E-19
 4.172E-19 3.911E-19 3.511E-19 3.134E-19 3.281E-19 3.981E-19 4.124E-19 4.021E-19 3.933E-19 3.835E-19
 3.772E-19 3.804E-19 3.856E-19 3.780E-19 3.936E-19 3.808E-19 3.620E-19 3.818E-19 3.792E-19 3.985E-19
 4.385E-19 4.497E-19 4.091E-19 3.807E-19 3.819E-19 3.862E-19 4.103E-19 4.046E-19 3.958E-19 4.565E-19
 4.824E-19 4.146E-19 4.029E-19 3.972E-19 3.603E-19 3.475E-19 3.901E-19 3.845E-19 3.518E-19 3.691E-19
 3.954E-19 4.171E-19 4.244E-19 4.188E-19 3.988E-19 4.070E-19 4.156E-19 4.225E-19 4.175E-19 4.220E-19
 4.454E-19 4.568E-19 4.400E-19 4.164E-19 4.293E-19 4.520E-19 4.244E-19 4.026E-19 3.987E-19 4.201E-19
 4.366E-19 4.122E-19 4.072E-19 4.227E-19 4.219E-19 4.275E-19 4.371E-19 4.331E-19 4.395E-19 4.446E-19
 4.642E-19 4.755E-19 4.480E-19 4.232E-19 4.293E-19 4.479E-19 4.566E-19 4.469E-19 4.631E-19 4.527E-19
 4.343E-19 4.394E-19 4.788E-19 5.027E-19 4.985E-19 4.680E-19 4.511E-19 4.714E-19 4.832E-19 4.585E-19
 4.252E-19 4.298E-19 4.512E-19 4.781E-19 5.108E-19 5.076E-19 4.690E-19 4.716E-19 4.630E-19 4.704E-19
 5.152E-19 5.094E-19 4.708E-19 4.457E-19 4.510E-19 4.681E-19 4.764E-19 4.938E-19 4.868E-19 5.038E-19
 4.583E-19 4.053E-19 4.577E-19 5.324E-19 5.151E-19 5.003E-19 5.147E-19 5.007E-19 4.804E-19 5.092E-19
 5.080E-19 4.811E-19 4.715E-19 4.801E-19 5.030E-19 5.475E-19 5.571E-19 5.004E-19 4.966E-19 5.107E-19
 5.089E-19 5.078E-19 5.038E-19 4.859E-19 5.057E-19 5.386E-19 5.386E-19 5.353E-19 5.605E-19 5.584E-19
 5.575E-19 5.571E-19 5.520E-19 5.495E-19 5.248E-19 5.199E-19 5.299E-19 5.407E-19 5.423E-19 5.327E-19
 5.414E-19 5.245E-19 5.025E-19 5.203E-19 5.406E-19 5.235E-19 5.428E-19 5.784E-19 5.752E-19 5.753E-19
 5.698E-19 5.542E-19 5.435E-19 5.403E-19 5.263E-19 5.342E-19 5.790E-19 5.856E-19 5.795E-19 6.022E-19
 5.923E-19 5.530E-19 5.392E-19 5.658E-19 5.680E-19 5.454E-19 5.839E-19 5.978E-19 5.961E-19 6.261E-19
 6.241E-19 5.924E-19 5.738E-19 5.925E-19 5.927E-19 5.964E-19 5.856E-19 5.765E-19 6.066E-19 6.130E-19
 5.694E-19 5.791E-19 6.501E-19 6.528E-19 6.266E-19 6.478E-19 6.396E-19 6.205E-19 6.489E-19 6.322E-19
 6.147E-19 5.933E-19 6.076E-19 6.427E-19 6.588E-19 6.439E-19 6.059E-19 6.417E-19 6.598E-19 6.190E-19
 6.170E-19 6.221E-19 6.013E-19 6.279E-19 6.543E-19 6.506E-19 6.841E-19 7.053E-19 6.306E-19 6.001E-19
 6.829E-19 7.353E-19 6.905E-19 6.537E-19 6.842E-19 6.580E-19 6.355E-19 6.762E-19 6.846E-19 6.726E-19
 6.655E-19 6.662E-19 7.104E-19 7.568E-19 7.459E-19 6.898E-19 6.669E-19 6.751E-19 7.073E-19 7.359E-19
 7.165E-19 6.817E-19 6.930E-19 6.995E-19 7.305E-19 7.548E-19 7.180E-19 7.029E-19 7.414E-19 7.463E-19
 7.103E-19 7.050E-19 7.310E-19 7.135E-19 6.578E-19 6.517E-19 7.267E-19 7.857E-19 7.836E-19 7.465E-19
 7.169E-19 7.579E-19 7.912E-19 7.834E-19 7.645E-19 7.168E-19 6.990E-19 6.851E-19 6.760E-19 7.768E-19
 8.414E-19 8.233E-19 8.063E-19 8.272E-19 8.181E-19 7.859E-19 7.759E-19 7.753E-19 7.678E-19 7.566E-19
 7.412E-19 7.486E-19 7.336E-19 7.340E-19 7.686E-19 8.424E-19 8.305E-19 7.749E-19 8.085E-19 8.672E-19
 8.708E-19 8.413E-19 7.979E-19 7.536E-19 7.354E-19 7.573E-19 7.846E-19 8.532E-19 9.027E-19 8.595E-19
 8.286E-19 8.390E-19 7.986E-19 7.576E-19 7.767E-19 8.040E-19 8.158E-19 8.055E-19 8.232E-19 8.554E-19
 8.746E-19 9.006E-19 8.633E-19 8.541E-19 8.796E-19 8.530E-19 8.684E-19 9.145E-19 8.934E-19 8.570E-19
 8.228E-19 8.144E-19 8.635E-19 8.607E-19 8.388E-19 8.801E-19 9.003E-19 9.009E-19 8.602E-19 8.532E-19
 8.874E-19 9.012E-19 9.010E-19 8.848E-19 8.749E-19 8.884E-19 9.144E-19 9.293E-19 9.512E-19 9.234E-19
 9.078E-19 9.251E-19 9.393E-19 9.105E-19 8.971E-19 9.233E-19 9.194E-19 8.938E-19 9.114E-19 9.600E-19
 9.841E-19 1.004E-18 1.002E-18 8.974E-19 9.070E-19 9.650E-19 9.583E-19 9.517E-19 9.789E-19 9.212E-19
 9.224E-19 9.526E-19 9.256E-19 9.473E-19 1.038E-18 1.008E-18 9.845E-19 9.741E-19 9.067E-19 9.093E-19
 9.346E-19 9.279E-19 9.983E-19 1.018E-18 9.560E-19 9.709E-19 9.798E-19 1.007E-18 1.034E-18 1.002E-18
 1.015E-18 9.892E-19 9.508E-19 9.910E-19 1.013E-18 1.001E-18 1.030E-18 1.026E-18 9.759E-19 9.631E-19
 9.760E-19 1.027E-18 1.094E-18 1.072E-18 9.801E-19 9.545E-19 9.795E-19 1.067E-18 1.097E-18 1.045E-18
 1.028E-18 1.014E-18 1.001E-18 1.057E-18 1.042E-18 1.024E-18 1.073E-18 1.085E-18 1.049E-18 1.052E-18
 1.064E-18 1.047E-18 1.040E-18 1.041E-18 1.028E-18 1.035E-18 1.007E-18 1.056E-18 1.052E-18 1.007E-18
 1.068E-18 1.165E-18 1.134E-18 1.045E-18 1.068E-18 1.103E-18 1.095E-18 1.096E-18 1.079E-18 1.047E-18
 1.067E-18 1.134E-18 1.087E-18 1.077E-18 1.102E-18 1.073E-18 1.067E-18 1.109E-18 1.119E-18 1.080E-18
 1.115E-18 1.080E-18 1.021E-18 1.089E-18 1.153E-18 1.190E-18 1.151E-18 1.115E-18 1.138E-18 1.161E-18
 1.147E-18 1.120E-18 1.118E-18 1.107E-18 1.117E-18 1.100E-18 1.089E-18 1.083E-18 1.061E-18 1.075E-18
 1.072E-18 1.168E-18 1.254E-18 1.171E-18 1.141E-18 1.174E-18 1.166E-18 1.179E-18 1.205E-18 1.147E-18
 1.134E-18 1.179E-18 1.151E-18 1.137E-18 1.176E-18 1.229E-18 1.230E-18 1.189E-18 1.173E-18 1.184E-18
 1.210E-18 1.189E-18 1.196E-18 1.240E-18 1.280E-18 1.215E-18 1.143E-18 1.155E-18 1.201E-18 1.222E-18
 1.221E-18 1.216E-18 1.173E-18 1.133E-18 1.214E-18 1.278E-18 1.337E-18 1.282E-18 1.137E-18 1.112E-18
 1.159E-18 1.206E-18 1.259E-18 1.251E-18 1.181E-18 1.192E-18 1.204E-18 1.254E-18 1.268E-18 1.224E-18
 1.280E-18 1.268E-18 1.226E-18 1.285E-18 1.286E-18 1.209E-18 1.212E-18 1.255E-18 1.303E-18 1.309E-18
 1.266E-18 1.274E-18 1.293E-18 1.326E-18 1.313E-18 1.234E-18 1.140E-18 1.143E-18 1.230E-18 1.259E-18
 1.268E-18 1.268E-18 1.246E-18 1.281E-18 1.366E-18 1.380E-18 1.259E-18 1.210E-18 1.211E-18 1.207E-18
 1.260E-18 1.254E-18 1.266E-18 1.246E-18 1.240E-18 1.271E-18 1.287E-18 1.301E-18 1.300E-18 1.293E-18
 1.236E-18 1.253E-18 1.251E-18 1.211E-18 1.244E-18 1.281E-18 1.265E-18 1.239E-18 1.305E-18 1.307E-18
 1.339E-18 1.403E-18 1.405E-18 1.327E-18 1.227E-18 1.278E-18 1.324E-18 1.307E-18 1.256E-18 1.297E-18
 1.327E-18 1.313E-18 1.323E-18 1.373E-18 1.418E-18 1.331E-18 1.308E-18 1.340E-18 1.328E-18 1.272E-18
 1.231E-18 1.283E-18 1.310E-18 1.285E-18 1.286E-18 1.383E-18 1.447E-18 1.360E-18 1.328E-18 1.352E-18
 1.294E-18 1.245E-18 1.298E-18 1.335E-18 1.323E-18 1.283E-18 1.331E-18 1.417E-18 1.371E-18 1.321E-18
 1.362E-18 1.413E-18 1.391E-18 1.304E-18 1.290E-18 1.356E-18 1.310E-18 1.338E-18 1.405E-18 1.359E-18
 1.317E-18 1.376E-18 1.481E-18 1.479E-18 1.346E-18 1.292E-18 1.359E-18 1.352E-18 1.279E-18 1.348E-18
 1.446E-18 1.429E-18 1.353E-18 1.371E-18 1.394E-18 1.362E-18 1.382E-18 1.424E-18 1.381E-18 1.265E-18
 1.274E-18 1.374E-18 1.413E-18 1.417E-18 1.439E-18 1.443E-18 1.316E-18 1.308E-18 1.353E-18 1.357E-18
 1.328E-18 1.313E-18 1.310E-18 1.294E-18 1.348E-18 1.367E-18 1.320E-18 1.267E-18 1.304E-18 1.427E-18
 1.455E-18 1.341E-18 1.333E-18 1.455E-18 1.440E-18 1.316E-18 1.353E-18 1.429E-18 1.376E-18 1.245E-18
 1.295E-18 1.443E-18 1.433E-18 1.318E-18 1.304E-18 1.355E-18 1.312E-18 1.296E-18 1.388E-18 1.363E-18
 1.262E-18 1.288E-18 1.443E-18 1.444E-18 1.359E-18 1.299E-18 1.426E-18 1.472E-18 1.312E-18 1.324E-18
 1.438E-18 1.386E-18 1.200E-18 1.198E-18 1.397E-18 1.378E-18 1.243E-18 1.374E-18 1.557E-18 1.456E-18
 1.283E-18 1.339E-18 1.435E-18 1.348E-18 1.212E-18 1.334E-18 1.472E-18 1.333E-18 1.241E-18 1.439E-18
 1.520E-18 1.284E-18 1.231E-18 1.493E-18 1.462E-18 1.169E-18 1.254E-18 1.528E-18 1.406E-18 1.132E-18
 1.257E-18 1.573E-18 1.451E-18 1.197E-18 1.341E-18 1.526E-18 1.311E-18 1.159E-18 1.406E-18 1.500E-18
 1.254E-18 1.163E-18 1.432E-18 1.511E-18 1.279E-18 1.346E-18 1.594E-18 1.446E-18 1.176E-18 1.232E-18
 1.404E-18 1.384E-18 1.292E-18 1.407E-18 1.508E-18 1.349E-18 1.249E-18 1.399E-18 1.475E-18 1.311E-18
 1.270E-18 1.464E-18 1.515E-18 1.368E-18 1.352E-18 1.441E-18 1.340E-18 1.226E-18 1.383E-18 1.565E-18
 1.460E-18 1.349E-18 1.405E-18 1.452E-18 1.374E-18 1.300E-18 1.366E-18 1.365E-18 1.265E-18 1.288E-18
 1.389E-18 1.467E-18 1.324E-18 1.243E-18 1.349E-18 1.386E-18 1.339E-18 1.303E-18 1.307E-18 1.292E-18
 1.335E-18 1.312E-18 1.292E-18 1.318E-18 1.351E-18 1.358E-18 1.402E-18 1.454E-18 1.410E-18 1.381E-18
 1.401E-18 1.411E-18 1.340E-18 1.275E-18 1.291E-18 1.374E-18 1.395E-18 1.316E-18 1.362E-18 1.395E-18
 1.293E-18 1.219E-18 1.273E-18 1.332E-18 1.276E-18 1.253E-18 1.350E-18 1.347E-18 1.160E-18 1.233E-18
 1.397E-18 1.330E-18 1.255E-18 1.394E-18 1.411E-18 1.244E-18 1.185E-18 1.303E-18 1.323E-18 1.116E-18
 1.096E-18 1.285E-18 1.303E-18 1.199E-18 1.324E-18 1.456E-18 1.312E-18 1.177E-18 1.266E-18 1.327E-18
 1.128E-18 1.090E-18 1.315E-18 1.343E-18 1.229E-18 1.305E-18 1.468E-18 1.397E-18 1.198E-18 1.271E-18
 1.431E-18 1.235E-18 1.084E-18 1.262E-18 1.359E-18 1.194E-18 1.202E-18 1.436E-18 1.410E-18 1.227E-18
 1.277E-18 1.380E-18 1.257E-18 1.120E-18 1.230E-18 1.299E-18 1.225E-18 1.165E-18 1.300E-18 1.386E-18
 1.301E-18 1.288E-18 1.345E-18 1.323E-18 1.226E-18 1.229E-18 1.224E-18 1.238E-18 1.292E-18 1.409E-18
 1.421E-18 1.363E-18 1.325E-18 1.389E-18 1.406E-18 1.363E-18 1.332E-18 1.354E-18 1.404E-18 1.382E-18
 1.431E-18 1.492E-18 1.469E-18 1.449E-18 1.421E-18 1.411E-18 1.422E-18 1.306E-18 1.307E-18 1.368E-18
 1.373E-18 1.322E-18 1.310E-18 1.347E-18 1.335E-18 1.259E-18 1.379E-18 1.438E-18 1.241E-18 1.150E-18
 1.268E-18 1.396E-18 1.360E-18 1.333E-18 1.450E-18 1.483E-18 1.444E-18 1.506E-18 1.547E-18 1.471E-18
 1.362E-18 1.427E-18 1.508E-18 1.446E-18 1.451E-18 1.625E-18 1.680E-18 1.427E-18 1.298E-18 1.328E-18
 1.187E-18 1.095E-18 1.228E-18 1.240E-18 1.096E-18 1.039E-18 1.195E-18 1.312E-18 1.188E-18 1.194E-18
 1.293E-18 1.179E-18 1.114E-18 1.324E-18 1.326E-18 1.095E-18 1.059E-18 1.206E-18 1.298E-18 1.262E-18
 1.281E-18 1.339E-18 1.231E-18 1.130E-18 1.220E-18 1.297E-18 1.142E-18 1.070E-18 1.184E-18 1.177E-18
 1.165E-18 1.296E-18 1.412E-18 1.306E-18 1.189E-18 1.259E-18 1.280E-18 1.182E-18 1.185E-18 1.281E-18
 1.262E-18 1.237E-18 1.327E-18 1.442E-18 1.411E-18 1.355E-18 1.313E-18 1.214E-18 1.129E-18 1.196E-18
 1.358E-18 1.404E-18 1.337E-18 1.358E-18 1.502E-18 1.545E-18 1.469E-18 1.430E-18 1.355E-18 1.302E-18
 1.273E-18 1.344E-18 1.428E-18 1.349E-18 1.328E-18 1.467E-18 1.531E-18 1.541E-18 1.569E-18 1.555E-18
 1.473E-18 1.413E-18 1.468E-18 1.526E-18 1.533E-18 1.502E-18 1.598E-18 1.725E-18 1.827E-18 1.864E-18
 1.775E-18 1.684E-18 1.661E-18 1.687E-18 1.742E-18 1.812E-18 1.875E-18 1.991E-18 2.020E-18 1.991E-18
 2.039E-18 1.998E-18 1.836E-18 1.734E-18 1.706E-18 1.606E-18 1.489E-18 1.505E-18 1.654E-18 1.648E-18
 1.643E-18 1.727E-18 1.725E-18 1.614E-18 1.637E-18 1.683E-18 1.576E-18 1.522E-18 1.679E-18 1.861E-18
 1.901E-18 1.946E-18 2.036E-18 1.993E-18 1.932E-18 2.010E-18 2.067E-18 2.008E-18 2.037E-18 2.252E-18
 2.381E-18 2.477E-18 2.698E-18 2.808E-18 2.446E-18 1.988E-18 1.645E-18 1.419E-18 1.297E-18 1.293E-18
 1.357E-18 1.323E-18 1.183E-18 1.223E-18 1.373E-18 1.315E-18 1.214E-18 1.219E-18 1.198E-18 1.137E-18
 1.173E-18 1.248E-18 1.204E-18 1.179E-18 1.284E-18 1.363E-18 1.421E-18 1.403E-18 1.380E-18 1.357E-18
 1.285E-18 1.260E-18 1.279E-18 1.275E-18 1.273E-18 1.335E-18 1.414E-18 1.478E-18 1.510E-18 1.580E-18
 1.589E-18 1.540E-18 1.515E-18 1.483E-18 1.449E-18 1.469E-18 1.558E-18 1.570E-18 1.580E-18 1.671E-18
 1.721E-18 1.705E-18 1.708E-18 1.706E-18 1.728E-18 1.722E-18 1.779E-18 1.820E-18 1.745E-18 1.795E-18
 2.006E-18 2.080E-18 2.064E-18 2.016E-18 1.935E-18 1.862E-18 1.877E-18 1.883E-18 1.787E-18 1.787E-18
 1.958E-18 2.065E-18 2.074E-18 2.096E-18 2.120E-18 2.154E-18 2.105E-18 2.168E-18 2.267E-18 2.299E-18
 2.340E-18 2.415E-18 2.536E-18 2.589E-18 2.734E-18 2.880E-18 2.874E-18 2.825E-18 2.937E-18 3.033E-18
 3.086E-18 3.269E-18 3.415E-18 3.354E-18 3.284E-18 3.326E-18 3.440E-18 3.484E-18 3.389E-18 3.452E-18
 3.237E-18 2.851E-18 2.555E-18 2.248E-18 2.053E-18 2.059E-18 2.129E-18 2.234E-18 2.307E-18 2.319E-18
 2.276E-18 2.324E-18 2.433E-18 2.461E-18 2.540E-18 2.645E-18 2.754E-18 2.911E-18 3.058E-18 3.135E-18
 3.236E-18 3.297E-18 3.325E-18 3.448E-18 3.622E-18 4.016E-18 4.301E-18 4.466E-18 4.604E-18 4.762E-18
 4.763E-18 4.430E-18 3.990E-18 3.541E-18 2.977E-18 2.251E-18 1.627E-18 1.411E-18 1.391E-18 1.425E-18
 1.451E-18 1.464E-18 1.491E-18 1.491E-18 1.510E-18 1.487E-18 1.487E-18 1.498E-18 1.510E-18 1.568E-18
 1.619E-18 1.601E-18 1.613E-18 1.692E-18 1.742E-18 1.747E-18 1.710E-18 1.671E-18 1.656E-18 1.685E-18
 1.726E-18 1.737E-18 1.738E-18 1.773E-18 1.807E-18 1.826E-18 1.866E-18 1.920E-18 1.993E-18 2.036E-18
 2.049E-18 2.064E-18 2.163E-18 2.287E-18 2.339E-18 2.391E-18 2.424E-18 2.422E-18 2.501E-18 2.663E-18
 2.705E-18 2.657E-18 2.631E-18 2.625E-18 2.663E-18 2.807E-18 2.899E-18 2.919E-18 3.006E-18 3.077E-18
 3.095E-18 3.049E-18 2.967E-18 2.905E-18 2.804E-18 2.598E-18 2.585E-18 2.745E-18 2.881E-18 2.940E-18
 2.972E-18 2.978E-18 3.069E-18 3.115E-18 3.105E-18 3.214E-18 3.398E-18 3.563E-18 3.661E-18 3.684E-18
 3.729E-18 3.807E-18 3.870E-18 3.939E-18 3.954E-18 3.928E-18 4.027E-18 4.111E-18 4.023E-18 4.112E-18
 4.191E-18 4.066E-18 4.043E-18 4.242E-18 4.249E-18 4.040E-18 3.950E-18 3.801E-18 3.503E-18 3.109E-18
 2.441E-18 1.550E-18 9.275E-19 7.858E-19 8.082E-19 7.861E-19 7.718E-19 7.828E-19 7.746E-19 7.739E-19
 8.248E-19 8.120E-19 8.222E-19 8.145E-19 8.588E-19 8.985E-19 8.727E-19 8.715E-19 8.291E-19 7.827E-19
 8.048E-19 8.590E-19 9.176E-19 9.755E-19 9.492E-19 1.007E-18 1.006E-18 9.763E-19 9.072E-19 8.460E-19
 8.748E-19 9.090E-19 9.422E-19 9.789E-19 9.892E-19 1.043E-18 1.074E-18 1.010E-18 9.322E-19 9.017E-19
 9.813E-19 1.025E-18 9.687E-19 1.030E-18 1.152E-18 1.180E-18 1.114E-18 1.057E-18 1.021E-18 1.019E-18
 1.021E-18 9.993E-19 1.006E-18 1.082E-18 1.179E-18 1.111E-18 1.089E-18 1.189E-18 1.190E-18 1.079E-18
 9.925E-19 1.013E-18 1.104E-18 1.203E-18 1.268E-18 1.179E-18 1.126E-18 1.271E-18 1.302E-18 1.124E-18
 1.004E-18 1.083E-18 1.198E-18 1.203E-18 1.225E-18 1.295E-18 1.272E-18 1.359E-18 1.348E-18 1.228E-18
 1.175E-18 1.198E-18 1.216E-18 1.160E-18 1.246E-18 1.397E-18 1.383E-18 1.346E-18 1.412E-18 1.391E-18
 1.283E-18 1.216E-18 1.222E-18 1.258E-18 1.291E-18 1.464E-18 1.486E-18 1.332E-18 1.238E-18 1.305E-18
 1.327E-18 1.218E-18 1.181E-18 1.146E-18 1.158E-18 1.289E-18 1.398E-18 1.280E-18 1.173E-18 1.217E-18
 1.287E-18 1.108E-18 9.198E-19 9.593E-19 1.024E-18 1.070E-18 1.207E-18 1.221E-18 1.126E-18 1.042E-18
 1.073E-18 1.159E-18 1.167E-18 1.098E-18 1.023E-18 1.039E-18 1.241E-18 1.358E-18 1.149E-18 9.829E-19
 1.085E-18 1.307E-18 1.318E-18 1.103E-18 1.051E-18 1.167E-18 1.322E-18 1.329E-18 1.179E-18 1.132E-18
 1.184E-18 1.238E-18 1.276E-18 1.240E-18 1.194E-18 1.174E-18 1.286E-18 1.419E-18 1.325E-18 1.265E-18
 1.211E-18 1.192E-18 1.268E-18 1.540E-18 1.467E-18 1.195E-18 1.291E-18 1.524E-18 1.531E-18 1.393E-18
 1.183E-18 1.152E-18 1.388E-18 1.559E-18 1.485E-18 1.242E-18 1.380E-18 1.674E-18 1.567E-18 1.249E-18
 1.169E-18 1.269E-18 1.389E-18 1.396E-18 1.433E-18 1.506E-18 1.581E-18 1.655E-18 1.466E-18 1.300E-18
 1.368E-18 1.422E-18 1.365E-18 1.277E-18 1.442E-18 1.656E-18 1.704E-18 1.725E-18 1.672E-18 1.509E-18
 1.430E-18 1.438E-18 1.534E-18 1.561E-18 1.449E-18 1.610E-18 1.887E-18 1.895E-18 1.657E-18 1.494E-18
 1.469E-18 1.530E-18 1.557E-18 1.451E-18 1.435E-18 1.599E-18 1.913E-18 1.832E-18 1.500E-18 1.390E-18
 1.423E-18 1.272E-18 1.234E-18 1.291E-18 1.381E-18 1.413E-18 1.610E-18 1.869E-18 1.663E-18 1.410E-18
 1.145E-18 1.127E-18 1.429E-18 1.610E-18 1.382E-18 1.210E-18 1.449E-18 1.998E-18 1.780E-18 1.270E-18
 1.138E-18 1.270E-18 1.510E-18 1.490E-18 1.310E-18 1.357E-18 1.616E-18 1.851E-18 1.799E-18 1.430E-18
 1.352E-18 1.321E-18 1.379E-18 1.488E-18 1.529E-18 1.412E-18 1.442E-18 1.718E-18 1.905E-18 1.626E-18
 1.244E-18 1.239E-18 1.537E-18 1.624E-18 1.389E-18 1.370E-18 1.635E-18 1.712E-18 1.610E-18 1.553E-18
 1.494E-18 1.499E-18 1.328E-18 1.363E-18 1.549E-18 1.676E-18 1.560E-18 1.362E-18 1.544E-18 1.894E-18
 1.614E-18 1.255E-18 1.278E-18 1.597E-18 1.604E-18 1.446E-18 1.538E-18 1.664E-18 1.773E-18 1.700E-18
 1.501E-18 1.512E-18 1.613E-18 1.482E-18 1.327E-18 1.454E-18 1.828E-18 1.694E-18 1.430E-18 1.614E-18
 1.889E-18 1.691E-18 1.389E-18 1.377E-18 1.558E-18 1.836E-18 1.716E-18 1.428E-18 1.417E-18 1.781E-18
 1.885E-18 1.545E-18 1.354E-18 1.525E-18 1.677E-18 1.657E-18 1.604E-18 1.558E-18 1.498E-18 1.666E-18
 1.917E-18 1.789E-18 1.580E-18 1.506E-18 1.704E-18 1.828E-18 1.642E-18 1.494E-18 1.508E-18 1.597E-18
 1.751E-18 1.646E-18 1.565E-18 1.687E-18 1.824E-18 1.652E-18 1.551E-18 1.535E-18 1.393E-18 1.463E-18
 1.798E-18 1.902E-18 1.813E-18 1.823E-18 1.818E-18 1.738E-18 1.626E-18 1.480E-18 1.390E-18 1.494E-18
 1.821E-18 1.959E-18 1.770E-18 1.760E-18 1.859E-18 1.766E-18 1.553E-18 1.469E-18 1.479E-18 1.600E-18
 1.803E-18 1.848E-18 1.942E-18 2.057E-18 1.918E-18 1.643E-18 1.534E-18 1.623E-18 1.655E-18 1.526E-18
 1.637E-18 1.891E-18 2.114E-18 2.005E-18 1.750E-18 1.617E-18 1.649E-18 1.703E-18 1.431E-18 1.291E-18
 1.633E-18 2.060E-18 2.045E-18 1.902E-18 1.801E-18 1.766E-18 1.553E-18 1.341E-18 1.303E-18 1.490E-18
 1.846E-18 2.177E-18 2.067E-18 1.989E-18 1.964E-18 1.617E-18 1.344E-18 1.318E-18 1.430E-18 1.467E-18
 1.823E-18 2.156E-18 2.111E-18 2.047E-18 1.760E-18 1.455E-18 1.479E-18 1.526E-18 1.400E-18 1.434E-18
 1.927E-18 2.396E-18 2.172E-18 1.909E-18 1.721E-18 1.675E-18 1.629E-18 1.321E-18 1.179E-18 1.583E-18
 2.165E-18 2.213E-18 1.894E-18 1.817E-18 1.894E-18 1.591E-18 1.277E-18 1.318E-18 1.769E-18 1.916E-18
 1.866E-18 1.994E-18 1.988E-18 1.931E-18 1.588E-18 1.423E-18 1.567E-18 1.843E-18 1.685E-18 1.530E-18
 1.934E-18 2.270E-18 1.924E-18 1.560E-18 1.471E-18 1.680E-18 1.815E-18 1.541E-18 1.380E-18 1.828E-18
 2.293E-18 1.904E-18 1.645E-18 1.778E-18 1.803E-18 1.449E-18 1.378E-18 1.530E-18 1.759E-18 1.747E-18
 1.851E-18 1.936E-18 2.039E-18 1.759E-18 1.397E-18 1.451E-18 1.702E-18 1.751E-18 1.561E-18 1.737E-18
 2.113E-18 2.095E-18 1.657E-18 1.481E-18 1.601E-18 1.798E-18 1.565E-18 1.398E-18 1.490E-18 1.913E-18
 1.850E-18 1.531E-18 1.619E-18 1.896E-18 1.693E-18 1.354E-18 1.350E-18 1.654E-18 1.764E-18 1.762E-18
 1.832E-18 1.911E-18 1.953E-18 1.627E-18 1.473E-18 1.581E-18 1.672E-18 1.479E-18 1.536E-18 1.871E-18
 2.003E-18 1.785E-18 1.606E-18 1.564E-18 1.736E-18 1.630E-18 1.363E-18 1.356E-18 1.746E-18 1.930E-18
 1.825E-18 1.820E-18 1.860E-18 1.691E-18 1.458E-18 1.300E-18 1.376E-18 1.564E-18 1.637E-18 1.847E-18
 2.069E-18 1.977E-18 1.510E-18 1.307E-18 1.453E-18 1.553E-18 1.412E-18 1.507E-18 1.994E-18 2.147E-18
 1.787E-18 1.519E-18 1.428E-18 1.491E-18 1.414E-18 1.321E-18 1.435E-18 1.774E-18 1.992E-18 1.840E-18
 1.691E-18 1.647E-18 1.498E-18 1.311E-18 1.304E-18 1.433E-18 1.554E-18 1.696E-18 1.853E-18 1.834E-18
 1.678E-18 1.446E-18 1.400E-18 1.415E-18 1.416E-18 1.405E-18 1.618E-18 1.889E-18 1.813E-18 1.576E-18
 1.457E-18 1.422E-18 1.409E-18 1.296E-18 1.404E-18 1.580E-18 1.694E-18 1.635E-18 1.568E-18 1.593E-18
 1.585E-18 1.481E-18 1.420E-18 1.571E-18 1.484E-18 1.457E-18 1.682E-18 1.629E-18 1.441E-18 1.430E-18
 1.381E-18 1.317E-18 1.319E-18 1.364E-18 1.359E-18 1.546E-18 1.602E-18 1.520E-18 1.486E-18 1.515E-18
 1.463E-18 1.409E-18 1.344E-18 1.268E-18 1.338E-18 1.611E-18 1.634E-18 1.481E-18 1.382E-18 1.511E-18
 1.502E-18 1.355E-18 1.225E-18 1.277E-18 1.520E-18 1.530E-18 1.318E-18 1.340E-18 1.589E-18 1.531E-18
 1.282E-18 1.213E-18 1.285E-18 1.370E-18 1.418E-18 1.449E-18 1.474E-18 1.491E-18 1.380E-18 1.260E-18
 1.208E-18 1.150E-18 1.210E-18 1.538E-18 1.684E-18 1.403E-18 1.256E-18 1.234E-18 1.227E-18 1.159E-18
 1.095E-18 1.173E-18 1.449E-18 1.534E-18 1.345E-18 1.257E-18 1.304E-18 1.182E-18 1.156E-18 1.123E-18
 1.162E-18 1.293E-18 1.372E-18 1.359E-18 1.361E-18 1.378E-18 1.256E-18 1.143E-18 1.111E-18 1.145E-18
 1.172E-18 1.242E-18 1.372E-18 1.318E-18 1.232E-18 1.116E-18 1.114E-18 1.145E-18 1.125E-18 1.134E-18
 1.282E-18 1.416E-18 1.299E-18 1.177E-18 1.178E-18 1.132E-18 1.065E-18 1.046E-18 1.137E-18 1.240E-18
 1.208E-18 1.151E-18 1.130E-18 1.130E-18 1.073E-18 1.042E-18 1.079E-18 1.167E-18 1.157E-18 1.113E-18
 1.132E-18 1.126E-18 1.115E-18 1.056E-18 1.048E-18 1.070E-18 1.018E-18 1.017E-18 1.146E-18 1.255E-18
 1.141E-18 1.090E-18 1.102E-18 9.941E-19 9.126E-19 9.563E-19 1.056E-18 1.143E-18 1.150E-18 1.080E-18
 1.027E-18 1.046E-18 1.044E-18 1.030E-18 9.785E-19 9.292E-19 9.468E-19 1.085E-18 1.148E-18 1.054E-18
 9.564E-19 9.262E-19 9.469E-19 9.095E-19 8.605E-19 8.671E-19 9.403E-19 9.827E-19 9.487E-19 9.519E-19
 9.369E-19 9.141E-19 9.322E-19 9.641E-19 9.500E-19 9.088E-19 9.288E-19 9.485E-19 9.839E-19 9.512E-19
 8.503E-19 8.597E-19 9.103E-19 8.817E-19 8.494E-19 8.934E-19 9.128E-19 9.049E-19 8.788E-19 8.424E-19
 8.334E-19 8.443E-19 8.483E-19 8.466E-19 9.191E-19 9.478E-19 9.365E-19 9.190E-19 8.386E-19 8.436E-19
 8.248E-19 8.087E-19 8.178E-19 8.589E-19 8.923E-19 8.727E-19 8.575E-19 8.050E-19 7.574E-19 6.859E-19
 6.753E-19 7.478E-19 7.788E-19 8.089E-19 8.098E-19 7.862E-19 8.184E-19 7.995E-19 7.218E-19 6.874E-19
 7.097E-19 7.636E-19 8.272E-19 8.554E-19 8.307E-19 7.687E-19 7.031E-19 6.903E-19 7.195E-19 7.345E-19
 7.459E-19 7.783E-19 7.644E-19 7.293E-19 7.031E-19 6.913E-19 6.826E-19 6.465E-19 6.421E-19 6.313E-19
 6.585E-19 7.010E-19 7.141E-19 6.998E-19 6.644E-19 6.668E-19 6.973E-19 7.127E-19 6.841E-19 6.768E-19
 6.924E-19 6.712E-19 6.337E-19 6.336E-19 6.827E-19 6.658E-19 5.932E-19 5.686E-19 6.314E-19 6.988E-19
 6.589E-19 5.889E-19 5.626E-19 6.011E-19 6.085E-19 6.105E-19 6.302E-19 6.405E-19 6.494E-19 6.139E-19
 5.714E-19 5.535E-19 5.603E-19 5.745E-19 5.749E-19 5.767E-19 5.557E-19 6.011E-19 6.346E-19 5.936E-19
 5.693E-19 5.582E-19 5.811E-19 5.625E-19 5.330E-19 5.066E-19 5.531E-19 5.755E-19 5.550E-19 5.489E-19
 5.453E-19 5.291E-19 5.274E-19 4.986E-19 4.997E-19 5.470E-19 5.678E-19 5.248E-19 4.946E-19 5.187E-19
 5.188E-19 4.713E-19 4.603E-19 4.827E-19 4.908E-19 5.020E-19 4.859E-19 4.741E-19 4.647E-19 4.522E-19
 4.513E-19 4.483E-19 4.230E-19 4.267E-19 4.601E-19 4.734E-19 4.847E-19 4.732E-19 4.310E-19 4.218E-19
 4.336E-19 4.507E-19 4.471E-19 4.349E-19 4.526E-19 4.407E-19 3.959E-19 4.028E-19 4.199E-19 3.911E-19
 3.726E-19 4.014E-19 4.424E-19 4.227E-19 4.002E-19 3.950E-19 3.669E-19 3.527E-19 3.554E-19 3.794E-19
 3.819E-19 3.690E-19 3.752E-19 3.925E-19 3.844E-19 3.589E-19 3.536E-19 3.616E-19 3.825E-19 3.864E-19
 3.646E-19 3.877E-19 3.918E-19 3.740E-19 3.587E-19 3.444E-19 3.509E-19 3.690E-19 3.683E-19 3.631E-19
 3.386E-19 2.966E-19 2.823E-19 3.078E-19 3.300E-19 3.443E-19 3.517E-19 3.458E-19 3.269E-19 3.061E-19
 3.158E-19 3.331E-19 3.424E-19 3.316E-19 3.370E-19 3.373E-19 3.260E-19 3.190E-19 3.081E-19 3.210E-19
 3.254E-19 3.086E-19 2.928E-19 2.838E-19 3.103E-19 2.980E-19 2.891E-19 3.054E-19 0.000E+00 0.000E+00
