    CCl2F2  867.0130  936.9870      4718  203.0000    0.0000 9.440E-18  NCAR    CFC-12              
 7.674E-20 8.678E-20 1.078E-19 7.203E-20 5.946E-20 4.999E-20 3.758E-20 6.975E-20 9.588E-20 1.055E-19
 8.793E-20 5.162E-20 6.592E-20 9.765E-20 1.153E-19 1.119E-19 1.134E-19 1.123E-19 1.214E-19 1.139E-19
 7.522E-20 7.522E-20 6.657E-20 8.854E-20 9.479E-20 7.664E-20 6.456E-20 6.402E-20 5.616E-20 6.414E-20
 5.993E-20 3.854E-20 3.020E-20 7.240E-20 9.673E-20 8.410E-20 7.759E-20 6.537E-20 2.654E-20 4.318E-20
 5.851E-20 7.106E-20 7.425E-20 8.831E-20 1.097E-19 1.078E-19 8.070E-20 6.810E-20 9.498E-20 1.077E-19
 9.109E-20 7.982E-20 8.302E-20 8.114E-20 1.114E-19 9.713E-20 6.689E-20 7.883E-20 8.099E-20 7.559E-20
 9.271E-20 9.643E-20 7.884E-20 8.234E-20 9.567E-20 8.903E-20 8.384E-20 7.118E-20 5.568E-20 7.111E-20
 8.869E-20 8.114E-20 8.272E-20 8.856E-20 7.839E-20 7.291E-20 5.958E-20 6.635E-20 7.646E-20 7.952E-20
 1.083E-19 1.142E-19 1.141E-19 1.039E-19 1.136E-19 8.280E-20 4.784E-20 7.910E-20 7.238E-20 4.524E-20
 7.119E-20 1.106E-19 1.208E-19 9.696E-20 6.674E-20 7.317E-20 9.838E-20 1.053E-19 8.562E-20 1.026E-19
 1.214E-19 1.080E-19 1.061E-19 8.335E-20 6.976E-20 7.569E-20 9.095E-20 9.744E-20 7.693E-20 6.611E-20
 8.805E-20 9.625E-20 9.686E-20 8.425E-20 8.892E-20 1.126E-19 1.176E-19 1.415E-19 1.366E-19 1.156E-19
 1.260E-19 1.444E-19 9.938E-20 8.232E-20 1.131E-19 1.364E-19 1.457E-19 1.400E-19 1.275E-19 1.231E-19
 1.093E-19 9.713E-20 1.318E-19 1.696E-19 1.511E-19 1.202E-19 1.258E-19 1.667E-19 1.529E-19 1.181E-19
 1.031E-19 9.450E-20 1.031E-19 1.097E-19 1.366E-19 1.564E-19 1.618E-19 1.391E-19 1.133E-19 1.207E-19
 9.623E-20 9.623E-20 1.234E-19 1.440E-19 1.631E-19 1.463E-19 1.052E-19 1.050E-19 1.335E-19 1.074E-19
 7.615E-20 6.555E-20 1.110E-19 1.356E-19 1.609E-19 1.550E-19 1.055E-19 7.523E-20 6.036E-20 5.892E-20
 6.042E-20 7.756E-20 1.075E-19 1.061E-19 9.670E-20 9.195E-20 1.174E-19 1.324E-19 9.207E-20 6.897E-20
 9.521E-20 1.496E-19 1.830E-19 1.955E-19 1.633E-19 1.143E-19 1.042E-19 1.294E-19 1.336E-19 1.178E-19
 9.743E-20 9.402E-20 1.060E-19 1.188E-19 1.258E-19 1.172E-19 1.215E-19 1.333E-19 1.212E-19 1.280E-19
 1.556E-19 1.523E-19 1.350E-19 1.229E-19 1.231E-19 1.139E-19 9.851E-20 9.634E-20 8.782E-20 7.857E-20
 8.968E-20 1.313E-19 1.344E-19 1.099E-19 1.041E-19 1.199E-19 1.318E-19 1.236E-19 1.149E-19 1.217E-19
 1.237E-19 1.284E-19 1.418E-19 1.381E-19 1.223E-19 1.043E-19 1.017E-19 1.413E-19 1.743E-19 1.773E-19
 1.610E-19 1.469E-19 1.405E-19 1.350E-19 1.389E-19 1.265E-19 1.406E-19 1.615E-19 1.531E-19 1.322E-19
 1.287E-19 1.189E-19 8.392E-20 9.367E-20 1.104E-19 1.040E-19 1.351E-19 1.705E-19 1.704E-19 1.628E-19
 1.641E-19 1.500E-19 1.196E-19 1.052E-19 1.190E-19 1.496E-19 1.603E-19 1.461E-19 1.579E-19 1.681E-19
 1.412E-19 9.402E-20 7.580E-20 1.026E-19 1.364E-19 1.533E-19 1.537E-19 1.467E-19 1.391E-19 1.306E-19
 1.172E-19 1.168E-19 1.354E-19 1.317E-19 1.487E-19 1.580E-19 1.364E-19 1.329E-19 1.206E-19 1.210E-19
 1.418E-19 1.191E-19 9.736E-20 1.065E-19 1.083E-19 1.170E-19 1.352E-19 1.140E-19 8.379E-20 8.468E-20
 1.089E-19 1.311E-19 1.429E-19 1.451E-19 1.389E-19 1.532E-19 1.343E-19 1.094E-19 1.190E-19 1.188E-19
 1.388E-19 1.724E-19 1.822E-19 1.941E-19 1.936E-19 1.501E-19 1.467E-19 1.539E-19 1.256E-19 1.289E-19
 1.201E-19 1.160E-19 1.522E-19 1.870E-19 1.682E-19 1.465E-19 1.167E-19 1.152E-19 1.406E-19 1.320E-19
 1.410E-19 1.510E-19 1.519E-19 1.768E-19 1.808E-19 1.412E-19 1.480E-19 1.798E-19 1.847E-19 2.008E-19
 1.864E-19 1.627E-19 1.457E-19 1.339E-19 1.071E-19 7.501E-20 9.555E-20 1.533E-19 1.800E-19 1.756E-19
 1.529E-19 1.457E-19 1.341E-19 1.275E-19 1.447E-19 1.551E-19 1.465E-19 1.605E-19 1.748E-19 1.623E-19
 1.873E-19 2.055E-19 1.861E-19 1.668E-19 1.525E-19 1.733E-19 2.053E-19 2.041E-19 1.890E-19 1.804E-19
 1.784E-19 1.573E-19 1.178E-19 9.891E-20 1.373E-19 1.553E-19 1.592E-19 1.644E-19 1.544E-19 1.375E-19
 1.326E-19 1.380E-19 1.729E-19 1.815E-19 1.831E-19 1.594E-19 1.650E-19 2.093E-19 2.250E-19 2.093E-19
 1.921E-19 1.834E-19 1.676E-19 1.888E-19 2.086E-19 2.206E-19 2.145E-19 1.961E-19 2.035E-19 1.811E-19
 1.213E-19 1.204E-19 1.457E-19 1.482E-19 1.584E-19 1.652E-19 1.546E-19 1.354E-19 1.730E-19 1.724E-19
 1.634E-19 1.745E-19 1.768E-19 1.605E-19 1.657E-19 2.163E-19 2.347E-19 2.156E-19 1.651E-19 1.623E-19
 1.678E-19 2.012E-19 2.392E-19 1.872E-19 1.700E-19 1.917E-19 2.057E-19 2.049E-19 1.766E-19 1.643E-19
 1.839E-19 2.056E-19 1.895E-19 1.572E-19 1.320E-19 1.236E-19 1.395E-19 1.644E-19 1.590E-19 1.838E-19
 2.276E-19 2.113E-19 1.857E-19 1.900E-19 1.759E-19 1.797E-19 1.636E-19 1.512E-19 1.795E-19 1.972E-19
 1.876E-19 1.959E-19 1.968E-19 1.757E-19 1.851E-19 2.068E-19 1.810E-19 1.570E-19 1.924E-19 2.275E-19
 2.230E-19 2.212E-19 2.295E-19 2.080E-19 1.870E-19 1.969E-19 2.019E-19 2.089E-19 1.923E-19 2.206E-19
 2.407E-19 1.762E-19 1.469E-19 1.600E-19 1.700E-19 1.868E-19 1.823E-19 1.908E-19 2.243E-19 2.462E-19
 2.436E-19 1.911E-19 1.428E-19 1.552E-19 1.995E-19 2.125E-19 2.194E-19 2.284E-19 2.178E-19 2.169E-19
 2.215E-19 2.251E-19 2.353E-19 2.423E-19 2.159E-19 1.918E-19 2.030E-19 2.249E-19 2.432E-19 2.395E-19
 2.245E-19 2.024E-19 2.122E-19 2.289E-19 2.309E-19 2.139E-19 2.205E-19 2.554E-19 2.434E-19 2.269E-19
 1.997E-19 1.873E-19 2.045E-19 2.058E-19 2.164E-19 2.352E-19 2.224E-19 1.921E-19 1.824E-19 1.933E-19
 2.152E-19 2.136E-19 2.378E-19 2.599E-19 2.562E-19 2.553E-19 2.518E-19 2.293E-19 2.272E-19 2.195E-19
 2.112E-19 2.259E-19 2.349E-19 2.352E-19 2.258E-19 1.990E-19 2.084E-19 2.240E-19 2.155E-19 2.026E-19
 2.230E-19 2.283E-19 2.290E-19 2.375E-19 2.455E-19 2.414E-19 2.239E-19 2.206E-19 2.266E-19 2.192E-19
 2.128E-19 2.117E-19 2.189E-19 2.610E-19 2.643E-19 2.306E-19 2.335E-19 2.453E-19 2.509E-19 2.704E-19
 2.851E-19 2.897E-19 2.717E-19 2.447E-19 2.280E-19 2.109E-19 1.771E-19 1.895E-19 2.069E-19 2.039E-19
 2.247E-19 2.451E-19 2.302E-19 2.132E-19 2.341E-19 2.404E-19 2.162E-19 2.118E-19 2.462E-19 2.539E-19
 2.393E-19 2.512E-19 2.397E-19 2.327E-19 2.358E-19 2.700E-19 2.445E-19 1.923E-19 2.130E-19 2.599E-19
 2.467E-19 2.681E-19 2.691E-19 2.186E-19 1.974E-19 2.441E-19 2.770E-19 2.858E-19 2.611E-19 2.276E-19
 2.312E-19 2.459E-19 2.537E-19 2.350E-19 2.450E-19 2.858E-19 3.092E-19 3.055E-19 2.988E-19 2.861E-19
 2.923E-19 2.945E-19 2.783E-19 2.680E-19 2.470E-19 2.479E-19 2.968E-19 3.007E-19 2.746E-19 2.784E-19
 2.725E-19 2.359E-19 2.434E-19 2.791E-19 2.986E-19 3.146E-19 3.204E-19 2.699E-19 2.444E-19 2.401E-19
 2.188E-19 2.160E-19 2.452E-19 2.811E-19 2.959E-19 2.654E-19 2.543E-19 2.625E-19 2.746E-19 2.672E-19
 2.651E-19 2.481E-19 2.760E-19 2.991E-19 2.873E-19 2.814E-19 2.814E-19 2.912E-19 2.634E-19 2.880E-19
 3.395E-19 2.835E-19 2.505E-19 2.843E-19 2.683E-19 2.804E-19 3.114E-19 3.098E-19 2.922E-19 2.672E-19
 2.943E-19 3.034E-19 2.970E-19 3.133E-19 3.211E-19 3.075E-19 2.832E-19 2.775E-19 2.984E-19 3.292E-19
 3.188E-19 3.175E-19 3.101E-19 3.009E-19 2.668E-19 2.911E-19 3.488E-19 3.533E-19 3.155E-19 3.090E-19
 3.373E-19 3.870E-19 3.742E-19 3.318E-19 3.382E-19 3.183E-19 2.837E-19 3.209E-19 3.540E-19 3.381E-19
 3.314E-19 3.227E-19 3.245E-19 3.032E-19 2.920E-19 3.055E-19 3.023E-19 3.018E-19 3.231E-19 3.145E-19
 2.811E-19 3.000E-19 3.491E-19 3.256E-19 3.023E-19 3.215E-19 3.193E-19 3.193E-19 3.309E-19 3.200E-19
 3.228E-19 3.643E-19 3.640E-19 3.155E-19 3.198E-19 3.064E-19 2.788E-19 3.435E-19 3.635E-19 3.352E-19
 3.428E-19 3.354E-19 3.165E-19 3.375E-19 3.684E-19 3.208E-19 3.085E-19 3.485E-19 3.341E-19 3.265E-19
 3.230E-19 3.235E-19 3.263E-19 3.394E-19 3.812E-19 3.797E-19 3.561E-19 3.479E-19 3.341E-19 2.963E-19
 2.653E-19 2.556E-19 3.231E-19 3.399E-19 3.226E-19 3.543E-19 3.943E-19 4.025E-19 3.679E-19 3.638E-19
 3.916E-19 3.833E-19 3.495E-19 3.424E-19 3.210E-19 3.235E-19 3.200E-19 3.227E-19 3.428E-19 3.126E-19
 2.900E-19 3.310E-19 3.572E-19 3.415E-19 3.452E-19 3.209E-19 2.943E-19 3.068E-19 2.941E-19 3.057E-19
 2.951E-19 3.283E-19 3.645E-19 3.530E-19 3.640E-19 3.379E-19 3.452E-19 3.908E-19 3.420E-19 3.089E-19
 2.979E-19 3.140E-19 3.640E-19 3.375E-19 2.865E-19 3.058E-19 3.476E-19 3.065E-19 2.507E-19 2.922E-19
 3.753E-19 3.936E-19 3.878E-19 3.459E-19 3.185E-19 3.247E-19 3.235E-19 3.507E-19 3.711E-19 3.820E-19
 3.633E-19 3.352E-19 3.429E-19 3.314E-19 3.250E-19 2.996E-19 2.952E-19 3.371E-19 3.447E-19 3.234E-19
 3.402E-19 3.764E-19 3.859E-19 2.873E-19 2.444E-19 2.954E-19 3.287E-19 3.457E-19 3.203E-19 3.716E-19
 4.288E-19 4.212E-19 4.071E-19 3.403E-19 2.874E-19 2.728E-19 2.721E-19 2.989E-19 3.281E-19 3.389E-19
 3.394E-19 3.720E-19 3.994E-19 3.690E-19 3.272E-19 3.018E-19 3.043E-19 3.384E-19 3.364E-19 3.478E-19
 3.864E-19 4.053E-19 4.179E-19 3.618E-19 3.756E-19 3.822E-19 3.605E-19 3.620E-19 3.491E-19 3.377E-19
 3.237E-19 3.137E-19 3.595E-19 3.825E-19 3.356E-19 3.207E-19 3.489E-19 4.018E-19 4.025E-19 3.837E-19
 3.405E-19 3.571E-19 4.061E-19 3.750E-19 2.975E-19 2.863E-19 3.037E-19 3.194E-19 2.941E-19 2.958E-19
 3.161E-19 3.151E-19 3.583E-19 3.836E-19 3.450E-19 3.198E-19 3.071E-19 3.220E-19 2.882E-19 2.622E-19
 3.013E-19 3.713E-19 4.343E-19 4.197E-19 3.613E-19 3.198E-19 3.239E-19 3.286E-19 3.023E-19 2.822E-19
 2.770E-19 3.004E-19 3.590E-19 3.473E-19 3.440E-19 3.380E-19 2.767E-19 3.169E-19 3.495E-19 3.060E-19
 3.015E-19 3.139E-19 3.565E-19 3.741E-19 3.212E-19 3.508E-19 3.829E-19 3.053E-19 2.913E-19 3.460E-19
 3.558E-19 3.396E-19 3.768E-19 4.012E-19 3.772E-19 3.457E-19 3.350E-19 3.415E-19 3.654E-19 3.459E-19
 3.041E-19 2.796E-19 3.610E-19 4.154E-19 4.133E-19 4.070E-19 3.638E-19 3.075E-19 3.292E-19 4.043E-19
 4.045E-19 3.158E-19 2.839E-19 3.033E-19 3.132E-19 3.243E-19 3.527E-19 4.104E-19 3.527E-19 2.981E-19
 3.410E-19 3.585E-19 3.110E-19 3.428E-19 4.070E-19 3.586E-19 2.776E-19 3.284E-19 3.691E-19 3.151E-19
 3.048E-19 3.458E-19 3.739E-19 3.788E-19 4.100E-19 3.964E-19 3.336E-19 3.507E-19 3.812E-19 3.360E-19
 2.947E-19 3.489E-19 4.120E-19 3.510E-19 2.922E-19 3.566E-19 4.157E-19 3.991E-19 3.974E-19 4.104E-19
 3.689E-19 3.679E-19 3.881E-19 3.712E-19 3.354E-19 3.972E-19 4.637E-19 3.940E-19 3.349E-19 3.526E-19
 4.284E-19 4.149E-19 3.729E-19 3.871E-19 3.972E-19 3.909E-19 4.079E-19 4.139E-19 3.674E-19 3.081E-19
 3.628E-19 4.380E-19 3.891E-19 3.904E-19 4.100E-19 3.776E-19 3.920E-19 4.054E-19 3.593E-19 3.549E-19
 3.641E-19 3.539E-19 3.870E-19 3.952E-19 4.364E-19 4.748E-19 4.760E-19 4.808E-19 4.105E-19 3.370E-19
 3.832E-19 4.175E-19 4.043E-19 4.384E-19 4.554E-19 4.531E-19 4.100E-19 3.595E-19 3.645E-19 4.031E-19
 4.027E-19 3.927E-19 3.926E-19 4.046E-19 4.042E-19 4.013E-19 3.787E-19 4.122E-19 4.447E-19 4.069E-19
 4.313E-19 4.604E-19 4.551E-19 4.558E-19 4.400E-19 4.035E-19 4.236E-19 4.945E-19 5.353E-19 5.104E-19
 4.625E-19 5.081E-19 5.267E-19 5.202E-19 4.910E-19 4.181E-19 4.213E-19 4.590E-19 5.402E-19 5.175E-19
 4.661E-19 4.877E-19 5.716E-19 5.041E-19 4.089E-19 4.233E-19 4.511E-19 4.694E-19 4.772E-19 4.814E-19
 4.601E-19 4.546E-19 4.829E-19 4.835E-19 4.453E-19 5.100E-19 5.494E-19 4.690E-19 4.065E-19 4.942E-19
 5.025E-19 4.347E-19 3.867E-19 4.153E-19 4.839E-19 5.742E-19 5.095E-19 4.124E-19 3.964E-19 4.799E-19
 5.278E-19 4.371E-19 3.950E-19 4.429E-19 4.728E-19 4.354E-19 4.407E-19 4.331E-19 4.873E-19 5.220E-19
 5.078E-19 4.671E-19 4.949E-19 5.545E-19 5.765E-19 5.048E-19 4.800E-19 5.247E-19 5.506E-19 5.060E-19
 5.319E-19 5.711E-19 6.423E-19 7.465E-19 7.703E-19 7.547E-19 6.571E-19 6.061E-19 6.335E-19 6.240E-19
 6.495E-19 7.000E-19 6.599E-19 6.330E-19 6.766E-19 6.994E-19 6.715E-19 6.671E-19 6.164E-19 5.983E-19
 6.033E-19 6.617E-19 6.296E-19 5.989E-19 6.123E-19 6.317E-19 6.296E-19 5.994E-19 6.061E-19 6.143E-19
 6.485E-19 6.276E-19 5.688E-19 5.144E-19 5.843E-19 6.067E-19 5.404E-19 5.020E-19 5.304E-19 5.817E-19
 5.820E-19 5.712E-19 5.732E-19 5.847E-19 5.985E-19 5.687E-19 4.983E-19 4.822E-19 5.158E-19 5.408E-19
 5.465E-19 5.257E-19 5.399E-19 5.501E-19 5.315E-19 4.794E-19 4.954E-19 5.401E-19 4.825E-19 4.865E-19
 5.308E-19 5.566E-19 5.459E-19 5.349E-19 5.025E-19 5.010E-19 5.769E-19 5.488E-19 4.605E-19 4.940E-19
 5.508E-19 5.220E-19 5.351E-19 5.000E-19 4.588E-19 4.388E-19 4.188E-19 4.235E-19 4.574E-19 5.121E-19
 5.128E-19 4.953E-19 4.959E-19 4.780E-19 3.971E-19 3.742E-19 4.523E-19 4.893E-19 4.421E-19 3.918E-19
 3.812E-19 4.122E-19 4.514E-19 4.604E-19 3.592E-19 3.635E-19 4.324E-19 4.080E-19 3.930E-19 3.863E-19
 3.762E-19 3.943E-19 4.420E-19 4.547E-19 3.759E-19 3.412E-19 3.904E-19 4.198E-19 4.095E-19 3.623E-19
 3.450E-19 3.592E-19 3.854E-19 4.309E-19 3.892E-19 3.431E-19 3.407E-19 3.996E-19 4.873E-19 4.099E-19
 3.036E-19 3.579E-19 4.344E-19 4.347E-19 3.882E-19 3.168E-19 2.995E-19 3.363E-19 3.953E-19 3.840E-19
 3.459E-19 3.311E-19 3.405E-19 4.019E-19 4.211E-19 3.317E-19 2.557E-19 2.782E-19 3.471E-19 3.022E-19
 2.564E-19 2.867E-19 2.746E-19 3.526E-19 4.319E-19 3.208E-19 2.571E-19 3.086E-19 3.046E-19 2.920E-19
 3.257E-19 3.274E-19 3.046E-19 3.724E-19 4.336E-19 3.647E-19 2.718E-19 2.316E-19 2.298E-19 3.326E-19
 3.604E-19 2.732E-19 2.410E-19 2.941E-19 3.448E-19 3.335E-19 3.013E-19 2.731E-19 2.846E-19 3.589E-19
 3.499E-19 2.798E-19 2.778E-19 2.899E-19 3.156E-19 3.296E-19 2.812E-19 2.681E-19 2.926E-19 3.214E-19
 3.467E-19 3.180E-19 3.303E-19 3.291E-19 3.174E-19 3.184E-19 2.589E-19 2.480E-19 3.057E-19 3.227E-19
 3.095E-19 3.039E-19 3.048E-19 3.002E-19 3.376E-19 3.568E-19 3.523E-19 3.142E-19 2.785E-19 3.239E-19
 3.689E-19 3.743E-19 3.152E-19 2.625E-19 2.729E-19 3.264E-19 3.157E-19 2.750E-19 2.831E-19 2.921E-19
 3.296E-19 3.700E-19 3.570E-19 3.406E-19 3.450E-19 3.885E-19 4.173E-19 3.685E-19 3.858E-19 3.766E-19
 3.444E-19 3.594E-19 3.253E-19 3.165E-19 3.324E-19 3.294E-19 3.526E-19 3.382E-19 3.122E-19 2.800E-19
 3.040E-19 3.201E-19 2.805E-19 2.973E-19 3.459E-19 3.895E-19 4.178E-19 3.840E-19 3.672E-19 3.467E-19
 3.171E-19 3.301E-19 3.418E-19 3.261E-19 3.329E-19 3.960E-19 3.933E-19 3.226E-19 3.263E-19 3.131E-19
 2.983E-19 3.607E-19 3.477E-19 3.052E-19 2.892E-19 3.471E-19 3.878E-19 3.189E-19 3.055E-19 3.321E-19
 3.653E-19 3.903E-19 3.631E-19 3.457E-19 3.284E-19 3.326E-19 3.131E-19 3.117E-19 2.867E-19 2.880E-19
 3.363E-19 3.380E-19 3.090E-19 3.023E-19 3.034E-19 2.875E-19 2.973E-19 3.138E-19 2.782E-19 3.104E-19
 3.610E-19 3.974E-19 3.984E-19 3.758E-19 3.876E-19 3.780E-19 4.199E-19 4.579E-19 4.398E-19 4.757E-19
 4.721E-19 4.426E-19 4.427E-19 4.583E-19 4.407E-19 4.093E-19 4.801E-19 5.176E-19 5.136E-19 4.979E-19
 4.616E-19 4.650E-19 4.394E-19 4.276E-19 4.420E-19 4.576E-19 4.938E-19 4.945E-19 4.665E-19 4.432E-19
 4.480E-19 4.254E-19 4.354E-19 4.716E-19 4.719E-19 4.473E-19 4.196E-19 4.560E-19 4.666E-19 4.506E-19
 4.483E-19 4.335E-19 4.334E-19 4.156E-19 4.565E-19 4.846E-19 4.447E-19 4.886E-19 5.162E-19 4.647E-19
 4.238E-19 4.197E-19 4.658E-19 4.984E-19 4.809E-19 4.380E-19 4.719E-19 5.394E-19 5.163E-19 5.116E-19
 5.007E-19 4.904E-19 5.134E-19 5.044E-19 5.063E-19 5.326E-19 5.615E-19 5.474E-19 5.411E-19 5.489E-19
 5.462E-19 6.125E-19 6.166E-19 6.311E-19 6.740E-19 6.944E-19 6.959E-19 6.862E-19 7.961E-19 8.930E-19
 9.652E-19 9.804E-19 9.827E-19 9.366E-19 9.609E-19 1.015E-18 1.017E-18 9.541E-19 9.266E-19 8.925E-19
 9.324E-19 9.065E-19 8.940E-19 9.007E-19 8.591E-19 8.752E-19 8.888E-19 8.724E-19 8.091E-19 8.165E-19
 8.325E-19 8.771E-19 8.507E-19 8.259E-19 7.882E-19 7.684E-19 7.602E-19 7.358E-19 8.228E-19 8.556E-19
 7.804E-19 8.034E-19 7.533E-19 7.314E-19 7.410E-19 6.803E-19 7.102E-19 6.756E-19 6.603E-19 7.505E-19
 6.750E-19 6.595E-19 7.062E-19 6.564E-19 6.879E-19 6.968E-19 5.868E-19 6.097E-19 6.740E-19 6.665E-19
 6.726E-19 6.747E-19 6.237E-19 6.302E-19 5.867E-19 5.315E-19 5.804E-19 5.240E-19 4.715E-19 5.840E-19
 6.029E-19 5.007E-19 5.176E-19 5.899E-19 5.217E-19 4.613E-19 4.815E-19 4.693E-19 4.933E-19 5.351E-19
 4.885E-19 4.099E-19 4.690E-19 5.242E-19 4.726E-19 3.871E-19 4.413E-19 5.434E-19 4.523E-19 3.483E-19
 4.087E-19 4.570E-19 3.674E-19 3.252E-19 3.513E-19 3.896E-19 3.793E-19 3.732E-19 4.290E-19 3.902E-19
 3.727E-19 3.845E-19 3.488E-19 3.853E-19 4.377E-19 3.348E-19 2.803E-19 3.389E-19 3.513E-19 3.238E-19
 3.640E-19 3.791E-19 3.625E-19 3.540E-19 3.168E-19 3.294E-19 3.266E-19 2.868E-19 2.627E-19 2.888E-19
 3.423E-19 2.935E-19 2.429E-19 2.905E-19 3.745E-19 3.614E-19 3.029E-19 2.893E-19 3.267E-19 3.426E-19
 3.510E-19 3.340E-19 3.386E-19 3.918E-19 3.528E-19 3.007E-19 3.259E-19 3.447E-19 2.860E-19 2.569E-19
 2.963E-19 3.593E-19 3.613E-19 3.510E-19 3.444E-19 3.213E-19 3.077E-19 3.230E-19 3.038E-19 3.162E-19
 3.896E-19 4.315E-19 4.313E-19 3.955E-19 3.537E-19 3.422E-19 3.279E-19 3.288E-19 3.857E-19 4.194E-19
 3.861E-19 3.989E-19 4.331E-19 4.899E-19 4.878E-19 4.194E-19 3.887E-19 3.640E-19 3.873E-19 4.308E-19
 4.380E-19 4.184E-19 4.122E-19 4.197E-19 4.347E-19 4.266E-19 3.808E-19 3.654E-19 4.471E-19 4.933E-19
 4.753E-19 4.978E-19 4.612E-19 4.426E-19 4.605E-19 4.625E-19 4.662E-19 4.576E-19 4.947E-19 4.883E-19
 4.850E-19 4.930E-19 4.541E-19 4.187E-19 4.220E-19 5.178E-19 4.766E-19 4.383E-19 4.969E-19 5.254E-19
 5.334E-19 4.848E-19 4.744E-19 4.795E-19 4.825E-19 4.898E-19 4.331E-19 4.281E-19 4.703E-19 4.876E-19
 5.126E-19 4.064E-19 4.231E-19 4.652E-19 4.296E-19 4.790E-19 4.558E-19 4.315E-19 4.864E-19 5.111E-19
 4.823E-19 4.513E-19 4.725E-19 4.409E-19 5.032E-19 5.848E-19 5.040E-19 4.765E-19 4.424E-19 4.264E-19
 4.326E-19 4.244E-19 4.605E-19 4.393E-19 4.466E-19 4.693E-19 4.315E-19 4.244E-19 4.207E-19 4.390E-19
 3.986E-19 4.076E-19 4.767E-19 4.575E-19 4.736E-19 4.914E-19 4.556E-19 3.800E-19 3.613E-19 4.020E-19
 3.764E-19 4.016E-19 4.201E-19 3.937E-19 4.486E-19 4.322E-19 3.511E-19 2.897E-19 3.244E-19 3.942E-19
 3.979E-19 4.341E-19 4.362E-19 4.034E-19 4.119E-19 3.965E-19 4.239E-19 4.354E-19 3.692E-19 3.056E-19
 3.265E-19 4.168E-19 4.193E-19 3.956E-19 3.531E-19 2.976E-19 3.153E-19 3.398E-19 3.219E-19 3.220E-19
 3.741E-19 3.506E-19 3.705E-19 4.007E-19 3.104E-19 2.917E-19 2.831E-19 2.852E-19 3.538E-19 3.808E-19
 3.652E-19 3.502E-19 3.476E-19 3.408E-19 3.349E-19 3.527E-19 3.334E-19 3.360E-19 3.560E-19 3.941E-19
 3.942E-19 3.531E-19 3.364E-19 2.885E-19 3.192E-19 3.604E-19 3.203E-19 3.087E-19 3.594E-19 3.853E-19
 3.708E-19 3.644E-19 3.184E-19 3.133E-19 3.404E-19 3.081E-19 2.752E-19 3.240E-19 3.694E-19 3.454E-19
 3.702E-19 3.541E-19 3.079E-19 3.181E-19 3.087E-19 2.679E-19 2.740E-19 3.519E-19 3.362E-19 3.439E-19
 3.458E-19 2.948E-19 2.919E-19 3.070E-19 2.907E-19 3.207E-19 3.549E-19 3.403E-19 3.486E-19 3.562E-19
 3.740E-19 3.852E-19 3.332E-19 2.807E-19 3.335E-19 3.877E-19 3.617E-19 3.596E-19 3.226E-19 3.008E-19
 3.287E-19 3.336E-19 3.106E-19 3.358E-19 3.855E-19 3.555E-19 3.453E-19 3.210E-19 2.887E-19 3.307E-19
 3.365E-19 2.900E-19 3.258E-19 3.597E-19 3.551E-19 3.372E-19 3.055E-19 2.720E-19 3.127E-19 3.201E-19
 3.105E-19 3.224E-19 3.393E-19 3.708E-19 3.484E-19 2.903E-19 2.920E-19 3.578E-19 3.727E-19 3.135E-19
 3.011E-19 3.274E-19 3.523E-19 3.352E-19 2.840E-19 2.871E-19 3.082E-19 3.326E-19 3.135E-19 2.702E-19
 2.811E-19 3.417E-19 3.748E-19 3.236E-19 2.982E-19 3.299E-19 3.700E-19 3.784E-19 3.546E-19 2.747E-19
 2.552E-19 3.461E-19 3.594E-19 3.008E-19 2.788E-19 2.982E-19 3.243E-19 3.016E-19 2.688E-19 3.308E-19
 3.877E-19 3.326E-19 2.776E-19 2.620E-19 3.080E-19 3.562E-19 3.224E-19 2.956E-19 3.606E-19 3.234E-19
 2.295E-19 2.531E-19 3.053E-19 2.873E-19 3.224E-19 4.063E-19 3.725E-19 3.383E-19 3.061E-19 3.020E-19
 3.163E-19 2.526E-19 2.010E-19 2.223E-19 2.845E-19 3.526E-19 3.510E-19 3.263E-19 3.123E-19 2.921E-19
 2.841E-19 2.899E-19 2.785E-19 2.749E-19 3.580E-19 3.710E-19 3.025E-19 3.159E-19 3.078E-19 2.999E-19
 2.827E-19 2.828E-19 2.474E-19 2.776E-19 3.546E-19 3.893E-19 3.542E-19 3.094E-19 3.185E-19 2.952E-19
 2.657E-19 2.666E-19 3.038E-19 3.051E-19 2.719E-19 2.459E-19 2.848E-19 3.133E-19 2.703E-19 2.358E-19
 2.568E-19 3.235E-19 3.510E-19 3.425E-19 3.319E-19 3.060E-19 2.592E-19 2.145E-19 2.172E-19 2.301E-19
 2.307E-19 2.449E-19 2.702E-19 3.112E-19 3.045E-19 2.497E-19 2.441E-19 2.418E-19 2.314E-19 2.451E-19
 2.600E-19 2.417E-19 2.783E-19 3.508E-19 3.392E-19 2.899E-19 2.896E-19 3.018E-19 3.087E-19 2.921E-19
 2.609E-19 2.849E-19 3.337E-19 3.367E-19 3.075E-19 3.055E-19 2.919E-19 2.513E-19 2.136E-19 2.246E-19
 2.148E-19 2.400E-19 3.096E-19 3.116E-19 3.142E-19 2.809E-19 2.594E-19 2.738E-19 2.475E-19 1.974E-19
 2.103E-19 3.430E-19 4.073E-19 3.549E-19 3.019E-19 2.732E-19 2.887E-19 2.669E-19 1.907E-19 1.953E-19
 2.735E-19 3.424E-19 3.196E-19 2.773E-19 2.369E-19 1.942E-19 1.739E-19 1.429E-19 1.760E-19 2.537E-19
 3.530E-19 3.475E-19 2.867E-19 2.747E-19 2.389E-19 2.098E-19 1.964E-19 2.232E-19 2.436E-19 2.633E-19
 2.948E-19 2.937E-19 3.196E-19 2.976E-19 2.183E-19 1.680E-19 2.006E-19 1.899E-19 2.091E-19 3.247E-19
 3.500E-19 2.766E-19 2.228E-19 1.814E-19 1.857E-19 2.094E-19 2.191E-19 2.252E-19 3.122E-19 3.456E-19
 2.303E-19 1.790E-19 2.034E-19 2.039E-19 1.550E-19 1.195E-19 1.631E-19 2.640E-19 3.422E-19 2.678E-19
 1.527E-19 1.596E-19 1.817E-19 1.648E-19 1.631E-19 2.151E-19 2.665E-19 3.085E-19 2.878E-19 2.520E-19
 2.122E-19 1.706E-19 1.591E-19 2.006E-19 2.120E-19 1.975E-19 2.519E-19 2.967E-19 2.539E-19 1.569E-19
 1.354E-19 1.939E-19 1.786E-19 1.714E-19 1.864E-19 2.332E-19 2.741E-19 2.257E-19 1.737E-19 1.347E-19
 1.640E-19 1.848E-19 1.869E-19 2.012E-19 2.268E-19 2.460E-19 2.209E-19 2.043E-19 1.782E-19 1.434E-19
 1.615E-19 1.930E-19 2.161E-19 2.200E-19 2.475E-19 2.420E-19 2.172E-19 2.170E-19 1.673E-19 1.458E-19
 1.662E-19 1.825E-19 2.078E-19 2.662E-19 2.387E-19 1.752E-19 1.882E-19 2.133E-19 1.949E-19 1.715E-19
 1.823E-19 2.051E-19 2.625E-19 2.462E-19 1.569E-19 1.540E-19 1.861E-19 1.641E-19 1.235E-19 1.538E-19
 2.089E-19 2.462E-19 2.488E-19 1.901E-19 1.396E-19 1.576E-19 1.712E-19 1.776E-19 1.936E-19 1.842E-19
 2.027E-19 2.178E-19 2.152E-19 1.820E-19 1.328E-19 1.346E-19 1.504E-19 1.343E-19 1.482E-19 1.987E-19
 2.264E-19 1.878E-19 1.404E-19 1.587E-19 1.685E-19 1.509E-19 1.445E-19 1.364E-19 1.339E-19 1.633E-19
 1.909E-19 1.838E-19 1.899E-19 1.903E-19 1.671E-19 1.935E-19 2.034E-19 1.723E-19 1.883E-19 2.052E-19
 1.804E-19 1.542E-19 1.318E-19 1.142E-19 1.254E-19 1.439E-19 1.374E-19 1.554E-19 1.850E-19 1.983E-19
 1.630E-19 1.318E-19 1.622E-19 1.631E-19 1.718E-19 1.829E-19 1.955E-19 2.046E-19 1.853E-19 1.482E-19
 1.313E-19 1.701E-19 1.637E-19 1.544E-19 1.693E-19 1.882E-19 1.744E-19 1.346E-19 9.809E-20 7.251E-20
 1.048E-19 1.639E-19 1.827E-19 1.693E-19 1.730E-19 1.848E-19 1.717E-19 1.646E-19 1.761E-19 1.662E-19
 1.738E-19 1.930E-19 1.766E-19 1.830E-19 1.812E-19 1.626E-19 1.431E-19 1.313E-19 1.600E-19 1.647E-19
 1.577E-19 1.696E-19 2.055E-19 1.954E-19 1.835E-19 1.643E-19 1.358E-19 1.321E-19 1.673E-19 2.059E-19
 1.905E-19 2.038E-19 2.030E-19 1.466E-19 1.310E-19 1.203E-19 1.091E-19 1.177E-19 1.276E-19 1.161E-19
 1.107E-19 1.160E-19 1.107E-19 1.308E-19 1.595E-19 1.431E-19 1.379E-19 1.685E-19 1.771E-19 1.612E-19
 1.515E-19 1.262E-19 1.331E-19 1.355E-19 1.107E-19 1.286E-19 1.321E-19 1.286E-19 1.431E-19 1.685E-19
 1.659E-19 1.395E-19 1.329E-19 1.499E-19 1.494E-19 1.234E-19 1.202E-19 1.212E-19 1.185E-19 1.230E-19
 1.226E-19 1.153E-19 1.249E-19 1.047E-19 8.415E-20 1.039E-19 1.221E-19 1.244E-19 1.440E-19 1.538E-19
 1.562E-19 1.710E-19 1.466E-19 1.180E-19 1.385E-19 1.456E-19 1.035E-19 8.756E-20 7.839E-20 7.532E-20
 1.072E-19 1.137E-19 9.644E-20 1.194E-19 1.173E-19 1.211E-19 1.248E-19 1.067E-19 1.151E-19 1.121E-19
 1.059E-19 1.218E-19 1.473E-19 1.634E-19 1.285E-19 1.085E-19 1.111E-19 1.017E-19 7.115E-20 5.400E-20
 7.301E-20 1.078E-19 1.337E-19 1.600E-19 1.497E-19 1.293E-19 1.087E-19 9.739E-20 1.187E-19 1.047E-19
 7.426E-20 8.977E-20 1.005E-19 1.250E-19 1.781E-19 1.902E-19 1.595E-19 1.283E-19 1.156E-19 9.449E-20
 7.853E-20 1.185E-19 1.396E-19 1.502E-19 1.646E-19 1.562E-19 1.414E-19 1.527E-19 1.964E-19 1.811E-19
 1.332E-19 1.204E-19 1.238E-19 1.356E-19 1.307E-19 1.051E-19 8.567E-20 9.387E-20 1.125E-19 1.574E-19
 1.606E-19 1.237E-19 1.272E-19 1.533E-19 1.685E-19 1.307E-19 9.432E-20 8.450E-20 9.634E-20 1.157E-19
 1.196E-19 1.194E-19 1.260E-19 1.017E-19 1.078E-19 1.282E-19 1.124E-19 1.236E-19 1.521E-19 1.522E-19
 1.293E-19 1.161E-19 1.233E-19 1.251E-19 1.302E-19 1.109E-19 1.036E-19 1.173E-19 1.275E-19 1.163E-19
 1.239E-19 1.278E-19 1.108E-19 9.086E-20 1.136E-19 1.217E-19 1.406E-19 1.660E-19 1.340E-19 1.309E-19
 1.464E-19 1.108E-19 7.769E-20 7.123E-20 8.775E-20 1.183E-19 1.048E-19 6.077E-20 5.243E-20 9.483E-20
 1.058E-19 9.194E-20 1.121E-19 1.052E-19 9.001E-20 1.235E-19 1.463E-19 1.322E-19 1.196E-19 1.223E-19
 9.726E-20 8.751E-20 8.732E-20 1.218E-19 1.593E-19 1.366E-19 9.886E-20 7.564E-20 8.177E-20 8.415E-20
 1.013E-19 1.098E-19 1.036E-19 1.165E-19 1.417E-19 1.682E-19 1.693E-19 1.436E-19 1.330E-19 1.483E-19
 1.376E-19 1.114E-19 1.171E-19 1.692E-19 1.781E-19 1.577E-19 1.575E-19 1.413E-19 9.846E-20 5.597E-20
 7.483E-20 1.259E-19 1.748E-19 1.992E-19 1.979E-19 1.810E-19 1.790E-19 1.636E-19 1.356E-19 1.075E-19
 7.907E-20 1.186E-19 1.414E-19 1.511E-19 1.597E-19 1.090E-19 9.134E-20 9.433E-20 9.671E-20 1.144E-19
 1.346E-19 1.645E-19 1.645E-19 1.281E-19 1.054E-19 1.072E-19 1.256E-19 1.261E-19 1.227E-19 1.431E-19
 1.471E-19 1.475E-19 1.427E-19 1.276E-19 1.079E-19 1.123E-19 1.130E-19 1.312E-19 1.389E-19 1.344E-19
 1.459E-19 1.615E-19 1.744E-19 1.410E-19 9.390E-20 1.075E-19 1.262E-19 1.097E-19 1.098E-19 1.296E-19
 1.241E-19 1.334E-19 1.591E-19 1.710E-19 1.552E-19 1.438E-19 1.403E-19 1.326E-19 1.172E-19 1.259E-19
 1.402E-19 1.319E-19 1.237E-19 1.414E-19 1.674E-19 1.766E-19 1.860E-19 1.841E-19 1.758E-19 1.391E-19
 1.244E-19 1.413E-19 1.620E-19 1.604E-19 1.525E-19 1.420E-19 1.661E-19 2.004E-19 2.003E-19 1.790E-19
 1.686E-19 1.655E-19 1.747E-19 1.622E-19 1.326E-19 1.461E-19 1.636E-19 1.449E-19 1.348E-19 1.288E-19
 1.259E-19 1.530E-19 1.802E-19 2.111E-19 1.884E-19 1.645E-19 1.503E-19 1.558E-19 1.620E-19 1.410E-19
 1.244E-19 1.452E-19 1.630E-19 1.625E-19 1.612E-19 1.646E-19 1.809E-19 1.789E-19 1.674E-19 1.509E-19
 1.365E-19 1.310E-19 1.374E-19 1.646E-19 1.844E-19 2.175E-19 2.140E-19 1.926E-19 1.661E-19 1.405E-19
 1.545E-19 1.814E-19 2.216E-19 2.222E-19 2.064E-19 1.888E-19 1.723E-19 1.672E-19 1.453E-19 1.562E-19
 1.778E-19 1.440E-19 1.636E-19 1.923E-19 2.108E-19 2.204E-19 2.149E-19 2.022E-19 1.913E-19 2.121E-19
 2.005E-19 1.663E-19 1.716E-19 1.668E-19 1.593E-19 1.608E-19 1.876E-19 2.121E-19 1.924E-19 1.690E-19
 1.937E-19 2.108E-19 2.049E-19 1.949E-19 1.819E-19 1.644E-19 1.672E-19 1.759E-19 1.671E-19 1.975E-19
 2.333E-19 2.351E-19 2.232E-19 1.918E-19 1.760E-19 1.732E-19 1.969E-19 1.959E-19 1.851E-19 1.767E-19
 1.786E-19 1.900E-19 1.801E-19 1.847E-19 2.073E-19 2.007E-19 2.016E-19 2.190E-19 1.990E-19 1.895E-19
 2.090E-19 2.203E-19 1.975E-19 1.938E-19 1.853E-19 1.977E-19 2.185E-19 2.209E-19 2.277E-19 2.254E-19
 2.058E-19 1.709E-19 1.538E-19 1.915E-19 1.909E-19 1.818E-19 2.104E-19 1.978E-19 1.873E-19 2.159E-19
 2.277E-19 2.224E-19 2.151E-19 1.950E-19 2.150E-19 2.208E-19 2.048E-19 2.351E-19 2.524E-19 2.296E-19
 1.881E-19 1.849E-19 2.105E-19 2.375E-19 2.205E-19 1.839E-19 1.946E-19 2.209E-19 2.423E-19 2.348E-19
 1.881E-19 1.886E-19 2.391E-19 2.545E-19 2.484E-19 2.689E-19 2.674E-19 2.464E-19 2.055E-19 2.077E-19
 2.630E-19 2.531E-19 1.899E-19 2.064E-19 2.555E-19 2.535E-19 2.103E-19 2.128E-19 2.335E-19 2.407E-19
 2.385E-19 2.219E-19 2.469E-19 2.769E-19 2.634E-19 2.439E-19 2.499E-19 2.382E-19 2.243E-19 2.611E-19
 2.553E-19 2.133E-19 2.358E-19 2.603E-19 2.506E-19 2.633E-19 2.736E-19 2.800E-19 2.710E-19 2.604E-19
 2.677E-19 2.763E-19 2.807E-19 2.627E-19 2.737E-19 2.651E-19 2.517E-19 2.620E-19 2.850E-19 3.053E-19
 3.122E-19 3.048E-19 2.795E-19 2.515E-19 2.401E-19 2.248E-19 2.368E-19 2.782E-19 2.959E-19 2.843E-19
 3.111E-19 3.054E-19 2.745E-19 2.878E-19 2.871E-19 2.568E-19 2.635E-19 3.048E-19 2.974E-19 2.958E-19
 2.976E-19 2.707E-19 2.725E-19 2.904E-19 2.679E-19 2.593E-19 2.894E-19 3.183E-19 3.164E-19 3.115E-19
 2.805E-19 2.708E-19 2.771E-19 2.610E-19 2.776E-19 3.073E-19 3.289E-19 3.273E-19 3.203E-19 3.503E-19
 3.356E-19 3.098E-19 2.912E-19 2.851E-19 2.780E-19 2.884E-19 3.156E-19 3.202E-19 3.119E-19 3.076E-19
 3.234E-19 3.297E-19 3.393E-19 3.191E-19 3.139E-19 3.337E-19 3.450E-19 3.461E-19 3.575E-19 3.660E-19
 3.530E-19 3.091E-19 3.053E-19 3.312E-19 3.785E-19 3.658E-19 3.192E-19 3.315E-19 3.665E-19 3.208E-19
 3.129E-19 3.402E-19 3.472E-19 3.469E-19 3.493E-19 3.485E-19 3.889E-19 4.084E-19 3.549E-19 3.464E-19
 3.979E-19 4.028E-19 3.707E-19 3.743E-19 3.469E-19 2.976E-19 3.491E-19 4.384E-19 4.353E-19 3.648E-19
 3.532E-19 4.009E-19 4.661E-19 5.164E-19 4.811E-19 4.220E-19 4.060E-19 3.918E-19 3.876E-19 4.076E-19
 4.103E-19 4.065E-19 4.427E-19 4.363E-19 4.044E-19 4.229E-19 4.011E-19 3.904E-19 4.461E-19 4.753E-19
 4.229E-19 4.237E-19 4.475E-19 4.218E-19 4.129E-19 3.945E-19 4.088E-19 4.389E-19 4.276E-19 4.314E-19
 4.580E-19 5.016E-19 4.911E-19 4.625E-19 4.449E-19 4.456E-19 4.297E-19 4.318E-19 4.597E-19 5.309E-19
 5.793E-19 5.322E-19 4.928E-19 5.400E-19 5.614E-19 5.285E-19 4.798E-19 4.796E-19 4.696E-19 4.284E-19
 4.193E-19 4.461E-19 4.510E-19 4.651E-19 5.146E-19 5.708E-19 5.663E-19 5.344E-19 5.073E-19 5.153E-19
 5.058E-19 4.592E-19 4.624E-19 5.127E-19 5.129E-19 5.042E-19 5.500E-19 5.950E-19 6.245E-19 6.049E-19
 5.584E-19 5.811E-19 5.584E-19 4.681E-19 4.352E-19 4.913E-19 5.307E-19 5.291E-19 5.343E-19 5.668E-19
 6.006E-19 6.132E-19 5.773E-19 5.538E-19 5.676E-19 5.451E-19 5.361E-19 5.771E-19 6.086E-19 5.732E-19
 5.607E-19 5.972E-19 6.091E-19 5.679E-19 5.668E-19 6.226E-19 6.806E-19 6.674E-19 5.972E-19 5.589E-19
 5.772E-19 5.737E-19 5.656E-19 5.823E-19 6.029E-19 6.219E-19 6.658E-19 6.868E-19 6.947E-19 6.578E-19
 6.496E-19 6.805E-19 7.008E-19 6.725E-19 6.362E-19 6.702E-19 6.674E-19 5.926E-19 5.977E-19 6.402E-19
 6.906E-19 7.841E-19 7.317E-19 5.858E-19 5.929E-19 6.581E-19 6.297E-19 6.315E-19 6.902E-19 6.302E-19
 6.044E-19 6.673E-19 6.939E-19 7.036E-19 7.844E-19 7.535E-19 7.626E-19 7.779E-19 6.891E-19 7.090E-19
 7.745E-19 7.266E-19 7.400E-19 7.650E-19 7.089E-19 7.115E-19 7.256E-19 7.739E-19 8.103E-19 7.814E-19
 7.666E-19 7.711E-19 7.689E-19 7.825E-19 7.516E-19 7.118E-19 7.814E-19 7.949E-19 7.454E-19 7.624E-19
 8.052E-19 8.244E-19 8.823E-19 8.846E-19 8.013E-19 7.788E-19 8.232E-19 9.175E-19 9.170E-19 8.545E-19
 8.475E-19 8.321E-19 7.697E-19 7.980E-19 8.737E-19 9.023E-19 9.362E-19 9.250E-19 8.907E-19 8.905E-19
 8.785E-19 8.313E-19 8.235E-19 8.458E-19 8.297E-19 8.411E-19 8.330E-19 9.183E-19 9.490E-19 8.817E-19
 9.078E-19 9.716E-19 9.262E-19 8.461E-19 8.886E-19 9.441E-19 9.217E-19 9.020E-19 9.174E-19 9.535E-19
 9.347E-19 9.588E-19 8.942E-19 8.948E-19 9.492E-19 9.356E-19 9.095E-19 9.709E-19 9.959E-19 9.056E-19
 9.340E-19 9.038E-19 8.571E-19 9.251E-19 9.864E-19 1.055E-18 1.003E-18 9.515E-19 9.802E-19 1.042E-18
 1.046E-18 9.602E-19 9.371E-19 9.544E-19 9.705E-19 9.168E-19 9.060E-19 9.770E-19 1.047E-18 1.040E-18
 9.826E-19 1.064E-18 1.108E-18 9.760E-19 9.436E-19 9.931E-19 9.817E-19 1.007E-18 1.055E-18 1.020E-18
 1.009E-18 1.072E-18 1.065E-18 1.001E-18 1.015E-18 1.091E-18 1.090E-18 1.051E-18 1.067E-18 1.063E-18
 1.058E-18 1.045E-18 1.054E-18 1.120E-18 1.198E-18 1.131E-18 1.019E-18 1.035E-18 1.103E-18 1.134E-18
 1.159E-18 1.148E-18 1.104E-18 1.048E-18 1.084E-18 1.196E-18 1.255E-18 1.202E-18 1.065E-18 1.038E-18
 1.121E-18 1.137E-18 1.176E-18 1.197E-18 1.123E-18 1.098E-18 1.098E-18 1.188E-18 1.233E-18 1.161E-18
 1.195E-18 1.161E-18 1.081E-18 1.161E-18 1.249E-18 1.223E-18 1.171E-18 1.167E-18 1.210E-18 1.224E-18
 1.165E-18 1.118E-18 1.168E-18 1.286E-18 1.218E-18 1.117E-18 1.064E-18 1.117E-18 1.257E-18 1.269E-18
 1.242E-18 1.221E-18 1.191E-18 1.216E-18 1.319E-18 1.347E-18 1.250E-18 1.208E-18 1.183E-18 1.185E-18
 1.279E-18 1.240E-18 1.210E-18 1.204E-18 1.279E-18 1.327E-18 1.330E-18 1.398E-18 1.422E-18 1.383E-18
 1.232E-18 1.225E-18 1.254E-18 1.219E-18 1.279E-18 1.321E-18 1.269E-18 1.252E-18 1.338E-18 1.326E-18
 1.352E-18 1.437E-18 1.468E-18 1.334E-18 1.173E-18 1.272E-18 1.380E-18 1.362E-18 1.260E-18 1.292E-18
 1.347E-18 1.348E-18 1.381E-18 1.483E-18 1.563E-18 1.364E-18 1.332E-18 1.422E-18 1.414E-18 1.332E-18
 1.282E-18 1.403E-18 1.405E-18 1.314E-18 1.347E-18 1.472E-18 1.573E-18 1.479E-18 1.417E-18 1.423E-18
 1.358E-18 1.267E-18 1.319E-18 1.435E-18 1.427E-18 1.339E-18 1.468E-18 1.601E-18 1.488E-18 1.383E-18
 1.461E-18 1.594E-18 1.517E-18 1.325E-18 1.303E-18 1.395E-18 1.322E-18 1.400E-18 1.570E-18 1.499E-18
 1.359E-18 1.443E-18 1.613E-18 1.612E-18 1.449E-18 1.367E-18 1.390E-18 1.369E-18 1.302E-18 1.461E-18
 1.664E-18 1.716E-18 1.597E-18 1.584E-18 1.595E-18 1.491E-18 1.457E-18 1.562E-18 1.524E-18 1.314E-18
 1.283E-18 1.388E-18 1.454E-18 1.553E-18 1.625E-18 1.609E-18 1.408E-18 1.426E-18 1.596E-18 1.618E-18
 1.469E-18 1.422E-18 1.466E-18 1.419E-18 1.469E-18 1.527E-18 1.564E-18 1.506E-18 1.493E-18 1.665E-18
 1.690E-18 1.534E-18 1.575E-18 1.632E-18 1.553E-18 1.433E-18 1.546E-18 1.717E-18 1.609E-18 1.350E-18
 1.520E-18 1.827E-18 1.727E-18 1.497E-18 1.535E-18 1.647E-18 1.503E-18 1.477E-18 1.631E-18 1.625E-18
 1.435E-18 1.400E-18 1.722E-18 1.797E-18 1.632E-18 1.482E-18 1.638E-18 1.694E-18 1.435E-18 1.458E-18
 1.660E-18 1.612E-18 1.363E-18 1.393E-18 1.804E-18 1.755E-18 1.387E-18 1.508E-18 1.855E-18 1.754E-18
 1.457E-18 1.534E-18 1.728E-18 1.597E-18 1.385E-18 1.644E-18 1.808E-18 1.463E-18 1.313E-18 1.755E-18
 1.903E-18 1.439E-18 1.353E-18 1.864E-18 1.829E-18 1.284E-18 1.373E-18 1.817E-18 1.669E-18 1.245E-18
 1.436E-18 2.007E-18 1.807E-18 1.346E-18 1.640E-18 1.975E-18 1.554E-18 1.304E-18 1.697E-18 1.805E-18
 1.362E-18 1.272E-18 1.800E-18 1.907E-18 1.431E-18 1.575E-18 2.108E-18 1.876E-18 1.390E-18 1.498E-18
 1.838E-18 1.741E-18 1.465E-18 1.572E-18 1.716E-18 1.497E-18 1.385E-18 1.760E-18 2.024E-18 1.678E-18
 1.538E-18 1.816E-18 1.866E-18 1.557E-18 1.515E-18 1.684E-18 1.562E-18 1.357E-18 1.609E-18 1.958E-18
 1.804E-18 1.659E-18 1.775E-18 1.809E-18 1.613E-18 1.532E-18 1.659E-18 1.638E-18 1.489E-18 1.464E-18
 1.606E-18 1.846E-18 1.642E-18 1.493E-18 1.685E-18 1.747E-18 1.652E-18 1.554E-18 1.566E-18 1.595E-18
 1.620E-18 1.586E-18 1.584E-18 1.612E-18 1.681E-18 1.702E-18 1.792E-18 1.866E-18 1.666E-18 1.597E-18
 1.666E-18 1.778E-18 1.648E-18 1.460E-18 1.547E-18 1.738E-18 1.721E-18 1.577E-18 1.694E-18 1.803E-18
 1.676E-18 1.541E-18 1.682E-18 1.701E-18 1.489E-18 1.484E-18 1.691E-18 1.680E-18 1.420E-18 1.586E-18
 1.808E-18 1.611E-18 1.538E-18 1.916E-18 1.932E-18 1.469E-18 1.348E-18 1.714E-18 1.788E-18 1.313E-18
 1.284E-18 1.680E-18 1.666E-18 1.416E-18 1.674E-18 1.910E-18 1.625E-18 1.441E-18 1.653E-18 1.762E-18
 1.344E-18 1.247E-18 1.699E-18 1.766E-18 1.416E-18 1.481E-18 1.918E-18 1.872E-18 1.465E-18 1.537E-18
 1.785E-18 1.451E-18 1.157E-18 1.498E-18 1.708E-18 1.349E-18 1.343E-18 1.749E-18 1.757E-18 1.481E-18
 1.618E-18 1.868E-18 1.561E-18 1.222E-18 1.438E-18 1.573E-18 1.432E-18 1.289E-18 1.557E-18 1.699E-18
 1.511E-18 1.570E-18 1.803E-18 1.755E-18 1.447E-18 1.446E-18 1.458E-18 1.362E-18 1.403E-18 1.727E-18
 1.771E-18 1.588E-18 1.564E-18 1.619E-18 1.555E-18 1.558E-18 1.497E-18 1.421E-18 1.510E-18 1.608E-18
 1.720E-18 1.725E-18 1.635E-18 1.590E-18 1.627E-18 1.694E-18 1.686E-18 1.483E-18 1.483E-18 1.554E-18
 1.589E-18 1.574E-18 1.573E-18 1.559E-18 1.498E-18 1.445E-18 1.752E-18 1.875E-18 1.476E-18 1.336E-18
 1.493E-18 1.663E-18 1.565E-18 1.490E-18 1.641E-18 1.707E-18 1.674E-18 1.798E-18 1.879E-18 1.718E-18
 1.507E-18 1.689E-18 1.811E-18 1.622E-18 1.541E-18 1.892E-18 2.019E-18 1.642E-18 1.529E-18 1.591E-18
 1.348E-18 1.166E-18 1.423E-18 1.424E-18 1.166E-18 1.170E-18 1.486E-18 1.642E-18 1.413E-18 1.462E-18
 1.624E-18 1.275E-18 1.088E-18 1.540E-18 1.662E-18 1.147E-18 9.993E-19 1.386E-18 1.591E-18 1.455E-18
 1.480E-18 1.584E-18 1.387E-18 1.260E-18 1.460E-18 1.505E-18 1.154E-18 1.088E-18 1.383E-18 1.325E-18
 1.278E-18 1.522E-18 1.708E-18 1.520E-18 1.288E-18 1.336E-18 1.250E-18 1.069E-18 1.181E-18 1.361E-18
 1.223E-18 1.170E-18 1.467E-18 1.695E-18 1.527E-18 1.449E-18 1.491E-18 1.229E-18 9.555E-19 1.092E-18
 1.367E-18 1.356E-18 1.240E-18 1.356E-18 1.604E-18 1.655E-18 1.613E-18 1.540E-18 1.316E-18 1.144E-18
 1.107E-18 1.305E-18 1.456E-18 1.285E-18 1.272E-18 1.510E-18 1.624E-18 1.732E-18 1.841E-18 1.700E-18
 1.353E-18 1.181E-18 1.357E-18 1.472E-18 1.404E-18 1.440E-18 1.683E-18 1.854E-18 1.909E-18 1.987E-18
 1.902E-18 1.643E-18 1.537E-18 1.574E-18 1.532E-18 1.529E-18 1.736E-18 2.077E-18 2.246E-18 2.293E-18
 2.272E-18 2.163E-18 1.966E-18 1.852E-18 1.844E-18 1.645E-18 1.417E-18 1.534E-18 1.978E-18 2.029E-18
 1.947E-18 2.141E-18 2.130E-18 1.808E-18 1.835E-18 1.885E-18 1.607E-18 1.507E-18 1.822E-18 2.182E-18
 2.159E-18 2.238E-18 2.555E-18 2.556E-18 2.416E-18 2.493E-18 2.540E-18 2.379E-18 2.436E-18 2.813E-18
 2.921E-18 3.002E-18 3.385E-18 3.665E-18 3.314E-18 2.685E-18 2.034E-18 1.596E-18 1.347E-18 1.370E-18
 1.471E-18 1.331E-18 9.964E-19 1.048E-18 1.372E-18 1.350E-18 1.177E-18 1.123E-18 1.018E-18 8.317E-19
 9.097E-19 1.054E-18 9.147E-19 8.312E-19 9.980E-19 1.219E-18 1.319E-18 1.221E-18 1.205E-18 1.127E-18
 9.562E-19 9.186E-19 9.684E-19 9.837E-19 9.562E-19 1.035E-18 1.136E-18 1.219E-18 1.329E-18 1.446E-18
 1.357E-18 1.187E-18 1.112E-18 1.076E-18 1.033E-18 1.081E-18 1.252E-18 1.225E-18 1.229E-18 1.457E-18
 1.598E-18 1.477E-18 1.446E-18 1.386E-18 1.257E-18 1.120E-18 1.272E-18 1.422E-18 1.337E-18 1.453E-18
 1.745E-18 1.862E-18 1.793E-18 1.743E-18 1.690E-18 1.480E-18 1.430E-18 1.489E-18 1.461E-18 1.489E-18
 1.660E-18 1.833E-18 1.919E-18 2.006E-18 2.055E-18 2.008E-18 1.788E-18 1.851E-18 2.004E-18 2.102E-18
 2.253E-18 2.403E-18 2.501E-18 2.538E-18 2.818E-18 3.061E-18 3.020E-18 2.901E-18 2.980E-18 3.120E-18
 3.246E-18 3.501E-18 3.798E-18 3.847E-18 3.814E-18 4.044E-18 4.397E-18 4.478E-18 4.211E-18 4.057E-18
 3.859E-18 3.466E-18 3.140E-18 2.596E-18 2.226E-18 2.297E-18 2.460E-18 2.676E-18 2.858E-18 2.784E-18
 2.675E-18 2.764E-18 2.939E-18 3.106E-18 3.295E-18 3.552E-18 3.814E-18 4.022E-18 4.126E-18 4.399E-18
 4.714E-18 4.884E-18 5.156E-18 5.702E-18 5.994E-18 6.707E-18 7.364E-18 7.359E-18 9.440E-18 7.540E-18
 8.654E-18 8.359E-18 7.743E-18 6.673E-18 5.238E-18 3.195E-18 1.501E-18 1.023E-18 9.742E-19 1.047E-18
 1.110E-18 1.140E-18 1.196E-18 1.172E-18 1.144E-18 1.065E-18 1.058E-18 1.114E-18 1.154E-18 1.146E-18
 1.169E-18 1.225E-18 1.307E-18 1.416E-18 1.419E-18 1.384E-18 1.378E-18 1.366E-18 1.353E-18 1.352E-18
 1.348E-18 1.332E-18 1.389E-18 1.475E-18 1.610E-18 1.636E-18 1.613E-18 1.681E-18 1.756E-18 1.754E-18
 1.778E-18 1.857E-18 1.940E-18 2.027E-18 2.129E-18 2.256E-18 2.334E-18 2.388E-18 2.464E-18 2.577E-18
 2.581E-18 2.623E-18 2.672E-18 2.701E-18 2.798E-18 3.012E-18 3.258E-18 3.396E-18 3.364E-18 3.378E-18
 3.398E-18 3.352E-18 3.425E-18 3.536E-18 3.362E-18 3.102E-18 3.149E-18 3.315E-18 3.393E-18 3.521E-18
 3.713E-18 3.782E-18 3.921E-18 4.208E-18 4.314E-18 4.504E-18 4.971E-18 5.146E-18 5.251E-18 5.622E-18
 5.995E-18 5.947E-18 6.285E-18 6.631E-18 6.849E-18 7.317E-18 7.203E-18 7.347E-18 7.526E-18 7.348E-18
 7.378E-18 7.516E-18 7.666E-18 8.179E-18 8.124E-18 7.443E-18 7.236E-18 6.905E-18 6.421E-18 5.820E-18
 4.571E-18 2.588E-18 1.054E-18 6.234E-19 5.905E-19 5.592E-19 6.996E-19 7.756E-19 6.039E-19 5.005E-19
 5.840E-19 5.898E-19 6.787E-19 6.728E-19 6.974E-19 7.380E-19 7.419E-19 7.454E-19 6.745E-19 6.161E-19
 5.785E-19 6.099E-19 8.066E-19 8.793E-19 7.247E-19 8.229E-19 8.784E-19 8.207E-19 6.925E-19 5.918E-19
 6.459E-19 7.716E-19 8.818E-19 8.885E-19 8.077E-19 8.979E-19 1.006E-18 8.237E-19 6.676E-19 6.957E-19
 8.033E-19 8.382E-19 7.871E-19 9.525E-19 1.149E-18 1.100E-18 9.801E-19 8.681E-19 8.112E-19 8.260E-19
 8.301E-19 7.383E-19 7.911E-19 1.031E-18 1.303E-18 1.082E-18 9.135E-19 1.109E-18 1.094E-18 9.252E-19
 8.075E-19 8.283E-19 9.464E-19 1.124E-18 1.312E-18 1.227E-18 1.058E-18 1.304E-18 1.386E-18 1.049E-18
 8.468E-19 9.408E-19 1.089E-18 1.128E-18 1.159E-18 1.313E-18 1.231E-18 1.403E-18 1.424E-18 1.151E-18
 9.986E-19 1.051E-18 1.145E-18 1.038E-18 1.133E-18 1.544E-18 1.639E-18 1.423E-18 1.399E-18 1.397E-18
 1.279E-18 1.160E-18 1.086E-18 1.127E-18 1.193E-18 1.659E-18 1.841E-18 1.419E-18 1.221E-18 1.450E-18
 1.511E-18 1.255E-18 1.197E-18 1.126E-18 1.163E-18 1.540E-18 1.752E-18 1.386E-18 1.213E-18 1.343E-18
 1.516E-18 1.286E-18 1.006E-18 1.065E-18 1.128E-18 1.217E-18 1.507E-18 1.509E-18 1.231E-18 1.034E-18
 1.180E-18 1.443E-18 1.416E-18 1.150E-18 9.892E-19 1.068E-18 1.539E-18 1.752E-18 1.248E-18 9.241E-19
 1.205E-18 1.708E-18 1.617E-18 1.131E-18 1.041E-18 1.232E-18 1.595E-18 1.598E-18 1.203E-18 1.136E-18
 1.260E-18 1.318E-18 1.451E-18 1.457E-18 1.380E-18 1.303E-18 1.431E-18 1.677E-18 1.530E-18 1.411E-18
 1.221E-18 1.113E-18 1.249E-18 1.853E-18 1.633E-18 1.031E-18 1.348E-18 1.984E-18 1.874E-18 1.442E-18
 1.085E-18 1.092E-18 1.494E-18 1.820E-18 1.718E-18 1.233E-18 1.508E-18 2.134E-18 1.952E-18 1.346E-18
 1.234E-18 1.410E-18 1.512E-18 1.519E-18 1.706E-18 1.846E-18 1.955E-18 2.126E-18 1.788E-18 1.470E-18
 1.543E-18 1.485E-18 1.372E-18 1.358E-18 1.786E-18 2.166E-18 2.151E-18 2.157E-18 2.040E-18 1.693E-18
 1.518E-18 1.497E-18 1.634E-18 1.706E-18 1.544E-18 1.978E-18 2.649E-18 2.612E-18 2.001E-18 1.586E-18
 1.674E-18 1.833E-18 1.702E-18 1.486E-18 1.615E-18 2.007E-18 2.663E-18 2.547E-18 1.888E-18 1.697E-18
 1.772E-18 1.404E-18 1.238E-18 1.407E-18 1.737E-18 1.724E-18 2.074E-18 2.676E-18 2.427E-18 1.892E-18
 1.191E-18 1.054E-18 1.604E-18 2.015E-18 1.575E-18 1.289E-18 1.817E-18 3.035E-18 2.622E-18 1.523E-18
 1.160E-18 1.473E-18 1.847E-18 1.743E-18 1.423E-18 1.495E-18 2.120E-18 2.789E-18 2.715E-18 1.793E-18
 1.526E-18 1.388E-18 1.425E-18 1.642E-18 1.767E-18 1.652E-18 1.825E-18 2.399E-18 2.819E-18 2.171E-18
 1.381E-18 1.375E-18 1.839E-18 1.865E-18 1.502E-18 1.637E-18 2.102E-18 2.251E-18 2.210E-18 2.208E-18
 1.980E-18 1.866E-18 1.383E-18 1.407E-18 1.801E-18 2.197E-18 2.001E-18 1.644E-18 2.197E-18 3.110E-18
 2.446E-18 1.434E-18 1.382E-18 2.000E-18 2.026E-18 1.746E-18 1.930E-18 2.169E-18 2.525E-18 2.537E-18
 2.010E-18 1.862E-18 2.014E-18 1.780E-18 1.516E-18 1.825E-18 2.512E-18 2.165E-18 1.587E-18 2.050E-18
 2.708E-18 2.312E-18 1.589E-18 1.384E-18 1.772E-18 2.463E-18 2.275E-18 1.698E-18 1.715E-18 2.516E-18
 2.778E-18 2.104E-18 1.607E-18 1.774E-18 2.106E-18 2.062E-18 1.950E-18 1.938E-18 1.755E-18 2.041E-18
 2.682E-18 2.337E-18 1.822E-18 1.696E-18 2.135E-18 2.359E-18 1.969E-18 1.667E-18 1.764E-18 2.066E-18
 2.453E-18 2.251E-18 2.062E-18 2.175E-18 2.334E-18 1.976E-18 1.841E-18 1.955E-18 1.600E-18 1.612E-18
 2.318E-18 2.608E-18 2.385E-18 2.337E-18 2.261E-18 2.115E-18 2.006E-18 1.627E-18 1.414E-18 1.754E-18
 2.504E-18 2.764E-18 2.363E-18 2.328E-18 2.474E-18 2.188E-18 1.647E-18 1.389E-18 1.515E-18 1.902E-18
 2.399E-18 2.463E-18 2.609E-18 2.796E-18 2.390E-18 1.784E-18 1.550E-18 1.776E-18 1.873E-18 1.660E-18
 2.022E-18 2.678E-18 3.097E-18 2.651E-18 1.970E-18 1.779E-18 1.857E-18 1.841E-18 1.338E-18 1.237E-18
 2.050E-18 2.954E-18 2.845E-18 2.450E-18 2.117E-18 2.086E-18 1.764E-18 1.309E-18 1.220E-18 1.693E-18
 2.479E-18 2.938E-18 2.583E-18 2.450E-18 2.404E-18 1.766E-18 1.332E-18 1.345E-18 1.649E-18 1.704E-18
 2.239E-18 2.913E-18 2.873E-18 2.552E-18 1.845E-18 1.434E-18 1.670E-18 1.836E-18 1.498E-18 1.529E-18
 2.513E-18 3.460E-18 2.890E-18 2.238E-18 1.856E-18 1.890E-18 1.854E-18 1.257E-18 1.043E-18 1.743E-18
 2.846E-18 2.994E-18 2.372E-18 2.237E-18 2.383E-18 1.677E-18 1.087E-18 1.235E-18 2.120E-18 2.402E-18
 2.280E-18 2.532E-18 2.634E-18 2.375E-18 1.612E-18 1.327E-18 1.590E-18 2.187E-18 1.903E-18 1.566E-18
 2.291E-18 3.006E-18 2.399E-18 1.745E-18 1.531E-18 1.887E-18 2.041E-18 1.460E-18 1.250E-18 2.093E-18
 3.024E-18 2.420E-18 1.863E-18 2.061E-18 2.165E-18 1.551E-18 1.385E-18 1.618E-18 2.044E-18 2.054E-18
 2.268E-18 2.246E-18 2.350E-18 1.960E-18 1.375E-18 1.438E-18 1.812E-18 1.816E-18 1.463E-18 1.857E-18
 2.651E-18 2.537E-18 1.745E-18 1.449E-18 1.657E-18 2.015E-18 1.634E-18 1.338E-18 1.461E-18 2.299E-18
 2.246E-18 1.626E-18 1.734E-18 2.196E-18 1.877E-18 1.255E-18 1.233E-18 1.679E-18 1.824E-18 1.896E-18
 2.062E-18 2.134E-18 2.130E-18 1.630E-18 1.353E-18 1.594E-18 1.835E-18 1.452E-18 1.537E-18 2.171E-18
 2.381E-18 1.936E-18 1.641E-18 1.601E-18 1.925E-18 1.734E-18 1.243E-18 1.162E-18 1.912E-18 2.356E-18
 2.044E-18 1.957E-18 2.083E-18 1.771E-18 1.362E-18 1.152E-18 1.358E-18 1.629E-18 1.666E-18 1.929E-18
 2.244E-18 2.214E-18 1.475E-18 1.136E-18 1.380E-18 1.559E-18 1.239E-18 1.358E-18 2.204E-18 2.493E-18
 1.934E-18 1.537E-18 1.408E-18 1.473E-18 1.312E-18 1.149E-18 1.366E-18 1.962E-18 2.228E-18 1.854E-18
 1.586E-18 1.618E-18 1.423E-18 1.145E-18 1.176E-18 1.383E-18 1.610E-18 1.802E-18 1.899E-18 1.844E-18
 1.767E-18 1.433E-18 1.277E-18 1.257E-18 1.277E-18 1.277E-18 1.610E-18 2.037E-18 1.923E-18 1.597E-18
 1.406E-18 1.329E-18 1.276E-18 1.153E-18 1.255E-18 1.469E-18 1.745E-18 1.703E-18 1.563E-18 1.479E-18
 1.396E-18 1.271E-18 1.199E-18 1.394E-18 1.302E-18 1.380E-18 1.744E-18 1.691E-18 1.380E-18 1.356E-18
 1.359E-18 1.249E-18 1.123E-18 1.161E-18 1.241E-18 1.521E-18 1.541E-18 1.366E-18 1.399E-18 1.414E-18
 1.255E-18 1.202E-18 1.118E-18 1.021E-18 1.126E-18 1.500E-18 1.589E-18 1.382E-18 1.187E-18 1.329E-18
 1.336E-18 1.163E-18 1.011E-18 1.072E-18 1.415E-18 1.451E-18 1.175E-18 1.160E-18 1.432E-18 1.362E-18
 1.025E-18 9.641E-19 1.105E-18 1.196E-18 1.245E-18 1.332E-18 1.381E-18 1.296E-18 1.080E-18 9.749E-19
 1.048E-18 9.862E-19 9.708E-19 1.366E-18 1.577E-18 1.264E-18 1.022E-18 1.006E-18 1.022E-18 8.792E-19
 7.958E-19 9.098E-19 1.296E-18 1.426E-18 1.180E-18 1.044E-18 1.112E-18 9.877E-19 8.953E-19 8.542E-19
 9.775E-19 1.125E-18 1.141E-18 1.080E-18 1.159E-18 1.222E-18 9.774E-19 7.988E-19 8.106E-19 8.418E-19
 8.614E-19 1.061E-18 1.298E-18 1.156E-18 9.614E-19 8.190E-19 8.639E-19 9.043E-19 8.022E-19 8.032E-19
 1.020E-18 1.210E-18 1.042E-18 8.414E-19 8.995E-19 8.685E-19 7.566E-19 7.670E-19 8.963E-19 1.027E-18
 9.821E-19 9.186E-19 8.862E-19 8.794E-19 8.248E-19 7.461E-19 7.576E-19 8.592E-19 8.482E-19 8.651E-19
 9.595E-19 9.157E-19 8.223E-19 7.418E-19 7.651E-19 7.710E-19 6.555E-19 6.528E-19 8.211E-19 9.661E-19
 8.543E-19 7.457E-19 7.469E-19 6.825E-19 5.924E-19 6.213E-19 7.647E-19 8.677E-19 8.689E-19 7.871E-19
 7.434E-19 7.136E-19 6.203E-19 6.150E-19 6.458E-19 6.263E-19 6.023E-19 7.285E-19 8.454E-19 7.637E-19
 6.741E-19 6.392E-19 6.416E-19 5.579E-19 5.036E-19 5.863E-19 6.876E-19 7.338E-19 7.002E-19 6.932E-19
 6.506E-19 6.602E-19 6.408E-19 6.069E-19 5.953E-19 5.855E-19 6.376E-19 6.851E-19 6.960E-19 6.114E-19
 5.321E-19 5.286E-19 5.250E-19 5.422E-19 5.620E-19 6.192E-19 6.212E-19 6.031E-19 5.777E-19 5.365E-19
 5.381E-19 5.611E-19 5.431E-19 5.076E-19 5.679E-19 5.812E-19 5.650E-19 5.662E-19 5.259E-19 5.179E-19
 4.731E-19 4.365E-19 4.543E-19 5.598E-19 6.522E-19 5.877E-19 5.517E-19 5.159E-19 4.847E-19 4.503E-19
 4.416E-19 4.518E-19 4.430E-19 4.964E-19 4.986E-19 4.486E-19 4.527E-19 4.424E-19 3.711E-19 3.415E-19
 3.796E-19 4.210E-19 4.600E-19 5.087E-19 5.289E-19 4.876E-19 4.117E-19 3.570E-19 3.414E-19 3.485E-19
 3.722E-19 4.280E-19 4.502E-19 4.320E-19 3.852E-19 3.878E-19 3.989E-19 3.596E-19 3.300E-19 3.587E-19
 4.113E-19 4.468E-19 4.451E-19 4.020E-19 3.319E-19 3.240E-19 3.581E-19 3.779E-19 3.710E-19 3.696E-19
 3.805E-19 3.696E-19 3.229E-19 3.096E-19 3.162E-19 3.115E-19 3.237E-19 3.377E-19 3.631E-19 3.966E-19
 3.653E-19 3.099E-19 2.941E-19 3.097E-19 2.975E-19 2.955E-19 3.096E-19 3.057E-19 3.384E-19 3.123E-19
 2.807E-19 2.579E-19 2.592E-19 2.941E-19 3.134E-19 2.773E-19 2.596E-19 2.984E-19 3.319E-19 2.699E-19
 2.475E-19 2.475E-19 2.508E-19 2.299E-19 2.476E-19 2.671E-19 2.914E-19 2.899E-19 2.452E-19 2.427E-19
 2.613E-19 2.453E-19 2.272E-19 2.175E-19 2.271E-19 2.294E-19 2.376E-19 2.387E-19 2.235E-19 2.330E-19
 2.279E-19 2.060E-19 1.986E-19 1.987E-19 2.036E-19 2.219E-19 2.024E-19 1.860E-19 1.738E-19 1.359E-19
 1.490E-19 1.866E-19 1.957E-19 2.075E-19 1.979E-19 1.805E-19 1.629E-19 1.607E-19 1.899E-19 1.905E-19
 1.495E-19 1.547E-19 1.864E-19 1.967E-19 1.786E-19 1.519E-19 1.464E-19 1.651E-19 1.882E-19 1.967E-19
 1.740E-19 1.841E-19 2.110E-19 1.917E-19 1.748E-19 1.583E-19 1.284E-19 1.224E-19 1.384E-19 1.595E-19
 1.878E-19 1.893E-19 1.854E-19 1.803E-19 1.643E-19 1.764E-19 1.839E-19 1.544E-19 1.351E-19 1.386E-19
 1.433E-19 1.768E-19 1.839E-19 1.726E-19 1.526E-19 1.545E-19 1.506E-19 1.464E-19 1.547E-19 1.410E-19
 1.244E-19 1.382E-19 1.374E-19 1.267E-19 1.097E-19 1.297E-19 1.528E-19 1.272E-19 1.169E-19 1.246E-19
 1.265E-19 9.934E-20 6.945E-20 7.098E-20 9.052E-20 1.051E-19 1.118E-19 1.269E-19 1.251E-19 1.267E-19
 1.206E-19 1.078E-19 1.250E-19 1.250E-19 1.064E-19 9.783E-20 9.546E-20 9.441E-20 0.000E+00 0.000E+00
