    CCl2F2 1080.0060 1176.9930      6539  273.0000    0.0000 1.605E-18  NCAR    CFC-12              
 1.794E-19 2.044E-19 2.033E-19 1.709E-19 1.628E-19 1.788E-19 1.986E-19 2.214E-19 2.485E-19 2.414E-19
 2.147E-19 2.155E-19 2.341E-19 2.154E-19 1.799E-19 1.914E-19 1.999E-19 1.844E-19 1.979E-19 2.312E-19
 2.268E-19 2.292E-19 2.443E-19 2.193E-19 2.172E-19 2.223E-19 2.145E-19 2.252E-19 2.235E-19 1.867E-19
 1.728E-19 2.034E-19 2.016E-19 1.919E-19 2.088E-19 2.399E-19 2.478E-19 2.421E-19 2.403E-19 2.029E-19
 1.777E-19 2.030E-19 2.139E-19 2.082E-19 2.111E-19 2.347E-19 2.498E-19 2.312E-19 2.100E-19 2.104E-19
 2.260E-19 2.209E-19 2.011E-19 1.936E-19 2.142E-19 2.350E-19 2.315E-19 2.273E-19 2.259E-19 2.360E-19
 2.512E-19 2.204E-19 2.136E-19 2.386E-19 2.073E-19 2.066E-19 2.306E-19 2.356E-19 2.293E-19 2.369E-19
 2.399E-19 2.233E-19 2.399E-19 2.700E-19 2.797E-19 2.665E-19 2.691E-19 2.650E-19 2.471E-19 2.450E-19
 2.450E-19 2.599E-19 2.722E-19 2.548E-19 2.524E-19 2.656E-19 2.580E-19 2.437E-19 2.514E-19 2.524E-19
 2.508E-19 2.527E-19 2.427E-19 1.967E-19 2.133E-19 2.680E-19 2.765E-19 2.740E-19 2.711E-19 2.650E-19
 2.645E-19 2.754E-19 2.795E-19 2.620E-19 2.537E-19 2.544E-19 2.576E-19 2.577E-19 2.657E-19 2.712E-19
 2.801E-19 2.693E-19 2.821E-19 3.033E-19 2.789E-19 2.653E-19 2.524E-19 2.435E-19 2.772E-19 2.958E-19
 2.960E-19 3.134E-19 3.198E-19 3.324E-19 3.233E-19 2.951E-19 2.771E-19 2.650E-19 2.611E-19 2.528E-19
 2.587E-19 2.830E-19 2.753E-19 2.845E-19 3.251E-19 3.297E-19 2.960E-19 2.845E-19 2.903E-19 3.161E-19
 3.223E-19 3.013E-19 2.873E-19 2.794E-19 2.770E-19 2.988E-19 3.318E-19 3.434E-19 3.228E-19 3.041E-19
 2.817E-19 2.609E-19 2.900E-19 3.288E-19 3.080E-19 2.849E-19 2.793E-19 2.805E-19 2.980E-19 3.393E-19
 3.762E-19 3.503E-19 3.143E-19 3.097E-19 3.114E-19 2.984E-19 2.968E-19 3.016E-19 2.868E-19 2.618E-19
 2.592E-19 2.838E-19 3.078E-19 3.127E-19 3.194E-19 3.288E-19 3.195E-19 3.430E-19 3.584E-19 3.447E-19
 3.365E-19 3.147E-19 3.145E-19 3.196E-19 3.345E-19 4.079E-19 4.342E-19 3.734E-19 3.132E-19 3.177E-19
 3.516E-19 3.494E-19 3.220E-19 3.018E-19 3.082E-19 3.181E-19 3.213E-19 3.445E-19 3.860E-19 4.015E-19
 3.675E-19 3.210E-19 3.328E-19 3.408E-19 3.355E-19 3.424E-19 3.435E-19 3.425E-19 3.592E-19 4.032E-19
 4.046E-19 3.733E-19 3.551E-19 3.480E-19 3.396E-19 3.396E-19 3.331E-19 3.414E-19 3.341E-19 3.228E-19
 3.457E-19 3.560E-19 3.594E-19 3.594E-19 3.778E-19 3.735E-19 3.653E-19 3.769E-19 3.772E-19 3.598E-19
 3.840E-19 4.004E-19 3.811E-19 3.570E-19 3.550E-19 3.748E-19 3.868E-19 3.999E-19 3.991E-19 3.965E-19
 4.151E-19 4.098E-19 3.837E-19 3.772E-19 3.427E-19 3.347E-19 3.821E-19 4.066E-19 4.075E-19 4.184E-19
 4.314E-19 4.395E-19 4.404E-19 4.584E-19 4.250E-19 3.573E-19 3.135E-19 3.199E-19 3.648E-19 3.619E-19
 3.537E-19 3.768E-19 4.018E-19 4.036E-19 4.076E-19 3.908E-19 3.822E-19 3.980E-19 3.787E-19 3.495E-19
 3.580E-19 3.858E-19 3.777E-19 3.614E-19 3.800E-19 4.452E-19 4.549E-19 4.435E-19 4.339E-19 3.909E-19
 3.882E-19 4.013E-19 3.909E-19 4.070E-19 4.207E-19 3.984E-19 3.949E-19 4.242E-19 4.557E-19 4.411E-19
 4.120E-19 4.272E-19 3.851E-19 3.669E-19 3.857E-19 4.054E-19 4.210E-19 4.231E-19 4.468E-19 4.637E-19
 4.973E-19 4.897E-19 4.601E-19 4.350E-19 4.308E-19 4.136E-19 3.907E-19 4.286E-19 4.741E-19 4.796E-19
 4.754E-19 4.552E-19 4.881E-19 5.047E-19 4.964E-19 4.736E-19 4.639E-19 4.377E-19 4.135E-19 4.306E-19
 4.386E-19 4.662E-19 5.012E-19 5.128E-19 5.152E-19 5.045E-19 4.703E-19 4.586E-19 4.528E-19 4.796E-19
 4.780E-19 4.470E-19 4.538E-19 4.838E-19 4.737E-19 4.700E-19 4.965E-19 5.030E-19 5.078E-19 5.132E-19
 4.848E-19 4.550E-19 4.795E-19 4.880E-19 4.715E-19 4.532E-19 4.605E-19 5.082E-19 5.376E-19 5.275E-19
 5.082E-19 5.217E-19 5.190E-19 4.997E-19 5.310E-19 5.281E-19 4.931E-19 4.600E-19 4.375E-19 4.600E-19
 4.985E-19 5.212E-19 5.235E-19 5.022E-19 4.661E-19 4.778E-19 4.927E-19 5.202E-19 5.405E-19 5.042E-19
 4.560E-19 4.404E-19 5.117E-19 5.867E-19 5.716E-19 5.437E-19 5.295E-19 5.540E-19 5.491E-19 5.332E-19
 5.675E-19 5.492E-19 5.029E-19 4.689E-19 4.850E-19 5.170E-19 5.464E-19 5.443E-19 5.160E-19 5.319E-19
 5.407E-19 5.593E-19 5.648E-19 5.806E-19 5.684E-19 5.506E-19 5.639E-19 5.306E-19 5.249E-19 5.653E-19
 5.957E-19 5.778E-19 5.370E-19 5.332E-19 5.514E-19 5.798E-19 5.991E-19 5.801E-19 5.524E-19 5.260E-19
 5.093E-19 5.335E-19 5.476E-19 5.459E-19 5.501E-19 5.714E-19 5.916E-19 5.865E-19 5.890E-19 5.919E-19
 5.712E-19 5.528E-19 5.743E-19 5.837E-19 5.821E-19 5.472E-19 5.599E-19 6.301E-19 6.273E-19 6.132E-19
 6.164E-19 6.306E-19 6.392E-19 5.885E-19 5.506E-19 5.393E-19 5.358E-19 5.514E-19 5.705E-19 5.885E-19
 6.146E-19 6.009E-19 5.944E-19 6.062E-19 6.043E-19 5.985E-19 5.832E-19 6.113E-19 5.998E-19 5.759E-19
 6.188E-19 6.578E-19 6.290E-19 6.596E-19 6.446E-19 6.200E-19 6.543E-19 6.204E-19 5.749E-19 5.685E-19
 5.802E-19 6.021E-19 6.086E-19 6.315E-19 6.443E-19 6.314E-19 6.326E-19 6.256E-19 6.259E-19 6.409E-19
 6.737E-19 6.572E-19 6.358E-19 6.204E-19 6.351E-19 6.372E-19 6.459E-19 6.629E-19 6.717E-19 6.515E-19
 6.230E-19 6.460E-19 6.957E-19 6.811E-19 6.847E-19 6.963E-19 6.671E-19 6.592E-19 6.907E-19 7.054E-19
 7.259E-19 7.247E-19 7.128E-19 7.289E-19 7.461E-19 7.755E-19 7.332E-19 6.628E-19 6.537E-19 6.603E-19
 6.754E-19 7.445E-19 7.532E-19 7.079E-19 6.571E-19 6.683E-19 6.933E-19 6.951E-19 6.638E-19 6.255E-19
 6.246E-19 6.415E-19 6.885E-19 7.251E-19 7.090E-19 6.989E-19 6.961E-19 7.220E-19 7.252E-19 7.066E-19
 7.010E-19 6.906E-19 6.766E-19 6.853E-19 6.976E-19 7.207E-19 7.440E-19 7.325E-19 7.066E-19 6.726E-19
 6.656E-19 6.733E-19 7.530E-19 8.017E-19 7.601E-19 7.485E-19 6.995E-19 7.030E-19 7.605E-19 7.398E-19
 6.958E-19 6.658E-19 7.069E-19 7.657E-19 7.754E-19 7.858E-19 7.478E-19 6.726E-19 6.567E-19 7.179E-19
 7.661E-19 7.089E-19 6.909E-19 7.374E-19 7.713E-19 7.866E-19 8.152E-19 8.360E-19 8.327E-19 7.484E-19
 6.857E-19 7.201E-19 7.762E-19 7.823E-19 7.483E-19 7.647E-19 7.953E-19 8.108E-19 8.589E-19 8.934E-19
 8.570E-19 7.478E-19 6.711E-19 7.110E-19 7.877E-19 8.357E-19 8.172E-19 7.796E-19 8.357E-19 8.454E-19
 7.643E-19 7.747E-19 7.691E-19 7.155E-19 7.216E-19 7.930E-19 8.230E-19 8.289E-19 8.444E-19 8.370E-19
 8.184E-19 8.383E-19 8.341E-19 8.043E-19 8.183E-19 8.347E-19 8.733E-19 8.240E-19 7.798E-19 8.319E-19
 8.153E-19 7.862E-19 7.978E-19 8.116E-19 8.158E-19 8.260E-19 8.734E-19 9.225E-19 8.362E-19 7.638E-19
 7.790E-19 8.039E-19 7.989E-19 7.914E-19 7.873E-19 7.434E-19 7.821E-19 8.968E-19 8.916E-19 8.520E-19
 8.466E-19 7.860E-19 7.783E-19 8.406E-19 8.762E-19 7.997E-19 7.482E-19 7.827E-19 8.247E-19 8.433E-19
 9.131E-19 9.421E-19 8.323E-19 8.089E-19 8.468E-19 8.771E-19 8.927E-19 8.831E-19 8.821E-19 8.470E-19
 8.544E-19 9.036E-19 9.732E-19 9.113E-19 7.804E-19 7.941E-19 8.384E-19 8.954E-19 9.394E-19 9.269E-19
 8.664E-19 8.289E-19 8.646E-19 8.790E-19 8.588E-19 8.663E-19 8.679E-19 8.923E-19 8.780E-19 8.681E-19
 8.845E-19 8.905E-19 8.808E-19 9.102E-19 8.683E-19 8.137E-19 8.685E-19 9.328E-19 9.524E-19 9.163E-19
 8.988E-19 8.718E-19 8.609E-19 8.776E-19 9.373E-19 9.423E-19 9.207E-19 9.229E-19 9.338E-19 9.119E-19
 9.587E-19 9.912E-19 8.693E-19 8.251E-19 8.748E-19 8.941E-19 9.550E-19 9.687E-19 9.465E-19 9.451E-19
 9.691E-19 9.724E-19 8.956E-19 8.759E-19 8.956E-19 8.578E-19 8.741E-19 8.934E-19 9.683E-19 9.712E-19
 9.225E-19 9.214E-19 9.299E-19 8.938E-19 8.781E-19 8.911E-19 9.259E-19 9.854E-19 1.050E-18 1.020E-18
 9.083E-19 9.346E-19 9.645E-19 9.072E-19 8.883E-19 8.793E-19 8.497E-19 9.451E-19 1.102E-18 1.157E-18
 9.662E-19 8.766E-19 9.135E-19 9.207E-19 9.407E-19 9.752E-19 9.026E-19 8.230E-19 9.440E-19 1.112E-18
 1.050E-18 9.272E-19 9.403E-19 9.179E-19 8.665E-19 8.793E-19 9.320E-19 9.375E-19 1.003E-18 1.088E-18
 9.966E-19 9.252E-19 9.913E-19 9.516E-19 8.940E-19 9.530E-19 9.797E-19 9.152E-19 9.409E-19 1.132E-18
 1.148E-18 1.004E-18 9.869E-19 1.009E-18 9.225E-19 9.062E-19 1.008E-18 1.046E-18 1.052E-18 1.104E-18
 1.031E-18 1.020E-18 1.045E-18 9.815E-19 9.278E-19 9.245E-19 9.671E-19 9.808E-19 9.989E-19 1.075E-18
 1.093E-18 1.012E-18 9.741E-19 1.005E-18 9.835E-19 9.104E-19 9.443E-19 9.914E-19 1.007E-18 1.093E-18
 1.119E-18 1.018E-18 1.006E-18 1.068E-18 1.056E-18 1.027E-18 1.008E-18 9.982E-19 1.037E-18 1.091E-18
 1.096E-18 1.037E-18 9.797E-19 1.022E-18 9.940E-19 9.757E-19 1.005E-18 1.035E-18 1.004E-18 1.027E-18
 1.119E-18 1.084E-18 9.970E-19 9.716E-19 1.025E-18 1.018E-18 9.590E-19 1.019E-18 1.072E-18 1.037E-18
 1.099E-18 1.078E-18 9.728E-19 9.759E-19 1.030E-18 1.012E-18 9.776E-19 1.016E-18 1.078E-18 1.050E-18
 1.089E-18 1.121E-18 1.129E-18 1.116E-18 1.083E-18 1.047E-18 1.091E-18 1.051E-18 1.039E-18 1.082E-18
 1.077E-18 1.074E-18 1.080E-18 1.091E-18 1.138E-18 1.083E-18 1.007E-18 1.025E-18 1.063E-18 1.044E-18
 1.080E-18 1.073E-18 1.027E-18 1.024E-18 1.026E-18 1.102E-18 1.139E-18 1.096E-18 1.035E-18 1.074E-18
 1.087E-18 1.073E-18 9.959E-19 9.909E-19 1.084E-18 1.124E-18 1.066E-18 1.072E-18 1.133E-18 1.181E-18
 1.098E-18 1.020E-18 1.073E-18 1.104E-18 1.007E-18 1.003E-18 1.078E-18 1.113E-18 1.119E-18 1.109E-18
 1.118E-18 1.172E-18 1.144E-18 1.067E-18 1.091E-18 1.075E-18 9.709E-19 1.019E-18 1.143E-18 1.217E-18
 1.179E-18 1.078E-18 1.067E-18 1.143E-18 1.142E-18 1.067E-18 1.031E-18 1.015E-18 1.059E-18 1.138E-18
 1.161E-18 1.096E-18 1.069E-18 1.098E-18 1.106E-18 1.091E-18 1.107E-18 1.089E-18 1.112E-18 1.160E-18
 1.235E-18 1.163E-18 1.118E-18 1.114E-18 1.173E-18 1.194E-18 1.122E-18 1.042E-18 1.047E-18 1.110E-18
 1.193E-18 1.183E-18 1.098E-18 1.037E-18 1.079E-18 1.181E-18 1.181E-18 1.108E-18 1.081E-18 1.151E-18
 1.203E-18 1.177E-18 1.109E-18 1.154E-18 1.105E-18 1.157E-18 1.246E-18 1.194E-18 1.103E-18 1.096E-18
 1.125E-18 1.227E-18 1.230E-18 1.101E-18 1.020E-18 1.101E-18 1.222E-18 1.265E-18 1.149E-18 1.070E-18
 1.068E-18 1.138E-18 1.247E-18 1.213E-18 1.100E-18 1.016E-18 1.034E-18 1.246E-18 1.325E-18 1.206E-18
 1.128E-18 1.099E-18 1.157E-18 1.211E-18 1.150E-18 1.075E-18 1.075E-18 1.106E-18 1.217E-18 1.236E-18
 1.169E-18 1.161E-18 1.199E-18 1.256E-18 1.203E-18 1.131E-18 1.104E-18 1.100E-18 1.126E-18 1.168E-18
 1.150E-18 1.116E-18 1.168E-18 1.267E-18 1.287E-18 1.196E-18 1.155E-18 1.190E-18 1.186E-18 1.174E-18
 1.197E-18 1.111E-18 1.143E-18 1.212E-18 1.260E-18 1.298E-18 1.214E-18 1.109E-18 1.120E-18 1.113E-18
 1.219E-18 1.237E-18 1.172E-18 1.230E-18 1.259E-18 1.230E-18 1.231E-18 1.192E-18 1.187E-18 1.141E-18
 1.224E-18 1.286E-18 1.200E-18 1.210E-18 1.300E-18 1.252E-18 1.243E-18 1.221E-18 1.168E-18 1.172E-18
 1.167E-18 1.286E-18 1.280E-18 1.174E-18 1.189E-18 1.188E-18 1.170E-18 1.220E-18 1.270E-18 1.276E-18
 1.226E-18 1.248E-18 1.292E-18 1.259E-18 1.227E-18 1.153E-18 1.063E-18 1.176E-18 1.289E-18 1.306E-18
 1.232E-18 1.192E-18 1.213E-18 1.293E-18 1.333E-18 1.241E-18 1.102E-18 1.148E-18 1.337E-18 1.332E-18
 1.197E-18 1.163E-18 1.209E-18 1.299E-18 1.338E-18 1.246E-18 1.116E-18 1.140E-18 1.257E-18 1.283E-18
 1.214E-18 1.189E-18 1.175E-18 1.214E-18 1.314E-18 1.268E-18 1.174E-18 1.167E-18 1.226E-18 1.343E-18
 1.329E-18 1.228E-18 1.170E-18 1.237E-18 1.422E-18 1.417E-18 1.299E-18 1.292E-18 1.274E-18 1.336E-18
 1.349E-18 1.235E-18 1.179E-18 1.188E-18 1.373E-18 1.425E-18 1.221E-18 1.141E-18 1.146E-18 1.220E-18
 1.362E-18 1.361E-18 1.298E-18 1.240E-18 1.323E-18 1.484E-18 1.354E-18 1.227E-18 1.227E-18 1.265E-18
 1.353E-18 1.295E-18 1.232E-18 1.216E-18 1.233E-18 1.393E-18 1.421E-18 1.366E-18 1.329E-18 1.288E-18
 1.374E-18 1.384E-18 1.277E-18 1.278E-18 1.336E-18 1.442E-18 1.465E-18 1.351E-18 1.279E-18 1.208E-18
 1.242E-18 1.361E-18 1.366E-18 1.336E-18 1.289E-18 1.346E-18 1.463E-18 1.387E-18 1.290E-18 1.262E-18
 1.270E-18 1.321E-18 1.330E-18 1.279E-18 1.221E-18 1.304E-18 1.505E-18 1.488E-18 1.367E-18 1.305E-18
 1.254E-18 1.326E-18 1.393E-18 1.340E-18 1.306E-18 1.351E-18 1.432E-18 1.366E-18 1.285E-18 1.319E-18
 1.368E-18 1.411E-18 1.425E-18 1.353E-18 1.243E-18 1.278E-18 1.429E-18 1.427E-18 1.316E-18 1.321E-18
 1.416E-18 1.479E-18 1.483E-18 1.462E-18 1.414E-18 1.354E-18 1.425E-18 1.450E-18 1.382E-18 1.374E-18
 1.405E-18 1.409E-18 1.444E-18 1.506E-18 1.494E-18 1.414E-18 1.396E-18 1.429E-18 1.460E-18 1.468E-18
 1.449E-18 1.428E-18 1.450E-18 1.464E-18 1.463E-18 1.421E-18 1.417E-18 1.464E-18 1.523E-18 1.512E-18
 1.417E-18 1.397E-18 1.425E-18 1.408E-18 1.381E-18 1.387E-18 1.476E-18 1.519E-18 1.479E-18 1.467E-18
 1.453E-18 1.443E-18 1.417E-18 1.430E-18 1.414E-18 1.428E-18 1.502E-18 1.540E-18 1.489E-18 1.465E-18
 1.448E-18 1.442E-18 1.450E-18 1.441E-18 1.459E-18 1.457E-18 1.498E-18 1.563E-18 1.502E-18 1.481E-18
 1.521E-18 1.434E-18 1.376E-18 1.427E-18 1.555E-18 1.602E-18 1.529E-18 1.540E-18 1.526E-18 1.468E-18
 1.445E-18 1.447E-18 1.430E-18 1.433E-18 1.467E-18 1.508E-18 1.566E-18 1.601E-18 1.525E-18 1.426E-18
 1.380E-18 1.424E-18 1.392E-18 1.349E-18 1.401E-18 1.485E-18 1.571E-18 1.544E-18 1.463E-18 1.434E-18
 1.479E-18 1.450E-18 1.391E-18 1.402E-18 1.475E-18 1.542E-18 1.551E-18 1.486E-18 1.397E-18 1.387E-18
 1.382E-18 1.430E-18 1.440E-18 1.414E-18 1.392E-18 1.459E-18 1.465E-18 1.434E-18 1.504E-18 1.505E-18
 1.442E-18 1.441E-18 1.464E-18 1.374E-18 1.320E-18 1.362E-18 1.395E-18 1.491E-18 1.527E-18 1.449E-18
 1.432E-18 1.493E-18 1.573E-18 1.515E-18 1.446E-18 1.427E-18 1.406E-18 1.406E-18 1.457E-18 1.435E-18
 1.450E-18 1.500E-18 1.496E-18 1.467E-18 1.445E-18 1.528E-18 1.565E-18 1.493E-18 1.445E-18 1.376E-18
 1.434E-18 1.516E-18 1.452E-18 1.423E-18 1.410E-18 1.416E-18 1.400E-18 1.461E-18 1.501E-18 1.503E-18
 1.580E-18 1.556E-18 1.434E-18 1.376E-18 1.447E-18 1.488E-18 1.476E-18 1.501E-18 1.598E-18 1.587E-18
 1.519E-18 1.541E-18 1.564E-18 1.487E-18 1.404E-18 1.395E-18 1.475E-18 1.587E-18 1.676E-18 1.721E-18
 1.626E-18 1.572E-18 1.602E-18 1.566E-18 1.524E-18 1.536E-18 1.506E-18 1.424E-18 1.421E-18 1.557E-18
 1.786E-18 1.874E-18 1.674E-18 1.522E-18 1.519E-18 1.460E-18 1.347E-18 1.324E-18 1.414E-18 1.445E-18
 1.455E-18 1.637E-18 1.629E-18 1.508E-18 1.535E-18 1.500E-18 1.423E-18 1.381E-18 1.344E-18 1.319E-18
 1.406E-18 1.545E-18 1.592E-18 1.513E-18 1.432E-18 1.367E-18 1.359E-18 1.402E-18 1.465E-18 1.511E-18
 1.491E-18 1.561E-18 1.615E-18 1.534E-18 1.442E-18 1.457E-18 1.483E-18 1.443E-18 1.449E-18 1.510E-18
 1.591E-18 1.699E-18 1.722E-18 1.734E-18 1.664E-18 1.572E-18 1.565E-18 1.538E-18 1.497E-18 1.497E-18
 1.599E-18 1.608E-18 1.542E-18 1.520E-18 1.522E-18 1.535E-18 1.545E-18 1.479E-18 1.355E-18 1.361E-18
 1.378E-18 1.297E-18 1.257E-18 1.304E-18 1.346E-18 1.294E-18 1.287E-18 1.411E-18 1.549E-18 1.530E-18
 1.432E-18 1.399E-18 1.386E-18 1.306E-18 1.303E-18 1.378E-18 1.432E-18 1.441E-18 1.408E-18 1.378E-18
 1.356E-18 1.350E-18 1.395E-18 1.376E-18 1.343E-18 1.359E-18 1.356E-18 1.328E-18 1.316E-18 1.337E-18
 1.340E-18 1.325E-18 1.287E-18 1.312E-18 1.330E-18 1.305E-18 1.318E-18 1.325E-18 1.296E-18 1.337E-18
 1.376E-18 1.371E-18 1.347E-18 1.346E-18 1.397E-18 1.407E-18 1.356E-18 1.329E-18 1.353E-18 1.350E-18
 1.320E-18 1.321E-18 1.375E-18 1.455E-18 1.517E-18 1.465E-18 1.402E-18 1.422E-18 1.462E-18 1.486E-18
 1.522E-18 1.525E-18 1.489E-18 1.454E-18 1.506E-18 1.537E-18 1.481E-18 1.516E-18 1.593E-18 1.641E-18
 1.639E-18 1.633E-18 1.590E-18 1.617E-18 1.695E-18 1.736E-18 1.747E-18 1.733E-18 1.744E-18 1.753E-18
 1.757E-18 1.772E-18 1.718E-18 1.761E-18 1.793E-18 1.796E-18 1.820E-18 1.866E-18 1.891E-18 1.932E-18
 1.984E-18 1.988E-18 1.952E-18 1.992E-18 1.978E-18 1.947E-18 2.012E-18 2.072E-18 1.997E-18 2.054E-18
 2.144E-18 1.978E-18 1.929E-18 2.038E-18 2.089E-18 2.018E-18 1.967E-18 1.997E-18 2.042E-18 2.068E-18
 2.158E-18 2.151E-18 2.132E-18 2.128E-18 2.201E-18 2.226E-18 2.128E-18 2.062E-18 2.004E-18 1.986E-18
 1.909E-18 1.968E-18 2.046E-18 1.899E-18 1.933E-18 1.935E-18 1.939E-18 2.024E-18 1.981E-18 1.844E-18
 1.762E-18 1.886E-18 2.010E-18 1.945E-18 1.971E-18 2.015E-18 2.012E-18 1.920E-18 1.872E-18 1.899E-18
 1.859E-18 1.863E-18 1.842E-18 1.744E-18 1.786E-18 1.876E-18 1.894E-18 1.934E-18 2.005E-18 1.984E-18
 1.868E-18 1.891E-18 2.038E-18 2.014E-18 1.907E-18 1.979E-18 2.028E-18 2.003E-18 2.038E-18 2.118E-18
 2.203E-18 2.177E-18 2.170E-18 2.081E-18 1.956E-18 1.818E-18 1.781E-18 1.789E-18 1.664E-18 1.605E-18
 1.661E-18 1.641E-18 1.590E-18 1.652E-18 1.671E-18 1.563E-18 1.521E-18 1.648E-18 1.663E-18 1.616E-18
 1.589E-18 1.563E-18 1.534E-18 1.557E-18 1.527E-18 1.523E-18 1.522E-18 1.540E-18 1.605E-18 1.606E-18
 1.568E-18 1.562E-18 1.541E-18 1.504E-18 1.452E-18 1.445E-18 1.611E-18 1.980E-18 2.192E-18 2.003E-18
 1.794E-18 1.790E-18 1.728E-18 1.668E-18 1.700E-18 1.738E-18 1.711E-18 1.737E-18 1.772E-18 1.728E-18
 1.615E-18 1.529E-18 1.478E-18 1.484E-18 1.517E-18 1.577E-18 1.674E-18 1.728E-18 1.647E-18 1.528E-18
 1.522E-18 1.477E-18 1.485E-18 1.571E-18 1.536E-18 1.555E-18 1.725E-18 1.726E-18 1.615E-18 1.506E-18
 1.455E-18 1.483E-18 1.506E-18 1.569E-18 1.591E-18 1.606E-18 1.540E-18 1.454E-18 1.437E-18 1.436E-18
 1.389E-18 1.401E-18 1.479E-18 1.598E-18 1.605E-18 1.389E-18 1.315E-18 1.377E-18 1.403E-18 1.393E-18
 1.365E-18 1.367E-18 1.446E-18 1.464E-18 1.362E-18 1.319E-18 1.296E-18 1.287E-18 1.335E-18 1.325E-18
 1.305E-18 1.345E-18 1.380E-18 1.285E-18 1.225E-18 1.282E-18 1.347E-18 1.348E-18 1.295E-18 1.258E-18
 1.335E-18 1.341E-18 1.290E-18 1.267E-18 1.263E-18 1.248E-18 1.246E-18 1.302E-18 1.272E-18 1.167E-18
 1.159E-18 1.254E-18 1.285E-18 1.231E-18 1.242E-18 1.242E-18 1.254E-18 1.320E-18 1.247E-18 1.114E-18
 1.115E-18 1.144E-18 1.205E-18 1.249E-18 1.215E-18 1.152E-18 1.152E-18 1.178E-18 1.184E-18 1.147E-18
 1.150E-18 1.160E-18 1.213E-18 1.345E-18 1.340E-18 1.152E-18 1.107E-18 1.159E-18 1.155E-18 1.193E-18
 1.170E-18 1.103E-18 1.156E-18 1.230E-18 1.153E-18 1.075E-18 1.119E-18 1.115E-18 1.101E-18 1.230E-18
 1.210E-18 1.097E-18 1.104E-18 1.097E-18 1.083E-18 1.179E-18 1.196E-18 1.088E-18 1.070E-18 1.166E-18
 1.132E-18 1.084E-18 1.186E-18 1.171E-18 1.083E-18 1.185E-18 1.214E-18 1.083E-18 1.074E-18 1.086E-18
 1.080E-18 1.130E-18 1.127E-18 1.051E-18 1.113E-18 1.279E-18 1.275E-18 1.104E-18 1.044E-18 1.070E-18
 1.145E-18 1.232E-18 1.160E-18 1.064E-18 1.013E-18 1.132E-18 1.204E-18 1.112E-18 1.082E-18 1.049E-18
 1.038E-18 1.192E-18 1.236E-18 1.139E-18 1.090E-18 1.132E-18 1.148E-18 1.158E-18 1.146E-18 1.128E-18
 1.162E-18 1.220E-18 1.232E-18 1.170E-18 1.184E-18 1.164E-18 1.108E-18 1.146E-18 1.128E-18 1.083E-18
 1.142E-18 1.179E-18 1.213E-18 1.193E-18 1.121E-18 1.121E-18 1.163E-18 1.228E-18 1.183E-18 1.135E-18
 1.174E-18 1.157E-18 1.236E-18 1.235E-18 1.049E-18 1.086E-18 1.185E-18 1.179E-18 1.186E-18 1.212E-18
 1.178E-18 1.160E-18 1.219E-18 1.182E-18 1.126E-18 1.206E-18 1.203E-18 1.205E-18 1.183E-18 1.136E-18
 1.100E-18 1.164E-18 1.218E-18 1.202E-18 1.237E-18 1.197E-18 1.130E-18 1.120E-18 1.101E-18 1.132E-18
 1.175E-18 1.204E-18 1.269E-18 1.269E-18 1.294E-18 1.230E-18 1.130E-18 1.115E-18 1.155E-18 1.177E-18
 1.179E-18 1.173E-18 1.140E-18 1.205E-18 1.311E-18 1.178E-18 1.123E-18 1.150E-18 1.201E-18 1.266E-18
 1.249E-18 1.179E-18 1.105E-18 1.137E-18 1.216E-18 1.228E-18 1.231E-18 1.207E-18 1.221E-18 1.162E-18
 1.118E-18 1.189E-18 1.167E-18 1.100E-18 1.140E-18 1.266E-18 1.304E-18 1.244E-18 1.243E-18 1.159E-18
 1.110E-18 1.218E-18 1.277E-18 1.202E-18 1.135E-18 1.081E-18 1.110E-18 1.226E-18 1.199E-18 1.121E-18
 1.100E-18 1.255E-18 1.386E-18 1.270E-18 1.159E-18 1.087E-18 1.088E-18 1.175E-18 1.089E-18 1.033E-18
 1.103E-18 1.242E-18 1.341E-18 1.225E-18 1.136E-18 1.129E-18 1.134E-18 1.192E-18 1.207E-18 1.132E-18
 1.038E-18 1.188E-18 1.332E-18 1.234E-18 1.112E-18 1.142E-18 1.211E-18 1.177E-18 1.143E-18 1.076E-18
 1.088E-18 1.194E-18 1.204E-18 1.208E-18 1.251E-18 1.292E-18 1.220E-18 1.140E-18 1.110E-18 1.114E-18
 1.123E-18 1.170E-18 1.325E-18 1.301E-18 1.187E-18 1.193E-18 1.179E-18 1.131E-18 1.135E-18 1.171E-18
 1.245E-18 1.181E-18 1.128E-18 1.158E-18 1.189E-18 1.188E-18 1.138E-18 1.273E-18 1.329E-18 1.150E-18
 1.113E-18 1.155E-18 1.185E-18 1.183E-18 1.122E-18 1.201E-18 1.292E-18 1.278E-18 1.162E-18 1.129E-18
 1.158E-18 1.095E-18 1.147E-18 1.284E-18 1.220E-18 1.100E-18 1.114E-18 1.094E-18 1.037E-18 1.088E-18
 1.220E-18 1.272E-18 1.325E-18 1.316E-18 1.143E-18 1.099E-18 1.151E-18 1.156E-18 1.199E-18 1.313E-18
 1.228E-18 1.114E-18 1.207E-18 1.215E-18 1.081E-18 1.087E-18 1.253E-18 1.254E-18 1.155E-18 1.159E-18
 1.049E-18 1.032E-18 1.175E-18 1.254E-18 1.278E-18 1.316E-18 1.250E-18 1.110E-18 1.072E-18 1.103E-18
 1.126E-18 1.183E-18 1.262E-18 1.171E-18 1.148E-18 1.270E-18 1.223E-18 1.092E-18 1.117E-18 1.139E-18
 1.174E-18 1.236E-18 1.206E-18 1.089E-18 1.115E-18 1.179E-18 1.184E-18 1.266E-18 1.148E-18 1.114E-18
 1.163E-18 1.138E-18 1.110E-18 1.149E-18 1.235E-18 1.194E-18 1.143E-18 1.122E-18 1.100E-18 1.179E-18
 1.237E-18 1.232E-18 1.224E-18 1.148E-18 1.164E-18 1.162E-18 1.089E-18 1.035E-18 1.083E-18 1.243E-18
 1.332E-18 1.285E-18 1.171E-18 1.090E-18 1.075E-18 1.083E-18 1.163E-18 1.152E-18 1.047E-18 1.071E-18
 1.186E-18 1.185E-18 1.134E-18 1.132E-18 1.161E-18 1.143E-18 1.106E-18 1.065E-18 1.070E-18 1.102E-18
 1.184E-18 1.217E-18 1.236E-18 1.168E-18 1.096E-18 1.109E-18 1.046E-18 1.076E-18 1.144E-18 1.203E-18
 1.173E-18 1.143E-18 1.129E-18 1.114E-18 1.181E-18 1.192E-18 1.185E-18 1.134E-18 1.064E-18 1.120E-18
 1.151E-18 1.073E-18 1.076E-18 1.220E-18 1.261E-18 1.149E-18 1.068E-18 1.025E-18 1.054E-18 1.146E-18
 1.138E-18 1.114E-18 1.140E-18 1.130E-18 1.127E-18 1.135E-18 1.077E-18 1.067E-18 1.130E-18 1.143E-18
 1.034E-18 1.065E-18 1.131E-18 1.093E-18 1.048E-18 1.047E-18 1.111E-18 1.118E-18 1.152E-18 1.097E-18
 1.082E-18 1.132E-18 1.092E-18 1.071E-18 1.024E-18 9.329E-19 9.530E-19 1.061E-18 1.119E-18 1.159E-18
 1.179E-18 1.186E-18 1.151E-18 1.070E-18 9.911E-19 9.320E-19 9.454E-19 1.100E-18 1.248E-18 1.219E-18
 1.173E-18 1.054E-18 1.024E-18 1.031E-18 9.460E-19 9.765E-19 1.067E-18 1.099E-18 1.101E-18 1.118E-18
 1.051E-18 1.060E-18 1.049E-18 1.022E-18 1.067E-18 1.105E-18 1.029E-18 9.887E-19 1.081E-18 1.044E-18
 1.016E-18 1.068E-18 1.039E-18 1.087E-18 1.125E-18 1.040E-18 9.716E-19 1.018E-18 1.062E-18 1.007E-18
 9.650E-19 1.024E-18 1.068E-18 1.071E-18 1.101E-18 1.042E-18 9.722E-19 1.008E-18 1.024E-18 1.011E-18
 1.032E-18 1.032E-18 9.977E-19 9.872E-19 9.925E-19 1.012E-18 9.673E-19 9.500E-19 1.017E-18 1.070E-18
 1.045E-18 9.701E-19 9.978E-19 9.911E-19 9.384E-19 1.008E-18 1.076E-18 1.070E-18 1.010E-18 9.366E-19
 9.649E-19 1.040E-18 1.024E-18 9.371E-19 9.518E-19 9.672E-19 9.978E-19 1.048E-18 9.880E-19 9.353E-19
 9.588E-19 9.765E-19 9.639E-19 9.779E-19 9.773E-19 9.485E-19 9.432E-19 9.540E-19 9.555E-19 9.666E-19
 9.400E-19 9.518E-19 9.501E-19 9.608E-19 9.802E-19 8.781E-19 8.760E-19 9.635E-19 9.142E-19 9.374E-19
 1.037E-18 9.673E-19 9.098E-19 8.817E-19 8.501E-19 8.402E-19 9.115E-19 9.382E-19 9.124E-19 9.100E-19
 9.651E-19 9.936E-19 9.643E-19 8.914E-19 8.426E-19 8.449E-19 8.980E-19 9.817E-19 9.612E-19 9.371E-19
 9.288E-19 8.731E-19 9.009E-19 9.319E-19 8.466E-19 7.947E-19 8.805E-19 9.310E-19 8.899E-19 8.811E-19
 8.511E-19 8.336E-19 8.437E-19 8.379E-19 8.268E-19 8.469E-19 9.056E-19 8.984E-19 8.941E-19 9.382E-19
 8.863E-19 8.117E-19 8.027E-19 8.348E-19 8.942E-19 8.473E-19 8.429E-19 9.283E-19 9.364E-19 8.607E-19
 7.886E-19 8.190E-19 8.548E-19 8.544E-19 8.660E-19 8.994E-19 9.014E-19 8.170E-19 7.700E-19 8.079E-19
 8.425E-19 8.707E-19 8.151E-19 7.625E-19 7.480E-19 8.665E-19 9.269E-19 8.290E-19 8.713E-19 9.110E-19
 7.982E-19 7.227E-19 7.638E-19 7.763E-19 7.687E-19 8.402E-19 8.503E-19 8.094E-19 8.246E-19 8.456E-19
 7.830E-19 7.324E-19 7.495E-19 7.945E-19 8.513E-19 8.603E-19 8.518E-19 8.236E-19 7.679E-19 7.572E-19
 7.943E-19 8.161E-19 7.747E-19 7.427E-19 7.927E-19 8.435E-19 8.293E-19 8.022E-19 7.729E-19 8.158E-19
 8.182E-19 7.315E-19 6.951E-19 7.465E-19 8.109E-19 8.127E-19 7.310E-19 6.758E-19 7.384E-19 7.457E-19
 7.145E-19 7.525E-19 7.540E-19 7.839E-19 8.348E-19 7.831E-19 7.233E-19 7.260E-19 7.284E-19 7.033E-19
 7.089E-19 7.010E-19 7.393E-19 8.136E-19 8.236E-19 7.641E-19 6.925E-19 6.633E-19 7.092E-19 7.129E-19
 6.444E-19 6.369E-19 7.530E-19 8.094E-19 7.499E-19 6.621E-19 6.359E-19 6.662E-19 6.998E-19 6.576E-19
 6.293E-19 7.242E-19 8.013E-19 7.748E-19 7.034E-19 6.423E-19 6.346E-19 6.718E-19 6.459E-19 6.354E-19
 6.690E-19 7.470E-19 7.520E-19 7.379E-19 6.960E-19 6.102E-19 6.357E-19 6.578E-19 6.237E-19 6.084E-19
 6.801E-19 6.981E-19 6.842E-19 6.661E-19 6.168E-19 6.266E-19 6.266E-19 6.209E-19 6.328E-19 6.587E-19
 6.526E-19 6.384E-19 6.328E-19 6.146E-19 6.227E-19 6.349E-19 6.059E-19 5.768E-19 6.171E-19 6.435E-19
 5.894E-19 5.731E-19 6.113E-19 6.029E-19 5.928E-19 6.021E-19 6.237E-19 6.643E-19 6.483E-19 6.186E-19
 6.447E-19 6.247E-19 6.015E-19 6.071E-19 6.014E-19 6.033E-19 6.379E-19 6.584E-19 6.304E-19 6.199E-19
 6.021E-19 5.775E-19 5.504E-19 5.518E-19 5.581E-19 5.698E-19 5.735E-19 5.756E-19 5.694E-19 5.474E-19
 5.276E-19 5.408E-19 5.572E-19 5.819E-19 5.807E-19 5.386E-19 5.305E-19 5.592E-19 5.911E-19 5.653E-19
 5.517E-19 5.838E-19 5.797E-19 5.808E-19 5.776E-19 5.644E-19 5.474E-19 5.468E-19 5.541E-19 5.499E-19
 5.532E-19 5.306E-19 5.531E-19 5.645E-19 5.532E-19 5.748E-19 5.903E-19 5.506E-19 5.141E-19 5.058E-19
 5.319E-19 5.447E-19 5.352E-19 5.157E-19 5.113E-19 4.951E-19 4.850E-19 4.726E-19 5.097E-19 5.539E-19
 5.639E-19 5.453E-19 5.213E-19 5.327E-19 5.435E-19 5.212E-19 4.949E-19 4.937E-19 5.070E-19 5.267E-19
 5.484E-19 5.268E-19 4.994E-19 5.048E-19 4.881E-19 4.738E-19 4.459E-19 4.503E-19 5.024E-19 5.126E-19
 5.038E-19 5.125E-19 5.108E-19 4.887E-19 4.714E-19 4.674E-19 4.661E-19 4.858E-19 4.979E-19 5.108E-19
 5.005E-19 4.894E-19 4.765E-19 4.623E-19 4.553E-19 4.673E-19 4.646E-19 4.519E-19 4.502E-19 4.583E-19
 4.645E-19 4.619E-19 4.535E-19 4.904E-19 5.105E-19 4.763E-19 4.743E-19 4.834E-19 4.654E-19 4.709E-19
 5.064E-19 5.114E-19 4.747E-19 4.374E-19 4.295E-19 4.487E-19 4.741E-19 4.607E-19 4.392E-19 4.459E-19
 4.368E-19 4.444E-19 4.625E-19 4.316E-19 4.022E-19 4.476E-19 4.609E-19 4.529E-19 4.243E-19 4.094E-19
 4.540E-19 4.757E-19 4.302E-19 4.124E-19 4.134E-19 4.148E-19 4.354E-19 4.384E-19 3.996E-19 3.841E-19
 4.043E-19 4.394E-19 4.326E-19 4.134E-19 4.434E-19 4.696E-19 4.618E-19 4.083E-19 3.756E-19 3.750E-19
 3.858E-19 3.892E-19 4.064E-19 4.322E-19 4.764E-19 4.645E-19 4.213E-19 4.176E-19 4.299E-19 3.839E-19
 3.564E-19 3.675E-19 4.193E-19 4.650E-19 4.503E-19 3.972E-19 3.516E-19 3.727E-19 3.929E-19 3.754E-19
 3.981E-19 4.094E-19 3.957E-19 4.211E-19 4.062E-19 3.675E-19 3.586E-19 3.748E-19 4.076E-19 4.225E-19
 3.852E-19 3.683E-19 3.918E-19 4.048E-19 3.873E-19 3.605E-19 3.493E-19 3.107E-19 3.336E-19 3.565E-19
 3.260E-19 3.283E-19 3.694E-19 3.948E-19 3.861E-19 3.699E-19 3.529E-19 3.504E-19 3.689E-19 3.774E-19
 3.798E-19 3.573E-19 3.472E-19 3.439E-19 3.575E-19 3.908E-19 4.078E-19 3.825E-19 3.499E-19 3.616E-19
 3.727E-19 3.823E-19 3.764E-19 3.464E-19 3.538E-19 3.682E-19 3.676E-19 3.736E-19 3.674E-19 3.621E-19
 3.888E-19 3.933E-19 3.576E-19 3.526E-19 3.640E-19 3.536E-19 3.370E-19 3.466E-19 3.346E-19 3.046E-19
 3.261E-19 3.307E-19 2.955E-19 3.190E-19 3.338E-19 3.327E-19 3.431E-19 3.292E-19 3.429E-19 3.448E-19
 3.267E-19 3.253E-19 3.104E-19 3.117E-19 3.186E-19 3.422E-19 3.476E-19 3.291E-19 2.965E-19 3.092E-19
 3.333E-19 3.212E-19 2.879E-19 2.780E-19 3.033E-19 3.299E-19 3.432E-19 3.267E-19 3.209E-19 3.312E-19
 3.420E-19 3.000E-19 2.609E-19 2.647E-19 2.682E-19 3.012E-19 3.195E-19 3.154E-19 3.234E-19 3.220E-19
 3.114E-19 3.437E-19 3.480E-19 3.109E-19 3.058E-19 3.025E-19 3.003E-19 3.143E-19 3.368E-19 3.202E-19
 2.764E-19 2.668E-19 2.804E-19 2.934E-19 2.661E-19 2.597E-19 2.916E-19 2.851E-19 2.697E-19 2.679E-19
 2.658E-19 2.486E-19 2.514E-19 2.723E-19 2.872E-19 3.002E-19 2.965E-19 3.094E-19 3.056E-19 2.880E-19
 2.867E-19 2.981E-19 2.906E-19 2.605E-19 2.577E-19 2.804E-19 2.884E-19 2.774E-19 2.748E-19 2.777E-19
 2.761E-19 2.895E-19 3.073E-19 2.873E-19 2.772E-19 2.946E-19 3.048E-19 2.962E-19 2.950E-19 3.019E-19
 2.742E-19 2.699E-19 2.770E-19 2.986E-19 3.173E-19 2.921E-19 2.784E-19 2.740E-19 2.452E-19 2.354E-19
 2.563E-19 2.864E-19 2.896E-19 2.903E-19 3.024E-19 2.918E-19 2.823E-19 2.804E-19 2.820E-19 2.835E-19
 3.033E-19 2.923E-19 2.566E-19 2.556E-19 2.674E-19 2.499E-19 2.458E-19 2.593E-19 2.543E-19 2.522E-19
 2.744E-19 2.821E-19 2.764E-19 2.802E-19 2.963E-19 2.781E-19 2.691E-19 2.732E-19 2.672E-19 2.520E-19
 2.597E-19 2.612E-19 2.674E-19 2.802E-19 2.637E-19 2.662E-19 2.738E-19 2.706E-19 2.512E-19 2.359E-19
 2.518E-19 2.510E-19 2.705E-19 2.741E-19 2.436E-19 2.441E-19 2.548E-19 2.693E-19 2.766E-19 2.732E-19
 2.717E-19 2.596E-19 2.683E-19 2.722E-19 2.653E-19 2.774E-19 2.766E-19 2.540E-19 2.512E-19 3.031E-19
 3.155E-19 2.804E-19 2.679E-19 2.757E-19 2.526E-19 2.195E-19 2.454E-19 2.639E-19 2.426E-19 2.259E-19
 2.590E-19 2.670E-19 2.299E-19 2.459E-19 2.464E-19 2.428E-19 2.698E-19 2.766E-19 2.669E-19 2.673E-19
 2.899E-19 2.784E-19 2.580E-19 2.630E-19 2.655E-19 2.717E-19 2.844E-19 3.082E-19 3.024E-19 2.940E-19
 2.946E-19 2.933E-19 2.570E-19 2.725E-19 3.216E-19 3.055E-19 2.947E-19 3.077E-19 2.994E-19 2.796E-19
 2.872E-19 2.816E-19 2.691E-19 2.636E-19 2.581E-19 2.836E-19 2.727E-19 2.225E-19 2.335E-19 2.566E-19
 2.349E-19 2.592E-19 2.920E-19 2.775E-19 2.686E-19 2.861E-19 3.027E-19 2.981E-19 2.956E-19 3.062E-19
 2.950E-19 2.738E-19 2.899E-19 2.939E-19 2.732E-19 2.719E-19 2.688E-19 2.604E-19 2.877E-19 3.146E-19
 2.839E-19 2.598E-19 2.703E-19 2.663E-19 2.467E-19 2.456E-19 2.641E-19 2.759E-19 2.470E-19 2.655E-19
 3.042E-19 2.725E-19 2.459E-19 2.764E-19 3.048E-19 2.973E-19 2.563E-19 2.443E-19 2.471E-19 2.663E-19
 2.888E-19 2.971E-19 2.730E-19 2.629E-19 2.810E-19 2.776E-19 2.725E-19 2.895E-19 3.013E-19 2.884E-19
 2.572E-19 2.616E-19 2.845E-19 2.810E-19 2.691E-19 2.457E-19 2.247E-19 2.193E-19 2.496E-19 2.335E-19
 2.204E-19 2.385E-19 2.614E-19 2.580E-19 2.779E-19 2.732E-19 2.261E-19 2.085E-19 2.244E-19 2.519E-19
 2.505E-19 2.446E-19 2.462E-19 1.977E-19 2.111E-19 2.518E-19 2.328E-19 2.355E-19 2.637E-19 2.567E-19
 2.535E-19 2.722E-19 2.891E-19 3.042E-19 2.850E-19 2.710E-19 2.781E-19 2.695E-19 2.654E-19 2.511E-19
 2.288E-19 2.317E-19 2.795E-19 2.943E-19 2.770E-19 2.881E-19 2.790E-19 2.558E-19 2.623E-19 2.798E-19
 2.496E-19 1.898E-19 1.753E-19 2.184E-19 2.334E-19 2.248E-19 2.362E-19 2.370E-19 2.210E-19 2.476E-19
 2.703E-19 2.495E-19 2.176E-19 2.093E-19 2.247E-19 2.421E-19 2.263E-19 1.883E-19 1.885E-19 1.997E-19
 1.993E-19 1.750E-19 1.746E-19 1.942E-19 1.980E-19 1.812E-19 1.869E-19 2.206E-19 2.069E-19 1.935E-19
 2.086E-19 2.263E-19 2.246E-19 2.384E-19 2.616E-19 2.379E-19 2.153E-19 2.445E-19 2.554E-19 2.065E-19
 1.649E-19 1.670E-19 1.698E-19 1.900E-19 2.403E-19 2.422E-19 2.105E-19 1.935E-19 1.979E-19 2.023E-19
 2.142E-19 2.217E-19 2.099E-19 1.891E-19 1.860E-19 2.134E-19 1.881E-19 1.602E-19 1.703E-19 1.868E-19
 2.242E-19 2.285E-19 1.886E-19 1.776E-19 2.078E-19 2.452E-19 2.474E-19 2.415E-19 2.184E-19 2.182E-19
 2.150E-19 2.125E-19 2.171E-19 1.985E-19 1.938E-19 2.146E-19 2.185E-19 1.924E-19 1.901E-19 1.738E-19
 1.619E-19 1.744E-19 1.866E-19 2.038E-19 2.122E-19 1.981E-19 2.118E-19 2.231E-19 2.169E-19 2.166E-19
 1.978E-19 1.838E-19 2.062E-19 2.222E-19 2.206E-19 2.350E-19 2.356E-19 2.179E-19 2.001E-19 1.938E-19
 2.051E-19 2.154E-19 2.071E-19 2.298E-19 2.468E-19 2.270E-19 2.206E-19 2.248E-19 2.201E-19 2.027E-19
 1.959E-19 2.018E-19 2.201E-19 2.279E-19 2.416E-19 2.692E-19 2.702E-19 2.620E-19 2.555E-19 2.491E-19
 2.386E-19 2.155E-19 2.210E-19 2.482E-19 2.519E-19 2.497E-19 2.561E-19 2.488E-19 2.415E-19 2.419E-19
 2.404E-19 2.375E-19 2.334E-19 2.699E-19 2.701E-19 2.293E-19 2.067E-19 2.083E-19 2.340E-19 2.594E-19
 2.993E-19 3.154E-19 2.806E-19 2.648E-19 2.876E-19 2.826E-19 2.690E-19 2.779E-19 2.827E-19 3.032E-19
 3.315E-19 3.006E-19 2.670E-19 2.695E-19 2.887E-19 2.917E-19 2.955E-19 2.569E-19 2.484E-19 2.832E-19
 2.669E-19 2.728E-19 2.927E-19 2.832E-19 2.855E-19 2.956E-19 2.999E-19 2.954E-19 2.941E-19 2.886E-19
 2.767E-19 2.841E-19 2.704E-19 2.581E-19 2.883E-19 3.202E-19 3.058E-19 3.048E-19 3.047E-19 2.811E-19
 2.867E-19 3.177E-19 3.232E-19 2.988E-19 2.901E-19 2.983E-19 2.779E-19 2.725E-19 2.795E-19 2.702E-19
 2.666E-19 2.679E-19 2.590E-19 2.758E-19 3.098E-19 3.273E-19 3.021E-19 2.746E-19 2.978E-19 3.000E-19
 2.686E-19 2.402E-19 2.467E-19 2.299E-19 2.441E-19 2.616E-19 2.418E-19 2.638E-19 2.841E-19 2.757E-19
 2.599E-19 2.659E-19 2.959E-19 3.169E-19 3.191E-19 3.118E-19 2.711E-19 2.483E-19 2.840E-19 3.029E-19
 3.311E-19 3.199E-19 3.052E-19 3.156E-19 2.957E-19 2.759E-19 2.706E-19 2.677E-19 2.811E-19 3.042E-19
 3.014E-19 2.959E-19 2.845E-19 2.722E-19 2.812E-19 3.242E-19 3.301E-19 2.930E-19 2.674E-19 2.611E-19
 2.600E-19 2.674E-19 2.876E-19 2.887E-19 2.650E-19 2.252E-19 2.178E-19 2.268E-19 2.509E-19 3.033E-19
 2.967E-19 2.834E-19 2.730E-19 2.402E-19 2.367E-19 2.884E-19 3.126E-19 2.477E-19 2.081E-19 2.263E-19
 2.298E-19 2.154E-19 2.368E-19 2.794E-19 2.397E-19 1.897E-19 2.019E-19 2.185E-19 2.357E-19 2.929E-19
 2.995E-19 2.235E-19 1.993E-19 2.160E-19 2.128E-19 2.260E-19 2.665E-19 2.522E-19 2.106E-19 1.956E-19
 2.132E-19 2.296E-19 2.476E-19 2.888E-19 2.748E-19 2.375E-19 2.270E-19 2.262E-19 2.206E-19 2.360E-19
 2.283E-19 1.882E-19 1.599E-19 1.931E-19 2.262E-19 2.451E-19 2.544E-19 2.363E-19 2.116E-19 1.840E-19
 1.771E-19 1.987E-19 2.165E-19 2.175E-19 1.941E-19 1.644E-19 1.448E-19 1.566E-19 1.892E-19 1.905E-19
 1.813E-19 1.688E-19 1.735E-19 1.836E-19 1.932E-19 1.952E-19 2.077E-19 2.157E-19 2.321E-19 2.202E-19
 1.866E-19 1.744E-19 1.813E-19 1.739E-19 1.632E-19 1.849E-19 1.920E-19 1.955E-19 1.951E-19 1.660E-19
 1.640E-19 1.888E-19 1.993E-19 1.808E-19 1.633E-19 1.573E-19 1.601E-19 1.485E-19 1.443E-19 1.758E-19
 1.867E-19 1.696E-19 1.666E-19 1.481E-19 1.353E-19 1.539E-19 1.781E-19 1.819E-19 1.705E-19 1.619E-19
 1.549E-19 1.504E-19 1.421E-19 1.460E-19 1.339E-19 1.275E-19 1.231E-19 1.349E-19 1.534E-19 1.720E-19
 1.745E-19 1.683E-19 1.688E-19 1.522E-19 1.721E-19 1.877E-19 1.777E-19 1.621E-19 1.485E-19 1.447E-19
 1.583E-19 1.642E-19 1.747E-19 1.797E-19 1.580E-19 1.352E-19 1.345E-19 1.735E-19 1.643E-19 1.350E-19
 1.397E-19 1.563E-19 1.615E-19 1.385E-19 1.412E-19 1.754E-19 1.625E-19 1.450E-19 1.720E-19 1.929E-19
 1.780E-19 1.570E-19 1.678E-19 1.873E-19 1.853E-19 1.824E-19 1.702E-19 1.726E-19 1.927E-19 2.137E-19
 2.116E-19 1.946E-19 2.035E-19 2.120E-19 2.122E-19 1.883E-19 1.857E-19 1.800E-19 1.721E-19 1.685E-19
 1.681E-19 1.868E-19 1.876E-19 1.948E-19 2.092E-19 2.291E-19 2.394E-19 2.165E-19 2.168E-19 2.303E-19
 2.064E-19 1.929E-19 2.045E-19 2.016E-19 2.230E-19 2.421E-19 2.388E-19 2.283E-19 2.165E-19 2.463E-19
 2.662E-19 2.403E-19 2.104E-19 2.241E-19 2.394E-19 2.389E-19 2.355E-19 2.393E-19 2.268E-19 2.507E-19
 3.192E-19 3.350E-19 2.831E-19 2.488E-19 2.356E-19 2.647E-19 2.750E-19 2.466E-19 2.648E-19 2.824E-19
 2.836E-19 2.821E-19 2.934E-19 3.088E-19 3.272E-19 3.495E-19 3.435E-19 2.797E-19 2.088E-19 1.856E-19
 1.919E-19 2.028E-19 2.189E-19 2.261E-19 2.274E-19 2.189E-19 2.200E-19 2.173E-19 2.164E-19 2.052E-19
 1.805E-19 1.442E-19 1.660E-19 1.877E-19 1.764E-19 2.016E-19 2.292E-19 2.241E-19 2.068E-19 2.055E-19
 1.994E-19 1.941E-19 1.921E-19 2.019E-19 1.901E-19 1.918E-19 2.125E-19 1.990E-19 1.941E-19 1.972E-19
 1.843E-19 2.016E-19 2.289E-19 2.222E-19 2.210E-19 2.376E-19 2.291E-19 2.105E-19 2.002E-19 1.960E-19
 1.970E-19 2.002E-19 1.989E-19 2.042E-19 1.990E-19 1.960E-19 2.094E-19 2.170E-19 2.095E-19 2.198E-19
 2.159E-19 1.882E-19 1.728E-19 1.862E-19 1.985E-19 1.715E-19 1.749E-19 1.953E-19 2.171E-19 2.085E-19
 1.831E-19 1.828E-19 1.932E-19 1.842E-19 1.727E-19 1.765E-19 1.817E-19 2.009E-19 2.048E-19 1.798E-19
 1.509E-19 1.726E-19 1.992E-19 1.870E-19 1.752E-19 1.868E-19 2.005E-19 2.053E-19 2.336E-19 2.225E-19
 1.788E-19 1.594E-19 1.674E-19 1.808E-19 1.739E-19 1.668E-19 1.871E-19 2.000E-19 1.757E-19 1.522E-19
 1.563E-19 1.748E-19 1.894E-19 1.858E-19 1.730E-19 1.780E-19 2.009E-19 2.073E-19 1.944E-19 1.745E-19
 1.865E-19 1.850E-19 1.439E-19 1.463E-19 1.712E-19 1.860E-19 1.838E-19 1.879E-19 1.950E-19 1.674E-19
 1.531E-19 1.478E-19 1.361E-19 1.602E-19 1.712E-19 1.726E-19 1.787E-19 1.951E-19 1.915E-19 1.666E-19
 1.502E-19 1.543E-19 1.621E-19 1.653E-19 1.541E-19 1.669E-19 1.918E-19 1.902E-19 1.601E-19 1.477E-19
 1.906E-19 2.094E-19 1.846E-19 1.424E-19 1.555E-19 1.757E-19 1.686E-19 1.612E-19 1.498E-19 1.628E-19
 1.823E-19 1.873E-19 1.574E-19 1.357E-19 1.650E-19 2.103E-19 2.241E-19 2.123E-19 1.810E-19 1.780E-19
 2.084E-19 2.003E-19 1.683E-19 1.706E-19 1.987E-19 1.928E-19 1.708E-19 1.544E-19 1.536E-19 1.522E-19
 1.563E-19 1.631E-19 1.588E-19 1.614E-19 1.628E-19 1.623E-19 1.655E-19 1.570E-19 1.606E-19 1.524E-19
 1.558E-19 1.252E-19 1.371E-19 1.806E-19 1.540E-19 1.301E-19 1.459E-19 1.839E-19 1.900E-19 1.814E-19
 1.797E-19 1.704E-19 1.467E-19 1.407E-19 1.727E-19 1.953E-19 1.990E-19 1.934E-19 1.846E-19 1.826E-19
 1.839E-19 1.862E-19 1.685E-19 1.478E-19 1.460E-19 1.698E-19 1.826E-19 1.768E-19 1.711E-19 1.735E-19
 1.501E-19 1.131E-19 1.212E-19 1.382E-19 1.409E-19 1.502E-19 1.634E-19 1.557E-19 1.392E-19 1.634E-19
 1.962E-19 2.023E-19 1.773E-19 1.480E-19 1.337E-19 1.428E-19 1.887E-19 1.949E-19 1.948E-19 1.895E-19
 1.900E-19 1.935E-19 1.814E-19 1.870E-19 1.503E-19 1.360E-19 1.752E-19 1.774E-19 1.561E-19 1.587E-19
 1.586E-19 1.330E-19 1.261E-19 1.463E-19 1.488E-19 1.631E-19 1.974E-19 2.181E-19 1.791E-19 1.486E-19
 1.719E-19 1.898E-19 1.790E-19 1.664E-19 1.479E-19 1.451E-19 1.693E-19 1.872E-19 1.425E-19 1.157E-19
 1.445E-19 1.759E-19 1.612E-19 1.383E-19 1.244E-19 1.316E-19 1.523E-19 1.657E-19 1.636E-19 1.538E-19
 1.725E-19 1.794E-19 1.383E-19 9.939E-20 1.006E-19 1.571E-19 1.812E-19 1.516E-19 1.415E-19 1.324E-19
 1.426E-19 1.789E-19 1.856E-19 1.524E-19 1.299E-19 1.371E-19 1.634E-19 1.473E-19 1.500E-19 1.893E-19
 2.255E-19 2.211E-19 1.716E-19 1.280E-19 1.147E-19 1.304E-19 1.639E-19 1.720E-19 1.798E-19 1.777E-19
 1.820E-19 1.734E-19 1.585E-19 1.479E-19 1.480E-19 1.388E-19 1.288E-19 1.473E-19 1.715E-19 1.976E-19
 2.052E-19 1.627E-19 1.559E-19 1.679E-19 1.673E-19 1.473E-19 1.115E-19 1.184E-19 1.624E-19 2.060E-19
 2.167E-19 1.923E-19 1.478E-19 1.483E-19 1.689E-19 1.772E-19 1.662E-19 1.430E-19 1.583E-19 1.695E-19
 1.681E-19 1.793E-19 1.714E-19 1.490E-19 1.208E-19 1.121E-19 1.430E-19 1.743E-19 1.797E-19 1.703E-19
 2.040E-19 2.415E-19 2.103E-19 1.736E-19 1.494E-19 1.560E-19 1.448E-19 1.566E-19 1.668E-19 1.439E-19
 1.516E-19 1.867E-19 1.712E-19 1.441E-19 1.521E-19 1.618E-19 1.692E-19 1.572E-19 1.312E-19 1.339E-19
 1.753E-19 2.237E-19 2.307E-19 1.764E-19 1.426E-19 1.435E-19 1.709E-19 1.771E-19 1.500E-19 1.327E-19
 1.403E-19 1.776E-19 2.083E-19 1.679E-19 1.504E-19 1.579E-19 1.637E-19 1.420E-19 1.221E-19 1.478E-19
 1.643E-19 1.638E-19 1.787E-19 1.947E-19 1.643E-19 1.469E-19 1.421E-19 1.443E-19 1.737E-19 1.756E-19
 1.446E-19 1.254E-19 1.510E-19 1.743E-19 1.599E-19 1.828E-19 1.832E-19 1.492E-19 1.340E-19 1.677E-19
 1.692E-19 1.656E-19 1.827E-19 1.743E-19 1.741E-19 1.549E-19 1.283E-19 1.255E-19 1.316E-19 1.523E-19
 1.552E-19 1.564E-19 1.618E-19 1.838E-19 1.957E-19 1.678E-19 1.404E-19 1.397E-19 1.529E-19 1.444E-19
 1.135E-19 1.270E-19 1.726E-19 1.884E-19 1.782E-19 1.541E-19 1.465E-19 1.466E-19 1.529E-19 1.426E-19
 1.336E-19 1.321E-19 1.410E-19 1.545E-19 1.402E-19 1.273E-19 1.562E-19 1.774E-19 1.601E-19 1.507E-19
 1.576E-19 1.686E-19 1.780E-19 1.785E-19 1.591E-19 1.396E-19 1.685E-19 2.206E-19 2.075E-19 1.778E-19
 1.610E-19 1.815E-19 1.939E-19 1.708E-19 1.505E-19 1.840E-19 1.812E-19 1.381E-19 1.386E-19 1.396E-19
 1.549E-19 1.769E-19 1.531E-19 1.366E-19 1.704E-19 1.945E-19 1.761E-19 1.549E-19 1.769E-19 1.775E-19
 1.814E-19 1.746E-19 1.596E-19 1.539E-19 1.619E-19 1.461E-19 1.439E-19 1.755E-19 1.835E-19 1.937E-19
 1.968E-19 1.572E-19 1.472E-19 1.597E-19 1.754E-19 1.864E-19 1.870E-19 1.862E-19 1.857E-19 1.640E-19
 1.649E-19 1.688E-19 1.622E-19 1.601E-19 1.605E-19 1.605E-19 1.476E-19 1.622E-19 1.802E-19 1.966E-19
 1.832E-19 1.773E-19 1.981E-19 1.825E-19 1.601E-19 1.738E-19 1.884E-19 2.064E-19 2.117E-19 1.911E-19
 1.826E-19 1.782E-19 1.674E-19 1.676E-19 1.523E-19 1.536E-19 1.794E-19 1.851E-19 1.709E-19 1.722E-19
 1.585E-19 1.657E-19 1.754E-19 1.571E-19 1.497E-19 1.502E-19 1.450E-19 1.459E-19 1.318E-19 1.238E-19
 1.462E-19 1.723E-19 1.773E-19 1.350E-19 1.130E-19 1.279E-19 1.226E-19 1.227E-19 1.323E-19 1.315E-19
 1.312E-19 1.354E-19 1.525E-19 1.487E-19 1.633E-19 2.130E-19 2.077E-19 1.744E-19 1.658E-19 1.803E-19
 1.655E-19 1.486E-19 1.474E-19 1.583E-19 1.528E-19 1.622E-19 1.705E-19 2.027E-19 2.262E-19 2.140E-19
 1.954E-19 1.801E-19 1.761E-19 2.107E-19 2.183E-19 1.853E-19 1.836E-19 2.176E-19 2.427E-19 2.065E-19
 1.668E-19 1.669E-19 1.710E-19 1.740E-19 1.894E-19 1.929E-19 2.000E-19 2.107E-19 1.988E-19 1.671E-19
 1.758E-19 1.998E-19 2.043E-19 2.390E-19 2.372E-19 2.207E-19 2.258E-19 2.229E-19 2.209E-19 2.083E-19
 1.891E-19 1.881E-19 1.774E-19 1.630E-19 1.764E-19 1.862E-19 1.884E-19 1.800E-19 1.893E-19 1.899E-19
 1.878E-19 2.096E-19 2.332E-19 2.121E-19 1.922E-19 1.978E-19 2.116E-19 2.308E-19 2.230E-19 2.095E-19
 1.967E-19 2.077E-19 2.092E-19 1.823E-19 1.872E-19 2.135E-19 2.150E-19 2.099E-19 2.143E-19 2.054E-19
 1.975E-19 2.035E-19 2.158E-19 2.100E-19 2.003E-19 1.976E-19 2.017E-19 2.348E-19 2.462E-19 2.140E-19
 2.056E-19 2.100E-19 1.690E-19 1.580E-19 2.006E-19 1.868E-19 1.742E-19 2.041E-19 2.404E-19 2.379E-19
 2.222E-19 1.973E-19 1.988E-19 2.121E-19 2.276E-19 2.114E-19 2.096E-19 2.495E-19 2.441E-19 2.161E-19
 2.162E-19 1.951E-19 1.944E-19 2.310E-19 2.500E-19 2.251E-19 1.887E-19 1.954E-19 2.069E-19 2.237E-19
 2.198E-19 1.940E-19 2.002E-19 2.065E-19 1.882E-19 1.917E-19 1.981E-19 2.126E-19 2.037E-19 2.066E-19
 2.239E-19 2.243E-19 2.264E-19 2.308E-19 2.277E-19 2.252E-19 2.541E-19 2.413E-19 2.033E-19 1.872E-19
 1.947E-19 2.242E-19 2.513E-19 2.593E-19 2.444E-19 2.164E-19 2.263E-19 2.673E-19 2.675E-19 2.506E-19
 2.258E-19 2.118E-19 2.510E-19 2.822E-19 2.586E-19 2.251E-19 1.987E-19 2.131E-19 2.461E-19 2.439E-19
 2.330E-19 2.265E-19 2.111E-19 2.296E-19 2.561E-19 2.326E-19 2.034E-19 2.224E-19 2.293E-19 2.283E-19
 2.340E-19 2.388E-19 2.489E-19 2.413E-19 2.436E-19 2.734E-19 2.919E-19 2.847E-19 2.490E-19 2.266E-19
 2.507E-19 2.886E-19 2.854E-19 2.684E-19 2.569E-19 2.541E-19 2.610E-19 2.751E-19 2.690E-19 2.556E-19
 2.348E-19 2.382E-19 2.754E-19 2.811E-19 2.698E-19 2.561E-19 2.508E-19 2.671E-19 2.835E-19 2.857E-19
 2.831E-19 2.495E-19 2.313E-19 2.531E-19 2.694E-19 2.781E-19 2.654E-19 2.517E-19 2.765E-19 3.017E-19
 3.157E-19 3.068E-19 2.648E-19 2.368E-19 2.739E-19 2.949E-19 2.814E-19 2.600E-19 2.273E-19 2.408E-19
 2.870E-19 3.056E-19 2.919E-19 2.871E-19 2.748E-19 2.762E-19 2.951E-19 2.622E-19 2.389E-19 2.443E-19
 2.691E-19 3.021E-19 3.120E-19 2.837E-19 2.530E-19 2.817E-19 2.981E-19 3.076E-19 3.048E-19 3.018E-19
 2.935E-19 2.753E-19 3.107E-19 3.061E-19 2.939E-19 2.753E-19 2.423E-19 2.590E-19 3.042E-19 3.075E-19
 2.771E-19 2.728E-19 2.957E-19 3.173E-19 3.175E-19 3.150E-19 3.038E-19 3.082E-19 3.386E-19 3.647E-19
 3.521E-19 3.190E-19 3.188E-19 3.211E-19 3.222E-19 3.409E-19 3.260E-19 3.010E-19 2.865E-19 2.900E-19
 3.468E-19 3.825E-19 3.615E-19 3.365E-19 3.211E-19 3.229E-19 3.556E-19 3.676E-19 3.321E-19 3.115E-19
 2.935E-19 3.026E-19 3.385E-19 3.387E-19 3.007E-19 2.822E-19 3.021E-19 3.492E-19 3.812E-19 3.222E-19
 2.564E-19 2.744E-19 3.231E-19 3.570E-19 3.532E-19 3.275E-19 3.361E-19 3.650E-19 3.723E-19 3.728E-19
 3.497E-19 3.201E-19 3.203E-19 3.297E-19 3.612E-19 3.503E-19 2.923E-19 2.598E-19 3.033E-19 3.365E-19
 3.452E-19 3.530E-19 3.423E-19 3.312E-19 3.038E-19 3.327E-19 3.864E-19 3.751E-19 3.422E-19 3.299E-19
 3.604E-19 3.834E-19 3.843E-19 3.532E-19 3.250E-19 3.072E-19 3.488E-19 3.922E-19 3.777E-19 3.543E-19
 3.648E-19 3.818E-19 3.765E-19 4.127E-19 4.216E-19 3.644E-19 3.424E-19 3.649E-19 4.030E-19 3.987E-19
 3.582E-19 3.698E-19 3.691E-19 3.416E-19 3.623E-19 4.005E-19 3.727E-19 3.564E-19 3.587E-19 3.750E-19
 3.991E-19 3.725E-19 3.326E-19 3.503E-19 3.876E-19 4.200E-19 4.238E-19 3.969E-19 3.572E-19 3.513E-19
 3.694E-19 4.155E-19 4.381E-19 3.972E-19 3.730E-19 3.936E-19 4.149E-19 4.307E-19 4.186E-19 4.008E-19
 4.077E-19 4.154E-19 4.463E-19 4.610E-19 4.359E-19 4.154E-19 4.108E-19 4.135E-19 4.137E-19 4.424E-19
 4.453E-19 4.049E-19 4.017E-19 4.479E-19 4.770E-19 4.692E-19 4.710E-19 4.711E-19 4.506E-19 4.803E-19
 4.955E-19 4.630E-19 4.286E-19 4.067E-19 4.237E-19 4.698E-19 4.464E-19 3.930E-19 3.809E-19 4.036E-19
 4.624E-19 4.812E-19 4.433E-19 4.266E-19 4.412E-19 4.681E-19 5.117E-19 4.682E-19 4.340E-19 4.330E-19
 4.439E-19 4.628E-19 4.956E-19 4.774E-19 4.151E-19 4.129E-19 4.901E-19 5.222E-19 4.889E-19 4.648E-19
 4.265E-19 4.224E-19 4.606E-19 4.957E-19 4.792E-19 4.467E-19 4.425E-19 4.522E-19 4.836E-19 4.994E-19
 4.783E-19 4.427E-19 4.329E-19 4.606E-19 5.018E-19 5.003E-19 4.583E-19 4.288E-19 4.451E-19 4.882E-19
 5.171E-19 4.958E-19 4.579E-19 4.478E-19 4.888E-19 5.461E-19 5.312E-19 5.164E-19 5.029E-19 4.807E-19
 5.218E-19 5.314E-19 5.240E-19 5.354E-19 5.155E-19 5.047E-19 5.157E-19 5.381E-19 5.365E-19 5.207E-19
 5.122E-19 5.436E-19 5.608E-19 5.316E-19 5.382E-19 5.307E-19 5.209E-19 5.401E-19 5.226E-19 5.101E-19
 5.176E-19 4.936E-19 4.687E-19 4.666E-19 4.891E-19 5.163E-19 5.102E-19 4.876E-19 5.174E-19 5.551E-19
 5.394E-19 5.383E-19 5.172E-19 5.072E-19 5.310E-19 5.416E-19 5.268E-19 5.174E-19 5.028E-19 5.254E-19
 5.356E-19 5.228E-19 5.674E-19 5.703E-19 5.302E-19 5.040E-19 5.402E-19 5.823E-19 5.675E-19 5.255E-19
 5.214E-19 5.464E-19 5.818E-19 6.220E-19 5.802E-19 5.268E-19 5.081E-19 5.393E-19 5.903E-19 5.927E-19
 5.512E-19 5.091E-19 4.999E-19 5.539E-19 6.342E-19 6.262E-19 5.813E-19 5.656E-19 5.710E-19 6.159E-19
 6.326E-19 5.736E-19 5.149E-19 5.079E-19 5.803E-19 6.829E-19 6.467E-19 5.569E-19 5.306E-19 5.481E-19
 6.252E-19 6.943E-19 6.354E-19 5.530E-19 5.266E-19 5.877E-19 7.020E-19 6.750E-19 5.714E-19 5.280E-19
 5.456E-19 6.049E-19 6.558E-19 5.846E-19 5.230E-19 5.022E-19 5.447E-19 6.422E-19 6.501E-19 6.261E-19
 6.081E-19 5.583E-19 6.165E-19 7.221E-19 6.827E-19 6.003E-19 5.509E-19 5.751E-19 6.864E-19 6.949E-19
 6.168E-19 5.560E-19 5.178E-19 5.988E-19 7.356E-19 7.101E-19 6.062E-19 5.405E-19 5.828E-19 6.930E-19
 6.920E-19 6.187E-19 5.538E-19 5.478E-19 6.256E-19 7.176E-19 6.852E-19 5.746E-19 5.529E-19 6.150E-19
 6.791E-19 7.416E-19 6.918E-19 5.875E-19 5.645E-19 6.534E-19 7.471E-19 6.965E-19 6.160E-19 6.100E-19
 5.980E-19 6.495E-19 7.740E-19 7.924E-19 6.468E-19 5.587E-19 6.282E-19 7.432E-19 7.533E-19 6.607E-19
 5.815E-19 5.494E-19 6.359E-19 7.591E-19 7.537E-19 6.252E-19 5.672E-19 6.480E-19 7.380E-19 7.510E-19
 7.222E-19 6.544E-19 6.087E-19 6.552E-19 7.365E-19 7.581E-19 6.402E-19 5.490E-19 6.133E-19 7.108E-19
 7.776E-19 7.966E-19 6.843E-19 6.013E-19 6.621E-19 7.610E-19 7.864E-19 7.148E-19 6.645E-19 6.905E-19
 7.166E-19 7.687E-19 7.788E-19 6.611E-19 5.943E-19 6.672E-19 7.624E-19 7.894E-19 7.191E-19 6.370E-19
 6.147E-19 6.867E-19 7.622E-19 7.498E-19 6.620E-19 6.294E-19 7.320E-19 7.950E-19 8.030E-19 7.306E-19
 6.591E-19 6.458E-19 6.663E-19 7.768E-19 8.573E-19 7.256E-19 6.296E-19 7.293E-19 7.685E-19 7.728E-19
 7.728E-19 7.218E-19 6.956E-19 7.076E-19 8.215E-19 8.838E-19 7.867E-19 6.969E-19 6.974E-19 7.007E-19
 7.742E-19 8.250E-19 7.474E-19 6.835E-19 6.832E-19 7.251E-19 7.914E-19 7.741E-19 7.012E-19 7.069E-19
 6.929E-19 7.465E-19 8.215E-19 7.112E-19 6.131E-19 6.744E-19 7.323E-19 7.831E-19 8.275E-19 7.323E-19
 6.996E-19 6.718E-19 6.959E-19 7.931E-19 8.132E-19 7.445E-19 7.387E-19 7.436E-19 7.791E-19 8.648E-19
 8.084E-19 7.419E-19 6.734E-19 6.977E-19 7.959E-19 7.729E-19 6.704E-19 6.985E-19 6.909E-19 7.284E-19
 8.127E-19 7.650E-19 7.272E-19 7.492E-19 7.803E-19 8.426E-19 8.174E-19 7.052E-19 7.153E-19 7.202E-19
 7.281E-19 7.734E-19 7.326E-19 7.136E-19 7.410E-19 7.645E-19 8.262E-19 8.690E-19 7.982E-19 7.717E-19
 7.837E-19 7.571E-19 8.562E-19 8.410E-19 7.176E-19 7.172E-19 7.326E-19 7.467E-19 8.234E-19 8.414E-19
 7.815E-19 7.232E-19 7.052E-19 8.043E-19 8.426E-19 7.834E-19 7.757E-19 7.492E-19 7.154E-19 8.369E-19
 8.920E-19 8.253E-19 7.539E-19 7.343E-19 8.278E-19 8.732E-19 7.954E-19 7.954E-19 8.140E-19 7.424E-19
 7.671E-19 8.308E-19 7.934E-19 7.338E-19 6.930E-19 7.444E-19 8.330E-19 8.600E-19 8.284E-19 8.040E-19
 7.552E-19 7.739E-19 8.271E-19 7.763E-19 7.681E-19 7.724E-19 7.864E-19 8.207E-19 8.387E-19 8.321E-19
 8.348E-19 7.790E-19 8.007E-19 8.979E-19 8.612E-19 7.903E-19 7.608E-19 7.665E-19 8.355E-19 8.818E-19
 8.471E-19 7.913E-19 7.721E-19 7.884E-19 8.319E-19 8.131E-19 8.385E-19 8.528E-19 8.352E-19 8.629E-19
 8.362E-19 7.877E-19 8.184E-19 8.169E-19 7.880E-19 8.013E-19 8.166E-19 8.402E-19 7.955E-19 7.520E-19
 7.241E-19 7.757E-19 8.513E-19 8.311E-19 7.865E-19 7.968E-19 8.475E-19 8.473E-19 8.263E-19 8.040E-19
 7.856E-19 7.750E-19 8.204E-19 8.708E-19 8.408E-19 8.096E-19 7.796E-19 8.105E-19 8.585E-19 8.667E-19
 8.399E-19 8.091E-19 7.653E-19 7.904E-19 8.213E-19 8.094E-19 8.340E-19 8.065E-19 7.846E-19 7.848E-19
 7.831E-19 8.030E-19 7.865E-19 7.058E-19 7.012E-19 8.077E-19 9.270E-19 9.151E-19 7.906E-19 7.418E-19
 7.568E-19 8.064E-19 8.218E-19 8.006E-19 7.645E-19 7.508E-19 8.402E-19 8.133E-19 7.509E-19 7.332E-19
 7.562E-19 7.531E-19 7.622E-19 7.972E-19 7.900E-19 7.885E-19 7.714E-19 8.294E-19 8.471E-19 8.180E-19
 7.937E-19 7.338E-19 6.806E-19 7.490E-19 7.998E-19 7.970E-19 8.235E-19 8.055E-19 8.050E-19 7.883E-19
 8.303E-19 8.316E-19 7.811E-19 7.043E-19 8.045E-19 9.164E-19 8.738E-19 7.829E-19 6.798E-19 7.151E-19
 7.422E-19 7.731E-19 8.023E-19 8.112E-19 7.749E-19 7.698E-19 7.691E-19 7.830E-19 7.917E-19 7.836E-19
 7.640E-19 7.501E-19 8.035E-19 8.319E-19 8.086E-19 7.760E-19 7.608E-19 7.999E-19 8.067E-19 7.878E-19
 7.575E-19 7.102E-19 7.042E-19 7.794E-19 8.185E-19 8.329E-19 8.387E-19 8.205E-19 8.431E-19 8.015E-19
 7.918E-19 8.054E-19 7.582E-19 7.401E-19 7.838E-19 8.091E-19 7.963E-19 7.679E-19 7.459E-19 7.566E-19
 7.595E-19 7.951E-19 8.162E-19 7.893E-19 7.881E-19 8.221E-19 8.699E-19 8.253E-19 7.793E-19 7.810E-19
 7.818E-19 7.701E-19 8.216E-19 8.352E-19 8.204E-19 8.223E-19 8.100E-19 8.010E-19 7.564E-19 7.616E-19
 7.297E-19 6.996E-19 7.063E-19 7.542E-19 7.514E-19 7.714E-19 8.038E-19 8.139E-19 8.059E-19 7.342E-19
 7.402E-19 7.393E-19 7.391E-19 7.425E-19 7.557E-19 8.388E-19 8.043E-19 7.342E-19 7.561E-19 7.774E-19
 7.663E-19 8.370E-19 8.212E-19 7.699E-19 7.481E-19 7.455E-19 7.466E-19 7.374E-19 7.349E-19 7.187E-19
 7.322E-19 7.020E-19 7.909E-19 8.213E-19 8.271E-19 8.322E-19 8.465E-19 8.302E-19 7.477E-19 7.348E-19
 7.259E-19 7.393E-19 7.070E-19 7.394E-19 8.250E-19 8.565E-19 8.103E-19 7.809E-19 7.867E-19 7.838E-19
 7.865E-19 7.440E-19 7.907E-19 8.036E-19 8.465E-19 8.681E-19 8.386E-19 7.658E-19 7.617E-19 8.041E-19
 7.989E-19 8.366E-19 8.702E-19 8.247E-19 7.708E-19 7.753E-19 7.880E-19 8.176E-19 7.826E-19 7.696E-19
 7.718E-19 7.768E-19 8.139E-19 7.946E-19 7.721E-19 7.565E-19 7.079E-19 6.944E-19 7.242E-19 7.191E-19
 7.185E-19 7.607E-19 7.537E-19 7.097E-19 7.565E-19 7.752E-19 7.722E-19 8.033E-19 7.643E-19 7.413E-19
 7.673E-19 7.708E-19 7.401E-19 7.070E-19 7.107E-19 7.910E-19 8.071E-19 7.440E-19 7.187E-19 7.251E-19
 6.711E-19 7.355E-19 8.099E-19 7.745E-19 7.211E-19 7.151E-19 7.612E-19 7.375E-19 7.566E-19 7.660E-19
 7.681E-19 6.879E-19 6.589E-19 7.466E-19 7.960E-19 7.896E-19 7.141E-19 6.970E-19 6.680E-19 7.257E-19
 7.535E-19 7.520E-19 6.827E-19 6.660E-19 7.433E-19 7.921E-19 7.819E-19 7.363E-19 6.992E-19 6.247E-19
 7.120E-19 7.834E-19 7.822E-19 7.010E-19 6.766E-19 7.223E-19 7.748E-19 7.656E-19 7.721E-19 8.172E-19
 7.575E-19 7.896E-19 7.845E-19 7.616E-19 7.200E-19 7.463E-19 7.661E-19 7.162E-19 6.894E-19 7.026E-19
 7.376E-19 6.651E-19 7.295E-19 7.621E-19 7.608E-19 7.319E-19 7.196E-19 7.511E-19 7.726E-19 8.329E-19
 7.908E-19 7.808E-19 7.503E-19 7.621E-19 7.826E-19 8.064E-19 7.307E-19 6.930E-19 7.001E-19 6.610E-19
 6.828E-19 6.720E-19 7.168E-19 7.194E-19 7.650E-19 7.801E-19 7.531E-19 7.206E-19 7.366E-19 7.459E-19
 7.140E-19 7.218E-19 7.076E-19 7.438E-19 6.778E-19 6.658E-19 7.191E-19 7.283E-19 7.274E-19 7.577E-19
 7.482E-19 6.989E-19 7.154E-19 7.261E-19 7.591E-19 6.915E-19 7.010E-19 6.984E-19 6.474E-19 6.551E-19
 7.195E-19 7.589E-19 6.917E-19 7.093E-19 7.570E-19 7.564E-19 7.374E-19 7.389E-19 7.222E-19 6.809E-19
 6.639E-19 7.673E-19 8.750E-19 7.619E-19 7.674E-19 8.337E-19 7.585E-19 7.470E-19 8.734E-19 8.985E-19
 8.019E-19 8.080E-19 8.117E-19 7.872E-19 8.132E-19 9.670E-19 1.008E-18 9.645E-19 9.868E-19 1.040E-18
 1.030E-18 1.006E-18 1.091E-18 1.065E-18 9.031E-19 8.261E-19 9.112E-19 9.354E-19 8.797E-19 9.053E-19
 9.499E-19 9.796E-19 9.898E-19 1.058E-18 1.106E-18 1.042E-18 8.815E-19 7.890E-19 6.905E-19 5.955E-19
 6.516E-19 7.176E-19 6.913E-19 6.492E-19 7.347E-19 7.275E-19 6.612E-19 7.225E-19 8.097E-19 7.482E-19
 6.486E-19 6.773E-19 6.989E-19 6.768E-19 6.854E-19 7.954E-19 8.018E-19 7.192E-19 7.692E-19 7.952E-19
 7.644E-19 7.671E-19 8.616E-19 8.083E-19 7.161E-19 7.701E-19 8.479E-19 8.306E-19 8.282E-19 8.853E-19
 9.140E-19 9.145E-19 8.818E-19 9.327E-19 9.872E-19 9.726E-19 9.379E-19 9.219E-19 8.809E-19 8.447E-19
 9.278E-19 9.983E-19 9.983E-19 9.750E-19 9.526E-19 9.003E-19 8.533E-19 8.232E-19 7.873E-19 7.561E-19
 7.768E-19 8.073E-19 7.564E-19 7.223E-19 7.073E-19 6.995E-19 7.525E-19 7.909E-19 8.306E-19 8.070E-19
 7.531E-19 7.878E-19 8.500E-19 8.601E-19 8.516E-19 8.803E-19 8.942E-19 9.475E-19 9.980E-19 1.104E-18
 1.047E-18 8.319E-19 7.210E-19 7.348E-19 8.054E-19 9.132E-19 9.442E-19 8.811E-19 8.553E-19 9.022E-19
 1.006E-18 1.139E-18 1.133E-18 1.039E-18 9.967E-19 1.029E-18 1.102E-18 1.269E-18 1.236E-18 9.940E-19
 8.169E-19 7.991E-19 8.391E-19 9.552E-19 1.028E-18 9.282E-19 8.487E-19 8.091E-19 8.034E-19 8.600E-19
 1.002E-18 9.436E-19 7.724E-19 7.303E-19 7.600E-19 7.827E-19 8.959E-19 1.011E-18 8.965E-19 7.463E-19
 6.688E-19 6.614E-19 7.765E-19 9.429E-19 9.250E-19 7.791E-19 6.635E-19 5.914E-19 6.553E-19 9.144E-19
 1.033E-18 8.365E-19 7.565E-19 7.176E-19 6.645E-19 7.876E-19 1.021E-18 9.090E-19 7.464E-19 7.404E-19
 6.970E-19 7.000E-19 9.690E-19 1.115E-18 9.114E-19 8.084E-19 8.193E-19 8.153E-19 9.689E-19 1.191E-18
 1.094E-18 9.563E-19 9.399E-19 9.631E-19 1.116E-18 1.377E-18 1.453E-18 1.354E-18 1.364E-18 1.396E-18
 1.479E-18 1.720E-18 1.881E-18 1.781E-18 1.733E-18 1.803E-18 1.844E-18 2.101E-18 2.569E-18 2.804E-18
 2.883E-18 2.862E-18 2.732E-18 2.360E-18 2.106E-18 2.180E-18 2.266E-18 2.358E-18 2.540E-18 2.716E-18
 2.952E-18 3.209E-18 3.121E-18 2.474E-18 1.385E-18 8.250E-19 7.491E-19 9.077E-19 9.691E-19 8.643E-19
 8.009E-19 7.257E-19 6.950E-19 7.695E-19 9.458E-19 8.809E-19 7.920E-19 7.931E-19 7.383E-19 6.927E-19
 7.534E-19 8.522E-19 7.970E-19 7.746E-19 7.656E-19 7.572E-19 7.036E-19 7.851E-19 8.516E-19 8.323E-19
 8.686E-19 8.604E-19 8.302E-19 8.411E-19 9.490E-19 9.814E-19 9.955E-19 1.006E-18 9.916E-19 1.007E-18
 1.150E-18 1.348E-18 1.432E-18 1.529E-18 1.658E-18 1.748E-18 1.842E-18 2.099E-18 2.358E-18 2.272E-18
 2.102E-18 2.060E-18 2.109E-18 2.365E-18 2.532E-18 2.060E-18 1.464E-18 1.164E-18 9.733E-19 8.356E-19
 7.743E-19 8.797E-19 8.978E-19 8.214E-19 8.152E-19 8.455E-19 8.221E-19 8.213E-19 8.599E-19 8.448E-19
 7.794E-19 7.516E-19 7.912E-19 7.973E-19 8.103E-19 8.624E-19 8.220E-19 7.555E-19 7.273E-19 7.508E-19
 7.976E-19 8.159E-19 8.471E-19 8.090E-19 7.552E-19 7.532E-19 8.047E-19 8.157E-19 7.827E-19 7.732E-19
 7.809E-19 7.379E-19 7.078E-19 7.499E-19 7.749E-19 7.709E-19 8.295E-19 8.355E-19 7.884E-19 7.524E-19
 7.746E-19 8.064E-19 8.510E-19 9.006E-19 9.169E-19 9.069E-19 8.870E-19 8.403E-19 8.468E-19 8.553E-19
 8.430E-19 8.534E-19 8.154E-19 7.631E-19 7.704E-19 7.642E-19 7.839E-19 7.943E-19 7.458E-19 6.819E-19
 6.972E-19 7.624E-19 8.226E-19 8.603E-19 8.704E-19 8.345E-19 7.930E-19 7.734E-19 7.153E-19 7.323E-19
 7.582E-19 7.653E-19 7.612E-19 7.210E-19 6.784E-19 6.992E-19 7.150E-19 7.199E-19 7.575E-19 7.868E-19
 7.823E-19 7.661E-19 7.542E-19 7.414E-19 7.636E-19 8.233E-19 8.621E-19 8.885E-19 9.249E-19 9.585E-19
 9.949E-19 1.102E-18 1.217E-18 1.329E-18 1.405E-18 1.498E-18 1.642E-18 1.873E-18 2.060E-18 2.201E-18
 2.426E-18 2.711E-18 3.035E-18 3.415E-18 3.831E-18 4.396E-18 5.020E-18 5.786E-18 6.540E-18 7.293E-18
 7.757E-18 8.101E-18 8.850E-18 1.039E-17 1.229E-17 1.421E-17 1.554E-17 1.525E-17 1.208E-17 9.731E-18
 9.825E-18 1.107E-17 1.248E-17 1.428E-17 1.605E-17 1.463E-17 7.835E-18 2.926E-18 1.190E-18 7.777E-19
 6.927E-19 6.592E-19 5.863E-19 5.361E-19 5.069E-19 5.075E-19 5.183E-19 5.016E-19 4.991E-19 5.242E-19
 5.242E-19 4.945E-19 4.647E-19 4.936E-19 5.505E-19 5.407E-19 5.478E-19 5.638E-19 4.940E-19 4.474E-19
 4.778E-19 4.970E-19 4.816E-19 5.070E-19 5.214E-19 5.338E-19 5.355E-19 4.552E-19 4.208E-19 4.532E-19
 4.963E-19 4.929E-19 4.827E-19 5.008E-19 4.810E-19 4.885E-19 5.735E-19 6.400E-19 5.234E-19 3.741E-19
 3.415E-19 3.545E-19 3.909E-19 4.349E-19 4.272E-19 3.825E-19 3.594E-19 3.483E-19 3.482E-19 3.694E-19
 4.286E-19 4.714E-19 4.630E-19 4.701E-19 4.619E-19 4.231E-19 4.272E-19 4.418E-19 4.388E-19 4.492E-19
 5.057E-19 5.225E-19 4.910E-19 4.632E-19 4.130E-19 4.041E-19 4.468E-19 4.939E-19 5.296E-19 5.468E-19
 4.971E-19 4.352E-19 4.301E-19 4.547E-19 4.423E-19 4.644E-19 4.981E-19 5.113E-19 4.935E-19 4.540E-19
 4.484E-19 4.996E-19 5.304E-19 5.518E-19 5.834E-19 5.714E-19 5.317E-19 5.173E-19 4.954E-19 5.017E-19
 5.266E-19 5.594E-19 5.688E-19 5.315E-19 5.046E-19 5.165E-19 5.208E-19 5.051E-19 5.246E-19 5.514E-19
 5.457E-19 5.380E-19 5.222E-19 4.969E-19 5.021E-19 5.314E-19 5.404E-19 5.525E-19 5.841E-19 6.133E-19
 5.871E-19 5.631E-19 5.491E-19 5.215E-19 5.310E-19 5.545E-19 5.846E-19 6.025E-19 5.705E-19 5.728E-19
 5.836E-19 5.303E-19 5.401E-19 5.850E-19 6.258E-19 6.462E-19 6.188E-19 5.558E-19 5.123E-19 5.309E-19
 5.622E-19 5.604E-19 5.853E-19 6.085E-19 5.584E-19 5.250E-19 5.627E-19 5.758E-19 5.792E-19 5.901E-19
 6.071E-19 6.165E-19 6.138E-19 6.107E-19 5.953E-19 5.527E-19 5.678E-19 5.750E-19 5.715E-19 5.939E-19
 5.658E-19 5.204E-19 5.485E-19 5.414E-19 5.285E-19 5.426E-19 5.609E-19 6.110E-19 6.193E-19 5.940E-19
 5.787E-19 5.739E-19 5.381E-19 5.190E-19 5.432E-19 5.753E-19 5.383E-19 5.363E-19 5.506E-19 5.455E-19
 5.262E-19 5.194E-19 5.367E-19 5.610E-19 6.007E-19 6.102E-19 6.101E-19 5.904E-19 5.884E-19 5.883E-19
 5.944E-19 5.601E-19 5.242E-19 5.279E-19 5.053E-19 4.810E-19 5.129E-19 5.280E-19 5.699E-19 5.999E-19
 5.832E-19 5.788E-19 5.835E-19 5.538E-19 4.982E-19 4.766E-19 4.912E-19 5.385E-19 5.513E-19 5.971E-19
 5.994E-19 5.603E-19 5.397E-19 5.467E-19 5.543E-19 5.371E-19 4.940E-19 5.194E-19 5.525E-19 5.284E-19
 5.253E-19 5.054E-19 4.632E-19 4.772E-19 5.136E-19 5.603E-19 6.040E-19 6.033E-19 6.216E-19 5.703E-19
 5.370E-19 5.228E-19 4.811E-19 4.817E-19 5.008E-19 4.811E-19 5.125E-19 5.698E-19 5.760E-19 5.702E-19
 5.320E-19 5.226E-19 5.332E-19 5.064E-19 5.144E-19 5.136E-19 4.895E-19 5.264E-19 5.413E-19 5.508E-19
 5.542E-19 5.187E-19 4.919E-19 5.161E-19 5.216E-19 5.434E-19 5.466E-19 5.369E-19 5.651E-19 5.196E-19
 5.051E-19 5.108E-19 4.547E-19 4.924E-19 5.266E-19 5.126E-19 5.467E-19 5.496E-19 5.384E-19 5.618E-19
 5.337E-19 5.105E-19 4.848E-19 4.323E-19 4.475E-19 4.929E-19 5.724E-19 6.703E-19 6.258E-19 5.508E-19
 5.382E-19 4.910E-19 4.723E-19 4.736E-19 4.916E-19 5.413E-19 5.444E-19 5.481E-19 5.698E-19 5.260E-19
 5.063E-19 4.922E-19 4.680E-19 5.168E-19 5.526E-19 5.380E-19 5.290E-19 4.993E-19 4.851E-19 4.711E-19
 4.520E-19 4.943E-19 5.302E-19 5.491E-19 5.714E-19 5.441E-19 5.471E-19 5.694E-19 5.187E-19 5.309E-19
 5.418E-19 4.986E-19 4.752E-19 4.824E-19 5.122E-19 5.656E-19 5.882E-19 5.541E-19 5.520E-19 5.182E-19
 5.173E-19 4.780E-19 4.685E-19 5.135E-19 5.528E-19 5.575E-19 5.338E-19 5.172E-19 5.372E-19 5.280E-19
 4.991E-19 5.273E-19 5.363E-19 5.177E-19 5.228E-19 5.088E-19 5.344E-19 5.813E-19 4.979E-19 4.978E-19
 5.297E-19 5.284E-19 5.385E-19 5.390E-19 4.869E-19 5.080E-19 5.150E-19 5.430E-19 5.392E-19 4.871E-19
 5.134E-19 5.544E-19 5.845E-19 5.783E-19 5.743E-19 5.652E-19 5.737E-19 5.165E-19 5.139E-19 5.143E-19
 5.031E-19 5.150E-19 5.670E-19 5.681E-19 5.562E-19 5.216E-19 5.039E-19 5.258E-19 5.052E-19 5.146E-19
 5.070E-19 4.963E-19 5.137E-19 5.424E-19 5.214E-19 5.139E-19 4.932E-19 5.240E-19 5.423E-19 5.367E-19
 5.360E-19 5.739E-19 5.454E-19 5.180E-19 5.329E-19 5.135E-19 5.060E-19 4.639E-19 4.831E-19 5.193E-19
 5.437E-19 5.437E-19 5.660E-19 5.420E-19 5.554E-19 5.126E-19 4.662E-19 4.843E-19 4.845E-19 5.429E-19
 5.764E-19 5.238E-19 5.173E-19 5.611E-19 5.579E-19 5.805E-19 5.436E-19 5.168E-19 5.264E-19 5.539E-19
 5.725E-19 5.839E-19 5.295E-19 5.271E-19 5.247E-19 4.997E-19 5.207E-19 5.110E-19 5.163E-19 5.493E-19
 5.827E-19 5.865E-19 5.543E-19 4.779E-19 4.960E-19 4.961E-19 4.597E-19 4.659E-19 5.049E-19 5.262E-19
 5.651E-19 5.404E-19 5.766E-19 6.176E-19 5.582E-19 5.205E-19 5.442E-19 5.534E-19 5.578E-19 5.909E-19
 5.422E-19 5.335E-19 5.200E-19 5.203E-19 4.977E-19 4.668E-19 4.866E-19 5.583E-19 5.657E-19 5.812E-19
 5.683E-19 5.222E-19 5.023E-19 4.987E-19 5.065E-19 5.009E-19 5.035E-19 5.144E-19 5.369E-19 5.355E-19
 5.512E-19 5.454E-19 5.361E-19 5.267E-19 5.103E-19 4.979E-19 5.412E-19 5.544E-19 5.200E-19 5.128E-19
 5.045E-19 5.124E-19 5.094E-19 5.063E-19 5.045E-19 5.123E-19 5.239E-19 5.683E-19 5.498E-19 5.119E-19
 5.273E-19 5.653E-19 5.659E-19 5.230E-19 4.829E-19 5.225E-19 5.828E-19 5.806E-19 5.833E-19 5.653E-19
 5.135E-19 4.798E-19 4.915E-19 4.752E-19 5.128E-19 5.427E-19 5.630E-19 5.690E-19 5.498E-19 5.424E-19
 5.576E-19 5.543E-19 5.367E-19 5.119E-19 5.056E-19 5.420E-19 5.195E-19 4.968E-19 4.913E-19 5.272E-19
 5.651E-19 5.719E-19 5.775E-19 5.781E-19 5.520E-19 5.122E-19 5.321E-19 5.398E-19 5.376E-19 5.302E-19
 5.438E-19 5.501E-19 5.394E-19 5.048E-19 5.168E-19 5.438E-19 5.443E-19 5.354E-19 5.256E-19 5.411E-19
 5.724E-19 5.632E-19 5.201E-19 5.053E-19 4.997E-19 5.441E-19 5.540E-19 5.300E-19 5.073E-19 5.266E-19
 5.603E-19 5.580E-19 5.326E-19 5.055E-19 5.191E-19 5.210E-19 5.182E-19 4.761E-19 4.829E-19 5.135E-19
 5.665E-19 5.919E-19 5.542E-19 5.287E-19 5.434E-19 5.970E-19 5.822E-19 5.238E-19 5.087E-19 5.574E-19
 5.670E-19 5.687E-19 5.263E-19 5.038E-19 5.026E-19 5.427E-19 5.364E-19 5.503E-19 5.457E-19 5.217E-19
 5.222E-19 5.227E-19 4.981E-19 4.396E-19 4.711E-19 5.220E-19 5.706E-19 5.301E-19 4.985E-19 4.977E-19
 5.133E-19 4.951E-19 4.876E-19 5.278E-19 5.314E-19 5.254E-19 5.140E-19 5.245E-19 5.242E-19 5.038E-19
 5.166E-19 5.522E-19 4.889E-19 4.743E-19 5.201E-19 5.262E-19 4.916E-19 4.909E-19 5.472E-19 5.345E-19
 5.071E-19 4.925E-19 4.870E-19 4.738E-19 4.948E-19 5.236E-19 5.429E-19 5.329E-19 5.288E-19 5.165E-19
 5.136E-19 5.230E-19 5.050E-19 5.132E-19 5.085E-19 5.356E-19 5.313E-19 5.296E-19 5.133E-19 4.935E-19
 4.949E-19 5.260E-19 5.433E-19 5.285E-19 5.224E-19 5.043E-19 5.248E-19 5.288E-19 5.167E-19 4.936E-19
 5.521E-19 5.602E-19 5.079E-19 4.722E-19 5.167E-19 5.514E-19 5.001E-19 5.032E-19 4.905E-19 4.743E-19
 4.636E-19 4.824E-19 5.135E-19 4.949E-19 4.818E-19 4.925E-19 4.685E-19 4.744E-19 4.802E-19 4.637E-19
 4.634E-19 4.860E-19 5.277E-19 5.450E-19 5.421E-19 5.231E-19 4.925E-19 4.467E-19 4.572E-19 4.669E-19
 4.635E-19 4.954E-19 5.333E-19 5.121E-19 4.642E-19 4.860E-19 5.082E-19 4.853E-19 4.540E-19 4.477E-19
 4.568E-19 4.507E-19 4.666E-19 4.907E-19 5.120E-19 5.011E-19 4.698E-19 4.544E-19 4.262E-19 4.469E-19
 4.661E-19 4.761E-19 5.074E-19 5.058E-19 4.904E-19 4.786E-19 4.872E-19 4.842E-19 4.742E-19 4.588E-19
 4.794E-19 5.396E-19 5.422E-19 5.070E-19 5.025E-19 5.100E-19 4.816E-19 4.698E-19 4.523E-19 4.147E-19
 4.348E-19 4.934E-19 4.885E-19 4.521E-19 4.384E-19 4.466E-19 4.621E-19 4.569E-19 4.522E-19 4.558E-19
 4.333E-19 4.386E-19 4.470E-19 4.549E-19 4.622E-19 4.595E-19 4.313E-19 4.088E-19 3.938E-19 4.134E-19
 4.088E-19 4.305E-19 4.707E-19 4.541E-19 4.142E-19 4.064E-19 4.133E-19 4.041E-19 4.210E-19 4.171E-19
 4.197E-19 4.227E-19 4.712E-19 4.962E-19 4.604E-19 3.990E-19 3.818E-19 3.865E-19 3.854E-19 4.030E-19
 4.406E-19 4.644E-19 4.748E-19 4.474E-19 4.121E-19 4.017E-19 3.690E-19 3.751E-19 4.190E-19 4.611E-19
 4.640E-19 4.578E-19 4.798E-19 4.640E-19 4.232E-19 3.823E-19 3.723E-19 3.609E-19 3.662E-19 4.051E-19
 4.180E-19 4.031E-19 4.291E-19 4.115E-19 3.568E-19 3.416E-19 3.437E-19 3.711E-19 4.037E-19 4.183E-19
 4.161E-19 3.976E-19 4.310E-19 4.573E-19 4.238E-19 3.841E-19 3.792E-19 3.780E-19 3.905E-19 4.043E-19
 4.045E-19 4.449E-19 4.316E-19 4.005E-19 3.734E-19 3.720E-19 3.624E-19 3.700E-19 4.068E-19 4.187E-19
 4.286E-19 4.498E-19 4.474E-19 4.244E-19 3.896E-19 3.934E-19 3.790E-19 3.468E-19 3.695E-19 4.017E-19
 4.294E-19 4.410E-19 4.427E-19 4.093E-19 3.694E-19 3.573E-19 3.358E-19 3.642E-19 3.993E-19 3.996E-19
 4.014E-19 4.188E-19 4.323E-19 3.826E-19 3.398E-19 3.463E-19 3.654E-19 3.520E-19 3.554E-19 3.719E-19
 3.969E-19 4.254E-19 4.154E-19 3.676E-19 3.561E-19 3.715E-19 3.489E-19 3.474E-19 3.518E-19 3.680E-19
 3.781E-19 3.890E-19 3.831E-19 3.525E-19 3.295E-19 3.104E-19 3.320E-19 3.583E-19 3.448E-19 3.586E-19
 3.842E-19 4.334E-19 4.226E-19 3.580E-19 3.223E-19 3.234E-19 3.370E-19 3.496E-19 3.540E-19 3.495E-19
 3.473E-19 3.481E-19 3.564E-19 3.127E-19 3.019E-19 3.415E-19 3.361E-19 3.228E-19 3.447E-19 3.703E-19
 3.768E-19 3.958E-19 4.086E-19 3.471E-19 2.803E-19 3.011E-19 3.366E-19 3.354E-19 3.287E-19 3.502E-19
 3.951E-19 4.166E-19 4.280E-19 3.884E-19 3.538E-19 3.415E-19 3.372E-19 3.339E-19 3.346E-19 3.715E-19
 3.641E-19 3.691E-19 3.614E-19 2.900E-19 2.851E-19 3.078E-19 2.880E-19 2.916E-19 3.155E-19 3.094E-19
 3.225E-19 3.540E-19 3.594E-19 2.991E-19 2.754E-19 2.914E-19 2.935E-19 2.671E-19 2.747E-19 3.223E-19
 3.378E-19 3.421E-19 3.060E-19 2.492E-19 2.703E-19 2.980E-19 2.838E-19 2.882E-19 3.108E-19 2.962E-19
 2.830E-19 3.073E-19 3.577E-19 3.351E-19 2.651E-19 2.647E-19 2.646E-19 2.574E-19 2.873E-19 3.146E-19
 3.215E-19 3.209E-19 2.894E-19 2.354E-19 2.316E-19 2.775E-19 2.918E-19 2.948E-19 2.987E-19 2.912E-19
 3.004E-19 3.208E-19 2.967E-19 2.896E-19 3.038E-19 3.114E-19 3.094E-19 2.960E-19 3.023E-19 3.058E-19
 3.280E-19 3.379E-19 2.901E-19 2.620E-19 2.340E-19 2.242E-19 2.471E-19 2.690E-19 2.826E-19 2.773E-19
 2.595E-19 2.849E-19 3.212E-19 2.935E-19 2.664E-19 2.562E-19 2.690E-19 2.715E-19 2.422E-19 2.295E-19
 2.447E-19 2.671E-19 2.738E-19 2.684E-19 2.598E-19 2.467E-19 2.370E-19 2.507E-19 2.374E-19 2.207E-19
 2.464E-19 2.640E-19 2.401E-19 2.132E-19 2.188E-19 2.289E-19 2.162E-19 2.427E-19 2.645E-19 2.718E-19
 2.952E-19 3.002E-19 2.529E-19 2.223E-19 2.128E-19 1.944E-19 2.000E-19 2.198E-19 2.447E-19 2.713E-19
 2.574E-19 2.285E-19 2.383E-19 2.538E-19 2.408E-19 2.385E-19 2.094E-19 1.946E-19 2.190E-19 2.340E-19
 2.402E-19 2.235E-19 2.301E-19 2.265E-19 2.033E-19 2.238E-19 2.587E-19 2.492E-19 2.252E-19 2.131E-19
 2.269E-19 2.392E-19 2.326E-19 2.206E-19 1.821E-19 1.796E-19 1.981E-19 1.797E-19 1.880E-19 2.187E-19
 2.552E-19 2.520E-19 2.226E-19 2.030E-19 1.921E-19 2.004E-19 2.019E-19 1.978E-19 1.941E-19 2.027E-19
 2.045E-19 1.877E-19 1.987E-19 2.080E-19 1.904E-19 1.890E-19 1.959E-19 1.819E-19 1.880E-19 2.147E-19
 2.368E-19 2.038E-19 2.174E-19 2.532E-19 2.269E-19 1.748E-19 1.751E-19 1.849E-19 1.647E-19 1.779E-19
 2.052E-19 1.922E-19 1.841E-19 1.944E-19 1.911E-19 1.981E-19 2.233E-19 2.161E-19 2.003E-19 2.150E-19
 2.233E-19 1.890E-19 1.800E-19 1.779E-19 1.453E-19 1.570E-19 1.882E-19 2.105E-19 2.041E-19 1.968E-19
 1.935E-19 1.945E-19 1.888E-19 1.938E-19 1.995E-19 1.969E-19 2.004E-19 2.022E-19 1.922E-19 0.000E+00
