    CCl2F2 1080.0060 1176.9930      6539  233.0000    0.0000 1.861E-17  NCAR    CFC-12              
 2.019E-19 1.887E-19 1.930E-19 1.806E-19 1.698E-19 1.943E-19 2.202E-19 2.166E-19 2.394E-19 2.561E-19
 2.424E-19 2.203E-19 2.042E-19 2.039E-19 1.907E-19 1.912E-19 1.911E-19 1.898E-19 2.028E-19 2.040E-19
 1.956E-19 2.006E-19 2.388E-19 2.567E-19 2.447E-19 2.299E-19 2.214E-19 2.310E-19 2.259E-19 1.854E-19
 1.954E-19 2.226E-19 2.051E-19 2.141E-19 2.242E-19 2.540E-19 2.601E-19 2.218E-19 2.281E-19 2.234E-19
 2.064E-19 2.033E-19 1.936E-19 2.121E-19 2.016E-19 2.052E-19 2.486E-19 2.589E-19 2.613E-19 2.296E-19
 2.118E-19 2.006E-19 1.952E-19 2.127E-19 2.428E-19 2.560E-19 2.518E-19 2.403E-19 2.378E-19 2.343E-19
 2.472E-19 2.596E-19 2.656E-19 2.461E-19 2.196E-19 2.301E-19 2.424E-19 2.420E-19 2.615E-19 2.785E-19
 2.833E-19 2.764E-19 2.470E-19 2.413E-19 2.362E-19 2.467E-19 2.605E-19 2.518E-19 2.521E-19 2.594E-19
 2.595E-19 2.785E-19 2.892E-19 2.560E-19 2.621E-19 2.908E-19 2.658E-19 2.306E-19 2.351E-19 2.578E-19
 2.686E-19 2.475E-19 2.328E-19 2.332E-19 2.513E-19 2.786E-19 2.807E-19 2.869E-19 2.859E-19 2.576E-19
 2.530E-19 2.819E-19 2.812E-19 2.437E-19 2.213E-19 2.353E-19 2.346E-19 2.458E-19 2.531E-19 2.688E-19
 2.646E-19 2.465E-19 2.382E-19 2.473E-19 2.530E-19 2.585E-19 2.649E-19 2.601E-19 2.659E-19 2.657E-19
 2.822E-19 3.088E-19 3.038E-19 2.808E-19 2.767E-19 2.750E-19 2.654E-19 2.847E-19 3.042E-19 2.926E-19
 2.684E-19 2.420E-19 2.479E-19 2.800E-19 3.169E-19 3.136E-19 3.005E-19 2.822E-19 2.577E-19 2.771E-19
 2.901E-19 2.769E-19 2.551E-19 2.388E-19 2.490E-19 2.658E-19 3.084E-19 3.349E-19 3.150E-19 3.093E-19
 2.784E-19 2.698E-19 2.878E-19 2.827E-19 2.680E-19 2.670E-19 2.753E-19 2.716E-19 2.704E-19 3.122E-19
 3.533E-19 3.202E-19 2.932E-19 3.084E-19 3.290E-19 3.159E-19 2.970E-19 2.737E-19 2.681E-19 2.767E-19
 2.671E-19 2.739E-19 3.172E-19 3.277E-19 3.097E-19 3.184E-19 3.095E-19 2.881E-19 3.092E-19 3.083E-19
 3.080E-19 3.250E-19 3.412E-19 3.253E-19 3.072E-19 3.490E-19 3.904E-19 3.644E-19 3.228E-19 3.216E-19
 3.394E-19 3.271E-19 3.149E-19 3.186E-19 3.341E-19 3.503E-19 3.416E-19 3.569E-19 3.569E-19 3.363E-19
 3.345E-19 3.123E-19 3.179E-19 3.348E-19 3.128E-19 3.185E-19 3.449E-19 3.367E-19 3.258E-19 3.498E-19
 3.628E-19 3.916E-19 3.871E-19 3.794E-19 3.710E-19 3.494E-19 3.370E-19 3.321E-19 3.336E-19 3.355E-19
 3.507E-19 3.541E-19 3.640E-19 3.729E-19 3.645E-19 3.725E-19 3.838E-19 3.630E-19 3.199E-19 3.087E-19
 3.380E-19 3.590E-19 3.650E-19 3.486E-19 3.306E-19 3.557E-19 3.711E-19 3.636E-19 3.832E-19 4.017E-19
 3.926E-19 3.670E-19 3.707E-19 3.930E-19 3.723E-19 3.797E-19 3.988E-19 4.060E-19 3.830E-19 3.799E-19
 4.091E-19 4.136E-19 4.087E-19 4.211E-19 4.445E-19 4.288E-19 3.749E-19 3.516E-19 3.641E-19 3.554E-19
 3.692E-19 3.845E-19 3.860E-19 4.009E-19 4.244E-19 4.030E-19 3.615E-19 3.655E-19 3.908E-19 3.761E-19
 3.491E-19 3.623E-19 3.684E-19 3.766E-19 4.070E-19 4.318E-19 4.246E-19 4.192E-19 3.860E-19 3.602E-19
 3.847E-19 4.055E-19 4.198E-19 4.368E-19 4.121E-19 3.964E-19 4.154E-19 4.304E-19 4.338E-19 4.257E-19
 4.341E-19 4.322E-19 3.983E-19 4.016E-19 4.206E-19 4.214E-19 4.404E-19 4.404E-19 4.416E-19 4.506E-19
 4.714E-19 4.724E-19 4.677E-19 4.370E-19 4.200E-19 4.230E-19 4.314E-19 4.463E-19 4.371E-19 4.531E-19
 4.572E-19 4.580E-19 4.975E-19 4.998E-19 4.859E-19 4.727E-19 4.499E-19 4.254E-19 4.331E-19 4.529E-19
 4.531E-19 4.621E-19 4.726E-19 4.707E-19 4.738E-19 4.706E-19 4.452E-19 4.348E-19 4.715E-19 5.056E-19
 4.627E-19 4.141E-19 4.374E-19 4.741E-19 4.942E-19 5.130E-19 5.190E-19 5.121E-19 4.987E-19 4.780E-19
 4.688E-19 4.769E-19 4.713E-19 4.404E-19 4.191E-19 4.302E-19 4.649E-19 4.737E-19 4.624E-19 4.820E-19
 4.931E-19 4.837E-19 4.926E-19 5.046E-19 5.390E-19 5.389E-19 4.812E-19 4.699E-19 4.863E-19 5.025E-19
 5.342E-19 5.589E-19 5.584E-19 5.246E-19 4.970E-19 5.179E-19 5.355E-19 5.331E-19 5.296E-19 5.054E-19
 4.984E-19 5.028E-19 5.292E-19 5.783E-19 5.765E-19 5.371E-19 5.201E-19 5.458E-19 5.561E-19 5.448E-19
 5.756E-19 5.658E-19 5.122E-19 4.856E-19 4.931E-19 5.232E-19 5.404E-19 5.044E-19 4.908E-19 5.486E-19
 5.572E-19 5.330E-19 5.309E-19 5.731E-19 6.083E-19 5.882E-19 5.437E-19 5.338E-19 5.419E-19 5.783E-19
 5.953E-19 5.885E-19 5.659E-19 5.223E-19 5.072E-19 5.616E-19 6.009E-19 5.947E-19 5.543E-19 5.255E-19
 5.518E-19 5.797E-19 5.579E-19 5.603E-19 5.690E-19 5.725E-19 5.953E-19 5.892E-19 5.704E-19 5.735E-19
 5.807E-19 5.555E-19 5.757E-19 5.909E-19 5.830E-19 5.685E-19 5.548E-19 5.868E-19 6.197E-19 6.123E-19
 5.842E-19 6.101E-19 6.409E-19 5.844E-19 5.301E-19 5.492E-19 5.529E-19 5.773E-19 6.094E-19 6.105E-19
 6.196E-19 5.949E-19 5.883E-19 6.368E-19 6.652E-19 6.563E-19 6.347E-19 6.313E-19 5.877E-19 5.788E-19
 6.142E-19 6.353E-19 6.245E-19 6.184E-19 6.464E-19 6.669E-19 6.954E-19 6.676E-19 6.151E-19 6.034E-19
 5.903E-19 5.706E-19 5.982E-19 6.363E-19 6.497E-19 6.391E-19 6.367E-19 6.475E-19 6.819E-19 6.934E-19
 6.754E-19 6.401E-19 6.340E-19 6.388E-19 6.526E-19 6.705E-19 6.829E-19 6.894E-19 6.921E-19 6.434E-19
 6.050E-19 6.338E-19 7.007E-19 6.934E-19 6.656E-19 6.570E-19 6.613E-19 6.587E-19 6.782E-19 7.212E-19
 7.436E-19 7.043E-19 6.912E-19 7.116E-19 7.446E-19 7.653E-19 7.302E-19 6.843E-19 6.657E-19 6.782E-19
 6.857E-19 7.337E-19 7.303E-19 6.809E-19 6.432E-19 6.597E-19 6.864E-19 7.234E-19 7.010E-19 6.523E-19
 6.506E-19 6.408E-19 6.661E-19 7.277E-19 7.458E-19 7.028E-19 6.914E-19 7.591E-19 7.621E-19 7.199E-19
 7.349E-19 7.347E-19 6.978E-19 6.907E-19 6.750E-19 6.936E-19 7.760E-19 8.048E-19 7.472E-19 6.902E-19
 6.678E-19 6.875E-19 7.515E-19 7.635E-19 7.226E-19 7.433E-19 7.284E-19 7.066E-19 7.732E-19 7.821E-19
 7.247E-19 7.175E-19 7.652E-19 8.207E-19 8.182E-19 8.277E-19 8.075E-19 7.341E-19 6.988E-19 7.435E-19
 8.013E-19 7.647E-19 7.657E-19 8.001E-19 7.849E-19 8.106E-19 8.607E-19 8.608E-19 8.208E-19 7.386E-19
 7.085E-19 7.269E-19 7.828E-19 8.326E-19 8.363E-19 8.460E-19 8.412E-19 8.532E-19 8.776E-19 8.957E-19
 8.730E-19 7.675E-19 6.867E-19 7.284E-19 8.094E-19 8.409E-19 7.980E-19 7.865E-19 9.001E-19 8.849E-19
 8.109E-19 8.799E-19 8.868E-19 7.675E-19 7.406E-19 8.129E-19 8.503E-19 8.670E-19 8.739E-19 8.577E-19
 8.221E-19 8.606E-19 8.820E-19 8.639E-19 8.744E-19 9.142E-19 9.182E-19 8.495E-19 8.178E-19 8.418E-19
 8.457E-19 8.379E-19 8.497E-19 8.306E-19 8.221E-19 8.587E-19 9.173E-19 9.377E-19 8.441E-19 7.922E-19
 7.995E-19 7.968E-19 8.092E-19 8.087E-19 8.258E-19 8.029E-19 8.255E-19 9.662E-19 1.008E-18 9.675E-19
 9.427E-19 8.459E-19 8.062E-19 8.495E-19 8.633E-19 8.234E-19 7.966E-19 8.654E-19 9.131E-19 9.472E-19
 1.036E-18 1.013E-18 8.680E-19 8.329E-19 8.687E-19 9.171E-19 9.349E-19 9.379E-19 9.659E-19 9.383E-19
 9.600E-19 1.001E-18 1.051E-18 9.951E-19 8.657E-19 8.602E-19 9.037E-19 9.979E-19 1.013E-18 9.867E-19
 9.230E-19 8.875E-19 9.409E-19 9.340E-19 9.093E-19 9.456E-19 9.292E-19 9.239E-19 9.364E-19 9.491E-19
 9.935E-19 1.010E-18 9.692E-19 9.677E-19 9.227E-19 8.403E-19 9.286E-19 1.046E-18 1.083E-18 1.028E-18
 9.672E-19 9.263E-19 9.056E-19 9.311E-19 9.827E-19 9.578E-19 9.394E-19 9.470E-19 9.942E-19 1.016E-18
 1.110E-18 1.138E-18 9.478E-19 8.885E-19 9.473E-19 9.589E-19 1.036E-18 1.051E-18 1.004E-18 1.004E-18
 1.090E-18 1.086E-18 9.810E-19 9.379E-19 9.576E-19 9.095E-19 8.909E-19 9.350E-19 1.058E-18 1.083E-18
 1.016E-18 9.984E-19 1.016E-18 9.708E-19 9.555E-19 1.006E-18 1.043E-18 1.110E-18 1.136E-18 1.074E-18
 9.988E-19 1.033E-18 1.027E-18 9.918E-19 9.848E-19 9.616E-19 9.491E-19 1.061E-18 1.217E-18 1.306E-18
 1.086E-18 9.540E-19 9.787E-19 9.776E-19 1.036E-18 1.102E-18 9.855E-19 8.890E-19 1.053E-18 1.233E-18
 1.151E-18 1.025E-18 1.046E-18 1.010E-18 9.623E-19 9.693E-19 1.044E-18 1.090E-18 1.166E-18 1.236E-18
 1.110E-18 1.029E-18 1.105E-18 1.076E-18 1.019E-18 1.076E-18 1.092E-18 1.017E-18 1.067E-18 1.279E-18
 1.254E-18 1.082E-18 1.048E-18 1.035E-18 9.594E-19 1.012E-18 1.146E-18 1.161E-18 1.143E-18 1.215E-18
 1.158E-18 1.092E-18 1.119E-18 1.134E-18 1.070E-18 1.012E-18 1.072E-18 1.126E-18 1.136E-18 1.223E-18
 1.232E-18 1.114E-18 1.059E-18 1.100E-18 1.099E-18 1.033E-18 1.047E-18 1.081E-18 1.119E-18 1.233E-18
 1.289E-18 1.167E-18 1.106E-18 1.157E-18 1.184E-18 1.146E-18 1.088E-18 1.054E-18 1.110E-18 1.204E-18
 1.216E-18 1.176E-18 1.122E-18 1.174E-18 1.164E-18 1.131E-18 1.149E-18 1.185E-18 1.168E-18 1.177E-18
 1.249E-18 1.193E-18 1.127E-18 1.100E-18 1.155E-18 1.158E-18 1.070E-18 1.133E-18 1.223E-18 1.216E-18
 1.241E-18 1.205E-18 1.143E-18 1.157E-18 1.177E-18 1.150E-18 1.136E-18 1.156E-18 1.224E-18 1.186E-18
 1.233E-18 1.293E-18 1.274E-18 1.211E-18 1.168E-18 1.128E-18 1.177E-18 1.163E-18 1.178E-18 1.199E-18
 1.189E-18 1.235E-18 1.268E-18 1.249E-18 1.275E-18 1.206E-18 1.102E-18 1.123E-18 1.189E-18 1.168E-18
 1.202E-18 1.194E-18 1.129E-18 1.158E-18 1.199E-18 1.246E-18 1.237E-18 1.187E-18 1.138E-18 1.224E-18
 1.255E-18 1.224E-18 1.136E-18 1.131E-18 1.231E-18 1.264E-18 1.193E-18 1.236E-18 1.311E-18 1.356E-18
 1.249E-18 1.176E-18 1.258E-18 1.289E-18 1.099E-18 1.072E-18 1.243E-18 1.343E-18 1.299E-18 1.271E-18
 1.270E-18 1.323E-18 1.320E-18 1.216E-18 1.197E-18 1.159E-18 1.084E-18 1.152E-18 1.294E-18 1.390E-18
 1.328E-18 1.227E-18 1.270E-18 1.367E-18 1.352E-18 1.252E-18 1.199E-18 1.134E-18 1.149E-18 1.299E-18
 1.366E-18 1.271E-18 1.216E-18 1.277E-18 1.309E-18 1.259E-18 1.258E-18 1.183E-18 1.188E-18 1.249E-18
 1.390E-18 1.308E-18 1.274E-18 1.252E-18 1.314E-18 1.389E-18 1.322E-18 1.220E-18 1.197E-18 1.245E-18
 1.372E-18 1.370E-18 1.246E-18 1.167E-18 1.199E-18 1.363E-18 1.396E-18 1.276E-18 1.216E-18 1.287E-18
 1.332E-18 1.294E-18 1.202E-18 1.241E-18 1.219E-18 1.337E-18 1.490E-18 1.440E-18 1.284E-18 1.289E-18
 1.305E-18 1.407E-18 1.444E-18 1.281E-18 1.148E-18 1.207E-18 1.388E-18 1.501E-18 1.322E-18 1.210E-18
 1.216E-18 1.333E-18 1.445E-18 1.400E-18 1.248E-18 1.098E-18 1.136E-18 1.400E-18 1.491E-18 1.300E-18
 1.190E-18 1.211E-18 1.289E-18 1.390E-18 1.344E-18 1.207E-18 1.202E-18 1.262E-18 1.413E-18 1.434E-18
 1.281E-18 1.225E-18 1.300E-18 1.430E-18 1.380E-18 1.267E-18 1.218E-18 1.219E-18 1.273E-18 1.340E-18
 1.324E-18 1.268E-18 1.297E-18 1.416E-18 1.479E-18 1.325E-18 1.232E-18 1.328E-18 1.364E-18 1.349E-18
 1.333E-18 1.215E-18 1.287E-18 1.404E-18 1.475E-18 1.504E-18 1.368E-18 1.238E-18 1.256E-18 1.252E-18
 1.377E-18 1.344E-18 1.242E-18 1.387E-18 1.463E-18 1.371E-18 1.367E-18 1.353E-18 1.348E-18 1.277E-18
 1.380E-18 1.463E-18 1.359E-18 1.321E-18 1.437E-18 1.424E-18 1.440E-18 1.393E-18 1.293E-18 1.278E-18
 1.287E-18 1.439E-18 1.433E-18 1.307E-18 1.343E-18 1.346E-18 1.348E-18 1.416E-18 1.409E-18 1.376E-18
 1.328E-18 1.378E-18 1.418E-18 1.398E-18 1.387E-18 1.270E-18 1.159E-18 1.314E-18 1.468E-18 1.498E-18
 1.406E-18 1.316E-18 1.349E-18 1.472E-18 1.523E-18 1.426E-18 1.236E-18 1.282E-18 1.505E-18 1.501E-18
 1.330E-18 1.309E-18 1.377E-18 1.488E-18 1.566E-18 1.429E-18 1.277E-18 1.359E-18 1.520E-18 1.495E-18
 1.352E-18 1.333E-18 1.331E-18 1.382E-18 1.555E-18 1.464E-18 1.305E-18 1.345E-18 1.423E-18 1.552E-18
 1.509E-18 1.377E-18 1.309E-18 1.390E-18 1.634E-18 1.616E-18 1.419E-18 1.388E-18 1.384E-18 1.511E-18
 1.530E-18 1.403E-18 1.343E-18 1.361E-18 1.609E-18 1.710E-18 1.435E-18 1.301E-18 1.290E-18 1.416E-18
 1.601E-18 1.535E-18 1.448E-18 1.377E-18 1.482E-18 1.704E-18 1.570E-18 1.345E-18 1.277E-18 1.386E-18
 1.579E-18 1.473E-18 1.343E-18 1.332E-18 1.372E-18 1.605E-18 1.684E-18 1.552E-18 1.409E-18 1.338E-18
 1.508E-18 1.549E-18 1.390E-18 1.391E-18 1.482E-18 1.662E-18 1.704E-18 1.524E-18 1.397E-18 1.337E-18
 1.414E-18 1.570E-18 1.549E-18 1.526E-18 1.463E-18 1.575E-18 1.694E-18 1.546E-18 1.431E-18 1.387E-18
 1.445E-18 1.582E-18 1.580E-18 1.423E-18 1.352E-18 1.509E-18 1.775E-18 1.737E-18 1.572E-18 1.498E-18
 1.460E-18 1.561E-18 1.617E-18 1.487E-18 1.401E-18 1.462E-18 1.607E-18 1.551E-18 1.462E-18 1.491E-18
 1.542E-18 1.608E-18 1.642E-18 1.582E-18 1.448E-18 1.463E-18 1.630E-18 1.644E-18 1.506E-18 1.484E-18
 1.604E-18 1.691E-18 1.681E-18 1.648E-18 1.588E-18 1.496E-18 1.606E-18 1.668E-18 1.575E-18 1.496E-18
 1.502E-18 1.577E-18 1.688E-18 1.744E-18 1.676E-18 1.576E-18 1.631E-18 1.671E-18 1.663E-18 1.647E-18
 1.640E-18 1.631E-18 1.624E-18 1.619E-18 1.658E-18 1.634E-18 1.634E-18 1.699E-18 1.780E-18 1.721E-18
 1.593E-18 1.588E-18 1.696E-18 1.688E-18 1.622E-18 1.628E-18 1.709E-18 1.774E-18 1.737E-18 1.713E-18
 1.646E-18 1.634E-18 1.630E-18 1.679E-18 1.680E-18 1.682E-18 1.695E-18 1.716E-18 1.676E-18 1.665E-18
 1.630E-18 1.656E-18 1.729E-18 1.712E-18 1.677E-18 1.656E-18 1.740E-18 1.866E-18 1.777E-18 1.754E-18
 1.797E-18 1.669E-18 1.560E-18 1.603E-18 1.779E-18 1.797E-18 1.690E-18 1.765E-18 1.786E-18 1.705E-18
 1.658E-18 1.675E-18 1.704E-18 1.693E-18 1.730E-18 1.776E-18 1.801E-18 1.864E-18 1.797E-18 1.667E-18
 1.641E-18 1.721E-18 1.668E-18 1.627E-18 1.716E-18 1.726E-18 1.775E-18 1.803E-18 1.708E-18 1.643E-18
 1.713E-18 1.682E-18 1.563E-18 1.563E-18 1.651E-18 1.762E-18 1.814E-18 1.728E-18 1.594E-18 1.630E-18
 1.654E-18 1.640E-18 1.660E-18 1.625E-18 1.574E-18 1.660E-18 1.689E-18 1.675E-18 1.790E-18 1.770E-18
 1.660E-18 1.653E-18 1.699E-18 1.625E-18 1.582E-18 1.591E-18 1.613E-18 1.777E-18 1.834E-18 1.729E-18
 1.696E-18 1.752E-18 1.820E-18 1.726E-18 1.619E-18 1.622E-18 1.656E-18 1.717E-18 1.764E-18 1.645E-18
 1.629E-18 1.719E-18 1.721E-18 1.722E-18 1.726E-18 1.817E-18 1.813E-18 1.713E-18 1.718E-18 1.628E-18
 1.662E-18 1.743E-18 1.734E-18 1.693E-18 1.628E-18 1.636E-18 1.613E-18 1.700E-18 1.776E-18 1.783E-18
 1.864E-18 1.784E-18 1.604E-18 1.587E-18 1.715E-18 1.735E-18 1.703E-18 1.744E-18 1.897E-18 1.834E-18
 1.708E-18 1.784E-18 1.821E-18 1.750E-18 1.651E-18 1.583E-18 1.681E-18 1.844E-18 1.977E-18 2.061E-18
 1.953E-18 1.883E-18 1.857E-18 1.772E-18 1.699E-18 1.680E-18 1.668E-18 1.592E-18 1.615E-18 1.818E-18
 2.123E-18 2.272E-18 2.026E-18 1.808E-18 1.765E-18 1.714E-18 1.567E-18 1.526E-18 1.651E-18 1.705E-18
 1.687E-18 1.949E-18 1.995E-18 1.813E-18 1.798E-18 1.724E-18 1.602E-18 1.553E-18 1.548E-18 1.563E-18
 1.697E-18 1.899E-18 1.986E-18 1.822E-18 1.699E-18 1.655E-18 1.644E-18 1.665E-18 1.742E-18 1.810E-18
 1.795E-18 1.943E-18 1.971E-18 1.801E-18 1.747E-18 1.780E-18 1.779E-18 1.719E-18 1.732E-18 1.840E-18
 1.967E-18 2.079E-18 2.083E-18 2.120E-18 2.011E-18 1.858E-18 1.874E-18 1.908E-18 1.867E-18 1.825E-18
 1.962E-18 1.985E-18 1.868E-18 1.811E-18 1.839E-18 1.815E-18 1.794E-18 1.740E-18 1.649E-18 1.679E-18
 1.625E-18 1.464E-18 1.422E-18 1.494E-18 1.542E-18 1.449E-18 1.447E-18 1.662E-18 1.816E-18 1.795E-18
 1.707E-18 1.636E-18 1.598E-18 1.486E-18 1.494E-18 1.622E-18 1.696E-18 1.671E-18 1.652E-18 1.619E-18
 1.533E-18 1.506E-18 1.582E-18 1.612E-18 1.546E-18 1.561E-18 1.610E-18 1.584E-18 1.513E-18 1.495E-18
 1.485E-18 1.438E-18 1.393E-18 1.443E-18 1.491E-18 1.472E-18 1.489E-18 1.481E-18 1.396E-18 1.416E-18
 1.457E-18 1.469E-18 1.472E-18 1.491E-18 1.545E-18 1.531E-18 1.495E-18 1.479E-18 1.448E-18 1.424E-18
 1.435E-18 1.495E-18 1.564E-18 1.587E-18 1.615E-18 1.582E-18 1.566E-18 1.640E-18 1.659E-18 1.638E-18
 1.716E-18 1.787E-18 1.736E-18 1.664E-18 1.718E-18 1.738E-18 1.695E-18 1.761E-18 1.856E-18 1.878E-18
 1.884E-18 1.903E-18 1.856E-18 1.894E-18 1.989E-18 2.055E-18 2.042E-18 1.992E-18 1.983E-18 1.971E-18
 1.997E-18 2.053E-18 2.024E-18 2.083E-18 2.136E-18 2.121E-18 2.110E-18 2.163E-18 2.192E-18 2.318E-18
 2.394E-18 2.356E-18 2.290E-18 2.331E-18 2.355E-18 2.322E-18 2.328E-18 2.411E-18 2.384E-18 2.543E-18
 2.666E-18 2.444E-18 2.348E-18 2.416E-18 2.435E-18 2.340E-18 2.366E-18 2.449E-18 2.484E-18 2.493E-18
 2.588E-18 2.606E-18 2.642E-18 2.696E-18 2.786E-18 2.731E-18 2.551E-18 2.462E-18 2.421E-18 2.412E-18
 2.334E-18 2.407E-18 2.475E-18 2.319E-18 2.382E-18 2.400E-18 2.405E-18 2.476E-18 2.443E-18 2.234E-18
 2.118E-18 2.294E-18 2.391E-18 2.283E-18 2.333E-18 2.468E-18 2.513E-18 2.361E-18 2.268E-18 2.198E-18
 2.147E-18 2.206E-18 2.182E-18 2.070E-18 2.146E-18 2.284E-18 2.316E-18 2.368E-18 2.405E-18 2.380E-18
 2.269E-18 2.285E-18 2.421E-18 2.363E-18 2.246E-18 2.359E-18 2.450E-18 2.425E-18 2.422E-18 2.532E-18
 2.647E-18 2.569E-18 2.567E-18 2.456E-18 2.293E-18 2.140E-18 2.120E-18 2.161E-18 1.974E-18 1.880E-18
 1.978E-18 1.961E-18 1.875E-18 1.940E-18 1.922E-18 1.788E-18 1.789E-18 1.884E-18 1.885E-18 1.853E-18
 1.805E-18 1.783E-18 1.747E-18 1.756E-18 1.727E-18 1.719E-18 1.710E-18 1.717E-18 1.817E-18 1.833E-18
 1.745E-18 1.738E-18 1.723E-18 1.718E-18 1.663E-18 1.629E-18 1.815E-18 2.273E-18 2.629E-18 2.470E-18
 2.176E-18 2.070E-18 1.967E-18 1.955E-18 1.998E-18 2.037E-18 2.026E-18 2.059E-18 2.127E-18 2.052E-18
 1.878E-18 1.777E-18 1.725E-18 1.750E-18 1.777E-18 1.829E-18 1.918E-18 2.012E-18 1.944E-18 1.755E-18
 1.727E-18 1.721E-18 1.781E-18 1.891E-18 1.838E-18 1.840E-18 2.074E-18 2.049E-18 1.866E-18 1.719E-18
 1.637E-18 1.681E-18 1.759E-18 1.873E-18 1.889E-18 1.890E-18 1.778E-18 1.679E-18 1.644E-18 1.671E-18
 1.701E-18 1.683E-18 1.731E-18 1.932E-18 1.919E-18 1.590E-18 1.507E-18 1.641E-18 1.690E-18 1.667E-18
 1.606E-18 1.556E-18 1.660E-18 1.689E-18 1.590E-18 1.576E-18 1.543E-18 1.513E-18 1.561E-18 1.519E-18
 1.521E-18 1.583E-18 1.616E-18 1.516E-18 1.416E-18 1.451E-18 1.539E-18 1.591E-18 1.556E-18 1.459E-18
 1.535E-18 1.605E-18 1.580E-18 1.483E-18 1.418E-18 1.445E-18 1.478E-18 1.503E-18 1.425E-18 1.340E-18
 1.321E-18 1.398E-18 1.493E-18 1.443E-18 1.391E-18 1.372E-18 1.461E-18 1.598E-18 1.451E-18 1.261E-18
 1.288E-18 1.316E-18 1.408E-18 1.475E-18 1.390E-18 1.328E-18 1.339E-18 1.354E-18 1.404E-18 1.384E-18
 1.377E-18 1.342E-18 1.396E-18 1.579E-18 1.532E-18 1.287E-18 1.284E-18 1.385E-18 1.373E-18 1.407E-18
 1.362E-18 1.252E-18 1.326E-18 1.494E-18 1.445E-18 1.312E-18 1.328E-18 1.286E-18 1.239E-18 1.423E-18
 1.430E-18 1.291E-18 1.303E-18 1.307E-18 1.266E-18 1.365E-18 1.358E-18 1.234E-18 1.235E-18 1.368E-18
 1.321E-18 1.228E-18 1.376E-18 1.406E-18 1.286E-18 1.418E-18 1.444E-18 1.270E-18 1.261E-18 1.343E-18
 1.373E-18 1.380E-18 1.356E-18 1.244E-18 1.290E-18 1.539E-18 1.544E-18 1.294E-18 1.232E-18 1.286E-18
 1.411E-18 1.508E-18 1.396E-18 1.273E-18 1.248E-18 1.446E-18 1.498E-18 1.319E-18 1.271E-18 1.248E-18
 1.273E-18 1.483E-18 1.536E-18 1.402E-18 1.293E-18 1.306E-18 1.341E-18 1.377E-18 1.358E-18 1.305E-18
 1.363E-18 1.476E-18 1.508E-18 1.433E-18 1.415E-18 1.364E-18 1.362E-18 1.494E-18 1.414E-18 1.310E-18
 1.403E-18 1.443E-18 1.500E-18 1.449E-18 1.343E-18 1.315E-18 1.330E-18 1.448E-18 1.441E-18 1.383E-18
 1.410E-18 1.357E-18 1.502E-18 1.520E-18 1.282E-18 1.315E-18 1.407E-18 1.414E-18 1.414E-18 1.435E-18
 1.383E-18 1.358E-18 1.461E-18 1.422E-18 1.357E-18 1.464E-18 1.445E-18 1.421E-18 1.443E-18 1.451E-18
 1.363E-18 1.401E-18 1.461E-18 1.481E-18 1.557E-18 1.481E-18 1.353E-18 1.356E-18 1.348E-18 1.380E-18
 1.436E-18 1.470E-18 1.535E-18 1.537E-18 1.578E-18 1.442E-18 1.332E-18 1.334E-18 1.416E-18 1.450E-18
 1.417E-18 1.425E-18 1.441E-18 1.502E-18 1.594E-18 1.384E-18 1.305E-18 1.332E-18 1.387E-18 1.471E-18
 1.483E-18 1.404E-18 1.301E-18 1.376E-18 1.479E-18 1.483E-18 1.481E-18 1.475E-18 1.526E-18 1.452E-18
 1.351E-18 1.441E-18 1.445E-18 1.389E-18 1.408E-18 1.512E-18 1.511E-18 1.507E-18 1.492E-18 1.341E-18
 1.316E-18 1.493E-18 1.538E-18 1.445E-18 1.362E-18 1.288E-18 1.318E-18 1.470E-18 1.474E-18 1.400E-18
 1.377E-18 1.596E-18 1.704E-18 1.496E-18 1.349E-18 1.307E-18 1.328E-18 1.401E-18 1.300E-18 1.277E-18
 1.404E-18 1.541E-18 1.596E-18 1.422E-18 1.303E-18 1.294E-18 1.314E-18 1.433E-18 1.492E-18 1.376E-18
 1.247E-18 1.442E-18 1.627E-18 1.479E-18 1.316E-18 1.352E-18 1.479E-18 1.432E-18 1.398E-18 1.291E-18
 1.304E-18 1.477E-18 1.494E-18 1.520E-18 1.555E-18 1.552E-18 1.443E-18 1.322E-18 1.299E-18 1.305E-18
 1.355E-18 1.422E-18 1.618E-18 1.582E-18 1.427E-18 1.430E-18 1.386E-18 1.344E-18 1.374E-18 1.448E-18
 1.567E-18 1.430E-18 1.352E-18 1.394E-18 1.380E-18 1.316E-18 1.283E-18 1.556E-18 1.671E-18 1.421E-18
 1.298E-18 1.324E-18 1.350E-18 1.362E-18 1.312E-18 1.386E-18 1.499E-18 1.527E-18 1.379E-18 1.290E-18
 1.328E-18 1.324E-18 1.456E-18 1.583E-18 1.474E-18 1.384E-18 1.371E-18 1.332E-18 1.262E-18 1.321E-18
 1.507E-18 1.581E-18 1.592E-18 1.550E-18 1.320E-18 1.288E-18 1.389E-18 1.362E-18 1.409E-18 1.560E-18
 1.472E-18 1.384E-18 1.510E-18 1.452E-18 1.241E-18 1.261E-18 1.514E-18 1.527E-18 1.386E-18 1.395E-18
 1.273E-18 1.232E-18 1.401E-18 1.509E-18 1.535E-18 1.581E-18 1.484E-18 1.288E-18 1.254E-18 1.291E-18
 1.314E-18 1.416E-18 1.517E-18 1.384E-18 1.343E-18 1.477E-18 1.425E-18 1.284E-18 1.311E-18 1.339E-18
 1.403E-18 1.505E-18 1.437E-18 1.232E-18 1.256E-18 1.331E-18 1.376E-18 1.514E-18 1.351E-18 1.278E-18
 1.346E-18 1.378E-18 1.377E-18 1.404E-18 1.481E-18 1.434E-18 1.360E-18 1.317E-18 1.315E-18 1.421E-18
 1.506E-18 1.482E-18 1.425E-18 1.314E-18 1.333E-18 1.334E-18 1.266E-18 1.182E-18 1.276E-18 1.518E-18
 1.588E-18 1.530E-18 1.412E-18 1.306E-18 1.248E-18 1.252E-18 1.369E-18 1.343E-18 1.222E-18 1.300E-18
 1.458E-18 1.413E-18 1.358E-18 1.378E-18 1.388E-18 1.297E-18 1.213E-18 1.196E-18 1.257E-18 1.341E-18
 1.419E-18 1.446E-18 1.490E-18 1.408E-18 1.335E-18 1.360E-18 1.255E-18 1.240E-18 1.301E-18 1.381E-18
 1.357E-18 1.340E-18 1.341E-18 1.367E-18 1.457E-18 1.425E-18 1.386E-18 1.324E-18 1.257E-18 1.312E-18
 1.339E-18 1.234E-18 1.225E-18 1.446E-18 1.521E-18 1.347E-18 1.249E-18 1.208E-18 1.220E-18 1.315E-18
 1.323E-18 1.320E-18 1.363E-18 1.331E-18 1.299E-18 1.320E-18 1.257E-18 1.230E-18 1.307E-18 1.376E-18
 1.241E-18 1.244E-18 1.292E-18 1.203E-18 1.152E-18 1.188E-18 1.333E-18 1.328E-18 1.341E-18 1.295E-18
 1.310E-18 1.385E-18 1.287E-18 1.224E-18 1.162E-18 1.073E-18 1.085E-18 1.207E-18 1.325E-18 1.404E-18
 1.409E-18 1.393E-18 1.306E-18 1.226E-18 1.144E-18 1.084E-18 1.129E-18 1.311E-18 1.470E-18 1.439E-18
 1.378E-18 1.243E-18 1.180E-18 1.165E-18 1.090E-18 1.143E-18 1.287E-18 1.354E-18 1.322E-18 1.306E-18
 1.198E-18 1.160E-18 1.183E-18 1.204E-18 1.276E-18 1.314E-18 1.207E-18 1.140E-18 1.244E-18 1.222E-18
 1.175E-18 1.216E-18 1.217E-18 1.289E-18 1.299E-18 1.177E-18 1.115E-18 1.179E-18 1.259E-18 1.184E-18
 1.103E-18 1.141E-18 1.211E-18 1.216E-18 1.215E-18 1.162E-18 1.106E-18 1.127E-18 1.169E-18 1.178E-18
 1.177E-18 1.201E-18 1.216E-18 1.215E-18 1.178E-18 1.146E-18 1.076E-18 1.064E-18 1.150E-18 1.198E-18
 1.179E-18 1.112E-18 1.124E-18 1.097E-18 1.084E-18 1.190E-18 1.203E-18 1.177E-18 1.167E-18 1.108E-18
 1.103E-18 1.132E-18 1.087E-18 9.965E-19 1.028E-18 1.078E-18 1.102E-18 1.166E-18 1.150E-18 1.138E-18
 1.183E-18 1.166E-18 1.104E-18 1.097E-18 1.130E-18 1.095E-18 1.094E-18 1.117E-18 1.105E-18 1.115E-18
 1.091E-18 1.100E-18 1.077E-18 1.077E-18 1.091E-18 1.005E-18 1.014E-18 1.109E-18 1.050E-18 1.083E-18
 1.197E-18 1.101E-18 1.011E-18 9.914E-19 9.550E-19 9.232E-19 1.017E-18 1.080E-18 1.074E-18 1.062E-18
 1.105E-18 1.139E-18 1.094E-18 9.798E-19 9.397E-19 9.607E-19 9.820E-19 1.092E-18 1.111E-18 1.078E-18
 1.052E-18 9.936E-19 1.016E-18 1.030E-18 9.630E-19 9.241E-19 1.015E-18 1.080E-18 9.985E-19 9.747E-19
 9.770E-19 9.608E-19 9.492E-19 9.603E-19 9.710E-19 1.022E-18 1.064E-18 1.013E-18 1.037E-18 1.107E-18
 9.981E-19 8.768E-19 8.797E-19 9.768E-19 1.079E-18 9.941E-19 9.691E-19 1.054E-18 1.036E-18 9.433E-19
 8.936E-19 9.483E-19 9.641E-19 9.314E-19 9.551E-19 1.041E-18 1.057E-18 9.477E-19 8.977E-19 9.316E-19
 9.567E-19 9.682E-19 8.980E-19 8.278E-19 8.154E-19 9.680E-19 1.022E-18 9.210E-19 9.995E-19 1.060E-18
 9.203E-19 8.307E-19 8.801E-19 8.869E-19 8.816E-19 9.542E-19 9.713E-19 8.958E-19 9.062E-19 9.760E-19
 9.066E-19 7.903E-19 8.099E-19 8.876E-19 9.426E-19 9.796E-19 9.822E-19 9.143E-19 8.378E-19 8.505E-19
 9.023E-19 9.085E-19 8.664E-19 8.547E-19 9.107E-19 9.246E-19 9.073E-19 8.864E-19 8.464E-19 9.162E-19
 9.401E-19 8.652E-19 8.070E-19 8.183E-19 8.972E-19 9.437E-19 8.616E-19 7.926E-19 8.349E-19 8.497E-19
 8.489E-19 9.023E-19 8.684E-19 8.592E-19 9.437E-19 8.966E-19 8.398E-19 8.313E-19 8.248E-19 8.051E-19
 7.855E-19 7.700E-19 8.216E-19 9.117E-19 9.168E-19 8.481E-19 7.832E-19 7.698E-19 8.426E-19 8.650E-19
 7.851E-19 7.476E-19 8.488E-19 9.336E-19 9.003E-19 7.661E-19 7.198E-19 7.378E-19 7.697E-19 7.288E-19
 7.025E-19 8.151E-19 8.932E-19 8.751E-19 8.233E-19 7.495E-19 7.222E-19 7.692E-19 7.375E-19 7.053E-19
 7.287E-19 8.129E-19 8.174E-19 8.118E-19 8.137E-19 7.416E-19 7.293E-19 7.430E-19 7.477E-19 7.298E-19
 7.884E-19 8.223E-19 7.855E-19 7.459E-19 6.949E-19 7.361E-19 7.606E-19 7.384E-19 7.054E-19 7.423E-19
 7.866E-19 7.512E-19 7.258E-19 7.464E-19 7.600E-19 7.719E-19 7.325E-19 6.919E-19 7.101E-19 7.014E-19
 6.706E-19 6.997E-19 7.537E-19 7.401E-19 6.993E-19 6.943E-19 6.768E-19 7.166E-19 7.248E-19 7.087E-19
 7.215E-19 6.790E-19 6.713E-19 6.801E-19 6.846E-19 7.215E-19 7.555E-19 7.543E-19 7.301E-19 7.063E-19
 6.701E-19 6.827E-19 6.953E-19 6.851E-19 6.571E-19 6.725E-19 7.198E-19 7.310E-19 7.087E-19 6.721E-19
 6.463E-19 6.411E-19 6.749E-19 6.655E-19 6.330E-19 6.135E-19 6.011E-19 6.322E-19 6.628E-19 6.141E-19
 6.128E-19 6.536E-19 6.665E-19 6.814E-19 6.888E-19 6.437E-19 6.149E-19 6.247E-19 6.287E-19 6.126E-19
 6.022E-19 6.096E-19 6.442E-19 6.282E-19 6.096E-19 6.213E-19 6.363E-19 6.198E-19 6.019E-19 5.991E-19
 6.451E-19 6.706E-19 6.361E-19 6.082E-19 5.909E-19 5.720E-19 5.849E-19 5.901E-19 6.185E-19 6.588E-19
 6.634E-19 6.514E-19 6.292E-19 6.506E-19 6.516E-19 6.142E-19 6.054E-19 6.008E-19 6.093E-19 6.397E-19
 6.527E-19 6.461E-19 6.256E-19 6.220E-19 5.986E-19 5.822E-19 5.464E-19 5.531E-19 5.913E-19 6.200E-19
 6.156E-19 6.207E-19 5.966E-19 5.554E-19 5.402E-19 5.336E-19 5.559E-19 5.788E-19 5.800E-19 5.866E-19
 6.017E-19 5.832E-19 5.872E-19 6.006E-19 5.834E-19 5.806E-19 5.488E-19 5.433E-19 5.853E-19 5.988E-19
 6.202E-19 6.143E-19 5.654E-19 5.669E-19 5.815E-19 5.513E-19 5.686E-19 5.882E-19 5.771E-19 5.681E-19
 5.850E-19 5.716E-19 5.390E-19 5.476E-19 5.631E-19 5.726E-19 5.656E-19 5.357E-19 5.418E-19 5.826E-19
 5.787E-19 5.515E-19 5.462E-19 5.294E-19 5.173E-19 5.606E-19 5.658E-19 5.911E-19 5.738E-19 5.256E-19
 5.519E-19 5.633E-19 5.432E-19 5.176E-19 5.197E-19 5.598E-19 5.687E-19 5.439E-19 4.966E-19 4.794E-19
 4.840E-19 5.345E-19 5.641E-19 5.563E-19 5.702E-19 5.983E-19 6.044E-19 5.677E-19 5.316E-19 5.060E-19
 5.125E-19 5.575E-19 6.059E-19 5.970E-19 5.894E-19 5.535E-19 5.301E-19 5.647E-19 5.666E-19 5.239E-19
 5.088E-19 5.055E-19 5.143E-19 5.473E-19 5.791E-19 5.566E-19 5.140E-19 5.150E-19 5.080E-19 4.887E-19
 5.031E-19 5.086E-19 5.040E-19 5.338E-19 5.306E-19 4.984E-19 4.890E-19 4.920E-19 4.865E-19 4.977E-19
 5.147E-19 5.255E-19 5.566E-19 5.727E-19 5.249E-19 4.788E-19 4.577E-19 4.425E-19 4.559E-19 4.773E-19
 4.956E-19 5.086E-19 5.339E-19 5.371E-19 5.173E-19 4.894E-19 4.656E-19 4.539E-19 4.925E-19 5.065E-19
 4.926E-19 4.854E-19 4.952E-19 4.840E-19 4.829E-19 5.167E-19 5.225E-19 4.986E-19 4.954E-19 5.171E-19
 5.335E-19 5.156E-19 4.879E-19 4.688E-19 5.179E-19 5.377E-19 5.059E-19 5.157E-19 5.085E-19 4.911E-19
 4.889E-19 5.008E-19 4.898E-19 4.833E-19 4.717E-19 4.577E-19 4.567E-19 4.592E-19 4.732E-19 4.836E-19
 4.891E-19 4.806E-19 4.636E-19 4.740E-19 4.654E-19 4.745E-19 4.850E-19 4.766E-19 4.972E-19 5.183E-19
 5.010E-19 4.834E-19 4.469E-19 4.181E-19 4.339E-19 4.681E-19 4.728E-19 4.760E-19 4.514E-19 4.321E-19
 4.507E-19 4.458E-19 4.431E-19 4.356E-19 4.357E-19 4.820E-19 4.845E-19 4.655E-19 4.640E-19 4.865E-19
 4.709E-19 4.377E-19 4.467E-19 4.456E-19 4.583E-19 4.759E-19 4.923E-19 4.856E-19 4.726E-19 4.589E-19
 4.520E-19 4.788E-19 4.863E-19 4.718E-19 4.597E-19 4.406E-19 4.395E-19 4.582E-19 4.868E-19 4.760E-19
 4.381E-19 4.044E-19 4.127E-19 4.460E-19 4.388E-19 4.258E-19 4.518E-19 4.643E-19 4.357E-19 3.923E-19
 4.075E-19 4.276E-19 4.364E-19 4.384E-19 4.516E-19 4.690E-19 4.484E-19 4.346E-19 4.230E-19 4.352E-19
 4.761E-19 4.676E-19 4.360E-19 4.563E-19 4.568E-19 4.272E-19 4.413E-19 4.558E-19 4.471E-19 4.362E-19
 4.292E-19 4.355E-19 4.275E-19 4.167E-19 4.251E-19 4.657E-19 4.633E-19 4.355E-19 4.183E-19 4.275E-19
 4.336E-19 4.365E-19 4.490E-19 4.524E-19 4.238E-19 3.996E-19 4.438E-19 4.666E-19 4.089E-19 3.924E-19
 4.140E-19 4.162E-19 4.254E-19 4.530E-19 4.771E-19 4.851E-19 4.519E-19 4.335E-19 4.389E-19 4.290E-19
 4.213E-19 4.326E-19 4.332E-19 4.317E-19 4.400E-19 4.336E-19 4.295E-19 4.138E-19 4.127E-19 4.386E-19
 4.593E-19 4.372E-19 4.152E-19 4.221E-19 4.134E-19 3.855E-19 3.807E-19 4.003E-19 4.339E-19 4.092E-19
 3.531E-19 3.718E-19 4.250E-19 4.303E-19 4.360E-19 4.513E-19 4.336E-19 4.530E-19 4.647E-19 4.319E-19
 4.216E-19 4.137E-19 4.247E-19 4.371E-19 4.295E-19 4.275E-19 4.381E-19 4.568E-19 4.817E-19 4.595E-19
 4.187E-19 4.130E-19 4.272E-19 4.273E-19 4.440E-19 4.706E-19 4.566E-19 4.056E-19 4.167E-19 4.651E-19
 4.544E-19 4.009E-19 4.052E-19 4.573E-19 4.685E-19 4.398E-19 4.486E-19 4.434E-19 4.302E-19 4.444E-19
 4.542E-19 4.529E-19 4.215E-19 4.500E-19 4.848E-19 4.586E-19 4.350E-19 4.629E-19 4.735E-19 4.381E-19
 4.305E-19 4.472E-19 4.756E-19 4.667E-19 4.554E-19 4.460E-19 4.485E-19 4.751E-19 4.673E-19 4.692E-19
 4.999E-19 5.087E-19 4.637E-19 4.758E-19 5.303E-19 4.902E-19 4.430E-19 4.788E-19 5.092E-19 4.940E-19
 4.628E-19 4.662E-19 4.571E-19 4.380E-19 4.403E-19 4.654E-19 4.547E-19 4.268E-19 4.677E-19 4.737E-19
 4.494E-19 4.770E-19 5.017E-19 4.932E-19 4.675E-19 4.885E-19 5.121E-19 4.851E-19 4.546E-19 4.755E-19
 5.029E-19 5.064E-19 4.914E-19 4.598E-19 4.394E-19 4.401E-19 4.702E-19 4.841E-19 5.175E-19 5.370E-19
 5.054E-19 4.736E-19 4.544E-19 4.747E-19 4.950E-19 4.735E-19 4.866E-19 5.093E-19 4.927E-19 5.097E-19
 5.263E-19 4.962E-19 4.651E-19 4.804E-19 4.944E-19 4.950E-19 4.859E-19 4.892E-19 4.788E-19 4.751E-19
 4.868E-19 4.952E-19 4.715E-19 4.789E-19 4.731E-19 4.167E-19 4.186E-19 4.732E-19 4.959E-19 4.570E-19
 4.585E-19 4.873E-19 4.787E-19 4.858E-19 4.968E-19 4.662E-19 4.618E-19 5.045E-19 5.192E-19 4.684E-19
 4.433E-19 4.577E-19 4.640E-19 4.711E-19 5.289E-19 5.377E-19 4.674E-19 4.394E-19 4.495E-19 4.802E-19
 5.079E-19 5.062E-19 5.056E-19 4.682E-19 4.502E-19 4.798E-19 4.771E-19 4.608E-19 4.749E-19 4.739E-19
 4.833E-19 5.003E-19 4.904E-19 4.577E-19 4.415E-19 4.715E-19 5.094E-19 4.973E-19 4.744E-19 4.550E-19
 4.391E-19 4.680E-19 5.313E-19 5.315E-19 4.739E-19 4.492E-19 4.496E-19 4.599E-19 4.983E-19 5.027E-19
 4.789E-19 4.454E-19 4.188E-19 4.529E-19 4.683E-19 4.679E-19 4.603E-19 4.516E-19 4.407E-19 4.589E-19
 4.676E-19 4.531E-19 4.333E-19 4.277E-19 4.684E-19 5.141E-19 4.880E-19 4.184E-19 3.672E-19 3.459E-19
 3.777E-19 4.072E-19 4.000E-19 4.085E-19 4.156E-19 4.072E-19 4.093E-19 4.339E-19 4.474E-19 4.521E-19
 4.595E-19 4.352E-19 4.125E-19 4.404E-19 4.355E-19 4.285E-19 4.422E-19 4.387E-19 4.437E-19 4.271E-19
 3.845E-19 3.489E-19 3.343E-19 3.768E-19 4.556E-19 4.628E-19 4.258E-19 4.059E-19 4.267E-19 4.361E-19
 4.548E-19 4.370E-19 4.109E-19 3.872E-19 3.677E-19 3.740E-19 3.741E-19 3.667E-19 3.926E-19 4.095E-19
 4.138E-19 4.382E-19 4.424E-19 4.034E-19 3.726E-19 3.834E-19 3.938E-19 3.967E-19 4.274E-19 4.341E-19
 4.192E-19 4.279E-19 4.236E-19 4.057E-19 4.037E-19 4.074E-19 3.879E-19 3.901E-19 4.238E-19 4.133E-19
 3.675E-19 3.752E-19 4.099E-19 4.022E-19 3.944E-19 3.993E-19 4.049E-19 3.997E-19 3.880E-19 4.003E-19
 3.832E-19 3.791E-19 4.007E-19 4.059E-19 4.127E-19 4.335E-19 4.228E-19 3.885E-19 3.855E-19 4.140E-19
 4.220E-19 4.206E-19 4.075E-19 4.190E-19 4.185E-19 4.054E-19 4.112E-19 4.064E-19 3.798E-19 3.569E-19
 3.625E-19 4.068E-19 4.380E-19 4.428E-19 4.258E-19 4.009E-19 3.823E-19 3.955E-19 3.875E-19 4.085E-19
 4.402E-19 4.182E-19 4.134E-19 4.514E-19 4.847E-19 4.722E-19 4.423E-19 4.154E-19 4.117E-19 4.291E-19
 4.314E-19 4.240E-19 4.106E-19 4.241E-19 4.494E-19 4.467E-19 4.334E-19 4.239E-19 4.399E-19 4.587E-19
 4.896E-19 5.158E-19 5.009E-19 4.805E-19 4.950E-19 5.160E-19 5.087E-19 5.110E-19 5.176E-19 5.134E-19
 5.380E-19 5.402E-19 5.125E-19 5.034E-19 5.144E-19 5.159E-19 5.260E-19 4.948E-19 4.843E-19 5.416E-19
 5.332E-19 5.107E-19 5.241E-19 5.319E-19 5.309E-19 5.280E-19 5.391E-19 5.218E-19 5.320E-19 5.614E-19
 5.655E-19 5.369E-19 5.201E-19 5.197E-19 5.368E-19 5.496E-19 5.306E-19 5.414E-19 5.544E-19 5.321E-19
 5.248E-19 5.452E-19 5.671E-19 5.424E-19 5.264E-19 5.371E-19 5.208E-19 4.965E-19 5.248E-19 5.410E-19
 4.969E-19 4.985E-19 5.129E-19 5.160E-19 5.437E-19 5.701E-19 5.541E-19 5.220E-19 5.233E-19 5.371E-19
 5.329E-19 5.104E-19 5.243E-19 5.193E-19 5.215E-19 5.321E-19 5.040E-19 5.084E-19 5.476E-19 5.506E-19
 5.126E-19 5.020E-19 5.505E-19 5.904E-19 5.574E-19 5.506E-19 5.594E-19 5.354E-19 5.600E-19 5.694E-19
 5.761E-19 5.851E-19 5.713E-19 5.635E-19 5.393E-19 5.150E-19 5.046E-19 5.064E-19 5.221E-19 5.363E-19
 5.330E-19 5.446E-19 5.462E-19 5.399E-19 5.503E-19 5.729E-19 5.491E-19 5.179E-19 5.105E-19 4.935E-19
 5.099E-19 5.414E-19 5.530E-19 4.954E-19 4.550E-19 4.565E-19 4.614E-19 4.537E-19 4.693E-19 5.505E-19
 5.561E-19 5.166E-19 4.931E-19 4.821E-19 4.718E-19 5.331E-19 6.001E-19 5.544E-19 4.742E-19 4.466E-19
 4.328E-19 4.336E-19 4.924E-19 5.418E-19 4.946E-19 4.417E-19 4.401E-19 4.385E-19 4.215E-19 5.055E-19
 5.521E-19 4.596E-19 4.278E-19 4.500E-19 4.505E-19 4.507E-19 5.183E-19 5.382E-19 4.895E-19 4.567E-19
 4.437E-19 4.145E-19 4.307E-19 5.016E-19 4.901E-19 4.384E-19 4.228E-19 4.453E-19 4.401E-19 4.908E-19
 5.026E-19 4.352E-19 3.884E-19 3.845E-19 3.895E-19 4.098E-19 4.541E-19 4.557E-19 4.278E-19 4.221E-19
 4.311E-19 4.172E-19 4.092E-19 4.395E-19 4.544E-19 4.295E-19 3.871E-19 3.625E-19 4.002E-19 4.355E-19
 4.476E-19 4.324E-19 3.924E-19 3.887E-19 4.084E-19 4.018E-19 4.224E-19 4.146E-19 3.949E-19 3.790E-19
 3.767E-19 4.002E-19 3.996E-19 3.739E-19 3.518E-19 3.670E-19 3.985E-19 4.045E-19 4.089E-19 4.197E-19
 4.108E-19 3.791E-19 3.722E-19 3.764E-19 3.703E-19 3.602E-19 3.593E-19 3.583E-19 3.743E-19 4.007E-19
 4.166E-19 4.256E-19 4.153E-19 3.969E-19 4.051E-19 3.982E-19 3.744E-19 3.720E-19 3.950E-19 4.045E-19
 3.938E-19 3.810E-19 3.625E-19 3.531E-19 3.532E-19 3.589E-19 3.709E-19 3.609E-19 3.573E-19 3.817E-19
 3.675E-19 3.418E-19 3.580E-19 3.806E-19 4.096E-19 4.118E-19 3.901E-19 3.756E-19 3.716E-19 3.724E-19
 3.676E-19 3.622E-19 3.727E-19 3.836E-19 3.743E-19 3.722E-19 3.740E-19 3.944E-19 4.257E-19 4.079E-19
 3.739E-19 3.786E-19 4.013E-19 4.089E-19 4.054E-19 4.164E-19 4.041E-19 4.076E-19 4.193E-19 4.165E-19
 4.177E-19 4.068E-19 3.856E-19 3.899E-19 3.983E-19 4.175E-19 4.386E-19 4.448E-19 4.477E-19 4.358E-19
 4.090E-19 3.846E-19 3.943E-19 4.144E-19 3.873E-19 3.795E-19 4.157E-19 4.175E-19 4.497E-19 4.807E-19
 4.334E-19 4.114E-19 4.211E-19 4.272E-19 4.184E-19 4.308E-19 4.626E-19 4.430E-19 4.255E-19 4.447E-19
 4.459E-19 4.399E-19 4.636E-19 4.789E-19 4.864E-19 4.968E-19 4.762E-19 4.598E-19 4.877E-19 5.089E-19
 5.021E-19 4.877E-19 4.810E-19 5.022E-19 4.930E-19 4.933E-19 5.158E-19 5.071E-19 5.069E-19 5.309E-19
 5.876E-19 6.293E-19 5.711E-19 5.210E-19 5.405E-19 5.647E-19 5.491E-19 5.053E-19 4.747E-19 4.978E-19
 5.137E-19 5.234E-19 5.475E-19 5.654E-19 6.107E-19 6.581E-19 6.510E-19 5.535E-19 4.552E-19 4.523E-19
 4.681E-19 4.423E-19 4.209E-19 4.279E-19 4.527E-19 4.903E-19 4.999E-19 4.531E-19 4.314E-19 4.280E-19
 4.335E-19 4.166E-19 4.394E-19 4.459E-19 4.184E-19 4.461E-19 4.722E-19 4.609E-19 4.642E-19 4.576E-19
 4.292E-19 4.275E-19 4.223E-19 4.274E-19 4.389E-19 4.200E-19 4.166E-19 4.242E-19 4.294E-19 4.352E-19
 4.494E-19 4.481E-19 4.433E-19 4.611E-19 4.636E-19 4.512E-19 4.465E-19 4.313E-19 4.382E-19 4.471E-19
 4.458E-19 4.516E-19 4.497E-19 4.579E-19 4.492E-19 4.540E-19 4.702E-19 4.827E-19 4.445E-19 4.307E-19
 4.321E-19 4.234E-19 4.013E-19 4.209E-19 4.333E-19 4.263E-19 4.245E-19 4.439E-19 4.656E-19 4.103E-19
 4.119E-19 4.506E-19 4.503E-19 4.395E-19 4.551E-19 4.270E-19 4.037E-19 4.318E-19 4.429E-19 4.172E-19
 4.255E-19 4.417E-19 4.079E-19 3.894E-19 4.037E-19 4.187E-19 4.182E-19 4.242E-19 4.094E-19 3.853E-19
 4.099E-19 4.464E-19 4.503E-19 4.111E-19 4.110E-19 4.145E-19 4.059E-19 4.284E-19 4.306E-19 4.417E-19
 4.446E-19 4.218E-19 3.674E-19 3.357E-19 3.755E-19 4.335E-19 4.334E-19 4.016E-19 4.100E-19 4.110E-19
 3.957E-19 3.750E-19 3.902E-19 4.246E-19 4.264E-19 4.183E-19 4.069E-19 4.186E-19 4.414E-19 4.391E-19
 4.178E-19 3.758E-19 3.775E-19 3.950E-19 3.908E-19 3.859E-19 3.816E-19 4.042E-19 4.239E-19 3.930E-19
 3.800E-19 3.888E-19 3.860E-19 4.089E-19 4.083E-19 4.000E-19 4.014E-19 4.189E-19 4.270E-19 4.176E-19
 4.013E-19 4.127E-19 4.144E-19 3.957E-19 3.907E-19 4.106E-19 4.372E-19 3.967E-19 3.640E-19 3.764E-19
 3.885E-19 3.975E-19 3.985E-19 3.835E-19 4.145E-19 4.591E-19 4.257E-19 3.767E-19 4.007E-19 4.349E-19
 4.517E-19 4.431E-19 4.115E-19 3.978E-19 3.952E-19 4.095E-19 3.737E-19 3.455E-19 3.624E-19 3.944E-19
 4.092E-19 3.888E-19 3.681E-19 3.722E-19 3.931E-19 3.691E-19 3.455E-19 3.590E-19 3.671E-19 3.809E-19
 3.816E-19 3.571E-19 3.630E-19 3.741E-19 3.898E-19 3.801E-19 3.418E-19 3.616E-19 3.848E-19 3.696E-19
 3.839E-19 4.137E-19 4.111E-19 3.839E-19 4.013E-19 4.400E-19 4.278E-19 3.887E-19 3.845E-19 4.218E-19
 4.358E-19 4.180E-19 3.888E-19 3.597E-19 3.670E-19 3.901E-19 3.925E-19 3.843E-19 3.985E-19 4.008E-19
 3.803E-19 3.494E-19 3.274E-19 3.456E-19 3.713E-19 3.909E-19 3.944E-19 3.849E-19 3.826E-19 3.995E-19
 3.848E-19 3.718E-19 3.636E-19 3.678E-19 3.603E-19 3.692E-19 4.219E-19 4.329E-19 4.363E-19 4.323E-19
 3.981E-19 3.690E-19 3.682E-19 3.625E-19 3.324E-19 3.212E-19 3.574E-19 3.716E-19 3.568E-19 3.582E-19
 3.796E-19 3.719E-19 3.635E-19 3.660E-19 3.333E-19 3.558E-19 4.215E-19 4.176E-19 3.742E-19 3.577E-19
 3.742E-19 3.954E-19 3.897E-19 3.600E-19 3.361E-19 3.305E-19 3.675E-19 3.833E-19 3.576E-19 3.537E-19
 3.482E-19 3.568E-19 3.735E-19 3.585E-19 3.410E-19 3.664E-19 3.838E-19 3.873E-19 3.889E-19 3.805E-19
 3.790E-19 4.070E-19 3.735E-19 3.471E-19 3.527E-19 3.595E-19 3.714E-19 3.594E-19 3.496E-19 3.572E-19
 3.753E-19 3.703E-19 3.677E-19 3.636E-19 3.546E-19 3.292E-19 3.433E-19 3.626E-19 3.783E-19 3.985E-19
 4.050E-19 4.148E-19 3.901E-19 3.442E-19 3.414E-19 3.461E-19 3.234E-19 3.474E-19 4.114E-19 4.437E-19
 4.391E-19 4.021E-19 3.529E-19 3.504E-19 3.771E-19 3.609E-19 3.040E-19 2.987E-19 3.398E-19 4.215E-19
 4.539E-19 3.781E-19 3.504E-19 3.650E-19 3.603E-19 3.341E-19 3.386E-19 3.323E-19 3.409E-19 3.978E-19
 4.203E-19 3.851E-19 3.535E-19 3.408E-19 3.556E-19 3.476E-19 3.168E-19 3.157E-19 3.584E-19 3.931E-19
 4.249E-19 4.156E-19 3.736E-19 3.581E-19 3.399E-19 3.160E-19 3.048E-19 3.003E-19 3.170E-19 3.552E-19
 4.062E-19 4.154E-19 3.815E-19 3.711E-19 3.378E-19 3.325E-19 3.455E-19 3.645E-19 3.552E-19 3.433E-19
 3.598E-19 4.335E-19 4.540E-19 3.999E-19 3.549E-19 3.338E-19 3.356E-19 3.580E-19 3.520E-19 3.332E-19
 3.638E-19 4.395E-19 4.524E-19 3.613E-19 3.173E-19 3.319E-19 3.480E-19 3.354E-19 3.244E-19 3.331E-19
 3.495E-19 4.164E-19 4.608E-19 3.905E-19 3.456E-19 3.523E-19 3.668E-19 3.589E-19 3.461E-19 3.546E-19
 3.463E-19 3.708E-19 4.019E-19 3.732E-19 3.258E-19 3.380E-19 3.493E-19 3.427E-19 3.728E-19 3.800E-19
 3.569E-19 3.420E-19 3.638E-19 3.857E-19 3.631E-19 3.544E-19 3.330E-19 3.074E-19 3.298E-19 3.708E-19
 3.928E-19 3.801E-19 3.811E-19 3.992E-19 4.033E-19 3.519E-19 3.117E-19 3.201E-19 3.379E-19 3.736E-19
 3.369E-19 2.986E-19 3.217E-19 3.680E-19 3.910E-19 3.612E-19 3.030E-19 3.031E-19 3.465E-19 3.600E-19
 3.307E-19 3.385E-19 3.753E-19 3.909E-19 3.782E-19 3.640E-19 3.485E-19 3.455E-19 3.691E-19 3.501E-19
 3.181E-19 3.162E-19 3.662E-19 3.818E-19 3.279E-19 3.069E-19 3.441E-19 3.687E-19 3.497E-19 3.291E-19
 3.588E-19 3.604E-19 3.478E-19 3.410E-19 3.228E-19 3.245E-19 3.616E-19 3.883E-19 3.868E-19 3.680E-19
 3.530E-19 3.834E-19 3.720E-19 3.251E-19 3.247E-19 3.647E-19 3.680E-19 3.230E-19 3.123E-19 3.390E-19
 3.615E-19 3.571E-19 3.234E-19 3.343E-19 3.681E-19 3.774E-19 3.821E-19 3.574E-19 3.610E-19 3.804E-19
 3.847E-19 3.393E-19 3.088E-19 3.498E-19 3.605E-19 3.470E-19 3.519E-19 3.673E-19 3.730E-19 3.653E-19
 3.683E-19 3.623E-19 3.529E-19 3.565E-19 3.765E-19 3.527E-19 3.398E-19 3.494E-19 3.496E-19 3.590E-19
 3.570E-19 3.459E-19 3.468E-19 3.404E-19 3.220E-19 2.967E-19 2.768E-19 3.069E-19 3.575E-19 3.892E-19
 3.684E-19 3.545E-19 3.475E-19 3.234E-19 3.100E-19 3.064E-19 3.246E-19 3.451E-19 3.336E-19 3.292E-19
 3.474E-19 3.740E-19 3.840E-19 3.458E-19 3.195E-19 3.242E-19 3.342E-19 3.400E-19 3.246E-19 3.152E-19
 3.367E-19 3.582E-19 3.708E-19 3.520E-19 3.546E-19 3.450E-19 3.356E-19 3.359E-19 3.018E-19 2.912E-19
 3.113E-19 3.364E-19 3.240E-19 3.041E-19 3.040E-19 3.128E-19 2.903E-19 2.968E-19 3.083E-19 3.119E-19
 3.231E-19 3.208E-19 3.190E-19 3.233E-19 3.315E-19 3.616E-19 3.501E-19 3.404E-19 3.372E-19 3.184E-19
 3.250E-19 3.038E-19 2.942E-19 3.220E-19 3.503E-19 3.450E-19 3.324E-19 3.299E-19 3.355E-19 3.446E-19
 3.384E-19 3.389E-19 3.568E-19 3.634E-19 3.695E-19 3.565E-19 3.240E-19 3.314E-19 3.716E-19 3.926E-19
 3.741E-19 3.684E-19 3.705E-19 3.617E-19 3.553E-19 3.590E-19 3.669E-19 3.754E-19 3.597E-19 3.351E-19
 3.310E-19 3.359E-19 3.342E-19 3.726E-19 3.840E-19 3.439E-19 3.505E-19 3.697E-19 3.633E-19 3.682E-19
 3.727E-19 3.679E-19 3.695E-19 3.583E-19 3.385E-19 3.319E-19 3.433E-19 3.398E-19 3.546E-19 3.502E-19
 3.360E-19 3.572E-19 3.773E-19 3.692E-19 3.522E-19 3.279E-19 3.257E-19 3.418E-19 3.305E-19 3.255E-19
 3.517E-19 3.681E-19 3.341E-19 3.082E-19 3.030E-19 3.246E-19 3.437E-19 3.628E-19 3.720E-19 3.605E-19
 3.575E-19 3.496E-19 3.179E-19 3.252E-19 3.524E-19 3.495E-19 3.359E-19 3.107E-19 3.272E-19 3.440E-19
 3.504E-19 3.675E-19 3.562E-19 3.228E-19 3.345E-19 3.489E-19 3.739E-19 3.796E-19 3.603E-19 3.620E-19
 3.639E-19 3.562E-19 3.481E-19 3.424E-19 3.430E-19 3.454E-19 3.367E-19 3.236E-19 3.267E-19 3.440E-19
 3.554E-19 3.264E-19 3.179E-19 3.363E-19 3.382E-19 3.321E-19 3.529E-19 3.734E-19 3.653E-19 3.735E-19
 3.754E-19 3.435E-19 3.300E-19 3.411E-19 3.409E-19 3.470E-19 3.510E-19 3.349E-19 3.272E-19 3.441E-19
 3.756E-19 3.958E-19 3.731E-19 3.478E-19 3.534E-19 3.514E-19 3.716E-19 3.798E-19 3.575E-19 3.442E-19
 3.558E-19 3.650E-19 3.731E-19 3.750E-19 3.637E-19 3.482E-19 3.489E-19 3.635E-19 3.602E-19 3.510E-19
 3.481E-19 3.570E-19 3.654E-19 3.799E-19 3.899E-19 3.586E-19 3.323E-19 3.401E-19 3.484E-19 3.548E-19
 3.564E-19 3.504E-19 3.484E-19 3.616E-19 3.629E-19 3.638E-19 3.436E-19 3.565E-19 3.611E-19 3.524E-19
 3.460E-19 3.452E-19 3.477E-19 3.428E-19 3.198E-19 3.375E-19 3.783E-19 3.765E-19 3.542E-19 3.695E-19
 4.125E-19 3.989E-19 3.534E-19 3.435E-19 3.403E-19 3.624E-19 3.703E-19 3.589E-19 3.497E-19 3.605E-19
 3.809E-19 4.071E-19 4.408E-19 4.289E-19 3.932E-19 3.891E-19 3.805E-19 3.905E-19 4.050E-19 3.917E-19
 3.852E-19 3.714E-19 3.710E-19 3.867E-19 3.787E-19 3.798E-19 3.848E-19 3.815E-19 4.098E-19 4.105E-19
 4.239E-19 4.237E-19 3.961E-19 3.844E-19 4.036E-19 4.198E-19 3.958E-19 3.742E-19 3.636E-19 3.596E-19
 3.719E-19 3.748E-19 3.813E-19 3.828E-19 3.713E-19 3.888E-19 4.101E-19 4.099E-19 3.998E-19 3.707E-19
 3.799E-19 4.171E-19 4.205E-19 3.968E-19 3.829E-19 3.793E-19 3.903E-19 4.044E-19 3.757E-19 3.601E-19
 4.014E-19 4.040E-19 3.961E-19 3.673E-19 3.610E-19 3.871E-19 3.740E-19 3.867E-19 4.010E-19 3.674E-19
 3.787E-19 3.813E-19 3.737E-19 4.027E-19 4.144E-19 3.922E-19 3.935E-19 4.108E-19 4.198E-19 4.288E-19
 4.343E-19 4.250E-19 4.376E-19 4.426E-19 4.305E-19 4.369E-19 4.345E-19 4.439E-19 4.434E-19 4.168E-19
 4.035E-19 4.111E-19 4.294E-19 4.272E-19 4.187E-19 4.199E-19 4.492E-19 4.465E-19 3.950E-19 3.917E-19
 4.049E-19 4.351E-19 4.285E-19 4.083E-19 3.965E-19 3.905E-19 4.079E-19 4.377E-19 4.333E-19 3.989E-19
 4.020E-19 4.128E-19 4.219E-19 4.532E-19 4.713E-19 4.711E-19 4.660E-19 4.812E-19 4.761E-19 4.797E-19
 4.646E-19 4.387E-19 4.345E-19 4.386E-19 4.577E-19 4.419E-19 4.190E-19 4.263E-19 4.304E-19 4.553E-19
 4.709E-19 4.591E-19 4.422E-19 4.245E-19 4.388E-19 4.797E-19 4.794E-19 4.463E-19 4.286E-19 4.153E-19
 4.134E-19 4.347E-19 4.642E-19 4.413E-19 3.972E-19 3.987E-19 4.540E-19 4.699E-19 4.345E-19 4.068E-19
 4.191E-19 4.544E-19 4.552E-19 4.596E-19 4.473E-19 4.502E-19 4.807E-19 5.093E-19 5.157E-19 4.897E-19
 4.686E-19 4.535E-19 4.466E-19 4.539E-19 4.751E-19 4.678E-19 4.360E-19 4.209E-19 4.452E-19 4.828E-19
 5.000E-19 4.920E-19 4.734E-19 4.359E-19 4.310E-19 4.628E-19 4.945E-19 4.925E-19 5.007E-19 5.038E-19
 4.646E-19 4.387E-19 4.620E-19 4.500E-19 4.241E-19 4.604E-19 5.022E-19 5.190E-19 4.882E-19 4.663E-19
 4.702E-19 4.846E-19 5.130E-19 5.274E-19 5.175E-19 4.939E-19 4.472E-19 4.646E-19 5.142E-19 5.458E-19
 5.359E-19 5.021E-19 4.927E-19 5.353E-19 5.580E-19 5.345E-19 5.383E-19 5.376E-19 5.454E-19 5.974E-19
 5.914E-19 5.305E-19 5.133E-19 5.131E-19 5.141E-19 5.363E-19 5.161E-19 4.603E-19 4.461E-19 4.855E-19
 5.340E-19 5.444E-19 5.194E-19 5.115E-19 5.292E-19 5.454E-19 5.585E-19 5.405E-19 5.325E-19 5.331E-19
 5.425E-19 5.693E-19 5.838E-19 5.639E-19 5.466E-19 5.324E-19 5.496E-19 5.746E-19 5.836E-19 5.610E-19
 5.207E-19 5.016E-19 5.098E-19 5.331E-19 5.475E-19 5.398E-19 5.483E-19 5.739E-19 5.925E-19 5.741E-19
 5.320E-19 5.164E-19 5.343E-19 5.614E-19 5.675E-19 5.783E-19 5.667E-19 5.404E-19 5.337E-19 5.509E-19
 5.666E-19 5.632E-19 5.418E-19 5.448E-19 5.832E-19 5.953E-19 5.918E-19 5.912E-19 5.799E-19 5.661E-19
 6.004E-19 6.276E-19 6.310E-19 6.013E-19 5.653E-19 5.775E-19 6.010E-19 5.997E-19 5.808E-19 5.754E-19
 5.680E-19 5.896E-19 6.347E-19 6.626E-19 6.534E-19 6.204E-19 6.201E-19 6.489E-19 6.522E-19 6.280E-19
 5.947E-19 5.730E-19 5.672E-19 5.821E-19 5.838E-19 5.900E-19 5.877E-19 5.730E-19 5.904E-19 6.014E-19
 6.127E-19 6.432E-19 6.103E-19 5.701E-19 5.973E-19 6.477E-19 6.590E-19 6.498E-19 6.170E-19 5.992E-19
 6.112E-19 6.399E-19 6.493E-19 6.084E-19 5.867E-19 5.789E-19 6.015E-19 6.711E-19 6.792E-19 6.356E-19
 6.304E-19 6.378E-19 6.538E-19 6.944E-19 6.549E-19 5.849E-19 5.793E-19 6.271E-19 6.794E-19 7.079E-19
 6.764E-19 5.949E-19 5.665E-19 6.430E-19 7.337E-19 7.104E-19 6.266E-19 6.039E-19 6.572E-19 7.106E-19
 7.101E-19 6.469E-19 6.021E-19 5.991E-19 6.653E-19 7.219E-19 6.524E-19 5.823E-19 5.847E-19 6.214E-19
 6.899E-19 7.310E-19 6.823E-19 6.348E-19 6.357E-19 7.135E-19 8.215E-19 7.676E-19 6.621E-19 6.385E-19
 6.326E-19 6.745E-19 7.671E-19 7.163E-19 6.147E-19 5.761E-19 6.581E-19 7.899E-19 7.600E-19 6.824E-19
 6.703E-19 6.377E-19 7.152E-19 8.250E-19 7.836E-19 6.973E-19 6.301E-19 6.764E-19 8.222E-19 8.220E-19
 7.240E-19 6.621E-19 6.345E-19 7.365E-19 8.860E-19 8.239E-19 6.706E-19 6.118E-19 6.864E-19 8.118E-19
 8.384E-19 7.578E-19 6.791E-19 6.592E-19 7.223E-19 8.353E-19 8.131E-19 7.032E-19 6.748E-19 6.972E-19
 7.598E-19 8.548E-19 8.286E-19 7.056E-19 6.593E-19 7.498E-19 8.704E-19 8.656E-19 7.635E-19 7.137E-19
 7.247E-19 7.889E-19 8.790E-19 8.661E-19 7.206E-19 6.428E-19 7.095E-19 8.714E-19 8.809E-19 7.711E-19
 6.864E-19 6.775E-19 7.676E-19 8.869E-19 8.684E-19 6.948E-19 6.163E-19 7.310E-19 8.674E-19 8.954E-19
 8.314E-19 7.189E-19 6.812E-19 7.723E-19 8.824E-19 9.061E-19 7.931E-19 6.924E-19 7.474E-19 8.394E-19
 8.898E-19 8.765E-19 7.790E-19 7.366E-19 8.197E-19 9.274E-19 9.653E-19 8.456E-19 7.333E-19 7.396E-19
 8.193E-19 9.329E-19 9.466E-19 7.772E-19 6.448E-19 7.346E-19 8.637E-19 8.810E-19 7.842E-19 7.173E-19
 7.360E-19 8.115E-19 9.095E-19 9.165E-19 7.738E-19 6.955E-19 7.924E-19 9.003E-19 9.642E-19 9.004E-19
 7.899E-19 7.253E-19 7.367E-19 8.915E-19 1.000E-18 8.917E-19 7.783E-19 8.119E-19 8.504E-19 9.030E-19
 9.167E-19 8.640E-19 8.228E-19 8.024E-19 9.244E-19 1.022E-18 8.867E-19 7.737E-19 8.196E-19 8.388E-19
 9.429E-19 1.020E-18 9.115E-19 8.231E-19 8.256E-19 8.713E-19 9.386E-19 9.093E-19 8.199E-19 8.116E-19
 8.227E-19 9.256E-19 1.012E-18 8.487E-19 7.384E-19 8.321E-19 9.167E-19 9.540E-19 9.299E-19 8.050E-19
 8.050E-19 7.806E-19 8.395E-19 9.866E-19 9.647E-19 8.640E-19 8.632E-19 8.676E-19 9.068E-19 1.020E-18
 9.585E-19 8.591E-19 8.015E-19 8.630E-19 9.823E-19 9.271E-19 8.005E-19 8.517E-19 8.726E-19 9.297E-19
 1.002E-18 9.247E-19 8.942E-19 8.920E-19 9.354E-19 1.016E-18 9.967E-19 8.866E-19 8.952E-19 9.004E-19
 9.074E-19 9.917E-19 9.108E-19 8.048E-19 8.269E-19 8.847E-19 9.686E-19 1.039E-18 9.514E-19 9.098E-19
 9.248E-19 9.048E-19 1.048E-18 1.026E-18 8.707E-19 8.721E-19 8.967E-19 9.341E-19 1.036E-18 1.009E-18
 9.029E-19 8.752E-19 8.981E-19 1.034E-18 1.068E-18 9.546E-19 9.718E-19 9.591E-19 9.096E-19 1.053E-18
 1.056E-18 9.497E-19 9.063E-19 8.813E-19 9.797E-19 1.061E-18 9.640E-19 9.288E-19 9.554E-19 9.117E-19
 9.695E-19 1.039E-18 9.642E-19 9.180E-19 8.931E-19 9.514E-19 1.059E-18 1.053E-18 9.560E-19 9.522E-19
 9.074E-19 9.408E-19 1.040E-18 9.858E-19 9.405E-19 9.455E-19 9.427E-19 1.015E-18 1.044E-18 9.783E-19
 9.683E-19 9.242E-19 9.907E-19 1.094E-18 1.030E-18 9.631E-19 9.350E-19 9.166E-19 1.006E-18 1.086E-18
 1.040E-18 9.872E-19 9.616E-19 9.535E-19 1.010E-18 9.859E-19 1.005E-18 1.017E-18 9.919E-19 1.026E-18
 1.027E-18 9.952E-19 1.014E-18 9.794E-19 9.326E-19 9.648E-19 9.942E-19 1.015E-18 9.723E-19 9.263E-19
 9.026E-19 9.584E-19 1.036E-18 1.045E-18 1.025E-18 1.004E-18 1.063E-18 1.104E-18 1.049E-18 9.788E-19
 9.478E-19 9.522E-19 1.039E-18 1.088E-18 1.009E-18 1.004E-18 1.005E-18 1.018E-18 1.044E-18 1.073E-18
 1.067E-18 1.035E-18 9.661E-19 9.810E-19 1.030E-18 1.015E-18 1.050E-18 1.020E-18 1.013E-18 1.010E-18
 1.004E-18 1.022E-18 1.030E-18 9.428E-19 9.254E-19 1.043E-18 1.169E-18 1.163E-18 1.044E-18 9.823E-19
 9.852E-19 1.048E-18 1.061E-18 1.023E-18 9.793E-19 9.864E-19 1.096E-18 1.061E-18 9.595E-19 9.323E-19
 9.872E-19 9.956E-19 9.916E-19 1.026E-18 1.039E-18 1.036E-18 1.006E-18 1.072E-18 1.118E-18 1.087E-18
 1.039E-18 9.501E-19 8.556E-19 9.292E-19 1.030E-18 1.042E-18 1.057E-18 1.039E-18 1.066E-18 1.067E-18
 1.085E-18 1.063E-18 9.990E-19 9.108E-19 1.038E-18 1.185E-18 1.137E-18 1.035E-18 9.219E-19 9.624E-19
 9.733E-19 9.833E-19 1.035E-18 1.068E-18 1.020E-18 1.002E-18 1.006E-18 1.021E-18 1.033E-18 1.028E-18
 1.000E-18 9.717E-19 1.019E-18 1.088E-18 1.082E-18 9.976E-19 9.595E-19 1.062E-18 1.076E-18 9.905E-19
 9.348E-19 9.015E-19 8.678E-19 9.777E-19 1.064E-18 1.086E-18 1.106E-18 1.072E-18 1.080E-18 1.034E-18
 1.006E-18 1.007E-18 9.560E-19 9.579E-19 9.886E-19 1.004E-18 1.033E-18 1.011E-18 9.741E-19 9.679E-19
 9.594E-19 1.002E-18 1.067E-18 1.068E-18 1.049E-18 1.062E-18 1.096E-18 1.049E-18 9.831E-19 9.465E-19
 9.464E-19 9.530E-19 1.025E-18 1.070E-18 1.072E-18 1.039E-18 1.029E-18 1.059E-18 1.029E-18 1.046E-18
 9.678E-19 9.161E-19 9.417E-19 1.024E-18 1.049E-18 1.067E-18 1.055E-18 1.038E-18 1.067E-18 9.829E-19
 9.906E-19 9.806E-19 9.538E-19 9.610E-19 9.795E-19 1.094E-18 1.061E-18 9.594E-19 9.756E-19 1.032E-18
 1.006E-18 1.058E-18 1.067E-18 1.037E-18 1.010E-18 1.009E-18 9.995E-19 9.789E-19 1.011E-18 9.880E-19
 1.002E-18 9.300E-19 9.919E-19 1.047E-18 1.087E-18 1.073E-18 1.074E-18 1.063E-18 9.700E-19 9.490E-19
 9.106E-19 9.598E-19 9.772E-19 1.003E-18 1.058E-18 1.094E-18 1.030E-18 9.951E-19 9.877E-19 9.760E-19
 1.004E-18 9.352E-19 9.718E-19 9.933E-19 1.063E-18 1.087E-18 1.061E-18 9.736E-19 9.429E-19 1.007E-18
 1.044E-18 1.096E-18 1.109E-18 1.047E-18 9.776E-19 9.877E-19 1.020E-18 1.043E-18 9.998E-19 1.003E-18
 1.030E-18 1.016E-18 1.043E-18 1.054E-18 1.062E-18 1.030E-18 9.660E-19 9.407E-19 9.714E-19 9.180E-19
 9.012E-19 9.813E-19 9.879E-19 9.399E-19 9.722E-19 1.016E-18 1.031E-18 1.054E-18 1.001E-18 9.581E-19
 9.756E-19 1.011E-18 1.030E-18 1.016E-18 9.757E-19 1.017E-18 9.803E-19 9.097E-19 9.360E-19 9.723E-19
 8.822E-19 9.367E-19 1.022E-18 1.049E-18 1.005E-18 9.674E-19 1.033E-18 9.989E-19 9.767E-19 9.499E-19
 9.730E-19 8.747E-19 8.852E-19 1.034E-18 1.078E-18 1.024E-18 9.537E-19 9.600E-19 9.063E-19 9.897E-19
 1.044E-18 1.043E-18 9.268E-19 9.114E-19 1.013E-18 1.043E-18 1.011E-18 9.929E-19 9.526E-19 8.190E-19
 9.310E-19 1.028E-18 1.015E-18 9.033E-19 9.051E-19 9.880E-19 1.020E-18 9.774E-19 9.850E-19 1.032E-18
 9.172E-19 9.890E-19 9.963E-19 9.842E-19 9.236E-19 9.768E-19 9.826E-19 8.759E-19 8.932E-19 9.650E-19
 9.722E-19 8.400E-19 9.591E-19 9.948E-19 9.655E-19 9.166E-19 9.185E-19 9.631E-19 9.885E-19 1.059E-18
 1.002E-18 9.676E-19 9.133E-19 9.762E-19 1.011E-18 1.066E-18 1.012E-18 9.283E-19 8.934E-19 8.385E-19
 8.612E-19 8.685E-19 9.553E-19 9.428E-19 1.002E-18 1.011E-18 9.769E-19 9.522E-19 1.004E-18 1.011E-18
 9.249E-19 9.133E-19 9.207E-19 9.872E-19 8.749E-19 8.390E-19 8.961E-19 8.966E-19 9.232E-19 9.969E-19
 9.907E-19 8.972E-19 9.185E-19 9.285E-19 9.823E-19 9.035E-19 9.052E-19 9.118E-19 8.497E-19 8.453E-19
 9.426E-19 9.796E-19 8.438E-19 8.694E-19 9.661E-19 9.687E-19 9.550E-19 9.912E-19 9.180E-19 8.010E-19
 7.783E-19 9.528E-19 1.114E-18 9.481E-19 9.496E-19 1.025E-18 9.194E-19 9.174E-19 1.095E-18 1.100E-18
 9.381E-19 9.647E-19 1.004E-18 9.663E-19 9.497E-19 1.085E-18 1.092E-18 9.912E-19 1.058E-18 1.185E-18
 1.167E-18 1.081E-18 1.146E-18 1.185E-18 1.071E-18 9.834E-19 1.070E-18 1.054E-18 9.495E-19 9.837E-19
 1.065E-18 1.114E-18 1.089E-18 1.184E-18 1.270E-18 1.166E-18 9.802E-19 9.590E-19 8.864E-19 7.619E-19
 8.109E-19 9.221E-19 9.029E-19 8.138E-19 9.189E-19 9.332E-19 8.540E-19 8.825E-19 9.724E-19 9.114E-19
 7.914E-19 8.607E-19 9.202E-19 8.717E-19 8.899E-19 1.043E-18 1.005E-18 8.545E-19 9.090E-19 9.414E-19
 9.030E-19 9.320E-19 1.066E-18 1.017E-18 8.993E-19 9.036E-19 9.495E-19 9.620E-19 9.213E-19 9.710E-19
 1.060E-18 1.058E-18 9.958E-19 1.094E-18 1.149E-18 1.089E-18 1.049E-18 1.034E-18 9.715E-19 9.273E-19
 1.042E-18 1.119E-18 1.097E-18 1.094E-18 1.116E-18 1.085E-18 1.044E-18 1.008E-18 9.233E-19 8.665E-19
 9.135E-19 1.020E-18 1.015E-18 9.652E-19 9.110E-19 8.877E-19 9.419E-19 9.644E-19 9.975E-19 9.838E-19
 9.373E-19 9.313E-19 9.777E-19 1.002E-18 1.017E-18 1.051E-18 1.021E-18 1.034E-18 1.121E-18 1.285E-18
 1.251E-18 1.009E-18 8.458E-19 8.700E-19 9.693E-19 1.054E-18 1.079E-18 1.025E-18 9.483E-19 9.322E-19
 1.047E-18 1.214E-18 1.234E-18 1.150E-18 1.103E-18 1.121E-18 1.167E-18 1.340E-18 1.338E-18 1.123E-18
 9.629E-19 9.031E-19 9.140E-19 1.052E-18 1.173E-18 1.077E-18 9.778E-19 8.819E-19 8.716E-19 9.872E-19
 1.182E-18 1.137E-18 8.997E-19 7.871E-19 8.313E-19 8.985E-19 1.057E-18 1.188E-18 1.033E-18 8.358E-19
 7.451E-19 7.604E-19 9.297E-19 1.141E-18 1.113E-18 9.257E-19 7.905E-19 7.087E-19 7.834E-19 1.141E-18
 1.284E-18 1.026E-18 8.963E-19 8.157E-19 7.744E-19 1.004E-18 1.301E-18 1.069E-18 8.352E-19 8.438E-19
 8.135E-19 8.250E-19 1.156E-18 1.333E-18 1.050E-18 9.146E-19 9.094E-19 9.144E-19 1.103E-18 1.369E-18
 1.259E-18 1.075E-18 9.644E-19 9.548E-19 1.147E-18 1.426E-18 1.515E-18 1.432E-18 1.441E-18 1.453E-18
 1.507E-18 1.805E-18 2.028E-18 1.882E-18 1.749E-18 1.777E-18 1.810E-18 2.081E-18 2.634E-18 2.916E-18
 2.978E-18 2.962E-18 2.875E-18 2.472E-18 2.211E-18 2.315E-18 2.433E-18 2.443E-18 2.557E-18 2.792E-18
 3.133E-18 3.597E-18 3.680E-18 3.021E-18 1.744E-18 1.069E-18 9.650E-19 1.146E-18 1.191E-18 1.056E-18
 9.942E-19 8.652E-19 8.052E-19 9.371E-19 1.177E-18 1.056E-18 9.661E-19 9.835E-19 9.076E-19 8.454E-19
 9.402E-19 1.081E-18 1.004E-18 1.008E-18 9.986E-19 9.321E-19 8.470E-19 9.576E-19 1.060E-18 1.008E-18
 1.031E-18 1.059E-18 1.027E-18 1.020E-18 1.166E-18 1.188E-18 1.163E-18 1.183E-18 1.135E-18 1.098E-18
 1.244E-18 1.458E-18 1.513E-18 1.615E-18 1.749E-18 1.773E-18 1.881E-18 2.243E-18 2.483E-18 2.270E-18
 2.073E-18 2.054E-18 2.091E-18 2.354E-18 2.605E-18 2.190E-18 1.606E-18 1.367E-18 1.226E-18 1.062E-18
 9.948E-19 1.132E-18 1.110E-18 1.010E-18 1.013E-18 1.037E-18 9.925E-19 1.004E-18 1.111E-18 1.107E-18
 9.800E-19 9.238E-19 9.679E-19 9.810E-19 1.021E-18 1.122E-18 1.064E-18 9.309E-19 9.059E-19 9.693E-19
 1.017E-18 1.051E-18 1.121E-18 1.054E-18 9.396E-19 8.729E-19 9.282E-19 1.004E-18 1.013E-18 1.010E-18
 9.902E-19 9.208E-19 8.631E-19 8.972E-19 9.256E-19 9.074E-19 9.655E-19 9.853E-19 9.395E-19 8.721E-19
 8.697E-19 8.843E-19 9.221E-19 1.047E-18 1.070E-18 1.035E-18 9.788E-19 9.175E-19 9.534E-19 9.728E-19
 9.661E-19 9.557E-19 9.111E-19 8.359E-19 8.241E-19 8.527E-19 8.942E-19 9.476E-19 9.299E-19 8.247E-19
 7.929E-19 7.990E-19 8.414E-19 9.638E-19 1.032E-18 9.389E-19 8.361E-19 8.099E-19 7.655E-19 7.740E-19
 8.089E-19 8.345E-19 8.418E-19 8.049E-19 7.335E-19 7.185E-19 7.429E-19 7.783E-19 8.218E-19 8.233E-19
 7.919E-19 7.606E-19 7.550E-19 7.549E-19 7.977E-19 8.758E-19 9.053E-19 9.230E-19 9.523E-19 9.684E-19
 9.660E-19 1.066E-18 1.204E-18 1.307E-18 1.361E-18 1.424E-18 1.551E-18 1.740E-18 1.879E-18 2.078E-18
 2.353E-18 2.631E-18 2.973E-18 3.426E-18 3.900E-18 4.605E-18 5.386E-18 6.266E-18 7.273E-18 8.166E-18
 8.696E-18 9.241E-18 1.047E-17 1.210E-17 1.434E-17 1.669E-17 1.861E-17 1.860E-17 1.442E-17 1.165E-17
 1.181E-17 1.316E-17 1.517E-17 1.834E-17 1.768E-17 1.620E-17 9.957E-18 3.837E-18 1.662E-18 1.102E-18
 9.180E-19 8.004E-19 7.217E-19 7.163E-19 7.063E-19 6.832E-19 6.404E-19 6.381E-19 6.540E-19 6.469E-19
 6.355E-19 6.245E-19 5.793E-19 5.870E-19 6.169E-19 6.101E-19 6.465E-19 6.750E-19 6.044E-19 5.877E-19
 6.192E-19 6.367E-19 6.056E-19 6.396E-19 6.956E-19 7.148E-19 6.682E-19 5.699E-19 5.377E-19 5.965E-19
 6.406E-19 6.392E-19 6.176E-19 6.105E-19 6.238E-19 6.628E-19 7.134E-19 7.816E-19 7.070E-19 5.311E-19
 4.822E-19 5.103E-19 5.521E-19 5.989E-19 6.099E-19 5.896E-19 5.376E-19 4.815E-19 4.654E-19 5.138E-19
 6.005E-19 6.578E-19 6.446E-19 6.066E-19 5.976E-19 5.696E-19 5.954E-19 6.208E-19 6.324E-19 6.569E-19
 6.870E-19 6.753E-19 6.385E-19 6.220E-19 5.942E-19 5.462E-19 5.723E-19 6.628E-19 7.294E-19 7.742E-19
 7.529E-19 6.551E-19 5.775E-19 5.792E-19 6.190E-19 6.758E-19 7.280E-19 7.294E-19 6.777E-19 6.334E-19
 6.100E-19 6.468E-19 6.932E-19 7.223E-19 7.517E-19 7.759E-19 7.509E-19 6.660E-19 6.098E-19 6.387E-19
 6.975E-19 7.569E-19 7.881E-19 7.730E-19 7.134E-19 6.916E-19 7.063E-19 7.329E-19 7.535E-19 7.772E-19
 7.876E-19 7.889E-19 7.412E-19 6.878E-19 6.833E-19 7.180E-19 7.246E-19 7.299E-19 7.820E-19 7.914E-19
 7.659E-19 7.388E-19 7.040E-19 6.806E-19 7.223E-19 7.491E-19 7.703E-19 7.926E-19 7.810E-19 8.123E-19
 8.121E-19 7.354E-19 7.379E-19 8.020E-19 8.767E-19 8.941E-19 8.060E-19 7.259E-19 7.044E-19 7.543E-19
 7.966E-19 7.641E-19 7.709E-19 8.258E-19 8.257E-19 7.888E-19 7.833E-19 7.488E-19 7.516E-19 7.811E-19
 8.030E-19 8.068E-19 8.088E-19 7.767E-19 7.433E-19 7.022E-19 7.125E-19 7.497E-19 8.020E-19 8.362E-19
 8.134E-19 7.669E-19 7.639E-19 7.615E-19 7.406E-19 7.034E-19 7.299E-19 8.110E-19 8.271E-19 8.139E-19
 7.990E-19 7.927E-19 7.500E-19 7.173E-19 7.355E-19 7.788E-19 7.652E-19 7.539E-19 7.324E-19 7.350E-19
 7.509E-19 7.432E-19 7.220E-19 7.292E-19 8.060E-19 8.625E-19 8.258E-19 7.647E-19 7.812E-19 7.837E-19
 7.661E-19 7.386E-19 7.310E-19 7.347E-19 7.125E-19 6.774E-19 7.097E-19 7.205E-19 7.465E-19 8.206E-19
 8.287E-19 8.180E-19 7.757E-19 7.083E-19 6.536E-19 6.389E-19 6.556E-19 7.261E-19 7.820E-19 8.517E-19
 8.097E-19 7.345E-19 7.354E-19 7.480E-19 7.052E-19 6.882E-19 6.774E-19 7.452E-19 7.933E-19 7.339E-19
 6.993E-19 6.710E-19 6.346E-19 6.721E-19 7.157E-19 7.649E-19 8.182E-19 8.147E-19 8.656E-19 7.886E-19
 6.817E-19 6.726E-19 6.537E-19 6.642E-19 6.992E-19 6.690E-19 7.140E-19 8.038E-19 8.208E-19 8.304E-19
 7.735E-19 7.047E-19 7.025E-19 6.898E-19 6.780E-19 6.715E-19 6.772E-19 7.499E-19 7.622E-19 7.710E-19
 7.894E-19 7.401E-19 7.162E-19 7.274E-19 6.841E-19 7.251E-19 7.643E-19 7.406E-19 7.541E-19 7.044E-19
 6.688E-19 6.845E-19 6.687E-19 7.151E-19 7.393E-19 7.289E-19 7.700E-19 7.636E-19 7.443E-19 7.501E-19
 7.051E-19 6.917E-19 6.602E-19 5.673E-19 6.042E-19 6.757E-19 7.620E-19 8.814E-19 8.619E-19 7.767E-19
 7.412E-19 6.525E-19 6.448E-19 6.828E-19 7.078E-19 7.466E-19 7.154E-19 7.335E-19 8.349E-19 7.865E-19
 7.393E-19 6.970E-19 6.704E-19 7.202E-19 7.370E-19 7.081E-19 7.628E-19 7.466E-19 6.711E-19 6.556E-19
 6.464E-19 6.911E-19 6.930E-19 6.867E-19 7.272E-19 7.297E-19 7.436E-19 7.622E-19 7.112E-19 7.495E-19
 7.293E-19 6.183E-19 6.422E-19 6.755E-19 6.780E-19 7.545E-19 7.989E-19 7.944E-19 7.747E-19 6.797E-19
 6.697E-19 6.533E-19 6.532E-19 7.179E-19 7.237E-19 7.167E-19 7.322E-19 7.184E-19 7.710E-19 7.819E-19
 7.241E-19 7.378E-19 7.204E-19 7.008E-19 7.367E-19 7.394E-19 7.460E-19 8.017E-19 6.823E-19 6.752E-19
 7.245E-19 7.118E-19 7.315E-19 7.271E-19 6.700E-19 7.447E-19 7.402E-19 7.617E-19 7.718E-19 6.918E-19
 6.909E-19 7.028E-19 7.292E-19 7.298E-19 7.402E-19 7.486E-19 7.667E-19 6.892E-19 7.053E-19 7.279E-19
 6.906E-19 6.975E-19 7.893E-19 7.914E-19 7.589E-19 7.098E-19 7.164E-19 7.569E-19 7.103E-19 7.574E-19
 7.660E-19 7.292E-19 7.115E-19 7.243E-19 6.917E-19 7.359E-19 7.120E-19 7.324E-19 7.575E-19 7.189E-19
 7.471E-19 8.007E-19 7.478E-19 7.219E-19 7.383E-19 7.307E-19 7.419E-19 6.514E-19 6.679E-19 6.998E-19
 7.113E-19 7.400E-19 7.780E-19 7.148E-19 7.376E-19 6.941E-19 6.663E-19 7.017E-19 6.806E-19 7.606E-19
 8.442E-19 7.726E-19 7.339E-19 7.558E-19 7.315E-19 8.057E-19 7.831E-19 7.781E-19 7.664E-19 7.434E-19
 7.275E-19 7.759E-19 7.301E-19 7.294E-19 7.303E-19 6.991E-19 7.313E-19 7.178E-19 7.408E-19 8.010E-19
 8.057E-19 7.800E-19 7.886E-19 6.979E-19 6.892E-19 6.761E-19 6.593E-19 6.955E-19 7.145E-19 7.001E-19
 7.738E-19 7.217E-19 7.429E-19 8.059E-19 7.552E-19 7.349E-19 7.383E-19 6.899E-19 7.190E-19 8.103E-19
 7.520E-19 7.471E-19 7.405E-19 7.389E-19 7.118E-19 7.001E-19 7.295E-19 7.784E-19 7.672E-19 7.797E-19
 7.942E-19 7.783E-19 7.713E-19 7.349E-19 6.963E-19 7.197E-19 7.387E-19 7.088E-19 7.422E-19 7.609E-19
 8.109E-19 7.795E-19 7.125E-19 6.833E-19 7.155E-19 7.306E-19 7.673E-19 7.723E-19 7.344E-19 7.408E-19
 7.317E-19 7.289E-19 7.207E-19 7.347E-19 7.272E-19 7.235E-19 7.067E-19 7.894E-19 7.969E-19 7.350E-19
 7.481E-19 8.064E-19 7.587E-19 6.835E-19 6.658E-19 7.128E-19 7.684E-19 7.402E-19 7.761E-19 7.745E-19
 7.311E-19 7.375E-19 7.512E-19 6.788E-19 6.519E-19 6.732E-19 7.264E-19 7.650E-19 7.454E-19 7.294E-19
 7.569E-19 7.560E-19 7.189E-19 7.029E-19 7.110E-19 7.622E-19 7.195E-19 6.819E-19 6.933E-19 7.403E-19
 7.528E-19 8.045E-19 8.300E-19 7.919E-19 7.471E-19 7.202E-19 7.616E-19 7.598E-19 7.071E-19 6.923E-19
 7.464E-19 7.457E-19 7.168E-19 7.009E-19 7.070E-19 7.408E-19 7.853E-19 7.880E-19 7.863E-19 7.778E-19
 7.627E-19 7.491E-19 6.748E-19 6.588E-19 6.921E-19 7.398E-19 7.327E-19 7.301E-19 7.322E-19 7.466E-19
 7.584E-19 7.586E-19 7.327E-19 6.654E-19 7.010E-19 7.453E-19 7.775E-19 6.696E-19 6.312E-19 6.694E-19
 7.537E-19 8.116E-19 7.518E-19 6.888E-19 6.995E-19 7.673E-19 7.876E-19 7.616E-19 7.385E-19 7.604E-19
 7.198E-19 6.996E-19 6.927E-19 7.108E-19 7.126E-19 7.526E-19 7.648E-19 7.616E-19 7.251E-19 6.679E-19
 6.811E-19 7.348E-19 7.313E-19 6.448E-19 6.684E-19 7.211E-19 7.773E-19 7.281E-19 7.123E-19 7.045E-19
 7.044E-19 6.800E-19 6.746E-19 7.117E-19 7.206E-19 7.379E-19 7.027E-19 7.170E-19 6.760E-19 6.302E-19
 6.724E-19 7.448E-19 6.658E-19 6.306E-19 6.847E-19 7.416E-19 7.341E-19 6.780E-19 7.042E-19 6.988E-19
 6.800E-19 6.698E-19 6.630E-19 6.160E-19 6.549E-19 7.020E-19 7.208E-19 7.225E-19 7.251E-19 7.100E-19
 6.861E-19 6.974E-19 6.580E-19 6.773E-19 6.812E-19 7.401E-19 7.525E-19 7.355E-19 6.744E-19 6.497E-19
 6.508E-19 6.948E-19 7.388E-19 7.391E-19 7.078E-19 6.536E-19 6.954E-19 7.085E-19 6.817E-19 6.692E-19
 7.370E-19 7.116E-19 6.738E-19 6.493E-19 6.953E-19 7.006E-19 6.396E-19 6.869E-19 6.734E-19 6.414E-19
 6.349E-19 6.750E-19 7.031E-19 6.771E-19 6.765E-19 6.859E-19 6.586E-19 6.761E-19 6.885E-19 6.080E-19
 5.830E-19 6.270E-19 6.814E-19 6.820E-19 7.213E-19 7.178E-19 6.509E-19 5.608E-19 5.852E-19 6.328E-19
 6.316E-19 6.772E-19 7.403E-19 6.961E-19 6.092E-19 6.263E-19 6.504E-19 6.233E-19 6.008E-19 6.239E-19
 6.308E-19 6.245E-19 6.390E-19 6.513E-19 6.561E-19 6.548E-19 6.555E-19 6.443E-19 5.772E-19 5.985E-19
 6.188E-19 6.370E-19 6.896E-19 6.873E-19 6.745E-19 6.378E-19 6.175E-19 6.400E-19 6.235E-19 6.094E-19
 6.288E-19 6.847E-19 6.941E-19 6.662E-19 6.817E-19 6.748E-19 6.293E-19 6.042E-19 5.958E-19 5.915E-19
 6.013E-19 6.633E-19 7.094E-19 6.735E-19 6.348E-19 6.352E-19 6.307E-19 6.239E-19 6.426E-19 6.444E-19
 6.237E-19 6.444E-19 6.259E-19 5.910E-19 6.195E-19 6.336E-19 5.909E-19 5.786E-19 5.637E-19 5.504E-19
 5.486E-19 6.090E-19 6.612E-19 6.599E-19 6.159E-19 5.735E-19 5.621E-19 5.407E-19 5.369E-19 5.456E-19
 5.791E-19 6.126E-19 6.653E-19 6.610E-19 6.279E-19 6.000E-19 5.889E-19 5.603E-19 5.357E-19 5.428E-19
 5.513E-19 5.899E-19 6.567E-19 6.438E-19 5.777E-19 5.646E-19 5.493E-19 5.256E-19 5.566E-19 5.813E-19
 5.860E-19 6.036E-19 6.164E-19 6.081E-19 5.752E-19 5.425E-19 5.393E-19 5.146E-19 5.145E-19 5.404E-19
 5.623E-19 5.718E-19 6.343E-19 6.296E-19 5.361E-19 4.924E-19 4.739E-19 4.946E-19 5.351E-19 5.413E-19
 5.482E-19 5.937E-19 6.248E-19 6.067E-19 5.561E-19 4.899E-19 4.852E-19 5.024E-19 5.115E-19 4.991E-19
 5.138E-19 6.143E-19 6.298E-19 5.713E-19 5.016E-19 4.723E-19 4.966E-19 5.195E-19 5.295E-19 5.295E-19
 5.281E-19 5.582E-19 6.004E-19 5.901E-19 5.232E-19 5.049E-19 5.183E-19 5.021E-19 5.057E-19 5.056E-19
 5.331E-19 5.912E-19 5.845E-19 5.207E-19 4.724E-19 5.008E-19 5.144E-19 5.195E-19 5.010E-19 4.960E-19
 5.434E-19 5.817E-19 5.870E-19 5.199E-19 4.547E-19 4.745E-19 5.076E-19 4.714E-19 4.674E-19 5.030E-19
 5.135E-19 5.336E-19 5.340E-19 4.770E-19 4.646E-19 5.011E-19 4.938E-19 4.831E-19 4.635E-19 4.928E-19
 5.591E-19 5.932E-19 5.616E-19 4.964E-19 4.435E-19 4.286E-19 4.666E-19 4.828E-19 4.510E-19 4.545E-19
 4.979E-19 5.500E-19 5.760E-19 5.183E-19 4.624E-19 4.697E-19 4.876E-19 4.929E-19 4.936E-19 4.750E-19
 4.696E-19 4.984E-19 5.050E-19 4.646E-19 4.403E-19 4.447E-19 4.489E-19 4.785E-19 5.071E-19 5.066E-19
 5.342E-19 5.594E-19 5.364E-19 4.732E-19 4.223E-19 4.484E-19 4.623E-19 4.587E-19 4.579E-19 4.684E-19
 4.872E-19 5.216E-19 5.417E-19 4.735E-19 4.546E-19 4.962E-19 4.875E-19 4.380E-19 4.357E-19 4.671E-19
 4.612E-19 4.906E-19 5.103E-19 4.255E-19 3.912E-19 4.121E-19 4.078E-19 4.147E-19 4.421E-19 4.363E-19
 4.587E-19 4.934E-19 4.743E-19 4.011E-19 3.850E-19 4.070E-19 4.219E-19 4.178E-19 4.136E-19 4.275E-19
 4.327E-19 4.651E-19 4.592E-19 4.106E-19 4.129E-19 4.381E-19 4.324E-19 4.188E-19 4.109E-19 4.193E-19
 4.330E-19 4.603E-19 5.123E-19 4.732E-19 3.800E-19 3.751E-19 4.108E-19 4.167E-19 4.162E-19 4.267E-19
 4.278E-19 4.390E-19 4.390E-19 3.854E-19 3.379E-19 3.589E-19 3.666E-19 3.705E-19 4.037E-19 4.200E-19
 4.136E-19 4.292E-19 4.286E-19 4.126E-19 3.974E-19 4.128E-19 4.294E-19 4.236E-19 4.024E-19 3.826E-19
 3.941E-19 3.893E-19 3.650E-19 3.529E-19 3.407E-19 3.620E-19 3.880E-19 3.883E-19 3.908E-19 3.733E-19
 3.813E-19 4.254E-19 4.569E-19 4.158E-19 3.491E-19 3.298E-19 3.600E-19 3.864E-19 3.720E-19 3.560E-19
 3.724E-19 3.776E-19 3.621E-19 3.446E-19 3.348E-19 3.465E-19 3.513E-19 3.621E-19 3.722E-19 3.640E-19
 3.736E-19 3.790E-19 3.650E-19 3.446E-19 3.367E-19 3.726E-19 3.476E-19 3.268E-19 3.379E-19 3.380E-19
 3.629E-19 3.810E-19 3.577E-19 3.448E-19 3.106E-19 3.013E-19 3.170E-19 3.309E-19 3.304E-19 3.260E-19
 3.335E-19 3.391E-19 3.610E-19 3.396E-19 3.192E-19 3.420E-19 3.305E-19 3.119E-19 3.272E-19 3.457E-19
 3.617E-19 3.544E-19 3.586E-19 3.490E-19 3.387E-19 3.409E-19 3.324E-19 3.139E-19 3.363E-19 3.429E-19
 3.226E-19 3.151E-19 3.172E-19 3.215E-19 2.968E-19 3.021E-19 3.337E-19 3.094E-19 2.844E-19 3.075E-19
 3.546E-19 3.653E-19 3.418E-19 3.169E-19 3.118E-19 3.081E-19 3.111E-19 3.096E-19 2.881E-19 2.929E-19
 3.263E-19 3.168E-19 3.020E-19 3.148E-19 2.923E-19 2.757E-19 2.827E-19 2.712E-19 2.843E-19 3.201E-19
 3.305E-19 3.262E-19 3.302E-19 3.008E-19 2.854E-19 2.683E-19 2.833E-19 3.072E-19 2.841E-19 2.823E-19
 2.800E-19 2.904E-19 3.021E-19 3.030E-19 3.116E-19 3.253E-19 3.131E-19 3.021E-19 3.079E-19 3.085E-19
 3.066E-19 2.927E-19 2.702E-19 2.702E-19 2.589E-19 2.588E-19 2.800E-19 2.790E-19 2.755E-19 2.710E-19
 2.571E-19 2.652E-19 3.014E-19 3.178E-19 2.902E-19 2.761E-19 2.864E-19 3.195E-19 3.125E-19 0.000E+00
