    CCl2F2 1080.0060 1176.9930      6539  213.0000    0.0000 2.061E-17  NCAR    CFC-12              
 1.095E-19 1.028E-19 8.285E-20 5.996E-20 7.045E-20 8.987E-20 9.408E-20 1.149E-19 1.007E-19 9.665E-20
 9.576E-20 9.138E-20 1.037E-19 8.691E-20 9.875E-20 1.005E-19 5.949E-20 6.965E-20 1.056E-19 1.266E-19
 1.421E-19 1.336E-19 1.192E-19 1.181E-19 1.446E-19 1.513E-19 1.452E-19 1.356E-19 1.203E-19 6.726E-20
 4.336E-20 9.032E-20 1.097E-19 1.184E-19 1.113E-19 1.093E-19 1.282E-19 1.185E-19 9.972E-20 1.002E-19
 1.024E-19 1.175E-19 1.285E-19 1.283E-19 1.241E-19 1.161E-19 1.245E-19 1.229E-19 8.924E-20 8.182E-20
 1.005E-19 1.061E-19 1.307E-19 1.307E-19 1.266E-19 1.086E-19 1.025E-19 1.151E-19 1.048E-19 1.028E-19
 1.155E-19 1.245E-19 1.274E-19 1.299E-19 1.205E-19 1.234E-19 1.211E-19 1.206E-19 1.296E-19 1.149E-19
 9.503E-20 9.370E-20 1.119E-19 1.154E-19 9.775E-20 1.113E-19 1.213E-19 1.380E-19 1.392E-19 1.411E-19
 1.578E-19 1.584E-19 1.530E-19 1.620E-19 1.995E-19 1.849E-19 1.269E-19 1.038E-19 9.528E-20 9.806E-20
 1.320E-19 1.381E-19 1.257E-19 1.373E-19 1.538E-19 1.496E-19 1.420E-19 1.559E-19 1.654E-19 1.495E-19
 1.442E-19 1.412E-19 1.360E-19 1.333E-19 1.200E-19 1.171E-19 1.237E-19 1.247E-19 1.311E-19 1.492E-19
 1.777E-19 1.660E-19 1.612E-19 1.520E-19 1.391E-19 1.305E-19 1.229E-19 1.218E-19 1.261E-19 1.194E-19
 1.344E-19 1.725E-19 1.961E-19 1.751E-19 1.434E-19 1.616E-19 1.777E-19 1.795E-19 1.586E-19 1.434E-19
 1.536E-19 1.570E-19 1.536E-19 1.432E-19 1.763E-19 1.776E-19 1.297E-19 1.324E-19 1.445E-19 1.453E-19
 1.396E-19 1.464E-19 1.548E-19 1.478E-19 1.429E-19 1.694E-19 1.973E-19 1.831E-19 1.568E-19 1.508E-19
 1.502E-19 1.469E-19 1.447E-19 1.580E-19 1.523E-19 1.475E-19 1.752E-19 1.762E-19 1.720E-19 1.973E-19
 2.005E-19 1.664E-19 1.698E-19 1.614E-19 1.477E-19 1.466E-19 1.481E-19 1.401E-19 1.273E-19 1.179E-19
 1.157E-19 1.213E-19 1.687E-19 1.944E-19 1.695E-19 1.722E-19 1.652E-19 1.626E-19 1.718E-19 1.704E-19
 1.707E-19 1.693E-19 1.956E-19 2.069E-19 1.971E-19 2.416E-19 2.579E-19 2.102E-19 1.485E-19 1.479E-19
 1.781E-19 1.811E-19 1.631E-19 1.599E-19 1.792E-19 2.065E-19 2.126E-19 2.282E-19 2.587E-19 2.375E-19
 1.770E-19 1.656E-19 1.946E-19 1.912E-19 1.878E-19 2.013E-19 1.929E-19 1.958E-19 2.045E-19 2.334E-19
 2.444E-19 2.306E-19 2.052E-19 1.927E-19 1.924E-19 2.247E-19 2.200E-19 1.973E-19 1.989E-19 1.897E-19
 2.041E-19 2.240E-19 2.372E-19 2.243E-19 2.129E-19 2.089E-19 2.105E-19 2.106E-19 2.176E-19 2.185E-19
 1.940E-19 1.761E-19 1.853E-19 2.028E-19 2.177E-19 2.346E-19 2.460E-19 2.501E-19 2.644E-19 2.584E-19
 2.310E-19 2.061E-19 2.157E-19 2.475E-19 2.337E-19 2.227E-19 2.626E-19 2.670E-19 2.456E-19 2.624E-19
 2.834E-19 2.709E-19 2.649E-19 2.975E-19 3.014E-19 2.710E-19 2.189E-19 2.065E-19 2.334E-19 2.165E-19
 2.093E-19 2.648E-19 2.919E-19 2.801E-19 2.935E-19 2.699E-19 2.416E-19 2.556E-19 2.575E-19 2.566E-19
 2.609E-19 2.406E-19 2.221E-19 1.960E-19 2.424E-19 3.036E-19 2.963E-19 2.625E-19 2.412E-19 2.427E-19
 2.710E-19 2.868E-19 2.867E-19 2.831E-19 2.422E-19 2.341E-19 2.712E-19 2.890E-19 3.076E-19 3.197E-19
 2.959E-19 2.605E-19 2.276E-19 2.445E-19 2.780E-19 2.755E-19 2.918E-19 3.297E-19 3.150E-19 2.881E-19
 3.192E-19 3.287E-19 3.298E-19 3.121E-19 2.654E-19 2.645E-19 2.828E-19 2.919E-19 2.982E-19 3.109E-19
 3.411E-19 3.410E-19 3.343E-19 3.422E-19 3.354E-19 3.143E-19 3.070E-19 2.999E-19 2.836E-19 3.015E-19
 3.002E-19 2.992E-19 3.247E-19 3.252E-19 3.361E-19 3.560E-19 3.393E-19 3.153E-19 3.172E-19 3.547E-19
 3.415E-19 3.078E-19 3.364E-19 3.490E-19 3.432E-19 3.280E-19 3.037E-19 3.227E-19 3.354E-19 3.188E-19
 3.268E-19 3.523E-19 3.428E-19 3.016E-19 2.754E-19 2.951E-19 3.460E-19 3.680E-19 3.564E-19 3.518E-19
 3.748E-19 4.089E-19 3.929E-19 3.572E-19 3.928E-19 4.115E-19 3.613E-19 3.154E-19 3.243E-19 3.390E-19
 3.515E-19 3.668E-19 3.692E-19 3.486E-19 3.103E-19 3.283E-19 3.581E-19 3.549E-19 3.559E-19 3.543E-19
 3.429E-19 3.347E-19 3.607E-19 4.129E-19 3.994E-19 3.651E-19 3.790E-19 4.146E-19 4.096E-19 4.066E-19
 4.510E-19 4.188E-19 3.530E-19 3.174E-19 3.286E-19 3.600E-19 3.619E-19 3.720E-19 3.996E-19 4.210E-19
 3.948E-19 3.634E-19 3.694E-19 4.277E-19 4.364E-19 4.055E-19 3.787E-19 3.654E-19 3.848E-19 4.095E-19
 4.223E-19 4.346E-19 4.260E-19 3.952E-19 3.859E-19 4.260E-19 4.671E-19 4.611E-19 4.065E-19 3.795E-19
 3.963E-19 4.310E-19 4.145E-19 4.141E-19 4.287E-19 4.255E-19 4.386E-19 4.549E-19 4.730E-19 4.567E-19
 4.304E-19 3.932E-19 3.718E-19 3.722E-19 4.041E-19 4.341E-19 4.281E-19 4.290E-19 4.459E-19 4.497E-19
 4.613E-19 5.006E-19 5.205E-19 4.513E-19 3.940E-19 3.929E-19 3.770E-19 4.080E-19 4.377E-19 4.364E-19
 4.560E-19 4.656E-19 4.598E-19 4.803E-19 5.037E-19 4.837E-19 4.241E-19 4.151E-19 4.141E-19 4.113E-19
 4.766E-19 5.036E-19 4.690E-19 4.681E-19 4.637E-19 4.732E-19 4.888E-19 4.868E-19 4.761E-19 4.305E-19
 3.920E-19 4.271E-19 4.618E-19 4.649E-19 5.022E-19 5.332E-19 5.307E-19 4.977E-19 5.081E-19 5.288E-19
 5.339E-19 5.068E-19 5.042E-19 4.924E-19 4.798E-19 4.646E-19 4.979E-19 5.223E-19 5.354E-19 5.187E-19
 5.199E-19 5.512E-19 5.885E-19 5.414E-19 4.875E-19 5.048E-19 5.123E-19 5.066E-19 5.307E-19 5.549E-19
 5.580E-19 5.508E-19 5.700E-19 5.672E-19 5.575E-19 6.097E-19 5.908E-19 5.150E-19 4.953E-19 4.935E-19
 5.137E-19 6.025E-19 5.837E-19 5.213E-19 5.080E-19 5.506E-19 5.674E-19 5.906E-19 5.870E-19 5.288E-19
 4.960E-19 5.024E-19 5.190E-19 5.855E-19 6.205E-19 5.784E-19 5.614E-19 6.023E-19 5.846E-19 5.412E-19
 5.585E-19 5.656E-19 5.513E-19 5.542E-19 5.888E-19 6.304E-19 6.780E-19 6.760E-19 6.215E-19 5.785E-19
 5.648E-19 5.972E-19 6.605E-19 6.550E-19 5.917E-19 5.682E-19 5.505E-19 5.634E-19 6.210E-19 6.232E-19
 5.782E-19 5.507E-19 5.696E-19 6.275E-19 6.428E-19 6.676E-19 6.484E-19 5.673E-19 5.190E-19 5.629E-19
 6.286E-19 5.998E-19 5.861E-19 6.325E-19 6.592E-19 6.862E-19 7.070E-19 7.199E-19 7.129E-19 6.284E-19
 5.409E-19 5.440E-19 6.192E-19 6.657E-19 6.527E-19 6.812E-19 7.262E-19 7.470E-19 7.644E-19 7.781E-19
 7.400E-19 6.084E-19 5.306E-19 5.589E-19 6.504E-19 7.107E-19 6.761E-19 6.522E-19 7.389E-19 7.658E-19
 7.213E-19 7.556E-19 7.289E-19 6.369E-19 6.250E-19 7.021E-19 7.256E-19 7.051E-19 7.306E-19 7.361E-19
 7.426E-19 7.718E-19 7.508E-19 7.426E-19 7.700E-19 7.723E-19 7.774E-19 7.211E-19 6.757E-19 6.824E-19
 6.877E-19 6.720E-19 6.676E-19 6.657E-19 7.073E-19 7.723E-19 8.033E-19 8.229E-19 6.982E-19 6.177E-19
 6.527E-19 6.753E-19 6.502E-19 6.330E-19 6.650E-19 6.566E-19 6.932E-19 8.221E-19 8.615E-19 8.281E-19
 7.949E-19 7.112E-19 6.803E-19 6.949E-19 7.036E-19 6.732E-19 6.490E-19 7.158E-19 7.434E-19 7.752E-19
 9.073E-19 9.089E-19 7.476E-19 7.023E-19 7.466E-19 7.990E-19 8.278E-19 8.214E-19 8.007E-19 7.521E-19
 7.858E-19 8.248E-19 9.168E-19 8.901E-19 7.358E-19 6.923E-19 7.229E-19 8.247E-19 8.731E-19 8.505E-19
 7.963E-19 7.761E-19 8.250E-19 8.387E-19 8.346E-19 8.227E-19 7.712E-19 7.711E-19 8.053E-19 8.353E-19
 8.297E-19 8.320E-19 8.297E-19 8.475E-19 8.197E-19 8.004E-19 8.667E-19 9.114E-19 9.501E-19 9.013E-19
 7.994E-19 7.748E-19 8.176E-19 8.534E-19 8.809E-19 8.461E-19 8.311E-19 8.413E-19 8.682E-19 8.769E-19
 9.545E-19 9.865E-19 8.034E-19 7.639E-19 8.227E-19 8.300E-19 9.210E-19 9.331E-19 9.010E-19 8.943E-19
 9.403E-19 9.306E-19 8.588E-19 8.671E-19 8.698E-19 8.114E-19 7.957E-19 8.040E-19 9.100E-19 9.512E-19
 8.944E-19 9.029E-19 8.964E-19 8.148E-19 8.395E-19 8.993E-19 9.153E-19 9.880E-19 1.041E-18 9.569E-19
 8.729E-19 9.147E-19 9.041E-19 8.512E-19 8.782E-19 8.533E-19 7.836E-19 8.826E-19 1.043E-18 1.131E-18
 9.083E-19 7.837E-19 8.538E-19 8.755E-19 9.128E-19 9.857E-19 8.710E-19 7.539E-19 9.042E-19 1.111E-18
 1.028E-18 8.850E-19 9.203E-19 8.825E-19 8.348E-19 8.706E-19 9.355E-19 9.429E-19 9.956E-19 1.086E-18
 1.009E-18 9.340E-19 9.718E-19 9.214E-19 9.118E-19 9.897E-19 9.863E-19 8.935E-19 9.086E-19 1.136E-18
 1.130E-18 9.363E-19 9.115E-19 9.348E-19 8.569E-19 9.040E-19 1.054E-18 1.066E-18 1.052E-18 1.141E-18
 1.044E-18 9.602E-19 1.019E-18 1.008E-18 9.410E-19 9.109E-19 9.779E-19 1.002E-18 1.026E-18 1.148E-18
 1.150E-18 1.021E-18 9.575E-19 1.008E-18 1.012E-18 9.368E-19 9.587E-19 9.828E-19 1.021E-18 1.159E-18
 1.230E-18 1.088E-18 1.014E-18 1.066E-18 1.083E-18 1.040E-18 9.732E-19 9.533E-19 1.038E-18 1.186E-18
 1.200E-18 1.096E-18 1.033E-18 1.087E-18 1.061E-18 1.022E-18 1.049E-18 1.117E-18 1.070E-18 1.048E-18
 1.146E-18 1.108E-18 1.010E-18 9.689E-19 1.079E-18 1.102E-18 9.690E-19 1.023E-18 1.142E-18 1.132E-18
 1.158E-18 1.095E-18 9.774E-19 1.016E-18 1.070E-18 1.027E-18 9.728E-19 1.033E-18 1.150E-18 1.090E-18
 1.149E-18 1.228E-18 1.184E-18 1.090E-18 1.049E-18 1.069E-18 1.143E-18 1.067E-18 1.059E-18 1.094E-18
 1.086E-18 1.117E-18 1.146E-18 1.123E-18 1.163E-18 1.108E-18 1.005E-18 1.037E-18 1.142E-18 1.142E-18
 1.152E-18 1.144E-18 1.111E-18 1.096E-18 1.086E-18 1.139E-18 1.166E-18 1.130E-18 1.068E-18 1.126E-18
 1.128E-18 1.123E-18 1.038E-18 1.033E-18 1.130E-18 1.143E-18 1.085E-18 1.140E-18 1.227E-18 1.285E-18
 1.158E-18 1.108E-18 1.210E-18 1.211E-18 1.015E-18 1.010E-18 1.215E-18 1.308E-18 1.253E-18 1.221E-18
 1.202E-18 1.248E-18 1.220E-18 1.098E-18 1.125E-18 1.119E-18 9.917E-19 1.069E-18 1.244E-18 1.343E-18
 1.298E-18 1.201E-18 1.219E-18 1.284E-18 1.274E-18 1.153E-18 1.080E-18 1.046E-18 1.073E-18 1.233E-18
 1.281E-18 1.163E-18 1.120E-18 1.192E-18 1.224E-18 1.173E-18 1.203E-18 1.161E-18 1.157E-18 1.192E-18
 1.297E-18 1.196E-18 1.158E-18 1.169E-18 1.271E-18 1.345E-18 1.232E-18 1.117E-18 1.095E-18 1.123E-18
 1.260E-18 1.280E-18 1.161E-18 1.077E-18 1.128E-18 1.308E-18 1.324E-18 1.169E-18 1.085E-18 1.184E-18
 1.286E-18 1.233E-18 1.101E-18 1.142E-18 1.094E-18 1.224E-18 1.416E-18 1.348E-18 1.160E-18 1.146E-18
 1.190E-18 1.348E-18 1.380E-18 1.127E-18 9.953E-19 1.136E-18 1.370E-18 1.445E-18 1.236E-18 1.111E-18
 1.088E-18 1.218E-18 1.402E-18 1.333E-18 1.159E-18 1.044E-18 1.122E-18 1.431E-18 1.468E-18 1.223E-18
 1.132E-18 1.155E-18 1.263E-18 1.375E-18 1.273E-18 1.115E-18 1.122E-18 1.208E-18 1.375E-18 1.389E-18
 1.239E-18 1.175E-18 1.253E-18 1.388E-18 1.338E-18 1.216E-18 1.135E-18 1.143E-18 1.213E-18 1.271E-18
 1.234E-18 1.200E-18 1.259E-18 1.404E-18 1.458E-18 1.255E-18 1.128E-18 1.221E-18 1.231E-18 1.233E-18
 1.301E-18 1.157E-18 1.200E-18 1.345E-18 1.455E-18 1.511E-18 1.297E-18 1.107E-18 1.149E-18 1.182E-18
 1.326E-18 1.299E-18 1.208E-18 1.362E-18 1.401E-18 1.310E-18 1.316E-18 1.269E-18 1.249E-18 1.189E-18
 1.315E-18 1.356E-18 1.216E-18 1.206E-18 1.363E-18 1.338E-18 1.349E-18 1.310E-18 1.219E-18 1.234E-18
 1.224E-18 1.362E-18 1.325E-18 1.212E-18 1.274E-18 1.245E-18 1.260E-18 1.354E-18 1.347E-18 1.303E-18
 1.244E-18 1.299E-18 1.389E-18 1.375E-18 1.347E-18 1.194E-18 1.088E-18 1.257E-18 1.368E-18 1.379E-18
 1.302E-18 1.214E-18 1.261E-18 1.438E-18 1.483E-18 1.352E-18 1.131E-18 1.199E-18 1.427E-18 1.400E-18
 1.257E-18 1.248E-18 1.297E-18 1.460E-18 1.530E-18 1.345E-18 1.195E-18 1.257E-18 1.427E-18 1.454E-18
 1.315E-18 1.282E-18 1.281E-18 1.369E-18 1.545E-18 1.362E-18 1.126E-18 1.198E-18 1.364E-18 1.528E-18
 1.449E-18 1.272E-18 1.221E-18 1.371E-18 1.628E-18 1.532E-18 1.303E-18 1.285E-18 1.294E-18 1.427E-18
 1.418E-18 1.255E-18 1.217E-18 1.276E-18 1.549E-18 1.645E-18 1.315E-18 1.156E-18 1.175E-18 1.331E-18
 1.508E-18 1.441E-18 1.347E-18 1.287E-18 1.463E-18 1.721E-18 1.521E-18 1.260E-18 1.220E-18 1.337E-18
 1.550E-18 1.451E-18 1.292E-18 1.248E-18 1.297E-18 1.555E-18 1.587E-18 1.456E-18 1.336E-18 1.279E-18
 1.462E-18 1.528E-18 1.376E-18 1.363E-18 1.475E-18 1.674E-18 1.696E-18 1.456E-18 1.281E-18 1.218E-18
 1.336E-18 1.539E-18 1.540E-18 1.446E-18 1.340E-18 1.474E-18 1.652E-18 1.507E-18 1.364E-18 1.318E-18
 1.396E-18 1.523E-18 1.473E-18 1.327E-18 1.254E-18 1.379E-18 1.699E-18 1.693E-18 1.484E-18 1.396E-18
 1.359E-18 1.501E-18 1.599E-18 1.460E-18 1.366E-18 1.447E-18 1.609E-18 1.498E-18 1.364E-18 1.425E-18
 1.506E-18 1.550E-18 1.582E-18 1.512E-18 1.377E-18 1.379E-18 1.547E-18 1.537E-18 1.437E-18 1.466E-18
 1.593E-18 1.672E-18 1.655E-18 1.619E-18 1.565E-18 1.465E-18 1.528E-18 1.561E-18 1.460E-18 1.452E-18
 1.476E-18 1.508E-18 1.623E-18 1.737E-18 1.633E-18 1.490E-18 1.548E-18 1.611E-18 1.606E-18 1.585E-18
 1.577E-18 1.569E-18 1.589E-18 1.591E-18 1.595E-18 1.561E-18 1.597E-18 1.663E-18 1.719E-18 1.663E-18
 1.539E-18 1.516E-18 1.627E-18 1.639E-18 1.552E-18 1.554E-18 1.660E-18 1.760E-18 1.726E-18 1.706E-18
 1.664E-18 1.620E-18 1.601E-18 1.672E-18 1.668E-18 1.674E-18 1.670E-18 1.694E-18 1.663E-18 1.635E-18
 1.567E-18 1.596E-18 1.672E-18 1.641E-18 1.601E-18 1.574E-18 1.669E-18 1.825E-18 1.754E-18 1.719E-18
 1.759E-18 1.586E-18 1.451E-18 1.554E-18 1.776E-18 1.779E-18 1.676E-18 1.796E-18 1.796E-18 1.623E-18
 1.602E-18 1.659E-18 1.639E-18 1.634E-18 1.725E-18 1.795E-18 1.811E-18 1.859E-18 1.762E-18 1.631E-18
 1.605E-18 1.658E-18 1.582E-18 1.530E-18 1.602E-18 1.644E-18 1.752E-18 1.805E-18 1.733E-18 1.656E-18
 1.713E-18 1.681E-18 1.521E-18 1.489E-18 1.614E-18 1.769E-18 1.812E-18 1.699E-18 1.525E-18 1.522E-18
 1.604E-18 1.675E-18 1.655E-18 1.562E-18 1.510E-18 1.634E-18 1.677E-18 1.674E-18 1.803E-18 1.792E-18
 1.649E-18 1.622E-18 1.670E-18 1.580E-18 1.538E-18 1.569E-18 1.580E-18 1.740E-18 1.803E-18 1.704E-18
 1.677E-18 1.720E-18 1.793E-18 1.698E-18 1.583E-18 1.571E-18 1.629E-18 1.713E-18 1.779E-18 1.647E-18
 1.644E-18 1.716E-18 1.685E-18 1.638E-18 1.642E-18 1.768E-18 1.753E-18 1.651E-18 1.702E-18 1.606E-18
 1.599E-18 1.680E-18 1.635E-18 1.579E-18 1.577E-18 1.637E-18 1.607E-18 1.705E-18 1.816E-18 1.826E-18
 1.854E-18 1.701E-18 1.523E-18 1.529E-18 1.688E-18 1.692E-18 1.651E-18 1.733E-18 1.891E-18 1.774E-18
 1.605E-18 1.718E-18 1.790E-18 1.724E-18 1.621E-18 1.576E-18 1.701E-18 1.848E-18 1.974E-18 2.035E-18
 1.940E-18 1.902E-18 1.856E-18 1.742E-18 1.670E-18 1.637E-18 1.595E-18 1.523E-18 1.572E-18 1.818E-18
 2.143E-18 2.309E-18 2.040E-18 1.763E-18 1.719E-18 1.637E-18 1.451E-18 1.427E-18 1.571E-18 1.661E-18
 1.710E-18 2.016E-18 2.021E-18 1.811E-18 1.777E-18 1.661E-18 1.543E-18 1.560E-18 1.538E-18 1.479E-18
 1.659E-18 1.945E-18 2.036E-18 1.866E-18 1.723E-18 1.609E-18 1.562E-18 1.660E-18 1.775E-18 1.816E-18
 1.780E-18 1.978E-18 2.053E-18 1.846E-18 1.775E-18 1.795E-18 1.764E-18 1.719E-18 1.741E-18 1.880E-18
 2.058E-18 2.191E-18 2.151E-18 2.168E-18 2.054E-18 1.903E-18 1.921E-18 1.963E-18 1.924E-18 1.906E-18
 2.106E-18 2.072E-18 1.871E-18 1.848E-18 1.901E-18 1.847E-18 1.805E-18 1.764E-18 1.644E-18 1.648E-18
 1.573E-18 1.415E-18 1.409E-18 1.489E-18 1.508E-18 1.388E-18 1.397E-18 1.638E-18 1.862E-18 1.839E-18
 1.721E-18 1.697E-18 1.619E-18 1.402E-18 1.394E-18 1.573E-18 1.678E-18 1.648E-18 1.607E-18 1.528E-18
 1.433E-18 1.437E-18 1.549E-18 1.626E-18 1.573E-18 1.518E-18 1.488E-18 1.441E-18 1.417E-18 1.431E-18
 1.411E-18 1.401E-18 1.370E-18 1.348E-18 1.346E-18 1.327E-18 1.357E-18 1.346E-18 1.272E-18 1.290E-18
 1.367E-18 1.406E-18 1.421E-18 1.407E-18 1.403E-18 1.377E-18 1.341E-18 1.345E-18 1.325E-18 1.275E-18
 1.302E-18 1.375E-18 1.420E-18 1.476E-18 1.537E-18 1.500E-18 1.494E-18 1.562E-18 1.606E-18 1.630E-18
 1.682E-18 1.690E-18 1.661E-18 1.583E-18 1.648E-18 1.687E-18 1.609E-18 1.687E-18 1.844E-18 1.865E-18
 1.845E-18 1.872E-18 1.843E-18 1.935E-18 2.123E-18 2.189E-18 2.089E-18 1.950E-18 1.957E-18 2.003E-18
 2.047E-18 2.088E-18 2.026E-18 2.102E-18 2.117E-18 2.118E-18 2.166E-18 2.197E-18 2.237E-18 2.341E-18
 2.413E-18 2.427E-18 2.383E-18 2.476E-18 2.459E-18 2.370E-18 2.334E-18 2.428E-18 2.451E-18 2.622E-18
 2.748E-18 2.535E-18 2.414E-18 2.504E-18 2.536E-18 2.374E-18 2.334E-18 2.455E-18 2.575E-18 2.552E-18
 2.578E-18 2.649E-18 2.683E-18 2.655E-18 2.718E-18 2.767E-18 2.652E-18 2.546E-18 2.501E-18 2.520E-18
 2.411E-18 2.496E-18 2.581E-18 2.399E-18 2.425E-18 2.390E-18 2.370E-18 2.475E-18 2.447E-18 2.240E-18
 2.164E-18 2.381E-18 2.491E-18 2.389E-18 2.465E-18 2.532E-18 2.538E-18 2.359E-18 2.301E-18 2.310E-18
 2.213E-18 2.247E-18 2.264E-18 2.137E-18 2.149E-18 2.282E-18 2.360E-18 2.437E-18 2.470E-18 2.427E-18
 2.259E-18 2.246E-18 2.430E-18 2.421E-18 2.299E-18 2.438E-18 2.566E-18 2.502E-18 2.414E-18 2.492E-18
 2.611E-18 2.552E-18 2.576E-18 2.510E-18 2.376E-18 2.159E-18 2.082E-18 2.110E-18 1.940E-18 1.850E-18
 1.948E-18 1.899E-18 1.818E-18 1.928E-18 1.898E-18 1.699E-18 1.684E-18 1.848E-18 1.861E-18 1.779E-18
 1.734E-18 1.733E-18 1.704E-18 1.704E-18 1.663E-18 1.619E-18 1.610E-18 1.681E-18 1.793E-18 1.773E-18
 1.719E-18 1.737E-18 1.700E-18 1.690E-18 1.576E-18 1.532E-18 1.779E-18 2.254E-18 2.575E-18 2.432E-18
 2.158E-18 1.985E-18 1.850E-18 1.870E-18 1.960E-18 2.038E-18 2.001E-18 2.037E-18 2.150E-18 2.006E-18
 1.790E-18 1.711E-18 1.638E-18 1.633E-18 1.703E-18 1.806E-18 1.887E-18 1.993E-18 1.956E-18 1.754E-18
 1.678E-18 1.623E-18 1.727E-18 1.874E-18 1.787E-18 1.792E-18 2.061E-18 2.021E-18 1.816E-18 1.664E-18
 1.595E-18 1.663E-18 1.747E-18 1.878E-18 1.874E-18 1.861E-18 1.743E-18 1.670E-18 1.646E-18 1.618E-18
 1.582E-18 1.583E-18 1.684E-18 1.914E-18 1.907E-18 1.533E-18 1.428E-18 1.566E-18 1.607E-18 1.570E-18
 1.516E-18 1.497E-18 1.623E-18 1.650E-18 1.512E-18 1.514E-18 1.485E-18 1.452E-18 1.545E-18 1.513E-18
 1.497E-18 1.540E-18 1.549E-18 1.421E-18 1.345E-18 1.390E-18 1.504E-18 1.578E-18 1.519E-18 1.397E-18
 1.454E-18 1.509E-18 1.462E-18 1.383E-18 1.311E-18 1.293E-18 1.395E-18 1.531E-18 1.421E-18 1.238E-18
 1.230E-18 1.374E-18 1.459E-18 1.386E-18 1.349E-18 1.317E-18 1.386E-18 1.566E-18 1.439E-18 1.194E-18
 1.169E-18 1.207E-18 1.333E-18 1.438E-18 1.318E-18 1.223E-18 1.250E-18 1.315E-18 1.388E-18 1.341E-18
 1.316E-18 1.243E-18 1.325E-18 1.585E-18 1.512E-18 1.199E-18 1.171E-18 1.266E-18 1.297E-18 1.351E-18
 1.285E-18 1.179E-18 1.293E-18 1.478E-18 1.394E-18 1.243E-18 1.250E-18 1.220E-18 1.233E-18 1.439E-18
 1.381E-18 1.208E-18 1.225E-18 1.221E-18 1.206E-18 1.349E-18 1.339E-18 1.141E-18 1.110E-18 1.307E-18
 1.293E-18 1.179E-18 1.324E-18 1.347E-18 1.236E-18 1.419E-18 1.429E-18 1.179E-18 1.182E-18 1.314E-18
 1.333E-18 1.310E-18 1.299E-18 1.191E-18 1.244E-18 1.508E-18 1.493E-18 1.236E-18 1.183E-18 1.228E-18
 1.351E-18 1.502E-18 1.380E-18 1.212E-18 1.188E-18 1.403E-18 1.455E-18 1.300E-18 1.295E-18 1.229E-18
 1.195E-18 1.450E-18 1.505E-18 1.302E-18 1.230E-18 1.291E-18 1.343E-18 1.379E-18 1.326E-18 1.247E-18
 1.314E-18 1.468E-18 1.493E-18 1.378E-18 1.371E-18 1.305E-18 1.279E-18 1.405E-18 1.355E-18 1.282E-18
 1.397E-18 1.417E-18 1.476E-18 1.434E-18 1.337E-18 1.302E-18 1.318E-18 1.447E-18 1.399E-18 1.331E-18
 1.411E-18 1.372E-18 1.508E-18 1.506E-18 1.226E-18 1.277E-18 1.394E-18 1.412E-18 1.440E-18 1.410E-18
 1.340E-18 1.369E-18 1.531E-18 1.480E-18 1.339E-18 1.408E-18 1.363E-18 1.391E-18 1.428E-18 1.433E-18
 1.341E-18 1.396E-18 1.492E-18 1.467E-18 1.509E-18 1.435E-18 1.287E-18 1.293E-18 1.263E-18 1.261E-18
 1.306E-18 1.392E-18 1.478E-18 1.501E-18 1.588E-18 1.429E-18 1.285E-18 1.306E-18 1.388E-18 1.412E-18
 1.369E-18 1.357E-18 1.348E-18 1.444E-18 1.601E-18 1.390E-18 1.283E-18 1.307E-18 1.407E-18 1.509E-18
 1.493E-18 1.392E-18 1.287E-18 1.363E-18 1.442E-18 1.391E-18 1.391E-18 1.442E-18 1.488E-18 1.331E-18
 1.273E-18 1.436E-18 1.381E-18 1.290E-18 1.324E-18 1.454E-18 1.480E-18 1.455E-18 1.429E-18 1.280E-18
 1.248E-18 1.466E-18 1.526E-18 1.406E-18 1.318E-18 1.242E-18 1.267E-18 1.422E-18 1.406E-18 1.300E-18
 1.270E-18 1.563E-18 1.694E-18 1.431E-18 1.258E-18 1.159E-18 1.174E-18 1.330E-18 1.255E-18 1.210E-18
 1.347E-18 1.527E-18 1.631E-18 1.385E-18 1.228E-18 1.246E-18 1.318E-18 1.467E-18 1.492E-18 1.305E-18
 1.152E-18 1.387E-18 1.570E-18 1.381E-18 1.230E-18 1.298E-18 1.418E-18 1.364E-18 1.326E-18 1.205E-18
 1.219E-18 1.427E-18 1.462E-18 1.483E-18 1.479E-18 1.485E-18 1.393E-18 1.263E-18 1.254E-18 1.274E-18
 1.280E-18 1.332E-18 1.544E-18 1.461E-18 1.299E-18 1.340E-18 1.294E-18 1.244E-18 1.294E-18 1.406E-18
 1.574E-18 1.414E-18 1.322E-18 1.337E-18 1.334E-18 1.317E-18 1.242E-18 1.514E-18 1.661E-18 1.348E-18
 1.221E-18 1.294E-18 1.343E-18 1.339E-18 1.272E-18 1.401E-18 1.552E-18 1.547E-18 1.337E-18 1.240E-18
 1.296E-18 1.261E-18 1.394E-18 1.535E-18 1.390E-18 1.256E-18 1.261E-18 1.243E-18 1.169E-18 1.240E-18
 1.469E-18 1.552E-18 1.542E-18 1.474E-18 1.223E-18 1.211E-18 1.306E-18 1.304E-18 1.385E-18 1.584E-18
 1.465E-18 1.324E-18 1.446E-18 1.411E-18 1.189E-18 1.192E-18 1.455E-18 1.459E-18 1.336E-18 1.364E-18
 1.230E-18 1.162E-18 1.353E-18 1.485E-18 1.470E-18 1.511E-18 1.437E-18 1.241E-18 1.170E-18 1.180E-18
 1.213E-18 1.328E-18 1.462E-18 1.322E-18 1.287E-18 1.491E-18 1.401E-18 1.195E-18 1.252E-18 1.296E-18
 1.378E-18 1.455E-18 1.357E-18 1.170E-18 1.187E-18 1.269E-18 1.351E-18 1.473E-18 1.297E-18 1.224E-18
 1.268E-18 1.285E-18 1.248E-18 1.267E-18 1.407E-18 1.369E-18 1.272E-18 1.213E-18 1.190E-18 1.316E-18
 1.428E-18 1.440E-18 1.380E-18 1.221E-18 1.236E-18 1.222E-18 1.141E-18 1.112E-18 1.195E-18 1.412E-18
 1.493E-18 1.428E-18 1.299E-18 1.209E-18 1.145E-18 1.134E-18 1.299E-18 1.308E-18 1.146E-18 1.217E-18
 1.366E-18 1.341E-18 1.302E-18 1.326E-18 1.356E-18 1.264E-18 1.161E-18 1.135E-18 1.199E-18 1.236E-18
 1.325E-18 1.390E-18 1.423E-18 1.335E-18 1.260E-18 1.261E-18 1.145E-18 1.137E-18 1.210E-18 1.285E-18
 1.240E-18 1.281E-18 1.266E-18 1.234E-18 1.330E-18 1.317E-18 1.302E-18 1.248E-18 1.151E-18 1.171E-18
 1.192E-18 1.084E-18 1.108E-18 1.358E-18 1.413E-18 1.209E-18 1.098E-18 1.054E-18 1.097E-18 1.212E-18
 1.243E-18 1.254E-18 1.279E-18 1.208E-18 1.193E-18 1.247E-18 1.202E-18 1.155E-18 1.186E-18 1.264E-18
 1.165E-18 1.186E-18 1.246E-18 1.163E-18 1.068E-18 1.085E-18 1.208E-18 1.177E-18 1.203E-18 1.177E-18
 1.245E-18 1.320E-18 1.160E-18 1.097E-18 1.078E-18 1.000E-18 1.015E-18 1.122E-18 1.175E-18 1.247E-18
 1.296E-18 1.287E-18 1.168E-18 1.047E-18 9.728E-19 9.395E-19 9.907E-19 1.201E-18 1.408E-18 1.323E-18
 1.214E-18 1.061E-18 1.056E-18 1.070E-18 9.681E-19 1.033E-18 1.171E-18 1.213E-18 1.179E-18 1.183E-18
 1.096E-18 1.074E-18 1.058E-18 1.029E-18 1.109E-18 1.177E-18 1.046E-18 9.676E-19 1.104E-18 1.078E-18
 1.050E-18 1.149E-18 1.142E-18 1.178E-18 1.173E-18 1.074E-18 1.000E-18 1.035E-18 1.099E-18 1.027E-18
 9.610E-19 1.004E-18 1.072E-18 1.112E-18 1.162E-18 1.096E-18 9.766E-19 9.945E-19 1.044E-18 1.045E-18
 1.054E-18 1.098E-18 1.073E-18 1.026E-18 9.883E-19 9.904E-19 9.301E-19 9.454E-19 1.050E-18 1.084E-18
 1.057E-18 1.020E-18 1.039E-18 9.885E-19 9.318E-19 1.027E-18 1.104E-18 1.087E-18 1.041E-18 9.578E-19
 9.652E-19 1.003E-18 9.584E-19 8.557E-19 9.019E-19 9.795E-19 1.016E-18 1.064E-18 1.010E-18 9.453E-19
 9.885E-19 1.015E-18 9.879E-19 1.021E-18 1.029E-18 9.358E-19 9.226E-19 9.553E-19 9.685E-19 9.954E-19
 9.600E-19 9.667E-19 9.354E-19 9.690E-19 9.827E-19 8.561E-19 8.668E-19 9.624E-19 8.917E-19 9.207E-19
 1.048E-18 9.603E-19 8.806E-19 8.517E-19 8.248E-19 8.105E-19 8.989E-19 9.279E-19 8.900E-19 8.936E-19
 9.755E-19 9.873E-19 9.388E-19 8.700E-19 8.163E-19 8.274E-19 8.744E-19 9.447E-19 9.330E-19 8.966E-19
 8.476E-19 8.108E-19 8.912E-19 8.870E-19 7.771E-19 7.192E-19 8.391E-19 9.433E-19 8.880E-19 8.848E-19
 8.821E-19 8.265E-19 7.967E-19 7.918E-19 7.770E-19 8.027E-19 8.691E-19 8.563E-19 8.715E-19 9.543E-19
 8.432E-19 7.391E-19 7.799E-19 8.425E-19 8.941E-19 8.071E-19 8.133E-19 8.838E-19 8.721E-19 7.926E-19
 7.551E-19 7.979E-19 8.083E-19 8.111E-19 8.259E-19 8.831E-19 8.794E-19 7.675E-19 7.302E-19 7.819E-19
 8.183E-19 7.958E-19 6.987E-19 6.595E-19 6.752E-19 8.376E-19 8.799E-19 7.578E-19 8.271E-19 8.801E-19
 7.425E-19 6.255E-19 6.840E-19 7.419E-19 7.247E-19 7.937E-19 7.875E-19 7.260E-19 7.433E-19 7.941E-19
 7.253E-19 6.434E-19 6.565E-19 7.406E-19 7.993E-19 7.947E-19 7.795E-19 7.213E-19 6.671E-19 7.098E-19
 7.381E-19 7.363E-19 7.520E-19 7.424E-19 7.550E-19 7.682E-19 7.388E-19 7.047E-19 6.481E-19 7.017E-19
 7.309E-19 6.559E-19 6.174E-19 6.469E-19 7.143E-19 7.400E-19 6.481E-19 5.974E-19 6.559E-19 6.492E-19
 6.429E-19 7.291E-19 7.015E-19 6.893E-19 7.530E-19 6.913E-19 6.103E-19 6.045E-19 6.179E-19 6.287E-19
 6.405E-19 6.389E-19 7.183E-19 7.881E-19 7.278E-19 6.528E-19 6.159E-19 5.997E-19 6.562E-19 6.552E-19
 5.857E-19 5.712E-19 6.748E-19 7.049E-19 6.561E-19 5.584E-19 5.373E-19 5.820E-19 5.990E-19 5.569E-19
 5.398E-19 6.390E-19 7.071E-19 6.923E-19 6.598E-19 5.807E-19 5.496E-19 5.831E-19 5.546E-19 5.455E-19
 5.735E-19 6.384E-19 6.532E-19 6.657E-19 6.555E-19 5.788E-19 5.689E-19 5.739E-19 5.696E-19 5.450E-19
 5.840E-19 6.074E-19 5.826E-19 5.668E-19 5.639E-19 5.639E-19 5.328E-19 5.190E-19 5.218E-19 5.451E-19
 5.909E-19 5.733E-19 5.560E-19 5.584E-19 5.452E-19 5.572E-19 5.496E-19 5.096E-19 5.090E-19 5.177E-19
 4.931E-19 4.797E-19 5.242E-19 5.665E-19 5.466E-19 5.281E-19 5.234E-19 5.510E-19 5.481E-19 5.239E-19
 5.309E-19 5.095E-19 5.066E-19 5.329E-19 5.576E-19 5.785E-19 6.022E-19 5.677E-19 5.080E-19 4.886E-19
 4.756E-19 4.902E-19 4.946E-19 4.989E-19 4.662E-19 4.806E-19 5.197E-19 4.963E-19 4.758E-19 4.999E-19
 4.599E-19 4.404E-19 4.728E-19 4.732E-19 4.619E-19 4.656E-19 4.527E-19 4.486E-19 4.659E-19 4.491E-19
 4.260E-19 4.691E-19 5.032E-19 5.263E-19 5.345E-19 5.031E-19 4.653E-19 4.556E-19 4.523E-19 4.475E-19
 4.665E-19 4.644E-19 4.677E-19 4.577E-19 4.316E-19 4.060E-19 4.176E-19 4.202E-19 4.095E-19 4.073E-19
 4.373E-19 4.570E-19 4.480E-19 4.369E-19 4.382E-19 4.405E-19 4.150E-19 3.911E-19 4.431E-19 4.960E-19
 4.946E-19 4.601E-19 4.144E-19 4.320E-19 4.485E-19 4.099E-19 4.097E-19 4.281E-19 4.459E-19 4.749E-19
 4.550E-19 4.168E-19 4.207E-19 4.183E-19 3.857E-19 3.750E-19 3.490E-19 3.529E-19 3.905E-19 4.305E-19
 4.462E-19 4.319E-19 3.976E-19 3.759E-19 3.758E-19 3.937E-19 4.116E-19 4.084E-19 4.041E-19 4.179E-19
 4.175E-19 4.211E-19 4.301E-19 4.039E-19 3.645E-19 3.467E-19 3.394E-19 3.605E-19 3.913E-19 3.784E-19
 3.968E-19 3.936E-19 3.807E-19 3.834E-19 4.021E-19 3.893E-19 3.731E-19 3.885E-19 3.996E-19 4.023E-19
 4.161E-19 4.223E-19 3.945E-19 3.579E-19 3.227E-19 3.270E-19 3.774E-19 3.760E-19 3.573E-19 3.828E-19
 3.785E-19 3.612E-19 3.730E-19 3.740E-19 3.799E-19 3.963E-19 3.781E-19 3.642E-19 3.597E-19 3.574E-19
 3.853E-19 4.105E-19 3.920E-19 3.820E-19 3.869E-19 3.952E-19 4.212E-19 4.086E-19 3.556E-19 3.396E-19
 3.425E-19 3.826E-19 3.841E-19 3.600E-19 3.562E-19 3.763E-19 3.893E-19 3.781E-19 3.556E-19 3.293E-19
 3.043E-19 3.097E-19 3.360E-19 3.539E-19 3.876E-19 3.774E-19 3.383E-19 3.527E-19 3.804E-19 3.450E-19
 3.318E-19 3.304E-19 3.520E-19 4.014E-19 3.947E-19 3.486E-19 3.131E-19 3.288E-19 3.382E-19 3.003E-19
 3.109E-19 3.449E-19 3.672E-19 3.790E-19 3.479E-19 3.222E-19 3.248E-19 3.266E-19 3.280E-19 3.482E-19
 3.497E-19 3.380E-19 3.552E-19 3.962E-19 3.885E-19 3.311E-19 2.975E-19 2.675E-19 2.960E-19 3.055E-19
 2.680E-19 2.911E-19 2.950E-19 2.924E-19 3.199E-19 3.107E-19 2.954E-19 3.069E-19 3.349E-19 3.478E-19
 3.452E-19 3.249E-19 3.327E-19 3.349E-19 3.081E-19 3.193E-19 3.488E-19 3.601E-19 3.399E-19 3.054E-19
 3.050E-19 3.116E-19 3.132E-19 3.020E-19 3.206E-19 3.447E-19 3.633E-19 3.755E-19 3.335E-19 3.211E-19
 3.257E-19 3.029E-19 2.957E-19 3.148E-19 3.361E-19 3.365E-19 3.262E-19 3.366E-19 3.533E-19 3.332E-19
 3.119E-19 2.941E-19 2.812E-19 2.979E-19 3.096E-19 3.354E-19 3.334E-19 2.947E-19 3.097E-19 3.339E-19
 3.060E-19 2.820E-19 2.693E-19 2.721E-19 2.972E-19 3.211E-19 2.939E-19 2.820E-19 2.909E-19 3.081E-19
 3.194E-19 3.149E-19 2.731E-19 2.449E-19 2.669E-19 3.164E-19 3.028E-19 2.601E-19 2.549E-19 2.775E-19
 2.962E-19 2.865E-19 2.785E-19 2.569E-19 2.476E-19 2.597E-19 2.797E-19 2.974E-19 3.001E-19 2.727E-19
 2.559E-19 2.860E-19 3.223E-19 3.273E-19 2.921E-19 2.755E-19 2.672E-19 2.736E-19 2.870E-19 2.815E-19
 2.777E-19 2.587E-19 2.710E-19 2.714E-19 2.485E-19 2.512E-19 2.856E-19 2.769E-19 2.579E-19 2.651E-19
 2.682E-19 2.536E-19 2.625E-19 2.845E-19 3.125E-19 3.230E-19 3.158E-19 3.171E-19 2.988E-19 2.675E-19
 2.550E-19 2.649E-19 2.768E-19 2.880E-19 2.681E-19 2.511E-19 2.622E-19 2.431E-19 2.379E-19 2.494E-19
 2.702E-19 2.970E-19 3.054E-19 2.823E-19 2.840E-19 2.767E-19 2.556E-19 2.459E-19 2.627E-19 2.864E-19
 2.697E-19 2.637E-19 2.823E-19 2.768E-19 2.545E-19 2.355E-19 2.267E-19 2.468E-19 2.412E-19 2.364E-19
 2.401E-19 2.358E-19 2.484E-19 2.843E-19 3.128E-19 3.121E-19 2.954E-19 3.207E-19 3.268E-19 3.000E-19
 2.580E-19 2.430E-19 2.420E-19 2.375E-19 2.400E-19 2.484E-19 2.753E-19 2.987E-19 2.758E-19 2.491E-19
 2.839E-19 2.991E-19 2.582E-19 2.573E-19 2.638E-19 2.499E-19 2.493E-19 2.535E-19 2.500E-19 2.307E-19
 2.252E-19 2.739E-19 3.047E-19 2.747E-19 2.764E-19 2.947E-19 2.700E-19 2.582E-19 2.686E-19 2.564E-19
 2.420E-19 2.492E-19 2.717E-19 2.828E-19 2.528E-19 2.485E-19 2.722E-19 2.843E-19 2.775E-19 2.689E-19
 2.577E-19 2.392E-19 2.381E-19 2.667E-19 2.967E-19 3.053E-19 2.962E-19 2.656E-19 2.389E-19 2.616E-19
 2.925E-19 2.526E-19 2.477E-19 2.710E-19 2.571E-19 2.442E-19 2.976E-19 2.993E-19 2.482E-19 2.438E-19
 2.989E-19 3.167E-19 2.608E-19 2.732E-19 3.036E-19 2.988E-19 3.091E-19 3.325E-19 3.341E-19 2.894E-19
 2.947E-19 2.868E-19 2.847E-19 3.002E-19 2.897E-19 2.883E-19 3.076E-19 3.250E-19 3.173E-19 3.084E-19
 3.148E-19 3.307E-19 2.651E-19 2.692E-19 3.430E-19 3.238E-19 2.715E-19 2.871E-19 3.198E-19 3.082E-19
 3.068E-19 3.165E-19 2.783E-19 2.512E-19 2.921E-19 3.269E-19 3.034E-19 2.575E-19 2.807E-19 3.042E-19
 2.874E-19 2.905E-19 3.207E-19 3.151E-19 2.873E-19 3.184E-19 3.459E-19 3.213E-19 3.166E-19 3.210E-19
 2.979E-19 2.961E-19 3.364E-19 3.355E-19 2.925E-19 2.611E-19 2.941E-19 3.277E-19 3.705E-19 4.016E-19
 3.434E-19 2.816E-19 2.917E-19 3.195E-19 2.959E-19 2.957E-19 3.260E-19 3.381E-19 3.190E-19 3.356E-19
 3.523E-19 3.006E-19 2.710E-19 3.161E-19 3.468E-19 3.296E-19 2.994E-19 3.141E-19 3.057E-19 2.828E-19
 3.099E-19 3.314E-19 3.132E-19 2.946E-19 2.918E-19 2.832E-19 2.975E-19 3.355E-19 3.432E-19 3.345E-19
 3.252E-19 3.438E-19 3.381E-19 3.244E-19 3.383E-19 3.393E-19 3.086E-19 3.375E-19 3.559E-19 3.068E-19
 3.000E-19 3.091E-19 3.141E-19 3.234E-19 3.653E-19 3.836E-19 2.994E-19 2.848E-19 3.090E-19 3.152E-19
 3.295E-19 3.224E-19 3.226E-19 2.940E-19 2.849E-19 3.094E-19 2.932E-19 2.870E-19 3.288E-19 3.322E-19
 3.382E-19 3.331E-19 3.056E-19 2.823E-19 2.760E-19 3.159E-19 3.548E-19 3.406E-19 3.147E-19 3.137E-19
 3.061E-19 3.038E-19 3.646E-19 3.914E-19 3.355E-19 3.037E-19 2.947E-19 3.085E-19 3.682E-19 3.715E-19
 3.195E-19 2.575E-19 2.591E-19 2.966E-19 2.943E-19 2.954E-19 2.853E-19 2.677E-19 2.532E-19 2.841E-19
 3.064E-19 2.791E-19 2.544E-19 2.768E-19 2.901E-19 2.801E-19 3.064E-19 2.859E-19 2.280E-19 2.024E-19
 2.181E-19 2.565E-19 2.523E-19 2.385E-19 2.289E-19 2.148E-19 2.478E-19 2.969E-19 2.869E-19 2.859E-19
 2.886E-19 2.767E-19 2.704E-19 2.745E-19 2.699E-19 2.342E-19 2.387E-19 2.642E-19 2.694E-19 2.198E-19
 1.922E-19 2.108E-19 1.970E-19 2.313E-19 3.088E-19 2.768E-19 2.221E-19 2.297E-19 2.721E-19 2.874E-19
 3.042E-19 3.039E-19 2.605E-19 1.977E-19 1.699E-19 1.848E-19 1.920E-19 2.096E-19 2.338E-19 2.145E-19
 2.196E-19 2.240E-19 2.041E-19 2.068E-19 2.286E-19 2.293E-19 2.469E-19 2.382E-19 2.199E-19 2.141E-19
 1.954E-19 1.890E-19 2.262E-19 2.466E-19 2.218E-19 1.994E-19 2.029E-19 2.378E-19 2.574E-19 2.365E-19
 1.705E-19 1.490E-19 1.772E-19 2.200E-19 2.297E-19 2.030E-19 1.902E-19 1.948E-19 2.200E-19 2.656E-19
 2.406E-19 2.208E-19 2.424E-19 2.389E-19 2.208E-19 2.345E-19 2.226E-19 1.815E-19 1.767E-19 2.201E-19
 2.453E-19 2.215E-19 1.957E-19 2.345E-19 2.435E-19 2.181E-19 2.199E-19 2.220E-19 2.064E-19 2.175E-19
 2.055E-19 2.008E-19 2.406E-19 2.521E-19 2.272E-19 2.217E-19 2.293E-19 2.465E-19 2.430E-19 2.525E-19
 2.653E-19 2.521E-19 2.378E-19 2.511E-19 2.730E-19 2.790E-19 2.692E-19 2.677E-19 2.762E-19 2.806E-19
 2.914E-19 2.747E-19 2.666E-19 2.850E-19 3.046E-19 2.686E-19 2.179E-19 2.015E-19 2.142E-19 2.430E-19
 2.985E-19 3.431E-19 3.288E-19 3.047E-19 3.319E-19 3.327E-19 3.298E-19 3.547E-19 3.480E-19 3.567E-19
 3.819E-19 3.532E-19 3.162E-19 3.212E-19 3.465E-19 3.477E-19 3.386E-19 3.124E-19 3.140E-19 3.245E-19
 3.012E-19 2.905E-19 3.129E-19 3.678E-19 3.947E-19 3.743E-19 3.511E-19 3.440E-19 3.634E-19 3.969E-19
 3.850E-19 3.517E-19 3.618E-19 3.558E-19 3.498E-19 3.580E-19 3.590E-19 3.687E-19 3.805E-19 3.630E-19
 3.351E-19 3.719E-19 4.117E-19 3.822E-19 3.497E-19 3.328E-19 3.272E-19 3.340E-19 3.626E-19 3.751E-19
 3.205E-19 3.202E-19 3.548E-19 3.535E-19 3.483E-19 3.525E-19 3.387E-19 3.472E-19 3.960E-19 3.785E-19
 3.422E-19 3.322E-19 3.399E-19 3.465E-19 3.612E-19 3.508E-19 3.354E-19 3.677E-19 3.971E-19 3.841E-19
 3.672E-19 3.608E-19 3.621E-19 4.039E-19 4.016E-19 3.908E-19 3.924E-19 3.936E-19 4.057E-19 3.828E-19
 4.075E-19 4.145E-19 3.883E-19 3.678E-19 3.513E-19 3.302E-19 3.306E-19 3.429E-19 3.876E-19 3.950E-19
 3.651E-19 3.723E-19 3.659E-19 3.597E-19 3.813E-19 4.311E-19 4.282E-19 3.790E-19 3.390E-19 3.139E-19
 3.085E-19 3.449E-19 4.074E-19 3.692E-19 3.292E-19 3.320E-19 3.072E-19 2.801E-19 2.956E-19 3.700E-19
 3.679E-19 3.651E-19 3.590E-19 3.106E-19 2.827E-19 3.620E-19 4.412E-19 3.860E-19 2.983E-19 2.536E-19
 2.382E-19 2.574E-19 3.184E-19 3.919E-19 3.328E-19 2.431E-19 2.320E-19 2.685E-19 3.123E-19 4.267E-19
 4.521E-19 3.330E-19 2.845E-19 2.736E-19 2.640E-19 2.668E-19 3.550E-19 3.731E-19 2.940E-19 2.399E-19
 2.167E-19 2.322E-19 2.996E-19 3.731E-19 3.439E-19 2.768E-19 2.648E-19 2.749E-19 2.702E-19 3.112E-19
 3.174E-19 2.615E-19 2.472E-19 2.540E-19 2.465E-19 2.434E-19 2.735E-19 2.820E-19 2.536E-19 2.474E-19
 2.388E-19 2.023E-19 2.002E-19 2.855E-19 3.250E-19 2.931E-19 2.492E-19 2.119E-19 2.229E-19 2.417E-19
 2.312E-19 2.076E-19 2.207E-19 2.449E-19 2.381E-19 2.113E-19 2.385E-19 2.508E-19 2.329E-19 2.239E-19
 2.061E-19 2.104E-19 2.110E-19 1.891E-19 2.132E-19 2.466E-19 2.468E-19 2.263E-19 2.291E-19 2.386E-19
 2.127E-19 2.020E-19 1.916E-19 1.784E-19 1.669E-19 1.525E-19 1.649E-19 1.747E-19 1.839E-19 1.893E-19
 1.889E-19 1.810E-19 1.840E-19 1.847E-19 1.753E-19 1.667E-19 1.926E-19 2.204E-19 1.959E-19 1.730E-19
 1.614E-19 1.661E-19 1.761E-19 1.641E-19 1.379E-19 1.588E-19 1.629E-19 1.368E-19 1.339E-19 1.667E-19
 1.760E-19 1.638E-19 1.608E-19 1.593E-19 1.878E-19 1.967E-19 2.031E-19 2.025E-19 1.960E-19 1.807E-19
 1.449E-19 1.466E-19 1.727E-19 1.806E-19 1.736E-19 1.730E-19 1.893E-19 2.044E-19 2.083E-19 2.061E-19
 2.076E-19 1.873E-19 1.656E-19 1.656E-19 1.976E-19 2.450E-19 2.273E-19 1.893E-19 1.833E-19 1.669E-19
 1.927E-19 2.235E-19 2.084E-19 1.921E-19 2.219E-19 2.617E-19 2.770E-19 2.762E-19 2.802E-19 2.723E-19
 2.388E-19 2.297E-19 2.231E-19 2.255E-19 2.570E-19 2.784E-19 2.831E-19 2.702E-19 2.767E-19 2.856E-19
 2.419E-19 1.999E-19 2.004E-19 2.368E-19 2.591E-19 2.718E-19 2.900E-19 2.859E-19 2.862E-19 2.873E-19
 2.384E-19 2.255E-19 2.528E-19 2.683E-19 3.015E-19 3.138E-19 2.951E-19 2.762E-19 2.919E-19 3.304E-19
 3.217E-19 2.993E-19 3.025E-19 3.288E-19 3.370E-19 3.482E-19 3.600E-19 3.627E-19 3.571E-19 3.584E-19
 4.153E-19 4.475E-19 3.862E-19 3.226E-19 3.227E-19 3.580E-19 3.674E-19 3.494E-19 3.326E-19 3.063E-19
 2.981E-19 3.281E-19 3.869E-19 4.149E-19 4.244E-19 4.549E-19 4.610E-19 4.049E-19 3.067E-19 2.626E-19
 2.695E-19 2.715E-19 2.859E-19 2.836E-19 2.789E-19 2.714E-19 2.776E-19 2.627E-19 2.603E-19 2.537E-19
 2.361E-19 2.256E-19 2.504E-19 2.771E-19 2.643E-19 2.784E-19 2.976E-19 2.725E-19 2.791E-19 2.730E-19
 2.584E-19 2.636E-19 2.439E-19 2.612E-19 2.854E-19 2.566E-19 2.245E-19 2.561E-19 2.888E-19 2.567E-19
 2.386E-19 2.551E-19 2.534E-19 2.747E-19 2.916E-19 3.058E-19 2.797E-19 2.513E-19 2.396E-19 2.421E-19
 2.420E-19 2.326E-19 2.323E-19 2.667E-19 2.604E-19 2.415E-19 2.635E-19 3.030E-19 2.824E-19 2.429E-19
 2.230E-19 2.099E-19 2.151E-19 2.278E-19 2.353E-19 2.360E-19 2.344E-19 2.525E-19 2.768E-19 2.250E-19
 1.829E-19 2.093E-19 2.200E-19 1.956E-19 2.335E-19 2.622E-19 2.343E-19 2.316E-19 2.399E-19 2.183E-19
 2.082E-19 2.158E-19 2.019E-19 1.810E-19 1.988E-19 2.369E-19 2.203E-19 2.257E-19 2.369E-19 2.171E-19
 2.143E-19 2.223E-19 2.203E-19 2.066E-19 2.117E-19 2.133E-19 2.443E-19 2.781E-19 2.330E-19 1.990E-19
 2.039E-19 2.170E-19 2.216E-19 1.768E-19 1.820E-19 2.013E-19 2.077E-19 2.222E-19 2.334E-19 2.345E-19
 2.505E-19 2.373E-19 1.879E-19 1.598E-19 1.720E-19 1.872E-19 1.981E-19 2.122E-19 2.253E-19 2.320E-19
 2.458E-19 2.385E-19 1.920E-19 1.593E-19 1.762E-19 2.033E-19 2.417E-19 2.540E-19 2.197E-19 1.826E-19
 1.751E-19 2.000E-19 2.135E-19 1.990E-19 1.797E-19 1.885E-19 2.098E-19 2.297E-19 2.225E-19 1.847E-19
 1.754E-19 2.037E-19 1.904E-19 1.637E-19 1.741E-19 1.884E-19 2.110E-19 2.145E-19 2.003E-19 2.001E-19
 2.040E-19 2.146E-19 1.958E-19 1.730E-19 2.122E-19 2.478E-19 2.204E-19 1.855E-19 1.911E-19 2.255E-19
 2.456E-19 2.275E-19 1.822E-19 1.923E-19 2.321E-19 2.290E-19 1.832E-19 1.567E-19 1.784E-19 2.166E-19
 2.091E-19 1.998E-19 1.925E-19 1.928E-19 2.107E-19 1.903E-19 1.676E-19 1.654E-19 1.823E-19 2.037E-19
 2.208E-19 1.887E-19 1.742E-19 1.732E-19 1.745E-19 2.140E-19 2.044E-19 1.855E-19 1.970E-19 1.998E-19
 2.007E-19 2.285E-19 2.268E-19 2.022E-19 1.852E-19 1.914E-19 2.016E-19 2.064E-19 1.883E-19 1.719E-19
 1.901E-19 2.032E-19 1.810E-19 1.584E-19 1.813E-19 2.270E-19 2.278E-19 1.765E-19 1.756E-19 2.209E-19
 2.230E-19 1.815E-19 1.531E-19 1.748E-19 1.932E-19 2.030E-19 2.095E-19 2.042E-19 2.309E-19 2.289E-19
 1.822E-19 1.634E-19 1.776E-19 2.063E-19 1.861E-19 1.711E-19 2.228E-19 2.534E-19 2.408E-19 2.221E-19
 2.191E-19 2.129E-19 2.156E-19 2.143E-19 1.628E-19 1.465E-19 2.337E-19 2.531E-19 2.034E-19 1.903E-19
 1.958E-19 1.745E-19 1.467E-19 1.421E-19 1.210E-19 1.573E-19 2.439E-19 2.584E-19 2.057E-19 1.727E-19
 1.834E-19 1.764E-19 1.528E-19 1.459E-19 1.421E-19 1.490E-19 1.900E-19 2.227E-19 1.782E-19 1.477E-19
 1.647E-19 1.662E-19 1.502E-19 1.225E-19 1.525E-19 1.671E-19 1.522E-19 1.607E-19 1.693E-19 1.814E-19
 1.933E-19 2.150E-19 1.972E-19 1.528E-19 1.296E-19 1.435E-19 1.573E-19 1.337E-19 1.579E-19 1.836E-19
 1.945E-19 2.160E-19 2.008E-19 1.636E-19 1.545E-19 1.632E-19 1.453E-19 1.263E-19 1.893E-19 2.527E-19
 2.440E-19 2.116E-19 1.719E-19 1.562E-19 1.465E-19 1.684E-19 1.727E-19 1.748E-19 2.091E-19 2.455E-19
 2.503E-19 1.969E-19 1.558E-19 1.445E-19 1.418E-19 1.222E-19 9.255E-20 1.080E-19 1.430E-19 2.250E-19
 2.589E-19 1.854E-19 1.209E-19 1.303E-19 1.520E-19 1.487E-19 1.550E-19 1.483E-19 1.772E-19 2.325E-19
 2.309E-19 2.045E-19 1.770E-19 1.606E-19 1.684E-19 1.387E-19 1.265E-19 1.361E-19 1.671E-19 1.836E-19
 2.049E-19 2.035E-19 1.733E-19 1.702E-19 1.431E-19 9.839E-20 9.127E-20 1.025E-19 1.220E-19 1.304E-19
 1.752E-19 2.207E-19 2.039E-19 1.744E-19 1.137E-19 7.244E-20 9.705E-20 1.613E-19 1.546E-19 1.198E-19
 1.631E-19 2.400E-19 2.219E-19 1.752E-19 1.697E-19 1.804E-19 1.950E-19 2.052E-19 1.906E-19 1.647E-19
 1.719E-19 2.345E-19 2.558E-19 1.757E-19 1.320E-19 1.404E-19 1.549E-19 1.232E-19 9.353E-20 1.198E-19
 1.490E-19 2.075E-19 2.641E-19 1.960E-19 1.455E-19 1.718E-19 1.790E-19 1.417E-19 1.435E-19 1.564E-19
 1.507E-19 1.709E-19 2.103E-19 1.746E-19 9.817E-20 9.817E-20 1.308E-19 1.252E-19 1.324E-19 1.377E-19
 1.234E-19 1.508E-19 2.046E-19 2.192E-19 1.847E-19 1.570E-19 1.400E-19 1.583E-19 1.703E-19 1.687E-19
 1.752E-19 1.602E-19 1.587E-19 1.886E-19 2.229E-19 1.844E-19 1.056E-19 1.019E-19 1.443E-19 1.767E-19
 1.457E-19 1.288E-19 1.429E-19 1.813E-19 2.038E-19 1.639E-19 1.026E-19 1.028E-19 1.555E-19 1.726E-19
 1.362E-19 1.213E-19 1.454E-19 1.803E-19 1.945E-19 1.454E-19 1.049E-19 1.114E-19 1.274E-19 1.308E-19
 1.065E-19 1.135E-19 1.590E-19 1.719E-19 1.274E-19 9.634E-20 1.086E-19 1.336E-19 1.056E-19 8.371E-20
 1.299E-19 1.689E-19 1.844E-19 1.684E-19 1.453E-19 1.435E-19 1.598E-19 1.719E-19 1.627E-19 1.504E-19
 1.543E-19 1.449E-19 1.303E-19 1.380E-19 1.280E-19 1.239E-19 1.844E-19 1.952E-19 1.585E-19 1.263E-19
 1.280E-19 1.442E-19 1.299E-19 1.317E-19 1.519E-19 1.560E-19 1.493E-19 1.386E-19 1.648E-19 1.692E-19
 1.709E-19 1.478E-19 1.187E-19 1.221E-19 1.446E-19 1.489E-19 1.155E-19 1.129E-19 1.321E-19 1.562E-19
 1.732E-19 1.498E-19 1.293E-19 1.363E-19 1.638E-19 1.610E-19 1.329E-19 1.482E-19 1.426E-19 1.335E-19
 1.302E-19 1.142E-19 1.099E-19 1.197E-19 1.429E-19 1.332E-19 1.535E-19 1.682E-19 1.698E-19 1.663E-19
 1.309E-19 1.278E-19 1.327E-19 1.163E-19 1.122E-19 1.114E-19 1.134E-19 1.402E-19 1.508E-19 1.351E-19
 1.275E-19 1.443E-19 1.481E-19 1.420E-19 9.464E-20 6.721E-20 8.993E-20 1.054E-19 1.221E-19 1.319E-19
 1.238E-19 1.175E-19 1.329E-19 1.396E-19 1.428E-19 1.297E-19 1.186E-19 1.225E-19 9.473E-20 8.124E-20
 9.007E-20 9.758E-20 1.089E-19 1.080E-19 1.109E-19 1.176E-19 9.348E-20 8.110E-20 8.532E-20 8.257E-20
 1.055E-19 1.192E-19 1.141E-19 1.028E-19 1.133E-19 1.352E-19 1.164E-19 1.041E-19 1.285E-19 1.385E-19
 1.186E-19 1.041E-19 1.301E-19 1.510E-19 1.634E-19 1.561E-19 1.416E-19 1.442E-19 1.509E-19 1.758E-19
 1.538E-19 1.171E-19 1.150E-19 1.491E-19 1.596E-19 1.480E-19 1.487E-19 1.485E-19 1.561E-19 1.646E-19
 1.379E-19 1.310E-19 1.384E-19 1.617E-19 1.634E-19 1.553E-19 1.401E-19 1.251E-19 1.273E-19 1.276E-19
 1.342E-19 1.463E-19 1.519E-19 1.680E-19 1.547E-19 1.418E-19 1.582E-19 1.611E-19 1.561E-19 1.467E-19
 1.469E-19 1.562E-19 1.709E-19 1.532E-19 1.249E-19 1.170E-19 1.091E-19 1.287E-19 1.560E-19 1.654E-19
 1.350E-19 1.069E-19 1.326E-19 1.435E-19 1.046E-19 9.106E-20 1.082E-19 1.297E-19 1.285E-19 1.212E-19
 1.435E-19 1.471E-19 1.097E-19 7.684E-20 9.465E-20 1.289E-19 1.470E-19 1.468E-19 1.502E-19 1.509E-19
 1.659E-19 1.575E-19 1.264E-19 1.209E-19 1.266E-19 1.352E-19 1.444E-19 1.428E-19 1.396E-19 1.525E-19
 1.521E-19 1.323E-19 1.450E-19 1.476E-19 1.385E-19 1.562E-19 1.681E-19 1.445E-19 1.251E-19 1.200E-19
 1.203E-19 1.250E-19 1.221E-19 1.006E-19 1.237E-19 1.478E-19 1.326E-19 1.127E-19 1.150E-19 1.111E-19
 1.249E-19 1.259E-19 1.130E-19 1.382E-19 1.809E-19 1.630E-19 1.509E-19 1.498E-19 1.553E-19 1.535E-19
 1.167E-19 8.615E-20 1.122E-19 1.409E-19 1.387E-19 1.297E-19 1.264E-19 1.265E-19 1.232E-19 1.439E-19
 1.398E-19 1.457E-19 1.657E-19 1.492E-19 1.225E-19 1.227E-19 1.427E-19 1.585E-19 1.441E-19 1.288E-19
 1.371E-19 1.607E-19 1.516E-19 1.234E-19 1.191E-19 1.222E-19 1.533E-19 1.603E-19 1.273E-19 1.117E-19
 1.213E-19 1.323E-19 1.496E-19 1.735E-19 1.707E-19 1.315E-19 1.029E-19 1.211E-19 1.291E-19 1.254E-19
 1.150E-19 1.169E-19 1.324E-19 1.360E-19 1.345E-19 1.168E-19 1.028E-19 1.461E-19 1.564E-19 1.480E-19
 1.540E-19 1.621E-19 1.476E-19 1.382E-19 1.296E-19 1.456E-19 1.469E-19 1.588E-19 1.635E-19 1.523E-19
 1.676E-19 1.727E-19 1.681E-19 1.522E-19 1.501E-19 1.518E-19 1.328E-19 1.451E-19 1.451E-19 1.317E-19
 1.457E-19 1.575E-19 1.734E-19 1.779E-19 1.832E-19 1.995E-19 1.940E-19 1.699E-19 1.410E-19 1.454E-19
 1.607E-19 1.432E-19 1.430E-19 1.592E-19 1.595E-19 1.525E-19 1.610E-19 1.682E-19 1.580E-19 1.450E-19
 1.784E-19 1.860E-19 1.604E-19 1.270E-19 1.357E-19 1.717E-19 1.718E-19 1.682E-19 1.561E-19 1.460E-19
 1.646E-19 1.656E-19 1.390E-19 1.427E-19 1.617E-19 1.796E-19 1.859E-19 1.732E-19 1.735E-19 1.746E-19
 1.623E-19 1.636E-19 1.961E-19 1.972E-19 1.747E-19 1.586E-19 1.829E-19 1.914E-19 1.576E-19 1.356E-19
 1.506E-19 1.770E-19 1.982E-19 1.629E-19 1.292E-19 1.505E-19 1.716E-19 1.838E-19 2.057E-19 1.870E-19
 1.545E-19 1.460E-19 1.448E-19 1.779E-19 1.952E-19 1.689E-19 1.540E-19 1.884E-19 2.292E-19 2.359E-19
 2.135E-19 1.817E-19 1.864E-19 2.098E-19 1.974E-19 1.980E-19 1.976E-19 1.654E-19 1.664E-19 1.921E-19
 1.938E-19 1.855E-19 1.739E-19 1.639E-19 1.710E-19 1.855E-19 2.179E-19 2.109E-19 1.785E-19 1.644E-19
 1.592E-19 1.685E-19 1.889E-19 1.992E-19 1.744E-19 1.459E-19 1.635E-19 2.086E-19 2.353E-19 2.054E-19
 1.605E-19 1.634E-19 2.047E-19 2.440E-19 2.409E-19 2.042E-19 1.870E-19 2.117E-19 2.402E-19 2.386E-19
 2.031E-19 1.883E-19 1.986E-19 1.888E-19 1.962E-19 2.076E-19 1.841E-19 1.785E-19 1.897E-19 1.980E-19
 2.023E-19 2.047E-19 1.837E-19 1.806E-19 2.013E-19 2.523E-19 2.622E-19 2.355E-19 1.980E-19 1.795E-19
 2.163E-19 2.149E-19 1.958E-19 1.637E-19 1.365E-19 1.404E-19 1.774E-19 2.121E-19 1.876E-19 1.765E-19
 2.039E-19 2.356E-19 2.290E-19 2.375E-19 2.329E-19 2.165E-19 2.055E-19 2.195E-19 2.427E-19 2.402E-19
 2.535E-19 2.480E-19 2.315E-19 2.087E-19 2.349E-19 2.629E-19 2.559E-19 2.378E-19 2.257E-19 2.402E-19
 2.576E-19 2.392E-19 2.008E-19 2.009E-19 2.196E-19 2.357E-19 2.492E-19 2.312E-19 2.462E-19 2.677E-19
 2.576E-19 2.456E-19 2.535E-19 2.397E-19 2.391E-19 2.436E-19 2.538E-19 2.690E-19 2.346E-19 2.480E-19
 2.973E-19 2.531E-19 2.436E-19 2.828E-19 2.577E-19 2.386E-19 2.444E-19 2.480E-19 2.585E-19 2.655E-19
 2.222E-19 2.219E-19 2.692E-19 3.143E-19 3.035E-19 2.866E-19 2.974E-19 2.854E-19 2.725E-19 2.935E-19
 3.026E-19 2.840E-19 2.770E-19 2.765E-19 2.507E-19 2.702E-19 2.641E-19 2.261E-19 2.305E-19 2.731E-19
 3.097E-19 3.025E-19 2.800E-19 2.767E-19 2.913E-19 3.101E-19 3.319E-19 3.066E-19 2.802E-19 2.863E-19
 2.968E-19 3.093E-19 3.239E-19 3.186E-19 2.937E-19 2.838E-19 3.229E-19 3.476E-19 3.379E-19 2.942E-19
 2.512E-19 2.732E-19 3.134E-19 3.599E-19 3.723E-19 3.343E-19 2.930E-19 3.160E-19 3.717E-19 3.694E-19
 3.341E-19 3.054E-19 3.059E-19 3.412E-19 3.604E-19 3.275E-19 2.921E-19 2.783E-19 3.133E-19 3.523E-19
 3.375E-19 3.372E-19 3.368E-19 3.215E-19 3.469E-19 3.669E-19 3.860E-19 3.836E-19 3.454E-19 3.120E-19
 3.390E-19 3.682E-19 3.803E-19 3.639E-19 3.560E-19 3.668E-19 3.675E-19 3.796E-19 3.898E-19 3.702E-19
 3.571E-19 3.723E-19 3.859E-19 4.073E-19 4.045E-19 3.541E-19 3.408E-19 3.600E-19 3.911E-19 3.751E-19
 3.384E-19 3.277E-19 3.407E-19 3.462E-19 3.678E-19 4.024E-19 3.802E-19 3.397E-19 3.552E-19 4.045E-19
 4.095E-19 4.091E-19 3.993E-19 3.933E-19 3.932E-19 4.107E-19 4.200E-19 3.990E-19 3.509E-19 3.775E-19
 4.175E-19 4.100E-19 4.062E-19 3.856E-19 3.511E-19 3.544E-19 3.982E-19 4.295E-19 4.184E-19 3.891E-19
 3.828E-19 3.795E-19 4.080E-19 4.599E-19 4.280E-19 3.750E-19 3.559E-19 3.917E-19 4.221E-19 4.153E-19
 3.751E-19 3.614E-19 3.740E-19 4.488E-19 5.182E-19 4.855E-19 4.400E-19 4.152E-19 4.264E-19 4.577E-19
 4.516E-19 4.190E-19 3.969E-19 4.000E-19 4.625E-19 5.294E-19 4.634E-19 3.954E-19 3.939E-19 4.187E-19
 4.986E-19 5.547E-19 4.874E-19 4.004E-19 4.034E-19 5.042E-19 6.007E-19 5.378E-19 4.380E-19 4.126E-19
 4.221E-19 4.859E-19 5.537E-19 4.605E-19 3.835E-19 3.556E-19 4.304E-19 5.543E-19 5.181E-19 4.413E-19
 4.254E-19 4.085E-19 5.199E-19 6.499E-19 6.110E-19 4.950E-19 4.145E-19 4.506E-19 5.906E-19 5.954E-19
 5.104E-19 4.445E-19 4.090E-19 5.014E-19 6.355E-19 5.777E-19 4.635E-19 4.206E-19 4.782E-19 6.094E-19
 6.284E-19 5.075E-19 4.095E-19 4.090E-19 5.090E-19 6.612E-19 6.121E-19 4.922E-19 4.570E-19 4.658E-19
 5.537E-19 6.531E-19 5.860E-19 4.866E-19 4.605E-19 5.337E-19 6.440E-19 6.294E-19 5.424E-19 5.035E-19
 4.757E-19 5.456E-19 6.818E-19 6.585E-19 4.957E-19 4.121E-19 5.018E-19 6.554E-19 6.571E-19 5.535E-19
 4.517E-19 4.342E-19 5.580E-19 6.874E-19 6.807E-19 5.253E-19 4.357E-19 5.232E-19 6.528E-19 6.821E-19
 6.043E-19 5.067E-19 4.908E-19 5.859E-19 7.102E-19 7.078E-19 5.553E-19 4.625E-19 5.145E-19 6.062E-19
 6.881E-19 6.829E-19 5.390E-19 4.752E-19 5.576E-19 6.725E-19 7.205E-19 6.124E-19 5.285E-19 5.549E-19
 6.169E-19 7.213E-19 7.502E-19 6.188E-19 5.032E-19 5.775E-19 7.030E-19 7.216E-19 6.133E-19 5.123E-19
 4.982E-19 5.871E-19 7.109E-19 7.143E-19 5.835E-19 5.088E-19 6.110E-19 7.314E-19 7.709E-19 6.791E-19
 5.570E-19 5.331E-19 5.921E-19 7.167E-19 7.650E-19 6.289E-19 5.437E-19 6.269E-19 6.873E-19 7.354E-19
 7.327E-19 6.637E-19 6.305E-19 6.250E-19 7.495E-19 8.516E-19 7.308E-19 6.019E-19 6.164E-19 6.288E-19
 7.428E-19 8.223E-19 7.170E-19 6.146E-19 6.026E-19 6.843E-19 7.682E-19 7.052E-19 6.094E-19 6.177E-19
 6.268E-19 7.266E-19 8.101E-19 6.593E-19 5.290E-19 6.042E-19 6.897E-19 7.479E-19 7.624E-19 6.315E-19
 5.936E-19 5.982E-19 6.765E-19 7.930E-19 7.468E-19 6.482E-19 6.518E-19 6.752E-19 7.534E-19 8.581E-19
 7.755E-19 7.331E-19 6.744E-19 6.962E-19 8.110E-19 7.695E-19 6.478E-19 6.748E-19 6.960E-19 7.652E-19
 8.382E-19 7.425E-19 6.835E-19 6.724E-19 7.118E-19 8.218E-19 8.345E-19 7.021E-19 7.040E-19 6.839E-19
 7.000E-19 8.243E-19 7.759E-19 7.007E-19 7.130E-19 7.324E-19 8.028E-19 8.523E-19 7.653E-19 7.224E-19
 7.437E-19 7.237E-19 8.807E-19 8.835E-19 7.119E-19 6.829E-19 7.095E-19 7.735E-19 8.888E-19 8.419E-19
 7.306E-19 6.881E-19 6.849E-19 7.965E-19 8.230E-19 7.432E-19 7.809E-19 7.739E-19 7.590E-19 9.140E-19
 9.048E-19 7.850E-19 7.260E-19 7.266E-19 8.844E-19 9.304E-19 7.635E-19 7.520E-19 8.092E-19 7.651E-19
 7.970E-19 8.667E-19 7.655E-19 7.161E-19 7.387E-19 8.099E-19 8.935E-19 8.923E-19 8.253E-19 8.133E-19
 7.424E-19 7.560E-19 8.443E-19 8.120E-19 7.905E-19 7.797E-19 7.885E-19 8.833E-19 9.150E-19 8.356E-19
 8.035E-19 7.425E-19 7.962E-19 9.302E-19 8.547E-19 7.676E-19 7.405E-19 7.560E-19 8.491E-19 9.049E-19
 8.603E-19 8.137E-19 8.075E-19 8.088E-19 8.938E-19 8.490E-19 8.396E-19 8.652E-19 8.392E-19 8.738E-19
 8.779E-19 8.322E-19 8.251E-19 7.917E-19 7.792E-19 8.388E-19 8.542E-19 8.561E-19 8.278E-19 7.870E-19
 7.378E-19 8.330E-19 9.175E-19 8.659E-19 8.344E-19 8.310E-19 9.259E-19 9.647E-19 8.989E-19 8.306E-19
 7.979E-19 8.300E-19 9.328E-19 9.814E-19 8.609E-19 8.282E-19 8.592E-19 8.998E-19 9.070E-19 9.264E-19
 8.995E-19 8.671E-19 8.088E-19 8.029E-19 8.460E-19 8.562E-19 9.083E-19 8.634E-19 8.412E-19 8.394E-19
 8.728E-19 9.056E-19 9.131E-19 8.140E-19 7.953E-19 9.179E-19 1.063E-18 1.040E-18 8.696E-19 8.032E-19
 8.368E-19 9.144E-19 9.010E-19 8.569E-19 8.294E-19 8.732E-19 1.003E-18 9.267E-19 8.210E-19 8.266E-19
 8.671E-19 8.099E-19 7.960E-19 8.747E-19 9.049E-19 8.872E-19 8.628E-19 9.404E-19 1.005E-18 9.803E-19
 9.400E-19 8.350E-19 7.166E-19 8.017E-19 8.817E-19 9.083E-19 9.576E-19 9.181E-19 8.935E-19 8.846E-19
 9.372E-19 9.456E-19 9.037E-19 8.244E-19 9.454E-19 1.056E-18 9.991E-19 8.543E-19 7.259E-19 7.951E-19
 8.255E-19 8.585E-19 9.137E-19 9.529E-19 9.104E-19 8.983E-19 9.228E-19 9.552E-19 9.158E-19 8.884E-19
 8.935E-19 8.798E-19 9.071E-19 8.985E-19 8.731E-19 8.470E-19 8.520E-19 9.890E-19 1.006E-18 9.235E-19
 8.595E-19 7.880E-19 7.403E-19 8.546E-19 9.464E-19 9.603E-19 9.627E-19 9.567E-19 1.002E-18 9.402E-19
 9.028E-19 9.102E-19 8.516E-19 8.575E-19 9.201E-19 9.514E-19 9.560E-19 8.789E-19 8.200E-19 8.642E-19
 8.940E-19 9.248E-19 9.645E-19 9.322E-19 9.240E-19 9.794E-19 1.020E-18 9.340E-19 8.671E-19 8.663E-19
 8.361E-19 8.156E-19 9.155E-19 9.584E-19 9.526E-19 9.400E-19 9.616E-19 9.928E-19 9.255E-19 9.421E-19
 8.762E-19 8.371E-19 8.677E-19 9.247E-19 9.212E-19 9.486E-19 9.623E-19 9.647E-19 9.673E-19 8.539E-19
 8.808E-19 8.960E-19 8.506E-19 8.337E-19 8.632E-19 9.951E-19 9.709E-19 8.760E-19 8.712E-19 8.944E-19
 8.653E-19 9.537E-19 9.412E-19 8.983E-19 8.853E-19 9.153E-19 9.246E-19 8.618E-19 8.684E-19 8.438E-19
 8.646E-19 8.345E-19 9.244E-19 9.412E-19 9.549E-19 9.578E-19 9.990E-19 9.900E-19 8.632E-19 8.315E-19
 7.824E-19 8.092E-19 8.201E-19 8.779E-19 9.671E-19 9.931E-19 9.237E-19 9.094E-19 8.979E-19 9.075E-19
 9.470E-19 8.768E-19 9.320E-19 9.323E-19 9.704E-19 9.860E-19 9.587E-19 8.811E-19 8.714E-19 8.923E-19
 9.133E-19 9.839E-19 1.026E-18 9.758E-19 8.728E-19 8.838E-19 9.148E-19 9.206E-19 8.830E-19 8.953E-19
 9.041E-19 8.547E-19 8.936E-19 9.229E-19 9.382E-19 9.092E-19 8.287E-19 7.933E-19 8.539E-19 8.493E-19
 8.394E-19 8.664E-19 8.747E-19 8.523E-19 9.109E-19 9.607E-19 9.449E-19 9.467E-19 8.750E-19 8.627E-19
 9.054E-19 9.242E-19 8.922E-19 8.657E-19 8.607E-19 9.485E-19 9.176E-19 8.225E-19 8.171E-19 8.318E-19
 7.564E-19 8.469E-19 9.582E-19 9.623E-19 8.849E-19 8.290E-19 8.954E-19 8.710E-19 8.692E-19 8.594E-19
 8.896E-19 7.608E-19 7.855E-19 9.599E-19 9.944E-19 8.846E-19 7.855E-19 8.033E-19 7.542E-19 8.771E-19
 9.536E-19 9.228E-19 7.600E-19 7.815E-19 9.193E-19 9.532E-19 9.002E-19 8.640E-19 8.198E-19 6.982E-19
 8.490E-19 9.447E-19 9.027E-19 7.864E-19 7.961E-19 8.716E-19 9.160E-19 8.571E-19 8.762E-19 9.493E-19
 8.555E-19 9.451E-19 9.236E-19 8.969E-19 8.182E-19 8.639E-19 8.843E-19 8.042E-19 7.946E-19 8.430E-19
 8.541E-19 6.999E-19 8.377E-19 9.031E-19 8.908E-19 8.184E-19 7.889E-19 8.422E-19 8.552E-19 9.237E-19
 8.949E-19 8.807E-19 7.937E-19 8.431E-19 9.194E-19 1.001E-18 9.130E-19 8.338E-19 7.997E-19 7.439E-19
 7.869E-19 7.942E-19 8.479E-19 8.083E-19 8.925E-19 9.315E-19 8.919E-19 8.072E-19 8.670E-19 8.969E-19
 8.048E-19 7.903E-19 7.835E-19 8.897E-19 7.900E-19 7.376E-19 7.779E-19 7.578E-19 7.776E-19 8.692E-19
 8.723E-19 8.162E-19 8.545E-19 8.568E-19 9.021E-19 7.926E-19 8.268E-19 8.403E-19 7.382E-19 7.026E-19
 8.210E-19 8.815E-19 7.642E-19 8.270E-19 9.095E-19 8.622E-19 8.029E-19 8.396E-19 7.857E-19 6.697E-19
 6.497E-19 8.462E-19 1.001E-18 7.956E-19 8.102E-19 9.064E-19 7.993E-19 7.651E-19 9.668E-19 1.002E-18
 8.173E-19 8.302E-19 8.484E-19 7.918E-19 7.455E-19 9.229E-19 1.001E-18 8.986E-19 9.361E-19 1.044E-18
 1.019E-18 9.250E-19 1.010E-18 1.084E-18 9.348E-19 7.951E-19 9.078E-19 9.362E-19 8.455E-19 8.816E-19
 9.773E-19 1.003E-18 9.664E-19 1.085E-18 1.201E-18 1.045E-18 8.359E-19 8.550E-19 7.875E-19 6.440E-19
 6.892E-19 8.084E-19 7.622E-19 6.666E-19 8.403E-19 8.632E-19 7.225E-19 7.713E-19 9.213E-19 8.515E-19
 6.835E-19 7.252E-19 7.631E-19 7.310E-19 7.604E-19 9.368E-19 9.027E-19 7.334E-19 7.809E-19 8.252E-19
 7.936E-19 8.135E-19 9.585E-19 9.092E-19 7.412E-19 7.668E-19 8.624E-19 8.432E-19 7.823E-19 8.729E-19
 9.680E-19 9.205E-19 8.538E-19 9.465E-19 1.001E-18 9.502E-19 8.878E-19 8.515E-19 7.872E-19 7.801E-19
 8.901E-19 9.281E-19 9.141E-19 9.091E-19 9.592E-19 9.443E-19 9.078E-19 9.083E-19 8.347E-19 7.470E-19
 7.846E-19 8.777E-19 8.582E-19 8.233E-19 7.886E-19 7.739E-19 8.364E-19 8.549E-19 8.731E-19 8.389E-19
 8.050E-19 7.943E-19 8.306E-19 8.644E-19 8.925E-19 9.333E-19 8.901E-19 8.736E-19 9.306E-19 1.102E-18
 1.084E-18 8.791E-19 7.231E-19 7.082E-19 8.139E-19 8.967E-19 9.247E-19 8.521E-19 7.366E-19 7.246E-19
 8.768E-19 1.106E-18 1.128E-18 9.948E-19 9.450E-19 9.808E-19 1.000E-18 1.145E-18 1.143E-18 9.362E-19
 7.409E-19 7.171E-19 7.878E-19 9.725E-19 1.107E-18 9.630E-19 8.324E-19 7.640E-19 7.681E-19 8.661E-19
 1.038E-18 9.728E-19 7.573E-19 7.041E-19 7.609E-19 7.870E-19 9.381E-19 1.107E-18 9.463E-19 7.618E-19
 6.782E-19 6.747E-19 8.414E-19 1.039E-18 9.995E-19 8.214E-19 6.677E-19 5.829E-19 6.889E-19 1.043E-18
 1.177E-18 9.085E-19 7.930E-19 7.406E-19 6.883E-19 9.034E-19 1.201E-18 9.014E-19 6.825E-19 7.186E-19
 6.572E-19 6.710E-19 1.060E-18 1.254E-18 9.388E-19 7.874E-19 7.826E-19 7.730E-19 9.764E-19 1.266E-18
 1.116E-18 8.938E-19 8.073E-19 8.082E-19 1.033E-18 1.366E-18 1.403E-18 1.270E-18 1.278E-18 1.293E-18
 1.338E-18 1.647E-18 1.885E-18 1.684E-18 1.513E-18 1.542E-18 1.564E-18 1.898E-18 2.488E-18 2.759E-18
 2.829E-18 2.807E-18 2.716E-18 2.277E-18 2.014E-18 2.131E-18 2.177E-18 2.139E-18 2.254E-18 2.500E-18
 2.890E-18 3.406E-18 3.448E-18 2.817E-18 1.522E-18 8.619E-19 8.178E-19 1.052E-18 1.110E-18 9.661E-19
 8.816E-19 6.903E-19 6.166E-19 7.971E-19 1.113E-18 9.665E-19 8.543E-19 9.293E-19 8.645E-19 7.658E-19
 9.093E-19 1.059E-18 9.159E-19 9.058E-19 9.057E-19 8.570E-19 7.537E-19 8.636E-19 9.735E-19 9.223E-19
 9.746E-19 9.872E-19 9.020E-19 8.870E-19 1.073E-18 1.105E-18 1.066E-18 1.075E-18 9.908E-19 9.347E-19
 1.097E-18 1.345E-18 1.391E-18 1.465E-18 1.567E-18 1.564E-18 1.649E-18 2.063E-18 2.320E-18 2.071E-18
 1.869E-18 1.858E-18 1.901E-18 2.126E-18 2.341E-18 1.933E-18 1.368E-18 1.199E-18 1.105E-18 9.214E-19
 8.648E-19 1.045E-18 1.028E-18 9.054E-19 9.243E-19 9.599E-19 8.826E-19 8.843E-19 1.028E-18 1.032E-18
 8.731E-19 8.088E-19 8.951E-19 8.929E-19 9.276E-19 1.066E-18 1.002E-18 8.394E-19 8.164E-19 9.080E-19
 9.519E-19 9.557E-19 1.022E-18 9.348E-19 8.302E-19 7.859E-19 8.478E-19 9.091E-19 8.985E-19 8.821E-19
 8.473E-19 7.871E-19 7.824E-19 8.452E-19 8.346E-19 8.247E-19 9.282E-19 9.135E-19 8.280E-19 7.674E-19
 7.775E-19 7.978E-19 8.698E-19 9.834E-19 9.345E-19 8.526E-19 7.950E-19 7.502E-19 8.105E-19 8.559E-19
 9.031E-19 9.104E-19 8.186E-19 7.045E-19 7.146E-19 7.504E-19 7.753E-19 8.196E-19 7.773E-19 6.683E-19
 6.347E-19 6.559E-19 6.845E-19 7.803E-19 8.533E-19 8.101E-19 7.421E-19 7.148E-19 6.340E-19 6.615E-19
 7.123E-19 7.354E-19 7.332E-19 7.022E-19 6.594E-19 6.434E-19 6.213E-19 6.348E-19 6.983E-19 7.154E-19
 6.799E-19 6.503E-19 6.348E-19 6.256E-19 6.438E-19 6.988E-19 7.515E-19 8.055E-19 8.244E-19 8.218E-19
 8.136E-19 8.880E-19 1.002E-18 1.144E-18 1.188E-18 1.219E-18 1.366E-18 1.617E-18 1.801E-18 1.972E-18
 2.216E-18 2.574E-18 2.996E-18 3.439E-18 3.933E-18 4.617E-18 5.531E-18 6.522E-18 7.781E-18 8.982E-18
 9.400E-18 9.777E-18 1.070E-17 1.273E-17 1.561E-17 1.807E-17 2.061E-17 2.000E-17 1.513E-17 1.208E-17
 1.228E-17 1.384E-17 1.568E-17 1.777E-17 2.028E-17 1.834E-17 9.680E-18 3.658E-18 1.443E-18 8.586E-19
 6.741E-19 5.781E-19 5.027E-19 4.788E-19 4.810E-19 4.797E-19 4.253E-19 3.814E-19 4.081E-19 4.451E-19
 4.574E-19 4.208E-19 3.773E-19 4.132E-19 4.569E-19 4.516E-19 4.808E-19 4.885E-19 4.052E-19 3.923E-19
 4.437E-19 4.578E-19 4.401E-19 4.956E-19 5.319E-19 5.578E-19 5.152E-19 3.951E-19 3.558E-19 4.375E-19
 4.941E-19 4.877E-19 4.290E-19 4.117E-19 4.658E-19 5.037E-19 5.655E-19 6.517E-19 5.713E-19 3.979E-19
 3.410E-19 3.594E-19 3.756E-19 4.337E-19 4.982E-19 4.838E-19 4.154E-19 3.695E-19 3.745E-19 4.076E-19
 5.032E-19 5.589E-19 5.357E-19 4.998E-19 4.871E-19 4.602E-19 4.678E-19 5.131E-19 5.424E-19 5.472E-19
 5.940E-19 6.254E-19 5.870E-19 5.287E-19 4.476E-19 4.288E-19 4.987E-19 5.790E-19 6.292E-19 6.822E-19
 6.376E-19 5.167E-19 4.670E-19 5.079E-19 5.436E-19 5.832E-19 6.695E-19 7.200E-19 6.336E-19 5.419E-19
 5.391E-19 5.761E-19 5.935E-19 6.209E-19 6.708E-19 7.119E-19 6.736E-19 5.826E-19 5.431E-19 5.910E-19
 6.442E-19 6.831E-19 6.846E-19 6.519E-19 6.206E-19 5.854E-19 5.648E-19 6.178E-19 6.664E-19 6.778E-19
 7.179E-19 7.180E-19 6.306E-19 5.652E-19 5.991E-19 6.580E-19 6.387E-19 6.587E-19 7.339E-19 7.788E-19
 7.485E-19 6.586E-19 5.792E-19 5.875E-19 6.404E-19 6.904E-19 7.265E-19 7.191E-19 6.788E-19 6.922E-19
 7.010E-19 6.321E-19 6.278E-19 7.159E-19 7.869E-19 7.819E-19 7.260E-19 6.520E-19 6.124E-19 6.348E-19
 6.612E-19 6.479E-19 6.797E-19 7.588E-19 7.780E-19 7.101E-19 6.809E-19 6.618E-19 6.667E-19 7.257E-19
 7.687E-19 7.480E-19 7.370E-19 7.013E-19 6.617E-19 6.392E-19 6.646E-19 6.897E-19 7.425E-19 7.845E-19
 7.358E-19 6.919E-19 7.268E-19 6.759E-19 6.275E-19 6.059E-19 6.138E-19 6.907E-19 7.529E-19 7.636E-19
 7.386E-19 7.032E-19 6.308E-19 6.242E-19 6.805E-19 7.071E-19 6.862E-19 7.033E-19 7.030E-19 6.790E-19
 6.552E-19 6.464E-19 6.589E-19 6.567E-19 7.119E-19 7.501E-19 7.040E-19 6.774E-19 7.323E-19 7.496E-19
 7.231E-19 6.620E-19 6.122E-19 6.035E-19 5.965E-19 5.727E-19 6.287E-19 6.766E-19 7.052E-19 7.286E-19
 7.219E-19 7.152E-19 6.934E-19 6.464E-19 5.801E-19 5.497E-19 5.424E-19 6.080E-19 6.653E-19 7.560E-19
 7.435E-19 6.997E-19 6.907E-19 6.732E-19 6.342E-19 6.003E-19 5.544E-19 6.200E-19 6.834E-19 6.512E-19
 6.368E-19 5.891E-19 5.409E-19 5.660E-19 5.947E-19 6.794E-19 7.461E-19 7.294E-19 7.877E-19 7.266E-19
 6.237E-19 5.957E-19 5.638E-19 5.804E-19 6.336E-19 6.197E-19 6.570E-19 7.327E-19 7.471E-19 7.515E-19
 6.793E-19 6.340E-19 6.306E-19 5.714E-19 5.792E-19 5.595E-19 5.298E-19 6.533E-19 6.992E-19 6.853E-19
 6.889E-19 6.373E-19 6.188E-19 6.498E-19 5.979E-19 6.497E-19 7.068E-19 6.704E-19 6.984E-19 6.222E-19
 5.793E-19 5.734E-19 5.047E-19 5.807E-19 6.694E-19 6.555E-19 7.276E-19 7.336E-19 6.762E-19 6.952E-19
 6.296E-19 5.905E-19 5.625E-19 4.802E-19 5.319E-19 6.259E-19 7.059E-19 8.235E-19 8.035E-19 7.186E-19
 6.691E-19 5.785E-19 5.945E-19 5.907E-19 5.818E-19 6.550E-19 6.544E-19 6.932E-19 7.637E-19 6.829E-19
 6.542E-19 6.225E-19 5.580E-19 6.101E-19 6.611E-19 6.714E-19 6.795E-19 6.336E-19 5.794E-19 5.509E-19
 5.516E-19 6.574E-19 6.945E-19 6.822E-19 7.259E-19 6.904E-19 6.951E-19 7.273E-19 6.127E-19 6.337E-19
 6.459E-19 5.216E-19 5.372E-19 5.755E-19 6.151E-19 7.303E-19 7.603E-19 7.362E-19 7.058E-19 6.169E-19
 6.643E-19 6.190E-19 5.638E-19 6.383E-19 6.511E-19 6.138E-19 5.985E-19 5.898E-19 6.728E-19 7.115E-19
 6.416E-19 6.705E-19 6.375E-19 5.954E-19 6.788E-19 6.706E-19 6.652E-19 7.209E-19 6.050E-19 6.296E-19
 6.944E-19 6.697E-19 6.971E-19 6.521E-19 5.414E-19 6.429E-19 6.450E-19 6.739E-19 6.825E-19 6.128E-19
 6.594E-19 6.728E-19 6.677E-19 6.501E-19 6.874E-19 7.060E-19 7.057E-19 6.249E-19 6.409E-19 6.413E-19
 6.396E-19 6.594E-19 7.571E-19 7.538E-19 7.020E-19 6.355E-19 6.320E-19 7.199E-19 6.924E-19 6.626E-19
 6.147E-19 5.995E-19 6.112E-19 6.466E-19 6.259E-19 6.664E-19 6.340E-19 6.644E-19 6.764E-19 6.455E-19
 6.751E-19 7.331E-19 6.716E-19 6.494E-19 7.000E-19 6.830E-19 6.620E-19 5.759E-19 6.091E-19 6.651E-19
 6.831E-19 6.715E-19 7.094E-19 6.570E-19 7.025E-19 6.538E-19 6.006E-19 6.474E-19 6.133E-19 6.845E-19
 7.520E-19 6.655E-19 6.496E-19 7.178E-19 6.915E-19 7.350E-19 6.934E-19 6.796E-19 6.959E-19 6.990E-19
 6.758E-19 6.886E-19 6.235E-19 6.308E-19 6.217E-19 6.090E-19 6.888E-19 6.182E-19 6.019E-19 7.173E-19
 7.639E-19 7.124E-19 6.719E-19 5.822E-19 6.093E-19 5.986E-19 5.854E-19 6.297E-19 6.706E-19 6.629E-19
 7.562E-19 7.059E-19 6.989E-19 7.419E-19 6.579E-19 6.315E-19 6.502E-19 6.307E-19 6.702E-19 7.375E-19
 6.594E-19 6.871E-19 6.660E-19 6.669E-19 6.552E-19 6.252E-19 6.281E-19 6.902E-19 6.849E-19 6.976E-19
 7.062E-19 6.344E-19 6.034E-19 6.132E-19 6.272E-19 6.638E-19 6.685E-19 6.491E-19 7.009E-19 7.019E-19
 7.539E-19 7.097E-19 6.436E-19 6.241E-19 6.387E-19 6.254E-19 6.812E-19 6.826E-19 6.095E-19 6.408E-19
 6.591E-19 6.613E-19 6.413E-19 6.494E-19 6.334E-19 6.293E-19 6.442E-19 7.366E-19 6.988E-19 6.549E-19
 6.765E-19 7.473E-19 7.103E-19 6.188E-19 5.911E-19 6.515E-19 7.097E-19 6.948E-19 7.109E-19 6.522E-19
 6.188E-19 6.538E-19 6.983E-19 6.357E-19 6.119E-19 6.244E-19 6.711E-19 7.078E-19 7.107E-19 7.274E-19
 7.399E-19 7.065E-19 6.563E-19 6.251E-19 6.171E-19 6.688E-19 6.641E-19 6.522E-19 6.425E-19 7.115E-19
 7.575E-19 7.906E-19 7.762E-19 7.094E-19 6.333E-19 5.991E-19 6.721E-19 6.614E-19 6.223E-19 6.218E-19
 6.747E-19 6.434E-19 6.202E-19 5.950E-19 6.097E-19 6.579E-19 6.907E-19 6.935E-19 7.006E-19 6.876E-19
 6.879E-19 7.080E-19 6.039E-19 5.808E-19 5.945E-19 6.526E-19 7.040E-19 6.799E-19 6.299E-19 6.552E-19
 6.841E-19 6.683E-19 6.258E-19 5.791E-19 6.224E-19 6.477E-19 6.841E-19 6.106E-19 5.736E-19 5.899E-19
 6.823E-19 7.148E-19 6.566E-19 5.813E-19 5.957E-19 6.877E-19 6.859E-19 6.519E-19 6.408E-19 6.656E-19
 6.450E-19 6.457E-19 5.939E-19 6.039E-19 6.221E-19 6.527E-19 6.412E-19 6.443E-19 6.610E-19 6.412E-19
 6.198E-19 6.393E-19 6.349E-19 5.398E-19 5.744E-19 6.123E-19 6.656E-19 6.315E-19 6.342E-19 6.554E-19
 6.479E-19 6.105E-19 5.983E-19 6.312E-19 6.578E-19 6.532E-19 5.799E-19 6.193E-19 6.219E-19 5.858E-19
 6.115E-19 6.493E-19 5.876E-19 6.077E-19 6.310E-19 6.385E-19 6.277E-19 6.018E-19 6.316E-19 6.026E-19
 5.783E-19 5.598E-19 5.831E-19 5.584E-19 6.144E-19 6.652E-19 6.395E-19 6.327E-19 6.501E-19 6.400E-19
 6.301E-19 6.354E-19 6.005E-19 6.178E-19 6.017E-19 6.492E-19 6.446E-19 6.435E-19 5.906E-19 5.581E-19
 5.708E-19 6.308E-19 6.667E-19 6.519E-19 6.180E-19 5.574E-19 5.760E-19 5.790E-19 5.957E-19 5.646E-19
 6.056E-19 6.130E-19 5.738E-19 5.387E-19 5.864E-19 6.078E-19 5.648E-19 6.092E-19 5.743E-19 5.728E-19
 5.684E-19 5.946E-19 6.088E-19 5.833E-19 6.045E-19 6.313E-19 5.814E-19 5.787E-19 5.923E-19 5.144E-19
 4.885E-19 5.392E-19 5.815E-19 5.615E-19 6.194E-19 6.310E-19 5.593E-19 4.688E-19 4.955E-19 5.323E-19
 5.506E-19 6.050E-19 6.397E-19 5.952E-19 5.305E-19 5.538E-19 5.469E-19 5.153E-19 5.257E-19 5.599E-19
 5.610E-19 5.305E-19 5.394E-19 5.579E-19 5.817E-19 5.852E-19 5.658E-19 5.448E-19 5.147E-19 5.441E-19
 5.575E-19 5.799E-19 6.165E-19 5.854E-19 5.730E-19 5.487E-19 5.531E-19 5.758E-19 5.174E-19 4.644E-19
 4.998E-19 5.884E-19 6.179E-19 6.060E-19 5.857E-19 5.524E-19 5.121E-19 5.083E-19 5.058E-19 4.938E-19
 5.075E-19 5.811E-19 5.944E-19 5.469E-19 4.970E-19 4.819E-19 5.031E-19 5.144E-19 5.253E-19 5.101E-19
 4.879E-19 5.323E-19 5.430E-19 5.280E-19 5.351E-19 5.057E-19 4.703E-19 4.650E-19 4.604E-19 4.764E-19
 4.900E-19 5.102E-19 5.522E-19 5.726E-19 5.181E-19 4.755E-19 4.692E-19 4.184E-19 4.422E-19 4.850E-19
 5.051E-19 5.145E-19 5.638E-19 5.582E-19 5.301E-19 4.893E-19 4.857E-19 4.793E-19 4.278E-19 4.332E-19
 4.645E-19 4.885E-19 5.452E-19 5.238E-19 4.678E-19 4.472E-19 4.167E-19 4.251E-19 4.666E-19 5.036E-19
 5.359E-19 5.394E-19 5.495E-19 5.276E-19 4.604E-19 4.362E-19 4.350E-19 4.112E-19 4.011E-19 4.188E-19
 4.538E-19 4.783E-19 5.453E-19 5.363E-19 4.372E-19 4.040E-19 3.851E-19 4.030E-19 4.167E-19 3.949E-19
 4.205E-19 4.747E-19 5.013E-19 4.874E-19 4.395E-19 4.164E-19 4.204E-19 3.936E-19 3.891E-19 4.114E-19
 4.270E-19 4.901E-19 4.933E-19 4.511E-19 4.056E-19 4.041E-19 4.026E-19 4.288E-19 4.342E-19 4.220E-19
 4.373E-19 4.779E-19 4.816E-19 4.571E-19 4.320E-19 4.406E-19 4.306E-19 4.221E-19 4.399E-19 4.325E-19
 4.495E-19 4.842E-19 4.950E-19 4.202E-19 3.532E-19 3.713E-19 3.806E-19 3.932E-19 3.898E-19 3.827E-19
 4.277E-19 4.570E-19 4.684E-19 4.301E-19 3.539E-19 3.578E-19 3.922E-19 3.602E-19 3.466E-19 3.824E-19
 4.304E-19 4.655E-19 4.518E-19 3.940E-19 3.734E-19 3.824E-19 3.661E-19 3.621E-19 3.470E-19 3.870E-19
 4.381E-19 4.416E-19 4.436E-19 3.913E-19 3.518E-19 3.359E-19 3.714E-19 3.764E-19 3.413E-19 3.486E-19
 4.031E-19 4.548E-19 4.580E-19 4.079E-19 3.539E-19 3.468E-19 3.562E-19 3.701E-19 3.471E-19 3.433E-19
 3.647E-19 3.933E-19 4.072E-19 3.464E-19 3.197E-19 3.246E-19 3.064E-19 3.220E-19 3.670E-19 3.941E-19
 4.312E-19 4.489E-19 4.181E-19 3.266E-19 2.892E-19 3.200E-19 3.183E-19 3.249E-19 3.499E-19 3.652E-19
 3.879E-19 4.409E-19 4.502E-19 3.647E-19 3.259E-19 3.665E-19 3.624E-19 3.551E-19 3.693E-19 3.811E-19
 3.839E-19 3.897E-19 3.658E-19 2.906E-19 2.705E-19 2.885E-19 2.921E-19 3.033E-19 3.179E-19 3.244E-19
 3.664E-19 4.096E-19 3.923E-19 2.997E-19 2.751E-19 3.121E-19 3.361E-19 3.329E-19 3.432E-19 3.835E-19
 3.905E-19 3.872E-19 3.560E-19 3.160E-19 2.983E-19 2.920E-19 2.999E-19 3.041E-19 2.878E-19 2.829E-19
 2.843E-19 3.195E-19 3.581E-19 3.134E-19 2.414E-19 2.577E-19 2.732E-19 2.788E-19 2.850E-19 2.970E-19
 3.223E-19 3.358E-19 3.312E-19 2.579E-19 2.085E-19 2.553E-19 2.812E-19 2.696E-19 2.713E-19 2.885E-19
 2.938E-19 3.166E-19 3.156E-19 2.668E-19 2.522E-19 2.716E-19 2.952E-19 2.973E-19 3.088E-19 3.189E-19
 3.128E-19 2.846E-19 2.464E-19 2.332E-19 2.122E-19 2.031E-19 2.437E-19 2.787E-19 2.823E-19 2.558E-19
 2.612E-19 2.925E-19 2.937E-19 2.674E-19 2.387E-19 2.345E-19 2.498E-19 2.441E-19 2.272E-19 2.388E-19
 2.584E-19 2.597E-19 2.599E-19 2.430E-19 1.976E-19 1.747E-19 2.177E-19 2.691E-19 2.533E-19 2.254E-19
 2.470E-19 2.772E-19 2.462E-19 2.165E-19 2.128E-19 2.178E-19 2.176E-19 2.450E-19 2.574E-19 2.572E-19
 2.910E-19 2.971E-19 2.532E-19 2.121E-19 1.740E-19 1.789E-19 1.992E-19 2.077E-19 2.080E-19 2.093E-19
 2.430E-19 2.576E-19 2.687E-19 2.565E-19 2.120E-19 2.149E-19 1.998E-19 1.810E-19 2.251E-19 2.456E-19
 2.228E-19 1.846E-19 1.912E-19 2.244E-19 2.180E-19 2.213E-19 2.434E-19 2.441E-19 2.422E-19 2.274E-19
 2.229E-19 2.210E-19 2.055E-19 1.942E-19 1.558E-19 1.598E-19 2.208E-19 2.221E-19 1.927E-19 1.859E-19
 2.010E-19 1.997E-19 1.962E-19 1.998E-19 1.890E-19 1.758E-19 1.874E-19 2.179E-19 2.204E-19 2.229E-19
 2.338E-19 2.282E-19 2.027E-19 1.923E-19 1.744E-19 1.769E-19 1.894E-19 1.814E-19 1.933E-19 1.995E-19
 2.110E-19 2.174E-19 2.255E-19 2.084E-19 1.754E-19 1.451E-19 1.442E-19 1.675E-19 1.734E-19 1.918E-19
 2.121E-19 2.022E-19 1.989E-19 2.050E-19 1.901E-19 1.720E-19 1.826E-19 1.629E-19 1.565E-19 1.860E-19
 1.985E-19 1.966E-19 1.833E-19 1.937E-19 1.605E-19 1.356E-19 1.563E-19 1.553E-19 1.398E-19 1.413E-19
 1.553E-19 1.693E-19 1.976E-19 1.922E-19 1.686E-19 1.660E-19 1.666E-19 1.705E-19 1.736E-19 0.000E+00
