    CCl2F2 1080.0060 1176.9930      6539  293.0000    0.0000 1.439E-17  NCAR    CFC-12              
 2.150E-19 2.397E-19 2.234E-19 2.222E-19 2.230E-19 2.021E-19 2.020E-19 2.287E-19 2.538E-19 2.585E-19
 2.576E-19 2.420E-19 2.274E-19 2.189E-19 2.280E-19 2.296E-19 2.230E-19 2.070E-19 2.094E-19 2.371E-19
 2.322E-19 2.193E-19 2.117E-19 2.443E-19 2.697E-19 2.623E-19 2.562E-19 2.544E-19 2.518E-19 2.306E-19
 2.282E-19 2.537E-19 2.407E-19 2.065E-19 2.230E-19 2.621E-19 2.541E-19 2.194E-19 2.147E-19 2.122E-19
 2.119E-19 2.184E-19 2.331E-19 2.315E-19 2.405E-19 2.653E-19 2.697E-19 2.605E-19 2.633E-19 2.728E-19
 2.737E-19 2.745E-19 2.744E-19 2.557E-19 2.333E-19 2.188E-19 2.287E-19 2.488E-19 2.513E-19 2.720E-19
 2.866E-19 2.476E-19 2.287E-19 2.383E-19 2.411E-19 2.528E-19 2.456E-19 2.097E-19 2.255E-19 2.512E-19
 2.505E-19 2.678E-19 2.921E-19 2.644E-19 2.320E-19 2.359E-19 2.667E-19 2.910E-19 2.773E-19 2.765E-19
 2.837E-19 2.830E-19 2.781E-19 2.955E-19 3.146E-19 3.061E-19 2.766E-19 2.781E-19 2.874E-19 2.886E-19
 2.805E-19 2.707E-19 2.540E-19 2.283E-19 2.538E-19 2.873E-19 2.706E-19 2.809E-19 2.830E-19 2.743E-19
 2.961E-19 3.025E-19 3.235E-19 3.087E-19 2.760E-19 2.655E-19 2.595E-19 2.697E-19 2.773E-19 3.009E-19
 3.318E-19 3.009E-19 2.970E-19 3.168E-19 3.159E-19 3.301E-19 3.114E-19 2.943E-19 2.847E-19 2.809E-19
 3.073E-19 3.475E-19 3.536E-19 3.241E-19 3.093E-19 3.310E-19 3.463E-19 3.369E-19 3.119E-19 2.652E-19
 2.696E-19 3.040E-19 3.175E-19 3.347E-19 3.575E-19 3.514E-19 3.212E-19 3.097E-19 3.306E-19 3.399E-19
 3.241E-19 3.192E-19 3.094E-19 2.847E-19 2.853E-19 3.127E-19 3.401E-19 3.573E-19 3.351E-19 3.284E-19
 3.351E-19 3.292E-19 3.226E-19 3.220E-19 3.148E-19 3.136E-19 3.210E-19 3.208E-19 3.300E-19 3.675E-19
 3.868E-19 3.634E-19 3.553E-19 3.506E-19 3.429E-19 3.304E-19 3.136E-19 3.093E-19 3.084E-19 3.115E-19
 3.110E-19 3.161E-19 3.568E-19 3.952E-19 3.738E-19 3.620E-19 3.686E-19 3.560E-19 3.651E-19 3.561E-19
 3.388E-19 3.338E-19 3.325E-19 3.398E-19 3.553E-19 4.050E-19 4.418E-19 4.129E-19 3.578E-19 3.183E-19
 3.186E-19 3.463E-19 3.518E-19 3.358E-19 3.356E-19 3.459E-19 3.657E-19 4.026E-19 4.039E-19 3.771E-19
 3.697E-19 3.441E-19 3.302E-19 3.372E-19 3.418E-19 3.504E-19 3.662E-19 3.589E-19 3.746E-19 4.065E-19
 3.967E-19 3.739E-19 3.914E-19 4.088E-19 4.206E-19 4.113E-19 3.784E-19 3.752E-19 3.750E-19 3.897E-19
 4.162E-19 4.013E-19 3.765E-19 3.908E-19 4.072E-19 4.089E-19 4.080E-19 4.067E-19 3.915E-19 3.632E-19
 3.720E-19 3.963E-19 3.786E-19 3.718E-19 3.906E-19 3.893E-19 3.936E-19 4.197E-19 4.217E-19 4.184E-19
 4.270E-19 4.135E-19 3.914E-19 4.040E-19 4.011E-19 3.925E-19 4.000E-19 4.148E-19 4.277E-19 4.347E-19
 4.692E-19 4.905E-19 4.623E-19 4.502E-19 4.422E-19 4.199E-19 3.822E-19 3.875E-19 3.981E-19 3.777E-19
 3.860E-19 4.190E-19 4.239E-19 4.274E-19 4.370E-19 4.254E-19 4.101E-19 4.135E-19 4.116E-19 4.040E-19
 4.151E-19 4.377E-19 4.155E-19 3.745E-19 3.920E-19 4.389E-19 4.845E-19 5.087E-19 4.783E-19 4.262E-19
 4.100E-19 4.194E-19 4.299E-19 4.417E-19 4.395E-19 4.228E-19 4.238E-19 4.460E-19 4.825E-19 4.918E-19
 4.832E-19 4.739E-19 4.607E-19 4.789E-19 4.808E-19 4.516E-19 4.379E-19 4.502E-19 4.704E-19 4.654E-19
 4.784E-19 4.867E-19 4.973E-19 4.909E-19 4.666E-19 4.407E-19 4.441E-19 4.557E-19 4.792E-19 4.885E-19
 4.934E-19 4.720E-19 4.840E-19 5.184E-19 5.071E-19 4.844E-19 4.853E-19 4.722E-19 4.547E-19 4.552E-19
 4.581E-19 4.779E-19 4.905E-19 5.025E-19 5.098E-19 5.016E-19 4.957E-19 4.984E-19 5.037E-19 5.205E-19
 4.853E-19 4.555E-19 4.808E-19 5.127E-19 4.934E-19 4.792E-19 5.167E-19 5.370E-19 5.277E-19 5.400E-19
 5.523E-19 5.377E-19 5.399E-19 5.423E-19 5.197E-19 4.978E-19 5.054E-19 5.345E-19 5.547E-19 5.578E-19
 5.591E-19 5.911E-19 5.821E-19 5.497E-19 5.512E-19 5.496E-19 5.266E-19 4.992E-19 4.849E-19 5.154E-19
 5.487E-19 5.599E-19 5.905E-19 5.834E-19 5.410E-19 5.274E-19 5.123E-19 5.283E-19 5.484E-19 5.210E-19
 4.859E-19 4.620E-19 5.075E-19 5.901E-19 6.033E-19 5.637E-19 5.448E-19 5.796E-19 5.893E-19 5.610E-19
 5.651E-19 5.306E-19 4.950E-19 5.010E-19 5.573E-19 5.819E-19 5.742E-19 5.645E-19 5.697E-19 5.980E-19
 5.652E-19 5.511E-19 5.601E-19 6.013E-19 5.946E-19 5.801E-19 6.064E-19 6.150E-19 5.989E-19 5.962E-19
 5.826E-19 5.647E-19 5.727E-19 5.834E-19 5.758E-19 5.756E-19 5.824E-19 5.755E-19 5.640E-19 5.472E-19
 5.449E-19 5.857E-19 6.127E-19 5.978E-19 6.118E-19 6.159E-19 6.142E-19 6.054E-19 5.946E-19 6.294E-19
 6.384E-19 5.811E-19 5.809E-19 5.848E-19 5.801E-19 6.024E-19 6.238E-19 6.251E-19 6.131E-19 6.151E-19
 6.370E-19 6.804E-19 6.999E-19 6.134E-19 5.708E-19 5.922E-19 5.729E-19 5.984E-19 6.507E-19 6.677E-19
 6.727E-19 6.539E-19 6.361E-19 6.736E-19 6.897E-19 6.426E-19 5.850E-19 6.160E-19 6.309E-19 5.991E-19
 6.151E-19 6.464E-19 6.489E-19 6.681E-19 6.741E-19 6.877E-19 7.026E-19 6.705E-19 6.729E-19 6.516E-19
 6.016E-19 6.066E-19 6.242E-19 6.602E-19 6.915E-19 6.835E-19 6.761E-19 6.620E-19 6.522E-19 6.833E-19
 7.004E-19 6.615E-19 6.316E-19 6.240E-19 6.499E-19 6.582E-19 6.789E-19 6.901E-19 6.914E-19 6.776E-19
 6.600E-19 6.702E-19 7.283E-19 7.121E-19 6.943E-19 7.083E-19 6.716E-19 6.538E-19 6.856E-19 7.392E-19
 7.534E-19 7.316E-19 7.255E-19 7.146E-19 6.979E-19 7.162E-19 6.956E-19 6.377E-19 6.350E-19 6.729E-19
 7.128E-19 7.450E-19 7.279E-19 6.990E-19 6.564E-19 6.763E-19 7.177E-19 7.432E-19 7.408E-19 7.035E-19
 6.834E-19 6.930E-19 7.148E-19 7.379E-19 7.398E-19 7.166E-19 7.013E-19 7.486E-19 7.525E-19 7.187E-19
 7.171E-19 6.966E-19 6.787E-19 6.905E-19 6.813E-19 6.954E-19 7.391E-19 7.418E-19 7.358E-19 7.296E-19
 7.155E-19 7.159E-19 7.703E-19 7.862E-19 7.696E-19 7.826E-19 7.421E-19 7.435E-19 7.873E-19 7.691E-19
 7.146E-19 6.862E-19 7.148E-19 7.650E-19 7.819E-19 7.906E-19 7.870E-19 7.250E-19 6.919E-19 7.177E-19
 7.758E-19 7.631E-19 7.294E-19 7.505E-19 7.903E-19 8.112E-19 8.129E-19 8.282E-19 8.385E-19 7.651E-19
 6.923E-19 7.064E-19 7.840E-19 8.231E-19 8.080E-19 8.171E-19 8.227E-19 8.191E-19 8.342E-19 8.379E-19
 7.881E-19 7.317E-19 6.909E-19 7.061E-19 7.944E-19 8.476E-19 7.813E-19 7.477E-19 8.379E-19 8.723E-19
 8.307E-19 8.519E-19 8.407E-19 7.542E-19 7.420E-19 8.177E-19 8.190E-19 7.950E-19 8.112E-19 8.033E-19
 7.699E-19 7.811E-19 7.897E-19 7.819E-19 8.260E-19 8.483E-19 8.497E-19 8.271E-19 8.144E-19 8.240E-19
 8.020E-19 7.688E-19 7.784E-19 7.882E-19 7.966E-19 8.044E-19 8.704E-19 9.446E-19 8.394E-19 7.634E-19
 7.734E-19 7.916E-19 8.268E-19 8.414E-19 8.280E-19 7.797E-19 7.967E-19 8.863E-19 8.992E-19 8.863E-19
 8.814E-19 8.038E-19 7.835E-19 8.437E-19 8.574E-19 7.939E-19 7.683E-19 8.445E-19 8.828E-19 8.755E-19
 9.138E-19 9.222E-19 8.225E-19 7.801E-19 8.208E-19 8.580E-19 8.806E-19 8.922E-19 8.843E-19 8.258E-19
 8.417E-19 8.969E-19 9.404E-19 9.002E-19 7.963E-19 7.801E-19 8.153E-19 8.886E-19 9.345E-19 9.084E-19
 8.491E-19 8.513E-19 8.995E-19 8.753E-19 8.327E-19 8.384E-19 8.233E-19 8.367E-19 8.617E-19 8.944E-19
 9.299E-19 9.183E-19 8.739E-19 8.866E-19 8.481E-19 8.181E-19 8.908E-19 9.582E-19 9.892E-19 9.485E-19
 9.018E-19 8.762E-19 8.582E-19 8.726E-19 9.279E-19 9.101E-19 8.771E-19 8.929E-19 9.290E-19 9.234E-19
 9.711E-19 9.807E-19 8.706E-19 8.494E-19 8.758E-19 8.766E-19 9.289E-19 9.578E-19 9.544E-19 9.269E-19
 9.474E-19 9.397E-19 8.727E-19 8.608E-19 8.833E-19 8.678E-19 8.755E-19 8.963E-19 9.784E-19 9.815E-19
 8.998E-19 8.795E-19 8.948E-19 8.871E-19 8.911E-19 9.158E-19 9.431E-19 1.004E-18 1.034E-18 9.553E-19
 8.900E-19 9.402E-19 9.440E-19 8.878E-19 8.660E-19 8.579E-19 8.444E-19 9.168E-19 1.047E-18 1.108E-18
 9.413E-19 8.640E-19 8.948E-19 8.973E-19 9.025E-19 9.599E-19 9.304E-19 8.760E-19 9.807E-19 1.110E-18
 1.045E-18 9.272E-19 9.385E-19 9.367E-19 8.950E-19 8.685E-19 9.137E-19 9.829E-19 1.044E-18 1.066E-18
 1.006E-18 9.657E-19 1.003E-18 9.783E-19 9.626E-19 9.797E-19 9.492E-19 9.139E-19 9.693E-19 1.100E-18
 1.074E-18 9.559E-19 9.588E-19 9.876E-19 8.924E-19 8.675E-19 9.620E-19 9.890E-19 9.905E-19 1.041E-18
 9.978E-19 1.002E-18 1.010E-18 9.718E-19 9.464E-19 9.135E-19 9.319E-19 9.502E-19 9.762E-19 1.033E-18
 1.044E-18 1.007E-18 1.020E-18 1.023E-18 9.814E-19 9.446E-19 9.727E-19 9.863E-19 9.993E-19 1.087E-18
 1.099E-18 1.000E-18 1.001E-18 1.023E-18 9.972E-19 9.713E-19 9.500E-19 9.564E-19 1.005E-18 1.064E-18
 1.091E-18 1.054E-18 9.811E-19 9.933E-19 9.935E-19 9.861E-19 1.005E-18 1.037E-18 1.012E-18 9.975E-19
 1.054E-18 1.040E-18 9.985E-19 9.828E-19 1.020E-18 9.973E-19 9.371E-19 9.895E-19 1.045E-18 1.053E-18
 1.083E-18 1.064E-18 9.742E-19 9.692E-19 9.909E-19 1.015E-18 9.996E-19 9.792E-19 1.022E-18 1.007E-18
 1.037E-18 1.068E-18 1.069E-18 1.033E-18 1.021E-18 1.042E-18 1.078E-18 1.071E-18 1.093E-18 1.079E-18
 1.051E-18 1.049E-18 1.044E-18 1.016E-18 1.001E-18 9.642E-19 9.406E-19 1.003E-18 1.080E-18 1.070E-18
 1.044E-18 1.016E-18 9.864E-19 9.710E-19 9.606E-19 9.978E-19 1.040E-18 1.048E-18 1.028E-18 1.066E-18
 1.091E-18 1.071E-18 9.960E-19 9.981E-19 1.056E-18 1.043E-18 9.829E-19 1.022E-18 1.094E-18 1.136E-18
 1.061E-18 9.950E-19 1.049E-18 1.072E-18 9.642E-19 9.821E-19 1.084E-18 1.108E-18 1.083E-18 1.098E-18
 1.114E-18 1.138E-18 1.131E-18 1.071E-18 1.065E-18 1.053E-18 9.751E-19 9.885E-19 1.051E-18 1.105E-18
 1.109E-18 1.081E-18 1.104E-18 1.154E-18 1.152E-18 1.062E-18 1.021E-18 1.005E-18 1.004E-18 1.079E-18
 1.141E-18 1.096E-18 1.058E-18 1.063E-18 1.086E-18 1.100E-18 1.145E-18 1.107E-18 1.080E-18 1.092E-18
 1.169E-18 1.107E-18 1.083E-18 1.097E-18 1.144E-18 1.160E-18 1.076E-18 1.024E-18 1.051E-18 1.101E-18
 1.167E-18 1.144E-18 1.066E-18 1.017E-18 1.045E-18 1.132E-18 1.163E-18 1.086E-18 1.018E-18 1.080E-18
 1.169E-18 1.153E-18 1.084E-18 1.129E-18 1.092E-18 1.135E-18 1.204E-18 1.148E-18 1.072E-18 1.080E-18
 1.099E-18 1.166E-18 1.182E-18 1.086E-18 1.020E-18 1.055E-18 1.167E-18 1.251E-18 1.121E-18 1.061E-18
 1.100E-18 1.177E-18 1.251E-18 1.193E-18 1.071E-18 1.016E-18 1.053E-18 1.197E-18 1.234E-18 1.140E-18
 1.090E-18 1.099E-18 1.147E-18 1.200E-18 1.142E-18 1.060E-18 1.051E-18 1.086E-18 1.174E-18 1.191E-18
 1.114E-18 1.085E-18 1.147E-18 1.217E-18 1.178E-18 1.110E-18 1.089E-18 1.104E-18 1.123E-18 1.142E-18
 1.123E-18 1.103E-18 1.124E-18 1.181E-18 1.200E-18 1.122E-18 1.107E-18 1.137E-18 1.131E-18 1.127E-18
 1.162E-18 1.123E-18 1.158E-18 1.232E-18 1.240E-18 1.225E-18 1.157E-18 1.105E-18 1.130E-18 1.123E-18
 1.169E-18 1.150E-18 1.094E-18 1.159E-18 1.206E-18 1.173E-18 1.169E-18 1.146E-18 1.141E-18 1.125E-18
 1.188E-18 1.194E-18 1.137E-18 1.137E-18 1.213E-18 1.195E-18 1.200E-18 1.164E-18 1.110E-18 1.131E-18
 1.146E-18 1.247E-18 1.237E-18 1.122E-18 1.117E-18 1.127E-18 1.149E-18 1.213E-18 1.199E-18 1.171E-18
 1.156E-18 1.183E-18 1.253E-18 1.249E-18 1.206E-18 1.133E-18 1.060E-18 1.138E-18 1.227E-18 1.266E-18
 1.245E-18 1.209E-18 1.192E-18 1.228E-18 1.263E-18 1.195E-18 1.078E-18 1.119E-18 1.266E-18 1.253E-18
 1.153E-18 1.143E-18 1.189E-18 1.272E-18 1.296E-18 1.222E-18 1.125E-18 1.150E-18 1.230E-18 1.247E-18
 1.198E-18 1.189E-18 1.148E-18 1.182E-18 1.278E-18 1.216E-18 1.108E-18 1.118E-18 1.188E-18 1.265E-18
 1.254E-18 1.178E-18 1.140E-18 1.237E-18 1.386E-18 1.343E-18 1.228E-18 1.231E-18 1.240E-18 1.294E-18
 1.323E-18 1.262E-18 1.213E-18 1.188E-18 1.289E-18 1.347E-18 1.246E-18 1.209E-18 1.201E-18 1.233E-18
 1.303E-18 1.265E-18 1.269E-18 1.254E-18 1.312E-18 1.386E-18 1.316E-18 1.212E-18 1.175E-18 1.231E-18
 1.335E-18 1.286E-18 1.215E-18 1.204E-18 1.223E-18 1.359E-18 1.381E-18 1.284E-18 1.214E-18 1.217E-18
 1.329E-18 1.325E-18 1.245E-18 1.278E-18 1.292E-18 1.346E-18 1.363E-18 1.288E-18 1.254E-18 1.211E-18
 1.195E-18 1.283E-18 1.347E-18 1.337E-18 1.267E-18 1.334E-18 1.426E-18 1.315E-18 1.231E-18 1.233E-18
 1.271E-18 1.340E-18 1.334E-18 1.239E-18 1.188E-18 1.257E-18 1.395E-18 1.382E-18 1.275E-18 1.242E-18
 1.253E-18 1.315E-18 1.333E-18 1.291E-18 1.269E-18 1.291E-18 1.348E-18 1.282E-18 1.218E-18 1.285E-18
 1.338E-18 1.357E-18 1.384E-18 1.361E-18 1.317E-18 1.345E-18 1.389E-18 1.348E-18 1.272E-18 1.278E-18
 1.341E-18 1.421E-18 1.446E-18 1.424E-18 1.391E-18 1.337E-18 1.369E-18 1.383E-18 1.351E-18 1.321E-18
 1.326E-18 1.352E-18 1.411E-18 1.463E-18 1.402E-18 1.316E-18 1.314E-18 1.331E-18 1.359E-18 1.393E-18
 1.383E-18 1.347E-18 1.375E-18 1.383E-18 1.352E-18 1.335E-18 1.384E-18 1.440E-18 1.458E-18 1.417E-18
 1.365E-18 1.352E-18 1.384E-18 1.373E-18 1.348E-18 1.333E-18 1.388E-18 1.464E-18 1.445E-18 1.413E-18
 1.383E-18 1.389E-18 1.395E-18 1.449E-18 1.444E-18 1.411E-18 1.395E-18 1.411E-18 1.401E-18 1.383E-18
 1.379E-18 1.404E-18 1.431E-18 1.407E-18 1.409E-18 1.395E-18 1.394E-18 1.458E-18 1.418E-18 1.399E-18
 1.438E-18 1.351E-18 1.302E-18 1.347E-18 1.457E-18 1.481E-18 1.425E-18 1.494E-18 1.481E-18 1.405E-18
 1.393E-18 1.391E-18 1.414E-18 1.433E-18 1.410E-18 1.428E-18 1.523E-18 1.567E-18 1.508E-18 1.444E-18
 1.373E-18 1.325E-18 1.289E-18 1.310E-18 1.401E-18 1.441E-18 1.482E-18 1.470E-18 1.400E-18 1.385E-18
 1.438E-18 1.410E-18 1.333E-18 1.348E-18 1.409E-18 1.449E-18 1.462E-18 1.438E-18 1.345E-18 1.313E-18
 1.333E-18 1.352E-18 1.363E-18 1.343E-18 1.305E-18 1.353E-18 1.374E-18 1.363E-18 1.403E-18 1.405E-18
 1.358E-18 1.336E-18 1.345E-18 1.313E-18 1.292E-18 1.323E-18 1.324E-18 1.384E-18 1.453E-18 1.437E-18
 1.408E-18 1.412E-18 1.451E-18 1.405E-18 1.338E-18 1.336E-18 1.383E-18 1.449E-18 1.471E-18 1.414E-18
 1.416E-18 1.473E-18 1.456E-18 1.410E-18 1.383E-18 1.445E-18 1.458E-18 1.387E-18 1.397E-18 1.331E-18
 1.329E-18 1.403E-18 1.407E-18 1.373E-18 1.360E-18 1.395E-18 1.396E-18 1.432E-18 1.450E-18 1.466E-18
 1.513E-18 1.448E-18 1.346E-18 1.315E-18 1.372E-18 1.416E-18 1.417E-18 1.449E-18 1.539E-18 1.491E-18
 1.405E-18 1.461E-18 1.516E-18 1.449E-18 1.404E-18 1.402E-18 1.447E-18 1.492E-18 1.527E-18 1.559E-18
 1.539E-18 1.535E-18 1.538E-18 1.520E-18 1.472E-18 1.423E-18 1.405E-18 1.384E-18 1.373E-18 1.472E-18
 1.651E-18 1.731E-18 1.600E-18 1.489E-18 1.481E-18 1.423E-18 1.307E-18 1.296E-18 1.396E-18 1.422E-18
 1.412E-18 1.578E-18 1.575E-18 1.464E-18 1.493E-18 1.464E-18 1.366E-18 1.319E-18 1.327E-18 1.307E-18
 1.358E-18 1.448E-18 1.468E-18 1.433E-18 1.391E-18 1.363E-18 1.358E-18 1.362E-18 1.372E-18 1.386E-18
 1.398E-18 1.488E-18 1.505E-18 1.431E-18 1.410E-18 1.421E-18 1.403E-18 1.368E-18 1.367E-18 1.438E-18
 1.511E-18 1.569E-18 1.603E-18 1.632E-18 1.573E-18 1.510E-18 1.509E-18 1.507E-18 1.466E-18 1.441E-18
 1.550E-18 1.562E-18 1.450E-18 1.384E-18 1.408E-18 1.436E-18 1.419E-18 1.381E-18 1.316E-18 1.306E-18
 1.284E-18 1.216E-18 1.191E-18 1.236E-18 1.258E-18 1.248E-18 1.272E-18 1.363E-18 1.461E-18 1.438E-18
 1.352E-18 1.305E-18 1.324E-18 1.270E-18 1.252E-18 1.315E-18 1.387E-18 1.384E-18 1.336E-18 1.308E-18
 1.296E-18 1.289E-18 1.343E-18 1.376E-18 1.354E-18 1.355E-18 1.340E-18 1.279E-18 1.282E-18 1.310E-18
 1.292E-18 1.281E-18 1.247E-18 1.258E-18 1.287E-18 1.265E-18 1.283E-18 1.285E-18 1.263E-18 1.281E-18
 1.326E-18 1.385E-18 1.414E-18 1.427E-18 1.437E-18 1.399E-18 1.339E-18 1.320E-18 1.323E-18 1.330E-18
 1.299E-18 1.291E-18 1.339E-18 1.371E-18 1.423E-18 1.429E-18 1.392E-18 1.442E-18 1.502E-18 1.506E-18
 1.497E-18 1.475E-18 1.428E-18 1.372E-18 1.416E-18 1.468E-18 1.450E-18 1.484E-18 1.552E-18 1.607E-18
 1.621E-18 1.593E-18 1.548E-18 1.582E-18 1.662E-18 1.702E-18 1.702E-18 1.671E-18 1.676E-18 1.678E-18
 1.701E-18 1.746E-18 1.738E-18 1.743E-18 1.759E-18 1.757E-18 1.726E-18 1.745E-18 1.788E-18 1.856E-18
 1.869E-18 1.838E-18 1.818E-18 1.860E-18 1.859E-18 1.855E-18 1.901E-18 1.987E-18 1.933E-18 1.981E-18
 2.048E-18 1.909E-18 1.906E-18 2.003E-18 1.982E-18 1.922E-18 1.903E-18 1.885E-18 1.920E-18 1.966E-18
 1.993E-18 1.955E-18 1.967E-18 2.021E-18 2.040E-18 2.024E-18 1.953E-18 1.839E-18 1.795E-18 1.810E-18
 1.782E-18 1.839E-18 1.892E-18 1.774E-18 1.799E-18 1.812E-18 1.832E-18 1.904E-18 1.879E-18 1.786E-18
 1.717E-18 1.806E-18 1.881E-18 1.804E-18 1.823E-18 1.890E-18 1.888E-18 1.775E-18 1.762E-18 1.796E-18
 1.739E-18 1.729E-18 1.695E-18 1.648E-18 1.731E-18 1.825E-18 1.803E-18 1.845E-18 1.877E-18 1.817E-18
 1.728E-18 1.741E-18 1.857E-18 1.859E-18 1.802E-18 1.872E-18 1.910E-18 1.883E-18 1.860E-18 1.894E-18
 1.979E-18 2.033E-18 2.088E-18 1.965E-18 1.814E-18 1.691E-18 1.650E-18 1.659E-18 1.592E-18 1.557E-18
 1.577E-18 1.536E-18 1.531E-18 1.612E-18 1.567E-18 1.460E-18 1.465E-18 1.523E-18 1.497E-18 1.478E-18
 1.482E-18 1.472E-18 1.435E-18 1.441E-18 1.455E-18 1.447E-18 1.444E-18 1.470E-18 1.512E-18 1.518E-18
 1.498E-18 1.472E-18 1.432E-18 1.406E-18 1.381E-18 1.412E-18 1.545E-18 1.832E-18 2.026E-18 1.905E-18
 1.732E-18 1.685E-18 1.630E-18 1.618E-18 1.665E-18 1.683E-18 1.635E-18 1.651E-18 1.710E-18 1.654E-18
 1.545E-18 1.447E-18 1.412E-18 1.446E-18 1.459E-18 1.502E-18 1.562E-18 1.584E-18 1.545E-18 1.458E-18
 1.434E-18 1.436E-18 1.457E-18 1.522E-18 1.486E-18 1.478E-18 1.619E-18 1.582E-18 1.477E-18 1.416E-18
 1.436E-18 1.459E-18 1.510E-18 1.569E-18 1.518E-18 1.515E-18 1.455E-18 1.385E-18 1.362E-18 1.370E-18
 1.366E-18 1.351E-18 1.418E-18 1.505E-18 1.473E-18 1.323E-18 1.292E-18 1.362E-18 1.377E-18 1.370E-18
 1.354E-18 1.330E-18 1.375E-18 1.399E-18 1.316E-18 1.301E-18 1.274E-18 1.268E-18 1.287E-18 1.262E-18
 1.263E-18 1.314E-18 1.349E-18 1.272E-18 1.193E-18 1.223E-18 1.281E-18 1.295E-18 1.258E-18 1.210E-18
 1.239E-18 1.248E-18 1.234E-18 1.218E-18 1.194E-18 1.201E-18 1.227E-18 1.238E-18 1.183E-18 1.138E-18
 1.125E-18 1.159E-18 1.190E-18 1.155E-18 1.137E-18 1.168E-18 1.213E-18 1.245E-18 1.185E-18 1.094E-18
 1.059E-18 1.075E-18 1.182E-18 1.253E-18 1.199E-18 1.106E-18 1.118E-18 1.168E-18 1.173E-18 1.117E-18
 1.091E-18 1.088E-18 1.152E-18 1.283E-18 1.273E-18 1.109E-18 1.084E-18 1.163E-18 1.159E-18 1.128E-18
 1.111E-18 1.099E-18 1.136E-18 1.204E-18 1.151E-18 1.073E-18 1.098E-18 1.072E-18 1.042E-18 1.146E-18
 1.155E-18 1.072E-18 1.084E-18 1.067E-18 1.045E-18 1.118E-18 1.138E-18 1.064E-18 1.052E-18 1.135E-18
 1.107E-18 1.033E-18 1.106E-18 1.122E-18 1.063E-18 1.151E-18 1.154E-18 1.027E-18 1.008E-18 1.057E-18
 1.083E-18 1.091E-18 1.092E-18 1.068E-18 1.098E-18 1.197E-18 1.174E-18 1.050E-18 1.017E-18 1.040E-18
 1.113E-18 1.179E-18 1.122E-18 1.059E-18 1.044E-18 1.154E-18 1.175E-18 1.091E-18 1.067E-18 1.061E-18
 1.082E-18 1.190E-18 1.212E-18 1.105E-18 1.028E-18 1.043E-18 1.078E-18 1.106E-18 1.128E-18 1.109E-18
 1.129E-18 1.171E-18 1.175E-18 1.138E-18 1.137E-18 1.101E-18 1.093E-18 1.143E-18 1.076E-18 1.016E-18
 1.108E-18 1.155E-18 1.187E-18 1.138E-18 1.078E-18 1.079E-18 1.099E-18 1.159E-18 1.111E-18 1.094E-18
 1.123E-18 1.070E-18 1.150E-18 1.194E-18 1.064E-18 1.106E-18 1.177E-18 1.149E-18 1.141E-18 1.159E-18
 1.138E-18 1.117E-18 1.160E-18 1.133E-18 1.098E-18 1.156E-18 1.138E-18 1.149E-18 1.152E-18 1.114E-18
 1.070E-18 1.126E-18 1.186E-18 1.192E-18 1.215E-18 1.173E-18 1.129E-18 1.129E-18 1.100E-18 1.092E-18
 1.100E-18 1.133E-18 1.181E-18 1.177E-18 1.251E-18 1.225E-18 1.136E-18 1.112E-18 1.141E-18 1.157E-18
 1.145E-18 1.152E-18 1.135E-18 1.174E-18 1.250E-18 1.144E-18 1.074E-18 1.075E-18 1.146E-18 1.227E-18
 1.184E-18 1.121E-18 1.091E-18 1.126E-18 1.169E-18 1.146E-18 1.133E-18 1.141E-18 1.178E-18 1.147E-18
 1.102E-18 1.158E-18 1.164E-18 1.118E-18 1.106E-18 1.190E-18 1.202E-18 1.156E-18 1.124E-18 1.084E-18
 1.096E-18 1.203E-18 1.208E-18 1.135E-18 1.108E-18 1.067E-18 1.065E-18 1.140E-18 1.145E-18 1.118E-18
 1.123E-18 1.235E-18 1.310E-18 1.181E-18 1.069E-18 1.033E-18 1.080E-18 1.126E-18 1.058E-18 1.054E-18
 1.103E-18 1.166E-18 1.254E-18 1.167E-18 1.065E-18 1.058E-18 1.061E-18 1.128E-18 1.143E-18 1.069E-18
 1.007E-18 1.154E-18 1.298E-18 1.219E-18 1.108E-18 1.094E-18 1.127E-18 1.090E-18 1.100E-18 1.054E-18
 1.054E-18 1.149E-18 1.160E-18 1.189E-18 1.217E-18 1.207E-18 1.139E-18 1.079E-18 1.101E-18 1.128E-18
 1.109E-18 1.095E-18 1.204E-18 1.185E-18 1.130E-18 1.139E-18 1.079E-18 1.053E-18 1.101E-18 1.133E-18
 1.196E-18 1.146E-18 1.103E-18 1.116E-18 1.118E-18 1.099E-18 1.057E-18 1.194E-18 1.282E-18 1.150E-18
 1.075E-18 1.086E-18 1.130E-18 1.146E-18 1.104E-18 1.141E-18 1.193E-18 1.182E-18 1.099E-18 1.101E-18
 1.139E-18 1.093E-18 1.158E-18 1.254E-18 1.174E-18 1.100E-18 1.098E-18 1.081E-18 1.039E-18 1.070E-18
 1.155E-18 1.181E-18 1.222E-18 1.204E-18 1.066E-18 1.080E-18 1.139E-18 1.099E-18 1.111E-18 1.210E-18
 1.168E-18 1.098E-18 1.178E-18 1.178E-18 1.067E-18 1.049E-18 1.140E-18 1.173E-18 1.131E-18 1.129E-18
 1.064E-18 1.038E-18 1.116E-18 1.186E-18 1.202E-18 1.224E-18 1.182E-18 1.061E-18 1.045E-18 1.063E-18
 1.070E-18 1.142E-18 1.234E-18 1.151E-18 1.121E-18 1.204E-18 1.143E-18 1.049E-18 1.096E-18 1.156E-18
 1.160E-18 1.161E-18 1.134E-18 1.038E-18 1.057E-18 1.107E-18 1.140E-18 1.222E-18 1.137E-18 1.100E-18
 1.130E-18 1.165E-18 1.154E-18 1.151E-18 1.217E-18 1.204E-18 1.146E-18 1.110E-18 1.098E-18 1.180E-18
 1.235E-18 1.201E-18 1.133E-18 1.078E-18 1.125E-18 1.142E-18 1.086E-18 1.011E-18 1.042E-18 1.181E-18
 1.247E-18 1.206E-18 1.116E-18 1.056E-18 1.034E-18 1.046E-18 1.125E-18 1.131E-18 1.059E-18 1.090E-18
 1.165E-18 1.136E-18 1.111E-18 1.124E-18 1.131E-18 1.115E-18 1.057E-18 1.023E-18 1.055E-18 1.084E-18
 1.141E-18 1.172E-18 1.213E-18 1.188E-18 1.133E-18 1.125E-18 1.054E-18 1.026E-18 1.078E-18 1.163E-18
 1.154E-18 1.127E-18 1.103E-18 1.091E-18 1.151E-18 1.136E-18 1.112E-18 1.102E-18 1.063E-18 1.083E-18
 1.122E-18 1.062E-18 1.018E-18 1.130E-18 1.184E-18 1.093E-18 1.017E-18 9.880E-19 1.037E-18 1.130E-18
 1.173E-18 1.156E-18 1.121E-18 1.035E-18 1.043E-18 1.099E-18 1.075E-18 1.054E-18 1.094E-18 1.154E-18
 1.083E-18 1.090E-18 1.126E-18 1.061E-18 1.032E-18 1.043E-18 1.092E-18 1.067E-18 1.079E-18 1.068E-18
 1.093E-18 1.131E-18 1.042E-18 1.009E-18 1.016E-18 9.633E-19 9.768E-19 1.045E-18 1.076E-18 1.109E-18
 1.112E-18 1.121E-18 1.075E-18 1.029E-18 9.917E-19 9.519E-19 9.916E-19 1.145E-18 1.234E-18 1.174E-18
 1.106E-18 1.044E-18 1.063E-18 1.028E-18 9.210E-19 9.534E-19 1.049E-18 1.108E-18 1.122E-18 1.115E-18
 1.032E-18 1.014E-18 1.028E-18 1.009E-18 1.046E-18 1.112E-18 1.051E-18 1.004E-18 1.067E-18 1.037E-18
 9.974E-19 1.024E-18 1.014E-18 1.070E-18 1.102E-18 1.039E-18 1.012E-18 1.059E-18 1.091E-18 1.034E-18
 9.874E-19 1.023E-18 1.049E-18 1.066E-18 1.082E-18 1.035E-18 9.643E-19 9.504E-19 9.779E-19 9.830E-19
 1.025E-18 1.051E-18 1.031E-18 1.014E-18 1.023E-18 1.023E-18 9.412E-19 9.499E-19 1.034E-18 1.049E-18
 9.991E-19 9.458E-19 9.748E-19 9.642E-19 9.289E-19 9.675E-19 1.015E-18 1.047E-18 1.027E-18 9.715E-19
 9.756E-19 1.037E-18 9.871E-19 8.848E-19 9.283E-19 9.878E-19 1.013E-18 1.037E-18 9.952E-19 9.799E-19
 9.916E-19 9.663E-19 9.622E-19 9.875E-19 1.010E-18 9.533E-19 9.158E-19 9.263E-19 9.350E-19 9.468E-19
 9.496E-19 9.674E-19 9.592E-19 9.537E-19 9.422E-19 8.770E-19 8.911E-19 9.721E-19 9.458E-19 9.452E-19
 1.028E-18 9.811E-19 9.230E-19 8.788E-19 8.582E-19 8.511E-19 9.191E-19 9.505E-19 9.241E-19 9.500E-19
 9.868E-19 9.833E-19 9.524E-19 8.974E-19 8.416E-19 8.571E-19 9.215E-19 9.773E-19 9.483E-19 9.195E-19
 8.804E-19 8.585E-19 9.151E-19 9.250E-19 8.544E-19 8.276E-19 9.191E-19 9.962E-19 9.383E-19 9.170E-19
 8.870E-19 8.582E-19 8.581E-19 8.685E-19 8.968E-19 9.102E-19 9.193E-19 9.080E-19 9.364E-19 9.671E-19
 8.883E-19 8.109E-19 8.017E-19 8.599E-19 9.021E-19 8.570E-19 8.738E-19 9.461E-19 9.322E-19 8.610E-19
 8.131E-19 8.255E-19 8.466E-19 8.433E-19 8.498E-19 8.968E-19 9.498E-19 8.541E-19 8.113E-19 8.595E-19
 8.556E-19 8.469E-19 8.110E-19 7.737E-19 7.819E-19 9.092E-19 9.578E-19 8.581E-19 8.930E-19 9.499E-19
 8.547E-19 7.588E-19 7.720E-19 7.859E-19 7.949E-19 8.742E-19 8.873E-19 8.273E-19 8.266E-19 8.443E-19
 7.848E-19 7.498E-19 7.657E-19 8.007E-19 8.365E-19 8.806E-19 9.087E-19 8.503E-19 7.775E-19 7.491E-19
 7.622E-19 7.740E-19 7.641E-19 7.734E-19 8.225E-19 8.617E-19 8.430E-19 7.978E-19 7.758E-19 8.231E-19
 8.449E-19 7.892E-19 7.426E-19 7.387E-19 7.807E-19 8.317E-19 7.951E-19 7.224E-19 7.434E-19 7.679E-19
 7.535E-19 7.605E-19 7.357E-19 7.746E-19 8.406E-19 7.855E-19 7.129E-19 7.008E-19 7.332E-19 7.465E-19
 7.267E-19 6.921E-19 7.556E-19 8.792E-19 8.645E-19 7.744E-19 7.014E-19 6.809E-19 7.142E-19 7.322E-19
 6.979E-19 6.820E-19 7.733E-19 8.244E-19 7.858E-19 7.049E-19 6.780E-19 6.977E-19 7.220E-19 6.782E-19
 6.477E-19 7.489E-19 8.366E-19 8.242E-19 7.590E-19 6.732E-19 6.528E-19 7.015E-19 6.821E-19 6.389E-19
 6.690E-19 7.593E-19 7.799E-19 7.604E-19 7.227E-19 6.431E-19 6.533E-19 6.833E-19 6.632E-19 6.716E-19
 7.319E-19 7.499E-19 7.130E-19 6.893E-19 6.671E-19 6.629E-19 6.536E-19 6.579E-19 6.825E-19 7.164E-19
 7.212E-19 6.665E-19 6.388E-19 6.688E-19 6.824E-19 7.019E-19 6.766E-19 6.271E-19 6.402E-19 6.666E-19
 6.484E-19 6.511E-19 6.576E-19 6.345E-19 6.321E-19 6.513E-19 6.617E-19 6.618E-19 6.215E-19 6.096E-19
 6.388E-19 6.265E-19 6.352E-19 6.341E-19 6.368E-19 6.469E-19 6.723E-19 6.876E-19 6.714E-19 6.532E-19
 6.112E-19 6.165E-19 6.254E-19 5.877E-19 5.771E-19 5.847E-19 6.152E-19 6.205E-19 5.927E-19 5.890E-19
 5.845E-19 5.918E-19 6.082E-19 6.246E-19 6.229E-19 6.106E-19 5.905E-19 5.681E-19 5.799E-19 5.698E-19
 5.367E-19 5.590E-19 5.925E-19 6.049E-19 6.116E-19 5.735E-19 5.336E-19 5.550E-19 5.681E-19 5.649E-19
 5.664E-19 5.463E-19 5.594E-19 5.625E-19 5.518E-19 5.657E-19 5.777E-19 5.810E-19 5.715E-19 5.828E-19
 6.129E-19 6.154E-19 6.070E-19 5.851E-19 5.554E-19 5.283E-19 5.095E-19 5.115E-19 5.471E-19 5.898E-19
 5.874E-19 5.741E-19 5.585E-19 5.630E-19 5.562E-19 5.489E-19 5.498E-19 5.326E-19 5.639E-19 5.774E-19
 5.704E-19 5.423E-19 5.108E-19 5.188E-19 5.259E-19 5.175E-19 4.876E-19 4.994E-19 5.355E-19 5.287E-19
 5.157E-19 5.205E-19 5.029E-19 4.760E-19 4.610E-19 4.733E-19 5.277E-19 5.509E-19 5.429E-19 5.441E-19
 5.340E-19 5.240E-19 5.243E-19 5.034E-19 4.719E-19 4.605E-19 4.714E-19 4.782E-19 4.771E-19 4.907E-19
 5.214E-19 5.309E-19 5.173E-19 5.228E-19 5.181E-19 4.998E-19 4.999E-19 4.874E-19 4.798E-19 4.882E-19
 4.997E-19 4.949E-19 4.997E-19 4.907E-19 4.519E-19 4.712E-19 5.120E-19 4.943E-19 4.730E-19 4.465E-19
 4.342E-19 4.480E-19 4.592E-19 4.473E-19 4.403E-19 4.759E-19 4.858E-19 4.935E-19 4.858E-19 4.596E-19
 4.846E-19 4.960E-19 4.638E-19 4.524E-19 4.542E-19 4.915E-19 5.499E-19 5.291E-19 4.501E-19 4.379E-19
 4.626E-19 4.798E-19 4.404E-19 4.314E-19 4.742E-19 5.060E-19 4.969E-19 4.642E-19 4.515E-19 4.470E-19
 4.329E-19 4.408E-19 4.519E-19 4.766E-19 5.048E-19 4.703E-19 4.503E-19 4.765E-19 4.606E-19 4.165E-19
 4.090E-19 4.170E-19 4.540E-19 4.914E-19 4.766E-19 4.275E-19 4.017E-19 4.154E-19 4.322E-19 4.208E-19
 4.243E-19 4.210E-19 4.064E-19 4.394E-19 4.352E-19 3.919E-19 3.962E-19 3.995E-19 3.941E-19 3.992E-19
 3.905E-19 3.895E-19 4.218E-19 4.519E-19 4.237E-19 3.946E-19 3.853E-19 3.781E-19 3.998E-19 4.054E-19
 4.006E-19 4.116E-19 4.248E-19 4.210E-19 3.932E-19 3.717E-19 3.628E-19 3.784E-19 4.305E-19 4.206E-19
 3.902E-19 3.920E-19 3.968E-19 3.994E-19 4.179E-19 4.257E-19 4.047E-19 3.909E-19 3.802E-19 3.906E-19
 3.768E-19 3.770E-19 3.891E-19 3.738E-19 3.762E-19 3.682E-19 3.487E-19 3.686E-19 3.751E-19 3.692E-19
 3.653E-19 3.562E-19 3.583E-19 3.864E-19 3.831E-19 3.428E-19 3.627E-19 3.871E-19 3.865E-19 3.793E-19
 3.918E-19 4.011E-19 3.874E-19 3.873E-19 3.902E-19 3.714E-19 3.574E-19 3.551E-19 3.851E-19 3.993E-19
 3.795E-19 3.514E-19 3.453E-19 3.432E-19 3.324E-19 3.212E-19 3.454E-19 3.738E-19 3.622E-19 3.404E-19
 3.506E-19 3.360E-19 3.171E-19 3.156E-19 3.285E-19 3.470E-19 3.455E-19 3.312E-19 3.343E-19 3.669E-19
 3.569E-19 3.132E-19 2.857E-19 2.830E-19 2.860E-19 3.025E-19 3.161E-19 3.356E-19 3.363E-19 3.085E-19
 2.989E-19 3.148E-19 3.173E-19 3.161E-19 3.192E-19 3.305E-19 3.027E-19 2.972E-19 3.323E-19 3.322E-19
 3.092E-19 3.014E-19 3.076E-19 3.090E-19 2.903E-19 2.977E-19 3.443E-19 3.555E-19 3.289E-19 3.177E-19
 3.123E-19 2.962E-19 3.019E-19 3.440E-19 3.525E-19 3.290E-19 3.454E-19 3.448E-19 3.272E-19 3.319E-19
 3.356E-19 3.189E-19 3.012E-19 3.102E-19 3.100E-19 3.206E-19 3.333E-19 3.146E-19 2.845E-19 3.032E-19
 3.243E-19 3.256E-19 3.292E-19 3.063E-19 3.028E-19 3.066E-19 2.943E-19 2.885E-19 3.013E-19 3.131E-19
 2.958E-19 2.865E-19 2.747E-19 2.926E-19 3.245E-19 3.078E-19 2.945E-19 3.071E-19 3.072E-19 3.037E-19
 2.842E-19 2.701E-19 2.767E-19 3.136E-19 3.453E-19 3.328E-19 3.271E-19 3.329E-19 3.143E-19 2.925E-19
 2.901E-19 2.936E-19 2.713E-19 2.777E-19 3.020E-19 2.985E-19 3.037E-19 2.952E-19 2.841E-19 2.742E-19
 2.795E-19 2.805E-19 2.909E-19 3.056E-19 3.074E-19 3.022E-19 2.846E-19 2.781E-19 2.708E-19 2.805E-19
 2.782E-19 2.606E-19 2.787E-19 2.793E-19 2.760E-19 2.907E-19 3.155E-19 3.217E-19 2.905E-19 2.800E-19
 2.887E-19 2.869E-19 2.934E-19 2.932E-19 2.946E-19 2.834E-19 2.754E-19 2.897E-19 2.893E-19 2.652E-19
 2.429E-19 2.305E-19 2.445E-19 2.644E-19 2.827E-19 2.932E-19 2.961E-19 2.731E-19 2.803E-19 2.953E-19
 2.770E-19 2.699E-19 2.755E-19 2.711E-19 2.480E-19 2.607E-19 2.942E-19 2.934E-19 2.806E-19 2.797E-19
 3.101E-19 3.062E-19 2.776E-19 2.946E-19 2.935E-19 2.853E-19 3.002E-19 2.960E-19 2.892E-19 2.891E-19
 2.925E-19 2.830E-19 2.927E-19 2.784E-19 2.514E-19 2.877E-19 3.270E-19 3.234E-19 3.118E-19 2.875E-19
 2.632E-19 2.854E-19 2.911E-19 2.925E-19 3.221E-19 3.049E-19 2.750E-19 2.801E-19 2.986E-19 3.212E-19
 3.354E-19 3.389E-19 3.027E-19 2.736E-19 2.790E-19 3.172E-19 2.906E-19 2.403E-19 2.368E-19 2.453E-19
 2.613E-19 2.747E-19 2.893E-19 2.836E-19 2.686E-19 2.841E-19 2.955E-19 2.878E-19 2.810E-19 3.024E-19
 3.183E-19 3.218E-19 3.175E-19 3.179E-19 3.144E-19 2.864E-19 2.840E-19 2.909E-19 3.129E-19 3.387E-19
 3.023E-19 2.630E-19 2.621E-19 2.702E-19 2.652E-19 2.738E-19 2.682E-19 2.468E-19 2.532E-19 2.928E-19
 3.062E-19 2.770E-19 2.732E-19 2.924E-19 2.944E-19 2.779E-19 2.597E-19 2.679E-19 2.739E-19 2.807E-19
 2.904E-19 2.879E-19 2.659E-19 2.489E-19 2.497E-19 2.352E-19 2.544E-19 2.768E-19 2.942E-19 2.813E-19
 2.598E-19 2.622E-19 2.656E-19 2.821E-19 3.046E-19 3.006E-19 2.710E-19 2.842E-19 2.860E-19 2.407E-19
 2.398E-19 2.643E-19 2.512E-19 2.472E-19 2.903E-19 3.119E-19 2.653E-19 2.399E-19 2.508E-19 2.813E-19
 2.977E-19 2.888E-19 2.682E-19 2.445E-19 2.601E-19 2.734E-19 2.634E-19 2.546E-19 2.656E-19 2.690E-19
 2.699E-19 2.778E-19 2.579E-19 2.310E-19 2.412E-19 2.684E-19 2.833E-19 2.763E-19 2.589E-19 2.421E-19
 2.332E-19 2.481E-19 2.804E-19 2.715E-19 2.446E-19 2.349E-19 2.266E-19 2.464E-19 2.925E-19 2.966E-19
 2.846E-19 2.382E-19 2.073E-19 2.286E-19 2.422E-19 2.485E-19 2.682E-19 2.622E-19 2.379E-19 2.564E-19
 2.712E-19 2.634E-19 2.525E-19 2.643E-19 2.699E-19 2.790E-19 2.750E-19 2.359E-19 2.215E-19 2.206E-19
 2.109E-19 2.014E-19 2.133E-19 2.319E-19 2.220E-19 2.111E-19 2.275E-19 2.568E-19 2.515E-19 2.424E-19
 2.407E-19 2.478E-19 2.661E-19 2.676E-19 2.380E-19 2.244E-19 2.296E-19 2.146E-19 2.301E-19 2.255E-19
 1.858E-19 1.852E-19 2.067E-19 2.265E-19 2.663E-19 2.677E-19 2.307E-19 2.116E-19 2.343E-19 2.533E-19
 2.545E-19 2.271E-19 2.160E-19 2.134E-19 1.995E-19 2.034E-19 2.155E-19 2.276E-19 2.343E-19 2.196E-19
 2.233E-19 2.576E-19 2.539E-19 2.266E-19 2.103E-19 2.094E-19 2.074E-19 2.056E-19 2.071E-19 2.024E-19
 2.036E-19 2.321E-19 2.651E-19 2.535E-19 2.198E-19 2.105E-19 2.221E-19 2.178E-19 2.142E-19 1.999E-19
 1.809E-19 2.124E-19 2.273E-19 2.307E-19 2.314E-19 2.228E-19 2.225E-19 2.278E-19 2.308E-19 2.443E-19
 2.424E-19 2.112E-19 2.062E-19 2.233E-19 2.290E-19 2.244E-19 2.241E-19 2.421E-19 2.322E-19 2.248E-19
 2.277E-19 2.285E-19 2.177E-19 2.232E-19 2.309E-19 2.264E-19 2.170E-19 2.132E-19 2.111E-19 2.142E-19
 2.283E-19 2.438E-19 2.520E-19 2.535E-19 2.526E-19 2.604E-19 2.597E-19 2.627E-19 2.335E-19 2.092E-19
 2.435E-19 2.735E-19 2.553E-19 2.402E-19 2.440E-19 2.460E-19 2.611E-19 2.567E-19 2.410E-19 2.308E-19
 2.386E-19 2.455E-19 2.291E-19 2.364E-19 2.458E-19 2.505E-19 2.670E-19 2.760E-19 2.744E-19 2.795E-19
 2.846E-19 2.801E-19 2.654E-19 2.457E-19 2.675E-19 2.594E-19 2.504E-19 2.750E-19 3.028E-19 3.100E-19
 3.077E-19 2.971E-19 2.867E-19 2.911E-19 2.954E-19 2.984E-19 2.870E-19 2.477E-19 2.458E-19 2.813E-19
 3.053E-19 3.068E-19 3.104E-19 2.944E-19 2.867E-19 3.012E-19 3.100E-19 3.057E-19 3.273E-19 3.345E-19
 3.361E-19 3.222E-19 3.094E-19 2.903E-19 2.987E-19 2.976E-19 2.716E-19 2.925E-19 2.924E-19 2.769E-19
 2.845E-19 3.183E-19 3.256E-19 2.795E-19 2.688E-19 3.107E-19 3.094E-19 2.716E-19 2.675E-19 2.763E-19
 2.724E-19 2.680E-19 2.543E-19 2.654E-19 2.877E-19 2.950E-19 2.788E-19 2.887E-19 3.344E-19 3.302E-19
 3.072E-19 3.062E-19 2.849E-19 2.757E-19 2.754E-19 2.556E-19 2.522E-19 2.817E-19 2.950E-19 2.970E-19
 2.898E-19 2.787E-19 2.631E-19 2.922E-19 2.984E-19 2.945E-19 3.003E-19 2.905E-19 2.819E-19 2.694E-19
 2.720E-19 3.035E-19 3.154E-19 3.026E-19 2.897E-19 2.860E-19 2.727E-19 2.376E-19 2.357E-19 2.664E-19
 2.898E-19 3.026E-19 2.796E-19 2.806E-19 3.028E-19 3.262E-19 3.051E-19 2.698E-19 2.496E-19 2.370E-19
 2.489E-19 2.554E-19 2.975E-19 2.775E-19 2.415E-19 2.357E-19 2.469E-19 2.181E-19 2.307E-19 2.972E-19
 3.045E-19 2.776E-19 2.565E-19 2.513E-19 2.534E-19 2.909E-19 3.061E-19 2.600E-19 2.340E-19 2.172E-19
 2.179E-19 2.302E-19 2.448E-19 2.442E-19 2.326E-19 2.260E-19 2.068E-19 2.049E-19 2.223E-19 2.671E-19
 2.972E-19 2.562E-19 2.121E-19 2.100E-19 2.168E-19 2.236E-19 2.698E-19 2.735E-19 2.177E-19 1.898E-19
 1.916E-19 2.047E-19 2.159E-19 2.395E-19 2.244E-19 2.048E-19 2.213E-19 2.409E-19 2.460E-19 2.619E-19
 2.336E-19 1.927E-19 1.952E-19 2.222E-19 2.271E-19 2.035E-19 2.061E-19 2.090E-19 2.020E-19 1.808E-19
 1.892E-19 2.033E-19 1.977E-19 2.285E-19 2.451E-19 2.318E-19 2.124E-19 2.105E-19 2.048E-19 2.023E-19
 2.128E-19 2.035E-19 1.776E-19 1.679E-19 1.767E-19 1.762E-19 1.900E-19 1.908E-19 1.693E-19 1.695E-19
 1.657E-19 1.658E-19 1.708E-19 1.837E-19 1.784E-19 1.755E-19 1.750E-19 1.631E-19 1.711E-19 1.855E-19
 1.927E-19 1.862E-19 1.710E-19 1.714E-19 1.940E-19 1.928E-19 1.746E-19 1.720E-19 1.827E-19 1.860E-19
 1.897E-19 1.779E-19 1.720E-19 1.792E-19 1.869E-19 1.861E-19 1.822E-19 1.723E-19 1.730E-19 1.486E-19
 1.351E-19 1.466E-19 1.421E-19 1.402E-19 1.592E-19 1.738E-19 1.648E-19 1.532E-19 1.578E-19 1.577E-19
 1.619E-19 1.888E-19 1.932E-19 1.777E-19 1.740E-19 1.887E-19 1.995E-19 1.996E-19 2.112E-19 2.010E-19
 1.517E-19 1.568E-19 1.803E-19 1.742E-19 1.846E-19 1.890E-19 1.764E-19 1.884E-19 1.886E-19 1.711E-19
 1.890E-19 2.013E-19 1.935E-19 1.951E-19 1.954E-19 1.911E-19 2.047E-19 2.136E-19 1.945E-19 1.831E-19
 1.898E-19 1.696E-19 1.593E-19 1.824E-19 2.086E-19 2.059E-19 1.872E-19 2.149E-19 2.247E-19 1.994E-19
 2.021E-19 1.902E-19 1.830E-19 1.978E-19 2.033E-19 2.073E-19 2.149E-19 2.089E-19 2.149E-19 2.330E-19
 2.221E-19 1.911E-19 1.775E-19 1.927E-19 2.128E-19 2.193E-19 2.264E-19 2.228E-19 2.191E-19 2.252E-19
 2.248E-19 2.421E-19 2.596E-19 2.431E-19 2.394E-19 2.621E-19 2.609E-19 2.507E-19 2.594E-19 2.811E-19
 2.694E-19 2.474E-19 2.479E-19 2.473E-19 2.265E-19 2.410E-19 2.630E-19 2.614E-19 2.402E-19 2.514E-19
 3.030E-19 3.374E-19 2.825E-19 2.246E-19 2.420E-19 2.901E-19 3.059E-19 2.774E-19 2.641E-19 2.705E-19
 2.520E-19 2.473E-19 2.512E-19 2.675E-19 3.053E-19 3.165E-19 2.923E-19 2.578E-19 2.341E-19 2.263E-19
 2.260E-19 2.221E-19 2.301E-19 2.503E-19 2.558E-19 2.368E-19 2.377E-19 2.317E-19 2.175E-19 2.004E-19
 1.904E-19 1.943E-19 2.334E-19 2.374E-19 2.248E-19 2.229E-19 2.199E-19 2.170E-19 2.196E-19 2.049E-19
 1.970E-19 2.047E-19 1.916E-19 1.814E-19 2.020E-19 2.241E-19 2.124E-19 2.044E-19 2.127E-19 2.184E-19
 2.158E-19 2.218E-19 2.154E-19 2.227E-19 2.311E-19 2.354E-19 2.249E-19 2.083E-19 2.298E-19 2.488E-19
 2.133E-19 1.760E-19 1.889E-19 2.132E-19 2.079E-19 2.070E-19 2.363E-19 2.380E-19 2.108E-19 1.920E-19
 2.024E-19 2.089E-19 2.103E-19 2.183E-19 2.235E-19 2.038E-19 2.047E-19 2.183E-19 2.227E-19 2.050E-19
 1.751E-19 1.859E-19 1.989E-19 1.939E-19 1.917E-19 1.818E-19 1.794E-19 2.102E-19 2.126E-19 1.899E-19
 1.918E-19 2.183E-19 2.160E-19 2.039E-19 2.194E-19 2.432E-19 2.466E-19 2.341E-19 2.142E-19 1.928E-19
 2.024E-19 2.210E-19 2.033E-19 1.919E-19 2.040E-19 2.213E-19 2.167E-19 2.174E-19 2.054E-19 1.742E-19
 1.809E-19 2.011E-19 1.935E-19 1.768E-19 1.793E-19 1.869E-19 1.997E-19 1.957E-19 1.575E-19 1.418E-19
 1.704E-19 1.745E-19 1.546E-19 1.600E-19 1.929E-19 1.895E-19 1.744E-19 1.595E-19 1.793E-19 1.989E-19
 2.094E-19 2.204E-19 1.701E-19 1.538E-19 1.850E-19 1.989E-19 1.906E-19 2.116E-19 2.256E-19 1.974E-19
 1.880E-19 1.709E-19 1.694E-19 1.874E-19 1.784E-19 1.733E-19 2.024E-19 2.256E-19 1.898E-19 1.627E-19
 1.694E-19 1.837E-19 1.777E-19 1.663E-19 1.803E-19 1.911E-19 2.047E-19 1.970E-19 1.980E-19 1.804E-19
 1.754E-19 1.920E-19 1.933E-19 1.945E-19 2.029E-19 2.095E-19 1.971E-19 1.989E-19 1.906E-19 1.956E-19
 2.008E-19 1.816E-19 1.728E-19 1.858E-19 1.926E-19 1.979E-19 1.938E-19 1.680E-19 1.498E-19 1.696E-19
 1.743E-19 1.542E-19 1.410E-19 1.566E-19 1.802E-19 1.912E-19 1.856E-19 1.766E-19 1.750E-19 1.857E-19
 1.876E-19 1.636E-19 1.568E-19 1.599E-19 1.442E-19 1.540E-19 1.557E-19 1.867E-19 2.189E-19 1.922E-19
 1.789E-19 1.953E-19 2.002E-19 2.078E-19 1.947E-19 1.608E-19 1.643E-19 1.662E-19 1.897E-19 1.978E-19
 2.100E-19 2.080E-19 1.871E-19 1.825E-19 1.722E-19 1.606E-19 1.776E-19 1.966E-19 1.839E-19 1.827E-19
 1.784E-19 1.353E-19 1.344E-19 1.609E-19 1.628E-19 1.781E-19 2.047E-19 2.147E-19 2.063E-19 2.068E-19
 1.893E-19 1.701E-19 1.651E-19 1.610E-19 1.512E-19 1.500E-19 1.892E-19 2.078E-19 1.906E-19 1.864E-19
 1.907E-19 1.647E-19 1.567E-19 1.702E-19 1.682E-19 1.900E-19 2.060E-19 1.963E-19 1.842E-19 1.716E-19
 1.800E-19 1.728E-19 1.692E-19 1.689E-19 1.661E-19 1.707E-19 2.037E-19 2.246E-19 2.058E-19 1.997E-19
 2.021E-19 1.934E-19 1.904E-19 1.873E-19 1.722E-19 1.633E-19 1.961E-19 2.035E-19 1.778E-19 1.690E-19
 1.927E-19 1.972E-19 1.674E-19 1.538E-19 1.667E-19 1.804E-19 1.855E-19 1.931E-19 1.766E-19 1.771E-19
 2.035E-19 2.327E-19 2.180E-19 1.870E-19 1.622E-19 1.693E-19 1.638E-19 1.529E-19 1.718E-19 1.833E-19
 1.890E-19 1.975E-19 1.963E-19 2.043E-19 1.923E-19 1.757E-19 1.602E-19 1.713E-19 1.950E-19 1.883E-19
 2.016E-19 2.022E-19 1.836E-19 1.695E-19 1.508E-19 1.608E-19 1.566E-19 1.810E-19 2.168E-19 2.395E-19
 2.461E-19 2.058E-19 1.646E-19 1.576E-19 1.573E-19 1.452E-19 1.411E-19 1.572E-19 1.818E-19 2.110E-19
 2.313E-19 2.017E-19 1.705E-19 1.652E-19 1.789E-19 1.811E-19 1.672E-19 1.659E-19 1.668E-19 1.965E-19
 2.297E-19 2.231E-19 2.149E-19 1.968E-19 1.827E-19 1.877E-19 1.865E-19 1.709E-19 1.995E-19 2.245E-19
 2.218E-19 2.063E-19 1.899E-19 1.805E-19 1.598E-19 1.552E-19 1.558E-19 1.558E-19 1.694E-19 1.592E-19
 1.844E-19 2.219E-19 2.019E-19 1.933E-19 1.676E-19 1.518E-19 1.550E-19 1.665E-19 1.771E-19 1.601E-19
 1.803E-19 2.479E-19 2.317E-19 1.739E-19 1.722E-19 1.871E-19 2.042E-19 2.179E-19 2.093E-19 1.832E-19
 2.028E-19 2.412E-19 2.458E-19 1.954E-19 1.848E-19 1.753E-19 1.917E-19 2.159E-19 2.155E-19 1.868E-19
 1.596E-19 1.840E-19 2.062E-19 2.039E-19 1.910E-19 1.796E-19 1.745E-19 1.711E-19 1.816E-19 2.053E-19
 2.106E-19 2.152E-19 2.167E-19 1.950E-19 1.588E-19 1.527E-19 1.683E-19 1.798E-19 2.115E-19 2.143E-19
 1.900E-19 1.888E-19 1.949E-19 2.029E-19 1.940E-19 1.894E-19 1.635E-19 1.439E-19 1.650E-19 1.756E-19
 1.723E-19 1.733E-19 1.856E-19 2.136E-19 2.344E-19 2.243E-19 1.906E-19 1.899E-19 1.809E-19 1.747E-19
 1.604E-19 1.793E-19 2.063E-19 2.028E-19 1.967E-19 2.025E-19 2.060E-19 1.839E-19 1.888E-19 1.830E-19
 1.554E-19 1.786E-19 2.214E-19 2.150E-19 1.835E-19 1.806E-19 2.015E-19 2.243E-19 2.289E-19 2.130E-19
 1.768E-19 1.779E-19 2.042E-19 2.087E-19 1.825E-19 1.771E-19 1.880E-19 2.040E-19 1.960E-19 1.671E-19
 1.483E-19 1.717E-19 2.073E-19 2.151E-19 2.126E-19 2.112E-19 2.230E-19 2.331E-19 2.227E-19 1.887E-19
 1.981E-19 2.158E-19 2.169E-19 2.032E-19 1.856E-19 1.985E-19 2.167E-19 2.004E-19 1.973E-19 2.111E-19
 2.153E-19 2.163E-19 2.056E-19 1.897E-19 2.062E-19 2.136E-19 1.942E-19 1.905E-19 2.016E-19 2.138E-19
 2.121E-19 2.004E-19 2.094E-19 2.236E-19 2.238E-19 2.151E-19 2.149E-19 2.035E-19 2.130E-19 2.371E-19
 2.463E-19 2.250E-19 2.111E-19 2.186E-19 2.357E-19 2.385E-19 2.294E-19 2.305E-19 2.338E-19 2.299E-19
 2.304E-19 2.054E-19 1.911E-19 1.848E-19 1.984E-19 2.083E-19 2.095E-19 2.020E-19 2.028E-19 2.069E-19
 2.011E-19 2.079E-19 1.935E-19 1.835E-19 1.823E-19 2.027E-19 2.202E-19 2.299E-19 2.172E-19 1.931E-19
 1.927E-19 2.121E-19 2.301E-19 2.223E-19 1.834E-19 1.806E-19 1.974E-19 2.114E-19 2.228E-19 2.251E-19
 2.206E-19 2.306E-19 2.552E-19 2.502E-19 2.405E-19 2.285E-19 2.049E-19 2.153E-19 2.196E-19 2.098E-19
 1.809E-19 1.637E-19 1.790E-19 1.844E-19 1.879E-19 1.932E-19 1.762E-19 1.674E-19 1.878E-19 1.867E-19
 1.984E-19 2.288E-19 2.268E-19 2.092E-19 2.158E-19 2.317E-19 2.174E-19 2.218E-19 2.430E-19 2.367E-19
 2.114E-19 1.895E-19 1.963E-19 2.053E-19 2.102E-19 2.305E-19 2.284E-19 2.460E-19 2.571E-19 2.291E-19
 2.083E-19 2.188E-19 2.226E-19 2.164E-19 2.148E-19 2.016E-19 1.997E-19 2.370E-19 2.666E-19 2.653E-19
 2.481E-19 2.248E-19 2.243E-19 2.512E-19 2.572E-19 2.411E-19 2.284E-19 2.186E-19 2.270E-19 2.390E-19
 2.429E-19 2.386E-19 2.442E-19 2.590E-19 2.637E-19 2.541E-19 2.457E-19 2.608E-19 2.559E-19 2.386E-19
 2.477E-19 2.570E-19 2.467E-19 2.412E-19 2.509E-19 2.586E-19 2.552E-19 2.779E-19 3.146E-19 2.717E-19
 2.512E-19 2.845E-19 2.948E-19 2.705E-19 2.596E-19 2.489E-19 2.338E-19 2.382E-19 2.540E-19 2.573E-19
 2.632E-19 2.651E-19 2.456E-19 2.186E-19 2.328E-19 2.718E-19 2.779E-19 2.762E-19 2.738E-19 2.698E-19
 2.684E-19 2.696E-19 2.643E-19 2.507E-19 2.493E-19 2.577E-19 2.768E-19 2.909E-19 2.968E-19 2.823E-19
 2.722E-19 2.761E-19 2.690E-19 2.617E-19 2.517E-19 2.520E-19 2.724E-19 2.802E-19 2.574E-19 2.496E-19
 2.627E-19 2.584E-19 2.624E-19 2.778E-19 2.960E-19 2.963E-19 2.807E-19 2.692E-19 2.714E-19 2.813E-19
 2.775E-19 2.564E-19 2.705E-19 3.073E-19 3.043E-19 2.932E-19 3.042E-19 3.095E-19 2.905E-19 2.986E-19
 2.932E-19 2.553E-19 2.467E-19 2.611E-19 2.624E-19 2.762E-19 2.930E-19 3.032E-19 2.881E-19 2.642E-19
 2.792E-19 3.287E-19 3.221E-19 2.966E-19 2.986E-19 2.938E-19 2.967E-19 2.891E-19 2.726E-19 2.744E-19
 2.805E-19 3.030E-19 3.283E-19 3.029E-19 2.772E-19 2.798E-19 2.744E-19 3.041E-19 3.333E-19 3.257E-19
 3.096E-19 2.961E-19 3.325E-19 3.544E-19 3.352E-19 3.061E-19 2.697E-19 2.712E-19 2.954E-19 3.013E-19
 2.910E-19 2.864E-19 3.025E-19 3.037E-19 3.060E-19 3.191E-19 3.243E-19 3.208E-19 3.263E-19 3.219E-19
 3.078E-19 3.219E-19 3.299E-19 3.100E-19 2.907E-19 3.366E-19 3.760E-19 3.466E-19 3.233E-19 3.330E-19
 3.451E-19 3.382E-19 3.439E-19 3.565E-19 3.292E-19 3.103E-19 3.389E-19 3.525E-19 3.137E-19 2.799E-19
 2.910E-19 3.109E-19 3.222E-19 3.324E-19 3.458E-19 3.383E-19 3.460E-19 3.602E-19 3.407E-19 3.365E-19
 3.296E-19 3.051E-19 3.108E-19 3.225E-19 3.344E-19 3.371E-19 3.294E-19 3.324E-19 3.247E-19 3.271E-19
 3.432E-19 3.336E-19 3.278E-19 3.199E-19 3.340E-19 3.737E-19 3.731E-19 3.342E-19 3.154E-19 3.405E-19
 3.657E-19 3.663E-19 3.488E-19 3.404E-19 3.516E-19 3.796E-19 3.902E-19 3.696E-19 3.499E-19 3.538E-19
 3.524E-19 3.583E-19 3.551E-19 3.321E-19 3.358E-19 3.570E-19 3.597E-19 3.780E-19 3.764E-19 3.510E-19
 3.458E-19 3.516E-19 3.827E-19 3.694E-19 3.326E-19 3.273E-19 3.307E-19 3.591E-19 3.937E-19 3.981E-19
 3.857E-19 3.880E-19 3.774E-19 3.545E-19 3.674E-19 3.650E-19 3.586E-19 3.753E-19 3.722E-19 3.810E-19
 3.924E-19 3.865E-19 3.823E-19 3.983E-19 4.061E-19 4.217E-19 4.209E-19 3.772E-19 3.624E-19 3.766E-19
 3.930E-19 4.054E-19 4.116E-19 3.959E-19 3.784E-19 3.635E-19 3.843E-19 3.939E-19 3.974E-19 3.840E-19
 3.507E-19 3.810E-19 4.101E-19 3.928E-19 3.576E-19 3.334E-19 3.608E-19 4.023E-19 4.429E-19 4.110E-19
 3.636E-19 3.643E-19 3.982E-19 4.275E-19 4.224E-19 3.981E-19 3.933E-19 4.399E-19 4.619E-19 4.611E-19
 4.479E-19 4.012E-19 3.711E-19 3.977E-19 4.255E-19 4.299E-19 3.952E-19 3.856E-19 4.161E-19 4.488E-19
 4.510E-19 4.447E-19 4.106E-19 3.843E-19 3.894E-19 4.478E-19 4.756E-19 4.391E-19 4.165E-19 3.998E-19
 4.099E-19 4.409E-19 4.638E-19 4.227E-19 3.657E-19 3.757E-19 4.398E-19 4.586E-19 4.304E-19 4.137E-19
 4.381E-19 4.656E-19 4.501E-19 4.537E-19 4.546E-19 4.401E-19 4.299E-19 4.315E-19 4.644E-19 4.699E-19
 4.482E-19 4.406E-19 4.541E-19 4.270E-19 4.167E-19 4.408E-19 4.463E-19 4.392E-19 4.536E-19 4.738E-19
 4.776E-19 4.621E-19 4.367E-19 4.775E-19 5.169E-19 5.286E-19 5.157E-19 4.676E-19 4.516E-19 4.546E-19
 4.529E-19 4.520E-19 4.599E-19 4.520E-19 4.740E-19 5.017E-19 4.826E-19 4.807E-19 4.665E-19 4.554E-19
 4.861E-19 5.047E-19 5.143E-19 5.084E-19 4.872E-19 4.985E-19 4.747E-19 4.512E-19 4.777E-19 5.194E-19
 5.021E-19 4.731E-19 4.827E-19 5.123E-19 5.155E-19 5.178E-19 5.280E-19 5.054E-19 5.244E-19 5.907E-19
 5.948E-19 5.321E-19 5.130E-19 4.878E-19 4.713E-19 5.052E-19 5.171E-19 4.765E-19 4.448E-19 4.541E-19
 5.082E-19 5.543E-19 5.411E-19 5.216E-19 5.178E-19 5.351E-19 5.577E-19 5.488E-19 5.220E-19 5.091E-19
 5.212E-19 5.475E-19 5.544E-19 5.280E-19 5.066E-19 4.857E-19 5.150E-19 5.705E-19 5.745E-19 5.346E-19
 5.044E-19 5.113E-19 5.449E-19 5.871E-19 5.820E-19 5.281E-19 4.919E-19 5.085E-19 5.497E-19 5.686E-19
 5.608E-19 5.299E-19 5.069E-19 5.324E-19 5.638E-19 5.637E-19 5.319E-19 5.047E-19 5.458E-19 5.745E-19
 5.561E-19 5.376E-19 5.105E-19 5.033E-19 5.480E-19 6.121E-19 6.162E-19 5.723E-19 5.470E-19 5.447E-19
 5.520E-19 5.495E-19 5.693E-19 5.689E-19 5.423E-19 5.401E-19 5.713E-19 5.812E-19 5.633E-19 5.476E-19
 5.498E-19 5.872E-19 6.034E-19 6.046E-19 6.111E-19 5.959E-19 5.812E-19 6.013E-19 6.163E-19 5.790E-19
 5.514E-19 5.378E-19 5.327E-19 5.708E-19 5.815E-19 5.804E-19 5.927E-19 5.875E-19 5.921E-19 5.807E-19
 5.782E-19 6.164E-19 6.100E-19 5.950E-19 5.925E-19 6.165E-19 6.373E-19 6.249E-19 5.556E-19 5.611E-19
 5.927E-19 5.861E-19 6.061E-19 5.875E-19 5.750E-19 5.997E-19 6.148E-19 6.256E-19 6.337E-19 6.012E-19
 5.823E-19 5.836E-19 6.102E-19 6.608E-19 6.211E-19 5.751E-19 5.652E-19 6.006E-19 6.615E-19 6.843E-19
 6.319E-19 5.907E-19 5.819E-19 6.081E-19 6.661E-19 6.473E-19 6.138E-19 5.974E-19 6.208E-19 6.905E-19
 7.123E-19 6.466E-19 5.766E-19 5.546E-19 6.208E-19 6.866E-19 6.435E-19 5.961E-19 5.905E-19 5.987E-19
 6.565E-19 7.149E-19 6.460E-19 5.972E-19 6.166E-19 6.777E-19 7.730E-19 7.295E-19 6.412E-19 6.131E-19
 6.368E-19 6.569E-19 6.964E-19 6.718E-19 6.100E-19 5.830E-19 6.287E-19 7.086E-19 6.756E-19 6.423E-19
 6.319E-19 5.993E-19 6.932E-19 7.829E-19 7.234E-19 6.264E-19 5.750E-19 6.147E-19 7.174E-19 7.213E-19
 6.713E-19 6.369E-19 6.070E-19 6.729E-19 7.576E-19 7.098E-19 6.411E-19 6.101E-19 6.542E-19 7.325E-19
 7.202E-19 6.488E-19 6.237E-19 6.231E-19 6.739E-19 7.756E-19 7.521E-19 6.568E-19 6.288E-19 6.485E-19
 6.765E-19 7.364E-19 7.165E-19 6.330E-19 6.040E-19 6.735E-19 7.607E-19 7.363E-19 6.575E-19 6.340E-19
 6.453E-19 6.987E-19 7.867E-19 7.780E-19 6.397E-19 5.771E-19 6.485E-19 7.646E-19 7.741E-19 6.881E-19
 5.967E-19 5.805E-19 6.668E-19 7.615E-19 7.796E-19 6.494E-19 5.812E-19 6.848E-19 7.775E-19 7.900E-19
 7.243E-19 6.419E-19 6.045E-19 6.484E-19 7.542E-19 7.695E-19 6.663E-19 6.103E-19 6.593E-19 7.368E-19
 7.918E-19 7.845E-19 7.179E-19 6.836E-19 7.431E-19 8.197E-19 8.422E-19 7.568E-19 6.922E-19 7.221E-19
 7.670E-19 8.139E-19 8.039E-19 7.074E-19 6.298E-19 6.880E-19 7.671E-19 7.890E-19 7.455E-19 6.989E-19
 6.722E-19 7.173E-19 7.907E-19 7.740E-19 6.743E-19 6.394E-19 7.177E-19 8.046E-19 8.504E-19 7.858E-19
 6.898E-19 6.306E-19 6.583E-19 7.907E-19 8.513E-19 7.440E-19 6.807E-19 7.352E-19 7.654E-19 7.762E-19
 7.625E-19 7.360E-19 7.298E-19 7.398E-19 8.088E-19 8.596E-19 7.477E-19 6.855E-19 7.643E-19 7.633E-19
 8.282E-19 8.791E-19 7.761E-19 6.939E-19 6.821E-19 7.144E-19 7.657E-19 7.730E-19 7.333E-19 6.976E-19
 6.844E-19 7.674E-19 8.397E-19 7.547E-19 6.696E-19 7.261E-19 7.881E-19 8.093E-19 8.023E-19 7.346E-19
 7.362E-19 7.028E-19 7.329E-19 8.427E-19 8.256E-19 7.355E-19 7.519E-19 7.540E-19 7.638E-19 8.303E-19
 8.046E-19 7.687E-19 7.094E-19 7.239E-19 7.996E-19 7.621E-19 6.868E-19 7.549E-19 7.711E-19 7.687E-19
 8.188E-19 7.812E-19 7.563E-19 7.961E-19 8.267E-19 8.620E-19 8.457E-19 7.331E-19 7.312E-19 7.371E-19
 7.522E-19 8.491E-19 8.168E-19 7.678E-19 7.659E-19 7.617E-19 8.226E-19 8.590E-19 7.695E-19 7.547E-19
 7.823E-19 7.637E-19 8.690E-19 8.674E-19 7.701E-19 7.679E-19 7.814E-19 7.738E-19 8.348E-19 8.297E-19
 7.913E-19 7.739E-19 7.506E-19 8.029E-19 8.262E-19 8.109E-19 8.319E-19 7.960E-19 7.678E-19 8.597E-19
 8.495E-19 7.826E-19 7.432E-19 7.104E-19 8.015E-19 8.478E-19 7.393E-19 7.392E-19 7.879E-19 7.503E-19
 7.759E-19 8.232E-19 7.846E-19 7.283E-19 6.871E-19 7.463E-19 8.445E-19 8.775E-19 8.245E-19 7.987E-19
 7.521E-19 7.669E-19 8.273E-19 7.890E-19 7.744E-19 7.757E-19 7.853E-19 8.203E-19 8.398E-19 8.094E-19
 8.115E-19 7.958E-19 8.234E-19 8.965E-19 8.664E-19 8.118E-19 8.090E-19 8.252E-19 8.643E-19 8.991E-19
 8.640E-19 8.143E-19 8.030E-19 8.049E-19 8.421E-19 8.130E-19 8.124E-19 8.405E-19 8.140E-19 8.254E-19
 8.477E-19 8.345E-19 8.441E-19 8.345E-19 7.884E-19 8.109E-19 8.316E-19 8.405E-19 8.266E-19 7.948E-19
 7.453E-19 7.668E-19 7.864E-19 7.766E-19 7.670E-19 7.748E-19 8.196E-19 8.348E-19 8.300E-19 7.866E-19
 7.636E-19 7.715E-19 8.183E-19 8.593E-19 8.136E-19 7.883E-19 7.743E-19 7.889E-19 8.065E-19 8.060E-19
 7.998E-19 8.161E-19 8.040E-19 7.566E-19 7.479E-19 7.781E-19 8.329E-19 8.001E-19 7.688E-19 7.521E-19
 7.549E-19 8.015E-19 8.017E-19 7.341E-19 7.356E-19 8.251E-19 9.152E-19 8.905E-19 7.902E-19 7.784E-19
 8.032E-19 8.459E-19 8.399E-19 7.935E-19 7.444E-19 7.384E-19 8.144E-19 7.767E-19 7.271E-19 7.289E-19
 7.583E-19 7.622E-19 7.586E-19 7.967E-19 7.793E-19 7.781E-19 7.804E-19 8.282E-19 8.416E-19 8.275E-19
 8.302E-19 7.520E-19 6.814E-19 7.446E-19 8.009E-19 7.995E-19 8.070E-19 7.675E-19 7.792E-19 7.827E-19
 7.743E-19 7.546E-19 7.243E-19 6.915E-19 7.869E-19 8.454E-19 8.042E-19 7.556E-19 6.953E-19 7.291E-19
 7.519E-19 7.886E-19 8.434E-19 8.309E-19 7.812E-19 7.580E-19 7.689E-19 7.922E-19 7.898E-19 7.925E-19
 7.773E-19 7.496E-19 7.809E-19 7.968E-19 7.815E-19 7.578E-19 7.580E-19 7.900E-19 7.821E-19 7.777E-19
 7.532E-19 7.100E-19 7.067E-19 8.051E-19 8.269E-19 7.788E-19 7.932E-19 7.930E-19 8.071E-19 7.832E-19
 7.630E-19 7.798E-19 7.744E-19 7.486E-19 7.420E-19 7.538E-19 7.751E-19 7.552E-19 7.123E-19 7.124E-19
 7.242E-19 7.688E-19 8.081E-19 8.092E-19 8.274E-19 8.384E-19 8.588E-19 8.140E-19 7.511E-19 7.429E-19
 7.413E-19 7.400E-19 7.767E-19 8.076E-19 8.376E-19 8.134E-19 7.784E-19 7.782E-19 7.536E-19 7.570E-19
 7.203E-19 6.999E-19 6.976E-19 7.431E-19 7.492E-19 7.698E-19 8.072E-19 8.090E-19 7.613E-19 6.960E-19
 7.415E-19 7.492E-19 7.178E-19 7.252E-19 7.498E-19 8.177E-19 8.003E-19 7.400E-19 7.337E-19 7.623E-19
 7.583E-19 7.905E-19 7.953E-19 7.705E-19 7.497E-19 7.538E-19 7.393E-19 7.328E-19 7.354E-19 7.199E-19
 7.441E-19 7.211E-19 7.615E-19 7.774E-19 7.784E-19 8.078E-19 8.277E-19 8.009E-19 7.430E-19 7.153E-19
 6.756E-19 7.154E-19 7.395E-19 7.561E-19 7.842E-19 7.926E-19 7.650E-19 7.445E-19 7.459E-19 7.684E-19
 7.645E-19 6.990E-19 7.406E-19 7.632E-19 7.982E-19 8.260E-19 8.084E-19 7.375E-19 7.201E-19 7.604E-19
 8.115E-19 8.664E-19 8.552E-19 7.811E-19 7.295E-19 7.628E-19 8.012E-19 7.732E-19 7.540E-19 7.871E-19
 7.787E-19 7.519E-19 7.843E-19 7.692E-19 7.320E-19 7.168E-19 6.962E-19 6.772E-19 6.755E-19 6.862E-19
 7.165E-19 7.268E-19 7.209E-19 7.186E-19 7.352E-19 7.485E-19 7.764E-19 7.928E-19 7.709E-19 7.655E-19
 7.610E-19 7.480E-19 7.583E-19 7.446E-19 7.106E-19 7.491E-19 7.505E-19 7.361E-19 7.196E-19 7.021E-19
 6.695E-19 7.299E-19 7.875E-19 7.592E-19 7.088E-19 6.968E-19 7.478E-19 7.311E-19 7.300E-19 7.334E-19
 7.251E-19 6.619E-19 6.766E-19 7.626E-19 7.741E-19 7.221E-19 6.889E-19 6.984E-19 6.698E-19 7.494E-19
 7.761E-19 7.478E-19 6.831E-19 6.815E-19 7.643E-19 7.911E-19 7.705E-19 7.575E-19 7.285E-19 6.354E-19
 6.911E-19 7.843E-19 7.827E-19 7.080E-19 7.016E-19 7.363E-19 7.506E-19 7.293E-19 7.608E-19 8.234E-19
 7.759E-19 7.826E-19 7.689E-19 7.609E-19 7.265E-19 7.496E-19 7.693E-19 6.991E-19 6.843E-19 6.964E-19
 7.027E-19 6.660E-19 7.450E-19 7.709E-19 7.446E-19 7.194E-19 7.148E-19 7.533E-19 7.595E-19 7.925E-19
 7.683E-19 7.876E-19 7.631E-19 7.902E-19 8.210E-19 8.271E-19 7.785E-19 7.507E-19 7.233E-19 6.528E-19
 6.506E-19 6.634E-19 7.267E-19 7.246E-19 7.626E-19 7.463E-19 7.062E-19 7.169E-19 7.529E-19 7.540E-19
 7.090E-19 7.046E-19 7.108E-19 7.499E-19 7.160E-19 7.027E-19 7.239E-19 7.150E-19 7.443E-19 8.064E-19
 7.760E-19 7.002E-19 7.247E-19 7.572E-19 7.740E-19 6.898E-19 6.924E-19 7.080E-19 6.747E-19 7.056E-19
 7.579E-19 7.655E-19 7.099E-19 7.286E-19 7.632E-19 7.655E-19 7.796E-19 7.901E-19 7.294E-19 6.605E-19
 6.653E-19 7.668E-19 8.737E-19 8.105E-19 8.126E-19 8.430E-19 7.729E-19 7.995E-19 9.175E-19 9.129E-19
 8.418E-19 8.889E-19 8.846E-19 8.348E-19 8.728E-19 9.958E-19 9.997E-19 9.555E-19 1.001E-18 1.085E-18
 1.100E-18 1.060E-18 1.099E-18 1.061E-18 9.263E-19 8.713E-19 9.404E-19 9.787E-19 9.535E-19 9.630E-19
 9.738E-19 9.817E-19 1.008E-18 1.099E-18 1.130E-18 1.048E-18 8.677E-19 7.704E-19 6.972E-19 6.302E-19
 6.654E-19 7.151E-19 6.991E-19 6.455E-19 7.052E-19 7.017E-19 6.626E-19 7.040E-19 7.644E-19 7.352E-19
 6.524E-19 6.811E-19 7.100E-19 6.819E-19 6.991E-19 8.091E-19 8.088E-19 7.175E-19 7.505E-19 7.532E-19
 7.338E-19 7.622E-19 8.615E-19 8.376E-19 7.573E-19 7.845E-19 8.503E-19 8.476E-19 8.595E-19 9.016E-19
 9.256E-19 9.540E-19 9.352E-19 9.821E-19 1.029E-18 1.009E-18 9.723E-19 9.646E-19 9.221E-19 9.050E-19
 9.821E-19 1.051E-18 1.059E-18 1.047E-18 9.969E-19 9.301E-19 8.740E-19 8.313E-19 7.954E-19 7.871E-19
 8.124E-19 8.099E-19 7.792E-19 7.660E-19 7.807E-19 7.933E-19 8.137E-19 8.185E-19 8.323E-19 8.255E-19
 8.121E-19 8.165E-19 8.483E-19 8.717E-19 8.862E-19 9.097E-19 9.138E-19 9.618E-19 1.047E-18 1.153E-18
 1.097E-18 8.911E-19 7.745E-19 7.927E-19 8.536E-19 9.368E-19 9.655E-19 9.128E-19 8.979E-19 9.485E-19
 1.063E-18 1.167E-18 1.181E-18 1.139E-18 1.093E-18 1.083E-18 1.136E-18 1.283E-18 1.212E-18 9.696E-19
 8.375E-19 8.173E-19 8.560E-19 9.902E-19 1.071E-18 9.573E-19 8.733E-19 8.268E-19 8.247E-19 8.957E-19
 9.941E-19 9.465E-19 8.048E-19 7.580E-19 7.786E-19 8.141E-19 9.023E-19 9.530E-19 8.573E-19 7.718E-19
 7.101E-19 6.925E-19 7.985E-19 9.408E-19 8.874E-19 7.507E-19 6.676E-19 5.999E-19 6.627E-19 9.102E-19
 9.973E-19 8.127E-19 7.325E-19 7.168E-19 6.897E-19 7.991E-19 1.007E-18 9.009E-19 7.718E-19 7.877E-19
 7.537E-19 7.422E-19 9.512E-19 1.081E-18 9.244E-19 8.536E-19 8.597E-19 8.859E-19 1.038E-18 1.222E-18
 1.154E-18 1.049E-18 1.002E-18 1.024E-18 1.204E-18 1.452E-18 1.513E-18 1.440E-18 1.443E-18 1.457E-18
 1.532E-18 1.753E-18 1.912E-18 1.834E-18 1.763E-18 1.825E-18 1.923E-18 2.206E-18 2.580E-18 2.776E-18
 2.875E-18 2.860E-18 2.751E-18 2.388E-18 2.161E-18 2.261E-18 2.353E-18 2.444E-18 2.561E-18 2.655E-18
 2.876E-18 3.084E-18 2.959E-18 2.290E-18 1.303E-18 8.568E-19 7.845E-19 8.887E-19 9.396E-19 8.334E-19
 7.706E-19 6.935E-19 6.569E-19 7.127E-19 8.553E-19 8.006E-19 7.654E-19 7.940E-19 7.637E-19 7.285E-19
 7.507E-19 7.887E-19 7.534E-19 7.553E-19 7.420E-19 7.402E-19 7.110E-19 7.987E-19 8.850E-19 8.526E-19
 8.655E-19 8.826E-19 8.796E-19 8.909E-19 9.975E-19 1.028E-18 1.003E-18 1.011E-18 1.030E-18 1.067E-18
 1.173E-18 1.329E-18 1.418E-18 1.527E-18 1.661E-18 1.758E-18 1.889E-18 2.165E-18 2.390E-18 2.303E-18
 2.096E-18 2.021E-18 2.113E-18 2.345E-18 2.455E-18 1.996E-18 1.441E-18 1.165E-18 1.009E-18 8.796E-19
 7.937E-19 8.273E-19 8.278E-19 7.969E-19 8.008E-19 7.992E-19 7.766E-19 7.799E-19 8.289E-19 8.256E-19
 7.435E-19 7.178E-19 7.688E-19 7.870E-19 7.960E-19 8.106E-19 7.701E-19 7.338E-19 7.395E-19 7.698E-19
 7.911E-19 8.139E-19 8.318E-19 8.083E-19 7.848E-19 7.704E-19 7.731E-19 7.694E-19 7.690E-19 7.683E-19
 7.501E-19 7.330E-19 7.482E-19 7.760E-19 7.817E-19 7.877E-19 8.227E-19 8.164E-19 8.073E-19 7.897E-19
 8.087E-19 8.317E-19 8.439E-19 8.955E-19 9.493E-19 9.604E-19 9.295E-19 9.036E-19 9.191E-19 8.935E-19
 8.634E-19 8.869E-19 8.409E-19 7.865E-19 8.065E-19 8.131E-19 8.403E-19 8.569E-19 8.180E-19 7.822E-19
 7.684E-19 7.911E-19 8.690E-19 9.329E-19 9.187E-19 8.820E-19 8.432E-19 7.806E-19 7.232E-19 7.284E-19
 7.478E-19 7.872E-19 8.235E-19 8.070E-19 7.612E-19 7.523E-19 7.474E-19 7.588E-19 7.963E-19 8.135E-19
 8.117E-19 8.207E-19 8.042E-19 8.205E-19 8.688E-19 9.334E-19 9.866E-19 1.039E-18 1.078E-18 1.092E-18
 1.137E-18 1.246E-18 1.341E-18 1.433E-18 1.540E-18 1.666E-18 1.808E-18 2.025E-18 2.231E-18 2.405E-18
 2.640E-18 2.872E-18 3.106E-18 3.429E-18 3.797E-18 4.298E-18 4.873E-18 5.541E-18 6.241E-18 6.740E-18
 7.178E-18 7.596E-18 8.440E-18 9.666E-18 1.112E-17 1.291E-17 1.439E-17 1.389E-17 1.056E-17 8.599E-18
 8.972E-18 1.005E-17 1.111E-17 1.250E-17 1.377E-17 1.224E-17 6.390E-18 2.374E-18 1.026E-18 7.477E-19
 6.466E-19 5.679E-19 5.361E-19 5.425E-19 5.284E-19 4.958E-19 4.837E-19 5.010E-19 5.186E-19 5.445E-19
 5.299E-19 4.789E-19 4.453E-19 4.763E-19 5.172E-19 4.975E-19 5.306E-19 5.663E-19 5.142E-19 4.659E-19
 4.702E-19 4.977E-19 5.096E-19 5.386E-19 5.674E-19 5.936E-19 5.618E-19 4.458E-19 4.204E-19 4.885E-19
 5.157E-19 4.818E-19 4.395E-19 4.787E-19 5.230E-19 5.323E-19 5.681E-19 6.054E-19 5.067E-19 3.630E-19
 3.427E-19 3.470E-19 3.780E-19 4.260E-19 4.371E-19 4.151E-19 3.935E-19 3.916E-19 3.958E-19 4.058E-19
 4.571E-19 4.988E-19 4.574E-19 4.362E-19 4.559E-19 4.419E-19 4.453E-19 4.613E-19 4.545E-19 4.357E-19
 4.599E-19 4.785E-19 4.587E-19 4.445E-19 4.124E-19 4.156E-19 4.697E-19 5.167E-19 5.269E-19 5.250E-19
 4.952E-19 4.451E-19 4.022E-19 4.127E-19 4.476E-19 4.759E-19 4.866E-19 4.965E-19 4.752E-19 4.432E-19
 4.540E-19 4.873E-19 4.887E-19 4.994E-19 5.263E-19 5.263E-19 5.119E-19 4.872E-19 4.756E-19 4.891E-19
 5.074E-19 5.341E-19 5.482E-19 5.474E-19 5.250E-19 5.062E-19 5.089E-19 5.145E-19 5.271E-19 5.502E-19
 5.552E-19 5.491E-19 5.242E-19 5.026E-19 5.122E-19 5.398E-19 5.462E-19 5.571E-19 5.764E-19 5.652E-19
 5.376E-19 5.236E-19 5.088E-19 5.005E-19 5.045E-19 5.299E-19 5.567E-19 5.345E-19 5.201E-19 5.530E-19
 5.633E-19 5.393E-19 5.468E-19 5.607E-19 5.636E-19 5.446E-19 5.318E-19 5.330E-19 5.150E-19 5.330E-19
 5.673E-19 5.648E-19 5.422E-19 5.728E-19 5.709E-19 5.420E-19 5.408E-19 5.339E-19 5.568E-19 5.717E-19
 5.738E-19 5.691E-19 5.762E-19 5.783E-19 5.485E-19 4.981E-19 5.152E-19 5.462E-19 5.492E-19 5.611E-19
 5.511E-19 5.163E-19 5.189E-19 5.137E-19 5.418E-19 5.620E-19 5.644E-19 5.889E-19 5.885E-19 5.832E-19
 5.913E-19 5.764E-19 5.321E-19 5.240E-19 5.516E-19 5.707E-19 5.591E-19 5.715E-19 5.562E-19 5.313E-19
 5.433E-19 5.474E-19 5.400E-19 5.416E-19 5.850E-19 6.014E-19 5.717E-19 5.505E-19 5.562E-19 5.518E-19
 5.442E-19 5.016E-19 4.825E-19 5.001E-19 4.991E-19 4.956E-19 5.167E-19 5.409E-19 5.604E-19 5.650E-19
 5.535E-19 5.583E-19 5.622E-19 5.400E-19 5.051E-19 4.975E-19 5.232E-19 5.502E-19 5.601E-19 6.183E-19
 6.185E-19 5.677E-19 5.383E-19 5.239E-19 5.161E-19 5.083E-19 4.984E-19 5.518E-19 6.066E-19 5.809E-19
 5.348E-19 4.834E-19 4.543E-19 4.829E-19 5.205E-19 5.570E-19 5.828E-19 5.744E-19 5.893E-19 5.480E-19
 5.222E-19 5.007E-19 4.515E-19 4.832E-19 5.257E-19 5.004E-19 4.952E-19 5.438E-19 5.788E-19 6.052E-19
 5.877E-19 5.390E-19 5.035E-19 4.902E-19 4.810E-19 4.679E-19 4.671E-19 5.146E-19 5.357E-19 5.375E-19
 5.389E-19 5.234E-19 5.185E-19 5.273E-19 5.178E-19 5.229E-19 5.312E-19 5.302E-19 5.476E-19 5.118E-19
 5.023E-19 5.092E-19 4.744E-19 5.058E-19 5.468E-19 5.203E-19 5.308E-19 5.353E-19 5.118E-19 5.267E-19
 5.094E-19 4.984E-19 4.755E-19 4.245E-19 4.567E-19 5.151E-19 5.756E-19 6.259E-19 6.013E-19 5.617E-19
 5.366E-19 4.884E-19 4.952E-19 4.988E-19 5.109E-19 5.296E-19 4.997E-19 5.268E-19 5.808E-19 5.400E-19
 5.069E-19 4.963E-19 4.786E-19 4.899E-19 5.115E-19 5.086E-19 4.877E-19 4.744E-19 4.588E-19 4.630E-19
 4.592E-19 4.812E-19 5.185E-19 5.349E-19 5.419E-19 5.256E-19 5.274E-19 5.450E-19 5.068E-19 5.248E-19
 5.373E-19 4.936E-19 4.961E-19 4.992E-19 5.018E-19 5.513E-19 5.800E-19 5.650E-19 5.114E-19 4.546E-19
 4.782E-19 5.013E-19 5.160E-19 5.464E-19 5.265E-19 4.884E-19 4.863E-19 4.835E-19 4.964E-19 5.176E-19
 5.260E-19 5.339E-19 5.107E-19 5.067E-19 5.323E-19 5.299E-19 5.296E-19 5.425E-19 4.797E-19 4.875E-19
 5.174E-19 4.972E-19 4.857E-19 4.996E-19 4.785E-19 5.173E-19 5.241E-19 5.420E-19 5.614E-19 5.096E-19
 5.204E-19 5.360E-19 5.431E-19 5.528E-19 5.583E-19 5.416E-19 5.611E-19 5.319E-19 5.305E-19 5.173E-19
 5.114E-19 5.129E-19 5.304E-19 5.254E-19 5.260E-19 5.031E-19 5.174E-19 5.509E-19 5.321E-19 5.323E-19
 5.208E-19 5.082E-19 5.081E-19 5.190E-19 5.145E-19 5.309E-19 5.246E-19 5.386E-19 5.134E-19 4.772E-19
 5.072E-19 5.505E-19 5.283E-19 5.240E-19 5.386E-19 5.151E-19 5.084E-19 4.849E-19 5.011E-19 5.387E-19
 5.491E-19 5.530E-19 5.789E-19 5.447E-19 5.460E-19 5.172E-19 4.976E-19 4.955E-19 4.670E-19 5.256E-19
 5.603E-19 5.192E-19 5.249E-19 5.551E-19 5.313E-19 5.374E-19 5.378E-19 5.523E-19 5.506E-19 5.528E-19
 5.483E-19 5.490E-19 5.333E-19 5.504E-19 5.486E-19 5.211E-19 5.261E-19 5.119E-19 5.111E-19 5.302E-19
 5.423E-19 5.419E-19 5.267E-19 4.812E-19 4.915E-19 4.772E-19 4.396E-19 4.605E-19 4.795E-19 4.766E-19
 5.309E-19 5.349E-19 5.388E-19 5.453E-19 5.304E-19 5.330E-19 5.441E-19 5.188E-19 5.221E-19 5.601E-19
 5.253E-19 5.069E-19 4.774E-19 4.763E-19 4.921E-19 4.979E-19 5.172E-19 5.536E-19 5.586E-19 5.722E-19
 5.519E-19 5.258E-19 5.089E-19 4.903E-19 4.983E-19 5.080E-19 5.047E-19 5.134E-19 5.384E-19 5.333E-19
 5.538E-19 5.193E-19 4.769E-19 4.745E-19 5.055E-19 5.153E-19 5.261E-19 5.279E-19 4.970E-19 4.973E-19
 5.078E-19 5.239E-19 4.999E-19 4.978E-19 5.030E-19 5.160E-19 5.095E-19 5.219E-19 5.114E-19 5.105E-19
 5.224E-19 5.500E-19 5.227E-19 4.681E-19 4.623E-19 4.990E-19 5.419E-19 5.401E-19 5.552E-19 5.323E-19
 5.035E-19 5.044E-19 5.134E-19 4.851E-19 4.843E-19 4.902E-19 5.075E-19 5.156E-19 5.072E-19 5.183E-19
 5.363E-19 5.260E-19 5.098E-19 5.148E-19 5.218E-19 5.360E-19 5.037E-19 4.896E-19 4.916E-19 5.201E-19
 5.385E-19 5.533E-19 5.593E-19 5.401E-19 4.945E-19 4.812E-19 5.416E-19 5.506E-19 5.114E-19 4.897E-19
 5.175E-19 5.285E-19 5.334E-19 5.068E-19 5.076E-19 5.288E-19 5.426E-19 5.618E-19 5.501E-19 5.243E-19
 5.049E-19 4.996E-19 4.900E-19 4.901E-19 4.992E-19 5.277E-19 5.239E-19 5.177E-19 5.022E-19 5.045E-19
 5.304E-19 5.456E-19 5.489E-19 5.174E-19 5.282E-19 5.490E-19 5.471E-19 4.782E-19 4.643E-19 4.871E-19
 5.449E-19 5.823E-19 5.457E-19 4.819E-19 4.867E-19 5.357E-19 5.359E-19 5.464E-19 5.586E-19 5.481E-19
 5.266E-19 5.260E-19 5.100E-19 5.050E-19 5.079E-19 5.387E-19 5.455E-19 5.496E-19 5.341E-19 5.128E-19
 4.979E-19 5.100E-19 5.191E-19 4.653E-19 4.636E-19 5.006E-19 5.534E-19 5.298E-19 5.264E-19 5.222E-19
 5.078E-19 5.120E-19 5.206E-19 5.322E-19 5.244E-19 5.285E-19 4.962E-19 4.853E-19 4.796E-19 4.671E-19
 4.860E-19 5.216E-19 4.822E-19 4.893E-19 5.332E-19 5.398E-19 5.319E-19 5.188E-19 5.233E-19 4.850E-19
 4.736E-19 4.910E-19 4.916E-19 4.703E-19 5.029E-19 5.406E-19 5.270E-19 4.994E-19 5.011E-19 5.034E-19
 5.083E-19 5.139E-19 4.864E-19 4.949E-19 4.859E-19 5.167E-19 5.221E-19 4.872E-19 4.369E-19 4.577E-19
 5.015E-19 5.268E-19 5.230E-19 5.151E-19 5.249E-19 5.144E-19 5.083E-19 4.918E-19 4.948E-19 4.834E-19
 5.083E-19 4.992E-19 4.668E-19 4.621E-19 5.027E-19 5.242E-19 4.860E-19 5.069E-19 4.938E-19 4.660E-19
 4.724E-19 5.070E-19 5.080E-19 4.689E-19 4.863E-19 5.202E-19 4.956E-19 4.887E-19 4.977E-19 4.755E-19
 4.689E-19 4.906E-19 5.203E-19 5.258E-19 5.361E-19 5.031E-19 4.590E-19 4.297E-19 4.665E-19 4.816E-19
 4.806E-19 4.889E-19 5.079E-19 4.975E-19 4.568E-19 4.650E-19 5.032E-19 5.129E-19 4.816E-19 4.785E-19
 4.730E-19 4.638E-19 4.833E-19 5.003E-19 5.085E-19 5.024E-19 4.817E-19 4.815E-19 4.533E-19 4.537E-19
 4.565E-19 4.762E-19 5.199E-19 5.246E-19 5.028E-19 4.750E-19 4.734E-19 4.683E-19 4.370E-19 4.174E-19
 4.280E-19 4.811E-19 5.012E-19 4.961E-19 4.991E-19 4.796E-19 4.690E-19 4.800E-19 4.872E-19 4.719E-19
 4.558E-19 4.865E-19 5.114E-19 4.949E-19 4.611E-19 4.395E-19 4.394E-19 4.443E-19 4.513E-19 4.632E-19
 4.665E-19 4.762E-19 4.704E-19 4.445E-19 4.453E-19 4.698E-19 4.655E-19 4.314E-19 4.168E-19 4.074E-19
 4.111E-19 4.415E-19 4.811E-19 4.840E-19 4.569E-19 4.305E-19 4.295E-19 4.311E-19 4.315E-19 4.108E-19
 4.123E-19 4.349E-19 4.657E-19 4.695E-19 4.466E-19 4.456E-19 4.330E-19 4.268E-19 4.208E-19 4.229E-19
 4.423E-19 4.528E-19 4.758E-19 4.445E-19 4.138E-19 4.180E-19 4.123E-19 3.997E-19 4.185E-19 4.456E-19
 4.680E-19 4.805E-19 4.821E-19 4.494E-19 4.207E-19 3.932E-19 3.901E-19 3.985E-19 3.885E-19 3.989E-19
 4.032E-19 4.043E-19 4.405E-19 4.345E-19 3.715E-19 3.701E-19 3.820E-19 4.050E-19 4.467E-19 4.606E-19
 4.485E-19 4.298E-19 4.501E-19 4.665E-19 4.407E-19 4.181E-19 4.065E-19 3.910E-19 3.788E-19 3.864E-19
 4.068E-19 4.422E-19 4.345E-19 4.074E-19 3.678E-19 3.460E-19 3.387E-19 3.681E-19 3.975E-19 4.008E-19
 4.235E-19 4.448E-19 4.410E-19 4.315E-19 3.879E-19 3.946E-19 4.027E-19 3.849E-19 3.935E-19 3.978E-19
 4.070E-19 4.133E-19 4.498E-19 4.387E-19 3.736E-19 3.647E-19 3.740E-19 3.938E-19 4.105E-19 4.001E-19
 3.878E-19 3.944E-19 4.012E-19 3.933E-19 3.773E-19 3.776E-19 3.712E-19 3.535E-19 3.462E-19 3.410E-19
 3.685E-19 3.994E-19 3.931E-19 3.567E-19 3.430E-19 3.743E-19 3.939E-19 3.843E-19 3.639E-19 3.612E-19
 3.814E-19 4.144E-19 4.178E-19 3.878E-19 3.775E-19 3.522E-19 3.594E-19 3.632E-19 3.289E-19 3.360E-19
 3.720E-19 3.881E-19 3.976E-19 3.647E-19 3.219E-19 3.282E-19 3.527E-19 3.674E-19 3.642E-19 3.351E-19
 3.358E-19 3.568E-19 3.526E-19 3.344E-19 3.191E-19 3.303E-19 3.469E-19 3.771E-19 3.870E-19 3.600E-19
 3.840E-19 4.236E-19 4.066E-19 3.487E-19 3.178E-19 3.130E-19 3.205E-19 3.432E-19 3.393E-19 3.564E-19
 3.798E-19 4.013E-19 3.959E-19 3.334E-19 3.210E-19 3.459E-19 3.349E-19 3.269E-19 3.543E-19 3.871E-19
 3.681E-19 3.625E-19 3.755E-19 3.376E-19 3.043E-19 3.099E-19 3.261E-19 3.323E-19 3.227E-19 3.089E-19
 3.241E-19 3.715E-19 3.654E-19 3.004E-19 3.014E-19 3.346E-19 3.342E-19 3.225E-19 3.310E-19 3.543E-19
 3.350E-19 3.244E-19 3.413E-19 3.071E-19 2.874E-19 3.017E-19 3.052E-19 2.917E-19 3.067E-19 3.275E-19
 3.382E-19 3.446E-19 3.574E-19 3.305E-19 2.731E-19 2.827E-19 2.745E-19 2.548E-19 2.703E-19 2.892E-19
 3.075E-19 3.466E-19 3.722E-19 3.217E-19 2.740E-19 2.956E-19 3.093E-19 2.915E-19 2.917E-19 2.875E-19
 2.915E-19 3.189E-19 3.007E-19 2.708E-19 2.669E-19 2.804E-19 3.142E-19 3.234E-19 3.394E-19 3.423E-19
 3.313E-19 3.283E-19 3.042E-19 2.772E-19 2.762E-19 2.674E-19 2.661E-19 2.870E-19 3.009E-19 3.086E-19
 3.191E-19 3.474E-19 3.660E-19 3.208E-19 2.690E-19 2.635E-19 2.825E-19 2.790E-19 2.555E-19 2.444E-19
 2.639E-19 2.879E-19 2.872E-19 2.735E-19 2.590E-19 2.493E-19 2.406E-19 2.468E-19 2.520E-19 2.638E-19
 2.806E-19 2.822E-19 2.547E-19 2.472E-19 2.462E-19 2.694E-19 2.853E-19 2.825E-19 2.706E-19 2.684E-19
 3.044E-19 3.241E-19 2.951E-19 2.779E-19 2.624E-19 2.472E-19 2.455E-19 2.495E-19 2.615E-19 2.893E-19
 3.011E-19 2.923E-19 2.737E-19 2.475E-19 2.218E-19 2.220E-19 2.278E-19 2.251E-19 2.376E-19 2.662E-19
 2.630E-19 2.389E-19 2.451E-19 2.599E-19 2.719E-19 2.864E-19 2.744E-19 2.535E-19 2.464E-19 2.353E-19
 2.411E-19 2.467E-19 2.467E-19 2.524E-19 2.327E-19 2.132E-19 2.195E-19 2.111E-19 2.163E-19 2.638E-19
 2.929E-19 2.759E-19 2.652E-19 2.539E-19 2.449E-19 2.320E-19 2.198E-19 2.248E-19 2.162E-19 2.347E-19
 2.708E-19 2.588E-19 2.201E-19 2.353E-19 2.445E-19 2.265E-19 2.403E-19 2.422E-19 2.251E-19 2.255E-19
 2.351E-19 2.094E-19 2.286E-19 2.326E-19 2.057E-19 1.997E-19 2.218E-19 2.178E-19 1.941E-19 2.136E-19
 2.237E-19 2.001E-19 2.031E-19 2.119E-19 2.144E-19 2.395E-19 2.721E-19 2.326E-19 2.040E-19 2.339E-19
 2.590E-19 2.358E-19 2.198E-19 2.191E-19 2.070E-19 2.159E-19 2.164E-19 1.949E-19 1.744E-19 1.710E-19
 1.964E-19 2.088E-19 2.029E-19 2.131E-19 1.982E-19 1.839E-19 1.979E-19 2.228E-19 2.282E-19 0.000E+00
