     CClF3  765.0110  804.9900      2696  273.0000    0.0000 1.278E-18  NCAR    CFC-13
 3.784E-20 6.271E-20 8.761E-20 8.131E-20 7.515E-20 6.789E-20 5.255E-20 4.092E-20 4.092E-20 3.498E-20
 3.277E-20 3.420E-20 3.283E-20 2.962E-20 3.301E-20 3.741E-20 4.245E-20 5.179E-20 8.039E-20 9.678E-20
 8.715E-20 7.131E-20 5.001E-20 4.082E-20 3.706E-20 3.413E-20 3.410E-20 3.449E-20 3.060E-20 2.743E-20
 2.935E-20 3.299E-20 3.694E-20 4.327E-20 6.812E-20 1.071E-19 1.134E-19 8.828E-20 5.538E-20 3.750E-20
 3.024E-20 2.628E-20 2.450E-20 2.511E-20 2.846E-20 2.721E-20 2.291E-20 2.379E-20 3.148E-20 3.721E-20
 4.768E-20 8.706E-20 1.314E-19 1.237E-19 8.393E-20 5.278E-20 3.993E-20 3.398E-20 2.728E-20 2.524E-20
 3.354E-20 3.862E-20 3.755E-20 3.471E-20 3.829E-20 4.024E-20 4.025E-20 6.160E-20 1.210E-19 1.468E-19
 1.031E-19 6.230E-20 4.481E-20 3.407E-20 2.580E-20 2.210E-20 2.427E-20 2.427E-20 3.374E-20 2.987E-20
 3.051E-20 4.170E-20 4.390E-20 4.367E-20 9.217E-20 1.565E-19 1.329E-19 7.567E-20 5.382E-20 4.661E-20
 3.817E-20 3.149E-20 2.926E-20 3.240E-20 3.632E-20 3.502E-20 3.614E-20 4.273E-20 5.058E-20 5.877E-20
 9.342E-20 1.594E-19 1.653E-19 1.024E-19 6.094E-20 4.371E-20 3.694E-20 3.215E-20 2.979E-20 3.065E-20
 3.380E-20 3.008E-20 2.783E-20 3.233E-20 4.059E-20 4.867E-20 7.717E-20 1.416E-19 1.855E-19 1.445E-19
 8.613E-20 6.051E-20 4.681E-20 3.236E-20 2.933E-20 3.255E-20 3.654E-20 3.760E-20 3.197E-20 2.696E-20
 2.772E-20 3.599E-20 6.035E-20 1.098E-19 1.642E-19 1.660E-19 1.123E-19 6.859E-20 4.646E-20 3.838E-20
 3.664E-20 3.611E-20 4.305E-20 5.186E-20 4.968E-20 4.428E-20 4.551E-20 5.081E-20 6.299E-20 9.411E-20
 1.334E-19 1.699E-19 1.426E-19 8.439E-20 5.519E-20 4.142E-20 3.358E-20 2.845E-20 3.241E-20 4.558E-20
 4.551E-20 3.920E-20 4.115E-20 5.106E-20 7.115E-20 1.000E-19 1.182E-19 1.566E-19 1.715E-19 1.183E-19
 7.243E-20 5.153E-20 4.079E-20 3.519E-20 3.712E-20 4.511E-20 4.759E-20 4.043E-20 3.547E-20 4.265E-20
 7.228E-20 1.019E-19 9.970E-20 1.209E-19 1.724E-19 1.410E-19 8.367E-20 5.998E-20 4.837E-20 4.531E-20
 4.656E-20 5.682E-20 6.237E-20 5.240E-20 4.652E-20 5.439E-20 8.331E-20 1.143E-19 1.032E-19 1.088E-19
 1.749E-19 1.806E-19 1.116E-19 6.217E-20 3.899E-20 2.992E-20 3.305E-20 4.722E-20 5.614E-20 5.429E-20
 4.854E-20 5.132E-20 8.119E-20 1.178E-19 1.021E-19 8.697E-20 1.439E-19 1.992E-19 1.511E-19 8.729E-20
 5.472E-20 3.829E-20 3.494E-20 4.482E-20 5.644E-20 5.587E-20 4.778E-20 4.902E-20 8.166E-20 1.182E-19
 9.664E-20 6.899E-20 1.049E-19 1.863E-19 1.810E-19 1.124E-19 7.311E-20 5.140E-20 5.140E-20 5.027E-20
 6.075E-20 5.824E-20 4.981E-20 5.464E-20 9.068E-20 1.270E-19 1.066E-19 7.258E-20 8.456E-20 1.645E-19
 2.046E-19 1.356E-19 7.901E-20 5.844E-20 5.270E-20 5.177E-20 6.036E-20 5.604E-20 4.646E-20 5.182E-20
 8.970E-20 1.177E-19 9.820E-20 7.405E-20 7.508E-20 1.375E-19 2.177E-19 1.764E-19 1.017E-19 6.298E-20
 4.985E-20 5.167E-20 6.317E-20 6.608E-20 5.558E-20 5.632E-20 9.969E-20 1.209E-19 9.165E-20 7.096E-20
 7.029E-20 1.178E-19 2.208E-19 2.218E-19 1.339E-19 7.897E-20 5.861E-20 5.531E-20 5.988E-20 6.782E-20
 6.398E-20 7.221E-20 1.151E-19 1.229E-19 9.103E-20 6.853E-20 5.654E-20 8.451E-20 1.855E-19 2.400E-19
 1.665E-19 9.787E-20 6.972E-20 5.990E-20 6.147E-20 6.937E-20 6.754E-20 8.773E-20 1.280E-19 1.205E-19
 8.975E-20 7.278E-20 5.917E-20 7.075E-20 1.555E-19 2.424E-19 1.861E-19 1.028E-19 7.100E-20 6.116E-20
 6.019E-20 6.666E-20 6.661E-20 9.256E-20 1.273E-19 1.084E-19 8.130E-20 7.516E-20 7.102E-20 7.818E-20
 1.442E-19 2.552E-19 2.291E-19 1.295E-19 8.142E-20 6.713E-20 6.517E-20 7.280E-20 8.282E-20 1.163E-19
 1.315E-19 8.894E-20 6.009E-20 6.078E-20 5.719E-20 5.967E-20 1.161E-19 2.403E-19 2.584E-19 1.569E-19
 9.231E-20 6.997E-20 6.002E-20 6.794E-20 9.598E-20 1.410E-19 1.424E-19 9.290E-20 6.789E-20 6.651E-20
 6.470E-20 6.218E-20 6.218E-20 2.215E-19 2.858E-19 1.916E-19 1.047E-19 6.797E-20 5.012E-20 5.488E-20
 9.467E-20 1.426E-19 1.260E-19 7.594E-20 6.326E-20 7.301E-20 7.460E-20 6.886E-20 9.258E-20 2.000E-19
 2.980E-19 2.236E-19 1.252E-19 8.515E-20 6.701E-20 7.722E-20 1.299E-19 1.630E-19 1.092E-19 4.977E-20
 4.659E-20 6.568E-20 7.258E-20 7.162E-20 8.775E-20 1.803E-19 3.037E-19 2.544E-19 1.411E-19 9.013E-20
 7.073E-20 9.128E-20 1.547E-19 1.640E-19 9.097E-20 4.531E-20 4.695E-20 6.313E-20 6.979E-20 6.790E-20
 7.884E-20 1.647E-19 3.090E-19 2.862E-19 1.549E-19 8.274E-20 6.042E-20 1.028E-19 1.776E-19 1.573E-19
 7.740E-20 4.818E-20 5.476E-20 6.168E-20 6.533E-20 6.726E-20 7.418E-20 1.478E-19 3.053E-19 3.213E-19
 1.792E-19 8.510E-20 6.648E-20 1.250E-19 1.805E-19 1.263E-19 6.066E-20 5.019E-20 5.678E-20 6.871E-20
 7.300E-20 7.034E-20 7.401E-20 1.367E-19 2.910E-19 3.315E-19 1.916E-19 9.796E-20 9.422E-20 1.659E-19
 1.876E-19 1.065E-19 5.110E-20 4.182E-20 4.715E-20 6.293E-20 7.664E-20 7.938E-20 8.409E-20 1.328E-19
 2.785E-19 3.370E-19 2.012E-19 1.027E-19 1.167E-19 1.889E-19 1.676E-19 8.541E-20 5.241E-20 4.785E-20
 5.387E-20 6.641E-20 7.800E-20 7.967E-20 8.662E-20 1.328E-19 2.814E-19 3.530E-19 2.099E-19 1.026E-19
 1.356E-19 1.851E-19 1.306E-19 6.611E-20 4.519E-20 4.155E-20 5.208E-20 6.875E-20 7.970E-20 8.130E-20
 9.057E-20 1.343E-19 2.787E-19 3.580E-19 2.271E-19 1.433E-19 1.836E-19 1.741E-19 9.970E-20 5.370E-20
 4.432E-20 4.139E-20 4.970E-20 6.687E-20 7.975E-20 8.373E-20 8.373E-20 1.225E-19 2.699E-19 3.615E-19
 2.441E-19 1.808E-19 1.937E-19 1.402E-19 8.280E-20 5.307E-20 4.527E-20 4.088E-20 5.158E-20 7.410E-20
 9.477E-20 9.909E-20 9.575E-20 1.276E-19 2.738E-19 3.696E-19 2.664E-19 2.019E-19 1.587E-19 9.507E-20
 7.113E-20 5.020E-20 4.230E-20 3.900E-20 5.134E-20 6.895E-20 8.562E-20 8.776E-20 9.144E-20 1.317E-19
 2.820E-19 3.931E-19 3.178E-19 2.167E-19 1.251E-19 8.498E-20 7.063E-20 4.982E-20 4.550E-20 4.417E-20
 5.669E-20 7.495E-20 9.029E-20 8.982E-20 8.920E-20 1.239E-19 2.856E-19 4.287E-19 3.510E-19 1.878E-19
 9.313E-20 7.929E-20 6.140E-20 4.195E-20 4.162E-20 4.854E-20 6.563E-20 8.664E-20 9.961E-20 9.682E-20
 8.993E-20 1.281E-19 3.139E-19 4.765E-19 3.370E-19 1.321E-19 7.570E-20 8.100E-20 6.466E-20 4.464E-20
 3.949E-20 4.793E-20 7.016E-20 9.003E-20 1.008E-19 9.390E-20 8.563E-20 1.396E-19 3.580E-19 4.840E-19
 2.583E-19 7.970E-20 6.367E-20 6.726E-20 5.126E-20 4.350E-20 4.663E-20 5.472E-20 7.303E-20 9.218E-20
 1.026E-19 9.668E-20 9.195E-20 1.730E-19 4.102E-19 4.439E-19 1.919E-19 7.214E-20 7.052E-20 6.236E-20
 4.347E-20 3.932E-20 4.532E-20 5.584E-20 7.422E-20 8.929E-20 8.801E-20 7.974E-20 9.335E-20 2.262E-19
 4.621E-19 3.943E-19 1.472E-19 7.221E-20 7.527E-20 5.878E-20 4.119E-20 4.170E-20 4.768E-20 6.319E-20
 8.375E-20 8.375E-20 1.007E-19 9.409E-20 1.329E-19 2.996E-19 4.562E-19 3.232E-19 1.181E-19 7.478E-20
 7.676E-20 5.636E-20 4.066E-20 4.132E-20 4.742E-20 6.089E-20 7.797E-20 9.372E-20 9.986E-20 1.119E-19
 1.886E-19 3.307E-19 4.165E-19 2.735E-19 1.033E-19 8.235E-20 7.956E-20 5.928E-20 5.133E-20 5.725E-20
 6.043E-20 7.054E-20 8.288E-20 9.096E-20 9.866E-20 1.401E-19 2.065E-19 2.979E-19 3.735E-19 2.267E-19
 8.576E-20 7.393E-20 5.807E-20 4.572E-20 5.028E-20 5.923E-20 6.622E-20 8.410E-20 9.891E-20 1.100E-19
 1.326E-19 1.790E-19 1.930E-19 2.918E-19 3.534E-19 1.815E-19 8.166E-20 7.165E-20 7.165E-20 4.146E-20
 4.002E-20 4.273E-20 4.999E-20 6.907E-20 9.006E-20 1.182E-19 1.658E-19 1.626E-19 1.552E-19 3.058E-19
 3.168E-19 1.392E-19 7.573E-20 6.496E-20 5.333E-20 5.373E-20 5.350E-20 5.370E-20 6.260E-20 8.160E-20
 1.054E-19 1.556E-19 1.760E-19 1.173E-19 1.697E-19 3.395E-19 2.743E-19 1.030E-19 6.202E-20 4.656E-20
 4.270E-20 5.041E-20 5.709E-20 5.763E-20 7.439E-20 1.011E-19 1.421E-19 1.756E-19 1.225E-19 8.644E-20
 2.147E-19 3.473E-19 2.215E-19 9.169E-20 6.690E-20 4.681E-20 4.530E-20 4.544E-20 5.019E-20 5.938E-20
 8.619E-20 1.269E-19 1.799E-19 1.445E-19 7.709E-20 1.050E-19 2.663E-19 3.249E-19 1.600E-19 7.655E-20
 6.287E-20 5.135E-20 5.014E-20 4.892E-20 4.566E-20 5.631E-20 5.631E-20 1.602E-19 1.593E-19 9.044E-20
 6.917E-20 1.436E-19 3.113E-19 2.794E-19 1.166E-19 6.557E-20 5.264E-20 4.850E-20 4.735E-20 5.171E-20
 5.754E-20 8.385E-20 1.431E-19 1.593E-19 9.537E-20 5.657E-20 7.003E-20 1.931E-19 3.210E-19 2.086E-19
 8.040E-20 5.281E-20 4.210E-20 4.141E-20 4.293E-20 4.995E-20 6.786E-20 1.318E-19 1.680E-19 1.163E-19
 6.606E-20 5.683E-20 9.673E-20 2.462E-19 2.974E-19 1.531E-19 7.696E-20 6.199E-20 5.424E-20 5.284E-20
 4.624E-20 4.852E-20 9.736E-20 1.499E-19 1.181E-19 7.728E-20 6.148E-20 6.392E-20 1.475E-19 2.968E-19
 2.446E-19 9.872E-20 5.851E-20 5.406E-20 5.868E-20 6.098E-20 6.686E-20 9.915E-20 1.488E-19 1.271E-19
 8.514E-20 6.944E-20 6.334E-20 8.481E-20 2.006E-19 2.896E-19 1.672E-19 5.844E-20 3.253E-20 2.824E-20
 3.553E-20 4.108E-20 7.269E-20 1.251E-19 1.139E-19 7.739E-20 6.668E-20 5.366E-20 5.552E-20 1.152E-19
 2.604E-19 2.567E-19 1.125E-19 5.233E-20 4.286E-20 4.103E-20 3.680E-20 5.844E-20 1.059E-19 1.033E-19
 7.493E-20 6.934E-20 5.783E-20 4.877E-20 6.088E-20 1.598E-19 2.673E-19 1.740E-19 5.990E-20 4.181E-20
 4.203E-20 4.235E-20 6.171E-20 1.027E-19 9.666E-20 7.317E-20 7.082E-20 6.835E-20 5.900E-20 5.679E-20
 1.044E-19 2.370E-19 2.506E-19 1.070E-19 4.593E-20 3.977E-20 3.776E-20 5.317E-20 9.005E-20 8.535E-20
 6.279E-20 6.455E-20 6.351E-20 5.428E-20 4.375E-20 5.764E-20 1.581E-19 2.678E-19 1.815E-19 7.253E-20
 5.432E-20 5.228E-20 6.694E-20 9.496E-20 8.799E-20 6.731E-20 7.982E-20 8.645E-20 8.151E-20 6.784E-20
 6.300E-20 1.018E-19 2.174E-19 2.223E-19 9.494E-20 4.094E-20 3.949E-20 5.805E-20 8.643E-20 7.672E-20
 4.798E-20 5.152E-20 6.163E-20 5.803E-20 5.306E-20 5.338E-20 6.601E-20 1.503E-19 2.288E-19 1.361E-19
 3.977E-20 3.170E-20 5.105E-20 8.098E-20 7.351E-20 5.332E-20 5.359E-20 6.368E-20 6.595E-20 5.698E-20
 4.639E-20 4.549E-20 9.250E-20 2.000E-19 1.881E-19 7.636E-20 4.171E-20 4.994E-20 7.254E-20 6.233E-20
 3.882E-20 3.997E-20 5.846E-20 7.071E-20 6.475E-20 5.626E-20 5.286E-20 6.958E-20 1.542E-19 2.064E-19
 1.169E-19 5.899E-20 7.015E-20 8.868E-20 7.240E-20 4.853E-20 4.605E-20 5.146E-20 6.419E-20 6.910E-20
 6.801E-20 6.226E-20 6.417E-20 1.131E-19 1.922E-19 1.418E-19 5.614E-20 5.733E-20 7.105E-20 5.976E-20
 4.833E-20 5.377E-20 5.676E-20 6.590E-20 7.123E-20 6.893E-20 6.671E-20 7.183E-20 9.740E-20 1.762E-19
 1.873E-19 1.021E-19 7.674E-20 8.122E-20 6.321E-20 5.075E-20 4.996E-20 5.455E-20 6.344E-20 7.196E-20
 7.329E-20 6.740E-20 6.167E-20 6.901E-20 1.269E-19 1.805E-19 1.252E-19 8.715E-20 9.610E-20 8.539E-20
 7.678E-20 7.848E-20 8.172E-20 8.646E-20 9.807E-20 1.056E-19 1.042E-19 1.002E-19 1.020E-19 1.368E-19
 1.974E-19 1.696E-19 1.141E-19 1.041E-19 9.093E-20 8.869E-20 9.197E-20 9.958E-20 1.072E-19 1.113E-19
 1.057E-19 9.533E-20 8.789E-20 8.905E-20 1.140E-19 1.769E-19 1.878E-19 1.311E-19 9.978E-20 8.418E-20
 8.074E-20 8.347E-20 8.982E-20 9.744E-20 1.082E-19 1.145E-19 1.129E-19 1.073E-19 1.045E-19 1.165E-19
 1.618E-19 1.949E-19 1.607E-19 1.288E-19 1.217E-19 1.206E-19 1.242E-19 1.259E-19 1.276E-19 1.321E-19
 1.371E-19 1.357E-19 1.306E-19 1.263E-19 1.316E-19 1.624E-19 1.973E-19 1.675E-19 1.186E-19 1.052E-19
 1.071E-19 1.120E-19 1.161E-19 1.206E-19 1.307E-19 1.430E-19 1.440E-19 1.401E-19 1.434E-19 1.527E-19
 1.839E-19 2.400E-19 2.442E-19 2.014E-19 1.894E-19 1.955E-19 2.050E-19 2.157E-19 2.267E-19 2.404E-19
 2.552E-19 2.682E-19 2.776E-19 2.815E-19 2.836E-19 2.958E-19 3.259E-19 3.103E-19 2.534E-19 2.362E-19
 2.376E-19 2.349E-19 2.249E-19 2.069E-19 1.871E-19 1.755E-19 1.750E-19 1.807E-19 1.880E-19 1.921E-19
 1.955E-19 2.142E-19 2.093E-19 1.621E-19 1.444E-19 1.547E-19 1.631E-19 1.676E-19 1.743E-19 1.860E-19
 1.968E-19 2.014E-19 2.008E-19 2.062E-19 2.230E-19 2.422E-19 2.664E-19 2.888E-19 2.778E-19 2.663E-19
 2.754E-19 2.843E-19 2.909E-19 2.999E-19 3.079E-19 3.137E-19 3.213E-19 3.270E-19 3.305E-19 3.275E-19
 3.128E-19 3.147E-19 3.440E-19 3.523E-19 3.477E-19 3.613E-19 3.791E-19 3.955E-19 4.125E-19 4.293E-19
 4.476E-19 4.712E-19 4.932E-19 5.192E-19 5.539E-19 6.045E-19 6.380E-19 6.384E-19 6.297E-19 6.328E-19
 6.510E-19 6.718E-19 6.939E-19 7.109E-19 7.224E-19 7.299E-19 7.189E-19 6.920E-19 6.589E-19 5.991E-19
 4.999E-19 4.243E-19 3.711E-19 3.105E-19 2.767E-19 2.716E-19 2.668E-19 2.546E-19 2.389E-19 2.247E-19
 2.229E-19 2.417E-19 2.475E-19 2.242E-19 1.950E-19 1.734E-19 1.631E-19 1.673E-19 1.677E-19 1.549E-19
 1.537E-19 1.770E-19 1.956E-19 1.941E-19 1.849E-19 1.887E-19 1.998E-19 2.116E-19 2.308E-19 2.509E-19
 2.682E-19 2.830E-19 2.854E-19 2.788E-19 2.777E-19 2.856E-19 2.954E-19 3.045E-19 3.157E-19 3.323E-19
 3.464E-19 3.518E-19 3.629E-19 3.787E-19 3.906E-19 4.058E-19 4.324E-19 4.636E-19 4.947E-19 5.255E-19
 5.550E-19 5.806E-19 6.068E-19 6.304E-19 6.578E-19 6.883E-19 7.184E-19 7.487E-19 7.730E-19 8.945E-19
 9.271E-19 9.560E-19 9.939E-19 1.033E-18 1.078E-18 1.130E-18 1.169E-18 1.192E-18 1.223E-18 1.262E-18
 1.278E-18 1.269E-18 1.242E-18 1.207E-18 1.141E-18 1.032E-18 8.701E-19 5.355E-19 2.467E-19 1.169E-19
 1.169E-19 8.717E-20 8.616E-20 8.997E-20 9.513E-20 1.029E-19 1.097E-19 1.125E-19 1.094E-19 1.025E-19
 1.026E-19 1.046E-19 1.101E-19 1.101E-19 1.178E-19 1.180E-19 1.168E-19 1.183E-19 1.198E-19 1.207E-19
 1.268E-19 1.359E-19 1.364E-19 1.345E-19 1.459E-19 1.600E-19 1.722E-19 1.747E-19 1.485E-19 8.330E-20
 3.148E-20 2.118E-20 2.679E-20 3.202E-20 3.569E-20 4.281E-20 4.813E-20 3.735E-20 2.878E-20 3.030E-20
 2.822E-20 3.026E-20 4.142E-20 4.278E-20 3.507E-20 3.248E-20 2.971E-20 2.685E-20 2.502E-20 2.502E-20
 4.704E-20 4.481E-20 3.156E-20 3.001E-20 3.215E-20 3.045E-20 3.508E-20 4.664E-20 4.706E-20 3.661E-20
 3.171E-20 3.262E-20 3.239E-20 3.782E-20 5.392E-20 6.012E-20 4.289E-20 3.174E-20 3.450E-20 3.690E-20
 3.566E-20 4.267E-20 5.115E-20 3.878E-20 2.118E-20 1.893E-20 1.893E-20 2.392E-20 3.882E-20 5.814E-20
 5.426E-20 3.806E-20 3.302E-20 3.552E-20 3.539E-20 3.753E-20 4.490E-20 5.627E-20 5.043E-20 3.598E-20
 3.098E-20 3.260E-20 3.872E-20 5.876E-20 5.876E-20 4.206E-20 2.805E-20 3.162E-20 4.061E-20 3.963E-20
 3.963E-20 4.067E-20 5.520E-20 3.826E-20 2.105E-20 1.873E-20 2.817E-20 5.926E-20 8.389E-20 6.559E-20
 4.223E-20 3.722E-20 4.407E-20 4.951E-20 4.334E-20 4.298E-20 6.756E-20 7.817E-20 4.974E-20 3.058E-20
 2.624E-20 3.672E-20 6.296E-20 6.335E-20 4.299E-20 3.819E-20 4.598E-20 5.752E-20 5.193E-20 3.629E-20
 4.105E-20 7.051E-20 7.542E-20 4.262E-20 3.092E-20 4.426E-20 7.898E-20 8.986E-20 6.225E-20 4.611E-20
 4.480E-20 5.705E-20 6.239E-20 4.697E-20 3.890E-20 5.671E-20 9.102E-20 7.960E-20 3.771E-20 3.162E-20
 6.097E-20 8.841E-20 7.365E-20 5.913E-20 5.543E-20 6.167E-20 6.648E-20 5.356E-20 3.665E-20 3.956E-20
 6.964E-20 1.035E-19 7.617E-20 4.237E-20 6.190E-20 9.249E-20 8.394E-20 6.487E-20 5.820E-20 5.604E-20
 6.321E-20 6.616E-20 5.508E-20 4.678E-20 5.536E-20 9.293E-20 1.110E-19 6.521E-20 4.995E-20 8.481E-20
 9.252E-20 7.498E-20 6.919E-20 6.563E-20 6.331E-20 6.168E-20 5.867E-20 4.641E-20 4.419E-20 6.546E-20
 1.155E-19 1.154E-19 6.879E-20 8.277E-20 9.363E-20 7.657E-20 7.646E-20 7.809E-20 7.107E-20 6.866E-20
 7.438E-20 6.522E-20 5.201E-20 5.398E-20 8.305E-20 1.291E-19 1.127E-19 9.823E-20 1.108E-19 8.816E-20
 7.905E-20 7.833E-20 6.634E-20 5.026E-20 5.405E-20 5.628E-20 5.062E-20 5.269E-20 6.084E-20 1.070E-19
 1.539E-19 1.334E-19 1.145E-19 9.283E-20 8.600E-20 9.157E-20 8.734E-20 7.232E-20 7.226E-20 7.905E-20
 6.742E-20 5.532E-20 4.639E-20 6.580E-20 1.425E-19 1.830E-19 1.446E-19 1.000E-19 8.426E-20 8.815E-20
 7.634E-20 5.922E-20 5.414E-20 6.765E-20 7.158E-20 6.446E-20 5.423E-20 5.358E-20 1.031E-19 2.014E-19
 1.979E-19 1.135E-19 8.586E-20 9.652E-20 9.262E-20 7.889E-20 7.052E-20 7.573E-20 7.436E-20 5.540E-20
 4.220E-20 3.747E-20 6.107E-20 1.733E-19 2.604E-19 1.611E-19 8.495E-20 9.274E-20 8.906E-20 7.015E-20
 6.380E-20 7.507E-20 9.442E-20 8.906E-20 6.983E-20 5.504E-20 5.316E-20 1.196E-19 2.417E-19 2.106E-19
 1.111E-19 1.060E-19 1.030E-19 8.832E-20 6.977E-20 6.839E-20 8.060E-20 8.026E-20 5.426E-20 4.390E-20
 4.834E-20 1.038E-19 2.392E-19 2.821E-19 1.591E-19 1.039E-19 9.581E-20 8.712E-20 7.556E-20 7.447E-20
 9.056E-20 1.037E-19 8.088E-20 6.104E-20 5.269E-20 8.016E-20 1.811E-19 2.766E-19 2.185E-19 1.214E-19
 9.427E-20 8.634E-20 7.989E-20 7.318E-20 8.051E-20 9.226E-20 7.826E-20 5.376E-20 5.239E-20 8.440E-20
 1.614E-19 2.396E-19 2.624E-19 1.669E-19 9.428E-20 8.427E-20 7.845E-20 7.530E-20 8.421E-20 1.022E-19
 9.670E-20 6.651E-20 5.767E-20 8.681E-20 1.498E-19 1.909E-19 2.593E-19 2.353E-19 1.255E-19 9.441E-20
 8.609E-20 7.742E-20 7.396E-20 9.057E-20 9.574E-20 7.550E-20 6.938E-20 1.010E-19 1.505E-19 1.547E-19
 2.160E-19 2.746E-19 1.656E-19 9.752E-20 9.522E-20 9.262E-20 8.609E-20 9.367E-20 1.046E-19 8.369E-20
 6.578E-20 1.021E-19 1.538E-19 1.386E-19 1.741E-19 2.897E-19 2.384E-19 1.201E-19 9.342E-20 8.667E-20
 7.641E-20 7.773E-20 9.576E-20 8.775E-20 8.053E-20 1.196E-19 1.638E-19 1.282E-19 1.239E-19 2.409E-19
 2.788E-19 1.532E-19 1.036E-19 1.066E-19 9.968E-20 9.229E-20 1.077E-19 1.021E-19 8.933E-20 1.301E-19
 1.738E-19 1.282E-19 1.042E-19 1.993E-19 3.080E-19 2.126E-19 1.093E-19 9.848E-20 8.924E-20 7.752E-20
 9.194E-20 9.942E-20 9.399E-20 1.378E-19 1.704E-19 1.129E-19 7.145E-20 1.380E-19 2.916E-19 2.790E-19
 1.420E-19 1.100E-19 1.083E-19 9.989E-20 1.027E-19 1.108E-19 1.063E-19 1.517E-19 1.680E-19 1.088E-19
 7.411E-20 1.096E-19 2.497E-19 3.167E-19 1.753E-19 9.797E-20 8.896E-20 8.535E-20 9.421E-20 1.134E-19
 1.217E-19 1.714E-19 1.622E-19 9.107E-20 6.215E-20 8.709E-20 2.074E-19 3.439E-19 2.435E-19 1.276E-19
 1.089E-19 1.035E-19 1.044E-19 1.173E-19 1.370E-19 1.805E-19 1.484E-19 8.368E-20 6.316E-20 6.994E-20
 1.567E-19 3.236E-19 2.821E-19 1.268E-19 9.017E-20 9.291E-20 1.078E-19 1.329E-19 1.671E-19 1.945E-19
 1.348E-19 7.239E-20 6.443E-20 6.939E-20 1.361E-19 3.136E-19 3.486E-19 1.760E-19 9.796E-20 8.949E-20
 1.003E-19 1.304E-19 1.782E-19 1.817E-19 1.107E-19 6.598E-20 5.775E-20 5.596E-20 1.030E-19 2.660E-19
 3.638E-19 2.065E-19 1.038E-19 9.791E-20 1.143E-19 1.545E-19 1.976E-19 1.629E-19 9.364E-20 6.870E-20
 5.773E-20 5.540E-20 9.488E-20 2.378E-19 3.822E-19 2.648E-19 1.327E-19 1.079E-19 1.131E-19 1.681E-19
 2.117E-19 1.468E-19 7.836E-20 6.373E-20 5.865E-20 5.936E-20 8.212E-20 1.939E-19 3.675E-19 3.009E-19
 1.423E-19 1.076E-19 1.266E-19 2.004E-19 2.182E-19 1.264E-19 6.897E-20 5.753E-20 5.222E-20 5.828E-20
 8.103E-20 1.791E-19 3.635E-19 3.350E-19 1.571E-19 1.063E-19 1.385E-19 2.137E-19 1.944E-19 1.047E-19
 7.126E-20 6.623E-20 6.209E-20 6.287E-20 7.616E-20 1.496E-19 3.351E-19 3.588E-19 1.784E-19 1.125E-19
 1.610E-19 2.155E-19 1.506E-19 7.528E-20 5.741E-20 5.371E-20 5.925E-20 6.797E-20 8.481E-20 1.519E-19
 3.362E-19 3.860E-19 2.017E-19 1.290E-19 1.844E-19 2.012E-19 1.235E-19 7.257E-20 6.445E-20 6.210E-20
 5.924E-20 5.743E-20 6.906E-20 1.212E-19 2.983E-19 3.857E-19 2.251E-19 1.626E-19 2.120E-19 1.806E-19
 9.860E-20 6.462E-20 6.081E-20 6.557E-20 7.227E-20 7.855E-20 9.163E-20 1.404E-19 3.093E-19 4.041E-19
 2.493E-19 1.801E-19 2.025E-19 1.414E-19 7.857E-20 5.905E-20 5.541E-20 5.463E-20 5.963E-20 6.447E-20
 7.755E-20 1.246E-19 2.864E-19 4.060E-19 2.796E-19 2.063E-19 1.897E-19 1.182E-19 7.526E-20 6.137E-20
 6.128E-20 5.767E-20 6.757E-20 8.276E-20 9.949E-20 1.342E-19 2.905E-19 4.146E-19 2.957E-19 1.974E-19
 1.521E-19 9.243E-20 6.323E-20 5.393E-20 5.594E-20 5.322E-20 6.141E-20 6.900E-20 8.444E-20 1.296E-19
 3.029E-19 4.436E-19 3.311E-19 1.947E-19 1.365E-19 9.496E-20 6.984E-20 6.099E-20 6.097E-20 5.901E-20
 6.687E-20 7.814E-20 9.208E-20 1.344E-19 3.075E-19 4.584E-19 3.179E-19 1.484E-19 1.049E-19 7.529E-20
 5.807E-20 5.258E-20 5.646E-20 5.702E-20 6.217E-20 6.878E-20 8.665E-20 1.402E-19 3.355E-19 4.804E-19
 2.889E-19 1.294E-19 9.907E-20 6.771E-20 5.440E-20 5.278E-20 6.028E-20 6.418E-20 7.470E-20 8.411E-20
 9.804E-20 1.542E-19 3.458E-19 4.162E-19 2.150E-19 1.059E-19 9.018E-20 7.025E-20 6.205E-20 5.815E-20
 6.054E-20 6.245E-20 7.262E-20 7.564E-20 8.752E-20 1.887E-19 4.275E-19 4.322E-19 2.003E-19 1.053E-19
 7.777E-20 5.807E-20 5.372E-20 5.541E-20 6.319E-20 7.226E-20 8.182E-20 8.451E-20 1.116E-19 2.397E-19
 4.210E-19 3.628E-19 1.638E-19 9.098E-20 6.839E-20 6.058E-20 6.140E-20 6.176E-20 6.613E-20 6.938E-20
 7.159E-20 8.211E-20 1.420E-19 2.671E-19 3.996E-19 3.266E-19 1.514E-19 8.582E-20 6.286E-20 5.784E-20
 5.359E-20 5.919E-20 6.999E-20 7.735E-20 8.462E-20 1.218E-19 1.798E-19 2.617E-19 3.733E-19 2.860E-19
 1.211E-19 6.783E-20 5.352E-20 5.608E-20 5.310E-20 5.894E-20 5.684E-20 6.183E-20 8.835E-20 1.385E-19
 1.596E-19 2.521E-19 3.721E-19 2.536E-19 1.110E-19 7.129E-20 6.301E-20 6.309E-20 5.996E-20 6.632E-20
 7.064E-20 8.693E-20 1.334E-19 1.540E-19 1.452E-19 2.722E-19 3.495E-19 1.894E-19 7.208E-20 5.278E-20
 5.100E-20 5.553E-20 5.500E-20 5.520E-20 6.527E-20 1.086E-19 1.390E-19 1.099E-19 1.421E-19 3.115E-19
 3.306E-19 1.550E-19 6.940E-20 5.599E-20 5.273E-20 5.398E-20 5.632E-20 6.618E-20 1.005E-19 1.432E-19
 1.210E-19 9.686E-20 1.816E-19 3.337E-19 2.693E-19 9.878E-20 5.617E-20 5.590E-20 5.785E-20 5.243E-20
 5.911E-20 8.191E-20 1.227E-19 1.078E-19 6.623E-20 9.130E-20 2.317E-19 3.519E-19 2.193E-19 8.040E-20
 5.990E-20 5.352E-20 4.558E-20 4.752E-20 7.363E-20 1.186E-19 1.190E-19 7.109E-20 6.328E-20 1.184E-19
 2.758E-19 3.081E-19 1.345E-19 5.178E-20 4.831E-20 4.423E-20 5.005E-20 7.016E-20 1.145E-19 1.229E-19
 7.551E-20 5.299E-20 6.740E-20 1.610E-19 3.179E-19 2.556E-19 9.189E-20 4.994E-20 4.178E-20 4.005E-20
 5.069E-20 9.626E-20 1.191E-19 8.279E-20 6.227E-20 6.530E-20 9.124E-20 2.140E-19 3.059E-19 1.665E-19
 4.756E-20 3.574E-20 3.746E-20 4.998E-20 8.910E-20 1.189E-19 8.040E-20 8.040E-20 4.527E-20 5.614E-20
 1.229E-19 2.798E-19 2.826E-19 1.134E-19 4.558E-20 4.110E-20 4.816E-20 8.086E-20 1.119E-19 8.059E-20
 5.077E-20 5.337E-20 5.857E-20 7.959E-20 1.815E-19 2.943E-19 1.852E-19 5.319E-20 3.335E-20 3.805E-20
 7.347E-20 1.104E-19 8.662E-20 4.593E-20 3.877E-20 3.947E-20 4.645E-20 1.006E-19 2.448E-19 2.688E-19
 1.170E-19 4.732E-20 5.257E-20 7.946E-20 1.064E-19 8.200E-20 4.937E-20 4.383E-20 4.705E-20 5.340E-20
 7.178E-20 1.571E-19 2.623E-19 1.771E-19 5.035E-20 3.235E-20 5.901E-20 9.446E-20 7.831E-20 4.934E-20
 3.917E-20 3.825E-20 3.820E-20 4.874E-20 9.649E-20 2.135E-19 2.411E-19 1.149E-19 5.667E-20 7.497E-20
 9.734E-20 7.550E-20 4.588E-20 4.303E-20 4.274E-20 4.566E-20 5.270E-20 7.515E-20 1.517E-19 2.412E-19
 1.628E-19 5.561E-20 5.677E-20 7.892E-20 6.171E-20 4.011E-20 4.289E-20 4.406E-20 4.777E-20 5.029E-20
 5.648E-20 9.682E-20 2.017E-19 2.149E-19 1.017E-19 7.385E-20 9.497E-20 7.181E-20 4.389E-20 3.809E-20
 3.487E-20 3.689E-20 4.183E-20 4.353E-20 6.343E-20 1.434E-19 2.218E-19 1.430E-19 6.862E-20 6.881E-20
 4.412E-20 2.930E-20 3.126E-20 3.727E-20 4.029E-20 4.549E-20 4.784E-20 5.436E-20 9.665E-20 1.963E-19
 1.937E-19 1.081E-19 8.261E-20 5.643E-20 4.104E-20 4.104E-20 3.774E-20 3.449E-20 3.123E-20 3.345E-20
 3.982E-20 6.302E-20 1.484E-19 2.076E-19 1.354E-19 6.944E-20 3.679E-20 2.380E-20 2.715E-20 3.097E-20
 3.258E-20 3.367E-20 3.863E-20 4.145E-20 4.867E-20 1.030E-19 1.962E-19 1.701E-19 7.664E-20 3.577E-20
 2.891E-20 3.201E-20 3.275E-20 2.951E-20 2.434E-20 2.753E-20 3.370E-20 4.060E-20 7.639E-20 1.770E-19
 1.980E-19 8.557E-20 2.363E-20 1.920E-20 2.055E-20 2.101E-20 2.460E-20 2.710E-20 3.130E-20 3.508E-20
 3.593E-20 5.048E-20 1.355E-19 1.953E-19 1.017E-19 3.063E-20 2.770E-20 3.076E-20 3.681E-20 3.624E-20
 3.038E-20 2.643E-20 3.099E-20 3.068E-20 3.978E-20 1.069E-19 1.854E-19 1.233E-19 3.717E-20 2.287E-20
 2.468E-20 2.489E-20 2.003E-20 1.901E-20 2.253E-20 2.980E-20 3.657E-20 4.675E-20 9.673E-20 1.732E-19
 1.353E-19 4.461E-20 1.810E-20 1.879E-20 2.516E-20 2.967E-20 3.146E-20 2.792E-20 2.887E-20 3.017E-20
 3.410E-20 6.852E-20 1.371E-19 1.361E-19 5.868E-20 2.826E-20 2.902E-20 2.780E-20 1.854E-20 9.627E-21
 1.189E-20 2.199E-20 2.987E-20 3.800E-20 6.483E-20 1.179E-19 1.357E-19 6.812E-20 2.247E-20 1.865E-20
 1.911E-20 1.795E-20 2.156E-20 2.724E-20 3.440E-20 4.536E-20 5.107E-20 5.253E-20 8.148E-20 1.227E-19
 7.473E-20 2.240E-20 1.643E-20 1.600E-20 1.709E-20 1.319E-20 9.182E-21 1.439E-20 2.481E-20 3.519E-20
 4.116E-20 6.753E-20 1.167E-19 8.830E-20 3.231E-20 1.936E-20 1.724E-20 1.700E-20 1.655E-20 1.995E-20
 2.850E-20 4.249E-20 4.363E-20 2.862E-20 4.451E-20 9.415E-20 7.293E-20 1.913E-20 7.841E-21 1.039E-20
 1.310E-20 1.276E-20 1.422E-20 2.088E-20 3.183E-20 2.821E-20 2.069E-20 4.774E-20 1.059E-19 9.609E-20
 3.765E-20 2.048E-20 1.975E-20 1.894E-20 1.620E-20 1.974E-20 3.029E-20 4.148E-20 3.282E-20 2.249E-20
 3.926E-20 8.533E-20 7.995E-20 2.589E-20 8.908E-21 1.053E-20 1.247E-20 1.147E-20 1.809E-20 3.158E-20
 3.595E-20 2.045E-20 1.116E-20 2.718E-20 7.412E-20 7.896E-20 3.387E-20 1.932E-20 2.001E-20 2.062E-20
 1.587E-20 1.729E-20 2.678E-20 2.402E-20 1.562E-20 1.545E-20 3.097E-20 7.418E-20 7.680E-20 2.901E-20
 2.901E-20 2.264E-21 6.188E-21 1.284E-20 2.208E-20 2.889E-20 2.542E-20 2.171E-20 1.760E-20 2.628E-20
 6.485E-20 6.790E-20 2.511E-20 1.120E-20 1.386E-20 1.711E-20 2.060E-20 2.590E-20 2.023E-20 1.129E-20
 7.827E-21 9.595E-21 2.845E-20 6.553E-20 6.626E-20 2.593E-20 9.577E-21 8.936E-21 9.639E-21 1.116E-20
 1.660E-20 1.482E-20 1.220E-20 1.309E-20 1.770E-20 2.934E-20 5.803E-20 5.404E-20 1.657E-20 2.230E-21
 3.578E-21 1.220E-20 2.111E-20 2.022E-20 1.395E-20 1.007E-20 7.274E-21 8.771E-21 2.496E-20 5.843E-20
 5.540E-20 2.263E-20 1.663E-20 1.767E-20 1.725E-20 1.503E-20 1.194E-20 8.565E-21 9.038E-21 9.587E-21
 1.240E-20 2.663E-20 5.307E-20 4.149E-20 6.452E-21 0.000E+00 6.452E-21 1.675E-20 1.742E-20 1.589E-20
 1.477E-20 1.533E-20 1.383E-20 1.372E-20 2.776E-20 5.402E-20 4.395E-20 1.985E-20 1.947E-20 2.568E-20
 1.954E-20 8.063E-21 3.140E-21 2.493E-21 2.487E-21 3.067E-23 5.129E-21 2.789E-20 4.629E-20 2.705E-20
 6.920E-21 7.473E-21 5.171E-21 0.000E+00 2.903E-22 6.439E-21 1.078E-20 1.250E-20 1.277E-20 1.701E-20
 3.383E-20 4.519E-20 2.548E-20 1.321E-20 1.593E-20 1.737E-20 1.588E-20 1.340E-20 1.186E-20 1.119E-20
 8.088E-21 1.972E-21 4.576E-21 2.703E-20 3.694E-20 2.006E-20 1.397E-20 1.450E-20 7.901E-21 4.040E-22
 1.185E-21 5.535E-21 8.542E-21 1.408E-20 1.808E-20 2.544E-20 4.537E-20 4.329E-20 1.856E-20 7.487E-21
 1.575E-21 0.000E+00 1.324E-21 3.653E-21 6.308E-21 7.017E-21 3.377E-21 1.842E-21 8.994E-21 2.385E-20
 2.183E-20 9.169E-21 6.349E-21 1.050E-20 8.834E-21 4.831E-21 5.205E-21 4.137E-21 3.130E-21 4.699E-21
 8.241E-21 2.190E-20 3.722E-20 2.859E-20 1.442E-20 1.235E-20 9.940E-21 2.680E-21 0.000E+00 5.483E-23
 3.120E-21 6.932E-21 8.505E-21 1.408E-20 2.778E-20 2.960E-20 1.304E-20 6.870E-21 1.100E-20 1.162E-20
 1.057E-20 1.146E-20 9.591E-21 5.882E-21 4.010E-21 4.316E-21 1.081E-20 2.718E-20 2.652E-20 1.178E-20
 8.088E-21 7.531E-21 7.191E-21 4.382E-21 1.307E-21 0.000E+00 3.740E-22 2.957E-21 1.075E-20 2.565E-20
 3.441E-20 1.771E-20 6.110E-22 0.000E+00 6.208E-22 0.000E+00 0.000E+00 3.259E-21 5.116E-21 7.861E-21
 9.388E-21 1.011E-20 1.837E-20 1.846E-20 6.754E-21 3.858E-21 5.260E-21 6.255E-21 7.685E-21 6.963E-21
 3.581E-21 3.950E-21 4.519E-21 4.021E-21 1.483E-20 2.831E-20 2.521E-20 1.397E-20 1.024E-20 7.213E-21
 2.046E-21 0.000E+00 0.000E+00 0.000E+00 0.000E+00 6.606E-22 4.262E-21 1.188E-20 1.661E-20 5.403E-21
 0.000E+00 3.477E-21 4.348E-21 5.299E-21 9.243E-21 1.048E-20 1.248E-20 1.660E-20 1.504E-20 1.298E-20
 1.794E-20 1.642E-20 8.365E-21 8.542E-21 9.022E-21 7.107E-21 3.484E-21 3.484E-21 0.000E+00 0.000E+00
 0.000E+00 0.000E+00 9.878E-21 1.800E-20 1.353E-20 6.533E-21 2.026E-21 0.000E+00 0.000E+00 2.964E-21
 8.589E-21 1.123E-20 1.088E-20 1.486E-20 1.831E-20 2.085E-20 1.640E-20 6.063E-21 2.180E-21 3.758E-21
 2.904E-21 1.554E-21 3.248E-21 4.350E-21 1.120E-21 0.000E+00 0.000E+00 2.357E-21 9.126E-21 7.219E-21
 6.762E-21 5.145E-21 4.043E-21 2.413E-21 0.000E+00 0.000E+00 0.000E+00 0.000E+00 3.803E-21 1.116E-20
 1.355E-20 1.005E-20 8.662E-21 3.860E-21 0.000E+00 0.000E+00 0.000E+00 0.000E+00 0.000E+00 0.000E+00
 1.999E-21 9.396E-21 1.331E-20 1.032E-20 5.718E-21 2.009E-21 0.000E+00 0.000E+00 0.000E+00 0.000E+00
