     CClF3  765.0110  804.9900      2696  203.0000    0.0000 2.064E-18  NCAR    CFC-13
 0.000E+00 1.637E-20 3.420E-20 3.255E-20 3.537E-20 3.463E-20 2.376E-20 1.864E-20 1.861E-20 1.902E-20
 1.509E-20 1.417E-20 1.793E-20 1.891E-20 1.948E-20 1.823E-20 1.633E-20 2.184E-20 4.116E-20 4.737E-20
 3.768E-20 3.768E-20 1.388E-20 8.071E-21 7.028E-21 5.293E-21 1.228E-21 3.675E-22 1.657E-21 4.545E-21
 8.604E-21 1.243E-20 1.586E-20 1.991E-20 3.855E-20 6.457E-20 6.648E-20 5.117E-20 2.808E-20 1.331E-20
 8.650E-21 7.328E-21 8.455E-21 7.260E-21 5.685E-21 4.626E-21 4.216E-21 4.302E-21 2.292E-21 1.979E-21
 1.160E-20 4.295E-20 7.528E-20 6.643E-20 3.364E-20 1.285E-20 9.129E-21 9.791E-21 1.017E-20 1.133E-20
 1.700E-20 1.869E-20 1.725E-20 1.650E-20 1.555E-20 1.623E-20 1.591E-20 2.994E-20 7.237E-20 8.792E-20
 5.184E-20 2.221E-20 1.059E-20 4.816E-21 1.598E-21 0.000E+00 0.000E+00 2.753E-21 8.957E-21 1.158E-20
 1.483E-20 1.784E-20 1.545E-20 1.670E-20 5.270E-20 5.270E-20 7.578E-20 3.740E-20 2.221E-20 1.598E-20
 1.299E-20 1.112E-20 1.020E-20 1.001E-20 1.131E-20 1.127E-20 1.507E-20 1.892E-20 2.048E-20 2.478E-20
 5.266E-20 1.067E-19 1.073E-19 5.526E-20 2.604E-20 1.518E-20 1.149E-20 8.652E-21 8.214E-21 8.971E-21
 9.182E-21 5.297E-21 7.370E-22 3.168E-21 1.075E-20 1.343E-20 3.767E-20 9.131E-20 1.230E-19 9.042E-20
 4.700E-20 2.326E-20 1.605E-20 1.502E-20 1.159E-20 1.337E-20 1.974E-20 1.974E-20 1.156E-20 7.295E-21
 3.892E-21 6.520E-21 2.489E-20 6.483E-20 1.044E-19 1.004E-19 5.667E-20 2.661E-20 1.291E-20 5.466E-21
 5.520E-21 1.006E-20 1.717E-20 2.336E-20 2.140E-20 1.885E-20 1.808E-20 2.088E-20 3.516E-20 6.454E-20
 9.458E-20 1.188E-19 9.554E-20 5.104E-20 2.679E-20 1.440E-20 6.191E-21 0.000E+00 0.000E+00 5.367E-21
 7.585E-21 6.708E-21 7.778E-21 1.383E-20 3.005E-20 5.472E-20 6.928E-20 1.031E-19 1.141E-19 7.108E-20
 4.191E-20 2.827E-20 2.165E-20 2.045E-20 2.217E-20 2.207E-20 2.064E-20 1.557E-20 1.307E-20 1.610E-20
 3.832E-20 6.522E-20 6.340E-20 7.722E-20 1.132E-19 8.317E-20 3.109E-20 1.024E-20 7.520E-21 1.239E-20
 1.856E-20 2.590E-20 2.652E-20 2.253E-20 1.708E-20 1.768E-20 4.496E-20 8.028E-20 7.050E-20 7.077E-20
 1.236E-19 1.261E-19 6.668E-20 2.723E-20 9.529E-21 4.590E-21 7.504E-21 1.607E-20 2.114E-20 1.666E-20
 1.177E-20 1.594E-20 4.267E-20 7.364E-20 5.629E-20 4.290E-20 9.766E-20 1.443E-19 9.973E-20 5.033E-20
 2.798E-20 1.743E-20 1.699E-20 2.065E-20 2.576E-20 2.576E-20 1.972E-20 2.031E-20 4.986E-20 8.362E-20
 6.245E-20 3.469E-20 6.455E-20 1.368E-19 1.278E-19 6.261E-20 3.144E-20 2.030E-20 1.784E-20 2.145E-20
 2.523E-20 2.201E-20 1.867E-20 2.753E-20 6.486E-20 9.352E-20 6.929E-20 3.804E-20 5.200E-20 1.245E-19
 1.572E-19 9.380E-20 4.502E-20 2.652E-20 2.089E-20 2.089E-20 2.889E-20 2.348E-20 1.367E-20 2.118E-20
 6.607E-20 9.162E-20 6.260E-20 3.274E-20 3.593E-20 9.788E-20 1.707E-19 1.284E-19 5.960E-20 3.003E-20
 2.221E-20 2.280E-20 2.681E-20 2.498E-20 1.888E-20 2.684E-20 6.964E-20 8.289E-20 5.197E-20 3.011E-20
 3.011E-20 7.889E-20 1.765E-19 1.736E-19 8.884E-20 4.142E-20 2.759E-20 2.316E-20 2.655E-20 2.879E-20
 2.516E-20 4.066E-20 8.634E-20 8.894E-20 4.587E-20 2.139E-20 1.426E-20 4.386E-20 1.465E-19 1.975E-19
 1.975E-19 4.630E-20 2.651E-20 2.311E-20 2.311E-20 2.664E-20 2.947E-20 5.749E-20 1.046E-19 9.403E-20
 5.428E-20 3.630E-20 2.451E-20 3.895E-20 1.272E-19 2.133E-19 1.517E-19 6.640E-20 3.564E-20 2.772E-20
 2.541E-20 2.728E-20 2.943E-20 6.032E-20 9.752E-20 7.532E-20 3.837E-20 2.893E-20 2.366E-20 3.637E-20
 1.094E-19 2.213E-19 1.958E-19 9.674E-20 5.007E-20 3.951E-20 3.755E-20 4.069E-20 5.082E-20 9.272E-20
 1.179E-19 6.983E-20 2.917E-20 2.151E-20 1.843E-20 2.314E-20 7.645E-20 1.990E-19 2.143E-19 1.074E-19
 4.524E-20 2.642E-20 2.040E-20 2.863E-20 5.997E-20 1.200E-19 1.240E-19 6.718E-20 3.576E-20 3.443E-20
 3.648E-20 4.117E-20 7.843E-20 1.992E-19 2.613E-19 1.582E-19 7.025E-20 3.916E-20 2.287E-20 2.295E-20
 6.184E-20 1.181E-19 9.727E-20 3.686E-20 2.096E-20 2.726E-20 3.146E-20 3.074E-20 5.378E-20 1.676E-19
 2.723E-19 1.898E-19 8.929E-20 5.067E-20 3.600E-20 3.600E-20 1.009E-19 1.419E-19 8.802E-20 2.865E-20
 2.026E-20 3.180E-20 3.636E-20 3.083E-20 4.614E-20 1.460E-19 2.780E-19 2.211E-19 9.735E-20 4.551E-20
 3.099E-20 5.383E-20 1.260E-19 1.407E-19 6.665E-20 2.240E-20 1.958E-20 3.013E-20 3.517E-20 3.432E-20
 4.818E-20 1.368E-19 2.889E-19 2.649E-19 1.224E-19 4.763E-20 3.004E-20 7.415E-20 1.528E-19 1.328E-19
 4.925E-20 1.706E-20 1.844E-20 2.740E-20 2.954E-20 3.047E-20 3.857E-20 1.212E-19 2.917E-19 3.030E-19
 1.497E-19 6.027E-20 4.439E-20 1.059E-19 1.636E-19 1.029E-19 3.286E-20 2.113E-20 2.625E-20 3.366E-20
 3.693E-20 3.615E-20 3.776E-20 1.042E-19 2.787E-19 3.233E-19 1.681E-19 6.794E-20 6.974E-20 1.511E-19
 1.658E-19 7.303E-20 2.049E-20 1.579E-20 2.068E-20 2.965E-20 3.892E-20 3.889E-20 4.255E-20 1.018E-19
 2.788E-19 3.439E-19 1.769E-19 6.312E-20 8.987E-20 1.736E-19 1.409E-19 5.199E-20 2.398E-20 1.918E-20
 2.021E-20 3.085E-20 4.233E-20 4.747E-20 5.533E-20 1.064E-19 2.815E-19 3.653E-19 2.010E-19 8.542E-20
 1.310E-19 1.736E-19 9.684E-20 3.145E-20 1.555E-20 9.586E-21 1.293E-20 2.299E-20 3.782E-20 4.297E-20
 4.787E-20 9.771E-20 2.787E-19 3.822E-19 2.251E-19 1.318E-19 1.830E-19 1.601E-19 6.977E-20 2.643E-20
 1.913E-20 2.272E-20 2.720E-20 3.421E-20 4.329E-20 4.423E-20 4.350E-20 8.462E-20 2.610E-19 3.771E-19
 2.358E-19 1.694E-19 1.874E-19 1.098E-19 4.395E-20 2.185E-20 1.734E-20 2.150E-20 3.395E-20 4.757E-20
 6.160E-20 6.324E-20 6.279E-20 1.051E-19 2.823E-19 4.025E-19 2.835E-19 2.158E-19 1.601E-19 6.898E-20
 3.525E-20 1.905E-20 1.458E-20 7.484E-21 1.671E-20 3.032E-20 4.534E-20 4.739E-20 5.637E-20 1.071E-19
 2.927E-19 4.345E-19 3.452E-19 2.289E-19 1.126E-19 5.124E-20 4.113E-20 2.989E-20 2.643E-20 2.235E-20
 3.017E-20 4.343E-20 5.979E-20 5.846E-20 5.788E-20 1.038E-19 3.052E-19 4.888E-19 3.933E-19 1.838E-19
 5.732E-20 3.499E-20 2.637E-20 1.462E-20 1.257E-20 1.721E-20 3.208E-20 5.328E-20 6.516E-20 6.476E-20
 6.423E-20 1.140E-19 3.421E-19 5.531E-19 3.794E-19 1.264E-19 5.293E-20 4.932E-20 3.391E-20 1.933E-20
 1.363E-20 1.768E-20 3.593E-20 5.101E-20 6.245E-20 6.245E-20 5.624E-20 1.225E-19 4.016E-19 5.765E-19
 2.891E-19 6.224E-20 3.858E-20 4.187E-20 2.802E-20 2.084E-20 2.185E-20 2.587E-20 4.120E-20 5.382E-20
 6.436E-20 6.511E-20 6.311E-20 1.593E-19 4.564E-19 5.131E-19 1.980E-19 4.150E-20 3.705E-20 3.363E-20
 2.103E-20 1.958E-20 2.390E-20 3.063E-20 4.708E-20 6.309E-20 6.708E-20 5.594E-20 6.902E-20 2.445E-19
 5.607E-19 4.735E-19 1.509E-19 4.517E-20 4.070E-20 2.898E-20 1.517E-20 1.604E-20 2.346E-20 3.891E-20
 5.541E-20 7.198E-20 7.556E-20 7.188E-20 1.263E-19 3.524E-19 5.662E-19 3.873E-19 1.176E-19 4.618E-20
 3.944E-20 2.402E-20 1.788E-20 1.890E-20 2.030E-20 2.866E-20 4.564E-20 6.035E-20 6.010E-20 8.072E-20
 1.895E-19 3.802E-19 4.982E-19 3.173E-19 9.138E-20 5.299E-20 5.071E-20 3.795E-20 3.466E-20 4.315E-20
 4.262E-20 4.814E-20 5.943E-20 6.710E-20 7.456E-20 1.366E-19 2.394E-19 3.590E-19 4.499E-19 2.548E-19
 6.400E-20 3.840E-20 2.406E-20 1.377E-20 1.675E-20 2.778E-20 3.281E-20 5.129E-20 6.638E-20 7.913E-20
 1.190E-19 1.995E-19 2.244E-19 3.499E-19 4.359E-19 2.094E-19 6.845E-20 4.798E-20 2.736E-20 1.796E-20
 1.961E-20 2.247E-20 2.644E-20 4.095E-20 5.827E-20 9.499E-20 1.733E-19 1.800E-19 1.656E-19 3.637E-19
 3.878E-19 1.457E-19 5.280E-20 4.085E-20 2.848E-20 3.245E-20 3.544E-20 3.592E-20 4.164E-20 5.990E-20
 8.984E-20 1.666E-19 2.029E-19 1.227E-19 1.892E-19 4.140E-19 3.287E-19 9.279E-20 3.248E-20 2.204E-20
 2.103E-20 2.261E-20 2.602E-20 3.074E-20 4.677E-20 7.204E-20 1.369E-19 1.991E-19 1.312E-19 8.025E-20
 2.499E-19 4.369E-19 2.641E-19 7.631E-20 4.550E-20 3.051E-20 3.056E-20 2.953E-20 3.160E-20 3.731E-20
 6.523E-20 1.210E-19 2.031E-19 1.592E-19 6.132E-20 9.388E-20 3.157E-19 4.059E-19 1.779E-19 5.403E-20
 3.581E-20 2.846E-20 2.620E-20 2.073E-20 2.015E-20 3.631E-20 8.549E-20 1.730E-19 1.739E-19 7.583E-20
 4.965E-20 1.531E-19 3.809E-19 3.419E-19 1.141E-19 4.166E-20 3.081E-20 2.762E-20 2.507E-20 2.715E-20
 3.192E-20 6.556E-20 1.512E-19 1.775E-19 8.850E-20 3.761E-20 5.689E-20 2.254E-19 4.095E-19 2.525E-19
 6.735E-20 3.256E-20 2.204E-20 2.021E-20 1.762E-20 2.370E-20 4.485E-20 1.297E-19 1.811E-19 1.811E-19
 4.098E-20 3.098E-20 9.142E-20 3.062E-19 3.838E-19 1.721E-19 5.950E-20 4.392E-20 3.475E-20 3.063E-20
 2.725E-20 3.918E-20 1.064E-19 1.760E-19 1.192E-19 5.465E-20 3.732E-20 4.451E-20 1.581E-19 3.617E-19
 2.902E-19 8.577E-20 3.332E-20 3.012E-20 3.506E-20 3.470E-20 4.627E-20 9.639E-20 1.701E-19 1.369E-19
 7.687E-20 6.074E-20 5.293E-20 8.148E-20 2.451E-19 3.691E-19 1.917E-19 4.495E-20 1.858E-20 1.502E-20
 1.219E-20 1.461E-20 6.167E-20 1.328E-19 1.103E-19 5.050E-20 3.591E-20 2.565E-20 3.067E-20 1.103E-19
 3.122E-19 3.122E-19 1.135E-19 3.715E-20 3.336E-20 3.325E-20 3.098E-20 6.674E-20 1.253E-19 1.083E-19
 5.974E-20 5.058E-20 4.128E-20 2.980E-20 4.576E-20 1.907E-19 3.418E-19 1.994E-19 3.740E-20 1.179E-20
 1.158E-20 1.572E-20 4.632E-20 1.059E-19 9.253E-20 4.870E-20 4.233E-20 4.718E-20 4.504E-20 4.322E-20
 1.075E-19 2.902E-19 3.075E-19 1.132E-19 2.967E-20 1.993E-20 2.049E-20 2.049E-20 1.029E-19 8.946E-20
 4.506E-20 4.122E-20 4.068E-20 3.181E-20 2.201E-20 3.975E-20 1.716E-19 3.198E-19 2.014E-19 5.935E-20
 3.777E-20 3.406E-20 6.189E-20 1.144E-19 1.041E-19 6.044E-20 6.562E-20 6.562E-20 7.049E-20 6.002E-20
 5.603E-20 1.107E-19 2.767E-19 2.827E-19 1.039E-19 2.524E-20 1.364E-20 3.823E-20 8.875E-20 8.875E-20
 2.281E-20 2.409E-20 3.396E-20 3.475E-20 2.927E-20 2.000E-20 3.731E-20 1.646E-19 2.805E-19 1.533E-19
 2.666E-20 1.582E-20 4.162E-20 8.613E-20 6.725E-20 2.581E-20 2.195E-20 3.518E-20 3.798E-20 3.209E-20
 2.262E-20 2.541E-20 9.111E-20 2.382E-19 2.172E-19 6.111E-20 1.405E-20 3.383E-20 7.072E-20 5.404E-20
 1.892E-20 1.389E-20 2.714E-20 3.663E-20 3.185E-20 2.392E-20 1.942E-20 4.491E-20 1.619E-19 2.351E-19
 1.082E-19 2.188E-20 3.943E-20 7.235E-20 5.314E-20 1.808E-20 1.173E-20 1.923E-20 3.274E-20 3.474E-20
 3.474E-20 2.925E-20 3.755E-20 1.090E-19 2.197E-19 1.529E-19 3.221E-20 3.191E-20 5.875E-20 3.882E-20
 1.010E-20 9.677E-21 1.292E-20 2.507E-20 2.993E-20 2.781E-20 2.227E-20 2.495E-20 6.408E-20 1.787E-19
 1.976E-19 8.197E-20 5.303E-20 6.993E-20 4.153E-20 1.642E-20 1.642E-20 2.239E-20 3.462E-20 4.110E-20
 3.438E-20 2.439E-20 1.813E-20 3.180E-20 1.159E-19 1.872E-19 1.041E-19 4.756E-20 5.763E-20 3.804E-20
 2.343E-20 2.046E-20 2.253E-20 2.791E-20 3.787E-20 4.412E-20 4.847E-20 4.588E-20 4.954E-20 1.009E-19
 1.921E-19 1.551E-19 7.713E-20 6.204E-20 4.174E-20 3.134E-20 2.909E-20 3.249E-20 3.721E-20 4.375E-20
 4.157E-20 3.467E-20 2.367E-20 2.281E-20 5.588E-20 1.457E-19 1.665E-19 9.721E-20 5.961E-20 3.687E-20
 3.216E-20 3.365E-20 3.982E-20 4.908E-20 5.908E-20 6.481E-20 6.585E-20 5.772E-20 5.015E-20 6.145E-20
 1.295E-19 1.838E-19 1.237E-19 6.200E-20 4.721E-20 4.760E-20 4.883E-20 5.048E-20 5.456E-20 5.940E-20
 6.605E-20 6.355E-20 5.352E-20 5.070E-20 6.241E-20 1.095E-19 1.736E-19 1.372E-19 6.291E-20 4.551E-20
 4.686E-20 5.010E-20 4.962E-20 5.126E-20 5.993E-20 6.868E-20 6.940E-20 6.717E-20 6.809E-20 7.506E-20
 1.075E-19 1.841E-19 1.849E-19 1.145E-19 9.218E-20 9.612E-20 1.045E-19 1.139E-19 1.282E-19 1.422E-19
 1.593E-19 1.748E-19 1.809E-19 1.808E-19 1.832E-19 2.026E-19 2.537E-19 2.388E-19 1.535E-19 1.216E-19
 1.216E-19 1.225E-19 1.146E-19 9.921E-20 8.479E-20 8.173E-20 8.638E-20 8.831E-20 8.957E-20 9.156E-20
 1.024E-19 1.404E-19 1.492E-19 9.209E-20 6.604E-20 7.351E-20 7.915E-20 8.153E-20 8.661E-20 9.488E-20
 1.014E-19 1.051E-19 1.109E-19 1.181E-19 1.261E-19 1.447E-19 1.817E-19 2.150E-19 1.914E-19 1.684E-19
 1.729E-19 1.809E-19 1.883E-19 1.987E-19 2.093E-19 2.233E-19 2.361E-19 2.411E-19 2.464E-19 2.453E-19
 2.373E-19 2.535E-19 2.886E-19 2.849E-19 2.754E-19 2.935E-19 3.115E-19 3.365E-19 3.663E-19 3.920E-19
 4.160E-19 4.470E-19 4.800E-19 5.165E-19 5.591E-19 6.155E-19 6.684E-19 6.918E-19 6.909E-19 6.952E-19
 7.223E-19 7.453E-19 7.630E-19 7.877E-19 7.865E-19 7.486E-19 8.769E-19 8.620E-19 8.123E-19 6.205E-19
 4.658E-19 3.571E-19 3.128E-19 2.597E-19 2.213E-19 2.105E-19 2.057E-19 1.983E-19 1.862E-19 1.704E-19
 1.663E-19 1.879E-19 1.924E-19 1.660E-19 1.351E-19 1.100E-19 1.031E-19 1.129E-19 1.055E-19 8.056E-20
 8.013E-20 9.897E-20 1.110E-19 1.064E-19 9.672E-20 9.832E-20 1.073E-19 1.153E-19 1.314E-19 1.487E-19
 1.647E-19 1.842E-19 1.965E-19 1.914E-19 1.883E-19 1.979E-19 2.118E-19 2.267E-19 2.425E-19 2.617E-19
 2.781E-19 2.881E-19 3.042E-19 3.268E-19 3.462E-19 3.665E-19 3.955E-19 4.288E-19 4.646E-19 5.039E-19
 5.474E-19 5.871E-19 6.290E-19 6.697E-19 7.078E-19 7.459E-19 7.650E-19 9.377E-19 1.015E-18 1.090E-18
 1.163E-18 1.237E-18 1.308E-18 1.394E-18 1.480E-18 1.565E-18 1.656E-18 1.753E-18 1.845E-18 1.927E-18
 1.987E-18 2.027E-18 2.064E-18 2.044E-18 1.748E-18 1.611E-18 1.376E-18 7.891E-19 3.011E-19 8.504E-20
 5.258E-20 4.817E-20 5.026E-20 5.026E-20 6.126E-20 6.365E-20 7.036E-20 7.494E-20 6.798E-20 5.702E-20
 5.477E-20 5.564E-20 6.049E-20 6.823E-20 7.445E-20 7.052E-20 6.534E-20 6.684E-20 7.058E-20 6.963E-20
 7.332E-20 8.458E-20 8.710E-20 8.114E-20 8.872E-20 1.012E-19 1.125E-19 1.146E-19 9.352E-20 4.441E-20
 1.034E-20 6.768E-21 1.293E-20 1.495E-20 1.971E-20 3.421E-20 4.289E-20 2.635E-20 1.327E-20 1.350E-20
 1.299E-20 1.941E-20 3.217E-20 3.414E-20 2.256E-20 1.430E-20 1.413E-20 1.441E-20 1.162E-20 2.545E-20
 4.999E-20 4.551E-20 2.107E-20 1.624E-20 1.798E-20 1.323E-20 1.839E-20 3.213E-20 2.735E-20 1.359E-20
 1.333E-20 1.697E-20 2.015E-20 3.197E-20 5.537E-20 6.271E-20 3.518E-20 1.810E-20 2.378E-20 2.920E-20
 2.905E-20 4.234E-20 5.541E-20 3.768E-20 1.206E-20 9.917E-21 6.249E-21 8.265E-21 3.463E-20 6.720E-20
 5.162E-20 2.022E-20 1.129E-20 1.382E-20 1.595E-20 2.049E-20 3.779E-20 6.255E-20 5.258E-20 3.092E-20
 2.354E-20 1.842E-20 3.148E-20 6.905E-20 8.098E-20 4.318E-20 2.173E-20 2.648E-20 3.516E-20 2.949E-20
 2.130E-20 3.699E-20 5.746E-20 3.234E-20 6.320E-21 0.000E+00 1.156E-20 5.174E-20 8.332E-20 5.317E-20
 1.801E-20 1.390E-20 2.488E-20 3.248E-20 2.811E-20 3.219E-20 7.171E-20 9.333E-20 5.560E-20 2.314E-20
 1.512E-20 3.684E-20 8.247E-20 7.395E-20 3.361E-20 2.560E-20 3.071E-20 3.811E-20 2.784E-20 1.048E-20
 2.007E-20 6.761E-20 7.898E-20 2.636E-20 6.876E-21 3.150E-20 8.692E-20 9.468E-20 5.120E-20 3.356E-20
 3.521E-20 4.475E-20 5.110E-20 3.990E-20 3.120E-20 5.517E-20 1.094E-19 9.109E-20 2.768E-20 2.074E-20
 6.578E-20 1.021E-19 6.787E-20 4.198E-20 3.643E-20 3.738E-20 4.006E-20 3.054E-20 1.647E-20 2.362E-20
 6.976E-20 1.201E-19 7.822E-20 3.281E-20 6.096E-20 1.068E-19 8.740E-20 5.471E-20 4.553E-20 4.350E-20
 4.910E-20 4.917E-20 3.532E-20 2.642E-20 4.103E-20 9.802E-20 1.290E-19 6.458E-20 4.752E-20 9.963E-20
 9.945E-20 6.462E-20 5.489E-20 4.709E-20 4.254E-20 3.785E-20 2.980E-20 2.008E-20 2.381E-20 5.564E-20
 1.296E-19 1.367E-19 7.205E-20 9.006E-20 9.784E-20 5.925E-20 5.233E-20 5.533E-20 4.713E-20 4.424E-20
 4.781E-20 3.738E-20 2.764E-20 3.480E-20 7.931E-20 1.533E-19 1.303E-19 1.068E-19 1.187E-19 7.925E-20
 6.115E-20 5.807E-20 4.916E-20 3.651E-20 3.869E-20 3.486E-20 2.620E-20 2.431E-20 3.920E-20 1.096E-19
 1.806E-19 1.550E-19 1.233E-19 7.993E-20 6.294E-20 7.122E-20 6.724E-20 5.336E-20 4.996E-20 5.429E-20
 4.758E-20 4.049E-20 3.522E-20 6.574E-20 1.720E-19 2.276E-19 1.687E-19 9.454E-20 6.129E-20 6.391E-20
 5.452E-20 3.788E-20 2.954E-20 4.243E-20 4.311E-20 3.687E-20 3.104E-20 3.591E-20 1.083E-19 2.532E-19
 2.501E-19 1.207E-19 7.063E-20 8.035E-20 7.956E-20 6.629E-20 5.475E-20 5.690E-20 5.956E-20 4.702E-20
 3.158E-20 2.234E-20 5.225E-20 2.060E-19 3.243E-19 1.775E-19 6.641E-20 6.524E-20 5.816E-20 4.550E-20
 4.084E-20 4.769E-20 6.048E-20 5.699E-20 4.206E-20 3.318E-20 3.940E-20 1.305E-19 2.903E-19 2.432E-19
 1.042E-19 8.646E-20 8.282E-20 7.243E-20 5.500E-20 4.960E-20 5.733E-20 5.962E-20 3.750E-20 2.235E-20
 2.250E-20 9.518E-20 2.853E-19 3.419E-19 1.557E-19 7.030E-20 6.300E-20 5.632E-20 4.734E-20 4.713E-20
 5.889E-20 6.951E-20 5.076E-20 3.467E-20 3.065E-20 7.784E-20 2.180E-19 3.394E-19 2.509E-19 1.128E-19
 7.897E-20 7.103E-20 5.785E-20 4.489E-20 5.105E-20 6.015E-20 4.374E-20 2.257E-20 2.518E-20 6.652E-20
 1.684E-19 2.716E-19 2.965E-19 1.646E-19 1.646E-19 6.142E-20 5.950E-20 5.826E-20 6.073E-20 6.984E-20
 6.504E-20 4.303E-20 4.065E-20 8.165E-20 1.649E-19 2.187E-19 3.027E-19 2.572E-19 1.042E-19 6.571E-20
 5.891E-20 5.111E-20 4.603E-20 5.555E-20 6.113E-20 4.754E-20 4.481E-20 9.145E-20 1.569E-19 1.582E-19
 2.360E-19 3.122E-19 1.672E-19 7.584E-20 6.964E-20 6.748E-20 6.370E-20 6.370E-20 7.002E-20 5.255E-20
 4.381E-20 9.326E-20 1.560E-19 1.324E-19 1.722E-19 3.211E-19 2.531E-19 1.009E-19 7.270E-20 6.800E-20
 5.721E-20 5.362E-20 6.454E-20 5.718E-20 5.709E-20 1.103E-19 1.630E-19 1.110E-19 1.014E-19 2.556E-19
 3.079E-19 1.426E-19 7.209E-20 7.664E-20 6.918E-20 5.567E-20 6.527E-20 6.200E-20 5.993E-20 1.174E-19
 1.727E-19 1.097E-19 8.155E-20 2.102E-19 3.551E-19 2.245E-19 8.468E-20 6.886E-20 6.258E-20 5.125E-20
 5.832E-20 6.041E-20 6.299E-20 1.250E-19 1.621E-19 8.540E-20 4.021E-20 1.257E-19 3.245E-19 3.040E-19
 1.223E-19 7.705E-20 7.428E-20 6.838E-20 6.767E-20 7.408E-20 8.406E-20 1.525E-19 1.728E-19 9.654E-20
 5.128E-20 9.887E-20 2.802E-19 3.612E-19 1.714E-19 6.924E-20 5.604E-20 5.334E-20 5.455E-20 6.618E-20
 8.365E-20 1.502E-19 1.354E-19 5.381E-20 2.741E-20 6.344E-20 2.199E-19 3.935E-19 2.531E-19 9.750E-20
 7.723E-20 7.260E-20 6.812E-20 7.853E-20 1.109E-19 1.736E-19 1.368E-19 5.999E-20 3.724E-20 4.641E-20
 1.553E-19 3.631E-19 3.032E-19 9.985E-20 9.985E-20 5.295E-20 6.099E-20 7.674E-20 1.261E-19 1.754E-19
 1.122E-19 4.071E-20 3.092E-20 4.123E-20 1.247E-19 3.406E-19 3.777E-19 1.638E-19 7.509E-20 6.445E-20
 6.832E-20 9.283E-20 1.523E-19 1.647E-19 8.547E-20 3.602E-20 2.736E-20 2.440E-20 7.766E-20 2.718E-19
 3.890E-19 1.964E-19 7.012E-20 5.585E-20 6.151E-20 1.040E-19 1.707E-19 1.480E-19 6.503E-20 3.442E-20
 3.170E-20 3.436E-20 7.581E-20 2.464E-19 4.244E-19 2.706E-19 9.827E-20 6.768E-20 7.274E-20 1.276E-19
 1.784E-19 1.156E-19 4.390E-20 2.964E-20 2.687E-20 3.131E-20 5.655E-20 1.912E-19 3.979E-19 3.014E-19
 1.029E-19 6.843E-20 8.903E-20 1.587E-19 1.784E-19 9.129E-20 3.387E-20 2.854E-20 2.861E-20 3.173E-20
 5.222E-20 1.652E-19 3.897E-19 3.535E-19 1.299E-19 6.804E-20 1.010E-19 1.784E-19 1.619E-19 7.469E-20
 4.278E-20 3.752E-20 3.579E-20 3.492E-20 4.639E-20 1.351E-19 3.536E-19 3.745E-19 1.530E-19 7.471E-20
 1.209E-19 1.729E-19 1.114E-19 3.666E-20 2.416E-20 2.410E-20 2.866E-20 3.514E-20 5.184E-20 1.275E-19
 3.430E-19 4.011E-19 1.800E-19 9.057E-20 1.441E-19 1.616E-19 8.612E-20 4.032E-20 3.485E-20 3.400E-20
 3.415E-20 3.055E-20 3.650E-20 9.453E-20 3.033E-19 4.016E-19 1.976E-19 1.088E-19 1.592E-19 1.303E-19
 5.235E-20 2.501E-20 2.537E-20 2.815E-20 3.719E-20 4.195E-20 5.088E-20 1.079E-19 3.074E-19 4.203E-19
 2.305E-19 1.440E-19 1.657E-19 1.035E-19 4.871E-20 3.269E-20 2.884E-20 2.330E-20 2.444E-20 2.442E-20
 3.064E-20 7.915E-20 2.731E-19 4.109E-19 2.476E-19 1.552E-19 1.347E-19 6.368E-20 3.528E-20 2.875E-20
 3.127E-20 2.871E-20 3.883E-20 4.737E-20 6.356E-20 1.097E-19 2.950E-19 4.342E-19 2.915E-19 1.666E-19
 1.044E-19 4.887E-20 3.125E-20 2.594E-20 2.804E-20 2.027E-20 2.243E-20 2.507E-20 2.507E-20 8.438E-20
 2.838E-19 4.491E-19 3.141E-19 1.476E-19 8.004E-20 4.551E-20 3.149E-20 2.673E-20 3.175E-20 3.240E-20
 4.181E-20 5.036E-20 5.923E-20 1.026E-19 2.980E-19 4.684E-19 2.998E-19 9.997E-20 4.957E-20 3.290E-20
 2.305E-20 1.752E-20 2.019E-20 1.457E-20 2.000E-20 2.219E-20 3.663E-20 9.850E-20 3.238E-19 4.845E-19
 2.586E-19 7.481E-20 5.059E-20 3.523E-20 2.744E-20 2.393E-20 2.959E-20 2.934E-20 4.040E-20 4.611E-20
 5.698E-20 1.173E-19 3.260E-19 4.042E-19 1.793E-19 5.533E-20 4.038E-20 2.649E-20 2.660E-20 2.650E-20
 2.769E-20 2.258E-20 2.627E-20 3.154E-20 4.812E-20 1.592E-19 4.188E-19 4.255E-19 1.639E-19 5.820E-20
 4.112E-20 2.974E-20 2.605E-20 2.495E-20 2.953E-20 3.425E-20 4.171E-20 4.353E-20 7.442E-20 2.114E-19
 4.109E-19 3.502E-19 1.247E-19 4.433E-20 3.335E-20 2.963E-20 2.915E-20 2.889E-20 2.780E-20 2.692E-20
 2.916E-20 4.118E-20 1.014E-19 2.338E-19 3.820E-19 3.000E-19 1.005E-19 3.840E-20 2.295E-20 1.903E-20
 1.795E-20 2.540E-20 3.266E-20 4.217E-20 5.131E-20 8.433E-20 1.422E-19 2.324E-19 3.544E-19 2.520E-19
 7.457E-20 3.327E-20 2.660E-20 2.998E-20 2.400E-20 2.558E-20 2.645E-20 3.111E-20 5.327E-20 1.036E-19
 1.258E-19 2.256E-19 3.448E-19 2.023E-19 5.468E-20 2.842E-20 2.413E-20 2.778E-20 2.901E-20 3.550E-20
 4.256E-20 6.447E-20 1.073E-19 1.223E-19 1.191E-19 2.565E-19 3.268E-19 1.517E-19 3.725E-20 2.360E-20
 1.733E-20 2.013E-20 2.025E-20 1.691E-20 2.169E-20 5.890E-20 8.854E-20 6.457E-20 1.040E-19 2.774E-19
 2.855E-19 1.068E-19 3.399E-20 2.811E-20 2.975E-20 3.118E-20 3.147E-20 3.759E-20 7.067E-20 1.147E-19
 9.237E-20 6.238E-20 1.478E-19 3.012E-19 2.298E-19 6.202E-20 2.026E-20 1.618E-20 1.613E-20 1.069E-20
 1.657E-20 3.739E-20 7.770E-20 6.824E-20 3.366E-20 5.840E-20 1.985E-19 3.101E-19 1.765E-19 4.986E-20
 3.068E-20 2.565E-20 2.548E-20 2.687E-20 4.697E-20 8.720E-20 9.183E-20 4.924E-20 3.880E-20 8.889E-20
 2.378E-19 2.618E-19 9.571E-20 1.776E-20 1.464E-20 1.297E-20 1.640E-20 2.921E-20 6.600E-20 7.701E-20
 3.816E-20 1.906E-20 3.310E-20 1.245E-19 2.722E-19 2.123E-19 6.156E-20 2.473E-20 2.153E-20 1.870E-20
 2.736E-20 6.304E-20 8.390E-20 5.523E-20 3.476E-20 3.540E-20 5.808E-20 1.717E-19 2.540E-19 1.244E-19
 2.001E-20 1.382E-20 1.388E-20 2.149E-20 5.346E-20 7.974E-20 4.443E-20 1.805E-20 1.667E-20 2.466E-20
 8.435E-20 2.271E-19 2.251E-19 7.628E-20 2.307E-20 1.964E-20 2.058E-20 4.631E-20 7.340E-20 4.815E-20
 2.215E-20 2.168E-20 2.521E-20 4.150E-20 1.334E-19 2.356E-19 1.436E-19 2.978E-20 1.136E-20 1.727E-20
 4.405E-20 6.881E-20 4.993E-20 2.086E-20 1.658E-20 1.342E-20 1.837E-20 6.239E-20 1.865E-19 2.148E-19
 8.608E-20 2.127E-20 2.253E-20 4.660E-20 7.042E-20 4.961E-20 2.090E-20 1.867E-20 2.119E-20 2.466E-20
 2.466E-20 1.194E-19 2.149E-19 1.459E-19 3.491E-20 1.635E-20 3.214E-20 5.860E-20 4.609E-20 2.352E-20
 1.496E-20 1.200E-20 1.206E-20 1.955E-20 5.453E-20 1.584E-19 1.872E-19 7.852E-20 2.848E-20 4.345E-20
 6.082E-20 4.281E-20 2.263E-20 2.143E-20 1.959E-20 2.358E-20 2.869E-20 4.188E-20 1.099E-19 1.937E-19
 1.260E-19 2.997E-20 2.881E-20 4.577E-20 3.256E-20 1.476E-20 1.496E-20 1.402E-20 1.694E-20 1.606E-20
 1.768E-20 5.504E-20 1.520E-19 1.671E-19 7.099E-20 4.819E-20 6.295E-20 4.559E-20 2.793E-20 2.397E-20
 1.945E-20 2.182E-20 2.752E-20 3.000E-20 4.266E-20 1.093E-19 1.733E-19 1.028E-19 3.592E-20 3.396E-20
 1.698E-20 4.733E-21 2.876E-21 6.885E-21 1.087E-20 1.362E-20 1.531E-20 2.320E-20 6.077E-20 1.460E-19
 1.440E-19 7.370E-20 5.857E-20 4.422E-20 3.222E-20 2.682E-20 2.258E-20 1.835E-20 1.774E-20 1.826E-20
 2.243E-20 3.859E-20 1.041E-19 1.480E-19 8.638E-20 3.419E-20 1.207E-20 4.733E-21 6.835E-21 7.927E-21
 1.163E-20 1.535E-20 2.113E-20 2.278E-20 2.825E-20 7.369E-20 1.467E-19 1.209E-19 4.988E-20 2.081E-20
 1.550E-20 1.715E-20 1.853E-20 1.971E-20 1.778E-20 1.393E-20 1.156E-20 1.351E-20 4.286E-20 1.219E-19
 1.350E-19 5.075E-20 7.212E-21 2.756E-21 2.623E-21 4.487E-21 6.935E-21 8.506E-21 1.232E-20 1.571E-20
 1.600E-20 2.938E-20 9.462E-20 1.379E-19 6.860E-20 6.860E-20 1.811E-20 2.268E-20 2.264E-20 2.009E-20
 1.657E-20 1.406E-20 1.478E-20 1.214E-20 2.032E-20 2.032E-20 1.268E-19 8.100E-20 2.056E-20 1.106E-20
 8.493E-21 4.375E-21 4.159E-21 8.130E-21 1.116E-20 1.617E-20 1.805E-20 2.415E-20 6.370E-20 1.193E-19
 1.193E-19 2.668E-20 9.461E-21 6.979E-21 1.052E-20 1.340E-20 1.484E-20 1.353E-20 1.341E-20 1.381E-20
 2.177E-20 4.830E-20 9.594E-20 9.729E-20 4.559E-20 2.352E-20 1.875E-20 1.385E-20 6.947E-21 3.535E-21
 4.185E-21 6.454E-21 1.061E-20 1.984E-20 3.735E-20 7.017E-20 8.233E-20 3.418E-20 2.530E-21 5.982E-21
 1.233E-20 1.291E-20 1.612E-20 2.399E-20 2.875E-20 2.832E-20 2.991E-20 3.792E-20 6.282E-20 8.416E-20
 4.641E-20 1.180E-20 8.227E-21 8.557E-21 9.817E-21 6.740E-21 2.062E-21 0.000E+00 8.566E-22 6.081E-21
 1.222E-20 3.789E-20 7.050E-20 4.546E-20 1.052E-20 5.131E-21 5.432E-21 9.395E-21 1.400E-20 1.687E-20
 1.990E-20 2.872E-20 3.267E-20 2.888E-20 3.887E-20 6.673E-20 4.645E-20 9.184E-21 2.820E-21 5.381E-21
 5.686E-21 4.331E-21 1.346E-21 3.791E-22 5.492E-21 6.062E-21 1.538E-21 2.174E-20 6.323E-20 5.637E-20
 2.048E-20 1.161E-20 1.074E-20 1.194E-20 1.622E-20 1.728E-20 1.927E-20 2.637E-20 2.630E-20 2.296E-20
 3.212E-20 5.982E-20 5.339E-20 1.750E-20 3.623E-21 2.094E-21 2.165E-21 1.033E-21 3.138E-21 6.500E-21
 8.068E-21 4.423E-21 2.204E-21 9.939E-21 4.190E-20 4.850E-20 2.302E-20 1.615E-20 1.593E-20 1.199E-20
 9.635E-21 1.298E-20 2.013E-20 2.015E-20 1.664E-20 1.780E-20 2.752E-20 4.883E-20 4.498E-20 1.495E-20
 1.903E-21 0.000E+00 0.000E+00 1.466E-21 8.716E-21 1.322E-20 1.097E-20 6.741E-21 3.844E-21 1.207E-20
 3.682E-20 3.907E-20 1.745E-20 1.173E-20 1.386E-20 1.516E-20 1.561E-20 1.686E-20 1.115E-20 5.725E-21
 6.512E-21 1.178E-20 2.489E-20 4.806E-20 4.709E-20 2.030E-20 8.503E-21 5.666E-21 2.776E-21 4.162E-21
 8.868E-21 7.219E-21 6.293E-21 5.523E-21 5.341E-21 1.274E-20 2.919E-20 2.681E-20 7.032E-21 3.028E-22
 1.717E-21 5.948E-21 1.140E-20 1.259E-20 8.935E-21 1.473E-22 0.000E+00 1.635E-21 1.250E-20 3.171E-20
 3.168E-20 1.578E-20 1.430E-20 1.413E-20 1.490E-20 1.421E-20 7.669E-21 3.870E-21 6.464E-21 9.367E-21
 1.011E-20 1.649E-20 2.964E-20 2.251E-20 3.207E-21 0.000E+00 6.925E-22 4.597E-21 5.860E-21 7.731E-21
 1.080E-20 1.267E-20 8.447E-21 6.737E-21 1.618E-20 3.052E-20 2.578E-20 1.800E-20 2.068E-20 2.285E-20
 2.009E-20 1.521E-20 1.052E-20 7.651E-21 5.198E-21 4.197E-21 5.944E-21 1.555E-20 2.509E-20 1.375E-20
 0.000E+00 0.000E+00 0.000E+00 0.000E+00 0.000E+00 3.950E-21 8.552E-21 7.930E-21 6.593E-21 8.326E-21
 1.762E-20 2.609E-20 2.037E-20 1.717E-20 1.984E-20 2.005E-20 2.145E-20 2.011E-20 1.797E-20 1.419E-20
 1.051E-20 4.762E-21 2.755E-21 1.311E-20 1.913E-20 1.166E-20 6.576E-21 8.374E-22 0.000E+00 0.000E+00
 0.000E+00 2.445E-21 6.601E-21 1.116E-20 1.559E-20 2.271E-20 3.211E-20 2.999E-20 1.825E-20 1.244E-20
 1.203E-20 1.434E-20 1.667E-20 1.577E-20 1.281E-20 1.111E-20 7.128E-21 7.128E-21 9.040E-21 1.240E-20
 9.394E-21 4.206E-21 3.801E-21 5.492E-21 3.239E-21 1.559E-21 5.342E-22 2.172E-21 4.082E-21 5.835E-21
 9.450E-21 1.819E-20 2.487E-20 1.959E-20 9.892E-21 6.019E-21 4.920E-21 3.975E-21 4.822E-21 8.519E-21
 8.534E-21 8.346E-21 8.786E-21 1.049E-20 1.474E-20 1.190E-20 4.170E-21 9.433E-22 1.159E-21 5.057E-21
 9.429E-21 1.160E-20 1.246E-20 1.246E-20 5.191E-21 3.192E-21 7.869E-21 1.728E-20 1.998E-20 1.622E-20
 1.596E-20 1.570E-20 1.190E-20 7.285E-21 5.897E-21 4.763E-21 5.575E-21 7.577E-21 1.172E-20 1.731E-20
 1.952E-20 1.236E-20 4.817E-21 1.009E-21 1.915E-21 2.144E-21 1.110E-21 3.094E-21 7.077E-21 7.752E-21
 5.787E-21 3.773E-21 7.529E-21 8.375E-21 2.893E-21 1.696E-21 5.365E-21 9.793E-21 1.359E-20 1.143E-20
 7.959E-21 6.704E-21 4.252E-21 4.252E-21 9.645E-21 1.408E-20 1.596E-20 1.549E-20 1.227E-20 1.050E-20
 7.475E-21 2.681E-21 2.549E-21 9.436E-22 3.635E-22 1.751E-21 6.173E-21 1.145E-20 1.243E-20 3.987E-21
 0.000E+00 0.000E+00 0.000E+00 4.882E-21 4.882E-21 4.882E-21 1.537E-20 1.362E-20 1.174E-20 1.166E-20
 1.354E-20 1.417E-20 1.294E-20 1.566E-20 1.566E-20 1.486E-20 9.111E-21 5.351E-21 2.333E-21 0.000E+00
 0.000E+00 0.000E+00 3.417E-22 4.946E-21 2.946E-21 0.000E+00 3.632E-22 1.257E-21 2.246E-21 5.268E-21
 6.488E-21 8.109E-21 1.274E-20 1.561E-20 1.766E-20 2.150E-20 1.851E-20 1.432E-20 1.332E-20 1.269E-20
 1.123E-20 1.146E-20 1.060E-20 7.341E-21 1.313E-21 0.000E+00 0.000E+00 0.000E+00 0.000E+00 0.000E+00
 0.000E+00 3.529E-21 5.889E-21 4.857E-21 1.723E-21 0.000E+00 1.408E-21 7.280E-21 1.284E-20 1.683E-20
 1.934E-20 1.693E-20 1.133E-20 1.131E-20 1.159E-20 1.152E-20 1.071E-20 1.277E-20 1.112E-20 8.895E-21
 6.764E-21 1.227E-21 0.000E+00 0.000E+00 0.000E+00 0.000E+00 0.000E+00 0.000E+00 0.000E+00 0.000E+00
