     CClF3  765.0110  804.9900      2696  213.0000    0.0000 1.914E-18  NCAR    CFC-13
 7.263E-21 2.732E-20 4.946E-20 4.574E-20 4.168E-20 3.730E-20 2.852E-20 2.218E-20 1.711E-20 1.514E-20
 1.133E-20 1.228E-20 1.453E-20 1.217E-20 1.160E-20 1.326E-20 1.644E-20 2.480E-20 4.580E-20 5.402E-20
 4.428E-20 3.335E-20 1.898E-20 1.898E-20 1.137E-20 9.502E-21 9.160E-21 1.099E-20 1.264E-20 1.513E-20
 1.557E-20 1.607E-20 2.039E-20 2.337E-20 4.031E-20 6.932E-20 7.214E-20 5.268E-20 2.534E-20 7.147E-21
 5.274E-21 7.290E-21 6.511E-21 5.314E-21 5.281E-21 4.531E-21 3.898E-21 2.352E-21 6.660E-21 1.110E-20
 1.981E-20 5.315E-20 8.716E-20 7.885E-20 4.767E-20 2.376E-20 1.310E-20 7.767E-21 7.493E-21 9.794E-21
 1.158E-20 1.239E-20 1.445E-20 1.253E-20 9.479E-21 1.118E-20 1.418E-20 3.057E-20 7.772E-20 9.802E-20
 6.389E-20 3.267E-20 1.774E-20 1.041E-20 5.644E-21 4.167E-21 7.154E-21 9.914E-21 1.386E-20 1.733E-20
 1.821E-20 2.004E-20 1.899E-20 2.120E-20 6.164E-20 1.078E-19 8.270E-20 4.074E-20 2.459E-20 1.838E-20
 1.271E-20 6.340E-21 2.724E-21 6.022E-21 1.149E-20 1.279E-20 1.374E-20 1.924E-20 2.493E-20 2.675E-20
 5.479E-20 1.119E-19 1.142E-19 6.474E-20 3.465E-20 2.143E-20 1.566E-20 1.169E-20 1.314E-20 1.280E-20
 1.438E-20 1.245E-20 6.564E-21 6.770E-21 1.398E-20 2.037E-20 4.304E-20 9.567E-20 1.293E-19 9.086E-20
 4.541E-20 2.554E-20 1.799E-20 1.400E-20 1.156E-20 1.486E-20 2.071E-20 2.021E-20 1.460E-20 8.126E-21
 4.221E-21 8.546E-21 2.959E-20 7.378E-20 1.193E-19 1.151E-19 6.867E-20 3.745E-20 2.097E-20 1.277E-20
 9.758E-21 1.051E-20 1.452E-20 2.342E-20 2.665E-20 2.226E-20 1.740E-20 2.133E-20 3.974E-20 6.835E-20
 9.724E-20 1.222E-19 9.805E-20 5.058E-20 2.637E-20 1.439E-20 7.825E-21 6.755E-21 9.665E-21 1.495E-20
 1.824E-20 1.840E-20 1.898E-20 2.391E-20 4.262E-20 6.901E-20 8.175E-20 8.175E-20 1.278E-19 7.815E-20
 4.009E-20 2.600E-20 2.176E-20 1.626E-20 1.580E-20 2.416E-20 2.323E-20 1.657E-20 1.474E-20 1.841E-20
 4.236E-20 7.093E-20 6.795E-20 8.305E-20 1.257E-19 9.851E-20 4.789E-20 2.660E-20 2.186E-20 2.269E-20
 2.468E-20 2.950E-20 3.223E-20 2.756E-20 2.182E-20 2.596E-20 5.335E-20 8.373E-20 7.388E-20 7.514E-20
 1.280E-19 1.325E-19 7.322E-20 3.009E-20 1.312E-20 8.862E-21 9.180E-21 2.056E-20 3.058E-20 2.990E-20
 2.432E-20 2.486E-20 5.053E-20 8.428E-20 7.563E-20 6.315E-20 1.097E-19 1.571E-19 1.127E-19 5.683E-20
 3.183E-20 2.125E-20 1.589E-20 1.879E-20 2.637E-20 2.645E-20 2.080E-20 2.296E-20 5.483E-20 8.484E-20
 6.212E-20 3.879E-20 7.149E-20 1.465E-19 1.401E-19 7.455E-20 4.096E-20 2.927E-20 2.616E-20 2.733E-20
 3.280E-20 3.157E-20 2.637E-20 3.379E-20 6.969E-20 9.886E-20 7.536E-20 4.450E-20 5.481E-20 1.273E-19
 1.663E-19 1.663E-19 5.076E-20 3.264E-20 2.531E-20 2.150E-20 2.782E-20 2.669E-20 2.046E-20 2.706E-20
 6.807E-20 9.278E-20 6.870E-20 4.483E-20 4.957E-20 1.109E-19 1.840E-19 1.399E-19 6.760E-20 3.392E-20
 2.505E-20 2.657E-20 3.241E-20 3.300E-20 2.560E-20 2.979E-20 7.204E-20 8.850E-20 5.693E-20 3.352E-20
 3.359E-20 8.335E-20 1.820E-19 1.789E-19 9.396E-20 4.646E-20 3.038E-20 2.622E-20 2.668E-20 3.120E-20
 3.310E-20 4.731E-20 8.997E-20 9.233E-20 5.494E-20 3.300E-20 2.363E-20 5.093E-20 1.553E-19 2.070E-19
 1.247E-19 5.843E-20 3.857E-20 3.063E-20 2.934E-20 3.354E-20 3.400E-20 6.210E-20 1.092E-19 9.801E-20
 5.769E-20 4.012E-20 2.885E-20 4.250E-20 1.318E-19 2.231E-19 1.586E-19 7.013E-20 4.014E-20 3.331E-20
 3.051E-20 3.193E-20 3.494E-20 7.089E-20 1.111E-19 8.443E-20 4.526E-20 3.839E-20 3.498E-20 4.297E-20
 1.152E-19 2.303E-19 2.050E-19 1.032E-19 5.566E-20 4.116E-20 3.705E-20 3.859E-20 4.651E-20 9.069E-20
 1.149E-19 7.124E-20 3.404E-20 2.883E-20 2.563E-20 2.987E-20 8.328E-20 2.105E-19 2.305E-19 1.237E-19
 6.068E-20 3.680E-20 2.794E-20 3.590E-20 6.454E-20 1.204E-19 1.224E-19 6.216E-20 3.396E-20 3.609E-20
 3.575E-20 3.314E-20 7.164E-20 1.965E-19 2.614E-19 1.589E-19 6.847E-20 3.359E-20 1.800E-20 2.339E-20
 6.879E-20 1.275E-19 1.054E-19 4.760E-20 3.353E-20 4.280E-20 4.724E-20 4.097E-20 6.244E-20 1.749E-19
 2.786E-19 1.992E-19 9.513E-20 5.454E-20 3.943E-20 5.109E-20 1.037E-19 1.394E-19 8.389E-20 2.759E-20
 2.271E-20 3.542E-20 4.065E-20 3.609E-20 5.285E-20 1.525E-19 2.855E-19 2.319E-19 1.083E-19 5.068E-20
 3.360E-20 6.066E-20 1.325E-19 1.458E-19 7.240E-20 2.469E-20 2.143E-20 3.265E-20 3.948E-20 3.872E-20
 4.879E-20 1.390E-19 2.908E-19 2.651E-19 1.240E-19 4.880E-20 3.061E-20 7.849E-20 1.569E-19 1.343E-19
 4.994E-20 1.694E-20 1.968E-20 3.062E-20 3.259E-20 3.597E-20 4.615E-20 1.275E-19 2.948E-19 3.052E-19
 1.541E-19 6.246E-20 4.531E-20 1.075E-19 1.656E-19 1.048E-19 3.430E-20 2.213E-20 2.943E-20 3.893E-20
 4.357E-20 4.454E-20 4.799E-20 1.142E-19 2.852E-19 3.281E-19 1.735E-19 7.087E-20 7.196E-20 1.573E-19
 1.755E-19 8.098E-20 2.430E-20 1.602E-20 2.120E-20 3.412E-20 4.433E-20 4.576E-20 4.989E-20 1.086E-19
 2.787E-19 3.428E-19 1.837E-19 7.357E-20 9.938E-20 1.806E-19 1.806E-19 5.847E-20 2.979E-20 2.359E-20
 2.528E-20 3.489E-20 4.489E-20 4.535E-20 5.156E-20 1.042E-19 2.763E-19 3.560E-19 1.978E-19 8.786E-20
 1.291E-19 1.733E-19 1.016E-19 3.599E-20 1.893E-20 1.483E-20 2.264E-20 3.397E-20 4.568E-20 4.974E-20
 5.474E-20 1.059E-19 2.822E-19 3.799E-19 2.247E-19 1.307E-19 1.831E-19 1.598E-19 6.791E-20 2.582E-20
 1.938E-20 1.912E-20 2.561E-20 3.623E-20 4.766E-20 4.928E-20 4.850E-20 9.379E-20 2.686E-19 3.816E-19
 2.471E-19 1.799E-19 1.937E-19 1.176E-19 5.059E-20 2.663E-20 2.346E-20 2.390E-20 3.406E-20 3.406E-20
 6.275E-20 6.245E-20 6.195E-20 1.035E-19 2.727E-19 3.916E-19 2.766E-19 2.100E-19 1.578E-19 7.078E-20
 4.084E-20 2.398E-20 1.762E-20 1.387E-20 2.363E-20 3.832E-20 5.642E-20 6.020E-20 6.453E-20 1.125E-19
 2.981E-19 4.369E-19 3.466E-19 2.292E-19 1.110E-19 5.104E-20 3.913E-20 2.420E-20 2.164E-20 2.240E-20
 3.274E-20 4.348E-20 5.434E-20 5.474E-20 5.998E-20 1.066E-19 3.034E-19 4.813E-19 3.828E-19 1.797E-19
 6.383E-20 4.601E-20 3.430E-20 2.196E-20 2.298E-20 2.953E-20 4.540E-20 5.955E-20 6.668E-20 6.426E-20
 6.363E-20 1.122E-19 3.386E-19 5.455E-19 3.736E-19 1.227E-19 4.731E-20 4.514E-20 3.257E-20 2.037E-20
 1.698E-20 2.212E-20 4.166E-20 5.842E-20 6.700E-20 6.814E-20 6.500E-20 1.304E-19 4.020E-19 5.671E-19
 2.857E-19 6.551E-20 4.381E-20 4.678E-20 3.222E-20 2.149E-20 2.568E-20 3.053E-20 4.457E-20 5.870E-20
 6.310E-20 5.829E-20 6.056E-20 1.602E-19 4.478E-19 4.961E-19 1.912E-19 4.531E-20 4.354E-20 4.108E-20
 2.585E-20 2.131E-20 2.346E-20 3.413E-20 5.239E-20 6.480E-20 6.312E-20 5.082E-20 6.925E-20 2.455E-19
 5.511E-19 4.594E-19 1.482E-19 5.040E-20 4.771E-20 3.505E-20 1.822E-20 2.015E-20 2.989E-20 4.180E-20
 5.631E-20 7.097E-20 7.343E-20 7.143E-20 1.226E-19 3.399E-19 5.465E-19 3.759E-19 1.147E-19 4.980E-20
 5.038E-20 3.435E-20 2.177E-20 2.287E-20 2.288E-20 3.036E-20 5.114E-20 6.779E-20 7.055E-20 9.144E-20
 1.940E-19 3.782E-19 4.905E-19 3.144E-19 9.415E-20 5.437E-20 5.308E-20 4.030E-20 3.379E-20 3.753E-20
 4.007E-20 4.813E-20 5.924E-20 6.732E-20 6.732E-20 1.375E-19 2.324E-19 3.491E-19 4.418E-19 2.526E-19
 7.141E-20 4.776E-20 3.181E-20 2.513E-20 2.689E-20 3.680E-20 4.314E-20 5.977E-20 6.975E-20 7.864E-20
 1.187E-19 1.954E-19 2.143E-19 3.335E-19 4.180E-19 1.974E-19 5.953E-20 4.142E-20 2.357E-20 1.571E-20
 1.619E-20 2.025E-20 2.936E-20 4.383E-20 6.173E-20 9.708E-20 1.696E-19 1.753E-19 1.664E-19 3.595E-19
 3.809E-19 1.493E-19 6.013E-20 5.080E-20 4.097E-20 3.899E-20 3.676E-20 3.592E-20 4.019E-20 5.809E-20
 8.641E-20 1.551E-19 1.885E-19 1.145E-19 1.790E-19 3.962E-19 3.154E-19 9.445E-20 4.090E-20 2.767E-20
 2.485E-20 2.933E-20 3.593E-20 3.979E-20 5.515E-20 7.955E-20 1.379E-19 1.946E-19 1.304E-19 8.457E-20
 2.497E-19 4.238E-19 2.535E-19 7.543E-20 4.537E-20 2.711E-20 2.560E-20 2.523E-20 2.952E-20 3.605E-20
 6.018E-20 1.105E-19 1.857E-19 1.483E-19 6.079E-20 9.451E-20 3.070E-19 3.938E-19 1.779E-19 6.099E-20
 4.451E-20 3.450E-20 3.024E-20 2.798E-20 2.633E-20 3.813E-20 8.364E-20 1.658E-19 1.644E-19 7.224E-20
 4.893E-20 1.490E-19 3.666E-19 3.278E-19 1.116E-19 4.368E-20 3.452E-20 3.347E-20 3.084E-20 3.006E-20
 3.542E-20 6.727E-20 1.467E-19 1.726E-19 8.639E-20 3.776E-20 6.385E-20 2.247E-19 3.979E-19 2.497E-19
 7.273E-20 3.516E-20 2.165E-20 2.151E-20 1.995E-20 2.695E-20 4.782E-20 1.287E-19 1.773E-19 1.075E-19
 4.465E-20 3.553E-20 9.106E-20 2.938E-19 3.634E-19 1.625E-19 5.564E-20 3.991E-20 3.587E-20 3.426E-20
 2.682E-20 3.609E-20 1.004E-19 1.661E-19 1.140E-19 5.513E-20 3.910E-20 4.792E-20 1.536E-19 3.480E-19
 2.871E-19 9.756E-20 4.204E-20 3.206E-20 3.618E-20 3.929E-20 5.117E-20 1.012E-19 1.692E-19 1.301E-19
 7.009E-20 5.482E-20 4.754E-20 7.652E-20 2.359E-19 3.554E-19 1.870E-19 4.392E-20 1.896E-20 1.561E-20
 1.465E-20 1.949E-20 6.779E-20 1.317E-19 1.100E-19 5.387E-20 4.000E-20 3.190E-20 3.401E-20 1.099E-19
 3.054E-19 3.052E-19 1.127E-19 3.467E-20 2.667E-20 2.614E-20 2.402E-20 5.625E-20 1.149E-19 1.015E-19
 5.767E-20 5.136E-20 4.002E-20 2.861E-20 4.315E-20 1.804E-19 3.262E-19 1.937E-19 4.247E-20 1.923E-20
 2.012E-20 2.490E-20 5.230E-20 1.083E-19 9.417E-20 5.372E-20 5.004E-20 4.987E-20 4.256E-20 4.205E-20
 1.043E-19 2.756E-19 2.886E-19 1.059E-19 2.961E-20 1.949E-20 1.756E-20 4.317E-20 9.988E-20 8.830E-20
 4.519E-20 4.232E-20 4.271E-20 3.588E-20 3.114E-20 5.084E-20 1.758E-19 3.157E-19 2.002E-19 6.095E-20
 3.954E-20 3.655E-20 5.911E-20 1.062E-19 9.993E-20 6.157E-20 6.587E-20 7.071E-20 6.775E-20 5.474E-20
 4.942E-20 1.049E-19 2.639E-19 2.692E-19 9.931E-20 2.620E-20 1.877E-20 4.158E-20 8.524E-20 7.376E-20
 3.028E-20 2.805E-20 3.864E-20 4.187E-20 3.758E-20 3.233E-20 4.802E-20 1.630E-19 2.697E-19 1.488E-19
 2.502E-20 1.196E-20 3.604E-20 7.746E-20 6.318E-20 2.694E-20 2.240E-20 3.225E-20 3.462E-20 2.855E-20
 1.935E-20 1.935E-20 8.786E-20 2.300E-19 2.123E-19 6.495E-20 2.176E-20 3.918E-20 7.245E-20 5.583E-20
 2.220E-20 1.900E-20 3.020E-20 3.722E-20 3.414E-20 2.701E-20 2.045E-20 4.516E-20 1.586E-19 2.290E-19
 1.054E-19 2.261E-20 3.934E-20 7.169E-20 5.556E-20 2.126E-20 1.456E-20 2.244E-20 3.527E-20 3.573E-20
 3.213E-20 2.717E-20 3.529E-20 1.083E-19 2.147E-19 1.497E-19 3.520E-20 3.576E-20 6.052E-20 4.151E-20
 1.755E-20 1.980E-20 2.508E-20 3.551E-20 3.711E-20 3.489E-20 2.970E-20 3.060E-20 6.857E-20 1.784E-19
 1.934E-19 8.104E-20 5.346E-20 6.700E-20 4.025E-20 1.952E-20 1.623E-20 1.835E-20 3.058E-20 3.917E-20
 3.524E-20 2.791E-20 2.089E-20 3.199E-20 1.118E-19 1.819E-19 1.055E-19 5.703E-20 6.851E-20 4.625E-20
 3.045E-20 2.934E-20 3.204E-20 3.954E-20 5.114E-20 5.499E-20 5.378E-20 4.846E-20 5.221E-20 1.001E-19
 1.827E-19 1.499E-19 7.831E-20 6.327E-20 4.384E-20 3.588E-20 3.560E-20 4.039E-20 4.477E-20 5.071E-20
 5.072E-20 4.509E-20 3.874E-20 3.876E-20 7.083E-20 1.542E-19 1.701E-19 1.017E-19 6.334E-20 4.077E-20
 3.076E-20 3.004E-20 3.566E-20 4.458E-20 4.458E-20 6.463E-20 6.566E-20 5.714E-20 4.791E-20 6.042E-20
 1.270E-19 1.783E-19 1.286E-19 7.497E-20 5.841E-20 5.848E-20 6.192E-20 6.416E-20 6.926E-20 7.328E-20
 7.819E-20 7.302E-20 6.248E-20 5.949E-20 6.856E-20 1.123E-19 1.730E-19 1.372E-19 6.355E-20 4.365E-20
 4.686E-20 5.088E-20 5.322E-20 5.919E-20 6.679E-20 7.280E-20 7.405E-20 7.428E-20 7.892E-20 8.705E-20
 1.194E-19 1.885E-19 1.865E-19 1.261E-19 1.106E-19 1.164E-19 1.265E-19 1.371E-19 1.459E-19 1.553E-19
 1.746E-19 1.892E-19 1.903E-19 1.874E-19 1.912E-19 2.123E-19 2.575E-19 2.404E-19 1.650E-19 1.398E-19
 1.410E-19 1.391E-19 1.288E-19 1.134E-19 9.864E-20 9.415E-20 9.661E-20 1.003E-19 1.044E-19 1.074E-19
 1.158E-19 1.497E-19 1.555E-19 1.006E-19 7.763E-20 8.893E-20 9.664E-20 9.799E-20 9.997E-20 1.034E-19
 1.084E-19 1.155E-19 1.220E-19 1.281E-19 1.398E-19 1.586E-19 1.954E-19 2.251E-19 2.024E-19 1.836E-19
 1.873E-19 1.966E-19 2.051E-19 2.130E-19 2.258E-19 2.408E-19 2.508E-19 2.576E-19 2.620E-19 2.566E-19
 2.480E-19 2.653E-19 3.023E-19 3.027E-19 2.924E-19 3.087E-19 3.279E-19 3.498E-19 3.721E-19 3.964E-19
 4.238E-19 4.546E-19 4.826E-19 5.158E-19 5.578E-19 6.124E-19 6.632E-19 6.894E-19 6.879E-19 6.880E-19
 7.100E-19 7.341E-19 7.547E-19 7.692E-19 7.778E-19 7.540E-19 7.279E-19 8.431E-19 7.968E-19 6.125E-19
 4.750E-19 3.701E-19 3.231E-19 2.712E-19 2.312E-19 2.195E-19 2.141E-19 2.054E-19 1.907E-19 1.747E-19
 1.677E-19 1.865E-19 1.948E-19 1.699E-19 1.374E-19 1.138E-19 1.070E-19 1.149E-19 1.125E-19 9.012E-20
 8.621E-20 1.085E-19 1.251E-19 1.209E-19 1.141E-19 1.209E-19 1.322E-19 1.397E-19 1.521E-19 1.724E-19
 1.900E-19 2.049E-19 2.143E-19 2.069E-19 2.021E-19 2.096E-19 2.240E-19 2.357E-19 2.489E-19 2.695E-19
 2.897E-19 3.025E-19 3.180E-19 3.406E-19 3.595E-19 3.825E-19 4.153E-19 4.544E-19 4.935E-19 5.276E-19
 5.659E-19 6.027E-19 6.396E-19 6.788E-19 7.180E-19 7.606E-19 7.918E-19 9.260E-19 9.947E-19 1.055E-18
 1.125E-18 1.202E-18 1.275E-18 1.341E-18 1.421E-18 1.512E-18 1.622E-18 1.704E-18 1.767E-18 1.850E-18
 1.914E-18 1.878E-18 1.823E-18 1.767E-18 1.669E-18 1.512E-18 1.282E-18 7.363E-19 2.881E-19 9.137E-20
 6.209E-20 5.497E-20 5.327E-20 5.643E-20 6.200E-20 6.635E-20 7.255E-20 7.334E-20 6.310E-20 5.573E-20
 5.700E-20 5.893E-20 6.675E-20 7.218E-20 7.478E-20 7.449E-20 7.341E-20 7.346E-20 7.555E-20 7.286E-20
 7.656E-20 8.830E-20 8.954E-20 8.529E-20 9.612E-20 1.081E-19 1.179E-19 1.226E-19 1.032E-19 5.452E-20
 1.680E-20 1.002E-20 1.538E-20 1.730E-20 1.881E-20 3.066E-20 3.736E-20 2.148E-20 9.619E-21 1.308E-20
 1.490E-20 1.780E-20 3.001E-20 3.065E-20 2.142E-20 1.842E-20 1.631E-20 1.322E-20 1.043E-20 2.274E-20
 4.604E-20 4.180E-20 1.899E-20 1.623E-20 1.683E-20 1.351E-20 2.084E-20 3.739E-20 3.244E-20 1.930E-20
 1.926E-20 2.285E-20 2.200E-20 2.644E-20 4.939E-20 6.162E-20 3.643E-20 1.816E-20 1.926E-20 2.240E-20
 2.552E-20 3.793E-20 4.889E-20 3.491E-20 1.171E-20 8.003E-21 6.464E-21 1.076E-20 3.288E-20 6.466E-20
 5.061E-20 2.044E-20 1.374E-20 1.785E-20 2.134E-20 2.462E-20 4.238E-20 6.214E-20 4.764E-20 2.799E-20
 2.555E-20 2.008E-20 2.841E-20 6.196E-20 7.083E-20 3.507E-20 1.705E-20 2.028E-20 2.887E-20 2.879E-20
 2.491E-20 3.823E-20 5.628E-20 3.138E-20 8.345E-21 6.938E-21 1.575E-20 1.575E-20 8.605E-20 6.354E-20
 3.632E-20 3.070E-20 3.436E-20 3.556E-20 2.943E-20 3.556E-20 7.031E-20 8.812E-20 4.903E-20 1.789E-20
 1.218E-20 3.203E-20 7.362E-20 6.718E-20 3.282E-20 2.433E-20 2.912E-20 3.789E-20 3.343E-20 1.971E-20
 2.606E-20 6.964E-20 8.311E-20 3.711E-20 1.786E-20 3.705E-20 8.467E-20 9.279E-20 5.651E-20 3.882E-20
 3.643E-20 4.436E-20 4.878E-20 3.237E-20 2.514E-20 5.175E-20 1.017E-19 8.414E-20 2.355E-20 1.626E-20
 6.057E-20 9.798E-20 6.854E-20 4.386E-20 3.914E-20 4.388E-20 4.559E-20 3.331E-20 2.153E-20 3.056E-20
 7.255E-20 1.201E-19 8.100E-20 3.528E-20 5.983E-20 1.004E-19 7.929E-20 4.788E-20 4.395E-20 4.728E-20
 5.276E-20 4.977E-20 3.543E-20 2.494E-20 3.687E-20 9.152E-20 1.224E-19 6.065E-20 4.594E-20 9.793E-20
 1.005E-19 7.062E-20 6.111E-20 5.244E-20 4.946E-20 4.725E-20 4.005E-20 2.783E-20 3.026E-20 5.932E-20
 1.274E-19 1.297E-19 6.677E-20 8.434E-20 9.624E-20 6.330E-20 5.315E-20 5.687E-20 5.081E-20 4.619E-20
 4.936E-20 3.994E-20 2.976E-20 3.531E-20 8.055E-20 1.519E-19 1.292E-19 1.053E-19 1.173E-19 8.094E-20
 6.486E-20 6.543E-20 5.558E-20 4.112E-20 4.181E-20 4.024E-20 3.390E-20 3.438E-20 4.639E-20 1.121E-19
 1.761E-19 1.497E-19 1.227E-19 8.430E-20 6.704E-20 7.250E-20 6.577E-20 5.533E-20 5.714E-20 5.851E-20
 4.611E-20 3.568E-20 3.039E-20 5.984E-20 1.630E-19 2.196E-19 1.647E-19 9.395E-20 6.356E-20 6.915E-20
 5.988E-20 4.601E-20 4.127E-20 5.054E-20 4.855E-20 4.247E-20 3.422E-20 3.746E-20 1.070E-19 2.419E-19
 2.366E-19 1.147E-19 6.886E-20 7.760E-20 7.485E-20 6.191E-20 5.263E-20 5.793E-20 6.028E-20 4.686E-20
 3.143E-20 2.178E-20 5.554E-20 2.045E-19 3.138E-19 1.748E-19 6.878E-20 6.868E-20 6.522E-20 5.508E-20
 4.886E-20 5.503E-20 6.730E-20 6.183E-20 4.636E-20 3.737E-20 4.255E-20 1.255E-19 2.776E-19 2.318E-19
 9.497E-20 7.908E-20 7.945E-20 6.905E-20 5.601E-20 5.617E-20 6.050E-20 5.448E-20 3.247E-20 2.503E-20
 2.604E-20 9.539E-20 2.770E-19 3.304E-19 1.595E-19 8.321E-20 7.804E-20 7.189E-20 5.868E-20 5.251E-20
 6.413E-20 7.731E-20 5.437E-20 3.379E-20 2.985E-20 7.395E-20 2.065E-19 3.244E-19 2.423E-19 1.110E-19
 7.441E-20 6.602E-20 5.695E-20 4.915E-20 5.425E-20 6.166E-20 5.033E-20 3.086E-20 3.123E-20 7.199E-20
 1.731E-19 2.713E-19 2.913E-19 1.647E-19 7.816E-20 6.951E-20 6.488E-20 6.344E-20 6.575E-20 7.565E-20
 7.065E-20 4.346E-20 3.898E-20 7.777E-20 1.545E-19 2.092E-19 2.947E-19 2.525E-19 1.085E-19 7.195E-20
 6.374E-20 5.312E-20 5.020E-20 6.169E-20 6.869E-20 5.186E-20 5.186E-20 8.568E-20 1.512E-19 1.597E-19
 2.334E-19 3.043E-19 1.666E-19 7.914E-20 7.199E-20 7.116E-20 6.411E-20 6.398E-20 6.831E-20 5.482E-20
 4.632E-20 9.283E-20 1.542E-19 1.326E-19 1.727E-19 3.186E-19 2.537E-19 1.048E-19 7.530E-20 7.012E-20
 6.075E-20 5.939E-20 7.332E-20 6.520E-20 5.835E-20 1.109E-19 1.665E-19 1.139E-19 1.043E-19 2.571E-19
 3.086E-19 1.452E-19 7.595E-20 7.822E-20 7.180E-20 5.977E-20 7.129E-20 6.981E-20 6.568E-20 1.193E-19
 1.719E-19 1.133E-19 8.351E-20 2.030E-19 3.450E-19 2.237E-19 8.738E-20 7.256E-20 6.381E-20 5.533E-20
 6.461E-20 6.585E-20 6.776E-20 1.281E-19 1.672E-19 9.437E-20 4.766E-20 1.318E-19 3.232E-19 3.007E-19
 1.240E-19 8.317E-20 8.162E-20 7.137E-20 7.005E-20 7.766E-20 8.514E-20 1.495E-19 1.682E-19 9.325E-20
 4.954E-20 9.650E-20 2.727E-19 3.481E-19 1.670E-19 7.594E-20 6.502E-20 6.137E-20 6.370E-20 7.427E-20
 9.095E-20 1.590E-19 1.509E-19 6.828E-20 3.616E-20 6.770E-20 2.164E-19 3.820E-19 2.481E-19 1.011E-19
 7.788E-20 7.236E-20 7.305E-20 8.452E-20 1.153E-19 1.764E-19 1.377E-19 5.830E-20 3.685E-20 4.859E-20
 1.545E-19 3.532E-19 2.977E-19 1.079E-19 6.469E-20 6.547E-20 7.300E-20 9.268E-20 1.377E-19 1.786E-19
 1.175E-19 5.272E-20 4.144E-20 4.567E-20 1.278E-19 3.432E-19 3.790E-19 1.647E-19 7.454E-20 6.299E-20
 6.721E-20 9.486E-20 1.519E-19 1.630E-19 8.579E-20 3.622E-20 2.781E-20 2.817E-20 8.318E-20 2.726E-19
 3.855E-19 1.998E-19 7.990E-20 7.009E-20 7.678E-20 1.146E-19 1.733E-19 1.473E-19 6.699E-20 3.466E-20
 2.928E-20 3.304E-20 7.642E-20 2.454E-19 4.144E-19 2.624E-19 9.791E-20 7.147E-20 7.673E-20 1.332E-19
 1.852E-19 1.208E-19 5.029E-20 3.643E-20 3.386E-20 3.533E-20 5.903E-20 1.924E-19 3.986E-19 3.101E-19
 1.199E-19 8.408E-20 9.976E-20 1.664E-19 1.831E-19 9.537E-20 3.996E-20 3.106E-20 2.745E-20 3.161E-20
 5.452E-20 1.672E-19 3.834E-19 3.472E-19 1.310E-19 7.053E-20 1.037E-19 1.800E-19 1.628E-19 7.808E-20
 4.717E-20 3.788E-20 3.376E-20 3.486E-20 4.991E-20 1.378E-19 3.549E-19 3.760E-19 1.592E-19 8.433E-20
 1.314E-19 1.811E-19 1.161E-19 4.206E-20 2.880E-20 2.708E-20 3.162E-20 3.917E-20 5.521E-20 1.302E-19
 3.428E-19 3.978E-19 1.816E-19 9.450E-20 1.501E-19 1.647E-19 8.691E-20 4.104E-20 3.861E-20 3.740E-20
 3.513E-20 2.961E-20 3.921E-20 1.037E-19 3.089E-19 4.000E-19 2.040E-19 1.220E-19 1.736E-19 1.444E-19
 6.451E-20 3.709E-20 3.217E-20 3.237E-20 3.999E-20 4.539E-20 5.732E-20 1.149E-19 3.093E-19 4.203E-19
 2.352E-19 1.474E-19 1.677E-19 1.070E-19 5.092E-20 3.490E-20 3.100E-20 2.766E-20 2.844E-20 2.979E-20
 3.855E-20 9.097E-20 2.828E-19 4.176E-19 2.607E-19 1.698E-19 1.483E-19 7.821E-20 4.256E-20 3.226E-20
 3.789E-20 3.683E-20 4.546E-20 5.316E-20 6.447E-20 1.067E-19 2.885E-19 4.279E-19 2.861E-19 1.675E-19
 1.113E-19 5.465E-20 3.507E-20 2.778E-20 3.145E-20 2.701E-20 3.085E-20 3.184E-20 4.218E-20 4.218E-20
 2.885E-19 4.529E-19 3.214E-19 1.604E-19 9.238E-20 5.683E-20 4.373E-20 3.514E-20 3.286E-20 3.535E-20
 4.627E-20 4.844E-20 5.526E-20 1.023E-19 3.010E-19 4.700E-19 3.048E-19 1.079E-19 5.690E-20 3.719E-20
 2.915E-20 2.522E-20 2.730E-20 2.578E-20 3.377E-20 3.746E-20 4.842E-20 1.061E-19 3.288E-19 4.892E-19
 2.715E-19 8.882E-20 5.900E-20 3.972E-20 3.145E-20 2.669E-20 3.079E-20 2.941E-20 3.784E-20 4.263E-20
 5.568E-20 1.139E-19 3.250E-19 4.066E-19 1.846E-19 6.325E-20 5.067E-20 3.618E-20 3.568E-20 3.189E-20
 3.037E-20 2.771E-20 3.355E-20 3.887E-20 5.827E-20 1.682E-19 4.258E-19 4.300E-19 1.677E-19 6.227E-20
 4.341E-20 2.951E-20 2.499E-20 2.654E-20 3.092E-20 3.365E-20 3.863E-20 4.319E-20 7.632E-20 2.126E-19
 4.095E-19 3.498E-19 1.298E-19 5.167E-20 3.779E-20 3.152E-20 3.369E-20 3.639E-20 3.749E-20 3.569E-20
 3.360E-20 4.427E-20 1.089E-19 2.450E-19 3.904E-19 3.086E-19 1.096E-19 4.515E-20 2.821E-20 2.447E-20
 2.337E-20 2.967E-20 3.689E-20 4.444E-20 5.437E-20 8.893E-20 1.498E-19 2.429E-19 3.624E-19 2.588E-19
 8.314E-20 3.779E-20 2.784E-20 3.187E-20 2.957E-20 3.226E-20 2.890E-20 3.317E-20 5.779E-20 1.119E-19
 1.360E-19 2.346E-19 3.534E-19 2.161E-19 6.650E-20 3.598E-20 2.941E-20 3.105E-20 3.035E-20 3.473E-20
 3.602E-20 5.893E-20 1.078E-19 1.253E-19 1.182E-19 2.537E-19 3.269E-19 1.541E-19 3.814E-20 2.444E-20
 2.343E-20 2.500E-20 2.476E-20 2.681E-20 3.153E-20 6.881E-20 1.003E-19 7.608E-20 1.186E-19 2.938E-19
 3.005E-19 1.192E-19 4.419E-20 3.612E-20 3.500E-20 3.354E-20 3.056E-20 4.052E-20 7.419E-20 1.122E-19
 8.570E-20 5.918E-20 1.504E-19 3.052E-19 2.330E-19 6.178E-20 2.109E-20 2.363E-20 2.755E-20 2.170E-20
 2.468E-20 4.719E-20 9.213E-20 7.994E-20 4.320E-20 6.692E-20 2.051E-19 3.206E-19 1.821E-19 4.983E-20
 3.310E-20 2.738E-20 2.412E-20 2.378E-20 2.378E-20 8.585E-20 9.310E-20 4.871E-20 3.868E-20 8.986E-20
 2.443E-19 2.728E-19 1.057E-19 2.847E-20 2.593E-20 2.260E-20 2.405E-20 4.021E-20 7.969E-20 8.858E-20
 4.692E-20 2.669E-20 4.154E-20 1.317E-19 2.832E-19 2.202E-19 6.325E-20 2.687E-20 2.165E-20 2.199E-20
 3.086E-20 6.435E-20 8.596E-20 5.412E-20 2.999E-20 2.940E-20 5.587E-20 1.792E-19 2.686E-19 1.353E-19
 2.521E-20 1.701E-20 2.015E-20 3.275E-20 6.409E-20 8.727E-20 5.479E-20 2.751E-20 2.332E-20 3.071E-20
 9.114E-20 2.355E-19 2.336E-19 8.107E-20 2.242E-20 1.824E-20 2.554E-20 5.111E-20 7.665E-20 5.252E-20
 2.544E-20 2.300E-20 2.930E-20 4.871E-20 1.447E-19 2.507E-19 1.521E-19 3.353E-20 1.884E-20 2.423E-20
 5.121E-20 7.748E-20 5.717E-20 2.648E-20 2.445E-20 2.357E-20 2.587E-20 7.135E-20 1.994E-19 2.232E-19
 8.993E-20 2.788E-20 3.130E-20 5.375E-20 7.432E-20 5.471E-20 2.649E-20 2.201E-20 2.854E-20 3.508E-20
 4.834E-20 1.278E-19 2.288E-19 1.557E-19 3.837E-20 1.978E-20 4.013E-20 6.720E-20 5.016E-20 2.686E-20
 1.804E-20 1.782E-20 1.716E-20 2.201E-20 6.165E-20 1.728E-19 2.041E-19 8.786E-20 3.476E-20 5.272E-20
 7.085E-20 5.025E-20 2.761E-20 2.622E-20 2.376E-20 2.683E-20 2.832E-20 4.340E-20 1.158E-19 2.010E-19
 1.297E-19 3.256E-20 3.487E-20 5.231E-20 3.775E-20 1.987E-20 1.885E-20 2.029E-20 2.462E-20 2.249E-20
 2.411E-20 6.122E-20 1.609E-19 1.776E-19 8.073E-20 5.285E-20 6.404E-20 4.746E-20 2.604E-20 2.251E-20
 2.188E-20 2.104E-20 2.324E-20 2.304E-20 3.586E-20 1.059E-19 1.740E-19 1.048E-19 3.882E-20 3.903E-20
 2.303E-20 1.327E-20 1.678E-20 2.193E-20 2.455E-20 2.614E-20 2.726E-20 3.442E-20 7.377E-20 1.606E-19
 1.552E-19 7.818E-20 5.948E-20 4.131E-20 2.504E-20 2.019E-20 1.772E-20 1.299E-20 1.213E-20 1.549E-20
 2.075E-20 4.028E-20 1.164E-19 1.640E-19 9.553E-20 3.884E-20 1.694E-20 1.033E-20 1.176E-20 1.481E-20
 2.016E-20 2.174E-20 2.559E-20 2.741E-20 3.287E-20 8.248E-20 1.597E-19 1.316E-19 5.474E-20 2.421E-20
 1.953E-20 2.146E-20 2.029E-20 1.415E-20 8.666E-21 1.139E-20 1.321E-20 1.760E-20 4.862E-20 1.300E-19
 1.470E-19 6.275E-20 1.902E-20 1.335E-20 1.195E-20 1.227E-20 1.435E-20 1.437E-20 1.812E-20 2.268E-20
 2.582E-20 3.820E-20 1.055E-19 1.483E-19 7.296E-20 1.961E-20 1.691E-20 1.746E-20 1.995E-20 1.822E-20
 1.516E-20 1.566E-20 1.767E-20 1.529E-20 2.245E-20 7.903E-20 1.408E-19 8.829E-20 2.350E-20 1.582E-20
 1.453E-20 1.229E-20 1.109E-20 1.109E-20 1.266E-20 2.007E-20 2.234E-20 2.742E-20 6.439E-20 1.242E-19
 9.637E-20 2.756E-20 9.350E-21 1.130E-20 1.381E-20 1.370E-20 1.495E-20 1.380E-20 1.220E-20 1.183E-20
 2.146E-20 5.251E-20 1.067E-19 1.053E-19 4.509E-20 2.220E-20 1.988E-20 1.472E-20 7.899E-21 3.947E-21
 5.506E-21 1.009E-20 1.657E-20 2.342E-20 3.988E-20 8.115E-20 9.684E-20 4.525E-20 1.219E-20 1.141E-20
 1.322E-20 1.641E-20 2.070E-20 2.247E-20 2.279E-20 2.396E-20 2.844E-20 3.645E-20 6.341E-20 9.347E-20
 5.424E-20 1.382E-20 9.929E-21 9.308E-21 7.687E-21 3.898E-21 1.552E-21 2.654E-21 7.134E-21 1.574E-20
 2.358E-20 4.809E-20 8.133E-20 5.241E-20 1.099E-20 6.460E-21 7.726E-21 9.654E-21 1.422E-20 1.422E-20
 2.260E-20 2.815E-20 2.780E-20 2.037E-20 3.436E-20 6.715E-20 4.616E-20 4.370E-21 0.000E+00 4.009E-21
 6.684E-21 6.448E-21 5.953E-21 6.242E-21 1.262E-20 1.393E-20 1.032E-20 3.018E-20 7.031E-20 6.401E-20
 2.698E-20 1.601E-20 1.311E-20 1.347E-20 1.178E-20 1.294E-20 1.871E-20 2.390E-20 2.335E-20 2.349E-20
 3.333E-20 5.962E-20 5.211E-20 1.339E-20 8.629E-22 1.247E-21 2.582E-21 7.059E-21 1.248E-20 1.412E-20
 1.385E-20 6.263E-21 2.141E-21 1.840E-20 5.466E-20 5.756E-20 2.445E-20 1.362E-20 1.720E-20 1.456E-20
 9.968E-21 1.176E-20 1.312E-20 1.270E-20 1.182E-20 1.161E-20 1.816E-20 4.374E-20 4.478E-20 1.080E-20
 0.000E+00 0.000E+00 3.508E-21 9.094E-21 1.624E-20 1.839E-20 1.605E-20 1.056E-20 9.531E-21 1.711E-20
 3.887E-20 4.212E-20 1.890E-20 8.397E-21 9.432E-21 1.466E-20 1.735E-20 1.809E-20 1.375E-20 7.876E-21
 5.610E-21 8.980E-21 8.980E-21 4.297E-20 4.392E-20 1.773E-20 2.744E-21 1.285E-21 4.117E-21 8.825E-21
 1.101E-20 9.266E-21 1.014E-20 1.040E-20 1.198E-20 1.852E-20 3.674E-20 3.246E-20 7.995E-21 4.818E-22
 3.805E-21 7.328E-21 7.005E-21 5.009E-21 4.060E-21 3.602E-21 2.246E-21 5.557E-21 1.661E-20 3.538E-20
 3.497E-20 1.703E-20 1.225E-20 1.238E-20 1.397E-20 1.295E-20 6.785E-21 4.524E-21 6.787E-21 7.496E-21
 1.020E-20 1.669E-20 2.990E-20 2.044E-20 3.575E-21 4.355E-21 4.674E-21 5.078E-21 7.647E-21 1.036E-20
 1.110E-20 1.034E-20 6.362E-21 7.367E-21 1.694E-20 3.136E-20 2.668E-20 1.828E-20 2.196E-20 2.230E-20
 1.633E-20 1.109E-20 7.960E-21 3.377E-21 2.071E-21 2.071E-21 7.076E-21 1.877E-20 3.005E-20 1.782E-20
 5.932E-22 0.000E+00 0.000E+00 0.000E+00 3.103E-21 6.833E-21 8.789E-21 1.242E-20 1.294E-20 1.461E-20
 2.388E-20 2.755E-20 1.489E-20 1.143E-20 1.339E-20 1.104E-20 1.124E-20 1.151E-20 8.665E-21 5.412E-21
 8.179E-22 0.000E+00 0.000E+00 1.340E-20 1.712E-20 9.485E-21 9.206E-21 9.834E-21 4.977E-21 2.071E-21
 2.512E-21 5.802E-21 8.941E-21 1.092E-20 1.454E-20 2.240E-20 3.403E-20 3.305E-20 1.870E-20 9.659E-21
 6.606E-21 4.208E-21 4.708E-21 6.883E-21 6.609E-21 4.354E-21 0.000E+00 0.000E+00 2.748E-21 1.112E-20
 1.072E-20 4.603E-21 5.481E-21 9.447E-21 1.035E-20 8.310E-21 5.989E-21 6.620E-21 6.389E-21 4.623E-21
 5.962E-21 1.718E-20 2.635E-20 2.291E-20 1.557E-20 1.186E-20 8.140E-21 3.683E-21 1.437E-21 8.533E-22
 1.531E-21 3.787E-21 4.352E-21 5.984E-21 1.228E-20 1.146E-20 3.832E-21 2.582E-21 5.469E-21 9.711E-21
 1.452E-20 1.625E-20 1.521E-20 9.649E-21 6.155E-21 3.479E-21 9.238E-21 1.814E-20 1.680E-20 1.022E-20
 8.111E-21 1.064E-20 8.691E-21 1.891E-21 9.573E-22 2.240E-22 2.287E-21 7.269E-21 1.017E-20 1.412E-20
 1.816E-20 1.205E-20 3.211E-21 1.360E-22 2.221E-21 2.202E-21 3.237E-21 6.961E-21 8.424E-21 8.975E-21
 8.448E-21 9.738E-21 9.684E-21 7.418E-21 3.274E-21 0.000E+00 1.077E-21 6.569E-21 1.028E-20 9.407E-21
 4.861E-21 4.424E-22 0.000E+00 3.169E-23 5.809E-21 1.343E-20 1.275E-20 8.160E-21 8.160E-21 7.333E-21
 4.216E-21 1.579E-21 1.636E-21 6.160E-22 3.036E-21 7.271E-21 7.338E-21 7.818E-21 8.363E-21 2.513E-21
 0.000E+00 0.000E+00 2.634E-21 6.816E-21 9.130E-21 7.950E-21 9.209E-21 1.288E-20 1.077E-20 9.067E-21
 1.322E-20 1.260E-20 9.942E-21 1.189E-20 1.184E-20 7.993E-21 2.959E-21 2.680E-21 5.963E-22 0.000E+00
 0.000E+00 9.219E-22 5.251E-21 6.311E-21 1.615E-21 0.000E+00 8.438E-22 1.767E-21 3.775E-21 2.931E-21
 5.190E-21 8.471E-21 1.475E-20 2.027E-20 2.104E-20 1.854E-20 1.234E-20 7.230E-21 3.992E-21 3.873E-21
 7.139E-21 9.488E-21 6.184E-21 5.385E-22 0.000E+00 0.000E+00 0.000E+00 0.000E+00 3.236E-21 5.132E-21
 1.007E-20 1.328E-20 9.965E-21 7.700E-21 7.280E-21 3.843E-21 0.000E+00 1.436E-21 7.178E-21 1.092E-20
 1.380E-20 1.197E-20 8.192E-21 5.538E-21 3.690E-21 2.060E-21 6.523E-22 1.322E-21 3.454E-21 3.324E-21
 2.591E-21 3.414E-21 4.376E-21 3.714E-21 0.000E+00 0.000E+00 0.000E+00 0.000E+00 0.000E+00 0.000E+00
