     CClF3  765.0110  804.9900      2696  253.0000    0.0000 1.479E-18  NCAR    CFC-13
 1.666E-20 3.949E-20 6.211E-20 5.731E-20 5.509E-20 5.005E-20 3.870E-20 3.321E-20 3.080E-20 2.577E-20
 2.301E-20 2.807E-20 2.758E-20 2.659E-20 3.257E-20 4.057E-20 4.245E-20 4.953E-20 7.527E-20 8.605E-20
 7.098E-20 5.226E-20 3.082E-20 2.023E-20 1.805E-20 1.899E-20 1.763E-20 1.810E-20 1.915E-20 1.836E-20
 1.824E-20 2.424E-20 3.181E-20 3.624E-20 5.782E-20 9.561E-20 1.049E-19 8.374E-20 5.551E-20 3.624E-20
 2.696E-20 2.482E-20 2.260E-20 2.333E-20 2.559E-20 2.154E-20 1.598E-20 1.441E-20 1.739E-20 2.082E-20
 3.219E-20 7.118E-20 1.151E-19 1.059E-19 6.423E-20 3.721E-20 2.708E-20 2.144E-20 1.887E-20 2.029E-20
 2.808E-20 2.808E-20 3.270E-20 2.955E-20 3.462E-20 3.677E-20 3.265E-20 5.176E-20 1.128E-19 1.357E-19
 9.038E-20 4.992E-20 3.510E-20 3.510E-20 1.608E-20 1.485E-20 1.731E-20 2.172E-20 2.320E-20 2.214E-20
 2.595E-20 3.213E-20 3.228E-20 3.589E-20 8.642E-20 1.433E-19 1.120E-19 6.083E-20 4.676E-20 3.975E-20
 3.001E-20 2.108E-20 2.108E-20 2.306E-20 2.623E-20 2.444E-20 2.674E-20 3.476E-20 4.212E-20 4.773E-20
 8.062E-20 1.493E-19 1.569E-19 9.135E-20 5.247E-20 3.743E-20 2.867E-20 2.594E-20 2.639E-20 2.711E-20
 2.695E-20 2.286E-20 1.885E-20 2.101E-20 2.948E-20 3.692E-20 6.408E-20 1.265E-19 1.653E-19 1.230E-19
 7.152E-20 4.727E-20 3.454E-20 2.947E-20 3.091E-20 3.263E-20 3.682E-20 3.593E-20 3.201E-20 2.696E-20
 2.501E-20 3.097E-20 4.582E-20 8.905E-20 1.437E-19 1.436E-19 9.081E-20 5.295E-20 3.261E-20 2.221E-20
 1.629E-20 1.816E-20 2.699E-20 3.775E-20 3.936E-20 3.708E-20 3.918E-20 4.774E-20 6.392E-20 9.491E-20
 1.311E-19 1.579E-19 1.300E-19 8.259E-20 5.989E-20 4.515E-20 3.132E-20 2.294E-20 2.368E-20 3.117E-20
 3.171E-20 2.724E-20 2.727E-20 3.437E-20 5.255E-20 8.049E-20 9.710E-20 1.376E-19 1.547E-19 1.036E-19
 6.423E-20 4.621E-20 3.947E-20 3.877E-20 4.119E-20 4.632E-20 4.837E-20 4.193E-20 3.623E-20 4.283E-20
 6.823E-20 9.423E-20 9.118E-20 1.116E-19 1.608E-19 1.236E-19 6.012E-20 3.410E-20 2.446E-20 2.133E-20
 2.591E-20 3.940E-20 4.606E-20 3.700E-20 3.202E-20 3.710E-20 6.808E-20 1.085E-19 1.004E-19 1.020E-19
 1.658E-19 1.744E-19 1.075E-19 6.060E-20 3.866E-20 2.891E-20 2.742E-20 3.746E-20 4.728E-20 4.646E-20
 3.819E-20 3.781E-20 6.746E-20 1.040E-19 8.786E-20 7.214E-20 1.288E-19 1.840E-19 1.366E-19 7.311E-20
 4.638E-20 3.585E-20 3.624E-20 4.371E-20 5.048E-20 5.060E-20 4.419E-20 4.697E-20 7.860E-20 1.146E-19
 9.216E-20 6.554E-20 9.953E-20 1.806E-19 1.732E-19 9.724E-20 5.658E-20 3.827E-20 3.557E-20 4.191E-20
 5.196E-20 4.952E-20 4.033E-20 4.245E-20 7.933E-20 1.172E-19 9.792E-20 6.939E-20 6.939E-20 1.561E-19
 1.946E-19 1.253E-19 6.994E-20 5.080E-20 4.930E-20 4.989E-20 5.457E-20 5.105E-20 4.187E-20 4.478E-20
 8.445E-20 1.140E-19 9.121E-20 6.413E-20 6.854E-20 1.356E-19 2.112E-19 1.622E-19 8.644E-20 5.363E-20
 4.467E-20 4.601E-20 5.368E-20 5.613E-20 4.775E-20 4.992E-20 8.847E-20 1.068E-19 7.935E-20 5.166E-20
 4.897E-20 1.041E-19 2.123E-19 2.131E-19 1.257E-19 7.151E-20 5.273E-20 5.037E-20 5.527E-20 5.934E-20
 5.786E-20 7.309E-20 1.151E-19 1.144E-19 7.619E-20 5.278E-20 3.943E-20 6.457E-20 1.700E-19 2.269E-19
 1.468E-19 7.670E-20 5.570E-20 4.875E-20 4.771E-20 5.371E-20 5.609E-20 8.186E-20 1.285E-19 1.204E-19
 8.399E-20 6.783E-20 5.800E-20 7.260E-20 1.600E-19 2.504E-19 1.912E-19 1.035E-19 6.642E-20 5.689E-20
 5.325E-20 5.429E-20 5.368E-20 8.231E-20 1.182E-19 9.741E-20 6.506E-20 5.432E-20 4.943E-20 6.276E-20
 1.374E-19 2.536E-19 2.290E-19 1.254E-19 7.241E-20 5.892E-20 5.831E-20 6.440E-20 7.760E-20 1.179E-19
 1.376E-19 9.182E-20 5.588E-20 5.090E-20 4.696E-20 5.181E-20 1.045E-19 2.279E-19 2.442E-19 1.361E-19
 7.084E-20 4.936E-20 3.902E-20 4.581E-20 7.647E-20 1.320E-19 1.374E-19 8.293E-20 5.711E-20 6.230E-20
 6.172E-20 5.720E-20 9.798E-20 2.277E-19 2.940E-19 1.921E-19 1.019E-19 6.584E-20 4.963E-20 5.225E-20
 9.040E-20 1.374E-19 1.165E-19 6.092E-20 6.092E-20 5.781E-20 6.013E-20 5.218E-20 7.213E-20 1.835E-19
 2.891E-19 2.171E-19 1.184E-19 7.834E-20 6.008E-20 7.083E-20 1.249E-19 1.615E-19 1.114E-19 5.525E-20
 5.088E-20 6.291E-20 6.622E-20 6.170E-20 7.687E-20 1.743E-19 3.061E-19 2.523E-19 1.288E-19 7.402E-20
 5.459E-20 7.611E-20 1.449E-19 1.570E-19 8.144E-20 3.284E-20 3.553E-20 5.210E-20 5.896E-20 6.045E-20
 7.099E-20 1.590E-19 3.097E-19 2.850E-19 1.476E-19 7.533E-20 5.316E-20 9.468E-20 1.704E-19 1.496E-19
 6.661E-20 3.629E-20 4.351E-20 5.278E-20 5.359E-20 5.632E-20 6.711E-20 1.418E-19 3.025E-19 3.149E-19
 1.696E-19 7.882E-20 6.131E-20 1.214E-19 1.765E-19 1.174E-19 5.018E-20 4.001E-20 4.440E-20 5.622E-20
 6.554E-20 6.121E-20 6.579E-20 1.340E-19 2.955E-19 3.358E-19 1.897E-19 9.315E-20 8.813E-20 1.640E-19
 1.860E-19 1.017E-19 4.582E-20 3.589E-20 3.981E-20 5.241E-20 6.320E-20 6.475E-20 6.973E-20 1.251E-19
 2.809E-19 3.389E-19 1.882E-19 8.003E-20 9.827E-20 1.804E-19 1.590E-19 7.269E-20 4.025E-20 3.396E-20
 4.093E-20 5.809E-20 7.151E-20 7.440E-20 8.433E-20 1.340E-19 2.947E-19 3.668E-19 2.123E-19 1.050E-19
 1.424E-19 1.830E-19 1.182E-19 4.906E-20 2.899E-20 2.801E-20 3.641E-20 5.027E-20 6.054E-20 6.234E-20
 6.875E-20 1.129E-19 2.769E-19 3.723E-19 2.320E-19 1.440E-19 1.867E-19 1.704E-19 9.078E-20 4.934E-20
 4.290E-20 4.453E-20 5.226E-20 6.523E-20 7.666E-20 7.752E-20 7.447E-20 1.110E-19 2.686E-19 3.663E-19
 2.372E-19 1.702E-19 1.839E-19 1.211E-19 5.947E-20 3.551E-20 3.249E-20 3.491E-20 4.618E-20 6.273E-20
 8.238E-20 8.925E-20 8.854E-20 1.255E-19 2.822E-19 3.912E-19 2.857E-19 2.190E-19 1.681E-19 9.414E-20
 6.820E-20 4.708E-20 3.603E-20 2.903E-20 3.696E-20 5.185E-20 7.104E-20 7.534E-20 7.797E-20 1.175E-19
 2.808E-19 4.038E-19 3.214E-19 2.168E-19 1.173E-19 7.392E-20 6.420E-20 4.728E-20 4.383E-20 4.466E-20
 5.878E-20 7.540E-20 8.668E-20 8.277E-20 8.372E-20 1.243E-19 2.976E-19 4.465E-19 3.593E-19 1.819E-19
 7.905E-20 6.110E-20 4.836E-20 3.528E-20 3.347E-20 3.752E-20 5.614E-20 7.865E-20 9.174E-20 8.920E-20
 8.343E-20 1.234E-19 3.202E-19 4.931E-19 3.429E-19 1.311E-19 7.501E-20 7.310E-20 5.415E-20 3.785E-20
 3.321E-20 3.655E-20 5.959E-20 8.363E-20 9.104E-20 8.307E-20 7.801E-20 1.377E-19 3.785E-19 5.142E-19
 2.653E-19 7.470E-20 6.095E-20 6.282E-20 4.466E-20 3.543E-20 3.875E-20 4.573E-20 6.268E-20 7.798E-20
 8.694E-20 8.308E-20 8.202E-20 1.691E-19 4.219E-19 4.636E-19 1.922E-19 6.195E-20 6.266E-20 5.503E-20
 3.700E-20 3.485E-20 4.061E-20 5.209E-20 7.066E-20 8.451E-20 8.263E-20 7.172E-20 8.385E-20 2.295E-19
 4.835E-19 4.055E-19 1.395E-19 6.034E-20 6.233E-20 4.533E-20 2.550E-20 2.595E-20 3.498E-20 5.465E-20
 7.666E-20 9.203E-20 9.169E-20 9.110E-20 1.369E-19 3.200E-19 4.966E-19 3.498E-19 1.233E-19 7.157E-20
 7.146E-20 4.946E-20 3.281E-20 3.392E-20 4.081E-20 5.086E-20 6.751E-20 7.990E-20 7.867E-20 9.441E-20
 1.806E-19 3.364E-19 4.325E-19 2.805E-19 9.531E-20 7.129E-20 7.129E-20 5.350E-20 5.204E-20 5.991E-20
 6.314E-20 7.128E-20 8.485E-20 9.570E-20 1.004E-19 1.464E-19 2.178E-19 3.144E-19 3.949E-19 2.325E-19
 7.719E-20 6.134E-20 4.476E-20 2.998E-20 3.037E-20 3.899E-20 4.686E-20 6.633E-20 8.368E-20 9.610E-20
 1.266E-19 1.849E-19 2.018E-19 3.128E-19 3.828E-19 1.961E-19 8.850E-20 7.656E-20 5.293E-20 3.883E-20
 3.878E-20 3.928E-20 4.344E-20 6.392E-20 6.392E-20 1.123E-19 1.663E-19 1.632E-19 1.540E-19 3.168E-19
 3.315E-19 1.334E-19 5.992E-20 5.330E-20 4.357E-20 4.486E-20 4.984E-20 5.070E-20 5.982E-20 8.087E-20
 1.059E-19 1.606E-19 1.860E-19 1.253E-19 1.856E-19 3.686E-19 2.932E-19 1.044E-19 5.987E-20 4.504E-20
 3.750E-20 4.086E-20 4.709E-20 4.961E-20 6.556E-20 9.205E-20 1.415E-19 1.813E-19 1.223E-19 8.327E-20
 2.242E-19 3.705E-19 2.291E-19 8.736E-20 6.304E-20 4.499E-20 4.384E-20 4.235E-20 4.466E-20 5.347E-20
 8.057E-20 1.265E-19 1.864E-19 1.452E-19 6.949E-20 1.005E-19 2.789E-19 3.461E-19 1.643E-19 6.893E-20
 5.473E-20 4.531E-20 4.032E-20 3.706E-20 3.690E-20 4.666E-20 8.697E-20 1.579E-19 1.568E-19 8.095E-20
 6.092E-20 1.439E-19 3.272E-19 2.941E-19 1.163E-19 6.048E-20 5.000E-20 4.965E-20 4.586E-20 4.406E-20
 4.923E-20 8.138E-20 1.496E-19 1.645E-19 9.338E-20 5.337E-20 6.892E-20 2.031E-19 3.463E-19 2.234E-19
 7.923E-20 5.001E-20 3.523E-20 3.166E-20 2.998E-20 3.941E-20 5.843E-20 1.240E-19 1.626E-19 1.085E-19
 5.649E-20 4.847E-20 9.242E-20 2.659E-19 3.295E-19 1.645E-19 7.750E-20 6.086E-20 5.395E-20 5.124E-20
 4.656E-20 5.514E-20 1.051E-19 1.586E-19 1.215E-19 7.396E-20 5.579E-20 5.670E-20 1.466E-19 3.111E-19
 2.569E-19 9.319E-20 4.378E-20 3.788E-20 4.772E-20 4.914E-20 5.487E-20 9.747E-20 1.575E-19 1.324E-19
 8.764E-20 7.310E-20 6.797E-20 9.376E-20 2.281E-19 3.234E-19 1.811E-19 6.218E-20 3.429E-20 2.550E-20
 2.608E-20 2.608E-20 6.731E-20 1.209E-19 1.049E-19 6.318E-20 5.165E-20 3.905E-20 4.121E-20 1.071E-19
 2.664E-19 2.619E-19 1.068E-19 4.583E-20 3.945E-20 3.769E-20 3.691E-20 6.871E-20 1.170E-19 1.089E-19
 7.911E-20 7.347E-20 6.017E-20 4.502E-20 5.583E-20 1.709E-19 2.864E-19 1.765E-19 5.003E-20 2.845E-20
 2.610E-20 2.538E-20 4.651E-20 8.982E-20 7.816E-20 5.269E-20 5.543E-20 5.784E-20 5.165E-20 5.238E-20
 1.051E-19 2.503E-19 2.671E-19 1.166E-19 5.033E-20 4.184E-20 3.986E-20 6.006E-20 1.042E-19 9.331E-20
 6.175E-20 6.102E-20 6.066E-20 5.303E-20 4.127E-20 5.278E-20 1.569E-19 2.719E-19 1.764E-19 6.203E-20
 4.513E-20 4.040E-20 5.880E-20 9.877E-20 9.231E-20 6.414E-20 7.428E-20 8.163E-20 8.025E-20 6.808E-20
 6.169E-20 1.060E-19 2.357E-19 2.401E-19 9.758E-20 3.727E-20 3.211E-20 4.907E-20 8.577E-20 7.441E-20
 3.915E-20 3.965E-20 4.911E-20 5.075E-20 4.409E-20 3.819E-20 5.142E-20 1.458E-19 2.360E-19 1.396E-19
 3.720E-20 2.403E-20 4.071E-20 7.577E-20 6.540E-20 3.767E-20 4.063E-20 5.376E-20 5.470E-20 4.755E-20
 3.927E-20 4.016E-20 9.348E-20 2.123E-19 1.972E-19 7.128E-20 3.117E-20 4.317E-20 6.858E-20 5.634E-20
 3.134E-20 2.914E-20 4.199E-20 5.278E-20 4.996E-20 3.932E-20 3.205E-20 5.128E-20 1.476E-19 2.078E-19
 1.078E-19 4.389E-20 5.616E-20 7.917E-20 6.720E-20 4.218E-20 3.570E-20 4.288E-20 5.895E-20 6.068E-20
 5.799E-20 5.762E-20 6.641E-20 1.212E-19 2.058E-19 1.526E-19 5.323E-20 4.734E-20 6.248E-20 4.708E-20
 2.890E-20 3.183E-20 3.695E-20 4.804E-20 4.889E-20 4.552E-20 4.089E-20 4.305E-20 7.645E-20 1.699E-19
 1.869E-19 9.753E-20 7.307E-20 8.189E-20 6.393E-20 4.808E-20 4.641E-20 5.030E-20 6.057E-20 6.798E-20
 6.690E-20 5.995E-20 5.374E-20 5.869E-20 1.186E-19 1.725E-19 1.094E-19 6.973E-20 7.548E-20 5.866E-20
 5.002E-20 5.253E-20 5.602E-20 6.502E-20 7.761E-20 7.903E-20 8.414E-20 8.804E-20 9.416E-20 1.339E-19
 2.012E-19 1.697E-19 1.074E-19 9.744E-20 8.326E-20 7.565E-20 7.491E-20 7.738E-20 8.142E-20 8.685E-20
 7.996E-20 6.972E-20 6.382E-20 6.111E-20 8.245E-20 1.510E-19 1.638E-19 1.058E-19 7.595E-20 6.191E-20
 6.342E-20 6.831E-20 7.239E-20 7.239E-20 9.598E-20 1.052E-19 1.030E-19 9.410E-20 9.040E-20 1.007E-19
 1.517E-19 1.919E-19 1.511E-19 1.106E-19 9.799E-20 9.508E-20 9.537E-20 9.806E-20 1.006E-19 1.040E-19
 1.081E-19 1.065E-19 1.021E-19 1.001E-19 1.086E-19 1.468E-19 1.898E-19 1.552E-19 9.817E-20 8.493E-20
 8.884E-20 9.624E-20 1.033E-19 1.075E-19 1.129E-19 1.236E-19 1.230E-19 1.188E-19 1.215E-19 1.273E-19
 1.572E-19 2.214E-19 2.220E-19 1.736E-19 1.601E-19 1.633E-19 1.742E-19 1.856E-19 2.017E-19 2.149E-19
 2.300E-19 2.416E-19 2.466E-19 2.483E-19 2.497E-19 2.654E-19 3.018E-19 2.869E-19 2.223E-19 1.995E-19
 2.037E-19 2.030E-19 1.941E-19 1.751E-19 1.590E-19 1.527E-19 1.522E-19 1.581E-19 1.632E-19 1.618E-19
 1.672E-19 1.893E-19 1.856E-19 1.377E-19 1.198E-19 1.308E-19 1.371E-19 1.407E-19 1.468E-19 1.549E-19
 1.639E-19 1.688E-19 1.723E-19 1.813E-19 1.957E-19 2.150E-19 2.454E-19 2.714E-19 2.598E-19 2.479E-19
 2.520E-19 2.609E-19 2.703E-19 2.792E-19 2.866E-19 2.922E-19 3.011E-19 3.116E-19 3.184E-19 3.127E-19
 2.964E-19 2.976E-19 3.213E-19 3.237E-19 3.221E-19 3.433E-19 3.619E-19 3.796E-19 3.991E-19 4.176E-19
 4.369E-19 4.630E-19 4.924E-19 5.280E-19 5.702E-19 6.215E-19 6.580E-19 6.695E-19 6.682E-19 6.719E-19
 6.885E-19 6.998E-19 7.207E-19 7.414E-19 7.318E-19 7.232E-19 7.258E-19 7.045E-19 6.641E-19 6.032E-19
 4.911E-19 4.072E-19 3.504E-19 2.858E-19 2.507E-19 2.431E-19 2.400E-19 2.357E-19 2.265E-19 2.113E-19
 2.095E-19 2.305E-19 2.402E-19 2.226E-19 1.898E-19 1.649E-19 1.560E-19 1.560E-19 1.503E-19 1.335E-19
 1.342E-19 1.541E-19 1.667E-19 1.604E-19 1.530E-19 1.579E-19 1.647E-19 1.733E-19 1.943E-19 2.146E-19
 2.301E-19 2.512E-19 2.598E-19 2.529E-19 2.531E-19 2.658E-19 2.824E-19 2.961E-19 3.083E-19 3.271E-19
 3.449E-19 3.523E-19 3.597E-19 3.748E-19 3.914E-19 4.093E-19 4.335E-19 4.657E-19 4.966E-19 5.317E-19
 5.672E-19 5.936E-19 6.183E-19 6.420E-19 6.718E-19 6.998E-19 7.296E-19 7.602E-19 9.098E-19 9.514E-19
 1.002E-18 1.058E-18 1.095E-18 1.138E-18 1.193E-18 1.250E-18 1.306E-18 1.361E-18 1.414E-18 1.438E-18
 1.451E-18 1.479E-18 1.466E-18 1.403E-18 1.314E-18 1.190E-18 1.001E-18 5.833E-19 2.489E-19 9.841E-20
 7.421E-20 7.093E-20 7.165E-20 7.509E-20 8.112E-20 8.674E-20 9.524E-20 9.983E-20 9.403E-20 8.908E-20
 9.165E-20 9.090E-20 9.575E-20 1.028E-19 1.089E-19 1.056E-19 1.026E-19 1.061E-19 1.055E-19 1.068E-19
 1.160E-19 1.215E-19 1.165E-19 1.134E-19 1.267E-19 1.409E-19 1.520E-19 1.561E-19 1.334E-19 7.106E-20
 1.823E-20 7.590E-21 1.573E-20 2.104E-20 2.690E-20 3.679E-20 4.138E-20 2.704E-20 1.645E-20 1.777E-20
 2.192E-20 2.901E-20 2.901E-20 4.534E-20 3.665E-20 3.108E-20 2.875E-20 2.500E-20 2.397E-20 3.112E-20
 4.371E-20 3.857E-20 2.099E-20 2.024E-20 2.443E-20 2.140E-20 2.458E-20 3.295E-20 2.896E-20 1.965E-20
 2.008E-20 2.631E-20 2.508E-20 2.813E-20 4.680E-20 5.606E-20 3.843E-20 2.689E-20 3.347E-20 3.826E-20
 4.181E-20 5.349E-20 5.987E-20 4.562E-20 2.730E-20 2.202E-20 1.674E-20 1.587E-20 3.120E-20 5.596E-20
 5.003E-20 2.733E-20 1.700E-20 2.091E-20 2.451E-20 2.311E-20 3.117E-20 5.104E-20 4.536E-20 3.243E-20
 2.985E-20 2.632E-20 3.728E-20 6.640E-20 7.684E-20 5.155E-20 3.442E-20 3.906E-20 4.766E-20 4.419E-20
 3.561E-20 4.319E-20 5.654E-20 3.640E-20 1.214E-20 5.696E-21 1.466E-20 4.552E-20 7.314E-20 5.509E-20
 2.836E-20 2.190E-20 3.264E-20 3.988E-20 3.266E-20 3.608E-20 6.556E-20 8.212E-20 5.403E-20 3.015E-20
 2.391E-20 3.838E-20 7.476E-20 7.228E-20 4.519E-20 3.930E-20 4.301E-20 5.141E-20 4.290E-20 2.428E-20
 2.916E-20 6.252E-20 6.624E-20 3.004E-20 1.786E-20 3.197E-20 6.905E-20 8.109E-20 5.529E-20 4.016E-20
 3.946E-20 5.089E-20 5.998E-20 4.815E-20 4.074E-20 6.122E-20 9.958E-20 8.094E-20 3.195E-20 2.809E-20
 6.237E-20 9.042E-20 7.178E-20 5.713E-20 5.459E-20 5.473E-20 5.557E-20 4.197E-20 2.414E-20 3.099E-20
 6.828E-20 1.033E-19 6.650E-20 3.256E-20 5.911E-20 9.498E-20 8.194E-20 5.858E-20 5.282E-20 5.604E-20
 6.410E-20 6.185E-20 4.702E-20 3.936E-20 5.139E-20 9.275E-20 9.275E-20 7.058E-20 5.592E-20 9.267E-20
 9.527E-20 7.522E-20 7.058E-20 6.506E-20 5.786E-20 5.786E-20 4.294E-20 2.805E-20 3.062E-20 5.919E-20
 1.152E-19 1.175E-19 1.175E-19 7.524E-20 8.714E-20 6.489E-20 6.308E-20 6.731E-20 6.051E-20 5.917E-20
 6.240E-20 5.498E-20 4.769E-20 4.998E-20 8.272E-20 1.397E-19 1.199E-19 1.000E-19 1.114E-19 8.601E-20
 7.767E-20 7.817E-20 6.717E-20 5.058E-20 5.284E-20 5.093E-20 4.047E-20 3.698E-20 4.511E-20 9.744E-20
 1.503E-19 1.281E-19 1.077E-19 8.121E-20 7.642E-20 8.706E-20 8.169E-20 6.647E-20 6.920E-20 7.586E-20
 6.638E-20 5.760E-20 5.135E-20 7.193E-20 1.522E-19 1.968E-19 1.516E-19 9.960E-20 7.924E-20 7.795E-20
 6.465E-20 4.828E-20 4.304E-20 5.808E-20 5.591E-20 4.410E-20 3.727E-20 3.933E-20 9.537E-20 2.089E-19
 2.092E-19 1.137E-19 8.108E-20 9.907E-20 1.010E-19 8.658E-20 7.432E-20 7.571E-20 7.762E-20 6.268E-20
 4.422E-20 3.626E-20 6.418E-20 1.888E-19 2.790E-19 1.640E-19 7.612E-20 7.754E-20 7.280E-20 5.487E-20
 4.882E-20 5.939E-20 7.321E-20 6.593E-20 5.125E-20 3.984E-20 4.474E-20 1.204E-19 2.503E-19 2.180E-19
 1.144E-19 1.066E-19 1.042E-19 9.196E-20 7.666E-20 7.187E-20 8.151E-20 7.905E-20 5.307E-20 4.048E-20
 3.847E-20 9.699E-20 2.494E-19 2.940E-19 1.514E-19 8.849E-20 7.707E-20 6.902E-20 6.117E-20 6.057E-20
 7.123E-20 8.418E-20 6.335E-20 4.527E-20 4.216E-20 7.955E-20 1.923E-19 2.977E-19 2.377E-19 1.324E-19
 1.002E-19 9.021E-20 8.074E-20 6.948E-20 7.434E-20 8.253E-20 6.971E-20 4.731E-20 4.403E-20 7.641E-20
 1.598E-19 2.452E-19 2.680E-19 1.618E-19 8.360E-20 7.375E-20 7.001E-20 6.581E-20 7.125E-20 8.948E-20
 8.476E-20 5.601E-20 5.040E-20 8.793E-20 1.580E-19 2.033E-19 2.768E-19 2.465E-19 1.246E-19 9.041E-20
 7.934E-20 6.929E-20 6.859E-20 8.134E-20 8.514E-20 6.529E-20 5.691E-20 9.221E-20 1.455E-19 1.509E-19
 2.189E-19 2.793E-19 1.592E-19 8.563E-20 8.138E-20 7.943E-20 7.639E-20 8.353E-20 8.976E-20 7.063E-20
 5.880E-20 9.932E-20 1.526E-19 1.348E-19 1.720E-19 2.980E-19 2.464E-19 1.217E-19 9.598E-20 9.127E-20
 7.884E-20 7.565E-20 9.093E-20 8.458E-20 7.799E-20 1.172E-19 1.642E-19 1.212E-19 1.095E-19 2.373E-19
 2.813E-19 1.448E-19 8.729E-20 8.774E-20 8.033E-20 7.092E-20 8.567E-20 8.272E-20 7.441E-20 1.229E-19
 1.710E-19 1.219E-19 9.860E-20 2.067E-19 3.288E-19 2.218E-19 1.077E-19 9.582E-20 8.662E-20 7.365E-20
 8.350E-20 8.797E-20 8.244E-20 1.316E-19 1.638E-19 9.754E-20 5.352E-20 1.238E-19 2.926E-19 2.809E-19
 1.336E-19 9.560E-20 9.015E-20 8.198E-20 8.709E-20 9.778E-20 1.026E-19 1.575E-19 1.745E-19 1.113E-19
 7.460E-20 1.156E-19 2.682E-19 3.365E-19 1.791E-19 9.621E-20 8.416E-20 7.904E-20 8.366E-20 9.665E-20
 1.076E-19 1.611E-19 1.483E-19 7.346E-20 4.353E-20 6.991E-20 2.051E-19 3.563E-19 2.429E-19 1.169E-19
 1.006E-19 9.708E-20 1.003E-19 1.133E-19 1.348E-19 1.865E-19 1.550E-19 8.529E-20 6.391E-20 6.988E-20
 1.637E-19 3.411E-19 2.895E-19 1.200E-19 8.000E-20 7.807E-20 8.716E-20 1.092E-19 1.479E-19 1.784E-19
 1.180E-19 5.702E-20 4.638E-20 5.495E-20 1.328E-19 3.244E-19 3.588E-19 1.751E-19 9.907E-20 8.991E-20
 9.466E-20 1.231E-19 1.730E-19 1.810E-19 1.089E-19 6.155E-20 5.216E-20 4.979E-20 9.802E-20 2.674E-19
 3.669E-19 2.017E-19 9.335E-20 8.159E-20 9.265E-20 1.366E-19 1.876E-19 1.519E-19 7.407E-20 4.613E-20
 4.289E-20 4.820E-20 8.687E-20 2.381E-19 3.926E-19 2.667E-19 1.250E-19 9.924E-20 1.059E-19 1.601E-19
 2.058E-19 1.387E-19 7.066E-20 5.561E-20 4.842E-20 5.002E-20 7.496E-20 1.971E-19 3.802E-19 2.990E-19
 1.256E-19 9.459E-20 1.171E-19 1.883E-19 1.998E-19 1.080E-19 5.384E-20 4.625E-20 4.262E-20 4.911E-20
 7.725E-20 1.822E-19 3.784E-19 3.456E-19 1.506E-19 9.695E-20 1.318E-19 2.103E-19 1.904E-19 1.017E-19
 7.062E-20 6.313E-20 5.561E-20 5.424E-20 6.980E-20 1.490E-19 3.440E-19 3.615E-19 1.648E-19 9.744E-20
 1.496E-19 2.034E-19 1.407E-19 6.640E-20 5.071E-20 4.343E-20 4.332E-20 4.967E-20 7.241E-20 1.463E-19
 3.386E-19 3.893E-19 1.971E-19 1.234E-19 1.825E-19 1.999E-19 1.184E-19 6.804E-20 6.765E-20 6.730E-20
 5.932E-20 5.301E-20 6.412E-20 1.207E-19 3.073E-19 3.898E-19 2.078E-19 1.422E-19 1.969E-19 1.675E-19
 8.230E-20 4.615E-20 3.955E-20 4.241E-20 5.374E-20 6.340E-20 7.906E-20 1.345E-19 3.137E-19 4.157E-19
 2.495E-19 1.775E-19 2.024E-19 1.427E-19 8.083E-20 6.039E-20 5.460E-20 5.049E-20 5.457E-20 5.433E-20
 5.905E-20 1.046E-19 2.820E-19 4.091E-19 2.677E-19 1.882E-19 1.705E-19 9.744E-20 5.685E-20 4.663E-20
 5.065E-20 5.029E-20 6.232E-20 7.505E-20 9.141E-20 1.334E-19 3.046E-19 4.359E-19 3.098E-19 1.993E-19
 1.440E-19 8.814E-20 6.288E-20 5.304E-20 5.395E-20 4.652E-20 4.855E-20 5.090E-20 6.359E-20 1.074E-19
 2.895E-19 4.382E-19 3.212E-19 1.756E-19 1.113E-19 7.356E-20 5.172E-20 4.485E-20 5.171E-20 5.266E-20
 6.516E-20 7.796E-20 8.911E-20 1.332E-19 3.148E-19 4.738E-19 3.244E-19 1.434E-19 9.277E-20 6.386E-20
 4.866E-20 4.282E-20 4.394E-20 4.345E-20 5.233E-20 5.670E-20 7.027E-20 1.256E-19 3.290E-19 4.800E-19
 2.791E-19 1.102E-19 8.375E-20 5.879E-20 4.712E-20 4.143E-20 4.566E-20 5.035E-20 6.815E-20 7.806E-20
 9.013E-20 1.488E-19 3.506E-19 4.252E-19 2.121E-19 9.707E-20 7.768E-20 5.711E-20 5.502E-20 5.393E-20
 5.302E-20 5.134E-20 5.813E-20 6.103E-20 7.311E-20 1.801E-19 4.330E-19 4.352E-19 1.912E-19 9.487E-20
 6.949E-20 4.949E-20 4.289E-20 4.357E-20 4.967E-20 5.958E-20 7.283E-20 7.882E-20 1.063E-19 2.374E-19
 4.257E-19 3.661E-19 1.576E-19 8.366E-20 6.884E-20 6.138E-20 5.578E-20 5.444E-20 5.728E-20 5.457E-20
 5.502E-20 6.672E-20 1.258E-19 2.575E-19 4.000E-19 3.213E-19 1.334E-19 6.891E-20 4.972E-20 4.258E-20
 3.605E-20 4.064E-20 5.536E-20 6.913E-20 7.925E-20 1.167E-19 1.789E-19 2.669E-19 3.809E-19 2.826E-19
 1.136E-19 6.546E-20 5.322E-20 5.518E-20 5.135E-20 5.335E-20 5.156E-20 5.395E-20 7.350E-20 1.266E-19
 1.488E-19 2.450E-19 3.642E-19 2.324E-19 8.777E-20 5.299E-20 4.593E-20 4.690E-20 4.690E-20 5.318E-20
 5.882E-20 8.389E-20 1.339E-19 1.544E-19 1.488E-19 2.836E-19 3.590E-19 1.915E-19 7.302E-20 4.998E-20
 4.491E-20 4.658E-20 4.185E-20 4.221E-20 5.205E-20 9.133E-20 1.201E-19 9.112E-20 1.272E-19 3.025E-19
 3.215E-19 1.415E-19 5.630E-20 4.739E-20 4.550E-20 4.647E-20 5.153E-20 6.659E-20 1.049E-19 1.473E-19
 1.180E-19 9.013E-20 1.834E-19 3.411E-19 2.712E-19 9.323E-20 4.510E-20 4.481E-20 4.709E-20 4.080E-20
 4.252E-20 6.351E-20 1.069E-19 9.389E-20 5.448E-20 7.835E-20 2.195E-19 3.435E-19 2.064E-19 6.816E-20
 4.897E-20 4.687E-20 4.374E-20 4.508E-20 7.116E-20 1.204E-19 1.270E-19 7.746E-20 6.537E-20 1.191E-19
 2.791E-19 3.081E-19 1.320E-19 4.759E-20 4.302E-20 3.826E-20 4.261E-20 5.604E-20 9.677E-20 1.045E-19
 5.577E-20 3.365E-20 5.193E-20 1.487E-19 3.067E-19 2.461E-19 8.639E-20 4.912E-20 4.436E-20 3.787E-20
 4.524E-20 8.889E-20 1.150E-19 8.275E-20 6.009E-20 6.363E-20 8.922E-20 2.136E-19 3.048E-19 1.646E-19
 4.650E-20 3.153E-20 3.079E-20 4.240E-20 7.758E-20 1.048E-19 6.721E-20 3.926E-20 3.388E-20 4.251E-20
 1.112E-19 2.711E-19 2.727E-19 1.038E-19 3.896E-20 3.885E-20 4.340E-20 6.914E-20 1.006E-19 7.319E-20
 4.618E-20 4.993E-20 5.311E-20 7.261E-20 1.797E-19 2.920E-19 1.802E-19 5.196E-20 3.289E-20 3.967E-20
 7.008E-20 9.840E-20 7.693E-20 4.078E-20 3.410E-20 3.184E-20 3.856E-20 9.092E-20 2.300E-19 2.523E-19
 1.044E-19 3.757E-20 4.017E-20 6.463E-20 9.357E-20 7.523E-20 4.595E-20 3.881E-20 4.338E-20 5.025E-20
 7.073E-20 1.605E-19 2.661E-19 1.836E-19 5.620E-20 3.646E-20 6.291E-20 9.507E-20 7.188E-20 4.147E-20
 3.359E-20 3.074E-20 2.596E-20 3.076E-20 7.386E-20 1.941E-19 2.243E-19 9.551E-20 3.813E-20 6.122E-20
 8.764E-20 6.969E-20 4.415E-20 4.053E-20 4.309E-20 4.808E-20 5.194E-20 7.219E-20 1.475E-19 2.378E-19
 1.606E-19 5.261E-20 5.150E-20 7.028E-20 5.057E-20 2.757E-20 2.873E-20 2.812E-20 2.942E-20 2.859E-20
 3.527E-20 7.466E-20 1.809E-19 1.972E-19 8.646E-20 6.082E-20 8.508E-20 6.690E-20 4.245E-20 3.764E-20
 3.761E-20 4.090E-20 4.553E-20 4.941E-20 6.822E-20 1.445E-19 2.170E-19 1.381E-19 6.432E-20 6.612E-20
 4.158E-20 2.276E-20 2.134E-20 2.616E-20 2.782E-20 2.879E-20 2.973E-20 3.756E-20 8.127E-20 1.801E-19
 1.796E-19 9.954E-20 7.983E-20 5.908E-20 4.446E-20 3.981E-20 4.012E-20 3.716E-20 3.282E-20 3.207E-20
 3.921E-20 6.372E-20 1.469E-19 2.024E-19 1.326E-19 7.058E-20 3.670E-20 3.670E-20 2.214E-20 2.245E-20
 2.361E-20 2.776E-20 3.296E-20 3.336E-20 3.990E-20 9.357E-20 1.820E-19 1.532E-19 6.623E-20 3.527E-20
 3.421E-20 3.703E-20 3.564E-20 2.999E-20 2.377E-20 2.509E-20 2.978E-20 3.415E-20 6.665E-20 1.640E-19
 1.837E-19 8.003E-20 2.459E-20 1.794E-20 1.498E-20 1.482E-20 1.776E-20 1.811E-20 2.038E-20 2.680E-20
 2.841E-20 4.299E-20 1.242E-19 1.825E-19 9.304E-20 2.177E-20 1.991E-20 2.871E-20 3.502E-20 3.303E-20
 3.006E-20 2.801E-20 2.847E-20 2.891E-20 4.010E-20 1.031E-19 1.742E-19 1.153E-19 3.787E-20 2.655E-20
 2.418E-20 2.120E-20 2.132E-20 2.401E-20 2.451E-20 2.825E-20 3.259E-20 4.119E-20 8.795E-20 1.566E-19
 1.187E-19 3.418E-20 1.449E-20 1.537E-20 1.899E-20 2.233E-20 2.573E-20 2.500E-20 2.700E-20 2.640E-20
 3.350E-20 7.258E-20 1.384E-19 1.326E-19 6.011E-20 3.328E-20 3.111E-20 2.434E-20 1.952E-20 1.658E-20
 1.406E-20 1.595E-20 1.958E-20 2.628E-20 4.691E-20 9.618E-20 1.196E-19 5.636E-20 9.704E-21 4.754E-21
 7.804E-21 1.339E-20 2.053E-20 2.508E-20 2.853E-20 3.711E-20 4.844E-20 5.451E-20 8.356E-20 1.177E-19
 6.855E-20 2.436E-20 2.263E-20 2.257E-20 1.967E-20 1.654E-20 1.158E-20 1.009E-20 1.495E-20 2.146E-20
 2.284E-20 5.179E-20 1.009E-19 6.989E-20 1.654E-20 6.306E-21 5.429E-21 7.931E-21 1.080E-20 2.102E-20
 3.205E-20 4.351E-20 4.720E-20 3.969E-20 5.471E-20 9.696E-20 7.298E-20 2.022E-20 8.728E-21 1.034E-20
 1.244E-20 1.145E-20 1.019E-20 1.522E-20 2.317E-20 1.694E-20 7.716E-21 2.900E-20 8.249E-20 7.433E-20
 2.704E-20 1.520E-20 1.355E-20 1.248E-20 8.880E-21 1.207E-20 2.490E-20 4.050E-20 3.686E-20 3.094E-20
 4.861E-20 8.864E-20 7.740E-20 2.504E-20 8.493E-21 1.117E-20 1.220E-20 1.165E-20 1.932E-20 2.841E-20
 2.772E-20 1.360E-20 6.440E-21 1.948E-20 6.369E-20 6.769E-20 2.752E-20 1.389E-20 1.317E-20 1.244E-20
 1.304E-20 1.304E-20 3.016E-20 2.973E-20 2.069E-20 1.984E-20 3.528E-20 7.100E-20 7.443E-20 3.214E-20
 1.005E-20 4.862E-21 3.516E-21 8.239E-21 1.889E-20 2.274E-20 1.542E-20 1.187E-20 1.018E-20 1.857E-20
 5.307E-20 5.628E-20 2.011E-20 9.603E-21 1.412E-20 1.456E-20 1.546E-20 2.002E-20 1.605E-20 8.994E-21
 9.039E-21 1.293E-20 2.613E-20 5.706E-20 5.962E-20 2.545E-20 1.223E-20 1.296E-20 1.398E-20 1.420E-20
 1.749E-20 1.238E-20 7.821E-21 7.069E-21 1.042E-20 2.349E-20 4.741E-20 4.084E-20 1.148E-20 4.983E-21
 5.506E-21 6.867E-21 1.307E-20 1.372E-20 8.159E-21 6.840E-21 6.353E-21 8.906E-21 2.448E-20 5.294E-20
 5.060E-20 2.450E-20 1.804E-20 1.905E-20 2.228E-20 1.988E-20 1.248E-20 1.016E-20 1.046E-20 1.272E-20
 1.640E-20 2.882E-20 4.780E-20 3.642E-20 5.354E-21 0.000E+00 0.000E+00 3.203E-21 5.542E-21 7.048E-21
 7.245E-21 9.865E-21 9.043E-21 9.621E-21 2.535E-20 4.535E-20 3.395E-20 1.760E-20 2.125E-20 2.918E-20
 2.774E-20 2.118E-20 1.710E-20 9.695E-21 9.695E-21 6.148E-21 1.249E-20 2.486E-20 3.831E-20 2.535E-20
 7.149E-21 1.683E-21 0.000E+00 0.000E+00 0.000E+00 0.000E+00 0.000E+00 0.000E+00 7.967E-21 1.212E-20
 2.696E-20 3.730E-20 2.191E-20 1.353E-20 1.829E-20 2.320E-20 2.698E-20 2.489E-20 2.228E-20 1.691E-20
 1.142E-20 9.849E-21 1.125E-20 2.451E-20 3.008E-20 1.220E-20 3.952E-21 2.368E-21 1.804E-22 0.000E+00
 0.000E+00 0.000E+00 0.000E+00 4.715E-21 8.369E-21 1.804E-20 3.741E-20 4.064E-20 2.224E-20 7.522E-21
 3.083E-21 6.618E-21 9.317E-21 1.112E-20 1.006E-20 9.665E-21 1.061E-20 1.175E-20 1.745E-20 2.725E-20
 2.187E-20 9.124E-21 9.124E-21 5.894E-21 7.293E-21 2.429E-21 0.000E+00 0.000E+00 0.000E+00 0.000E+00
 0.000E+00 1.485E-20 3.472E-20 2.864E-20 1.690E-20 1.098E-20 7.972E-21 6.321E-21 5.550E-21 7.353E-21
 1.032E-20 1.073E-20 1.268E-20 1.876E-20 2.467E-20 2.319E-20 8.042E-21 0.000E+00 1.401E-22 8.952E-21
 1.350E-20 1.239E-20 8.896E-21 4.341E-21 0.000E+00 0.000E+00 7.854E-21 2.177E-20 1.985E-20 1.079E-20
 1.015E-20 9.871E-21 9.130E-21 8.185E-21 5.335E-21 5.693E-21 4.898E-21 7.569E-21 1.461E-20 2.694E-20
 3.441E-20 2.230E-20 1.023E-20 3.761E-21 6.080E-23 1.110E-21 1.576E-21 2.114E-21 3.453E-21 3.794E-21
 4.842E-21 4.755E-21 9.299E-21 1.142E-20 3.812E-21 3.638E-22 8.929E-22 3.146E-21 6.557E-21 6.760E-21
 3.103E-21 0.000E+00 8.584E-22 6.046E-21 1.806E-20 2.590E-20 2.238E-20 1.713E-20 1.375E-20 9.705E-21
 6.971E-21 3.634E-21 1.238E-21 0.000E+00 6.794E-22 5.581E-21 8.784E-21 1.141E-20 1.358E-20 2.734E-21
 0.000E+00 0.000E+00 0.000E+00 1.213E-22 1.634E-21 3.193E-21 7.831E-21 9.031E-21 9.055E-21 1.236E-20
 1.545E-20 1.480E-20 1.409E-20 1.496E-20 1.672E-20 1.660E-20 1.477E-20 9.859E-21 4.061E-21 1.643E-21
 0.000E+00 0.000E+00 2.576E-21 9.783E-21 4.325E-21 0.000E+00 0.000E+00 0.000E+00 0.000E+00 0.000E+00
 0.000E+00 0.000E+00 1.150E-20 1.253E-20 1.757E-20 2.340E-20 1.636E-20 9.828E-21 1.188E-20 1.188E-20
 1.521E-20 1.502E-20 1.489E-20 1.313E-20 6.534E-21 0.000E+00 0.000E+00 1.456E-21 2.291E-21 0.000E+00
 0.000E+00 0.000E+00 0.000E+00 0.000E+00 0.000E+00 0.000E+00 0.000E+00 0.000E+00 2.587E-21 8.130E-21
 1.625E-20 1.730E-20 1.328E-20 1.019E-20 6.140E-21 6.840E-21 1.023E-20 8.817E-21 4.824E-21 5.810E-21
 4.253E-21 2.952E-21 5.921E-21 3.565E-21 0.000E+00 0.000E+00 0.000E+00 0.000E+00 0.000E+00 0.000E+00
