     CClF3  765.0110  804.9900      2696  233.0000    0.0000 1.677E-18  NCAR    CFC-13
 1.467E-20 3.672E-20 5.810E-20 4.653E-20 4.294E-20 4.108E-20 2.611E-20 1.673E-20 1.227E-20 1.039E-20
 9.667E-21 1.111E-20 1.399E-20 1.899E-20 2.386E-20 2.473E-20 2.582E-20 3.537E-20 6.182E-20 7.442E-20
 6.599E-20 5.201E-20 3.209E-20 2.219E-20 2.068E-20 1.857E-20 1.604E-20 1.625E-20 1.386E-20 1.286E-20
 7.619E-21 8.927E-21 1.373E-20 1.813E-20 3.984E-20 7.270E-20 7.953E-20 6.058E-20 3.607E-20 2.194E-20
 1.845E-20 1.650E-20 1.441E-20 1.489E-20 1.909E-20 2.037E-20 1.787E-20 1.443E-20 1.493E-20 1.836E-20
 2.592E-20 6.123E-20 1.016E-19 9.238E-20 5.325E-20 2.607E-20 1.632E-20 1.007E-20 8.180E-21 8.652E-21
 9.446E-21 1.127E-20 1.480E-20 1.661E-20 1.745E-20 1.663E-20 1.993E-20 4.227E-20 9.725E-20 1.206E-19
 8.263E-20 4.442E-20 2.974E-20 2.181E-20 1.036E-20 6.830E-21 8.982E-21 1.563E-20 1.879E-20 1.696E-20
 1.675E-20 2.010E-20 1.831E-20 2.231E-20 6.628E-20 1.186E-19 9.410E-20 4.785E-20 3.059E-20 2.412E-20
 1.856E-20 1.734E-20 1.749E-20 1.419E-20 1.674E-20 1.875E-20 2.024E-20 2.671E-20 3.124E-20 3.298E-20
 6.826E-20 1.351E-19 1.407E-19 8.237E-20 4.432E-20 3.182E-20 2.557E-20 1.670E-20 1.437E-20 1.516E-20
 1.971E-20 1.372E-20 1.043E-20 1.251E-20 1.942E-20 2.768E-20 5.158E-20 1.117E-19 1.507E-19 1.066E-19
 5.498E-20 3.393E-20 2.342E-20 2.051E-20 2.051E-20 2.281E-20 2.608E-20 2.515E-20 1.951E-20 1.731E-20
 1.842E-20 2.313E-20 4.158E-20 8.662E-20 1.353E-19 1.344E-19 8.277E-20 4.497E-20 2.912E-20 1.861E-20
 1.115E-20 8.094E-21 1.209E-20 2.104E-20 2.148E-20 1.961E-20 2.267E-20 2.985E-20 4.683E-20 7.935E-20
 1.151E-19 1.471E-19 1.202E-19 7.060E-20 4.484E-20 3.431E-20 2.658E-20 2.106E-20 2.356E-20 3.014E-20
 2.763E-20 2.405E-20 2.315E-20 2.745E-20 4.710E-20 7.516E-20 9.060E-20 1.205E-19 1.323E-19 8.349E-20
 4.440E-20 2.868E-20 2.212E-20 1.608E-20 1.749E-20 2.373E-20 2.505E-20 2.162E-20 2.090E-20 2.959E-20
 5.683E-20 8.730E-20 8.516E-20 1.011E-19 1.491E-19 1.180E-19 5.776E-20 3.129E-20 2.073E-20 1.638E-20
 2.151E-20 3.453E-20 3.871E-20 3.871E-20 1.912E-20 2.148E-20 5.035E-20 8.694E-20 7.708E-20 7.992E-20
 1.409E-19 1.455E-19 8.168E-20 4.027E-20 2.373E-20 1.912E-20 2.385E-20 3.584E-20 4.307E-20 3.993E-20
 3.295E-20 3.349E-20 6.189E-20 9.541E-20 7.886E-20 6.454E-20 1.178E-19 1.720E-19 1.217E-19 5.846E-20
 3.368E-20 2.050E-20 1.705E-20 2.536E-20 3.342E-20 3.473E-20 2.985E-20 3.264E-20 6.445E-20 9.923E-20
 7.782E-20 5.229E-20 8.619E-20 1.644E-19 1.594E-19 9.140E-20 5.186E-20 3.582E-20 3.142E-20 3.224E-20
 3.889E-20 3.688E-20 2.893E-20 3.259E-20 6.829E-20 1.020E-19 7.718E-20 4.827E-20 6.618E-20 1.411E-19
 1.770E-19 1.113E-19 5.720E-20 3.692E-20 3.139E-20 3.104E-20 4.017E-20 3.919E-20 3.119E-20 3.251E-20
 7.297E-20 1.017E-19 7.737E-20 5.251E-20 5.600E-20 1.200E-19 2.000E-19 1.549E-19 7.687E-20 3.995E-20
 2.905E-20 3.262E-20 4.437E-20 4.575E-20 3.671E-20 4.155E-20 8.334E-20 9.479E-20 9.479E-20 4.100E-20
 3.981E-20 9.407E-20 1.976E-19 1.917E-19 1.030E-19 5.339E-20 3.848E-20 3.819E-20 4.420E-20 4.756E-20
 4.301E-20 5.591E-20 1.027E-19 1.073E-19 6.890E-20 4.382E-20 3.317E-20 6.281E-20 1.677E-19 2.153E-19
 1.317E-19 6.602E-20 4.066E-20 3.234E-20 3.317E-20 3.791E-20 3.893E-20 6.583E-20 1.156E-19 1.069E-19
 6.464E-20 4.561E-20 3.657E-20 5.371E-20 1.464E-19 2.403E-19 1.761E-19 9.024E-20 5.828E-20 4.664E-20
 4.368E-20 4.934E-20 5.085E-20 7.868E-20 1.167E-19 9.204E-20 5.086E-20 4.047E-20 3.748E-20 4.795E-20
 1.170E-19 2.331E-19 2.079E-19 1.035E-19 5.585E-20 4.426E-20 4.370E-20 5.172E-20 6.633E-20 1.112E-19
 1.310E-19 8.460E-20 4.963E-20 4.561E-20 4.361E-20 4.765E-20 1.030E-19 2.323E-19 2.502E-19 1.397E-19
 6.965E-20 4.392E-20 2.854E-20 3.534E-20 6.923E-20 1.219E-19 1.216E-19 6.473E-20 3.614E-20 3.432E-20
 3.687E-20 3.723E-20 7.913E-20 2.116E-19 2.781E-19 1.773E-19 1.773E-19 5.673E-20 4.151E-20 4.894E-20
 9.050E-20 1.428E-19 1.204E-19 6.181E-20 4.570E-20 5.101E-20 4.982E-20 4.240E-20 6.705E-20 1.815E-19
 2.852E-19 2.023E-19 9.686E-20 5.602E-20 3.987E-20 5.136E-20 1.088E-19 1.486E-19 9.662E-20 3.988E-20
 3.710E-20 5.392E-20 5.898E-20 5.415E-20 7.248E-20 1.726E-19 3.024E-19 2.445E-19 1.197E-19 6.386E-20
 6.386E-20 7.122E-20 1.409E-19 1.505E-19 7.404E-20 2.939E-20 2.839E-20 3.916E-20 4.582E-20 4.817E-20
 5.990E-20 1.477E-19 2.996E-19 2.756E-19 1.371E-19 6.294E-20 4.186E-20 9.125E-20 1.718E-19 1.461E-19
 6.143E-20 3.261E-20 3.780E-20 4.528E-20 4.439E-20 4.655E-20 5.708E-20 1.345E-19 2.983E-19 3.112E-19
 1.639E-19 7.091E-20 5.029E-20 1.147E-19 1.742E-19 1.158E-19 4.518E-20 3.071E-20 3.254E-20 4.218E-20
 4.958E-20 4.950E-20 5.802E-20 1.292E-19 2.992E-19 3.354E-19 3.354E-19 8.000E-20 8.150E-20 1.615E-19
 1.748E-19 8.263E-20 3.045E-20 3.004E-20 3.905E-20 4.883E-20 5.546E-20 5.560E-20 6.139E-20 1.225E-19
 2.936E-19 3.501E-19 1.856E-19 7.354E-20 9.630E-20 1.795E-19 1.516E-19 6.109E-20 2.827E-20 2.378E-20
 3.074E-20 4.233E-20 5.431E-20 6.039E-20 6.991E-20 1.170E-19 2.838E-19 3.659E-19 2.109E-19 1.057E-19
 1.480E-19 1.885E-19 1.190E-19 5.260E-20 3.226E-20 2.815E-20 3.366E-20 4.256E-20 5.237E-20 5.623E-20
 6.061E-20 1.084E-19 2.818E-19 3.782E-19 2.263E-19 1.316E-19 1.752E-19 1.587E-19 8.046E-20 3.792E-20
 3.792E-20 3.165E-20 4.090E-20 5.640E-20 7.090E-20 7.243E-20 7.146E-20 1.142E-19 2.822E-19 3.861E-19
 2.512E-19 1.824E-19 1.948E-19 1.241E-19 5.873E-20 3.130E-20 1.929E-20 1.650E-20 2.903E-20 4.970E-20
 6.794E-20 7.222E-20 7.189E-20 1.090E-19 2.788E-19 3.976E-19 2.836E-19 2.179E-19 1.699E-19 8.699E-20
 5.604E-20 3.976E-20 3.550E-20 3.063E-20 3.833E-20 5.183E-20 7.004E-20 6.944E-20 6.970E-20 1.139E-19
 2.888E-19 4.187E-19 3.287E-19 2.142E-19 1.054E-19 5.426E-20 4.367E-20 3.256E-20 3.131E-20 3.041E-20
 4.552E-20 6.114E-20 7.389E-20 7.179E-20 7.597E-20 1.238E-19 3.120E-19 4.774E-19 3.825E-19 1.858E-19
 7.170E-20 5.673E-20 4.442E-20 2.704E-20 2.224E-20 2.682E-20 4.641E-20 6.603E-20 7.599E-20 7.289E-20
 6.856E-20 1.169E-19 3.352E-19 5.254E-19 3.586E-19 1.270E-19 6.626E-20 6.593E-20 4.583E-20 2.963E-20
 2.930E-20 3.659E-20 5.420E-20 7.343E-20 8.443E-20 7.932E-20 7.307E-20 1.364E-19 3.941E-19 5.428E-19
 2.770E-19 6.959E-20 5.077E-20 5.334E-20 3.620E-20 2.278E-20 2.557E-20 3.634E-20 5.304E-20 6.613E-20
 7.555E-20 7.300E-20 7.563E-20 1.695E-19 4.390E-19 4.835E-19 1.923E-19 5.374E-20 5.509E-20 4.952E-20
 3.235E-20 2.984E-20 3.453E-20 4.661E-20 6.244E-20 7.542E-20 7.636E-20 7.035E-20 8.535E-20 2.453E-19
 5.249E-19 4.351E-19 1.433E-19 5.408E-20 5.641E-20 4.179E-20 2.031E-20 1.915E-20 2.643E-20 4.409E-20
 6.523E-20 8.117E-20 8.074E-20 7.878E-20 1.306E-19 3.315E-19 5.219E-19 3.611E-19 1.166E-19 5.957E-20
 5.938E-20 4.220E-20 3.208E-20 3.588E-20 3.950E-20 5.006E-20 6.824E-20 7.673E-20 7.663E-20 9.601E-20
 1.885E-19 3.565E-19 4.593E-19 2.945E-19 9.067E-20 5.725E-20 5.370E-20 3.821E-20 3.310E-20 3.959E-20
 4.338E-20 5.468E-20 7.240E-20 8.469E-20 8.979E-20 1.439E-19 2.321E-19 3.416E-19 4.282E-19 2.518E-19
 7.955E-20 5.776E-20 4.299E-20 3.228E-20 3.228E-20 3.641E-20 3.647E-20 5.564E-20 7.182E-20 8.382E-20
 8.382E-20 1.828E-19 1.994E-19 3.148E-19 3.947E-19 1.937E-19 7.150E-20 5.842E-20 3.936E-20 3.144E-20
 3.644E-20 3.885E-20 4.708E-20 6.644E-20 8.580E-20 1.149E-19 1.789E-19 1.784E-19 1.647E-19 3.399E-19
 3.542E-19 1.376E-19 5.633E-20 4.569E-20 3.130E-20 3.252E-20 3.679E-20 3.633E-20 4.255E-20 6.358E-20
 9.464E-20 1.585E-19 1.860E-19 1.199E-19 1.862E-19 3.895E-19 3.101E-19 1.029E-19 5.190E-20 3.806E-20
 3.580E-20 4.156E-20 4.796E-20 5.136E-20 6.635E-20 8.845E-20 1.395E-19 1.874E-19 1.874E-19 7.599E-20
 2.308E-19 3.928E-19 2.342E-19 7.104E-20 4.605E-20 3.411E-20 3.295E-20 3.232E-20 3.786E-20 4.694E-20
 7.519E-20 1.245E-19 1.942E-19 1.583E-19 7.696E-20 1.068E-19 3.043E-19 3.780E-19 1.752E-19 6.849E-20
 5.138E-20 4.159E-20 3.608E-20 3.074E-20 2.826E-20 3.996E-20 8.623E-20 1.620E-19 1.602E-19 7.931E-20
 5.542E-20 1.479E-19 3.488E-19 3.110E-19 1.138E-19 5.126E-20 3.880E-20 3.525E-20 3.349E-20 3.434E-20
 4.453E-20 7.937E-20 1.542E-19 1.738E-19 8.903E-20 4.396E-20 6.664E-20 2.181E-19 3.761E-19 2.339E-19
 7.444E-20 4.371E-20 3.324E-20 3.158E-20 2.695E-20 3.035E-20 5.048E-20 1.265E-19 1.701E-19 1.057E-19
 4.848E-20 3.920E-20 9.144E-20 2.818E-19 3.462E-19 1.637E-19 6.353E-20 4.558E-20 4.064E-20 4.182E-20
 3.832E-20 4.672E-20 1.061E-19 1.656E-19 1.171E-19 6.558E-20 5.201E-20 5.960E-20 1.612E-19 3.374E-19
 2.733E-19 9.816E-20 4.930E-20 3.714E-20 3.723E-20 3.650E-20 4.518E-20 9.188E-20 1.546E-19 1.256E-19
 7.349E-20 5.639E-20 5.167E-20 8.105E-20 2.278E-19 3.347E-19 1.816E-19 5.539E-20 3.136E-20 2.623E-20
 2.752E-20 3.450E-20 7.372E-20 1.325E-19 1.167E-19 6.636E-20 5.100E-20 3.895E-20 3.769E-20 1.064E-19
 2.844E-19 2.817E-19 1.065E-19 3.293E-20 2.290E-20 2.308E-20 2.370E-20 5.785E-20 1.124E-19 1.009E-19
 6.549E-20 5.932E-20 5.155E-20 4.002E-20 5.492E-20 1.860E-19 3.187E-19 1.942E-19 5.479E-20 3.404E-20
 3.131E-20 2.891E-20 5.236E-20 1.039E-19 9.003E-20 5.204E-20 4.650E-20 4.530E-20 3.904E-20 4.062E-20
 9.816E-20 2.561E-19 2.705E-19 1.038E-19 3.398E-20 2.479E-20 2.716E-20 5.462E-20 1.062E-19 9.880E-20
 6.379E-20 5.969E-20 5.966E-20 5.202E-20 3.932E-20 5.482E-20 1.726E-19 3.004E-19 1.900E-19 5.987E-20
 3.679E-20 3.226E-20 5.178E-20 9.376E-20 8.797E-20 5.517E-20 6.207E-20 6.756E-20 6.453E-20 5.254E-20
 4.957E-20 1.026E-19 2.493E-19 2.534E-19 1.002E-19 3.648E-20 3.207E-20 5.477E-20 9.362E-20 7.966E-20
 3.679E-20 3.426E-20 4.566E-20 4.736E-20 4.092E-20 3.409E-20 4.692E-20 1.530E-19 2.493E-19 1.364E-19
 2.512E-20 1.692E-20 4.024E-20 7.863E-20 6.474E-20 3.144E-20 2.962E-20 4.175E-20 4.500E-20 4.208E-20
 3.491E-20 3.645E-20 9.541E-20 2.253E-19 2.090E-19 6.933E-20 2.512E-20 3.959E-20 6.831E-20 5.356E-20
 2.633E-20 2.513E-20 3.972E-20 4.897E-20 4.688E-20 3.840E-20 2.863E-20 4.645E-20 1.529E-19 2.179E-19
 1.021E-19 2.748E-20 4.285E-20 7.009E-20 5.431E-20 2.449E-20 1.824E-20 2.762E-20 4.321E-20 4.972E-20
 4.798E-20 4.194E-20 4.800E-20 1.120E-19 2.071E-19 1.488E-19 4.733E-20 4.735E-20 6.491E-20 4.800E-20
 2.847E-20 2.853E-20 3.263E-20 4.282E-20 4.274E-20 3.898E-20 3.595E-20 3.664E-20 6.856E-20 1.644E-19
 1.764E-19 7.905E-20 5.369E-20 6.314E-20 4.218E-20 2.569E-20 2.539E-20 3.149E-20 4.734E-20 5.924E-20
 5.689E-20 4.713E-20 4.292E-20 5.389E-20 1.269E-19 1.899E-19 1.161E-19 6.597E-20 6.953E-20 5.040E-20
 3.959E-20 3.785E-20 3.881E-20 4.437E-20 5.408E-20 5.944E-20 5.898E-20 5.628E-20 6.466E-20 1.110E-19
 1.870E-19 1.565E-19 9.091E-20 7.955E-20 6.241E-20 6.241E-20 6.439E-20 7.019E-20 7.210E-20 7.665E-20
 7.361E-20 6.563E-20 5.530E-20 5.311E-20 7.917E-20 1.531E-19 1.667E-19 1.003E-19 6.242E-20 4.183E-20
 3.813E-20 3.931E-20 4.456E-20 5.383E-20 6.940E-20 7.899E-20 8.110E-20 7.750E-20 7.310E-20 8.534E-20
 1.498E-19 1.988E-19 1.508E-19 1.017E-19 8.946E-20 8.771E-20 8.860E-20 9.015E-20 8.778E-20 8.998E-20
 9.735E-20 9.576E-20 8.424E-20 7.632E-20 8.390E-20 1.251E-19 1.747E-19 1.388E-19 7.436E-20 5.713E-20
 6.119E-20 6.611E-20 6.972E-20 7.922E-20 9.176E-20 1.004E-19 1.025E-19 1.055E-19 1.102E-19 1.165E-19
 1.479E-19 2.119E-19 2.105E-19 1.535E-19 1.382E-19 1.462E-19 1.539E-19 1.580E-19 1.674E-19 1.803E-19
 2.011E-19 2.164E-19 2.184E-19 2.169E-19 2.205E-19 2.397E-19 2.800E-19 2.643E-19 1.920E-19 1.669E-19
 1.716E-19 1.715E-19 1.601E-19 1.422E-19 1.261E-19 1.216E-19 1.257E-19 1.290E-19 1.304E-19 1.328E-19
 1.427E-19 1.723E-19 1.723E-19 1.197E-19 9.781E-20 1.049E-19 1.137E-19 1.207E-19 1.235E-19 1.286E-19
 1.396E-19 1.468E-19 1.489E-19 1.565E-19 1.712E-19 1.904E-19 2.222E-19 2.507E-19 2.313E-19 2.126E-19
 2.203E-19 2.282E-19 2.354E-19 2.481E-19 2.629E-19 2.738E-19 2.820E-19 2.877E-19 2.919E-19 2.888E-19
 2.790E-19 2.861E-19 3.166E-19 3.198E-19 3.148E-19 3.291E-19 3.449E-19 3.637E-19 3.858E-19 4.099E-19
 4.313E-19 4.570E-19 4.846E-19 5.203E-19 5.619E-19 6.197E-19 6.648E-19 6.754E-19 6.724E-19 6.814E-19
 7.015E-19 7.234E-19 7.511E-19 7.640E-19 7.587E-19 7.554E-19 7.279E-19 6.668E-19 6.323E-19 6.083E-19
 4.857E-19 3.931E-19 3.386E-19 2.741E-19 2.379E-19 2.291E-19 2.190E-19 2.090E-19 1.973E-19 1.826E-19
 1.820E-19 2.066E-19 2.140E-19 1.925E-19 1.633E-19 1.380E-19 1.335E-19 1.472E-19 1.469E-19 1.259E-19
 1.226E-19 1.436E-19 1.615E-19 1.558E-19 1.447E-19 1.454E-19 1.525E-19 1.617E-19 1.754E-19 1.908E-19
 2.113E-19 2.296E-19 2.307E-19 2.220E-19 2.215E-19 2.336E-19 2.510E-19 2.651E-19 2.794E-19 3.020E-19
 3.233E-19 3.343E-19 3.453E-19 3.682E-19 3.933E-19 4.161E-19 4.431E-19 4.781E-19 5.155E-19 5.490E-19
 5.780E-19 6.070E-19 6.348E-19 6.614E-19 6.967E-19 7.328E-19 7.457E-19 8.830E-19 9.454E-19 1.000E-18
 1.056E-18 1.114E-18 1.171E-18 1.232E-18 1.294E-18 1.368E-18 1.430E-18 1.498E-18 1.551E-18 1.621E-18
 1.677E-18 1.657E-18 1.644E-18 1.590E-18 1.488E-18 1.344E-18 1.131E-18 6.508E-19 2.651E-19 9.305E-20
 6.380E-20 5.332E-20 5.034E-20 5.325E-20 6.043E-20 6.883E-20 7.708E-20 8.089E-20 7.810E-20 7.335E-20
 7.319E-20 7.305E-20 8.140E-20 8.923E-20 9.341E-20 9.183E-20 8.933E-20 9.127E-20 9.335E-20 9.228E-20
 9.569E-20 1.086E-19 1.090E-19 1.006E-19 1.157E-19 1.331E-19 1.435E-19 1.456E-19 1.199E-19 6.098E-20
 1.749E-20 7.116E-21 1.193E-20 1.689E-20 2.175E-20 3.377E-20 4.102E-20 2.457E-20 1.003E-20 9.425E-21
 1.435E-20 2.311E-20 3.843E-20 4.053E-20 2.988E-20 2.350E-20 2.264E-20 2.201E-20 2.193E-20 3.407E-20
 5.322E-20 4.855E-20 2.441E-20 1.743E-20 2.005E-20 2.297E-20 2.529E-20 3.575E-20 3.148E-20 1.640E-20
 1.647E-20 2.144E-20 2.033E-20 2.522E-20 4.730E-20 5.726E-20 3.402E-20 1.836E-20 2.211E-20 2.737E-20
 3.267E-20 4.673E-20 5.592E-20 4.177E-20 2.168E-20 2.323E-20 2.213E-20 2.253E-20 4.025E-20 6.602E-20
 5.575E-20 2.943E-20 2.144E-20 2.490E-20 2.346E-20 2.346E-20 3.510E-20 5.165E-20 4.052E-20 2.157E-20
 1.534E-20 1.476E-20 3.002E-20 6.261E-20 7.048E-20 3.961E-20 2.567E-20 3.297E-20 4.197E-20 3.780E-20
 3.189E-20 4.642E-20 6.182E-20 3.854E-20 2.050E-20 1.788E-20 2.258E-20 5.199E-20 7.958E-20 5.797E-20
 3.072E-20 2.290E-20 3.027E-20 3.662E-20 2.617E-20 2.540E-20 5.828E-20 7.527E-20 4.437E-20 1.867E-20
 1.386E-20 3.691E-20 7.905E-20 7.383E-20 4.226E-20 3.593E-20 4.435E-20 5.669E-20 5.015E-20 3.230E-20
 3.831E-20 7.657E-20 8.240E-20 3.730E-20 1.710E-20 3.274E-20 7.722E-20 8.585E-20 4.831E-20 3.118E-20
 3.151E-20 4.199E-20 4.844E-20 3.581E-20 3.045E-20 5.437E-20 1.002E-19 8.639E-20 3.129E-20 2.699E-20
 6.877E-20 1.014E-19 7.931E-20 5.750E-20 5.127E-20 5.526E-20 5.693E-20 4.462E-20 2.803E-20 3.108E-20
 7.044E-20 1.144E-19 7.638E-20 3.265E-20 5.428E-20 9.241E-20 7.685E-20 4.639E-20 4.012E-20 4.350E-20
 4.927E-20 4.851E-20 4.044E-20 3.130E-20 4.032E-20 9.006E-20 1.201E-19 6.659E-20 6.659E-20 9.654E-20
 9.948E-20 7.386E-20 6.856E-20 6.261E-20 5.806E-20 5.334E-20 4.394E-20 3.208E-20 3.208E-20 5.882E-20
 1.222E-19 1.234E-19 6.563E-20 8.336E-20 9.255E-20 6.271E-20 5.895E-20 6.307E-20 5.756E-20 5.513E-20
 5.867E-20 4.556E-20 3.216E-20 3.569E-20 7.526E-20 1.397E-19 1.228E-19 1.046E-19 1.162E-19 8.833E-20
 7.602E-20 7.111E-20 6.086E-20 4.977E-20 5.288E-20 4.867E-20 3.702E-20 3.615E-20 5.090E-20 1.138E-19
 1.662E-19 1.386E-19 1.158E-19 8.158E-20 6.751E-20 7.434E-20 6.985E-20 5.635E-20 5.620E-20 5.819E-20
 4.685E-20 4.004E-20 3.862E-20 6.764E-20 1.610E-19 2.115E-19 1.617E-19 1.008E-19 7.933E-20 8.309E-20
 7.031E-20 5.473E-20 4.841E-20 5.959E-20 5.714E-20 4.609E-20 4.609E-20 4.067E-20 1.033E-19 2.268E-19
 2.194E-19 1.067E-19 6.574E-20 7.647E-20 7.723E-20 6.494E-20 5.729E-20 6.352E-20 6.775E-20 5.347E-20
 3.738E-20 2.933E-20 6.083E-20 2.035E-19 3.089E-19 1.789E-19 8.012E-20 8.441E-20 8.354E-20 6.616E-20
 5.445E-20 5.850E-20 7.054E-20 6.187E-20 4.116E-20 2.852E-20 3.211E-20 1.170E-19 2.614E-19 2.197E-19
 9.648E-20 8.427E-20 8.547E-20 7.629E-20 6.032E-20 6.008E-20 7.067E-20 6.873E-20 4.749E-20 4.063E-20
 4.365E-20 1.071E-19 2.747E-19 3.223E-19 1.620E-19 8.953E-20 7.877E-20 7.877E-20 5.606E-20 5.385E-20
 6.565E-20 7.544E-20 5.178E-20 2.987E-20 2.335E-20 6.735E-20 1.996E-19 3.144E-19 2.385E-19 1.203E-19
 9.112E-20 8.205E-20 7.080E-20 6.111E-20 6.746E-20 7.995E-20 6.549E-20 4.353E-20 4.301E-20 7.813E-20
 1.682E-19 2.618E-19 2.842E-19 1.639E-19 7.991E-20 7.017E-20 6.476E-20 5.953E-20 6.258E-20 7.574E-20
 7.127E-20 4.514E-20 4.074E-20 8.041E-20 1.549E-19 2.020E-19 2.810E-19 2.492E-19 1.208E-19 8.504E-20
 7.520E-20 6.588E-20 6.187E-20 7.277E-20 7.781E-20 6.114E-20 5.648E-20 9.589E-20 1.546E-19 1.550E-19
 2.255E-19 2.921E-19 1.590E-19 8.145E-20 7.990E-20 7.270E-20 6.471E-20 7.048E-20 7.595E-20 5.650E-20
 4.816E-20 9.589E-20 1.519E-19 1.322E-19 1.738E-19 3.119E-19 2.495E-19 1.121E-19 8.416E-20 7.877E-20
 7.025E-20 6.993E-20 8.553E-20 7.677E-20 6.983E-20 1.185E-19 1.669E-19 1.187E-19 1.111E-19 2.501E-19
 2.945E-19 1.476E-19 8.589E-20 8.374E-20 7.240E-20 6.507E-20 7.672E-20 6.857E-20 6.554E-20 1.173E-19
 1.661E-19 1.115E-19 8.572E-20 1.997E-19 3.310E-19 2.174E-19 9.553E-20 7.985E-20 7.246E-20 6.609E-20
 7.945E-20 8.433E-20 8.275E-20 1.374E-19 1.730E-19 1.019E-19 5.659E-20 1.355E-19 3.103E-19 2.886E-19
 1.278E-19 8.798E-20 7.966E-20 7.015E-20 7.482E-20 8.461E-20 8.801E-20 1.456E-19 1.654E-19 9.777E-20
 5.990E-20 1.047E-19 2.713E-19 3.468E-19 1.792E-19 9.183E-20 8.298E-20 8.107E-20 8.450E-20 9.823E-20
 1.111E-19 1.686E-19 1.515E-19 6.845E-20 3.678E-20 6.773E-20 2.117E-19 3.670E-19 2.367E-19 9.768E-20
 7.784E-20 7.230E-20 7.230E-20 9.022E-20 1.251E-19 1.830E-19 1.473E-19 7.291E-20 4.968E-20 6.230E-20
 1.692E-19 3.602E-19 3.051E-19 1.224E-19 7.925E-20 7.965E-20 8.781E-20 1.064E-19 1.463E-19 1.814E-19
 1.176E-19 4.969E-20 3.793E-20 4.315E-20 1.211E-19 3.253E-19 3.632E-19 1.626E-19 7.960E-20 7.031E-20
 7.451E-20 1.035E-19 1.614E-19 1.714E-19 9.668E-20 5.034E-20 4.434E-20 4.503E-20 9.768E-20 2.798E-19
 3.876E-19 2.090E-19 9.197E-20 7.586E-20 8.281E-20 1.248E-19 1.781E-19 1.451E-19 6.237E-20 3.295E-20
 2.971E-20 3.430E-20 7.650E-20 2.390E-19 4.054E-19 2.643E-19 1.058E-19 7.901E-20 9.180E-20 1.537E-19
 2.034E-19 1.369E-19 6.509E-20 4.923E-20 4.336E-20 4.555E-20 6.951E-20 1.960E-19 3.923E-19 3.069E-19
 1.220E-19 8.885E-20 1.085E-19 1.783E-19 1.916E-19 9.690E-20 4.020E-20 3.406E-20 3.386E-20 3.970E-20
 6.429E-20 1.730E-19 3.810E-19 3.441E-19 1.384E-19 8.420E-20 1.178E-19 1.960E-19 1.755E-19 8.766E-20
 5.727E-20 4.978E-20 4.609E-20 4.652E-20 5.754E-20 1.422E-19 3.552E-19 3.751E-19 1.662E-19 9.268E-20
 1.407E-19 1.934E-19 1.298E-19 5.248E-20 3.720E-20 3.633E-20 3.633E-20 4.455E-20 5.735E-20 1.301E-19
 3.355E-19 3.891E-19 1.824E-19 1.026E-19 1.612E-19 1.791E-19 1.009E-19 5.556E-20 5.079E-20 4.786E-20
 4.836E-20 4.616E-20 5.577E-20 1.192E-19 3.199E-19 4.075E-19 2.149E-19 1.383E-19 1.912E-19 1.620E-19
 7.462E-20 3.888E-20 3.507E-20 3.906E-20 4.702E-20 5.080E-20 6.520E-20 1.208E-19 3.059E-19 4.112E-19
 2.349E-19 1.537E-19 1.760E-19 1.174E-19 6.062E-20 4.441E-20 4.469E-20 4.473E-20 4.653E-20 4.849E-20
 6.119E-20 1.103E-19 2.937E-19 4.218E-19 2.694E-19 1.856E-19 1.653E-19 8.907E-20 4.742E-20 3.325E-20
 3.518E-20 3.439E-20 4.488E-20 5.326E-20 6.803E-20 1.136E-19 2.947E-19 4.300E-19 2.965E-19 1.855E-19
 1.298E-19 7.377E-20 5.499E-20 4.938E-20 5.050E-20 4.414E-20 5.059E-20 5.346E-20 6.507E-20 1.142E-19
 3.017E-19 4.529E-19 3.219E-19 1.657E-19 9.998E-20 6.058E-20 3.860E-20 2.993E-20 2.935E-20 3.289E-20
 4.727E-20 5.674E-20 6.774E-20 1.147E-19 3.086E-19 4.742E-19 3.153E-19 1.284E-19 8.268E-20 6.123E-20
 4.725E-20 4.158E-20 4.780E-20 4.562E-20 4.883E-20 5.128E-20 6.121E-20 1.166E-19 3.313E-19 4.837E-19
 2.642E-19 8.635E-20 6.286E-20 4.381E-20 3.529E-20 3.077E-20 3.718E-20 4.067E-20 5.302E-20 6.240E-20
 7.554E-20 1.331E-19 3.417E-19 4.215E-19 2.030E-19 8.375E-20 6.937E-20 5.198E-20 4.917E-20 4.528E-20
 4.310E-20 4.440E-20 5.419E-20 5.577E-20 7.067E-20 1.794E-19 4.333E-19 4.334E-19 1.766E-19 7.716E-20
 5.652E-20 4.090E-20 3.622E-20 3.455E-20 3.733E-20 4.796E-20 5.974E-20 6.216E-20 9.043E-20 2.261E-19
 4.202E-19 3.571E-19 1.425E-19 6.755E-20 5.281E-20 4.729E-20 4.527E-20 4.664E-20 4.872E-20 4.995E-20
 5.193E-20 5.922E-20 1.209E-19 2.561E-19 4.011E-19 3.186E-19 1.221E-19 5.692E-20 3.966E-20 3.806E-20
 3.317E-20 3.433E-20 4.137E-20 5.227E-20 6.504E-20 1.015E-19 1.620E-19 2.513E-19 3.706E-19 2.689E-19
 9.921E-20 5.573E-20 4.402E-20 4.584E-20 4.300E-20 4.816E-20 4.668E-20 5.243E-20 7.759E-20 1.283E-19
 1.489E-19 2.471E-19 3.661E-19 2.228E-19 7.226E-20 4.109E-20 3.387E-20 3.418E-20 3.384E-20 3.820E-20
 4.268E-20 6.795E-20 1.206E-19 1.373E-19 1.298E-19 2.710E-19 3.473E-19 1.751E-19 5.934E-20 4.101E-20
 3.563E-20 4.062E-20 4.469E-20 4.680E-20 5.161E-20 8.764E-20 1.177E-19 8.998E-20 1.262E-19 3.036E-19
 3.123E-19 1.264E-19 4.378E-20 3.024E-20 2.772E-20 3.011E-20 3.553E-20 4.811E-20 8.329E-20 1.265E-19
 1.005E-19 7.357E-20 1.679E-19 3.308E-19 2.580E-19 8.501E-20 8.501E-20 4.463E-20 4.567E-20 3.877E-20
 4.325E-20 6.378E-20 1.048E-19 9.161E-20 5.081E-20 7.235E-20 2.123E-19 3.298E-19 1.888E-19 5.556E-20
 3.861E-20 3.293E-20 2.777E-20 2.916E-20 5.362E-20 1.022E-19 1.078E-19 6.146E-20 5.196E-20 1.076E-19
 2.681E-19 2.970E-19 1.217E-19 3.938E-20 3.934E-20 3.649E-20 3.860E-20 5.508E-20 9.332E-20 9.959E-20
 5.443E-20 3.090E-20 4.612E-20 1.407E-19 2.898E-19 2.232E-19 6.662E-20 2.918E-20 2.210E-20 2.290E-20
 3.638E-20 7.829E-20 1.035E-19 7.158E-20 5.148E-20 5.391E-20 8.238E-20 2.072E-19 2.953E-19 1.544E-19
 3.907E-20 2.726E-20 2.968E-20 3.999E-20 7.454E-20 1.005E-19 6.306E-20 3.510E-20 3.314E-20 3.884E-20
 1.000E-19 2.512E-19 2.492E-19 8.927E-20 2.970E-20 2.533E-20 3.071E-20 6.142E-20 9.193E-20 6.598E-20
 3.917E-20 4.004E-20 4.220E-20 6.137E-20 1.637E-19 2.715E-19 1.681E-19 4.414E-20 2.497E-20 3.036E-20
 6.024E-20 9.070E-20 7.148E-20 3.737E-20 2.962E-20 2.564E-20 2.940E-20 7.978E-20 2.163E-19 2.393E-19
 9.586E-20 3.487E-20 4.062E-20 5.889E-20 7.792E-20 5.458E-20 2.621E-20 2.398E-20 3.118E-20 3.640E-20
 5.426E-20 1.430E-19 2.458E-19 1.648E-19 4.650E-20 3.260E-20 5.577E-20 8.401E-20 6.410E-20 3.999E-20
 3.280E-20 2.847E-20 2.516E-20 2.949E-20 7.075E-20 1.846E-19 2.115E-19 9.059E-20 3.503E-20 5.306E-20
 7.524E-20 5.557E-20 2.913E-20 2.442E-20 2.577E-20 3.343E-20 3.811E-20 5.764E-20 1.358E-19 2.257E-19
 1.475E-19 4.444E-20 4.824E-20 7.037E-20 5.431E-20 3.293E-20 3.160E-20 2.988E-20 3.200E-20 3.269E-20
 3.381E-20 6.871E-20 1.703E-19 1.862E-19 7.918E-20 5.197E-20 6.921E-20 4.783E-20 2.694E-20 2.205E-20
 1.922E-20 2.351E-20 3.066E-20 3.560E-20 5.295E-20 1.309E-19 2.062E-19 1.303E-19 6.294E-20 6.533E-20
 4.596E-20 3.082E-20 2.786E-20 2.938E-20 2.894E-20 3.060E-20 3.182E-20 3.563E-20 7.484E-20 1.674E-19
 1.608E-19 7.841E-20 5.824E-20 3.874E-20 2.511E-20 2.078E-20 1.923E-20 1.836E-20 1.936E-20 2.445E-20
 3.507E-20 5.965E-20 1.385E-19 1.880E-19 1.205E-19 6.346E-20 3.564E-20 2.337E-20 2.390E-20 2.636E-20
 2.799E-20 2.744E-20 2.755E-20 2.740E-20 3.671E-20 8.976E-20 1.742E-19 1.429E-19 5.767E-20 2.613E-20
 2.075E-20 2.299E-20 2.455E-20 2.242E-20 1.715E-20 1.845E-20 2.353E-20 3.099E-20 6.461E-20 1.553E-19
 1.763E-19 7.979E-20 2.221E-20 1.333E-20 1.320E-20 1.390E-20 1.498E-20 1.447E-20 2.154E-20 2.699E-20
 2.491E-20 3.845E-20 1.123E-19 1.600E-19 1.600E-19 1.532E-20 1.768E-20 2.396E-20 2.903E-20 2.869E-20
 2.644E-20 2.392E-20 2.379E-20 2.291E-20 3.245E-20 9.600E-20 1.673E-19 1.102E-19 3.631E-20 2.408E-20
 2.105E-20 2.160E-20 1.831E-20 1.454E-20 1.675E-20 2.283E-20 2.392E-20 3.387E-20 8.238E-20 1.479E-19
 1.107E-19 3.156E-20 9.935E-21 1.197E-20 1.785E-20 2.059E-20 2.042E-20 1.945E-20 1.979E-20 1.946E-20
 2.678E-20 6.031E-20 1.221E-19 1.215E-19 5.595E-20 2.991E-20 2.586E-20 2.169E-20 2.027E-20 1.696E-20
 1.395E-20 1.749E-20 2.250E-20 2.963E-20 5.092E-20 9.725E-20 1.132E-19 4.926E-20 1.067E-20 7.505E-21
 6.900E-21 1.087E-20 1.414E-20 1.712E-20 2.308E-20 2.486E-20 2.811E-20 3.677E-20 6.715E-20 1.001E-19
 5.886E-20 1.990E-20 1.702E-20 1.884E-20 1.878E-20 1.808E-20 1.586E-20 1.275E-20 1.872E-20 3.033E-20
 3.244E-20 5.601E-20 9.649E-20 6.358E-20 1.585E-20 6.987E-21 5.362E-21 5.225E-21 7.547E-21 1.303E-20
 1.878E-20 2.747E-20 3.183E-20 2.310E-20 3.700E-20 7.794E-20 5.971E-20 1.858E-20 1.399E-20 1.663E-20
 1.759E-20 1.754E-20 1.885E-20 1.996E-20 2.693E-20 2.750E-20 2.042E-20 3.795E-20 8.128E-20 7.160E-20
 2.690E-20 2.690E-20 1.130E-20 8.584E-21 2.821E-21 4.190E-21 1.521E-20 2.934E-20 2.608E-20 1.843E-20
 3.258E-20 6.934E-20 6.502E-20 2.265E-20 1.170E-20 1.528E-20 1.586E-20 1.684E-20 2.205E-20 2.727E-20
 2.690E-20 1.495E-20 7.176E-21 2.180E-20 5.870E-20 5.772E-20 2.322E-20 1.233E-20 9.838E-21 6.069E-21
 3.633E-21 8.332E-21 1.505E-20 1.352E-20 7.247E-21 1.001E-20 2.635E-20 6.020E-20 6.007E-20 2.172E-20
 7.825E-21 8.862E-21 1.100E-20 1.375E-20 2.169E-20 2.798E-20 2.581E-20 1.804E-20 1.091E-20 1.841E-20
 4.625E-20 5.087E-20 1.855E-20 4.649E-21 6.759E-21 9.824E-21 9.824E-21 1.468E-20 1.045E-20 4.924E-21
 3.142E-21 6.295E-21 2.224E-20 5.224E-20 5.417E-20 2.442E-20 2.442E-20 5.446E-21 6.906E-21 9.653E-21
 1.364E-20 1.149E-20 1.345E-20 1.139E-20 8.307E-21 1.832E-20 4.005E-20 3.499E-20 8.468E-21 7.109E-22
 2.255E-21 7.823E-21 1.439E-20 1.336E-20 6.365E-21 3.189E-21 4.445E-21 6.831E-21 1.864E-20 4.340E-20
 4.334E-20 1.895E-20 1.127E-20 1.578E-20 1.830E-20 1.627E-20 1.174E-20 7.204E-21 8.979E-21 1.161E-20
 1.516E-20 2.573E-20 4.310E-20 3.275E-20 7.026E-21 0.000E+00 6.100E-22 7.281E-21 1.008E-20 1.024E-20
 1.021E-20 1.048E-20 8.404E-21 7.507E-21 1.793E-20 3.381E-20 2.676E-20 1.347E-20 1.481E-20 1.828E-20
 1.678E-20 1.320E-20 1.109E-20 7.854E-21 6.139E-21 7.896E-21 1.463E-20 2.964E-20 4.123E-20 2.649E-20
 8.722E-21 3.711E-21 7.034E-22 0.000E+00 0.000E+00 4.114E-21 5.733E-21 7.191E-21 1.004E-20 1.126E-20
 2.020E-20 2.580E-20 1.285E-20 8.272E-21 1.296E-20 1.372E-20 1.442E-20 1.529E-20 1.363E-20 1.195E-20
 1.195E-20 9.307E-21 1.129E-20 2.517E-20 3.303E-20 1.928E-20 1.208E-20 9.875E-21 6.748E-21 4.764E-21
 1.818E-21 2.384E-21 3.613E-21 5.287E-21 5.635E-21 1.378E-20 2.821E-20 2.369E-20 9.641E-21 2.374E-21
 0.000E+00 1.411E-21 5.541E-21 9.406E-21 9.613E-21 1.083E-20 9.003E-21 9.453E-21 1.796E-20 3.307E-20
 2.913E-20 1.717E-20 1.392E-20 1.579E-20 1.389E-20 1.389E-20 2.733E-21 0.000E+00 0.000E+00 0.000E+00
 1.207E-21 9.832E-21 2.113E-20 1.382E-20 2.186E-21 0.000E+00 8.958E-22 2.277E-21 3.166E-21 8.089E-21
 1.143E-20 1.196E-20 1.264E-20 1.677E-20 2.667E-20 2.803E-20 1.269E-20 3.913E-21 4.206E-21 9.745E-21
 1.494E-20 1.205E-20 8.082E-21 4.531E-21 6.955E-22 1.500E-21 7.633E-21 1.565E-20 1.634E-20 9.628E-21
 7.463E-21 7.418E-21 8.156E-21 7.431E-21 5.421E-21 3.244E-21 3.505E-21 6.506E-21 1.203E-20 2.079E-20
 2.748E-20 1.805E-20 7.919E-21 5.309E-21 9.931E-22 0.000E+00 3.275E-21 2.853E-21 2.853E-21 5.074E-21
 7.517E-21 8.004E-21 9.061E-21 8.524E-21 2.757E-21 5.966E-22 1.686E-21 4.851E-21 5.409E-21 2.779E-21
 0.000E+00 0.000E+00 0.000E+00 8.223E-24 6.780E-21 1.622E-20 1.654E-20 1.217E-20 9.685E-21 6.980E-21
 5.873E-21 1.674E-21 3.254E-22 1.352E-21 2.646E-21 5.484E-21 8.310E-21 1.228E-20 1.311E-20 3.750E-21
 0.000E+00 0.000E+00 0.000E+00 0.000E+00 6.634E-21 8.516E-21 8.778E-21 8.957E-21 8.281E-21 5.800E-21
 9.948E-21 1.065E-20 1.065E-20 9.984E-21 1.240E-20 1.240E-20 1.240E-20 3.182E-21 1.248E-21 1.565E-21
 0.000E+00 1.784E-21 9.293E-21 1.663E-20 1.372E-20 6.291E-21 3.745E-21 7.183E-22 0.000E+00 0.000E+00
 8.646E-22 4.127E-21 3.463E-21 6.680E-21 9.385E-21 1.165E-20 1.000E-20 4.315E-21 2.260E-21 3.076E-21
 4.267E-21 7.404E-21 9.708E-21 7.971E-21 2.150E-21 1.570E-22 2.426E-21 6.458E-21 8.083E-21 6.145E-21
 7.526E-21 1.097E-20 1.216E-20 5.733E-21 0.000E+00 0.000E+00 0.000E+00 0.000E+00 0.000E+00 4.878E-21
 9.920E-21 8.437E-21 2.648E-21 0.000E+00 0.000E+00 7.410E-22 2.756E-21 3.907E-21 7.477E-21 1.182E-20
 1.349E-20 1.202E-20 1.113E-20 8.194E-21 2.136E-21 9.423E-22 0.000E+00 0.000E+00 0.000E+00 0.000E+00
