     CClF3 1065.0080 1139.9960      5056  233.0000    0.0000 9.038E-18  NCAR    CFC-13
 1.354E-20 1.686E-20 1.616E-20 1.248E-20 9.923E-21 7.337E-21 4.519E-21 3.185E-21 3.887E-21 4.438E-21
 6.869E-21 1.613E-20 2.063E-20 1.455E-20 8.621E-21 9.381E-21 1.470E-20 1.446E-20 1.201E-20 1.211E-20
 1.427E-20 1.400E-20 1.077E-20 8.329E-21 6.547E-21 4.899E-21 2.369E-21 9.777E-22 1.202E-21 6.786E-21
 1.756E-20 2.231E-20 1.675E-20 1.446E-20 1.774E-20 1.938E-20 1.547E-20 1.530E-20 1.607E-20 1.425E-20
 1.098E-20 7.067E-21 3.993E-21 3.763E-21 5.423E-21 5.430E-21 3.816E-21 2.695E-21 8.361E-21 1.951E-20
 2.349E-20 1.911E-20 1.741E-20 1.971E-20 1.786E-20 1.313E-20 1.320E-20 1.419E-20 1.099E-20 9.118E-21
 8.850E-21 6.934E-21 6.307E-21 4.851E-21 3.080E-21 2.719E-21 4.527E-21 1.065E-20 1.947E-20 2.261E-20
 2.180E-20 2.174E-20 1.809E-20 1.146E-20 1.047E-20 1.597E-20 1.644E-20 1.325E-20 1.175E-20 9.813E-21
 8.284E-21 6.164E-21 4.045E-21 2.110E-21 9.816E-22 4.745E-21 1.617E-20 2.397E-20 2.119E-20 1.912E-20
 1.481E-20 8.484E-21 9.659E-21 1.489E-20 1.504E-20 1.146E-20 9.274E-21 7.291E-21 5.653E-21 1.556E-21
 0.000E+00 0.000E+00 0.000E+00 2.009E-21 8.281E-21 2.019E-20 2.825E-20 2.534E-20 2.187E-20 1.799E-20
 1.612E-20 1.884E-20 2.057E-20 1.716E-20 1.339E-20 9.662E-21 5.750E-21 4.025E-21 2.633E-21 1.262E-21
 1.034E-21 2.836E-21 8.611E-21 1.791E-20 3.059E-20 3.473E-20 2.881E-20 2.364E-20 2.119E-20 2.126E-20
 2.041E-20 1.613E-20 1.074E-20 8.131E-21 5.158E-21 2.608E-21 2.529E-21 2.596E-21 2.826E-21 4.110E-21
 5.854E-21 1.450E-20 2.862E-20 3.738E-20 3.187E-20 2.345E-20 2.070E-20 2.077E-20 1.934E-20 1.613E-20
 1.060E-20 5.614E-21 3.698E-21 4.197E-21 5.071E-21 2.654E-21 4.683E-22 6.293E-22 2.057E-21 7.636E-21
 2.459E-20 4.153E-20 3.775E-20 2.566E-20 2.271E-20 2.421E-20 2.365E-20 2.029E-20 2.029E-20 1.215E-20
 8.235E-21 6.766E-21 7.666E-21 5.020E-21 2.999E-21 2.101E-21 0.000E+00 4.459E-21 2.204E-20 4.162E-20
 4.056E-20 2.611E-20 2.028E-20 2.094E-20 1.977E-20 1.573E-20 1.189E-20 1.024E-20 9.969E-21 1.177E-20
 1.174E-20 8.295E-21 5.512E-21 2.477E-21 1.744E-21 7.272E-21 2.101E-20 3.838E-20 4.147E-20 2.924E-20
 2.238E-20 2.190E-20 1.878E-20 1.487E-20 1.323E-20 1.134E-20 1.073E-20 7.767E-21 4.683E-21 3.453E-21
 1.249E-21 1.081E-21 3.095E-21 9.692E-21 2.439E-20 4.094E-20 4.323E-20 3.328E-20 2.697E-20 2.381E-20
 2.063E-20 1.610E-20 1.246E-20 1.153E-20 9.871E-21 7.795E-21 7.593E-21 6.647E-21 3.717E-21 3.256E-21
 6.272E-21 1.309E-20 2.468E-20 3.702E-20 4.150E-20 3.600E-20 3.098E-20 2.528E-20 1.962E-20 1.804E-20
 1.722E-20 1.501E-20 1.374E-20 1.167E-20 8.248E-21 5.214E-21 2.605E-21 3.561E-21 7.152E-21 1.438E-20
 2.426E-20 3.701E-20 4.484E-20 3.940E-20 3.242E-20 2.448E-20 1.591E-20 1.257E-20 1.107E-20 8.348E-21
 5.860E-21 3.115E-21 9.834E-22 7.362E-22 0.000E+00 4.867E-21 1.233E-20 1.782E-20 2.289E-20 3.589E-20
 4.644E-20 4.182E-20 3.244E-20 2.318E-20 1.595E-20 1.277E-20 1.307E-20 9.697E-21 3.703E-21 2.020E-21
 2.487E-21 1.261E-21 3.147E-21 9.887E-21 1.308E-20 1.473E-20 2.261E-20 4.006E-20 4.882E-20 3.863E-20
 2.550E-20 2.009E-20 1.744E-20 1.318E-20 9.920E-21 1.080E-20 1.048E-20 6.448E-21 2.733E-21 4.260E-21
 8.891E-21 1.439E-20 1.792E-20 1.768E-20 2.612E-20 4.682E-20 5.171E-20 3.560E-20 2.225E-20 1.551E-20
 1.114E-20 6.826E-21 5.478E-21 5.660E-21 4.612E-21 3.942E-21 5.958E-21 1.141E-20 1.722E-20 2.101E-20
 1.672E-20 1.697E-20 3.367E-20 5.102E-20 4.618E-20 3.178E-20 2.194E-20 1.552E-20 1.277E-20 1.066E-20
 1.097E-20 9.124E-21 8.775E-21 1.111E-20 1.251E-20 1.297E-20 1.789E-20 1.678E-20 1.399E-20 2.121E-20
 3.983E-20 4.929E-20 3.595E-20 2.158E-20 1.361E-20 9.408E-21 8.173E-21 5.118E-21 3.888E-21 6.793E-21
 9.770E-21 1.158E-20 1.402E-20 1.872E-20 1.708E-20 1.221E-20 1.578E-20 3.233E-20 4.988E-20 4.583E-20
 2.965E-20 1.796E-20 1.319E-20 1.244E-20 7.782E-21 7.782E-21 5.114E-21 5.223E-21 7.772E-21 1.434E-20
 1.854E-20 1.426E-20 1.130E-20 1.455E-20 2.501E-20 3.976E-20 4.489E-20 3.439E-20 2.279E-20 1.683E-20
 1.334E-20 1.188E-20 1.025E-20 1.135E-20 1.252E-20 1.338E-20 1.636E-20 1.887E-20 1.418E-20 1.007E-20
 1.359E-20 2.038E-20 3.229E-20 4.376E-20 3.739E-20 2.383E-20 1.873E-20 1.310E-20 9.193E-21 1.003E-20
 1.150E-20 1.101E-20 1.457E-20 1.817E-20 1.684E-20 1.347E-20 1.226E-20 1.218E-20 1.716E-20 2.931E-20
 4.632E-20 4.871E-20 3.355E-20 2.085E-20 1.479E-20 1.308E-20 1.296E-20 1.357E-20 1.106E-20 9.414E-21
 1.318E-20 1.436E-20 8.527E-21 6.248E-21 1.050E-20 1.407E-20 1.992E-20 3.625E-20 4.537E-20 3.520E-20
 2.247E-20 1.411E-20 1.193E-20 1.216E-20 1.133E-20 1.166E-20 1.386E-20 1.741E-20 1.745E-20 1.130E-20
 6.305E-21 7.218E-21 1.013E-20 1.751E-20 2.965E-20 3.811E-20 3.013E-20 1.958E-20 1.540E-20 1.439E-20
 1.312E-20 1.080E-20 9.554E-21 1.258E-20 1.855E-20 1.620E-20 9.839E-21 1.144E-20 1.303E-20 9.309E-21
 1.217E-20 2.624E-20 3.981E-20 3.463E-20 2.223E-20 1.649E-20 1.251E-20 1.110E-20 9.536E-21 7.948E-21
 1.218E-20 1.637E-20 1.191E-20 9.284E-21 1.210E-20 1.212E-20 1.019E-20 1.447E-20 2.819E-20 4.206E-20
 3.718E-20 2.421E-20 1.640E-20 1.118E-20 6.691E-21 7.286E-21 1.317E-20 1.656E-20 1.390E-20 1.145E-20
 1.359E-20 1.441E-20 1.140E-20 7.771E-21 1.147E-20 2.931E-20 4.451E-20 3.555E-20 2.174E-20 1.536E-20
 9.762E-21 6.413E-21 8.156E-21 1.232E-20 1.384E-20 9.679E-21 8.634E-21 1.067E-20 1.011E-20 6.833E-21
 5.493E-21 1.420E-20 3.237E-20 4.231E-20 3.094E-20 2.105E-20 1.537E-20 9.332E-21 8.641E-21 1.555E-20
 1.952E-20 1.381E-20 1.381E-20 1.231E-20 1.234E-20 8.320E-21 5.661E-21 7.198E-21 1.872E-20 3.590E-20
 3.944E-20 2.690E-20 1.908E-20 1.214E-20 8.616E-21 1.389E-20 1.766E-20 1.708E-20 1.557E-20 1.437E-20
 1.183E-20 8.565E-21 7.777E-21 9.368E-21 1.579E-20 3.023E-20 4.670E-20 4.412E-20 2.673E-20 1.599E-20
 1.393E-20 1.398E-20 1.497E-20 1.289E-20 1.091E-20 1.226E-20 1.264E-20 9.576E-21 6.940E-21 7.051E-21
 7.860E-21 1.469E-20 3.116E-20 3.116E-20 3.777E-20 2.237E-20 1.513E-20 1.776E-20 2.215E-20 2.019E-20
 1.445E-20 1.348E-20 1.637E-20 1.621E-20 1.302E-20 1.412E-20 1.496E-20 1.410E-20 2.245E-20 3.897E-20
 4.118E-20 2.728E-20 1.794E-20 1.798E-20 2.040E-20 2.055E-20 1.718E-20 1.392E-20 1.395E-20 1.264E-20
 1.235E-20 1.059E-20 9.350E-21 1.098E-20 1.819E-20 3.265E-20 4.318E-20 3.513E-20 2.138E-20 2.138E-20
 2.025E-20 2.055E-20 1.761E-20 1.688E-20 1.604E-20 1.604E-20 1.528E-20 1.199E-20 9.114E-21 1.156E-20
 1.865E-20 3.197E-20 4.395E-20 4.065E-20 2.569E-20 1.928E-20 2.293E-20 2.279E-20 1.847E-20 1.692E-20
 1.703E-20 1.561E-20 1.409E-20 1.394E-20 1.154E-20 1.270E-20 1.874E-20 2.887E-20 4.452E-20 4.850E-20
 3.615E-20 2.952E-20 2.792E-20 2.498E-20 2.130E-20 2.181E-20 2.292E-20 2.027E-20 1.776E-20 1.834E-20
 1.908E-20 1.860E-20 1.787E-20 2.419E-20 3.823E-20 4.876E-20 4.182E-20 3.035E-20 2.878E-20 2.785E-20
 2.419E-20 2.264E-20 2.287E-20 2.059E-20 1.812E-20 1.872E-20 2.018E-20 1.943E-20 2.029E-20 2.684E-20
 3.856E-20 4.841E-20 4.335E-20 3.540E-20 3.018E-20 2.515E-20 2.385E-20 2.141E-20 2.008E-20 2.211E-20
 2.226E-20 1.932E-20 1.782E-20 2.030E-20 2.312E-20 2.799E-20 4.046E-20 5.308E-20 5.237E-20 4.341E-20
 3.391E-20 2.929E-20 2.768E-20 2.590E-20 2.590E-20 2.577E-20 2.588E-20 2.402E-20 2.223E-20 2.430E-20
 2.566E-20 2.442E-20 3.269E-20 4.716E-20 4.611E-20 3.577E-20 3.015E-20 2.812E-20 2.849E-20 2.788E-20
 2.766E-20 2.876E-20 3.032E-20 3.038E-20 3.019E-20 3.122E-20 3.075E-20 3.186E-20 4.155E-20 5.137E-20
 4.578E-20 3.349E-20 3.085E-20 3.286E-20 3.685E-20 3.617E-20 3.374E-20 3.320E-20 3.539E-20 3.575E-20
 3.538E-20 3.476E-20 3.620E-20 4.000E-20 5.271E-20 6.128E-20 5.130E-20 4.033E-20 3.736E-20 3.895E-20
 4.081E-20 4.008E-20 3.594E-20 3.301E-20 3.354E-20 3.562E-20 3.626E-20 3.829E-20 4.167E-20 4.722E-20
 5.590E-20 5.671E-20 4.770E-20 4.211E-20 4.181E-20 4.133E-20 4.275E-20 4.765E-20 4.991E-20 4.685E-20
 4.535E-20 4.527E-20 4.592E-20 4.805E-20 5.073E-20 5.569E-20 6.278E-20 6.008E-20 5.433E-20 5.570E-20
 5.462E-20 5.100E-20 5.129E-20 5.304E-20 5.436E-20 5.472E-20 5.355E-20 5.253E-20 5.270E-20 5.284E-20
 5.360E-20 5.862E-20 6.104E-20 5.576E-20 5.149E-20 4.959E-20 4.952E-20 5.204E-20 5.125E-20 5.070E-20
 5.151E-20 5.159E-20 4.985E-20 4.859E-20 4.825E-20 4.932E-20 5.148E-20 5.353E-20 4.530E-20 3.560E-20
 3.610E-20 3.832E-20 3.851E-20 4.124E-20 4.612E-20 4.915E-20 4.902E-20 4.702E-20 4.457E-20 4.364E-20
 4.321E-20 4.446E-20 4.860E-20 4.923E-20 4.606E-20 4.644E-20 4.691E-20 4.719E-20 4.685E-20 4.770E-20
 5.032E-20 5.192E-20 5.480E-20 5.927E-20 6.200E-20 6.016E-20 5.851E-20 6.002E-20 6.460E-20 6.476E-20
 6.175E-20 6.299E-20 6.299E-20 6.597E-20 6.835E-20 6.698E-20 6.422E-20 6.801E-20 7.279E-20 7.602E-20
 7.857E-20 7.827E-20 7.655E-20 7.687E-20 7.847E-20 7.874E-20 7.788E-20 7.992E-20 8.213E-20 8.176E-20
 8.586E-20 9.502E-20 9.816E-20 9.821E-20 9.925E-20 1.037E-19 1.061E-19 1.053E-19 1.052E-19 1.059E-19
 1.052E-19 1.078E-19 1.123E-19 1.097E-19 1.072E-19 1.099E-19 1.119E-19 1.115E-19 1.113E-19 1.090E-19
 1.085E-19 1.138E-19 1.171E-19 1.190E-19 1.204E-19 1.186E-19 1.174E-19 1.178E-19 1.184E-19 1.184E-19
 1.148E-19 1.137E-19 1.121E-19 1.107E-19 1.057E-19 9.966E-20 1.024E-19 1.063E-19 1.059E-19 1.043E-19
 1.030E-19 9.925E-20 9.707E-20 9.475E-20 9.335E-20 9.192E-20 9.042E-20 9.209E-20 9.145E-20 8.518E-20
 7.748E-20 6.862E-20 5.659E-20 4.100E-20 2.335E-20 1.277E-20 1.310E-20 1.366E-20 1.466E-20 1.466E-20
 1.756E-20 1.596E-20 1.425E-20 1.273E-20 1.453E-20 1.655E-20 1.490E-20 1.161E-20 1.497E-20 1.973E-20
 2.092E-20 2.066E-20 1.965E-20 1.645E-20 1.474E-20 1.388E-20 1.150E-20 1.014E-20 1.324E-20 1.884E-20
 2.068E-20 1.983E-20 1.932E-20 1.850E-20 1.852E-20 2.003E-20 2.112E-20 1.964E-20 1.929E-20 1.747E-20
 1.263E-20 1.099E-20 1.704E-20 2.628E-20 2.962E-20 2.522E-20 2.094E-20 1.822E-20 1.763E-20 1.558E-20
 1.195E-20 1.272E-20 1.641E-20 2.071E-20 2.274E-20 2.148E-20 1.947E-20 1.930E-20 2.198E-20 2.216E-20
 1.895E-20 1.840E-20 2.126E-20 2.398E-20 2.129E-20 2.149E-20 2.358E-20 2.111E-20 1.644E-20 1.777E-20
 2.275E-20 2.634E-20 2.530E-20 2.191E-20 2.050E-20 2.078E-20 2.294E-20 2.710E-20 2.689E-20 2.275E-20
 1.898E-20 1.588E-20 1.569E-20 1.916E-20 2.318E-20 2.898E-20 3.046E-20 2.905E-20 3.037E-20 3.267E-20
 2.951E-20 2.677E-20 2.762E-20 2.668E-20 2.467E-20 2.408E-20 2.230E-20 2.369E-20 3.116E-20 3.947E-20
 4.079E-20 3.526E-20 3.131E-20 2.915E-20 2.375E-20 2.212E-20 2.689E-20 2.887E-20 2.428E-20 1.946E-20
 2.515E-20 3.860E-20 4.806E-20 4.909E-20 4.336E-20 3.855E-20 3.711E-20 3.506E-20 2.956E-20 2.913E-20
 3.714E-20 4.350E-20 3.726E-20 2.827E-20 2.744E-20 3.071E-20 3.771E-20 4.156E-20 3.887E-20 3.388E-20
 2.718E-20 2.118E-20 2.323E-20 3.395E-20 4.684E-20 5.311E-20 4.775E-20 3.945E-20 3.720E-20 4.002E-20
 4.401E-20 4.587E-20 4.474E-20 4.151E-20 3.876E-20 3.616E-20 3.473E-20 3.528E-20 3.740E-20 4.276E-20
 4.653E-20 3.981E-20 3.426E-20 3.689E-20 4.305E-20 4.631E-20 5.122E-20 5.042E-20 3.857E-20 2.987E-20
 3.158E-20 3.484E-20 4.098E-20 5.234E-20 5.670E-20 5.157E-20 4.849E-20 5.365E-20 5.637E-20 4.964E-20
 3.925E-20 3.309E-20 3.207E-20 3.224E-20 2.848E-20 2.530E-20 3.017E-20 4.711E-20 6.627E-20 7.036E-20
 6.260E-20 6.069E-20 6.051E-20 5.079E-20 4.139E-20 3.811E-20 3.873E-20 3.919E-20 3.933E-20 4.078E-20
 4.676E-20 6.050E-20 6.886E-20 6.322E-20 6.132E-20 6.319E-20 5.255E-20 3.991E-20 3.349E-20 3.296E-20
 4.033E-20 5.414E-20 5.653E-20 5.074E-20 5.707E-20 7.072E-20 7.682E-20 7.229E-20 7.125E-20 6.783E-20
 5.676E-20 5.676E-20 4.590E-20 4.155E-20 3.777E-20 3.682E-20 3.821E-20 4.039E-20 4.712E-20 6.147E-20
 6.923E-20 6.534E-20 6.413E-20 6.776E-20 6.769E-20 5.661E-20 4.971E-20 4.981E-20 5.434E-20 6.076E-20
 6.398E-20 6.478E-20 7.518E-20 9.473E-20 9.526E-20 7.577E-20 5.719E-20 4.739E-20 4.303E-20 4.191E-20
 4.108E-20 3.614E-20 3.291E-20 3.753E-20 4.787E-20 7.039E-20 1.050E-19 1.231E-19 1.094E-19 8.719E-20
 7.760E-20 7.375E-20 6.169E-20 5.095E-20 5.349E-20 5.686E-20 5.267E-20 4.740E-20 4.740E-20 6.549E-20
 9.600E-20 1.089E-19 8.809E-20 6.267E-20 4.354E-20 3.452E-20 3.804E-20 5.176E-20 6.978E-20 7.452E-20
 6.717E-20 6.680E-20 8.751E-20 1.213E-19 1.318E-19 1.125E-19 9.078E-20 7.742E-20 6.297E-20 5.217E-20
 5.217E-20 5.148E-20 5.243E-20 5.425E-20 5.441E-20 6.059E-20 7.845E-20 9.713E-20 9.369E-20 8.433E-20
 9.237E-20 9.170E-20 8.103E-20 8.252E-20 9.587E-20 9.876E-20 8.124E-20 7.150E-20 7.831E-20 9.239E-20
 1.059E-19 1.085E-19 9.005E-20 6.982E-20 5.830E-20 5.082E-20 4.997E-20 5.089E-20 4.698E-20 4.443E-20
 5.318E-20 7.743E-20 1.141E-19 1.437E-19 1.531E-19 1.477E-19 1.361E-19 1.174E-19 9.617E-20 8.249E-20
 7.436E-20 6.476E-20 5.672E-20 6.009E-20 6.824E-20 7.748E-20 9.155E-20 1.051E-19 1.004E-19 8.301E-20
 7.114E-20 6.128E-20 5.871E-20 7.426E-20 1.058E-19 1.206E-19 1.237E-19 1.380E-19 1.483E-19 1.474E-19
 1.453E-19 1.287E-19 1.015E-19 8.451E-20 7.494E-20 6.873E-20 6.213E-20 5.923E-20 6.180E-20 6.720E-20
 7.528E-20 8.049E-20 8.364E-20 9.599E-20 1.047E-19 1.160E-19 1.434E-19 1.531E-19 1.500E-19 1.507E-19
 1.386E-19 1.204E-19 1.010E-19 8.806E-20 8.742E-20 9.969E-20 1.238E-19 1.218E-19 9.862E-20 8.333E-20
 7.617E-20 7.719E-20 8.040E-20 7.523E-20 6.564E-20 6.706E-20 8.408E-20 1.243E-19 1.871E-19 2.213E-19
 2.106E-19 1.752E-19 1.406E-19 1.155E-19 9.262E-20 8.307E-20 8.901E-20 9.538E-20 9.495E-20 9.285E-20
 9.590E-20 1.139E-19 1.296E-19 1.194E-19 9.859E-20 7.775E-20 6.731E-20 7.347E-20 9.694E-20 1.526E-19
 2.070E-19 2.129E-19 1.915E-19 1.728E-19 1.695E-19 1.534E-19 1.200E-19 1.068E-19 1.089E-19 1.037E-19
 9.728E-20 9.406E-20 9.809E-20 1.031E-19 1.026E-19 1.010E-19 1.042E-19 1.128E-19 1.100E-19 1.105E-19
 1.462E-19 2.104E-19 2.445E-19 2.260E-19 1.937E-19 1.674E-19 1.376E-19 1.042E-19 9.629E-20 1.254E-19
 1.435E-19 1.289E-19 1.121E-19 1.064E-19 1.053E-19 1.076E-19 1.143E-19 1.124E-19 9.608E-20 8.456E-20
 8.949E-20 1.319E-19 2.216E-19 2.921E-19 2.797E-19 2.247E-19 1.820E-19 1.587E-19 1.356E-19 1.137E-19
 1.125E-19 1.167E-19 1.138E-19 1.131E-19 1.277E-19 1.430E-19 1.419E-19 1.344E-19 1.223E-19 1.090E-19
 1.038E-19 1.063E-19 1.219E-19 1.748E-19 2.566E-19 2.936E-19 2.623E-19 2.330E-19 2.008E-19 1.617E-19
 1.326E-19 1.278E-19 1.365E-19 1.351E-19 1.233E-19 1.165E-19 1.141E-19 1.205E-19 1.406E-19 1.648E-19
 1.619E-19 1.321E-19 1.176E-19 1.363E-19 1.886E-19 2.665E-19 3.187E-19 2.800E-19 2.109E-19 1.741E-19
 1.656E-19 1.719E-19 1.630E-19 1.482E-19 1.449E-19 1.429E-19 1.433E-19 1.409E-19 1.349E-19 1.295E-19
 1.273E-19 1.291E-19 1.389E-19 1.632E-19 1.825E-19 2.052E-19 2.720E-19 3.418E-19 3.246E-19 2.480E-19
 1.961E-19 1.662E-19 1.403E-19 1.259E-19 1.431E-19 1.765E-19 1.864E-19 1.745E-19 1.650E-19 1.572E-19
 1.483E-19 1.460E-19 1.448E-19 1.386E-19 1.352E-19 1.516E-19 2.017E-19 2.916E-19 3.679E-19 3.606E-19
 2.903E-19 2.317E-19 1.959E-19 1.690E-19 1.451E-19 1.443E-19 1.669E-19 1.723E-19 1.722E-19 1.855E-19
 1.842E-19 1.729E-19 1.732E-19 1.714E-19 1.598E-19 1.483E-19 1.613E-19 2.094E-19 2.704E-19 3.256E-19
 3.621E-19 3.327E-19 2.715E-19 2.258E-19 1.983E-19 1.767E-19 1.733E-19 1.874E-19 1.852E-19 1.699E-19
 1.584E-19 1.545E-19 1.752E-19 2.031E-19 2.089E-19 1.912E-19 1.679E-19 1.844E-19 2.388E-19 2.821E-19
 3.219E-19 3.560E-19 3.230E-19 2.700E-19 2.577E-19 2.437E-19 2.084E-19 1.911E-19 2.017E-19 1.984E-19
 1.854E-19 1.690E-19 1.587E-19 1.672E-19 1.925E-19 2.194E-19 2.246E-19 2.114E-19 2.372E-19 2.782E-19
 2.955E-19 3.340E-19 3.839E-19 3.435E-19 2.633E-19 2.335E-19 2.338E-19 2.440E-19 2.370E-19 2.264E-19
 2.151E-19 1.967E-19 1.755E-19 1.730E-19 1.921E-19 2.134E-19 2.129E-19 2.095E-19 2.441E-19 3.036E-19
 3.163E-19 3.120E-19 3.494E-19 4.051E-19 3.717E-19 2.985E-19 2.664E-19 2.562E-19 2.490E-19 2.459E-19
 2.565E-19 2.438E-19 2.112E-19 1.990E-19 2.171E-19 2.451E-19 2.497E-19 2.326E-19 2.346E-19 2.762E-19
 3.270E-19 3.385E-19 3.371E-19 3.763E-19 4.380E-19 4.104E-19 3.454E-19 3.169E-19 2.952E-19 2.591E-19
 2.287E-19 2.283E-19 2.256E-19 2.214E-19 2.338E-19 2.559E-19 2.525E-19 2.312E-19 2.317E-19 2.557E-19
 2.883E-19 3.045E-19 2.956E-19 3.081E-19 3.823E-19 4.598E-19 4.222E-19 3.510E-19 3.156E-19 2.813E-19
 2.335E-19 2.113E-19 2.213E-19 2.331E-19 2.633E-19 2.884E-19 2.765E-19 2.458E-19 2.435E-19 2.681E-19
 3.051E-19 3.280E-19 3.150E-19 2.860E-19 2.987E-19 4.103E-19 4.967E-19 4.295E-19 3.553E-19 3.166E-19
 2.750E-19 2.324E-19 2.278E-19 2.509E-19 2.709E-19 2.908E-19 2.949E-19 2.729E-19 2.638E-19 2.908E-19
 3.322E-19 3.514E-19 3.396E-19 3.049E-19 2.643E-19 3.177E-19 4.772E-19 5.318E-19 4.443E-19 3.808E-19
 3.375E-19 2.825E-19 2.465E-19 2.695E-19 2.947E-19 2.904E-19 2.760E-19 2.734E-19 2.840E-19 3.176E-19
 3.699E-19 3.933E-19 3.657E-19 3.257E-19 2.717E-19 2.731E-19 4.006E-19 5.557E-19 5.373E-19 4.468E-19
 3.869E-19 3.354E-19 2.955E-19 2.906E-19 3.126E-19 3.032E-19 2.854E-19 2.870E-19 3.049E-19 3.421E-19
 3.898E-19 4.085E-19 3.849E-19 3.512E-19 3.022E-19 2.760E-19 3.580E-19 5.276E-19 6.057E-19 5.137E-19
 4.300E-19 3.916E-19 3.573E-19 3.183E-19 3.231E-19 3.192E-19 3.029E-19 3.083E-19 3.234E-19 3.518E-19
 4.083E-19 4.480E-19 4.399E-19 4.097E-19 3.537E-19 2.961E-19 3.200E-19 4.467E-19 6.038E-19 5.881E-19
 4.968E-19 4.443E-19 4.042E-19 3.505E-19 3.233E-19 3.247E-19 3.202E-19 3.314E-19 3.480E-19 3.641E-19
 4.278E-19 4.983E-19 5.053E-19 4.578E-19 3.633E-19 2.928E-19 2.939E-19 3.813E-19 5.646E-19 6.524E-19
 5.642E-19 4.876E-19 4.495E-19 3.921E-19 3.308E-19 3.300E-19 3.427E-19 3.652E-19 3.768E-19 3.871E-19
 4.678E-19 5.473E-19 5.536E-19 4.891E-19 3.726E-19 2.953E-19 2.835E-19 3.418E-19 5.288E-19 7.167E-19
 6.490E-19 5.550E-19 5.137E-19 4.346E-19 3.412E-19 3.338E-19 3.760E-19 4.020E-19 4.002E-19 4.344E-19
 5.319E-19 5.760E-19 5.597E-19 4.870E-19 3.714E-19 3.126E-19 2.929E-19 3.263E-19 5.025E-19 7.418E-19
 7.303E-19 6.352E-19 5.562E-19 4.409E-19 3.487E-19 3.538E-19 4.170E-19 4.393E-19 4.469E-19 5.064E-19
 5.886E-19 5.985E-19 5.888E-19 5.182E-19 3.965E-19 3.386E-19 3.069E-19 3.263E-19 5.035E-19 7.919E-19
 8.190E-19 6.706E-19 5.484E-19 4.563E-19 3.813E-19 3.917E-19 4.698E-19 5.005E-19 5.157E-19 5.710E-19
 6.070E-19 6.058E-19 6.187E-19 5.349E-19 4.049E-19 3.478E-19 3.144E-19 3.371E-19 5.157E-19 8.274E-19
 8.688E-19 7.031E-19 5.577E-19 4.669E-19 4.275E-19 4.679E-19 5.261E-19 5.306E-19 5.627E-19 6.119E-19
 6.063E-19 6.219E-19 6.202E-19 5.088E-19 3.992E-19 3.519E-19 3.236E-19 3.697E-19 5.684E-19 8.695E-19
 8.703E-19 7.110E-19 5.899E-19 5.277E-19 4.931E-19 5.011E-19 5.405E-19 5.661E-19 6.173E-19 6.345E-19
 6.145E-19 6.377E-19 6.159E-19 5.221E-19 4.227E-19 3.507E-19 3.386E-19 4.320E-19 6.372E-19 8.914E-19
 8.720E-19 7.007E-19 6.141E-19 5.822E-19 5.404E-19 5.427E-19 5.989E-19 6.484E-19 6.697E-19 6.315E-19
 6.443E-19 6.703E-19 6.266E-19 5.227E-19 4.203E-19 3.824E-19 4.064E-19 5.054E-19 7.065E-19 9.631E-19
 1.044E-18 7.349E-19 6.732E-19 6.281E-19 5.641E-19 5.749E-19 6.457E-19 6.842E-19 6.535E-19 6.429E-19
 7.153E-19 7.187E-19 6.435E-19 4.942E-19 3.971E-19 4.116E-19 4.649E-19 5.489E-19 7.579E-19 9.902E-19
 1.090E-18 9.163E-19 7.049E-19 6.299E-19 5.741E-19 6.465E-19 7.361E-19 7.119E-19 6.825E-19 7.465E-19
 7.559E-19 6.765E-19 5.720E-19 4.663E-19 4.364E-19 4.689E-19 4.919E-19 5.841E-19 8.530E-19 1.112E-18
 1.162E-18 9.367E-19 6.785E-19 5.895E-19 6.320E-19 7.628E-19 7.431E-19 7.155E-19 7.502E-19 9.220E-19
 7.181E-19 6.352E-19 5.536E-19 4.911E-19 4.974E-19 5.171E-19 5.360E-19 6.834E-19 1.059E-18 1.352E-18
 1.075E-18 7.295E-19 6.566E-19 6.458E-19 7.772E-19 8.145E-19 7.545E-19 7.643E-19 9.482E-19 7.344E-19
 6.628E-19 6.334E-19 5.866E-19 5.554E-19 5.644E-19 5.315E-19 5.758E-19 8.692E-19 1.362E-18 1.249E-18
 9.406E-19 6.823E-19 6.685E-19 7.667E-19 8.540E-19 7.706E-19 7.628E-19 9.757E-19 7.418E-19 7.045E-19
 7.145E-19 6.750E-19 5.840E-19 5.629E-19 5.372E-19 5.535E-19 7.549E-19 1.080E-18 1.376E-18 1.102E-18
 7.191E-19 7.415E-19 8.262E-19 8.691E-19 9.569E-19 9.681E-19 1.055E-18 9.809E-19 7.187E-19 7.023E-19
 6.874E-19 6.428E-19 6.027E-19 5.680E-19 5.537E-19 6.527E-19 9.270E-19 1.375E-18 1.240E-18 9.694E-19
 9.270E-19 1.033E-18 1.084E-18 1.036E-18 1.041E-18 1.066E-18 9.898E-19 7.400E-19 7.309E-19 7.104E-19
 6.945E-19 6.495E-19 6.070E-19 5.685E-19 5.948E-19 7.814E-19 1.134E-18 1.370E-18 1.100E-18 1.012E-18
 1.100E-18 1.116E-18 1.067E-18 1.085E-18 1.123E-18 1.060E-18 9.575E-19 9.325E-19 9.534E-19 9.193E-19
 6.939E-19 5.961E-19 5.568E-19 5.432E-19 6.598E-19 1.040E-18 1.441E-18 1.240E-18 1.154E-18 1.216E-18
 1.142E-18 1.070E-18 1.134E-18 1.196E-18 1.144E-18 1.029E-18 1.001E-18 1.006E-18 9.456E-19 6.860E-19
 6.179E-19 5.530E-19 4.809E-19 5.790E-19 9.649E-19 1.513E-18 1.431E-18 1.350E-18 1.339E-18 1.169E-18
 1.091E-18 1.204E-18 1.293E-18 1.202E-18 1.094E-18 1.072E-18 1.042E-18 9.716E-19 7.175E-19 6.257E-19
 5.083E-19 4.269E-19 5.202E-19 9.196E-19 1.370E-18 1.577E-18 1.492E-18 1.380E-18 1.189E-18 1.203E-18
 1.389E-18 1.394E-18 1.256E-18 1.174E-18 1.068E-18 1.010E-18 9.905E-19 7.302E-19 5.715E-19 4.401E-19
 3.965E-19 5.122E-19 8.970E-19 1.426E-18 1.761E-18 1.634E-18 1.422E-18 1.274E-18 1.419E-18 1.622E-18
 1.493E-18 1.288E-18 1.099E-18 9.795E-19 1.017E-18 1.032E-18 7.253E-19 4.944E-19 4.015E-19 3.885E-19
 4.975E-19 9.383E-19 1.634E-18 1.989E-18 1.652E-18 1.412E-18 1.417E-18 1.583E-18 1.590E-18 1.400E-18
 1.196E-18 1.029E-18 1.006E-18 1.070E-18 8.253E-19 6.181E-19 4.472E-19 3.800E-19 3.666E-19 5.250E-19
 1.062E-18 1.797E-18 2.029E-18 1.649E-18 1.575E-18 1.653E-18 1.679E-18 1.505E-18 1.262E-18 1.086E-18
 1.030E-18 1.082E-18 1.068E-18 7.457E-19 5.931E-19 4.223E-19 3.225E-19 3.198E-19 5.710E-19 1.256E-18
 2.208E-18 1.937E-18 1.746E-18 1.805E-18 1.801E-18 1.614E-18 1.324E-18 1.114E-18 1.073E-18 1.142E-18
 1.137E-18 9.652E-19 6.611E-19 4.615E-19 3.251E-19 2.737E-19 3.801E-19 8.436E-19 1.726E-18 2.411E-18
 2.260E-18 1.788E-18 1.769E-18 1.698E-18 1.428E-18 1.222E-18 1.174E-18 1.188E-18 1.144E-18 1.013E-18
 7.139E-19 5.436E-19 3.593E-19 2.725E-19 3.344E-19 6.670E-19 1.470E-18 2.622E-18 2.719E-18 2.003E-18
 1.909E-18 1.806E-18 1.517E-18 1.295E-18 1.207E-18 1.199E-18 1.164E-18 1.018E-18 7.138E-19 5.821E-19
 4.105E-19 2.824E-19 3.205E-19 6.063E-19 1.260E-18 2.266E-18 2.865E-18 2.435E-18 1.924E-18 1.869E-18
 1.552E-18 1.318E-18 1.263E-18 1.247E-18 1.184E-18 1.003E-18 6.827E-19 5.608E-19 4.538E-19 3.471E-19
 3.776E-19 6.434E-19 1.203E-18 2.005E-18 2.827E-18 2.788E-18 2.511E-18 2.046E-18 1.657E-18 1.430E-18
 1.357E-18 1.221E-18 1.107E-18 7.969E-19 6.677E-19 5.692E-19 5.239E-19 4.691E-19 4.865E-19 7.414E-19
 1.160E-18 1.622E-18 2.133E-18 2.984E-18 2.812E-18 2.182E-18 1.749E-18 1.509E-18 1.398E-18 1.231E-18
 1.098E-18 7.857E-19 6.694E-19 5.895E-19 5.796E-19 5.632E-19 5.823E-19 8.059E-19 1.105E-18 1.352E-18
 1.733E-18 2.506E-18 3.026E-18 2.581E-18 1.892E-18 1.624E-18 1.405E-18 1.220E-18 1.097E-18 7.759E-19
 6.681E-19 6.121E-19 6.122E-19 6.361E-19 7.155E-19 9.622E-19 1.254E-18 1.206E-18 1.577E-18 2.544E-18
 3.346E-18 2.812E-18 2.012E-18 1.566E-18 1.301E-18 1.202E-18 1.108E-18 8.137E-19 6.905E-19 6.280E-19
 6.218E-19 6.764E-19 8.505E-19 1.195E-18 1.210E-18 1.121E-18 1.456E-18 2.357E-18 3.479E-18 2.905E-18
 2.019E-18 1.539E-18 1.261E-18 1.148E-18 1.050E-18 7.650E-19 6.821E-19 6.321E-19 6.282E-19 7.698E-19
 9.562E-19 1.276E-18 1.178E-18 1.033E-18 1.051E-18 2.118E-18 3.104E-18 2.939E-18 1.888E-18 1.463E-18
 1.256E-18 1.159E-18 1.042E-18 7.300E-19 6.657E-19 6.280E-19 6.888E-19 8.695E-19 1.223E-18 1.343E-18
 1.103E-18 7.671E-19 9.589E-19 2.097E-18 3.011E-18 2.466E-18 1.774E-18 1.398E-18 1.225E-18 1.131E-18
 9.784E-19 6.965E-19 6.524E-19 6.996E-19 7.983E-19 9.610E-19 1.398E-18 1.324E-18 8.153E-19 7.675E-19
 1.182E-18 2.568E-18 3.117E-18 2.278E-18 1.674E-18 1.381E-18 1.242E-18 1.126E-18 7.917E-19 7.077E-19
 6.955E-19 7.234E-19 8.174E-19 1.118E-18 1.469E-18 9.520E-19 7.182E-19 8.410E-19 1.503E-18 2.942E-18
 3.317E-18 2.113E-18 1.625E-18 1.366E-18 1.199E-18 1.015E-18 7.346E-19 7.311E-19 7.522E-19 7.496E-19
 9.747E-19 1.476E-18 1.281E-18 7.879E-19 7.407E-19 1.131E-18 2.131E-18 3.232E-18 3.035E-18 1.923E-18
 1.509E-18 1.290E-18 1.132E-18 8.200E-19 7.926E-19 7.500E-19 7.357E-19 9.676E-19 1.504E-18 1.372E-18
 8.572E-19 7.637E-19 9.661E-19 1.625E-18 2.241E-18 3.252E-18 2.857E-18 1.724E-18 1.342E-18 1.170E-18
 1.092E-18 1.032E-18 7.954E-19 7.366E-19 9.474E-19 1.450E-18 1.397E-18 1.012E-18 7.511E-19 8.822E-19
 1.358E-18 1.722E-18 2.280E-18 2.593E-18 2.019E-18 1.474E-18 1.274E-18 1.192E-18 1.091E-18 7.905E-19
 7.658E-19 9.175E-19 1.423E-18 1.413E-18 1.073E-18 8.115E-19 1.051E-18 1.279E-18 1.432E-18 1.685E-18
 2.291E-18 2.341E-18 1.753E-18 1.477E-18 1.385E-18 1.191E-18 8.133E-19 7.859E-19 8.770E-19 1.295E-18
 1.337E-18 1.086E-18 9.612E-19 8.724E-19 1.024E-18 1.251E-18 1.264E-18 1.760E-18 2.336E-18 2.030E-18
 1.678E-18 1.478E-18 1.184E-18 9.755E-19 7.742E-19 8.633E-19 1.279E-18 1.377E-18 1.120E-18 9.583E-19
 8.461E-19 9.912E-19 1.137E-18 8.645E-19 1.124E-18 2.150E-18 2.370E-18 1.961E-18 1.593E-18 1.217E-18
 9.914E-19 7.866E-19 8.899E-19 1.169E-18 1.463E-18 1.169E-18 8.281E-19 8.143E-19 9.628E-19 9.253E-19
 7.435E-19 8.615E-19 1.524E-18 2.638E-18 2.274E-18 1.667E-18 1.243E-18 9.845E-19 7.811E-19 9.618E-19
 1.458E-18 1.421E-18 1.083E-18 7.517E-19 7.650E-19 9.354E-19 8.513E-19 6.330E-19 6.873E-19 1.266E-18
 2.480E-18 2.389E-18 1.708E-18 1.242E-18 8.383E-19 8.351E-19 1.039E-18 1.520E-18 1.380E-18 8.817E-19
 6.833E-19 7.681E-19 9.450E-19 7.973E-19 5.744E-19 6.670E-19 1.283E-18 2.504E-18 2.845E-18 1.749E-18
 1.262E-18 8.419E-19 9.062E-19 1.152E-18 1.549E-18 9.894E-19 7.075E-19 6.382E-19 8.268E-19 9.251E-19
 7.132E-19 5.605E-19 7.091E-19 1.188E-18 2.261E-18 2.435E-18 1.742E-18 1.232E-18 1.030E-18 1.011E-18
 1.624E-18 1.512E-18 8.685E-19 6.443E-19 7.085E-19 9.309E-19 8.688E-19 6.573E-19 5.940E-19 6.733E-19
 1.013E-18 1.763E-18 2.398E-18 1.702E-18 1.208E-18 1.143E-18 1.434E-18 1.592E-18 1.205E-18 7.178E-19
 6.328E-19 8.048E-19 9.375E-19 7.643E-19 6.360E-19 5.700E-19 5.799E-19 9.936E-19 1.816E-18 2.255E-18
 1.600E-18 1.269E-18 1.385E-18 1.649E-18 1.396E-18 7.963E-19 6.234E-19 7.101E-19 9.143E-19 8.651E-19
 7.129E-19 5.898E-19 4.592E-19 5.506E-19 1.061E-18 1.907E-18 2.194E-18 1.581E-18 1.441E-18 1.667E-18
 1.603E-18 9.417E-19 6.864E-19 6.680E-19 8.647E-19 9.427E-19 8.000E-19 6.310E-19 4.715E-19 4.119E-19
 5.948E-19 1.247E-18 2.330E-18 2.073E-18 1.629E-18 1.671E-18 1.723E-18 1.311E-18 7.953E-19 6.778E-19
 8.292E-19 9.996E-19 8.778E-19 6.702E-19 4.881E-19 4.008E-19 4.555E-19 8.159E-19 1.552E-18 2.378E-18
 2.484E-18 1.845E-18 1.849E-18 1.522E-18 9.313E-19 7.471E-19 8.454E-19 1.077E-18 9.814E-19 7.090E-19
 5.301E-19 4.633E-19 4.814E-19 6.512E-19 1.076E-18 2.066E-18 2.474E-18 2.456E-18 1.920E-18 1.633E-18
 1.153E-18 8.061E-19 8.724E-19 1.081E-18 9.937E-19 7.376E-19 5.823E-19 5.258E-19 5.461E-19 6.314E-19
 8.642E-19 1.560E-18 2.435E-18 2.964E-18 2.549E-18 1.836E-18 1.268E-18 8.611E-19 8.876E-19 1.037E-18
 9.526E-19 7.197E-19 5.914E-19 5.550E-19 5.691E-19 6.225E-19 7.586E-19 1.109E-18 2.057E-18 3.214E-18
 2.837E-18 1.967E-18 1.337E-18 1.025E-18 9.728E-19 1.215E-18 9.431E-19 7.304E-19 6.513E-19 6.550E-19
 6.672E-19 6.960E-19 7.685E-19 9.433E-19 1.644E-18 2.662E-18 3.253E-18 2.082E-18 1.354E-18 1.044E-18
 1.081E-18 1.150E-18 8.836E-19 7.078E-19 6.760E-19 7.159E-19 7.412E-19 7.659E-19 8.234E-19 9.909E-19
 1.430E-18 2.481E-18 3.590E-18 2.606E-18 1.540E-18 1.233E-18 1.250E-18 1.268E-18 1.084E-18 8.414E-19
 8.396E-19 9.526E-19 9.924E-19 1.039E-18 1.088E-18 1.147E-18 1.490E-18 2.375E-18 3.720E-18 2.878E-18
 1.805E-18 1.485E-18 1.481E-18 1.463E-18 1.293E-18 1.223E-18 1.260E-18 1.292E-18 1.302E-18 1.361E-18
 1.413E-18 1.459E-18 1.746E-18 3.051E-18 3.937E-18 3.152E-18 2.184E-18 1.820E-18 1.783E-18 1.627E-18
 1.554E-18 1.587E-18 1.596E-18 1.578E-18 1.562E-18 1.679E-18 1.729E-18 1.791E-18 2.231E-18 3.313E-18
 3.991E-18 3.211E-18 2.294E-18 2.026E-18 1.991E-18 1.887E-18 1.815E-18 1.827E-18 1.852E-18 1.904E-18
 1.925E-18 1.899E-18 1.903E-18 2.017E-18 2.499E-18 3.344E-18 3.680E-18 2.927E-18 2.088E-18 1.760E-18
 1.707E-18 1.651E-18 1.629E-18 1.623E-18 1.629E-18 1.658E-18 1.790E-18 1.844E-18 1.841E-18 1.990E-18
 2.526E-18 3.224E-18 3.522E-18 2.919E-18 2.214E-18 1.988E-18 1.887E-18 1.844E-18 1.801E-18 1.635E-18
 1.534E-18 1.534E-18 1.572E-18 1.680E-18 1.756E-18 1.981E-18 2.322E-18 2.796E-18 3.179E-18 2.686E-18
 2.044E-18 1.891E-18 1.890E-18 1.909E-18 1.959E-18 2.001E-18 1.968E-18 1.962E-18 2.059E-18 2.213E-18
 2.359E-18 2.504E-18 2.646E-18 3.079E-18 3.354E-18 2.891E-18 2.473E-18 2.375E-18 2.433E-18 2.540E-18
 2.545E-18 2.494E-18 2.507E-18 2.572E-18 2.708E-18 2.905E-18 3.031E-18 3.036E-18 3.212E-18 3.783E-18
 3.999E-18 3.377E-18 3.089E-18 3.134E-18 3.247E-18 3.310E-18 3.282E-18 3.256E-18 3.422E-18 3.733E-18
 3.796E-18 3.786E-18 3.776E-18 3.866E-18 4.241E-18 4.587E-18 4.265E-18 3.896E-18 4.031E-18 4.105E-18
 3.990E-18 3.875E-18 3.889E-18 3.980E-18 3.966E-18 3.875E-18 3.882E-18 3.992E-18 4.068E-18 4.212E-18
 4.497E-18 4.673E-18 4.468E-18 4.293E-18 4.217E-18 4.159E-18 4.233E-18 4.357E-18 4.272E-18 4.014E-18
 4.226E-18 4.389E-18 4.165E-18 3.793E-18 3.536E-18 3.501E-18 3.351E-18 3.002E-18 2.733E-18 2.820E-18
 2.951E-18 2.981E-18 2.948E-18 3.057E-18 3.267E-18 3.296E-18 3.223E-18 3.376E-18 3.530E-18 3.564E-18
 3.705E-18 4.081E-18 4.272E-18 4.016E-18 3.872E-18 3.832E-18 3.851E-18 3.929E-18 4.004E-18 3.979E-18
 4.097E-18 4.465E-18 4.517E-18 4.548E-18 4.408E-18 4.462E-18 4.721E-18 5.167E-18 4.726E-18 4.564E-18
 4.633E-18 4.735E-18 5.104E-18 5.247E-18 5.269E-18 5.346E-18 5.179E-18 4.936E-18 5.105E-18 5.495E-18
 5.720E-18 5.750E-18 5.988E-18 5.943E-18 5.432E-18 5.633E-18 5.879E-18 5.534E-18 5.448E-18 5.812E-18
 6.401E-18 6.355E-18 6.588E-18 6.699E-18 6.826E-18 7.501E-18 7.615E-18 7.633E-18 7.392E-18 6.873E-18
 6.380E-18 7.243E-18 7.349E-18 7.383E-18 7.002E-18 7.404E-18 8.014E-18 8.080E-18 8.079E-18 7.943E-18
 8.361E-18 8.724E-18 8.571E-18 8.433E-18 8.759E-18 9.038E-18 8.924E-18 8.491E-18 7.451E-18 7.486E-18
 7.210E-18 6.319E-18 5.915E-18 5.777E-18 5.008E-18 5.987E-18 6.201E-18 6.392E-18 6.441E-18 6.481E-18
 6.471E-18 6.338E-18 5.570E-18 5.639E-18 5.801E-18 5.662E-18 5.461E-18 5.496E-18 5.714E-18 5.486E-18
 4.912E-18 3.579E-18 1.713E-18 8.108E-19 3.270E-19 1.900E-19 1.597E-19 1.493E-19 1.358E-19 1.379E-19
 1.872E-19 3.363E-19 5.145E-19 4.833E-19 3.043E-19 2.983E-19 4.208E-19 4.041E-19 2.521E-19 1.620E-19
 1.446E-19 1.428E-19 1.456E-19 1.876E-19 2.641E-19 3.908E-19 5.438E-19 5.510E-19 4.149E-19 4.064E-19
 4.797E-19 3.938E-19 2.633E-19 2.004E-19 1.632E-19 1.523E-19 1.644E-19 2.538E-19 3.813E-19 4.627E-19
 5.427E-19 6.090E-19 5.744E-19 5.324E-19 4.777E-19 3.315E-19 2.468E-19 2.497E-19 2.248E-19 1.820E-19
 2.098E-19 3.314E-19 4.574E-19 5.091E-19 5.635E-19 7.041E-19 7.528E-19 6.263E-19 4.532E-19 2.817E-19
 2.160E-19 2.668E-19 3.308E-19 2.974E-19 2.829E-19 3.577E-19 4.828E-19 6.045E-19 6.654E-19 8.397E-19
 8.925E-19 6.595E-19 3.947E-19 2.316E-19 1.881E-19 2.662E-19 4.272E-19 4.719E-19 3.504E-19 3.328E-19
 5.178E-19 7.228E-19 7.668E-19 9.084E-19 9.376E-19 6.373E-19 3.527E-19 2.263E-19 2.140E-19 2.932E-19
 4.592E-19 5.641E-19 4.577E-19 4.309E-19 6.831E-19 8.770E-19 9.105E-19 1.059E-18 9.764E-19 5.812E-19
 3.256E-19 2.381E-19 2.500E-19 3.182E-19 4.295E-19 6.035E-19 7.264E-19 7.099E-19 8.352E-19 9.844E-19
 1.054E-18 1.115E-18 9.154E-19 5.175E-19 3.199E-19 2.732E-19 2.959E-19 3.060E-19 3.670E-19 6.190E-19
 9.800E-19 9.850E-19 9.313E-19 1.140E-18 1.256E-18 1.182E-18 8.190E-19 4.728E-19 3.375E-19 3.121E-19
 3.211E-19 3.218E-19 4.090E-19 6.488E-19 1.044E-18 1.243E-18 1.262E-18 1.461E-18 1.482E-18 1.123E-18
 6.864E-19 4.364E-19 3.646E-19 3.608E-19 3.756E-19 3.889E-19 4.467E-19 7.136E-19 1.244E-18 1.709E-18
 1.696E-18 1.643E-18 1.478E-18 9.603E-19 6.120E-19 4.671E-19 4.340E-19 4.416E-19 4.076E-19 3.913E-19
 5.349E-19 8.658E-19 1.365E-18 2.061E-18 2.437E-18 1.934E-18 1.346E-18 8.673E-19 6.184E-19 5.285E-19
 4.911E-19 4.156E-19 3.978E-19 5.278E-19 7.145E-19 8.685E-19 1.321E-18 2.348E-18 2.817E-18 1.828E-18
 1.138E-18 8.007E-19 6.368E-19 5.165E-19 4.188E-19 4.152E-19 5.557E-19 7.020E-19 7.266E-19 8.952E-19
 1.522E-18 3.238E-18 3.142E-18 1.749E-18 1.011E-18 7.268E-19 5.544E-19 4.362E-19 4.533E-19 6.246E-19
 7.497E-19 7.035E-19 7.429E-19 1.032E-18 1.777E-18 3.112E-18 2.628E-18 1.374E-18 8.229E-19 5.842E-19
 4.851E-19 5.317E-19 6.991E-19 7.637E-19 7.181E-19 7.443E-19 8.833E-19 1.367E-18 2.719E-18 4.004E-18
 2.275E-18 1.135E-18 6.977E-19 5.783E-19 6.423E-19 7.558E-19 7.579E-19 7.413E-19 7.933E-19 8.469E-19
 1.156E-18 2.252E-18 4.065E-18 3.763E-18 1.939E-18 1.024E-18 7.380E-19 7.396E-19 7.804E-19 7.572E-19
 8.120E-19 8.683E-19 8.306E-19 1.004E-18 1.693E-18 3.506E-18 4.014E-18 3.292E-18 1.736E-18 1.070E-18
 8.824E-19 8.195E-19 8.126E-19 9.169E-19 8.767E-19 7.512E-19 8.748E-19 1.490E-18 2.598E-18 3.506E-18
 3.696E-18 2.871E-18 1.671E-18 1.149E-18 9.359E-19 9.523E-19 9.429E-19 7.511E-19 6.512E-19 8.640E-19
 1.480E-18 2.324E-18 2.949E-18 3.507E-18 3.575E-18 2.619E-18 1.637E-18 1.272E-18 1.058E-18 8.264E-19
 6.341E-19 6.123E-19 8.848E-19 1.561E-18 2.543E-18 2.570E-18 3.088E-18 3.827E-18 3.337E-18 2.371E-18
 1.635E-18 1.060E-18 7.013E-19 5.401E-19 5.871E-19 9.600E-19 1.751E-18 2.620E-18 2.401E-18 2.746E-18
 3.744E-18 3.821E-18 2.813E-18 1.732E-18 1.077E-18 6.975E-19 5.381E-19 6.709E-19 1.203E-18 2.128E-18
 2.666E-18 2.293E-18 2.542E-18 3.506E-18 3.997E-18 3.019E-18 1.682E-18 1.166E-18 8.580E-19 6.899E-19
 8.812E-19 1.583E-18 2.718E-18 2.619E-18 2.221E-18 2.348E-18 3.133E-18 3.862E-18 3.120E-18 1.703E-18
 1.265E-18 9.803E-19 9.960E-19 1.355E-18 2.100E-18 2.819E-18 2.485E-18 2.101E-18 2.205E-18 2.906E-18
 3.695E-18 3.191E-18 1.811E-18 1.395E-18 1.174E-18 1.409E-18 2.160E-18 2.780E-18 2.773E-18 2.287E-18
 1.951E-18 1.952E-18 2.521E-18 3.495E-18 3.283E-18 2.266E-18 1.475E-18 1.500E-18 2.086E-18 2.634E-18
 2.913E-18 2.608E-18 2.086E-18 1.579E-18 1.470E-18 1.860E-18 3.404E-18 3.297E-18 2.382E-18 1.712E-18
 2.158E-18 2.619E-18 2.939E-18 2.861E-18 2.338E-18 1.838E-18 1.396E-18 1.376E-18 1.913E-18 3.562E-18
 3.407E-18 2.603E-18 2.392E-18 2.652E-18 2.982E-18 3.097E-18 2.664E-18 1.964E-18 1.450E-18 1.338E-18
 1.460E-18 2.631E-18 3.660E-18 3.315E-18 2.752E-18 2.818E-18 3.038E-18 3.183E-18 2.883E-18 2.173E-18
 1.554E-18 1.357E-18 1.246E-18 1.497E-18 2.318E-18 3.810E-18 3.444E-18 3.174E-18 3.164E-18 3.262E-18
 3.050E-18 2.344E-18 1.838E-18 1.460E-18 1.288E-18 1.197E-18 1.590E-18 3.380E-18 4.294E-18 4.044E-18
 3.432E-18 3.210E-18 3.099E-18 2.617E-18 2.078E-18 1.586E-18 1.355E-18 1.119E-18 1.163E-18 1.975E-18
 4.184E-18 4.381E-18 3.706E-18 3.433E-18 3.360E-18 2.774E-18 2.149E-18 1.822E-18 1.419E-18 1.141E-18
 1.092E-18 1.661E-18 3.698E-18 4.713E-18 3.955E-18 3.422E-18 3.285E-18 2.864E-18 2.257E-18 1.604E-18
 1.416E-18 1.268E-18 1.287E-18 1.667E-18 3.163E-18 4.362E-18 4.033E-18 3.525E-18 3.349E-18 2.794E-18
 2.181E-18 1.879E-18 1.746E-18 1.506E-18 1.508E-18 2.026E-18 2.988E-18 4.170E-18 4.588E-18 3.886E-18
 3.551E-18 2.846E-18 2.179E-18 1.666E-18 1.893E-18 1.902E-18 1.952E-18 2.155E-18 2.684E-18 3.721E-18
 4.411E-18 4.013E-18 3.389E-18 2.642E-18 2.155E-18 2.042E-18 2.041E-18 1.996E-18 1.997E-18 2.134E-18
 2.498E-18 3.406E-18 4.503E-18 4.312E-18 3.414E-18 2.564E-18 2.117E-18 2.068E-18 2.088E-18 2.059E-18
 2.094E-18 2.089E-18 2.143E-18 2.992E-18 4.519E-18 4.639E-18 3.562E-18 2.769E-18 2.354E-18 2.209E-18
 2.184E-18 2.138E-18 2.090E-18 1.873E-18 1.608E-18 2.834E-18 4.330E-18 4.298E-18 3.286E-18 2.798E-18
 2.566E-18 2.465E-18 2.347E-18 2.209E-18 1.711E-18 1.430E-18 1.452E-18 2.116E-18 4.181E-18 4.140E-18
 3.142E-18 2.662E-18 2.500E-18 2.466E-18 2.398E-18 2.195E-18 1.586E-18 1.360E-18 1.591E-18 2.585E-18
 4.720E-18 4.058E-18 3.081E-18 2.603E-18 2.477E-18 2.440E-18 2.225E-18 1.611E-18 1.425E-18 1.533E-18
 2.618E-18 4.114E-18 4.561E-18 3.566E-18 2.718E-18 2.458E-18 2.425E-18 2.352E-18 1.984E-18 1.435E-18
 1.387E-18 1.745E-18 3.088E-18 4.227E-18 4.237E-18 3.308E-18 2.689E-18 2.489E-18 2.332E-18 2.033E-18
 1.745E-18 1.466E-18 1.647E-18 2.470E-18 3.229E-18 3.956E-18 3.762E-18 3.003E-18 2.712E-18 2.545E-18
 2.218E-18 1.930E-18 1.807E-18 1.879E-18 2.149E-18 2.550E-18 3.292E-18 3.878E-18 3.349E-18 2.817E-18
 2.528E-18 2.245E-18 2.139E-18 2.124E-18 2.125E-18 2.123E-18 2.195E-18 2.649E-18 3.606E-18 3.681E-18
 3.000E-18 2.540E-18 2.192E-18 1.976E-18 1.921E-18 1.741E-18 2.183E-18 2.200E-18 2.405E-18 3.327E-18
 3.985E-18 3.383E-18 2.641E-18 2.120E-18 1.502E-18 1.494E-18 1.689E-18 2.204E-18 1.922E-18 1.838E-18
 2.752E-18 3.810E-18 3.682E-18 2.913E-18 2.308E-18 1.538E-18 1.434E-18 1.568E-18 1.790E-18 2.028E-18
 2.043E-18 2.679E-18 3.708E-18 3.668E-18 2.799E-18 1.979E-18 1.710E-18 1.714E-18 1.861E-18 1.903E-18
 1.604E-18 1.637E-18 2.490E-18 3.505E-18 3.625E-18 2.771E-18 1.981E-18 1.574E-18 1.493E-18 1.757E-18
 2.075E-18 2.034E-18 2.105E-18 2.389E-18 3.093E-18 3.362E-18 2.625E-18 2.018E-18 1.609E-18 1.686E-18
 1.848E-18 1.996E-18 1.713E-18 1.879E-18 1.980E-18 2.939E-18 3.409E-18 2.754E-18 2.109E-18 1.719E-18
 1.750E-18 1.788E-18 1.805E-18 1.565E-18 1.426E-18 1.674E-18 2.343E-18 3.189E-18 2.562E-18 2.006E-18
 2.049E-18 2.277E-18 2.084E-18 1.737E-18 1.290E-18 1.166E-18 1.497E-18 2.216E-18 3.058E-18 2.449E-18
 2.161E-18 2.186E-18 2.082E-18 1.627E-18 1.379E-18 1.245E-18 1.348E-18 1.784E-18 2.906E-18 2.905E-18
 2.346E-18 2.144E-18 1.778E-18 1.579E-18 1.258E-18 1.042E-18 1.006E-18 1.195E-18 1.765E-18 2.668E-18
 3.028E-18 2.443E-18 2.115E-18 1.544E-18 1.178E-18 9.873E-19 9.132E-19 9.752E-19 1.287E-18 2.024E-18
 3.161E-18 2.855E-18 2.189E-18 1.720E-18 1.341E-18 1.165E-18 1.057E-18 9.740E-19 1.031E-18 1.488E-18
 2.391E-18 2.845E-18 2.305E-18 1.606E-18 1.179E-18 1.009E-18 1.009E-18 1.008E-18 1.029E-18 1.272E-18
 1.960E-18 3.175E-18 2.812E-18 1.728E-18 1.193E-18 9.425E-19 9.408E-19 9.608E-19 8.946E-19 9.891E-19
 1.513E-18 2.468E-18 2.987E-18 1.980E-18 1.416E-18 1.107E-18 1.039E-18 9.896E-19 8.436E-19 8.643E-19
 1.270E-18 2.134E-18 2.528E-18 2.006E-18 1.438E-18 1.121E-18 9.927E-19 9.617E-19 8.956E-19 9.828E-19
 1.381E-18 2.081E-18 2.368E-18 1.876E-18 1.333E-18 1.020E-18 8.395E-19 7.972E-19 8.097E-19 9.465E-19
 1.317E-18 1.966E-18 2.284E-18 1.957E-18 1.485E-18 1.207E-18 9.938E-19 8.492E-19 8.193E-19 8.961E-19
 1.200E-18 1.744E-18 2.081E-18 1.738E-18 1.271E-18 1.024E-18 9.210E-19 9.264E-19 9.382E-19 1.012E-18
 1.315E-18 1.659E-18 1.830E-18 1.543E-18 1.137E-18 9.411E-19 8.390E-19 8.310E-19 9.060E-19 1.012E-18
 1.143E-18 1.384E-18 1.663E-18 1.496E-18 1.193E-18 1.013E-18 8.716E-19 8.376E-19 9.404E-19 1.035E-18
 1.129E-18 1.384E-18 1.578E-18 1.361E-18 1.074E-18 8.514E-19 7.537E-19 8.610E-19 1.028E-18 1.043E-18
 1.179E-18 1.533E-18 1.639E-18 1.311E-18 9.247E-19 6.844E-19 6.849E-19 8.590E-19 9.420E-19 9.179E-19
 1.093E-18 1.464E-18 1.519E-18 1.198E-18 9.012E-19 7.799E-19 8.257E-19 8.736E-19 7.829E-19 7.991E-19
 1.104E-18 1.399E-18 1.256E-18 9.767E-19 7.927E-19 7.556E-19 8.379E-19 8.306E-19 7.980E-19 9.693E-19
 1.314E-18 1.348E-18 1.077E-18 9.034E-19 8.167E-19 7.778E-19 7.757E-19 7.981E-19 8.542E-19 1.079E-18
 1.315E-18 1.224E-18 1.055E-18 9.416E-19 8.490E-19 8.114E-19 8.077E-19 8.345E-19 1.037E-18 1.330E-18
 1.344E-18 1.204E-18 1.078E-18 8.948E-19 7.700E-19 7.576E-19 8.048E-19 9.933E-19 1.288E-18 1.399E-18
 1.303E-18 1.148E-18 8.993E-19 6.950E-19 6.156E-19 6.396E-19 8.078E-19 1.122E-18 1.282E-18 1.204E-18
 1.083E-18 8.729E-19 6.676E-19 6.246E-19 6.962E-19 8.379E-19 1.107E-18 1.336E-18 1.308E-18 1.165E-18
 9.603E-19 7.755E-19 7.058E-19 7.635E-19 9.349E-19 1.239E-18 1.513E-18 1.465E-18 1.285E-18 1.133E-18
 9.840E-19 9.135E-19 9.987E-19 1.193E-18 1.528E-18 1.867E-18 1.854E-18 1.719E-18 1.590E-18 1.416E-18
 1.293E-18 1.264E-18 1.351E-18 1.599E-18 1.766E-18 1.646E-18 1.487E-18 1.344E-18 1.219E-18 1.216E-18
 1.326E-18 1.517E-18 1.722E-18 1.569E-18 1.248E-18 1.043E-18 9.049E-19 8.119E-19 8.261E-19 9.271E-19
 1.075E-18 1.214E-18 1.193E-18 1.094E-18 1.026E-18 9.471E-19 8.832E-19 9.408E-19 1.098E-18 1.272E-18
 1.388E-18 1.380E-18 1.377E-18 1.355E-18 1.272E-18 1.258E-18 1.394E-18 1.528E-18 1.677E-18 1.800E-18
 1.797E-18 1.825E-18 1.872E-18 1.859E-18 1.937E-18 2.137E-18 2.328E-18 2.532E-18 2.569E-18 2.396E-18
 1.937E-18 1.379E-18 1.004E-18 8.505E-19 8.269E-19 8.310E-19 7.360E-19 6.082E-19 5.498E-19 5.212E-19
 4.635E-19 4.102E-19 4.497E-19 5.383E-19 5.435E-19 4.745E-19 4.413E-19 4.305E-19 4.102E-19 3.891E-19
 4.201E-19 4.923E-19 5.240E-19 4.768E-19 4.257E-19 3.861E-19 3.275E-19 2.675E-19 2.647E-19 3.166E-19
 3.524E-19 3.185E-19 2.803E-19 2.696E-19 2.416E-19 1.964E-19 1.915E-19 2.433E-19 2.927E-19 2.860E-19
 2.576E-19 2.423E-19 2.064E-19 1.564E-19 1.471E-19 2.121E-19 2.764E-19 2.692E-19 2.359E-19 2.071E-19
 1.695E-19 1.228E-19 1.065E-19 1.766E-19 2.647E-19 2.625E-19 2.116E-19 1.750E-19 1.523E-19 1.318E-19
 1.362E-19 1.954E-19 2.505E-19 2.323E-19 1.840E-19 1.562E-19 1.232E-19 9.510E-20 1.150E-19 1.910E-19
 2.323E-19 2.013E-19 1.569E-19 1.321E-19 1.242E-19 1.220E-19 1.378E-19 1.815E-19 1.942E-19 1.745E-19
 1.546E-19 1.216E-19 8.990E-20 9.599E-20 1.433E-19 1.773E-19 1.607E-19 1.351E-19 1.272E-19 1.281E-19
 1.316E-19 1.335E-19 1.511E-19 1.658E-19 1.469E-19 1.205E-19 9.851E-20 8.749E-20 9.344E-20 1.244E-19
 1.502E-19 1.349E-19 1.073E-19 1.088E-19 1.327E-19 1.456E-19 1.302E-19 1.360E-19 1.476E-19 1.299E-19
 1.004E-19 7.902E-20 7.638E-20 8.771E-20 1.210E-19 1.328E-19 1.035E-19 8.622E-20 9.940E-20 1.261E-19
 1.442E-19 1.366E-19 1.267E-19 1.198E-19 1.065E-19 8.711E-20 6.878E-20 6.583E-20 8.762E-20 1.217E-19
 1.217E-19 9.611E-20 8.167E-20 8.999E-20 1.245E-19 1.622E-19 1.609E-19 1.277E-19 1.093E-19 9.483E-20
 7.151E-20 6.277E-20 7.320E-20 9.711E-20 1.127E-19 9.994E-20 7.581E-20 6.373E-20 8.217E-20 1.339E-19
 1.859E-19 1.695E-19 1.154E-19 9.226E-20 7.854E-20 6.019E-20 6.342E-20 7.898E-20 8.238E-20 8.401E-20
 8.372E-20 7.050E-20 6.785E-20 1.004E-19 1.561E-19 1.895E-19 1.649E-19 1.105E-19 8.572E-20 7.137E-20
 6.523E-20 6.932E-20 6.814E-20 6.545E-20 7.254E-20 7.985E-20 8.066E-20 8.771E-20 1.140E-19 1.533E-19
 1.896E-19 1.808E-19 1.281E-19 9.755E-20 7.517E-20 5.585E-20 5.240E-20 5.227E-20 5.871E-20 7.460E-20
 9.063E-20 9.041E-20 8.680E-20 1.039E-19 1.448E-19 1.928E-19 2.000E-19 1.439E-19 9.141E-20 5.971E-20
 4.473E-20 4.575E-20 5.376E-20 6.605E-20 7.706E-20 8.857E-20 9.252E-20 9.117E-20 1.075E-19 1.500E-19
 2.020E-19 2.168E-19 1.544E-19 8.223E-20 4.675E-20 4.185E-20 4.749E-20 5.262E-20 5.970E-20 7.180E-20
 9.038E-20 1.048E-19 1.060E-19 1.167E-19 1.565E-19 2.124E-19 2.396E-19 1.835E-19 9.517E-20 4.933E-20
 4.244E-20 4.736E-20 5.600E-20 6.861E-20 8.332E-20 1.004E-19 1.131E-19 1.151E-19 1.216E-19 1.589E-19
 2.170E-19 2.546E-19 2.010E-19 9.774E-20 5.064E-20 4.993E-20 5.438E-20 6.160E-20 7.584E-20 9.194E-20
 1.075E-19 1.212E-19 1.263E-19 1.286E-19 1.585E-19 2.197E-19 2.692E-19 2.251E-19 1.067E-19 4.758E-20
 4.760E-20 5.626E-20 6.232E-20 7.477E-20 9.280E-20 1.123E-19 1.289E-19 1.369E-19 1.366E-19 1.606E-19
 2.238E-19 2.828E-19 2.535E-19 1.289E-19 5.090E-20 4.510E-20 5.690E-20 7.116E-20 8.504E-20 1.002E-19
 1.176E-19 1.321E-19 1.424E-19 1.443E-19 1.629E-19 2.220E-19 2.849E-19 2.711E-19 1.487E-19 5.912E-20
 5.254E-20 6.886E-20 8.018E-20 8.946E-20 1.040E-19 1.217E-19 1.365E-19 1.457E-19 1.541E-19 1.717E-19
 2.250E-19 2.871E-19 2.875E-19 1.769E-19 7.351E-20 5.508E-20 7.119E-20 8.531E-20 9.540E-20 1.088E-19
 1.253E-19 1.422E-19 1.529E-19 1.641E-19 1.781E-19 2.229E-19 2.848E-19 2.998E-19 2.140E-19 1.018E-19
 6.474E-20 7.352E-20 9.124E-20 1.031E-19 1.106E-19 1.239E-19 1.451E-19 1.612E-19 1.731E-19 1.860E-19
 2.183E-19 2.728E-19 2.948E-19 2.357E-19 1.281E-19 7.459E-20 7.839E-20 9.541E-20 1.111E-19 1.232E-19
 1.329E-19 1.496E-19 1.677E-19 1.794E-19 1.935E-19 2.206E-19 2.710E-19 3.002E-19 2.619E-19 1.613E-19
 9.010E-20 8.149E-20 9.353E-20 1.108E-19 1.231E-19 1.283E-19 1.431E-19 1.665E-19 1.828E-19 2.012E-19
 2.207E-19 2.567E-19 2.881E-19 2.740E-19 2.004E-19 1.189E-19 9.436E-20 1.011E-19 1.154E-19 1.295E-19
 1.376E-19 1.460E-19 1.661E-19 1.845E-19 2.057E-19 2.252E-19 2.505E-19 2.792E-19 2.818E-19 2.277E-19
 1.366E-19 9.280E-20 9.470E-20 1.117E-19 1.286E-19 1.345E-19 1.409E-19 1.613E-19 1.851E-19 2.084E-19
 2.285E-19 2.429E-19 2.676E-19 2.859E-19 2.613E-19 1.793E-19 1.144E-19 1.020E-19 1.139E-19 1.309E-19
 1.396E-19 1.493E-19 1.679E-19 1.898E-19 2.117E-19 2.337E-19 2.427E-19 2.543E-19 2.771E-19 2.784E-19
 2.167E-19 1.372E-19 1.076E-19 1.163E-19 1.353E-19 1.451E-19 1.528E-19 1.723E-19 1.969E-19 2.197E-19
 2.398E-19 2.463E-19 2.457E-19 2.656E-19 2.844E-19 2.482E-19 1.667E-19 1.188E-19 1.170E-19 1.317E-19
 1.435E-19 1.537E-19 1.730E-19 1.960E-19 2.161E-19 2.370E-19 2.499E-19 2.418E-19 2.520E-19 2.780E-19
 2.677E-19 2.027E-19 1.392E-19 1.202E-19 1.275E-19 1.409E-19 1.507E-19 1.694E-19 1.955E-19 2.147E-19
 2.262E-19 2.377E-19 2.306E-19 2.341E-19 2.648E-19 2.795E-19 2.335E-19 1.614E-19 1.288E-19 1.285E-19
 1.374E-19 1.472E-19 1.658E-19 1.914E-19 2.159E-19 2.305E-19 2.442E-19 2.385E-19 2.306E-19 2.561E-19
 2.826E-19 2.621E-19 1.902E-19 1.406E-19 1.303E-19 1.371E-19 1.511E-19 1.677E-19 1.868E-19 2.122E-19
 2.321E-19 2.399E-19 2.368E-19 2.274E-19 2.434E-19 2.727E-19 2.763E-19 2.230E-19 1.617E-19 1.372E-19
 1.333E-19 1.456E-19 1.623E-19 1.779E-19 1.989E-19 2.236E-19 2.323E-19 2.317E-19 2.256E-19 2.346E-19
 2.659E-19 2.876E-19 2.560E-19 1.876E-19 1.483E-19 1.342E-19 1.388E-19 1.559E-19 1.699E-19 1.871E-19
 2.167E-19 2.283E-19 2.178E-19 2.152E-19 2.240E-19 2.439E-19 2.689E-19 2.682E-19 2.104E-19 1.553E-19
 1.318E-19 1.305E-19 1.504E-19 1.630E-19 1.766E-19 2.061E-19 2.290E-19 2.180E-19 2.119E-19 2.198E-19
 2.351E-19 2.627E-19 2.812E-19 2.412E-19 1.742E-19 1.430E-19 1.329E-19 1.463E-19 1.598E-19 1.696E-19
 1.959E-19 2.213E-19 2.145E-19 2.020E-19 2.077E-19 2.191E-19 2.404E-19 2.655E-19 2.590E-19 1.999E-19
 1.543E-19 1.340E-19 1.362E-19 1.524E-19 1.618E-19 1.786E-19 2.027E-19 2.076E-19 1.971E-19 2.055E-19
 2.195E-19 2.327E-19 2.533E-19 2.656E-19 2.256E-19 1.683E-19 1.412E-19 1.323E-19 1.448E-19 1.589E-19
 1.697E-19 1.857E-19 1.931E-19 1.837E-19 1.897E-19 2.104E-19 2.232E-19 2.369E-19 2.595E-19 2.506E-19
 1.929E-19 1.540E-19 1.408E-19 1.410E-19 1.557E-19 1.686E-19 1.853E-19 1.951E-19 1.840E-19 1.797E-19
 2.044E-19 2.243E-19 2.271E-19 2.393E-19 2.492E-19 2.156E-19 1.666E-19 1.472E-19 1.378E-19 1.438E-19
 1.572E-19 1.699E-19 1.800E-19 1.745E-19 1.660E-19 1.828E-19 2.112E-19 2.168E-19 2.296E-19 2.554E-19
 2.450E-19 1.902E-19 1.533E-19 1.428E-19 1.410E-19 1.587E-19 1.678E-19 1.713E-19 1.704E-19 1.615E-19
 1.673E-19 1.962E-19 2.148E-19 2.201E-19 2.394E-19 2.507E-19 2.124E-19 1.611E-19 1.442E-19 1.350E-19
 1.425E-19 1.579E-19 1.593E-19 1.587E-19 1.560E-19 1.575E-19 1.753E-19 2.010E-19 2.119E-19 2.243E-19
 2.389E-19 2.286E-19 1.820E-19 1.500E-19 1.428E-19 1.406E-19 1.538E-19 1.591E-19 1.544E-19 1.508E-19
 1.506E-19 1.576E-19 1.797E-19 2.004E-19 2.117E-19 2.255E-19 2.288E-19 2.025E-19 1.604E-19 1.426E-19
 1.383E-19 1.454E-19 1.561E-19 1.520E-19 1.458E-19 1.459E-19 1.514E-19 1.638E-19 1.826E-19 1.985E-19
 2.171E-19 2.303E-19 2.188E-19 1.772E-19 1.421E-19 1.368E-19 1.410E-19 1.528E-19 1.553E-19 1.425E-19
 1.363E-19 1.402E-19 1.513E-19 1.685E-19 1.838E-19 2.004E-19 2.203E-19 2.204E-19 1.972E-19 1.608E-19
 1.399E-19 1.400E-19 1.446E-19 1.480E-19 1.373E-19 1.268E-19 1.335E-19 1.469E-19 1.557E-19 1.671E-19
 1.827E-19 2.001E-19 2.107E-19 2.021E-19 1.774E-19 1.462E-19 1.364E-19 1.367E-19 1.384E-19 1.358E-19
 1.243E-19 1.234E-19 1.355E-19 1.436E-19 1.498E-19 1.670E-19 1.898E-19 2.068E-19 2.089E-19 1.955E-19
 1.641E-19 1.344E-19 1.272E-19 1.326E-19 1.363E-19 1.226E-19 1.135E-19 1.258E-19 1.380E-19 1.368E-19
 1.463E-19 1.676E-19 1.821E-19 1.880E-19 1.871E-19 1.750E-19 1.456E-19 1.253E-19 1.235E-19 1.297E-19
 1.258E-19 1.115E-19 1.121E-19 1.260E-19 1.348E-19 1.367E-19 1.479E-19 1.649E-19 1.758E-19 1.784E-19
 1.782E-19 1.639E-19 1.342E-19 1.179E-19 1.161E-19 1.195E-19 1.099E-19 1.018E-19 1.132E-19 1.273E-19
 1.273E-19 1.309E-19 1.493E-19 1.668E-19 1.758E-19 1.776E-19 1.757E-19 1.516E-19 1.223E-19 1.130E-19
 1.131E-19 1.142E-19 1.076E-19 1.072E-19 1.173E-19 1.220E-19 1.218E-19 1.309E-19 1.480E-19 1.627E-19
 1.678E-19 1.699E-19 1.660E-19 1.399E-19 1.154E-19 1.065E-19 1.074E-19 1.062E-19 9.868E-20 1.012E-19
 1.113E-19 1.156E-19 1.192E-19 1.309E-19 1.471E-19 1.543E-19 1.523E-19 1.552E-19 1.503E-19 1.271E-19
 1.071E-19 9.845E-20 9.773E-20 9.908E-20 9.992E-20 1.081E-19 1.132E-19 1.112E-19 1.150E-19 1.296E-19
 1.449E-19 1.500E-19 1.489E-19 1.484E-19 1.383E-19 1.150E-19 9.722E-20 8.922E-20 9.131E-20 9.811E-20
 1.007E-19 1.012E-19 9.875E-20 1.013E-19 1.135E-19 1.308E-19 1.374E-19 1.364E-19 1.370E-19 1.392E-19
 1.303E-19 1.102E-19 9.023E-20 8.164E-20 8.840E-20 9.640E-20 9.912E-20 9.933E-20 9.821E-20 1.006E-19
 1.138E-19 1.269E-19 1.285E-19 1.270E-19 1.280E-19 1.269E-19 1.158E-19 9.870E-20 8.180E-20 7.943E-20
 8.946E-20 9.285E-20 9.151E-20 9.007E-20 9.193E-20 9.836E-20 1.127E-19 1.213E-19 1.216E-19 1.216E-19
 1.248E-19 1.245E-19 1.133E-19 9.591E-20 8.058E-20 8.285E-20 8.808E-20 8.537E-20 8.534E-20 9.104E-20
 9.354E-20 9.890E-20 1.120E-19 1.154E-19 1.161E-19 1.178E-19 1.196E-19 1.166E-19 1.031E-19 8.480E-20
 7.475E-20 8.005E-20 8.134E-20 7.630E-20 7.741E-20 8.417E-20 8.952E-20 9.858E-20 1.053E-19 1.062E-19
 1.095E-19 1.112E-19 1.103E-19 1.022E-19 8.732E-20 7.321E-20 7.010E-20 7.443E-20 7.406E-20 7.328E-20
 8.098E-20 8.794E-20 8.999E-20 9.648E-20 1.013E-19 1.005E-19 1.002E-19 1.017E-19 1.038E-19 9.628E-20
 8.176E-20 7.044E-20 6.844E-20 7.185E-20 7.185E-20 6.578E-20 7.328E-20 8.149E-20 8.354E-20 8.549E-20
 8.838E-20 9.045E-20 9.341E-20 9.769E-20 9.671E-20 8.709E-20 7.600E-20 6.922E-20 7.116E-20 7.106E-20
 6.679E-20 6.712E-20 7.362E-20 7.929E-20 7.891E-20 7.830E-20 8.047E-20 8.288E-20 8.805E-20 9.198E-20
 8.940E-20 8.296E-20 7.375E-20 6.807E-20 6.959E-20 6.739E-20 6.449E-20 6.712E-20 7.408E-20 7.905E-20
 7.619E-20 7.433E-20 7.689E-20 8.057E-20 8.415E-20 8.535E-20 8.134E-20 7.383E-20 6.387E-20 5.926E-20
 6.089E-20 5.731E-20 5.631E-20 6.096E-20 6.722E-20 6.909E-20 6.751E-20 7.225E-20 7.553E-20 7.758E-20
 7.957E-20 7.850E-20 7.229E-20 6.650E-20 5.890E-20 5.422E-20 5.655E-20 5.625E-20 5.362E-20 5.714E-20
 6.246E-20 6.341E-20 6.396E-20 6.855E-20 7.042E-20 7.451E-20 7.663E-20 7.105E-20 6.580E-20 6.340E-20
 5.793E-20 5.207E-20 5.388E-20 5.382E-20 5.190E-20 5.752E-20 6.368E-20 6.184E-20 6.125E-20 6.668E-20
 6.958E-20 6.941E-20 7.005E-20 7.007E-20 6.542E-20 5.810E-20 4.845E-20 4.229E-20 4.539E-20 4.786E-20
 5.051E-20 5.274E-20 5.302E-20 5.425E-20 5.640E-20 6.405E-20 6.785E-20 6.490E-20 6.179E-20 6.009E-20
 5.795E-20 5.518E-20 4.950E-20 4.558E-20 4.785E-20 4.787E-20 4.635E-20 4.757E-20 4.766E-20 4.587E-20
 5.031E-20 5.858E-20 5.872E-20 5.638E-20 5.763E-20 5.640E-20 5.432E-20 5.367E-20 4.831E-20 4.225E-20
 4.225E-20 4.863E-20 4.546E-20 4.299E-20 4.592E-20 4.762E-20 4.961E-20 5.438E-20 5.477E-20 5.289E-20
 5.284E-20 5.345E-20 4.915E-20 4.536E-20 4.155E-20 3.778E-20 4.099E-20 4.474E-20 4.471E-20 4.213E-20
 4.213E-20 4.213E-20 4.316E-20 4.846E-20 5.284E-20 5.240E-20 4.858E-20 4.594E-20 4.553E-20 4.737E-20
 4.684E-20 4.443E-20 4.405E-20 4.137E-20 4.084E-20 4.222E-20 4.173E-20 4.263E-20 4.511E-20 4.472E-20
 4.394E-20 4.526E-20 4.640E-20 4.474E-20 4.260E-20 4.062E-20 3.682E-20 3.499E-20 3.413E-20 3.413E-20
 3.415E-20 3.713E-20 3.578E-20 3.591E-20 3.827E-20 4.012E-20 4.230E-20 4.455E-20 4.563E-20 3.878E-20
 3.393E-20 3.529E-20 3.476E-20 3.205E-20 3.339E-20 3.558E-20 3.458E-20 3.478E-20 3.490E-20 3.357E-20
 3.712E-20 4.110E-20 4.022E-20 3.958E-20 3.696E-20 3.235E-20 2.979E-20 3.289E-20 3.520E-20 3.172E-20
 2.964E-20 2.960E-20 2.807E-20 3.150E-20 3.567E-20 3.502E-20 3.482E-20 3.419E-20 3.438E-20 3.592E-20
 3.808E-20 3.855E-20 3.418E-20 3.393E-20 3.458E-20 3.048E-20 2.758E-20 2.875E-20 2.973E-20 2.894E-20
 2.914E-20 2.981E-20 3.200E-20 3.453E-20 3.504E-20 3.150E-20 3.150E-20 2.567E-20 2.454E-20 2.673E-20
 3.309E-20 3.370E-20 2.818E-20 2.528E-20 2.411E-20 2.558E-20 0.000E+00 0.000E+00 0.000E+00 0.000E+00
