     CClF3 1065.0080 1139.9960      5056  213.0000    0.0000 9.673E-18  NCAR    CFC-13
 7.442E-21 1.052E-20 1.065E-20 6.782E-21 4.425E-21 6.120E-21 6.823E-21 4.799E-21 5.289E-21 6.523E-21
 1.157E-20 2.145E-20 2.482E-20 1.681E-20 9.273E-21 9.663E-21 1.499E-20 1.328E-20 1.069E-20 1.189E-20
 1.386E-20 1.122E-20 6.115E-21 2.371E-21 2.367E-21 1.443E-21 0.000E+00 0.000E+00 5.168E-22 6.460E-21
 1.636E-20 1.985E-20 1.494E-20 1.427E-20 1.810E-20 2.071E-20 1.677E-20 1.394E-20 1.355E-20 1.475E-20
 1.273E-20 9.328E-21 5.298E-21 3.603E-21 2.304E-21 6.022E-22 0.000E+00 0.000E+00 4.680E-21 1.816E-20
 2.284E-20 1.518E-20 1.367E-20 1.723E-20 1.554E-20 1.271E-20 1.336E-20 1.489E-20 1.310E-20 9.870E-21
 8.076E-21 5.581E-21 4.217E-21 4.502E-21 4.495E-21 3.637E-21 6.300E-21 1.461E-20 2.459E-20 2.674E-20
 2.153E-20 1.939E-20 1.474E-20 1.029E-20 9.797E-21 1.233E-20 1.137E-20 7.760E-21 5.676E-21 5.688E-21
 3.962E-21 1.979E-21 1.576E-21 6.799E-22 0.000E+00 1.484E-21 1.290E-20 2.543E-20 2.422E-20 2.177E-20
 2.019E-20 1.570E-20 1.531E-20 1.635E-20 1.717E-20 1.324E-20 8.909E-21 6.813E-21 4.940E-21 1.858E-21
 0.000E+00 0.000E+00 0.000E+00 1.553E-21 8.870E-21 2.333E-20 3.052E-20 2.590E-20 1.886E-20 1.275E-20
 1.197E-20 1.531E-20 1.789E-20 1.548E-20 1.014E-20 7.447E-21 7.301E-21 6.528E-21 7.035E-21 6.459E-21
 3.769E-21 3.938E-21 9.129E-21 2.077E-20 3.432E-20 3.651E-20 2.775E-20 1.823E-20 1.661E-20 2.012E-20
 2.004E-20 1.427E-20 8.304E-21 6.142E-21 4.178E-21 9.859E-22 0.000E+00 2.690E-22 2.855E-21 2.419E-21
 4.362E-21 1.454E-20 3.155E-20 4.108E-20 3.539E-20 2.709E-20 2.246E-20 2.021E-20 1.720E-20 1.407E-20
 1.250E-20 9.796E-21 6.135E-21 2.525E-21 9.290E-22 0.000E+00 1.499E-22 6.939E-22 1.088E-21 6.622E-21
 2.340E-20 4.174E-20 3.889E-20 2.705E-20 2.087E-20 1.894E-20 1.927E-20 1.717E-20 1.335E-20 1.074E-20
 7.730E-21 6.178E-21 6.518E-21 5.239E-21 3.905E-21 1.928E-21 1.889E-21 7.173E-21 2.327E-20 4.161E-20
 4.044E-20 2.835E-20 2.309E-20 2.062E-20 1.749E-20 1.238E-20 7.296E-21 5.375E-21 6.256E-21 8.765E-21
 8.113E-21 6.076E-21 4.357E-21 3.444E-21 3.470E-21 7.613E-21 2.287E-20 4.234E-20 4.454E-20 3.263E-20
 2.646E-20 2.476E-20 2.261E-20 1.781E-20 1.583E-20 1.368E-20 9.985E-21 7.289E-21 4.261E-21 1.360E-21
 0.000E+00 0.000E+00 1.491E-21 6.840E-21 2.086E-20 3.846E-20 3.846E-20 3.307E-20 2.596E-20 2.512E-20
 2.140E-20 1.919E-20 1.879E-20 1.444E-20 8.265E-21 5.483E-21 4.429E-21 3.948E-21 4.282E-21 5.789E-21
 8.712E-21 1.469E-20 2.585E-20 3.938E-20 4.493E-20 3.812E-20 3.279E-20 2.798E-20 2.049E-20 1.443E-20
 8.839E-21 7.022E-21 7.197E-21 4.679E-21 3.805E-21 3.771E-21 3.595E-21 4.435E-21 7.457E-21 1.664E-20
 2.726E-20 3.974E-20 4.902E-20 4.353E-20 3.483E-20 2.898E-20 2.298E-20 1.725E-20 1.394E-20 1.230E-20
 8.474E-21 4.903E-21 2.660E-21 1.394E-21 4.684E-22 3.680E-21 9.510E-21 1.605E-20 2.346E-20 3.838E-20
 3.838E-20 3.959E-20 2.826E-20 2.109E-20 1.667E-20 1.219E-20 1.011E-20 9.053E-21 7.179E-21 7.352E-21
 6.805E-21 6.084E-21 5.913E-21 1.117E-20 1.618E-20 1.766E-20 2.500E-20 4.464E-20 5.493E-20 4.220E-20
 2.724E-20 1.974E-20 1.456E-20 1.055E-20 6.132E-21 3.182E-21 4.125E-21 5.454E-21 3.483E-21 4.493E-21
 8.461E-21 1.459E-20 1.670E-20 1.632E-20 3.019E-20 5.189E-20 5.376E-20 3.830E-20 2.611E-20 1.936E-20
 1.489E-20 9.593E-21 6.314E-21 4.901E-21 5.798E-21 6.589E-21 7.988E-21 1.078E-20 1.420E-20 1.708E-20
 1.400E-20 1.732E-20 3.388E-20 5.247E-20 4.827E-20 2.985E-20 1.967E-20 1.604E-20 1.337E-20 1.016E-20
 9.213E-21 8.998E-21 1.025E-20 8.778E-21 8.299E-21 1.361E-20 2.103E-20 1.880E-20 1.518E-20 2.324E-20
 4.497E-20 5.500E-20 3.981E-20 2.323E-20 1.480E-20 1.077E-20 6.792E-21 2.851E-21 9.321E-22 6.643E-22
 3.187E-21 9.902E-21 1.642E-20 2.054E-20 1.712E-20 9.261E-21 1.406E-20 3.343E-20 5.196E-20 4.923E-20
 3.341E-20 2.216E-20 1.619E-20 1.310E-20 9.533E-21 6.880E-21 6.717E-21 6.717E-21 1.062E-20 1.606E-20
 2.188E-20 1.865E-20 1.197E-20 1.140E-20 2.342E-20 4.247E-20 4.764E-20 3.161E-20 1.881E-20 1.554E-20
 1.295E-20 8.571E-21 5.093E-21 6.391E-21 8.402E-21 1.001E-20 1.585E-20 2.033E-20 1.767E-20 1.362E-20
 1.203E-20 1.859E-20 3.541E-20 5.126E-20 4.402E-20 2.765E-20 1.814E-20 1.202E-20 1.108E-20 1.201E-20
 1.303E-20 1.055E-20 7.564E-21 9.836E-21 1.477E-20 1.031E-20 7.082E-21 1.059E-20 1.537E-20 2.632E-20
 4.502E-20 4.804E-20 3.278E-20 2.080E-20 1.456E-20 1.190E-20 1.143E-20 1.141E-20 9.389E-21 1.182E-20
 1.739E-20 1.754E-20 1.354E-20 9.515E-21 7.755E-21 1.173E-20 1.975E-20 3.677E-20 4.729E-20 3.585E-20
 2.286E-20 1.558E-20 1.135E-20 9.653E-21 8.045E-21 7.474E-21 7.474E-21 1.344E-20 1.235E-20 9.256E-21
 7.231E-21 8.121E-21 1.016E-20 1.584E-20 3.384E-20 4.778E-20 3.539E-20 2.168E-20 1.857E-20 1.407E-20
 1.044E-20 7.152E-21 5.376E-21 1.086E-20 1.438E-20 9.221E-21 2.983E-21 3.494E-21 6.491E-21 4.984E-21
 8.506E-21 2.787E-20 4.439E-20 3.795E-20 2.471E-20 1.681E-20 1.371E-20 1.300E-20 9.383E-21 9.895E-21
 1.518E-20 1.812E-20 1.377E-20 1.074E-20 1.223E-20 1.219E-20 9.261E-21 1.360E-20 3.059E-20 4.701E-20
 3.944E-20 2.356E-20 1.492E-20 8.854E-21 4.137E-21 6.046E-21 1.198E-20 1.617E-20 1.246E-20 5.907E-21
 6.316E-21 7.284E-21 4.808E-21 1.308E-21 6.272E-21 2.722E-20 4.685E-20 4.053E-20 2.447E-20 1.505E-20
 1.188E-20 1.105E-20 1.210E-20 1.527E-20 1.499E-20 9.948E-21 9.988E-21 1.122E-20 8.997E-21 4.292E-21
 2.868E-21 1.175E-20 3.377E-20 4.671E-20 3.372E-20 1.831E-20 1.115E-20 8.544E-21 9.098E-21 1.367E-20
 1.697E-20 1.232E-20 8.624E-21 1.098E-20 1.299E-20 1.061E-20 7.638E-21 1.176E-20 2.356E-20 4.322E-20
 4.818E-20 3.094E-20 1.759E-20 1.141E-20 9.841E-21 1.347E-20 1.859E-20 1.609E-20 1.018E-20 9.863E-21
 1.154E-20 5.814E-21 1.302E-21 1.702E-21 7.536E-21 2.390E-20 4.522E-20 4.625E-20 3.082E-20 1.932E-20
 1.348E-20 1.410E-20 2.027E-20 1.845E-20 1.204E-20 1.202E-20 1.441E-20 1.042E-20 5.617E-21 5.340E-21
 5.022E-21 1.222E-20 3.111E-20 4.516E-20 3.707E-20 2.099E-20 1.345E-20 1.339E-20 1.696E-20 1.648E-20
 1.109E-20 1.088E-20 1.236E-20 1.274E-20 1.274E-20 9.839E-21 7.531E-21 9.368E-21 2.184E-20 4.151E-20
 4.477E-20 3.018E-20 2.024E-20 1.979E-20 2.304E-20 2.071E-20 1.441E-20 1.224E-20 1.157E-20 1.050E-20
 9.301E-21 6.976E-21 4.443E-21 5.454E-21 1.204E-20 2.827E-20 4.187E-20 3.388E-20 1.838E-20 1.352E-20
 1.779E-20 2.063E-20 1.646E-20 1.489E-20 1.512E-20 1.313E-20 1.240E-20 1.392E-20 1.380E-20 1.292E-20
 1.825E-20 3.119E-20 4.673E-20 4.343E-20 2.801E-20 2.106E-20 2.087E-20 1.891E-20 1.447E-20 1.222E-20
 1.146E-20 1.097E-20 9.950E-21 8.925E-21 6.211E-21 7.914E-21 1.595E-20 2.554E-20 4.152E-20 4.931E-20
 3.978E-20 2.999E-20 2.768E-20 2.351E-20 1.821E-20 1.707E-20 1.663E-20 1.725E-20 1.733E-20 1.716E-20
 1.635E-20 1.425E-20 1.412E-20 2.210E-20 4.055E-20 5.010E-20 3.757E-20 2.881E-20 2.557E-20 2.070E-20
 1.643E-20 1.402E-20 1.369E-20 1.460E-20 1.566E-20 1.610E-20 1.583E-20 1.883E-20 2.194E-20 2.578E-20
 3.863E-20 3.863E-20 4.582E-20 3.383E-20 2.776E-20 2.285E-20 2.201E-20 2.175E-20 1.849E-20 1.703E-20
 1.673E-20 1.432E-20 1.326E-20 1.529E-20 1.767E-20 2.283E-20 3.553E-20 4.741E-20 4.530E-20 3.604E-20
 2.838E-20 2.329E-20 2.182E-20 1.854E-20 1.784E-20 2.149E-20 2.353E-20 2.137E-20 1.957E-20 2.185E-20
 2.467E-20 2.850E-20 3.809E-20 4.787E-20 4.483E-20 3.341E-20 2.660E-20 2.402E-20 2.664E-20 2.679E-20
 2.491E-20 2.255E-20 2.156E-20 2.278E-20 2.424E-20 2.441E-20 2.418E-20 2.711E-20 3.946E-20 5.187E-20
 4.670E-20 3.399E-20 2.907E-20 3.060E-20 3.295E-20 3.166E-20 3.080E-20 3.073E-20 3.182E-20 3.378E-20
 3.489E-20 3.460E-20 3.369E-20 3.802E-20 4.988E-20 5.776E-20 4.902E-20 3.636E-20 3.214E-20 3.194E-20
 3.404E-20 3.384E-20 3.040E-20 2.869E-20 2.903E-20 2.993E-20 3.168E-20 3.375E-20 3.559E-20 4.095E-20
 5.424E-20 5.773E-20 4.673E-20 3.928E-20 3.881E-20 3.873E-20 4.047E-20 4.497E-20 4.641E-20 4.446E-20
 4.225E-20 4.216E-20 4.446E-20 4.226E-20 4.208E-20 4.962E-20 5.821E-20 5.515E-20 4.750E-20 4.531E-20
 4.616E-20 4.705E-20 4.725E-20 4.868E-20 4.978E-20 5.117E-20 5.261E-20 5.419E-20 5.243E-20 5.059E-20
 5.397E-20 6.164E-20 6.213E-20 5.325E-20 4.836E-20 4.982E-20 5.039E-20 4.771E-20 4.390E-20 4.557E-20
 4.935E-20 4.949E-20 4.568E-20 4.280E-20 4.280E-20 4.232E-20 4.678E-20 4.678E-20 4.233E-20 3.418E-20
 3.231E-20 3.337E-20 3.449E-20 3.767E-20 4.473E-20 4.838E-20 4.614E-20 4.588E-20 4.431E-20 4.167E-20
 4.282E-20 4.403E-20 4.408E-20 4.641E-20 4.540E-20 4.380E-20 4.335E-20 4.477E-20 4.767E-20 4.841E-20
 4.879E-20 5.229E-20 5.282E-20 5.341E-20 5.723E-20 5.854E-20 5.880E-20 6.140E-20 6.536E-20 6.557E-20
 6.363E-20 6.551E-20 6.724E-20 6.752E-20 6.674E-20 6.758E-20 7.064E-20 7.389E-20 7.571E-20 7.603E-20
 7.975E-20 8.067E-20 8.059E-20 8.373E-20 8.398E-20 8.172E-20 8.102E-20 8.129E-20 8.327E-20 8.338E-20
 8.556E-20 9.306E-20 9.892E-20 9.673E-20 9.679E-20 1.018E-19 1.021E-19 1.032E-19 1.081E-19 1.110E-19
 1.097E-19 1.112E-19 1.144E-19 1.146E-19 1.136E-19 1.155E-19 1.174E-19 1.203E-19 1.234E-19 1.207E-19
 1.193E-19 1.230E-19 1.250E-19 1.284E-19 1.312E-19 1.273E-19 1.245E-19 1.245E-19 1.256E-19 1.260E-19
 1.257E-19 1.253E-19 1.206E-19 1.195E-19 1.171E-19 1.114E-19 1.110E-19 1.131E-19 1.144E-19 1.133E-19
 1.109E-19 1.093E-19 1.077E-19 1.060E-19 1.043E-19 1.008E-19 9.692E-20 9.699E-20 9.617E-20 9.057E-20
 8.294E-20 7.235E-20 5.772E-20 3.677E-20 1.706E-20 5.886E-21 3.461E-21 4.714E-21 8.358E-21 1.036E-20
 8.851E-21 7.408E-21 6.555E-21 6.172E-21 9.361E-21 1.224E-20 1.365E-20 1.268E-20 1.093E-20 1.213E-20
 1.667E-20 1.779E-20 1.727E-20 1.364E-20 8.496E-21 7.148E-21 7.432E-21 5.649E-21 6.742E-21 9.968E-21
 1.113E-20 1.251E-20 1.252E-20 1.013E-20 9.830E-21 1.003E-20 9.268E-21 1.069E-20 1.247E-20 1.063E-20
 8.420E-21 9.356E-21 1.485E-20 2.262E-20 2.482E-20 2.211E-20 1.830E-20 1.480E-20 1.350E-20 1.235E-20
 1.111E-20 1.065E-20 9.400E-21 1.102E-20 1.322E-20 1.304E-20 1.275E-20 1.260E-20 1.342E-20 1.157E-20
 8.437E-21 9.800E-21 1.415E-20 1.630E-20 1.376E-20 1.353E-20 1.790E-20 1.603E-20 1.268E-20 1.394E-20
 1.712E-20 2.052E-20 1.955E-20 1.581E-20 1.353E-20 1.368E-20 1.690E-20 2.123E-20 1.944E-20 1.401E-20
 9.742E-21 6.975E-21 5.585E-21 8.392E-21 1.509E-20 2.224E-20 2.442E-20 2.085E-20 1.989E-20 2.228E-20
 2.097E-20 2.011E-20 2.254E-20 2.292E-20 1.858E-20 1.369E-20 1.363E-20 1.782E-20 2.295E-20 3.052E-20
 3.099E-20 2.532E-20 2.312E-20 2.171E-20 1.553E-20 1.452E-20 1.983E-20 2.225E-20 1.651E-20 1.169E-20
 1.348E-20 2.239E-20 3.361E-20 3.684E-20 3.115E-20 2.668E-20 2.549E-20 2.252E-20 1.859E-20 1.922E-20
 2.571E-20 3.192E-20 2.698E-20 2.050E-20 1.909E-20 2.193E-20 3.081E-20 3.842E-20 3.422E-20 2.578E-20
 1.985E-20 1.525E-20 1.436E-20 2.183E-20 3.509E-20 4.201E-20 3.571E-20 2.341E-20 2.134E-20 2.681E-20
 3.406E-20 3.690E-20 3.301E-20 2.784E-20 2.408E-20 2.217E-20 2.267E-20 2.353E-20 2.732E-20 3.521E-20
 3.909E-20 3.084E-20 2.673E-20 3.176E-20 3.754E-20 4.036E-20 4.176E-20 3.952E-20 2.933E-20 2.265E-20
 2.197E-20 2.356E-20 2.840E-20 3.874E-20 4.508E-20 3.840E-20 3.459E-20 4.191E-20 4.543E-20 3.543E-20
 2.604E-20 2.354E-20 2.232E-20 2.188E-20 1.899E-20 1.861E-20 2.671E-20 4.349E-20 5.919E-20 5.877E-20
 5.201E-20 5.426E-20 5.511E-20 4.271E-20 3.364E-20 2.847E-20 2.847E-20 2.699E-20 2.758E-20 2.908E-20
 3.602E-20 5.005E-20 5.951E-20 5.145E-20 4.839E-20 5.267E-20 4.334E-20 2.863E-20 2.201E-20 2.190E-20
 2.678E-20 3.617E-20 3.955E-20 3.609E-20 4.266E-20 6.038E-20 7.081E-20 6.613E-20 6.284E-20 5.553E-20
 4.499E-20 4.059E-20 3.832E-20 3.289E-20 2.791E-20 2.670E-20 2.579E-20 2.732E-20 3.810E-20 5.484E-20
 6.269E-20 5.881E-20 5.264E-20 4.980E-20 4.703E-20 3.898E-20 3.374E-20 3.557E-20 4.036E-20 4.355E-20
 4.301E-20 4.316E-20 5.789E-20 8.423E-20 8.788E-20 6.932E-20 5.086E-20 3.795E-20 3.091E-20 2.890E-20
 2.776E-20 2.601E-20 2.509E-20 2.590E-20 3.139E-20 5.183E-20 8.693E-20 1.062E-19 9.261E-20 6.699E-20
 5.218E-20 4.846E-20 4.404E-20 3.663E-20 3.520E-20 3.785E-20 3.654E-20 3.382E-20 3.797E-20 5.833E-20
 9.088E-20 1.023E-19 7.788E-20 5.134E-20 3.448E-20 2.680E-20 2.639E-20 3.457E-20 4.854E-20 5.143E-20
 4.517E-20 4.828E-20 6.549E-20 9.828E-20 1.196E-19 1.018E-19 7.327E-20 5.747E-20 4.507E-20 3.589E-20
 3.200E-20 3.311E-20 3.359E-20 3.503E-20 3.771E-20 4.822E-20 7.104E-20 9.609E-20 9.533E-20 7.675E-20
 7.346E-20 6.850E-20 5.632E-20 5.655E-20 6.728E-20 6.921E-20 5.772E-20 5.153E-20 5.153E-20 7.249E-20
 9.376E-20 1.005E-19 7.809E-20 5.402E-20 4.043E-20 3.237E-20 3.212E-20 3.504E-20 3.355E-20 3.020E-20
 3.508E-20 5.667E-20 9.290E-20 1.241E-19 1.342E-19 1.232E-19 1.067E-19 8.972E-20 7.289E-20 6.319E-20
 5.726E-20 4.980E-20 4.392E-20 4.754E-20 5.533E-20 6.523E-20 8.100E-20 9.517E-20 9.050E-20 7.209E-20
 5.711E-20 4.522E-20 4.209E-20 5.110E-20 7.123E-20 8.370E-20 8.707E-20 9.917E-20 1.131E-19 1.196E-19
 1.233E-19 1.100E-19 8.490E-20 6.832E-20 5.714E-20 4.981E-20 4.485E-20 4.421E-20 4.743E-20 5.239E-20
 6.022E-20 6.687E-20 7.146E-20 8.755E-20 9.477E-20 9.420E-20 1.085E-19 1.128E-19 1.072E-19 1.048E-19
 9.621E-20 8.422E-20 7.403E-20 6.839E-20 7.014E-20 8.691E-20 1.132E-19 1.101E-19 8.603E-20 7.096E-20
 6.515E-20 6.429E-20 6.583E-20 5.885E-20 4.846E-20 5.087E-20 6.592E-20 9.642E-20 1.458E-19 1.787E-19
 1.693E-19 1.344E-19 1.060E-19 8.622E-20 6.784E-20 6.059E-20 6.658E-20 7.312E-20 7.485E-20 7.154E-20
 7.460E-20 9.606E-20 1.158E-19 1.068E-19 8.285E-20 6.393E-20 5.543E-20 5.786E-20 7.499E-20 1.181E-19
 1.599E-19 1.642E-19 1.460E-19 1.350E-19 1.386E-19 1.283E-19 9.732E-20 8.429E-20 8.486E-20 7.737E-20
 7.077E-20 6.831E-20 7.178E-20 7.697E-20 7.504E-20 7.562E-20 8.598E-20 1.004E-19 9.826E-20 9.019E-20
 1.118E-19 1.609E-19 1.894E-19 1.736E-19 1.496E-19 1.303E-19 1.074E-19 8.355E-20 7.932E-20 1.085E-19
 1.281E-19 1.117E-19 9.274E-20 8.346E-20 7.770E-20 7.722E-20 8.486E-20 8.465E-20 7.016E-20 5.958E-20
 6.456E-20 1.029E-19 1.784E-19 2.343E-19 2.206E-19 1.754E-19 1.442E-19 1.255E-19 1.070E-19 9.195E-20
 8.915E-20 8.860E-20 8.440E-20 9.023E-20 1.115E-19 1.251E-19 1.159E-19 1.036E-19 9.687E-20 9.047E-20
 8.367E-20 8.175E-20 9.298E-20 1.320E-19 1.921E-19 2.237E-19 2.073E-19 1.916E-19 1.675E-19 1.316E-19
 1.052E-19 1.018E-19 1.104E-19 1.070E-19 9.258E-20 8.504E-20 8.537E-20 9.176E-20 1.085E-19 1.355E-19
 1.339E-19 1.074E-19 9.569E-20 1.081E-19 1.479E-19 2.091E-19 2.487E-19 2.186E-19 1.665E-19 1.386E-19
 1.348E-19 1.455E-19 1.369E-19 1.185E-19 1.139E-19 1.134E-19 1.127E-19 1.057E-19 9.895E-20 9.688E-20
 9.462E-20 9.421E-20 1.062E-19 1.330E-19 1.490E-19 1.611E-19 2.105E-19 2.710E-19 2.605E-19 1.989E-19
 1.559E-19 1.278E-19 1.090E-19 9.862E-20 1.128E-19 1.461E-19 1.555E-19 1.381E-19 1.267E-19 1.216E-19
 1.125E-19 1.074E-19 1.051E-19 9.992E-20 9.791E-20 1.116E-19 1.563E-19 2.327E-19 2.934E-19 2.880E-19
 2.355E-19 1.882E-19 1.555E-19 1.334E-19 1.149E-19 1.122E-19 1.280E-19 1.325E-19 1.358E-19 1.513E-19
 1.507E-19 1.397E-19 1.366E-19 1.290E-19 1.182E-19 1.078E-19 1.166E-19 1.526E-19 2.003E-19 2.490E-19
 2.867E-19 2.675E-19 2.208E-19 1.856E-19 1.592E-19 1.364E-19 1.308E-19 1.403E-19 1.369E-19 1.241E-19
 1.185E-19 1.209E-19 1.405E-19 1.649E-19 1.674E-19 1.475E-19 1.254E-19 1.367E-19 1.770E-19 2.127E-19
 2.494E-19 2.811E-19 2.539E-19 2.122E-19 2.112E-19 2.025E-19 1.687E-19 1.466E-19 1.525E-19 1.500E-19
 1.373E-19 1.271E-19 1.200E-19 1.232E-19 1.430E-19 1.697E-19 1.803E-19 1.704E-19 1.881E-19 2.200E-19
 2.352E-19 2.685E-19 3.083E-19 2.744E-19 2.093E-19 1.855E-19 1.871E-19 1.969E-19 1.884E-19 1.767E-19
 1.666E-19 1.524E-19 1.341E-19 1.302E-19 1.438E-19 1.601E-19 1.580E-19 1.561E-19 1.874E-19 2.389E-19
 2.482E-19 2.427E-19 2.783E-19 3.317E-19 3.050E-19 2.436E-19 2.159E-19 2.034E-19 1.947E-19 1.951E-19
 2.093E-19 1.987E-19 1.663E-19 1.542E-19 1.699E-19 1.891E-19 1.864E-19 1.722E-19 1.771E-19 2.124E-19
 2.578E-19 2.712E-19 2.718E-19 3.056E-19 3.571E-19 3.328E-19 2.773E-19 2.526E-19 2.339E-19 2.016E-19
 1.774E-19 1.818E-19 1.854E-19 1.799E-19 1.792E-19 1.926E-19 1.905E-19 1.739E-19 1.758E-19 1.967E-19
 2.261E-19 2.392E-19 2.325E-19 2.459E-19 3.130E-19 3.818E-19 3.499E-19 2.820E-19 2.451E-19 2.166E-19
 1.780E-19 1.589E-19 1.674E-19 1.790E-19 2.041E-19 2.242E-19 2.131E-19 1.891E-19 1.896E-19 2.095E-19
 2.386E-19 2.592E-19 2.502E-19 2.260E-19 2.427E-19 3.431E-19 4.177E-19 3.561E-19 2.864E-19 2.516E-19
 2.155E-19 1.799E-19 1.766E-19 1.912E-19 2.016E-19 2.170E-19 2.238E-19 2.090E-19 2.010E-19 2.212E-19
 2.571E-19 2.779E-19 2.666E-19 2.353E-19 2.058E-19 2.574E-19 3.977E-19 4.491E-19 3.701E-19 3.088E-19
 2.706E-19 2.264E-19 1.954E-19 2.099E-19 2.239E-19 2.179E-19 2.105E-19 2.135E-19 2.228E-19 2.478E-19
 2.895E-19 3.092E-19 2.862E-19 2.535E-19 2.100E-19 2.141E-19 3.269E-19 4.657E-19 4.529E-19 3.712E-19
 3.163E-19 2.720E-19 2.352E-19 2.286E-19 2.493E-19 2.402E-19 2.230E-19 2.229E-19 2.369E-19 2.689E-19
 3.144E-19 3.334E-19 3.111E-19 2.767E-19 2.306E-19 2.052E-19 2.795E-19 4.373E-19 5.114E-19 4.287E-19
 3.532E-19 3.157E-19 2.846E-19 2.496E-19 2.516E-19 2.484E-19 2.340E-19 2.392E-19 2.556E-19 2.864E-19
 3.361E-19 3.673E-19 3.555E-19 3.210E-19 2.691E-19 2.235E-19 2.512E-19 3.676E-19 5.095E-19 5.001E-19
 4.161E-19 3.657E-19 3.297E-19 2.799E-19 2.547E-19 2.541E-19 2.490E-19 2.595E-19 2.735E-19 2.897E-19
 3.490E-19 4.087E-19 4.099E-19 3.637E-19 2.818E-19 2.228E-19 2.280E-19 3.129E-19 4.832E-19 5.660E-19
 4.860E-19 4.133E-19 3.778E-19 3.248E-19 2.655E-19 2.619E-19 2.730E-19 2.881E-19 2.958E-19 3.085E-19
 3.824E-19 4.505E-19 4.475E-19 3.894E-19 2.942E-19 2.290E-19 2.191E-19 2.742E-19 4.446E-19 6.151E-19
 5.637E-19 4.768E-19 4.333E-19 3.572E-19 2.726E-19 2.657E-19 3.017E-19 3.222E-19 3.206E-19 3.534E-19
 4.411E-19 4.801E-19 4.629E-19 3.978E-19 2.964E-19 2.459E-19 2.287E-19 2.605E-19 4.253E-19 6.462E-19
 6.420E-19 5.449E-19 4.644E-19 3.562E-19 2.738E-19 2.779E-19 3.307E-19 3.486E-19 3.553E-19 4.124E-19
 4.941E-19 5.044E-19 4.880E-19 4.223E-19 3.166E-19 2.683E-19 2.417E-19 2.605E-19 4.219E-19 6.848E-19
 7.233E-19 5.818E-19 4.642E-19 3.773E-19 3.050E-19 3.064E-19 3.716E-19 4.014E-19 4.198E-19 4.742E-19
 5.140E-19 5.145E-19 5.174E-19 4.401E-19 3.262E-19 2.744E-19 2.452E-19 2.685E-19 4.314E-19 7.172E-19
 7.945E-19 6.293E-19 4.771E-19 3.903E-19 3.499E-19 3.809E-19 4.377E-19 4.424E-19 4.760E-19 5.279E-19
 5.218E-19 5.270E-19 5.187E-19 4.146E-19 3.154E-19 2.739E-19 2.512E-19 2.918E-19 4.732E-19 7.623E-19
 8.219E-19 6.385E-19 5.061E-19 4.441E-19 4.086E-19 4.111E-19 4.474E-19 4.759E-19 5.292E-19 5.497E-19
 5.306E-19 5.488E-19 5.248E-19 4.361E-19 3.416E-19 2.769E-19 2.638E-19 3.453E-19 5.424E-19 7.960E-19
 8.241E-19 6.458E-19 5.316E-19 4.840E-19 4.442E-19 4.476E-19 5.036E-19 5.629E-19 5.937E-19 5.544E-19
 5.616E-19 5.885E-19 5.370E-19 4.358E-19 3.437E-19 3.111E-19 3.303E-19 4.165E-19 6.062E-19 8.642E-19
 8.298E-19 6.586E-19 5.834E-19 5.316E-19 4.691E-19 4.873E-19 5.656E-19 6.130E-19 5.865E-19 5.609E-19
 6.164E-19 6.261E-19 5.479E-19 4.125E-19 3.268E-19 3.345E-19 3.733E-19 4.488E-19 6.543E-19 9.071E-19
 8.302E-19 6.970E-19 6.232E-19 5.373E-19 4.871E-19 5.648E-19 6.676E-19 6.456E-19 6.045E-19 6.575E-19
 6.814E-19 5.982E-19 4.933E-19 3.883E-19 3.572E-19 3.842E-19 4.048E-19 4.930E-19 7.530E-19 1.023E-18
 1.020E-18 7.214E-19 5.993E-19 5.140E-19 5.532E-19 6.900E-19 6.972E-19 6.640E-19 7.021E-19 7.141E-19
 6.438E-19 5.619E-19 4.812E-19 4.104E-19 4.063E-19 4.168E-19 4.357E-19 5.860E-19 9.531E-19 1.040E-18
 8.134E-19 6.661E-19 5.790E-19 5.690E-19 7.004E-19 7.750E-19 7.157E-19 7.192E-19 7.295E-19 6.631E-19
 5.830E-19 5.528E-19 5.031E-19 4.680E-19 4.667E-19 4.326E-19 4.763E-19 7.596E-19 1.092E-18 1.133E-18
 7.388E-19 6.319E-19 5.994E-19 6.912E-19 7.865E-19 7.274E-19 7.203E-19 7.569E-19 6.964E-19 6.418E-19
 6.468E-19 5.925E-19 4.941E-19 4.630E-19 4.316E-19 4.434E-19 6.377E-19 1.004E-18 1.251E-18 9.956E-19
 7.002E-19 6.749E-19 7.603E-19 8.362E-19 7.696E-19 7.618E-19 8.079E-19 7.534E-19 6.774E-19 6.570E-19
 6.198E-19 5.511E-19 5.029E-19 4.685E-19 4.521E-19 5.448E-19 8.263E-19 1.104E-18 1.138E-18 7.385E-19
 7.344E-19 8.051E-19 9.930E-19 9.322E-19 7.749E-19 7.841E-19 7.633E-19 7.073E-19 6.965E-19 6.773E-19
 6.325E-19 5.604E-19 5.075E-19 4.662E-19 4.912E-19 6.840E-19 1.066E-18 1.266E-18 1.007E-18 7.639E-19
 1.022E-18 1.032E-18 9.715E-19 9.835E-19 1.010E-18 9.442E-19 7.153E-19 7.093E-19 7.235E-19 7.057E-19
 6.027E-19 4.989E-19 4.575E-19 4.519E-19 5.770E-19 9.608E-19 1.174E-18 1.151E-18 1.070E-18 1.141E-18
 1.068E-18 9.883E-19 1.033E-18 1.071E-18 1.017E-18 7.625E-19 7.395E-19 7.307E-19 7.133E-19 6.174E-19
 5.216E-19 4.516E-19 3.945E-19 4.998E-19 8.896E-19 1.262E-18 1.354E-18 1.285E-18 1.278E-18 1.096E-18
 1.005E-18 1.097E-18 1.174E-18 1.087E-18 9.773E-19 9.511E-19 9.194E-19 7.344E-19 6.539E-19 5.259E-19
 4.167E-19 3.496E-19 4.469E-19 8.440E-19 1.329E-18 1.506E-18 1.424E-18 1.324E-18 1.133E-18 1.126E-18
 1.267E-18 1.253E-18 1.119E-18 1.035E-18 9.337E-19 8.840E-19 7.251E-19 6.619E-19 4.791E-19 3.603E-19
 3.198E-19 4.359E-19 8.283E-19 1.396E-18 1.695E-18 1.580E-18 1.375E-18 1.207E-18 1.310E-18 1.478E-18
 1.353E-18 1.155E-18 9.743E-19 7.344E-19 7.518E-19 7.994E-19 6.381E-19 4.177E-19 3.235E-19 3.084E-19
 4.257E-19 8.766E-19 1.599E-18 1.951E-18 1.625E-18 1.374E-18 1.343E-18 1.463E-18 1.445E-18 1.265E-18
 1.082E-18 9.322E-19 7.609E-19 7.927E-19 7.601E-19 5.377E-19 3.717E-19 3.075E-19 3.005E-19 4.668E-19
 1.015E-18 1.797E-18 2.015E-18 1.622E-18 1.504E-18 1.540E-18 1.539E-18 1.372E-18 1.148E-18 9.832E-19
 8.037E-19 7.916E-19 9.484E-19 7.027E-19 5.156E-19 3.508E-19 2.615E-19 2.682E-19 5.248E-19 1.213E-18
 1.915E-18 1.935E-18 1.702E-18 1.682E-18 1.660E-18 1.484E-18 1.210E-18 1.019E-18 9.748E-19 1.019E-18
 1.004E-18 7.523E-19 5.828E-19 3.888E-19 2.651E-19 2.241E-19 3.313E-19 7.968E-19 1.691E-18 2.346E-18
 1.937E-18 1.723E-18 1.653E-18 1.570E-18 1.324E-18 1.132E-18 1.077E-18 1.074E-18 1.027E-18 7.576E-19
 6.499E-19 4.809E-19 3.118E-19 2.287E-19 2.892E-19 6.221E-19 1.431E-18 2.600E-18 2.729E-18 1.957E-18
 1.806E-18 1.688E-18 1.422E-18 1.204E-18 1.100E-18 1.086E-18 1.048E-18 9.155E-19 6.635E-19 5.288E-19
 3.674E-19 2.398E-19 2.709E-19 5.536E-19 1.215E-18 2.249E-18 2.889E-18 2.064E-18 1.892E-18 1.774E-18
 1.453E-18 1.223E-18 1.160E-18 1.130E-18 1.064E-18 7.883E-19 6.353E-19 5.159E-19 4.125E-19 3.024E-19
 3.242E-19 5.889E-19 1.165E-18 1.970E-18 2.859E-18 2.813E-18 2.488E-18 1.937E-18 1.558E-18 1.346E-18
 1.251E-18 1.106E-18 1.003E-18 7.688E-19 6.268E-19 5.320E-19 4.830E-19 4.148E-19 4.217E-19 6.832E-19
 1.147E-18 1.595E-18 2.096E-18 3.038E-18 2.807E-18 2.119E-18 1.656E-18 1.403E-18 1.305E-18 1.153E-18
 1.033E-18 7.763E-19 6.273E-19 5.452E-19 5.318E-19 5.109E-19 5.272E-19 7.598E-19 1.111E-18 1.331E-18
 1.725E-18 2.517E-18 3.035E-18 2.544E-18 1.810E-18 1.532E-18 1.324E-18 1.148E-18 1.027E-18 7.588E-19
 6.275E-19 5.676E-19 5.586E-19 5.781E-19 6.663E-19 9.395E-19 1.103E-18 1.201E-18 1.567E-18 2.539E-18
 3.361E-18 2.799E-18 1.919E-18 1.493E-18 1.250E-18 1.150E-18 1.048E-18 7.800E-19 6.464E-19 5.818E-19
 5.756E-19 6.359E-19 8.164E-19 1.021E-18 1.210E-18 1.099E-18 1.419E-18 2.336E-18 3.544E-18 2.902E-18
 1.897E-18 1.461E-18 1.203E-18 1.090E-18 9.853E-19 7.357E-19 6.373E-19 5.862E-19 5.873E-19 7.408E-19
 9.718E-19 1.265E-18 1.161E-18 1.003E-18 1.057E-18 1.752E-18 3.009E-18 2.915E-18 1.843E-18 1.423E-18
 1.212E-18 1.106E-18 8.256E-19 7.230E-19 6.332E-19 5.837E-19 6.400E-19 8.362E-19 1.207E-18 1.345E-18
 1.089E-18 7.528E-19 9.445E-19 1.737E-18 2.965E-18 2.838E-18 1.733E-18 1.363E-18 1.173E-18 1.062E-18
 7.823E-19 6.770E-19 6.245E-19 6.633E-19 7.689E-19 9.645E-19 1.397E-18 1.307E-18 8.064E-19 7.474E-19
 1.166E-18 2.529E-18 3.088E-18 2.274E-18 1.652E-18 1.343E-18 1.193E-18 1.076E-18 7.789E-19 6.765E-19
 6.641E-19 6.965E-19 7.931E-19 1.114E-18 1.473E-18 9.520E-19 6.995E-19 8.205E-19 1.492E-18 2.879E-18
 3.405E-18 2.101E-18 1.591E-18 1.320E-18 1.154E-18 8.269E-19 7.315E-19 7.315E-19 7.317E-19 7.256E-19
 9.634E-19 1.479E-18 1.286E-18 7.859E-19 7.265E-19 1.113E-18 2.056E-18 3.297E-18 3.134E-18 1.917E-18
 1.492E-18 1.263E-18 1.095E-18 8.006E-19 7.636E-19 7.237E-19 7.135E-19 9.520E-19 1.300E-18 1.382E-18
 8.616E-19 7.467E-19 9.297E-19 1.554E-18 2.183E-18 3.356E-18 2.469E-18 1.734E-18 1.326E-18 1.143E-18
 1.054E-18 8.364E-19 7.759E-19 7.090E-19 9.146E-19 1.453E-18 1.432E-18 8.923E-19 7.728E-19 8.795E-19
 1.287E-18 1.643E-18 2.239E-18 3.224E-18 2.044E-18 1.474E-18 1.245E-18 1.157E-18 8.917E-19 7.844E-19
 7.346E-19 9.195E-19 1.419E-18 1.449E-18 1.090E-18 7.997E-19 8.790E-19 1.206E-18 1.362E-18 1.652E-18
 2.299E-18 2.328E-18 1.755E-18 1.459E-18 1.351E-18 1.155E-18 8.028E-19 7.475E-19 8.591E-19 1.287E-18
 1.366E-18 1.103E-18 8.225E-19 8.564E-19 9.992E-19 1.197E-18 1.218E-18 1.757E-18 2.404E-18 2.086E-18
 1.685E-18 1.461E-18 1.156E-18 7.800E-19 7.548E-19 8.633E-19 1.111E-18 1.421E-18 1.141E-18 8.273E-19
 8.404E-19 9.646E-19 1.093E-18 8.329E-19 1.113E-18 2.187E-18 2.952E-18 1.966E-18 1.576E-18 1.185E-18
 8.094E-19 7.658E-19 8.860E-19 1.201E-18 1.511E-18 1.174E-18 8.314E-19 7.970E-19 9.326E-19 8.910E-19
 7.030E-19 8.393E-19 1.538E-18 2.690E-18 2.315E-18 1.660E-18 1.218E-18 7.692E-19 7.680E-19 9.713E-19
 1.499E-18 1.458E-18 9.115E-19 7.474E-19 7.540E-19 9.156E-19 8.229E-19 5.928E-19 6.508E-19 1.247E-18
 2.508E-18 2.387E-18 1.693E-18 1.040E-18 8.383E-19 8.296E-19 1.060E-18 1.564E-18 1.415E-18 8.853E-19
 6.758E-19 7.467E-19 9.140E-19 7.620E-19 5.311E-19 6.234E-19 1.253E-18 2.511E-18 2.447E-18 1.736E-18
 1.231E-18 8.258E-19 8.963E-19 1.180E-18 1.590E-18 9.917E-19 7.000E-19 6.185E-19 7.909E-19 8.854E-19
 6.633E-19 5.010E-19 6.448E-19 1.145E-18 2.252E-18 2.411E-18 1.723E-18 1.206E-18 8.542E-19 1.009E-18
 1.646E-18 1.548E-18 8.865E-19 6.375E-19 6.756E-19 8.743E-19 8.086E-19 5.926E-19 5.235E-19 6.027E-19
 9.615E-19 1.767E-18 2.419E-18 1.699E-18 1.199E-18 1.135E-18 1.446E-18 1.620E-18 1.061E-18 7.142E-19
 6.052E-19 7.567E-19 8.752E-19 7.033E-19 5.663E-19 4.951E-19 5.073E-19 9.276E-19 1.791E-18 2.284E-18
 1.604E-18 1.253E-18 1.375E-18 1.665E-18 1.419E-18 7.846E-19 5.836E-19 6.518E-19 8.514E-19 8.079E-19
 6.398E-19 5.037E-19 3.713E-19 4.639E-19 9.907E-19 1.886E-18 2.218E-18 1.579E-18 1.436E-18 1.693E-18
 1.654E-18 9.613E-19 6.590E-19 6.101E-19 7.888E-19 8.677E-19 7.209E-19 5.366E-19 3.695E-19 3.120E-19
 5.040E-19 1.174E-18 2.055E-18 2.083E-18 1.627E-18 1.681E-18 1.772E-18 1.335E-18 7.657E-19 6.092E-19
 7.371E-19 9.076E-19 7.990E-19 5.587E-19 3.735E-19 2.901E-19 3.436E-19 7.079E-19 1.488E-18 2.379E-18
 2.097E-18 1.862E-18 1.871E-18 1.525E-18 8.862E-19 6.594E-19 7.338E-19 9.533E-19 8.700E-19 5.832E-19
 3.985E-19 3.277E-19 3.430E-19 5.138E-19 9.656E-19 1.714E-18 2.471E-18 2.099E-18 1.905E-18 1.621E-18
 9.901E-19 7.249E-19 7.592E-19 9.670E-19 8.893E-19 5.941E-19 4.299E-19 3.727E-19 3.902E-19 4.762E-19
 7.213E-19 1.273E-18 2.362E-18 3.056E-18 2.634E-18 1.815E-18 1.070E-18 7.646E-19 7.672E-19 9.256E-19
 8.168E-19 5.632E-19 4.359E-19 3.984E-19 4.095E-19 4.568E-19 5.944E-19 9.669E-19 1.966E-18 3.311E-18
 2.960E-18 1.941E-18 1.257E-18 8.274E-19 8.487E-19 9.589E-19 7.982E-19 5.642E-19 4.798E-19 4.774E-19
 4.900E-19 5.217E-19 5.991E-19 7.975E-19 1.336E-18 2.626E-18 3.397E-18 2.043E-18 1.260E-18 8.283E-19
 8.336E-19 8.940E-19 7.354E-19 5.419E-19 5.003E-19 5.314E-19 5.505E-19 5.780E-19 6.483E-19 7.574E-19
 1.133E-18 2.377E-18 3.721E-18 2.215E-18 1.402E-18 9.567E-19 9.568E-19 9.696E-19 8.120E-19 6.835E-19
 6.751E-19 7.017E-19 7.369E-19 7.715E-19 8.072E-19 8.485E-19 1.121E-18 2.199E-18 3.721E-18 2.811E-18
 1.590E-18 1.233E-18 1.206E-18 1.183E-18 1.023E-18 8.822E-19 9.763E-19 1.006E-18 1.019E-18 1.054E-18
 1.080E-18 1.122E-18 1.444E-18 2.330E-18 3.919E-18 3.093E-18 1.804E-18 1.449E-18 1.403E-18 1.328E-18
 1.240E-18 1.255E-18 1.275E-18 1.276E-18 1.269E-18 1.299E-18 1.338E-18 1.412E-18 1.792E-18 3.169E-18
 3.943E-18 3.079E-18 2.049E-18 1.717E-18 1.550E-18 1.488E-18 1.438E-18 1.445E-18 1.463E-18 1.504E-18
 1.531E-18 1.532E-18 1.531E-18 1.613E-18 2.249E-18 3.201E-18 3.608E-18 2.815E-18 1.717E-18 1.491E-18
 1.436E-18 1.365E-18 1.339E-18 1.341E-18 1.346E-18 1.387E-18 1.451E-18 1.490E-18 1.494E-18 1.636E-18
 2.337E-18 3.050E-18 3.366E-18 2.745E-18 1.971E-18 1.607E-18 1.530E-18 1.506E-18 1.480E-18 1.390E-18
 1.296E-18 1.292E-18 1.346E-18 1.389E-18 1.446E-18 1.661E-18 1.972E-18 2.643E-18 3.048E-18 2.514E-18
 1.694E-18 1.553E-18 1.564E-18 1.582E-18 1.608E-18 1.713E-18 1.613E-18 1.623E-18 1.693E-18 1.937E-18
 2.127E-18 2.322E-18 2.469E-18 2.933E-18 3.224E-18 2.675E-18 2.194E-18 2.085E-18 2.145E-18 2.240E-18
 2.258E-18 2.228E-18 2.240E-18 2.296E-18 2.423E-18 2.636E-18 2.806E-18 2.790E-18 2.957E-18 3.560E-18
 3.608E-18 3.077E-18 2.793E-18 2.861E-18 2.964E-18 3.008E-18 2.999E-18 2.997E-18 3.177E-18 3.415E-18
 3.518E-18 3.576E-18 3.566E-18 3.606E-18 4.104E-18 4.495E-18 4.156E-18 3.716E-18 3.762E-18 3.807E-18
 3.730E-18 3.612E-18 3.642E-18 3.712E-18 3.576E-18 3.524E-18 3.583E-18 3.851E-18 3.862E-18 3.947E-18
 4.313E-18 4.514E-18 4.292E-18 4.122E-18 4.012E-18 3.958E-18 4.108E-18 4.210E-18 4.090E-18 3.924E-18
 4.045E-18 4.184E-18 4.001E-18 3.630E-18 3.426E-18 3.384E-18 3.270E-18 2.928E-18 2.631E-18 2.700E-18
 2.820E-18 2.854E-18 2.820E-18 2.933E-18 3.157E-18 3.212E-18 3.151E-18 3.291E-18 3.438E-18 3.507E-18
 3.687E-18 4.086E-18 4.236E-18 3.951E-18 3.811E-18 3.794E-18 3.820E-18 3.884E-18 4.010E-18 4.020E-18
 4.141E-18 4.329E-18 4.550E-18 4.273E-18 4.387E-18 4.452E-18 4.751E-18 5.167E-18 5.004E-18 4.779E-18
 4.846E-18 4.930E-18 5.249E-18 5.383E-18 5.410E-18 5.564E-18 5.377E-18 5.105E-18 5.478E-18 5.918E-18
 6.011E-18 6.046E-18 6.319E-18 6.298E-18 5.908E-18 6.101E-18 6.442E-18 5.818E-18 5.701E-18 6.116E-18
 6.482E-18 6.522E-18 7.077E-18 7.168E-18 7.500E-18 8.032E-18 8.195E-18 8.184E-18 7.904E-18 7.342E-18
 6.839E-18 7.744E-18 7.912E-18 7.896E-18 7.491E-18 8.039E-18 8.525E-18 8.818E-18 8.774E-18 8.611E-18
 7.671E-18 9.232E-18 9.171E-18 9.288E-18 9.673E-18 9.667E-18 9.478E-18 9.114E-18 8.340E-18 8.008E-18
 7.633E-18 6.034E-18 5.524E-18 6.289E-18 5.354E-18 5.517E-18 5.834E-18 6.006E-18 5.954E-18 5.957E-18
 6.025E-18 6.017E-18 5.961E-18 6.007E-18 6.265E-18 6.219E-18 5.955E-18 5.958E-18 6.238E-18 6.229E-18
 5.537E-18 3.975E-18 1.843E-18 8.128E-19 2.908E-19 1.529E-19 1.275E-19 1.213E-19 1.130E-19 1.202E-19
 1.609E-19 2.937E-19 4.590E-19 4.324E-19 2.605E-19 2.478E-19 3.592E-19 3.506E-19 2.182E-19 1.372E-19
 1.176E-19 1.148E-19 1.225E-19 1.675E-19 2.383E-19 3.471E-19 4.852E-19 5.012E-19 3.693E-19 3.457E-19
 4.133E-19 3.453E-19 2.333E-19 1.780E-19 1.367E-19 1.217E-19 1.345E-19 2.195E-19 3.372E-19 4.059E-19
 4.806E-19 5.535E-19 5.126E-19 4.605E-19 4.193E-19 2.922E-19 2.182E-19 2.277E-19 1.993E-19 1.498E-19
 1.706E-19 2.782E-19 4.023E-19 4.577E-19 5.067E-19 6.400E-19 6.829E-19 5.608E-19 4.025E-19 2.434E-19
 1.870E-19 2.444E-19 3.096E-19 2.625E-19 2.302E-19 3.034E-19 4.388E-19 5.565E-19 5.985E-19 7.620E-19
 8.204E-19 5.989E-19 3.523E-19 1.986E-19 1.570E-19 2.333E-19 3.911E-19 4.307E-19 3.009E-19 2.837E-19
 4.672E-19 6.589E-19 6.927E-19 8.317E-19 8.692E-19 5.867E-19 3.134E-19 1.901E-19 1.734E-19 2.437E-19
 4.095E-19 5.309E-19 4.251E-19 3.776E-19 6.163E-19 8.116E-19 8.436E-19 9.908E-19 9.203E-19 5.344E-19
 2.810E-19 1.915E-19 1.950E-19 2.567E-19 3.795E-19 5.739E-19 6.935E-19 6.418E-19 7.573E-19 9.232E-19
 9.977E-19 1.070E-18 8.658E-19 4.733E-19 2.777E-19 2.242E-19 2.437E-19 2.543E-19 3.194E-19 5.744E-19
 9.343E-19 9.284E-19 8.688E-19 1.074E-18 1.196E-18 1.124E-18 7.644E-19 4.223E-19 2.879E-19 2.619E-19
 2.657E-19 2.575E-19 3.357E-19 5.787E-19 9.988E-19 1.207E-18 1.219E-18 1.427E-18 1.440E-18 1.075E-18
 6.421E-19 3.963E-19 3.198E-19 3.039E-19 3.024E-19 3.043E-19 3.610E-19 6.335E-19 1.183E-18 1.645E-18
 1.712E-18 1.632E-18 1.373E-18 9.260E-19 5.723E-19 4.130E-19 3.618E-19 3.571E-19 3.263E-19 3.161E-19
 4.495E-19 7.662E-19 1.306E-18 2.141E-18 2.538E-18 1.788E-18 1.262E-18 8.162E-19 5.529E-19 4.451E-19
 3.981E-19 3.366E-19 3.257E-19 4.361E-19 5.957E-19 7.653E-19 1.271E-18 2.238E-18 2.924E-18 1.828E-18
 1.116E-18 7.303E-19 5.547E-19 4.372E-19 3.496E-19 3.430E-19 4.650E-19 5.900E-19 6.244E-19 8.232E-19
 1.510E-18 3.375E-18 3.231E-18 1.710E-18 9.316E-19 6.419E-19 4.790E-19 3.676E-19 3.812E-19 5.249E-19
 6.295E-19 5.985E-19 6.644E-19 9.812E-19 1.760E-18 3.180E-18 2.672E-18 1.334E-18 7.541E-19 5.124E-19
 4.144E-19 4.503E-19 5.909E-19 6.476E-19 6.246E-19 6.678E-19 8.162E-19 1.315E-18 2.756E-18 4.149E-18
 2.320E-18 1.094E-18 6.269E-19 4.923E-19 5.413E-19 6.467E-19 6.566E-19 6.525E-19 7.119E-19 7.657E-19
 1.090E-18 2.050E-18 4.242E-18 3.958E-18 1.828E-18 1.006E-18 6.665E-19 6.374E-19 6.745E-19 6.574E-19
 7.173E-19 7.693E-19 7.340E-19 9.215E-19 1.653E-18 3.608E-18 4.191E-18 3.467E-18 1.624E-18 1.013E-18
 7.830E-19 7.105E-19 7.069E-19 8.051E-19 7.721E-19 6.576E-19 7.986E-19 1.446E-18 2.541E-18 3.593E-18
 3.874E-18 3.000E-18 1.661E-18 1.086E-18 8.337E-19 8.361E-19 8.249E-19 6.550E-19 5.703E-19 7.887E-19
 1.418E-18 2.352E-18 3.011E-18 3.660E-18 3.746E-18 2.664E-18 1.591E-18 1.143E-18 9.624E-19 7.299E-19
 5.462E-19 5.286E-19 8.080E-19 1.507E-18 2.261E-18 2.586E-18 3.107E-18 3.890E-18 3.383E-18 2.360E-18
 1.572E-18 9.877E-19 6.241E-19 4.688E-19 5.210E-19 8.952E-19 1.689E-18 2.639E-18 2.390E-18 2.730E-18
 3.809E-18 3.886E-18 2.840E-18 1.725E-18 1.043E-18 6.429E-19 4.702E-19 5.964E-19 1.127E-18 2.062E-18
 2.661E-18 2.244E-18 2.471E-18 3.499E-18 4.056E-18 3.089E-18 1.712E-18 1.170E-18 8.328E-19 6.397E-19
 8.081E-19 1.500E-18 2.688E-18 2.605E-18 2.148E-18 2.260E-18 3.134E-18 3.993E-18 3.238E-18 1.755E-18
 1.208E-18 9.535E-19 9.420E-19 1.270E-18 2.031E-18 2.781E-18 2.446E-18 2.019E-18 2.120E-18 2.893E-18
 3.811E-18 3.346E-18 1.855E-18 1.349E-18 1.156E-18 1.304E-18 1.873E-18 2.718E-18 2.775E-18 2.246E-18
 1.879E-18 1.704E-18 2.102E-18 3.609E-18 3.428E-18 1.925E-18 1.482E-18 1.457E-18 1.778E-18 2.509E-18
 2.866E-18 2.606E-18 2.057E-18 1.559E-18 1.431E-18 1.865E-18 2.769E-18 3.430E-18 2.429E-18 1.698E-18
 1.827E-18 2.516E-18 2.905E-18 2.908E-18 2.364E-18 1.689E-18 1.368E-18 1.319E-18 1.887E-18 2.903E-18
 3.476E-18 2.607E-18 2.342E-18 2.554E-18 2.905E-18 3.105E-18 2.694E-18 1.808E-18 1.446E-18 1.281E-18
 1.410E-18 2.120E-18 3.759E-18 3.402E-18 2.746E-18 2.760E-18 2.989E-18 3.215E-18 2.959E-18 2.204E-18
 1.590E-18 1.340E-18 1.196E-18 1.457E-18 2.371E-18 3.962E-18 3.542E-18 3.156E-18 3.137E-18 3.310E-18
 3.125E-18 2.354E-18 1.630E-18 1.424E-18 1.202E-18 1.090E-18 1.430E-18 2.691E-18 4.376E-18 3.845E-18
 3.427E-18 3.246E-18 3.163E-18 2.659E-18 2.085E-18 1.551E-18 1.274E-18 1.040E-18 1.104E-18 1.771E-18
 3.356E-18 4.400E-18 3.706E-18 3.495E-18 3.441E-18 2.827E-18 2.155E-18 1.617E-18 1.376E-18 1.091E-18
 1.027E-18 1.505E-18 2.847E-18 4.733E-18 3.936E-18 3.416E-18 3.362E-18 2.953E-18 1.960E-18 1.590E-18
 1.376E-18 1.212E-18 1.208E-18 1.600E-18 3.077E-18 4.379E-18 4.093E-18 3.571E-18 3.405E-18 2.858E-18
 2.207E-18 1.640E-18 1.555E-18 1.448E-18 1.429E-18 1.689E-18 2.868E-18 4.185E-18 4.434E-18 4.014E-18
 3.670E-18 2.922E-18 2.217E-18 1.680E-18 1.639E-18 1.806E-18 1.832E-18 2.022E-18 2.566E-18 3.681E-18
 4.518E-18 4.192E-18 3.506E-18 2.707E-18 2.176E-18 2.003E-18 1.720E-18 1.710E-18 1.875E-18 1.983E-18
 2.346E-18 3.346E-18 4.612E-18 4.478E-18 3.530E-18 2.604E-18 2.092E-18 1.994E-18 1.980E-18 1.933E-18
 1.955E-18 1.952E-18 1.735E-18 2.972E-18 4.644E-18 4.853E-18 3.696E-18 2.815E-18 2.341E-18 2.148E-18
 2.075E-18 1.804E-18 1.792E-18 1.626E-18 1.601E-18 2.289E-18 4.450E-18 4.470E-18 3.376E-18 2.819E-18
 2.534E-18 2.376E-18 2.224E-18 1.855E-18 1.646E-18 1.357E-18 1.389E-18 2.107E-18 3.333E-18 4.216E-18
 3.150E-18 2.628E-18 2.440E-18 2.381E-18 2.300E-18 1.905E-18 1.546E-18 1.295E-18 1.447E-18 2.589E-18
 4.813E-18 4.152E-18 3.092E-18 2.549E-18 2.397E-18 2.334E-18 1.898E-18 1.576E-18 1.388E-18 1.528E-18
 2.236E-18 4.176E-18 4.615E-18 3.575E-18 2.696E-18 2.405E-18 2.332E-18 2.241E-18 1.709E-18 1.401E-18
 1.353E-18 1.719E-18 3.073E-18 4.236E-18 4.275E-18 3.345E-18 2.670E-18 2.407E-18 2.217E-18 1.940E-18
 1.506E-18 1.500E-18 1.574E-18 2.392E-18 3.202E-18 3.987E-18 3.786E-18 2.978E-18 2.639E-18 2.455E-18
 2.131E-18 1.627E-18 1.524E-18 1.580E-18 1.838E-18 2.520E-18 3.285E-18 3.910E-18 3.369E-18 2.759E-18
 2.409E-18 2.124E-18 2.034E-18 2.041E-18 1.865E-18 1.862E-18 2.185E-18 2.625E-18 3.575E-18 3.627E-18
 2.906E-18 2.411E-18 1.826E-18 1.642E-18 1.611E-18 1.735E-18 1.935E-18 1.963E-18 2.411E-18 3.341E-18
 3.948E-18 3.285E-18 2.528E-18 1.745E-18 1.493E-18 1.474E-18 1.709E-18 2.029E-18 1.831E-18 1.706E-18
 2.191E-18 3.771E-18 3.648E-18 2.851E-18 1.946E-18 1.455E-18 1.342E-18 1.517E-18 1.828E-18 1.985E-18
 1.711E-18 2.573E-18 3.622E-18 3.596E-18 2.723E-18 1.937E-18 1.619E-18 1.621E-18 1.747E-18 1.775E-18
 1.581E-18 1.575E-18 2.047E-18 3.381E-18 3.520E-18 2.690E-18 1.827E-18 1.480E-18 1.409E-18 1.653E-18
 1.919E-18 1.950E-18 1.798E-18 1.990E-18 2.998E-18 3.295E-18 2.554E-18 1.779E-18 1.564E-18 1.618E-18
 1.868E-18 1.891E-18 1.764E-18 1.698E-18 1.768E-18 2.401E-18 3.375E-18 2.699E-18 1.772E-18 1.615E-18
 1.681E-18 1.790E-18 1.611E-18 1.387E-18 1.304E-18 1.569E-18 2.207E-18 2.641E-18 2.223E-18 1.944E-18
 1.888E-18 2.207E-18 2.004E-18 1.576E-18 1.174E-18 1.071E-18 1.390E-18 2.085E-18 2.952E-18 2.331E-18
 1.884E-18 2.019E-18 1.907E-18 1.582E-18 1.300E-18 1.197E-18 1.296E-18 1.699E-18 2.375E-18 2.819E-18
 2.077E-18 1.860E-18 1.719E-18 1.426E-18 1.147E-18 9.547E-19 9.178E-19 1.096E-18 1.657E-18 2.536E-18
 2.925E-18 2.484E-18 1.961E-18 1.414E-18 1.070E-18 9.043E-19 8.275E-19 8.718E-19 1.171E-18 1.891E-18
 3.007E-18 2.706E-18 2.008E-18 1.580E-18 1.271E-18 1.131E-18 1.010E-18 8.948E-19 9.251E-19 1.359E-18
 2.238E-18 2.924E-18 2.157E-18 1.476E-18 1.068E-18 9.212E-19 9.165E-19 9.106E-19 9.354E-19 1.175E-18
 1.850E-18 2.676E-18 2.381E-18 1.624E-18 1.108E-18 8.585E-19 8.438E-19 8.557E-19 7.880E-19 8.873E-19
 1.403E-18 2.326E-18 2.848E-18 1.886E-18 1.345E-18 1.051E-18 9.686E-19 8.988E-19 7.532E-19 7.742E-19
 1.152E-18 1.958E-18 2.359E-18 1.846E-18 1.313E-18 1.019E-18 9.011E-19 8.839E-19 8.241E-19 8.956E-19
 1.274E-18 1.943E-18 2.268E-18 1.726E-18 1.216E-18 9.215E-19 7.512E-19 7.115E-19 7.149E-19 8.317E-19
 1.182E-18 1.808E-18 2.149E-18 1.831E-18 1.382E-18 1.126E-18 9.178E-19 7.592E-19 7.092E-19 7.708E-19
 1.057E-18 1.566E-18 1.879E-18 1.584E-18 1.159E-18 9.287E-19 8.283E-19 8.230E-19 8.310E-19 9.139E-19
 1.213E-18 1.542E-18 1.687E-18 1.410E-18 1.036E-18 8.413E-19 7.342E-19 7.162E-19 7.858E-19 8.897E-19
 1.035E-18 1.280E-18 1.537E-18 1.378E-18 1.094E-18 9.172E-19 7.708E-19 7.321E-19 8.256E-19 9.143E-19
 1.000E-18 1.242E-18 1.419E-18 1.196E-18 9.341E-19 7.356E-19 6.487E-19 7.507E-19 9.097E-19 9.349E-19
 1.071E-18 1.391E-18 1.471E-18 1.179E-18 8.227E-19 5.942E-19 5.895E-19 7.435E-19 8.195E-19 8.044E-19
 9.718E-19 1.308E-18 1.345E-18 1.066E-18 8.121E-19 7.047E-19 7.319E-19 7.574E-19 6.706E-19 6.921E-19
 9.758E-19 1.235E-18 1.105E-18 8.632E-19 6.966E-19 6.549E-19 7.169E-19 7.042E-19 6.800E-19 8.511E-19
 1.179E-18 1.208E-18 9.493E-19 7.880E-19 7.050E-19 6.598E-19 6.535E-19 6.727E-19 7.305E-19 9.515E-19
 1.156E-18 1.054E-18 9.042E-19 8.158E-19 7.331E-19 6.931E-19 6.831E-19 7.088E-19 9.020E-19 1.165E-18
 1.161E-18 1.036E-18 9.264E-19 7.641E-19 6.502E-19 6.404E-19 6.884E-19 8.623E-19 1.131E-18 1.227E-18
 1.140E-18 9.991E-19 7.731E-19 5.886E-19 5.213E-19 5.473E-19 6.939E-19 9.687E-19 1.108E-18 1.037E-18
 9.351E-19 7.489E-19 5.674E-19 5.304E-19 6.012E-19 7.356E-19 9.724E-19 1.161E-18 1.129E-18 1.000E-18
 8.324E-19 6.763E-19 6.201E-19 6.785E-19 8.297E-19 1.095E-18 1.318E-18 1.271E-18 1.132E-18 1.022E-18
 9.124E-19 8.488E-19 9.188E-19 1.102E-18 1.417E-18 1.700E-18 1.665E-18 1.559E-18 1.468E-18 1.327E-18
 1.226E-18 1.208E-18 1.282E-18 1.496E-18 1.650E-18 1.553E-18 1.417E-18 1.315E-18 1.223E-18 1.233E-18
 1.345E-18 1.509E-18 1.667E-18 1.501E-18 1.172E-18 9.671E-19 8.453E-19 7.610E-19 7.662E-19 8.417E-19
 9.657E-19 1.082E-18 1.072E-18 1.001E-18 9.430E-19 8.779E-19 8.281E-19 8.895E-19 1.042E-18 1.194E-18
 1.284E-18 1.295E-18 1.319E-18 1.303E-18 1.246E-18 1.270E-18 1.411E-18 1.538E-18 1.686E-18 1.806E-18
 1.808E-18 1.832E-18 1.905E-18 1.948E-18 1.978E-18 2.172E-18 2.433E-18 2.712E-18 2.829E-18 2.678E-18
 2.160E-18 1.403E-18 1.013E-18 8.345E-19 7.729E-19 7.535E-19 6.617E-19 5.416E-19 4.824E-19 4.526E-19
 4.010E-19 3.520E-19 3.772E-19 4.463E-19 4.527E-19 3.939E-19 3.621E-19 3.520E-19 3.387E-19 3.222E-19
 3.439E-19 4.020E-19 4.315E-19 3.974E-19 3.530E-19 3.166E-19 2.677E-19 2.153E-19 2.110E-19 2.532E-19
 2.829E-19 2.537E-19 2.193E-19 2.085E-19 1.860E-19 1.535E-19 1.528E-19 1.944E-19 2.307E-19 2.231E-19
 1.987E-19 1.879E-19 1.630E-19 1.271E-19 1.210E-19 1.716E-19 2.185E-19 2.102E-19 1.843E-19 1.633E-19
 1.354E-19 9.986E-20 8.556E-20 1.376E-19 2.039E-19 2.036E-19 1.630E-19 1.344E-19 1.209E-19 1.080E-19
 1.104E-19 1.518E-19 1.905E-19 1.788E-19 1.477E-19 1.313E-19 1.025E-19 7.438E-20 8.738E-20 1.472E-19
 1.808E-19 1.568E-19 1.220E-19 1.054E-19 1.033E-19 1.057E-19 1.104E-19 1.355E-19 1.484E-19 1.405E-19
 1.259E-19 9.397E-20 6.728E-20 7.307E-20 1.111E-19 1.374E-19 1.246E-19 1.052E-19 1.020E-19 1.096E-19
 1.187E-19 1.126E-19 1.162E-19 1.305E-19 1.241E-19 1.044E-19 7.982E-20 6.791E-20 7.298E-20 9.976E-20
 1.213E-19 1.066E-19 8.242E-20 9.052E-20 1.210E-19 1.377E-19 1.177E-19 1.093E-19 1.187E-19 1.110E-19
 8.531E-20 6.197E-20 5.845E-20 6.883E-20 9.602E-20 1.063E-19 8.379E-20 6.831E-20 8.243E-20 1.169E-19
 1.416E-19 1.281E-19 1.080E-19 1.060E-19 9.992E-20 7.834E-20 5.555E-20 5.229E-20 7.097E-20 9.808E-20
 9.800E-20 7.470E-20 6.613E-20 8.151E-20 1.220E-19 1.620E-19 1.518E-19 1.134E-19 9.864E-20 8.515E-20
 6.115E-20 4.841E-20 5.352E-20 7.297E-20 8.999E-20 8.352E-20 6.393E-20 5.540E-20 7.939E-20 1.349E-19
 1.877E-19 1.673E-19 1.117E-19 9.411E-20 7.746E-20 5.108E-20 4.993E-20 6.362E-20 6.957E-20 7.076E-20
 7.142E-20 6.238E-20 6.445E-20 9.949E-20 1.556E-19 1.961E-19 1.738E-19 1.132E-19 8.843E-20 6.999E-20
 5.085E-20 4.999E-20 5.011E-20 5.228E-20 6.411E-20 7.189E-20 6.881E-20 7.651E-20 1.086E-19 1.591E-19
 2.079E-19 2.019E-19 1.402E-19 1.018E-19 7.481E-20 5.251E-20 4.961E-20 4.926E-20 5.540E-20 6.959E-20
 8.458E-20 8.490E-20 8.406E-20 1.051E-19 1.550E-19 2.128E-19 2.191E-19 1.537E-19 9.467E-20 5.626E-20
 3.848E-20 4.170E-20 4.879E-20 5.948E-20 7.214E-20 8.502E-20 9.108E-20 9.329E-20 1.150E-19 1.655E-19
 2.279E-19 2.464E-19 1.766E-19 9.577E-20 5.126E-20 4.364E-20 4.906E-20 5.271E-20 5.843E-20 7.001E-20
 8.734E-20 1.016E-19 1.060E-19 1.207E-19 1.688E-19 2.362E-19 2.699E-19 2.043E-19 1.025E-19 5.224E-20
 4.347E-20 4.582E-20 5.229E-20 6.459E-20 8.052E-20 9.958E-20 1.146E-19 1.232E-19 1.342E-19 1.755E-19
 2.442E-19 2.885E-19 2.269E-19 1.077E-19 5.013E-20 4.778E-20 5.368E-20 5.939E-20 7.180E-20 9.055E-20
 1.096E-19 1.237E-19 1.328E-19 1.397E-19 1.749E-19 2.483E-19 3.064E-19 2.578E-19 1.214E-19 4.788E-20
 4.445E-20 5.448E-20 6.288E-20 7.703E-20 9.638E-20 1.148E-19 1.326E-19 1.439E-19 1.480E-19 1.791E-19
 2.528E-19 3.207E-19 2.902E-19 1.457E-19 5.442E-20 4.720E-20 5.810E-20 7.045E-20 8.609E-20 1.044E-19
 1.197E-19 1.359E-19 1.490E-19 1.572E-19 1.817E-19 2.505E-19 3.243E-19 3.080E-19 1.663E-19 6.300E-20
 5.426E-20 6.939E-20 8.083E-20 9.060E-20 1.056E-19 1.237E-19 1.409E-19 1.552E-19 1.658E-19 1.844E-19
 2.458E-19 3.239E-19 3.297E-19 2.029E-19 8.123E-20 5.670E-20 7.069E-20 8.768E-20 9.953E-20 1.108E-19
 1.265E-19 1.459E-19 1.612E-19 1.747E-19 1.946E-19 2.476E-19 3.189E-19 3.407E-19 2.423E-19 1.111E-19
 6.836E-20 7.773E-20 9.384E-20 1.051E-19 1.171E-19 1.321E-19 1.507E-19 1.679E-19 1.848E-19 2.015E-19
 2.427E-19 3.091E-19 3.370E-19 2.663E-19 1.395E-19 7.732E-20 8.075E-20 9.822E-20 1.120E-19 1.213E-19
 1.331E-19 1.538E-19 1.730E-19 1.872E-19 2.097E-19 2.447E-19 3.021E-19 3.377E-19 2.965E-19 1.815E-19
 9.806E-20 8.540E-20 9.920E-20 1.170E-19 1.288E-19 1.343E-19 1.501E-19 1.722E-19 1.880E-19 2.132E-19
 2.407E-19 2.828E-19 3.191E-19 3.064E-19 2.208E-19 1.246E-19 9.387E-20 1.001E-19 1.183E-19 1.324E-19
 1.378E-19 1.509E-19 1.786E-19 1.986E-19 2.219E-19 2.455E-19 2.752E-19 3.095E-19 3.137E-19 2.534E-19
 1.494E-19 9.712E-20 9.577E-20 1.123E-19 1.280E-19 1.331E-19 1.404E-19 1.633E-19 1.889E-19 2.165E-19
 2.452E-19 2.671E-19 2.935E-19 3.125E-19 2.879E-19 1.962E-19 1.204E-19 1.040E-19 1.181E-19 1.362E-19
 1.464E-19 1.546E-19 1.739E-19 2.005E-19 2.250E-19 2.499E-19 2.641E-19 2.802E-19 3.048E-19 3.055E-19
 2.342E-19 1.427E-19 1.071E-19 1.168E-19 1.375E-19 1.467E-19 1.569E-19 1.768E-19 2.018E-19 2.285E-19
 2.556E-19 2.693E-19 2.717E-19 2.933E-19 3.127E-19 2.707E-19 1.787E-19 1.260E-19 1.237E-19 1.399E-19
 1.503E-19 1.587E-19 1.781E-19 2.024E-19 2.262E-19 2.485E-19 2.650E-19 2.597E-19 2.716E-19 3.026E-19
 2.916E-19 2.148E-19 1.444E-19 1.261E-19 1.331E-19 1.438E-19 1.532E-19 1.712E-19 1.980E-19 2.229E-19
 2.376E-19 2.535E-19 2.494E-19 2.567E-19 2.917E-19 3.070E-19 2.536E-19 1.712E-19 1.336E-19 1.323E-19
 1.423E-19 1.529E-19 1.720E-19 1.994E-19 2.264E-19 2.409E-19 2.558E-19 2.520E-19 2.455E-19 2.744E-19
 3.037E-19 2.808E-19 2.040E-19 1.494E-19 1.351E-19 1.399E-19 1.519E-19 1.692E-19 1.926E-19 2.231E-19
 2.433E-19 2.520E-19 2.498E-19 2.386E-19 2.577E-19 2.927E-19 2.951E-19 2.338E-19 1.692E-19 1.452E-19
 1.405E-19 1.501E-19 1.642E-19 1.816E-19 2.087E-19 2.366E-19 2.453E-19 2.423E-19 2.341E-19 2.472E-19
 2.821E-19 3.054E-19 2.733E-19 1.974E-19 1.546E-19 1.374E-19 1.423E-19 1.608E-19 1.757E-19 1.948E-19
 2.261E-19 2.419E-19 2.328E-19 2.278E-19 2.363E-19 2.609E-19 2.900E-19 2.889E-19 2.230E-19 1.596E-19
 1.357E-19 1.350E-19 1.546E-19 1.681E-19 1.814E-19 2.108E-19 2.361E-19 2.265E-19 2.191E-19 2.262E-19
 2.458E-19 2.757E-19 2.961E-19 2.548E-19 1.819E-19 1.478E-19 1.361E-19 1.499E-19 1.666E-19 1.770E-19
 1.982E-19 2.242E-19 2.222E-19 2.098E-19 2.151E-19 2.276E-19 2.508E-19 2.791E-19 2.704E-19 2.036E-19
 1.539E-19 1.364E-19 1.407E-19 1.554E-19 1.614E-19 1.779E-19 2.061E-19 2.112E-19 1.985E-19 2.088E-19
 2.274E-19 2.422E-19 2.655E-19 2.809E-19 2.381E-19 1.770E-19 1.474E-19 1.384E-19 1.501E-19 1.616E-19
 1.729E-19 1.917E-19 1.988E-19 1.851E-19 1.913E-19 2.139E-19 2.257E-19 2.437E-19 2.706E-19 2.598E-19
 1.956E-19 1.541E-19 1.420E-19 1.435E-19 1.585E-19 1.713E-19 1.872E-19 1.965E-19 1.868E-19 1.833E-19
 2.077E-19 2.267E-19 2.314E-19 2.498E-19 2.647E-19 2.292E-19 1.743E-19 1.515E-19 1.395E-19 1.439E-19
 1.590E-19 1.715E-19 1.816E-19 1.768E-19 1.678E-19 1.827E-19 2.123E-19 2.204E-19 2.316E-19 2.571E-19
 2.490E-19 1.901E-19 1.536E-19 1.453E-19 1.429E-19 1.592E-19 1.682E-19 1.741E-19 1.745E-19 1.674E-19
 1.691E-19 1.955E-19 2.164E-19 2.236E-19 2.437E-19 2.578E-19 2.205E-19 1.671E-19 1.471E-19 1.365E-19
 1.442E-19 1.622E-19 1.648E-19 1.621E-19 1.565E-19 1.562E-19 1.755E-19 2.055E-19 2.177E-19 2.302E-19
 2.486E-19 2.399E-19 1.868E-19 1.498E-19 1.451E-19 1.440E-19 1.576E-19 1.603E-19 1.539E-19 1.512E-19
 1.528E-19 1.611E-19 1.826E-19 2.009E-19 2.119E-19 2.304E-19 2.393E-19 2.086E-19 1.593E-19 1.419E-19
 1.401E-19 1.464E-19 1.563E-19 1.516E-19 1.452E-19 1.462E-19 1.514E-19 1.630E-19 1.836E-19 2.015E-19
 2.211E-19 2.354E-19 2.243E-19 1.806E-19 1.428E-19 1.363E-19 1.408E-19 1.531E-19 1.543E-19 1.418E-19
 1.377E-19 1.441E-19 1.527E-19 1.645E-19 1.794E-19 1.989E-19 2.213E-19 2.244E-19 2.011E-19 1.595E-19
 1.374E-19 1.402E-19 1.431E-19 1.442E-19 1.355E-19 1.271E-19 1.340E-19 1.439E-19 1.517E-19 1.651E-19
 1.839E-19 2.040E-19 2.169E-19 2.093E-19 1.819E-19 1.467E-19 1.318E-19 1.317E-19 1.343E-19 1.324E-19
 1.191E-19 1.185E-19 1.314E-19 1.395E-19 1.472E-19 1.654E-19 1.840E-19 2.005E-19 2.082E-19 1.959E-19
 1.617E-19 1.331E-19 1.289E-19 1.328E-19 1.358E-19 1.242E-19 1.172E-19 1.254E-19 1.341E-19 1.364E-19
 1.454E-19 1.647E-19 1.832E-19 1.938E-19 1.949E-19 1.784E-19 1.401E-19 1.160E-19 1.150E-19 1.244E-19
 1.212E-19 1.055E-19 1.069E-19 1.246E-19 1.323E-19 1.308E-19 1.437E-19 1.642E-19 1.788E-19 1.849E-19
 1.859E-19 1.689E-19 1.355E-19 1.177E-19 1.160E-19 1.169E-19 1.066E-19 9.950E-20 1.115E-19 1.251E-19
 1.238E-19 1.257E-19 1.451E-19 1.616E-19 1.675E-19 1.715E-19 1.741E-19 1.509E-19 1.214E-19 1.114E-19
 1.121E-19 1.131E-19 1.029E-19 9.906E-20 1.096E-19 1.171E-19 1.160E-19 1.238E-19 1.428E-19 1.562E-19
 1.604E-19 1.652E-19 1.628E-19 1.384E-19 1.154E-19 1.064E-19 1.053E-19 1.010E-19 9.208E-20 9.417E-20
 1.039E-19 1.078E-19 1.127E-19 1.266E-19 1.428E-19 1.497E-19 1.484E-19 1.538E-19 1.518E-19 1.286E-19
 1.051E-19 9.564E-20 9.501E-20 9.596E-20 9.475E-20 1.010E-19 1.066E-19 1.053E-19 1.099E-19 1.248E-19
 1.384E-19 1.445E-19 1.456E-19 1.458E-19 1.344E-19 1.117E-19 9.319E-20 8.448E-20 8.825E-20 9.351E-20
 9.619E-20 9.744E-20 9.468E-20 9.521E-20 1.069E-19 1.237E-19 1.302E-19 1.300E-19 1.318E-19 1.323E-19
 1.225E-19 1.055E-19 8.685E-20 7.975E-20 8.787E-20 9.395E-20 9.342E-20 9.270E-20 9.511E-20 9.997E-20
 1.109E-19 1.199E-19 1.199E-19 1.226E-19 1.272E-19 1.267E-19 1.151E-19 9.823E-20 8.068E-20 7.523E-20
 8.228E-20 8.594E-20 8.457E-20 8.482E-20 8.700E-20 9.188E-20 1.084E-19 1.188E-19 1.169E-19 1.176E-19
 1.215E-19 1.186E-19 1.083E-19 9.410E-20 8.009E-20 7.865E-20 8.326E-20 8.311E-20 8.355E-20 8.588E-20
 8.595E-20 8.910E-20 1.005E-19 1.064E-19 1.110E-19 1.138E-19 1.141E-19 1.081E-19 9.518E-20 7.677E-20
 6.652E-20 7.226E-20 7.406E-20 7.068E-20 7.317E-20 7.847E-20 8.210E-20 9.026E-20 9.781E-20 1.008E-19
 1.029E-19 1.046E-19 1.046E-19 9.759E-20 8.464E-20 7.048E-20 6.362E-20 6.749E-20 6.742E-20 6.566E-20
 7.146E-20 7.804E-20 8.185E-20 8.814E-20 9.210E-20 9.222E-20 9.465E-20 9.743E-20 9.823E-20 8.910E-20
 7.659E-20 6.592E-20 6.476E-20 6.843E-20 6.563E-20 6.380E-20 7.032E-20 7.739E-20 7.868E-20 8.085E-20
 8.436E-20 8.746E-20 9.054E-20 9.139E-20 8.788E-20 8.052E-20 7.201E-20 6.474E-20 6.371E-20 6.116E-20
 5.589E-20 5.825E-20 6.687E-20 7.211E-20 6.961E-20 7.166E-20 7.841E-20 8.104E-20 8.301E-20 8.587E-20
 8.325E-20 7.389E-20 6.549E-20 6.449E-20 6.667E-20 6.390E-20 6.009E-20 6.167E-20 6.167E-20 7.055E-20
 6.965E-20 7.054E-20 7.395E-20 7.473E-20 7.682E-20 7.980E-20 7.610E-20 6.742E-20 6.742E-20 5.484E-20
 5.455E-20 5.223E-20 5.127E-20 5.399E-20 6.020E-20 6.284E-20 6.350E-20 6.801E-20 7.184E-20 7.502E-20
 7.705E-20 7.450E-20 6.897E-20 6.417E-20 5.641E-20 4.960E-20 5.011E-20 5.038E-20 4.940E-20 5.292E-20
 5.647E-20 5.574E-20 5.736E-20 6.435E-20 6.764E-20 6.920E-20 6.963E-20 6.567E-20 6.074E-20 5.790E-20
 5.237E-20 4.707E-20 4.886E-20 4.738E-20 4.553E-20 5.176E-20 5.751E-20 5.684E-20 5.750E-20 6.203E-20
 6.464E-20 6.433E-20 6.443E-20 6.483E-20 6.084E-20 5.499E-20 4.608E-20 4.006E-20 4.300E-20 4.472E-20
 4.544E-20 4.767E-20 4.839E-20 4.820E-20 5.253E-20 5.840E-20 5.840E-20 5.690E-20 5.662E-20 5.500E-20
 5.218E-20 4.919E-20 4.478E-20 4.228E-20 4.576E-20 4.575E-20 4.340E-20 4.420E-20 4.523E-20 4.545E-20
 5.011E-20 5.735E-20 5.707E-20 5.275E-20 5.195E-20 5.251E-20 4.951E-20 4.857E-20 4.173E-20 3.508E-20
 3.741E-20 3.999E-20 4.064E-20 3.919E-20 3.872E-20 3.867E-20 4.190E-20 4.726E-20 4.897E-20 5.070E-20
 5.320E-20 5.304E-20 4.624E-20 4.190E-20 3.689E-20 3.219E-20 3.751E-20 4.206E-20 4.245E-20 4.000E-20
 3.834E-20 3.906E-20 4.127E-20 4.375E-20 4.560E-20 4.409E-20 4.272E-20 4.195E-20 3.821E-20 3.629E-20
 3.436E-20 3.412E-20 3.505E-20 3.409E-20 3.320E-20 3.406E-20 3.692E-20 3.747E-20 3.926E-20 4.149E-20
 3.980E-20 4.089E-20 4.256E-20 4.104E-20 3.982E-20 3.599E-20 3.108E-20 3.020E-20 3.114E-20 2.923E-20
 3.037E-20 3.193E-20 3.071E-20 2.996E-20 3.052E-20 3.318E-20 3.610E-20 3.843E-20 3.828E-20 3.366E-20
 3.027E-20 3.090E-20 2.915E-20 2.665E-20 3.212E-20 3.499E-20 3.178E-20 2.937E-20 3.004E-20 3.141E-20
 3.470E-20 3.588E-20 3.452E-20 3.570E-20 3.444E-20 3.019E-20 2.669E-20 2.811E-20 2.778E-20 2.397E-20
 2.629E-20 2.778E-20 2.721E-20 2.873E-20 2.933E-20 2.849E-20 3.099E-20 3.275E-20 2.943E-20 2.901E-20
 2.901E-20 3.373E-20 3.145E-20 2.916E-20 2.700E-20 2.460E-20 2.456E-20 2.709E-20 2.972E-20 2.920E-20
 2.636E-20 2.157E-20 2.027E-20 2.410E-20 2.932E-20 2.959E-20 2.744E-20 2.431E-20 2.092E-20 2.367E-20
 2.913E-20 3.078E-20 2.403E-20 1.862E-20 1.791E-20 2.041E-20 0.000E+00 0.000E+00 0.000E+00 0.000E+00
