     CClF3 1065.0080 1139.9960      5056  293.0000    0.0000 6.248E-18  NCAR    CFC-13
 1.649E-20 1.895E-20 1.799E-20 1.413E-20 1.191E-20 9.976E-21 1.065E-20 1.124E-20 1.105E-20 1.036E-20
 1.315E-20 2.111E-20 2.386E-20 1.878E-20 1.793E-20 1.906E-20 1.794E-20 1.731E-20 1.757E-20 1.840E-20
 2.053E-20 2.090E-20 1.802E-20 1.408E-20 1.015E-20 9.274E-21 1.003E-20 8.598E-21 7.579E-21 1.326E-20
 2.313E-20 2.636E-20 2.279E-20 2.058E-20 2.216E-20 2.400E-20 2.141E-20 2.000E-20 2.010E-20 1.909E-20
 1.709E-20 1.767E-20 1.573E-20 1.308E-20 1.177E-20 8.628E-21 8.144E-21 9.018E-21 1.370E-20 2.204E-20
 2.287E-20 1.868E-20 2.159E-20 2.273E-20 1.822E-20 1.636E-20 1.910E-20 2.278E-20 2.118E-20 1.674E-20
 1.439E-20 1.347E-20 1.238E-20 1.260E-20 1.268E-20 1.078E-20 1.099E-20 1.812E-20 1.812E-20 2.941E-20
 2.500E-20 2.517E-20 2.123E-20 1.699E-20 1.709E-20 2.057E-20 2.422E-20 2.393E-20 2.393E-20 1.739E-20
 1.244E-20 8.280E-21 6.260E-21 5.936E-21 6.520E-21 8.600E-21 1.609E-20 2.641E-20 2.600E-20 2.361E-20
 2.199E-20 1.897E-20 1.919E-20 2.289E-20 2.215E-20 2.215E-20 1.441E-20 1.306E-20 1.167E-20 1.020E-20
 1.020E-20 9.451E-21 9.361E-21 1.048E-20 1.554E-20 2.398E-20 2.889E-20 2.748E-20 2.503E-20 2.152E-20
 2.145E-20 2.349E-20 2.493E-20 2.125E-20 1.540E-20 1.356E-20 1.311E-20 1.233E-20 1.446E-20 1.411E-20
 1.283E-20 1.307E-20 1.516E-20 2.275E-20 3.390E-20 3.793E-20 3.158E-20 2.721E-20 2.643E-20 2.657E-20
 2.569E-20 2.437E-20 2.279E-20 1.822E-20 1.423E-20 1.142E-20 9.420E-21 9.513E-21 1.256E-20 1.208E-20
 9.585E-21 1.227E-20 2.446E-20 3.422E-20 3.051E-20 2.543E-20 2.510E-20 2.535E-20 2.468E-20 2.359E-20
 2.109E-20 1.630E-20 1.463E-20 1.178E-20 9.475E-21 1.174E-20 1.336E-20 1.167E-20 1.107E-20 1.496E-20
 2.446E-20 3.671E-20 3.567E-20 3.014E-20 2.981E-20 3.006E-20 2.823E-20 2.390E-20 2.103E-20 1.815E-20
 1.496E-20 1.162E-20 1.119E-20 1.049E-20 1.043E-20 1.054E-20 8.767E-21 1.219E-20 2.607E-20 4.066E-20
 4.159E-20 3.239E-20 2.863E-20 2.967E-20 2.725E-20 2.186E-20 2.008E-20 1.987E-20 1.886E-20 1.689E-20
 1.586E-20 1.530E-20 1.469E-20 1.425E-20 1.433E-20 1.561E-20 2.248E-20 2.248E-20 4.022E-20 3.411E-20
 3.064E-20 3.251E-20 2.840E-20 2.081E-20 1.813E-20 1.914E-20 1.962E-20 1.746E-20 1.304E-20 9.548E-21
 8.012E-21 7.428E-21 6.074E-21 1.083E-20 2.310E-20 3.549E-20 4.022E-20 3.582E-20 3.191E-20 3.001E-20
 3.001E-20 2.135E-20 2.125E-20 1.806E-20 1.530E-20 1.532E-20 1.380E-20 1.380E-20 1.108E-20 1.345E-20
 1.631E-20 2.137E-20 2.868E-20 3.721E-20 4.088E-20 3.786E-20 3.529E-20 2.902E-20 2.387E-20 2.258E-20
 2.163E-20 2.082E-20 1.908E-20 1.514E-20 1.323E-20 1.370E-20 1.229E-20 1.395E-20 1.738E-20 2.162E-20
 2.643E-20 3.390E-20 4.083E-20 3.884E-20 3.501E-20 3.117E-20 2.553E-20 2.082E-20 1.864E-20 1.708E-20
 1.457E-20 1.528E-20 1.435E-20 1.316E-20 1.264E-20 1.267E-20 1.688E-20 2.099E-20 2.287E-20 3.156E-20
 4.308E-20 4.100E-20 3.240E-20 2.692E-20 2.247E-20 1.848E-20 1.648E-20 1.374E-20 1.351E-20 1.417E-20
 1.324E-20 1.324E-20 1.462E-20 1.868E-20 2.004E-20 2.000E-20 2.423E-20 3.649E-20 4.610E-20 4.300E-20
 3.420E-20 2.675E-20 2.156E-20 1.819E-20 1.505E-20 1.406E-20 1.239E-20 1.373E-20 1.299E-20 1.299E-20
 1.542E-20 2.125E-20 2.234E-20 2.247E-20 2.989E-20 4.276E-20 4.582E-20 3.605E-20 2.644E-20 2.244E-20
 1.904E-20 1.590E-20 1.459E-20 1.690E-20 1.860E-20 1.563E-20 1.506E-20 2.018E-20 2.536E-20 2.536E-20
 2.536E-20 2.749E-20 3.887E-20 4.872E-20 4.386E-20 3.420E-20 2.741E-20 2.012E-20 1.769E-20 1.777E-20
 1.745E-20 1.710E-20 1.995E-20 2.175E-20 2.003E-20 2.037E-20 2.430E-20 2.485E-20 2.523E-20 2.936E-20
 4.099E-20 4.530E-20 3.392E-20 2.447E-20 2.128E-20 1.781E-20 1.575E-20 1.575E-20 1.201E-20 1.625E-20
 1.914E-20 2.036E-20 2.411E-20 2.848E-20 2.633E-20 1.941E-20 2.314E-20 3.636E-20 4.670E-20 4.153E-20
 3.079E-20 2.294E-20 1.999E-20 2.141E-20 1.941E-20 1.637E-20 1.597E-20 1.851E-20 2.042E-20 2.532E-20
 2.857E-20 2.536E-20 2.273E-20 2.370E-20 2.954E-20 3.979E-20 4.171E-20 3.271E-20 2.359E-20 1.994E-20
 1.792E-20 1.720E-20 1.700E-20 1.932E-20 2.303E-20 2.300E-20 2.444E-20 2.576E-20 2.350E-20 2.144E-20
 2.400E-20 2.867E-20 3.570E-20 4.200E-20 3.690E-20 2.789E-20 2.528E-20 2.355E-20 2.003E-20 1.958E-20
 2.333E-20 2.468E-20 2.450E-20 2.512E-20 2.487E-20 2.046E-20 1.785E-20 1.930E-20 2.420E-20 3.071E-20
 3.889E-20 4.095E-20 3.146E-20 2.666E-20 2.666E-20 2.071E-20 2.351E-20 2.452E-20 2.380E-20 2.404E-20
 2.524E-20 2.513E-20 2.158E-20 1.997E-20 2.241E-20 2.660E-20 2.973E-20 3.680E-20 4.277E-20 3.849E-20
 3.155E-20 2.804E-20 2.490E-20 2.322E-20 2.225E-20 2.226E-20 2.341E-20 2.740E-20 2.742E-20 2.180E-20
 1.781E-20 2.151E-20 2.592E-20 2.921E-20 3.604E-20 4.165E-20 3.499E-20 2.695E-20 2.816E-20 2.875E-20
 2.742E-20 2.412E-20 2.261E-20 2.738E-20 3.101E-20 2.850E-20 2.401E-20 2.153E-20 2.310E-20 2.264E-20
 2.277E-20 3.283E-20 4.249E-20 3.904E-20 3.090E-20 2.564E-20 2.405E-20 2.374E-20 2.199E-20 2.171E-20
 2.378E-20 2.636E-20 2.587E-20 2.537E-20 2.791E-20 2.793E-20 2.607E-20 2.688E-20 2.688E-20 4.342E-20
 4.238E-20 3.474E-20 2.764E-20 2.466E-20 2.390E-20 2.363E-20 2.674E-20 2.815E-20 2.441E-20 2.280E-20
 2.596E-20 2.699E-20 2.435E-20 2.210E-20 2.539E-20 3.473E-20 4.224E-20 3.875E-20 3.193E-20 2.747E-20
 2.484E-20 2.534E-20 2.827E-20 3.108E-20 3.063E-20 2.610E-20 2.462E-20 2.827E-20 3.125E-20 2.936E-20
 2.791E-20 3.261E-20 4.216E-20 4.675E-20 3.963E-20 3.132E-20 2.772E-20 2.649E-20 2.645E-20 2.980E-20
 3.271E-20 2.975E-20 2.712E-20 2.870E-20 3.242E-20 3.187E-20 2.826E-20 2.959E-20 3.839E-20 4.738E-20
 5.003E-20 4.088E-20 3.309E-20 3.317E-20 3.439E-20 3.747E-20 3.945E-20 4.007E-20 3.900E-20 3.648E-20
 3.392E-20 3.157E-20 3.003E-20 2.729E-20 2.893E-20 3.882E-20 4.874E-20 4.873E-20 4.161E-20 3.643E-20
 3.406E-20 3.311E-20 3.496E-20 3.509E-20 3.174E-20 3.124E-20 3.303E-20 3.490E-20 3.571E-20 3.438E-20
 3.208E-20 3.451E-20 4.439E-20 5.272E-20 4.931E-20 4.182E-20 3.557E-20 3.253E-20 3.383E-20 3.534E-20
 3.396E-20 3.384E-20 3.813E-20 3.677E-20 3.333E-20 3.267E-20 3.424E-20 3.678E-20 4.088E-20 4.927E-20
 5.172E-20 4.574E-20 4.112E-20 4.187E-20 4.613E-20 4.630E-20 4.033E-20 3.801E-20 3.798E-20 3.612E-20
 3.440E-20 3.524E-20 3.721E-20 3.698E-20 3.782E-20 4.493E-20 5.354E-20 4.983E-20 3.947E-20 3.872E-20
 4.293E-20 4.071E-20 3.739E-20 3.943E-20 3.941E-20 3.842E-20 4.112E-20 4.335E-20 4.298E-20 4.311E-20
 4.492E-20 5.002E-20 5.725E-20 5.576E-20 4.624E-20 4.243E-20 4.559E-20 4.700E-20 4.494E-20 4.545E-20
 4.634E-20 4.184E-20 3.711E-20 3.966E-20 4.006E-20 3.787E-20 3.998E-20 4.370E-20 5.332E-20 6.031E-20
 5.785E-20 5.371E-20 5.249E-20 5.247E-20 4.885E-20 4.768E-20 5.048E-20 4.934E-20 4.355E-20 4.137E-20
 4.173E-20 4.246E-20 4.461E-20 5.135E-20 6.015E-20 6.534E-20 5.843E-20 5.069E-20 4.957E-20 5.060E-20
 4.823E-20 4.563E-20 4.656E-20 4.922E-20 5.106E-20 4.854E-20 4.827E-20 4.772E-20 4.827E-20 5.163E-20
 5.778E-20 6.176E-20 6.110E-20 5.982E-20 5.705E-20 5.529E-20 5.517E-20 5.293E-20 5.181E-20 5.162E-20
 5.065E-20 4.862E-20 4.891E-20 4.794E-20 4.672E-20 5.385E-20 6.545E-20 7.504E-20 7.332E-20 6.409E-20
 5.886E-20 5.596E-20 5.249E-20 4.748E-20 4.852E-20 5.100E-20 5.110E-20 5.224E-20 5.223E-20 5.423E-20
 5.536E-20 5.376E-20 5.728E-20 6.415E-20 6.387E-20 6.165E-20 5.907E-20 5.617E-20 5.809E-20 5.922E-20
 5.864E-20 6.172E-20 6.193E-20 5.889E-20 5.839E-20 5.789E-20 5.720E-20 5.616E-20 6.034E-20 6.415E-20
 5.794E-20 5.543E-20 5.972E-20 6.317E-20 6.560E-20 6.483E-20 6.036E-20 5.961E-20 6.278E-20 6.249E-20
 6.148E-20 5.970E-20 6.261E-20 6.924E-20 7.857E-20 8.371E-20 7.686E-20 6.943E-20 6.767E-20 6.703E-20
 6.677E-20 6.671E-20 6.248E-20 5.655E-20 5.645E-20 6.034E-20 6.162E-20 5.906E-20 6.020E-20 6.564E-20
 7.372E-20 7.787E-20 7.291E-20 6.953E-20 7.009E-20 6.895E-20 6.889E-20 7.642E-20 8.256E-20 7.780E-20
 7.221E-20 7.133E-20 6.974E-20 7.023E-20 7.226E-20 7.374E-20 7.651E-20 7.682E-20 7.704E-20 7.836E-20
 7.411E-20 7.119E-20 7.273E-20 7.603E-20 8.056E-20 8.071E-20 7.826E-20 7.669E-20 7.560E-20 7.776E-20
 8.321E-20 8.947E-20 9.093E-20 8.549E-20 8.197E-20 7.770E-20 7.365E-20 7.459E-20 7.889E-20 8.046E-20
 7.957E-20 8.055E-20 7.930E-20 7.684E-20 7.273E-20 7.036E-20 7.342E-20 7.429E-20 6.683E-20 6.683E-20
 6.097E-20 6.194E-20 6.120E-20 6.317E-20 7.297E-20 8.462E-20 8.448E-20 7.816E-20 7.289E-20 6.896E-20
 7.017E-20 7.153E-20 7.027E-20 6.846E-20 6.737E-20 6.990E-20 7.110E-20 7.157E-20 7.206E-20 7.442E-20
 7.705E-20 7.515E-20 7.772E-20 8.147E-20 8.424E-20 8.083E-20 7.739E-20 8.639E-20 9.512E-20 9.272E-20
 8.476E-20 8.132E-20 8.500E-20 8.988E-20 8.955E-20 8.642E-20 8.664E-20 9.033E-20 9.549E-20 9.885E-20
 9.955E-20 1.009E-19 1.031E-19 1.006E-19 9.697E-20 9.821E-20 9.816E-20 9.607E-20 9.478E-20 9.652E-20
 1.022E-19 1.120E-19 1.148E-19 1.103E-19 1.104E-19 1.162E-19 1.182E-19 1.161E-19 1.112E-19 1.077E-19
 1.100E-19 1.161E-19 1.175E-19 1.138E-19 1.135E-19 1.150E-19 1.156E-19 1.163E-19 1.172E-19 1.164E-19
 1.158E-19 1.178E-19 1.182E-19 1.240E-19 1.319E-19 1.304E-19 1.271E-19 1.242E-19 1.207E-19 1.193E-19
 1.166E-19 1.096E-19 1.040E-19 1.062E-19 1.063E-19 1.041E-19 1.076E-19 1.134E-19 1.143E-19 1.113E-19
 1.096E-19 1.067E-19 1.031E-19 1.018E-19 1.003E-19 9.936E-20 1.074E-19 1.170E-19 1.142E-19 1.048E-19
 9.531E-20 8.678E-20 8.008E-20 7.120E-20 5.907E-20 5.089E-20 5.525E-20 5.972E-20 6.018E-20 6.100E-20
 5.925E-20 5.600E-20 5.590E-20 5.404E-20 5.702E-20 6.055E-20 5.965E-20 5.842E-20 5.963E-20 6.876E-20
 7.982E-20 7.952E-20 7.117E-20 6.451E-20 6.186E-20 6.167E-20 5.751E-20 5.183E-20 5.682E-20 6.683E-20
 6.887E-20 6.682E-20 6.552E-20 6.555E-20 6.718E-20 6.405E-20 6.318E-20 6.590E-20 6.666E-20 6.256E-20
 5.604E-20 5.802E-20 7.052E-20 8.707E-20 8.722E-20 7.642E-20 7.190E-20 6.893E-20 6.678E-20 6.726E-20
 6.434E-20 6.262E-20 6.557E-20 6.893E-20 7.327E-20 7.566E-20 7.214E-20 6.767E-20 6.947E-20 7.149E-20
 6.991E-20 6.795E-20 6.924E-20 6.687E-20 6.491E-20 7.371E-20 8.399E-20 7.936E-20 7.142E-20 6.925E-20
 7.089E-20 7.574E-20 7.817E-20 7.715E-20 7.609E-20 7.869E-20 8.214E-20 8.461E-20 8.569E-20 8.070E-20
 7.501E-20 7.399E-20 7.090E-20 7.064E-20 7.703E-20 8.247E-20 8.314E-20 8.453E-20 9.146E-20 9.684E-20
 9.057E-20 8.512E-20 8.324E-20 8.261E-20 8.028E-20 7.755E-20 7.632E-20 8.123E-20 9.198E-20 1.016E-19
 1.013E-19 9.543E-20 8.931E-20 8.635E-20 8.179E-20 7.871E-20 8.187E-20 8.075E-20 7.396E-20 7.260E-20
 8.099E-20 1.029E-19 1.172E-19 1.109E-19 9.912E-20 9.372E-20 9.661E-20 9.583E-20 8.889E-20 8.703E-20
 9.531E-20 1.014E-19 9.581E-20 8.757E-20 8.593E-20 9.052E-20 9.514E-20 9.680E-20 9.762E-20 9.537E-20
 8.793E-20 7.743E-20 7.844E-20 9.703E-20 1.169E-19 1.157E-19 1.031E-19 9.736E-20 9.986E-20 1.044E-19
 1.067E-19 1.049E-19 1.068E-19 1.117E-19 1.071E-19 9.831E-20 9.557E-20 9.757E-20 9.738E-20 9.950E-20
 1.046E-19 1.042E-19 9.835E-20 9.233E-20 9.551E-20 1.069E-19 1.228E-19 1.292E-19 1.138E-19 1.047E-19
 1.086E-19 1.125E-19 1.154E-19 1.174E-19 1.207E-19 1.262E-19 1.294E-19 1.278E-19 1.256E-19 1.172E-19
 1.054E-19 1.000E-19 1.013E-19 1.009E-19 9.270E-20 8.283E-20 8.406E-20 9.881E-20 1.257E-19 1.498E-19
 1.490E-19 1.406E-19 1.377E-19 1.286E-19 1.233E-19 1.203E-19 1.154E-19 1.192E-19 1.239E-19 1.253E-19
 1.269E-19 1.291E-19 1.310E-19 1.304E-19 1.321E-19 1.302E-19 1.176E-19 1.004E-19 8.804E-20 9.131E-20
 1.128E-19 1.386E-19 1.438E-19 1.304E-19 1.319E-19 1.426E-19 1.473E-19 1.503E-19 1.519E-19 1.488E-19
 1.450E-19 1.451E-19 1.399E-19 1.275E-19 1.190E-19 1.168E-19 1.142E-19 1.096E-19 1.103E-19 1.155E-19
 1.177E-19 1.160E-19 1.220E-19 1.434E-19 1.589E-19 1.461E-19 1.331E-19 1.331E-19 1.440E-19 1.599E-19
 1.624E-19 1.544E-19 1.607E-19 1.785E-19 1.754E-19 1.536E-19 1.367E-19 1.281E-19 1.201E-19 1.157E-19
 1.142E-19 1.104E-19 1.058E-19 1.077E-19 1.203E-19 1.502E-19 1.879E-19 1.987E-19 1.859E-19 1.737E-19
 1.770E-19 1.846E-19 1.709E-19 1.537E-19 1.557E-19 1.595E-19 1.490E-19 1.340E-19 1.303E-19 1.417E-19
 1.629E-19 1.715E-19 1.522E-19 1.281E-19 1.126E-19 1.080E-19 1.143E-19 1.381E-19 1.739E-19 1.847E-19
 1.725E-19 1.731E-19 1.987E-19 2.313E-19 2.279E-19 2.058E-19 1.960E-19 1.869E-19 1.622E-19 1.415E-19
 1.364E-19 1.374E-19 1.369E-19 1.320E-19 1.280E-19 1.338E-19 1.441E-19 1.531E-19 1.555E-19 1.629E-19
 1.935E-19 2.037E-19 1.928E-19 2.027E-19 2.336E-19 2.395E-19 2.109E-19 1.930E-19 1.959E-19 1.973E-19
 1.867E-19 1.766E-19 1.628E-19 1.493E-19 1.367E-19 1.289E-19 1.309E-19 1.341E-19 1.306E-19 1.266E-19
 1.317E-19 1.615E-19 2.188E-19 2.557E-19 2.584E-19 2.674E-19 2.779E-19 2.609E-19 2.305E-19 2.081E-19
 1.954E-19 1.760E-19 1.566E-19 1.565E-19 1.596E-19 1.607E-19 1.646E-19 1.712E-19 1.744E-19 1.677E-19
 1.571E-19 1.433E-19 1.386E-19 1.674E-19 2.274E-19 2.592E-19 2.661E-19 2.895E-19 3.014E-19 2.891E-19
 2.672E-19 2.354E-19 2.026E-19 1.792E-19 1.676E-19 1.644E-19 1.605E-19 1.570E-19 1.597E-19 1.657E-19
 1.745E-19 1.768E-19 1.654E-19 1.658E-19 1.798E-19 2.131E-19 2.763E-19 3.114E-19 3.183E-19 3.261E-19
 3.033E-19 2.672E-19 2.288E-19 1.916E-19 1.790E-19 1.911E-19 2.097E-19 2.058E-19 1.883E-19 1.758E-19
 1.712E-19 1.774E-19 1.878E-19 1.780E-19 1.577E-19 1.535E-19 1.752E-19 2.431E-19 3.456E-19 3.958E-19
 3.926E-19 3.539E-19 2.996E-19 2.547E-19 2.121E-19 1.907E-19 1.952E-19 1.997E-19 1.943E-19 1.929E-19
 1.965E-19 2.049E-19 2.163E-19 2.182E-19 2.005E-19 1.726E-19 1.624E-19 1.776E-19 2.197E-19 3.122E-19
 4.020E-19 4.148E-19 3.829E-19 3.440E-19 3.160E-19 2.704E-19 2.196E-19 2.032E-19 2.101E-19 2.099E-19
 2.055E-19 1.997E-19 1.988E-19 2.051E-19 2.117E-19 2.136E-19 2.076E-19 2.061E-19 2.054E-19 2.212E-19
 2.870E-19 3.991E-19 4.636E-19 4.396E-19 3.824E-19 3.300E-19 2.827E-19 2.304E-19 2.042E-19 2.238E-19
 2.435E-19 2.435E-19 2.321E-19 2.178E-19 2.157E-19 2.268E-19 2.387E-19 2.362E-19 2.182E-19 2.017E-19
 2.070E-19 2.661E-19 3.902E-19 5.053E-19 5.050E-19 4.257E-19 3.543E-19 3.091E-19 2.647E-19 2.258E-19
 2.258E-19 2.419E-19 2.417E-19 2.320E-19 2.360E-19 2.530E-19 2.649E-19 2.674E-19 2.623E-19 2.482E-19
 2.323E-19 2.353E-19 2.712E-19 3.605E-19 4.860E-19 5.347E-19 4.694E-19 3.993E-19 3.459E-19 2.916E-19
 2.478E-19 2.394E-19 2.584E-19 2.632E-19 2.495E-19 2.433E-19 2.491E-19 2.608E-19 2.786E-19 3.018E-19
 3.017E-19 2.729E-19 2.594E-19 2.902E-19 3.639E-19 4.821E-19 5.675E-19 5.143E-19 4.098E-19 3.455E-19
 3.101E-19 2.951E-19 2.784E-19 2.717E-19 2.786E-19 2.783E-19 2.800E-19 2.863E-19 2.887E-19 2.884E-19
 2.911E-19 2.926E-19 2.901E-19 3.053E-19 3.323E-19 3.784E-19 4.777E-19 5.783E-19 5.546E-19 4.482E-19
 3.725E-19 3.232E-19 2.889E-19 2.668E-19 2.823E-19 3.228E-19 3.370E-19 3.311E-19 3.268E-19 3.180E-19
 3.110E-19 3.103E-19 3.115E-19 3.074E-19 3.048E-19 3.253E-19 3.875E-19 5.014E-19 6.009E-19 5.898E-19
 4.880E-19 4.074E-19 3.616E-19 3.164E-19 2.830E-19 2.952E-19 3.430E-19 3.555E-19 3.482E-19 3.514E-19
 3.424E-19 3.325E-19 3.383E-19 3.403E-19 3.340E-19 3.234E-19 3.403E-19 4.085E-19 4.935E-19 5.538E-19
 5.799E-19 5.289E-19 4.425E-19 3.805E-19 3.490E-19 3.295E-19 3.385E-19 3.732E-19 3.785E-19 3.604E-19
 3.402E-19 3.235E-19 3.341E-19 3.663E-19 3.879E-19 3.790E-19 3.489E-19 3.712E-19 4.530E-19 5.160E-19
 5.611E-19 5.932E-19 5.413E-19 4.604E-19 4.272E-19 4.059E-19 3.768E-19 3.746E-19 4.018E-19 3.983E-19
 3.720E-19 3.428E-19 3.242E-19 3.401E-19 3.837E-19 4.209E-19 4.161E-19 3.931E-19 4.397E-19 5.010E-19
 5.259E-19 5.688E-19 6.193E-19 5.660E-19 4.657E-19 4.256E-19 4.199E-19 4.328E-19 4.379E-19 4.350E-19
 4.134E-19 3.792E-19 3.471E-19 3.509E-19 3.932E-19 4.401E-19 4.415E-19 4.218E-19 4.461E-19 5.172E-19
 5.415E-19 5.339E-19 5.689E-19 6.330E-19 5.936E-19 5.050E-19 4.707E-19 4.696E-19 4.669E-19 4.492E-19
 4.454E-19 4.309E-19 3.908E-19 3.804E-19 4.255E-19 4.859E-19 4.985E-19 4.654E-19 4.555E-19 4.964E-19
 5.482E-19 5.607E-19 5.587E-19 5.966E-19 6.576E-19 6.211E-19 5.502E-19 5.338E-19 5.255E-19 4.803E-19
 4.296E-19 4.155E-19 4.016E-19 4.007E-19 4.468E-19 5.039E-19 5.041E-19 4.617E-19 4.486E-19 4.791E-19
 5.226E-19 5.447E-19 5.283E-19 5.188E-19 5.862E-19 6.773E-19 6.488E-19 5.789E-19 5.459E-19 5.084E-19
 4.433E-19 4.037E-19 4.096E-19 4.333E-19 4.885E-19 5.339E-19 5.211E-19 4.732E-19 4.619E-19 4.911E-19
 5.382E-19 5.709E-19 5.594E-19 5.143E-19 5.118E-19 6.289E-19 7.315E-19 6.650E-19 5.856E-19 5.500E-19
 5.027E-19 4.456E-19 4.380E-19 4.723E-19 5.100E-19 5.349E-19 5.297E-19 4.961E-19 4.833E-19 5.182E-19
 5.636E-19 5.833E-19 5.747E-19 5.319E-19 4.774E-19 5.361E-19 7.166E-19 7.653E-19 6.736E-19 6.203E-19
 5.808E-19 5.149E-19 4.673E-19 5.007E-19 5.417E-19 5.392E-19 5.155E-19 5.037E-19 5.139E-19 5.547E-19
 6.078E-19 6.264E-19 5.999E-19 5.676E-19 5.070E-19 5.009E-19 6.393E-19 8.071E-19 7.686E-19 6.826E-19
 6.204E-19 5.633E-19 5.240E-19 5.267E-19 5.604E-19 5.551E-19 5.319E-19 5.306E-19 5.458E-19 5.768E-19
 6.180E-19 6.362E-19 6.320E-19 6.192E-19 5.651E-19 5.250E-19 6.039E-19 7.674E-19 8.104E-19 7.315E-19
 6.645E-19 6.347E-19 6.050E-19 5.599E-19 5.665E-19 5.626E-19 5.401E-19 5.486E-19 5.640E-19 5.861E-19
 6.288E-19 6.709E-19 6.959E-19 6.972E-19 6.405E-19 5.529E-19 5.505E-19 6.675E-19 8.301E-19 8.054E-19
 7.243E-19 6.838E-19 6.533E-19 5.977E-19 5.692E-19 5.713E-19 5.639E-19 5.767E-19 5.930E-19 5.955E-19
 6.569E-19 7.516E-19 7.766E-19 7.617E-19 6.367E-19 5.273E-19 5.187E-19 6.069E-19 7.923E-19 9.740E-19
 9.041E-19 7.299E-19 6.970E-19 6.456E-19 5.868E-19 5.798E-19 5.902E-19 6.217E-19 6.332E-19 6.317E-19
 7.230E-19 8.075E-19 9.273E-19 7.739E-19 6.337E-19 5.320E-19 5.133E-19 5.629E-19 7.599E-19 9.630E-19
 9.970E-19 7.610E-19 7.549E-19 6.926E-19 5.891E-19 5.659E-19 6.159E-19 6.686E-19 6.766E-19 6.947E-19
 7.748E-19 9.225E-19 9.267E-19 7.599E-19 6.263E-19 5.532E-19 5.253E-19 5.524E-19 7.396E-19 9.662E-19
 1.076E-18 9.677E-19 7.669E-19 7.044E-19 5.961E-19 5.920E-19 6.768E-19 7.102E-19 7.125E-19 7.593E-19
 8.071E-19 9.405E-19 9.454E-19 7.748E-19 6.479E-19 5.814E-19 5.438E-19 5.546E-19 7.319E-19 9.960E-19
 1.194E-18 1.033E-18 7.825E-19 7.197E-19 6.400E-19 6.596E-19 7.433E-19 7.584E-19 7.614E-19 8.016E-19
 8.299E-19 9.488E-19 9.815E-19 8.069E-19 6.560E-19 5.878E-19 5.518E-19 5.728E-19 7.532E-19 1.027E-18
 1.264E-18 1.073E-18 7.789E-19 7.108E-19 6.880E-19 7.388E-19 7.877E-19 7.858E-19 8.012E-19 9.396E-19
 9.367E-19 9.677E-19 9.713E-19 7.487E-19 6.442E-19 6.016E-19 5.659E-19 5.989E-19 7.922E-19 1.209E-18
 1.309E-18 1.094E-18 9.252E-19 7.542E-19 7.470E-19 7.691E-19 7.933E-19 8.023E-19 8.348E-19 8.284E-19
 9.209E-19 9.867E-19 9.831E-19 7.779E-19 6.806E-19 5.866E-19 5.645E-19 6.746E-19 8.854E-19 1.249E-18
 1.297E-18 1.083E-18 9.566E-19 9.244E-19 7.874E-19 7.889E-19 9.312E-19 9.611E-19 9.678E-19 9.308E-19
 9.713E-19 1.041E-18 9.877E-19 7.669E-19 6.489E-19 6.062E-19 6.443E-19 7.542E-19 9.190E-19 1.328E-18
 1.309E-18 1.120E-18 1.053E-18 1.011E-18 9.263E-19 7.956E-19 9.575E-19 9.762E-19 9.463E-19 9.543E-19
 1.099E-18 1.146E-18 1.003E-18 7.254E-19 6.183E-19 6.429E-19 7.162E-19 7.935E-19 1.089E-18 1.351E-18
 1.352E-18 1.230E-18 1.138E-18 1.000E-18 8.184E-19 8.420E-19 1.020E-18 9.906E-19 9.785E-19 1.124E-18
 1.200E-18 1.047E-18 7.888E-19 6.881E-19 6.648E-19 7.126E-19 7.516E-19 8.329E-19 1.052E-18 1.530E-18
 1.494E-18 1.280E-18 1.051E-18 8.032E-19 8.132E-19 1.037E-18 1.063E-18 1.054E-18 1.169E-18 1.239E-18
 1.111E-18 9.500E-19 7.709E-19 7.212E-19 7.483E-19 7.797E-19 7.901E-19 9.241E-19 1.454E-18 1.669E-18
 1.388E-18 1.106E-18 8.362E-19 8.386E-19 1.049E-18 1.147E-18 1.115E-18 1.179E-18 1.252E-18 1.123E-18
 9.713E-19 9.260E-19 7.848E-19 7.790E-19 7.949E-19 7.635E-19 8.285E-19 1.264E-18 1.645E-18 1.510E-18
 1.191E-18 1.033E-18 9.682E-19 1.030E-18 1.131E-18 1.119E-18 1.160E-18 1.254E-18 1.166E-18 1.053E-18
 1.038E-18 8.715E-19 8.177E-19 8.109E-19 8.842E-19 8.089E-19 1.138E-18 1.531E-18 1.609E-18 1.318E-18
 1.104E-18 1.045E-18 1.105E-18 1.187E-18 1.150E-18 1.187E-18 1.303E-18 1.235E-18 1.099E-18 1.047E-18
 1.002E-18 9.787E-19 9.750E-19 9.415E-19 9.332E-19 1.037E-18 1.300E-18 1.569E-18 1.439E-18 1.173E-18
 1.106E-18 1.188E-18 1.238E-18 1.221E-18 1.268E-18 1.314E-18 1.216E-18 1.094E-18 1.084E-18 1.107E-18
 1.122E-18 1.070E-18 9.988E-19 9.473E-19 9.679E-19 1.128E-18 1.479E-18 1.535E-18 1.272E-18 1.183E-18
 1.258E-18 1.266E-18 1.239E-18 1.284E-18 1.344E-18 1.276E-18 1.161E-18 1.155E-18 1.226E-18 1.241E-18
 1.108E-18 9.672E-19 9.278E-19 8.055E-19 8.715E-19 1.330E-18 1.545E-18 1.371E-18 1.291E-18 1.348E-18
 1.283E-18 1.222E-18 1.309E-18 1.394E-18 1.335E-18 1.240E-18 1.262E-18 1.300E-18 1.247E-18 1.119E-18
 1.021E-18 9.312E-19 7.594E-19 8.020E-19 1.069E-18 1.631E-18 1.572E-18 1.477E-18 1.438E-18 1.272E-18
 1.217E-18 1.378E-18 1.512E-18 1.423E-18 1.338E-18 1.355E-18 1.330E-18 1.262E-18 1.163E-18 1.020E-18
 7.549E-19 6.651E-19 7.312E-19 1.073E-18 1.656E-18 1.628E-18 1.538E-18 1.447E-18 1.278E-18 1.325E-18
 1.561E-18 1.572E-18 1.440E-18 1.422E-18 1.347E-18 1.274E-18 1.271E-18 1.156E-18 7.997E-19 6.821E-19
 6.264E-19 7.273E-19 1.043E-18 1.665E-18 1.762E-18 1.640E-18 1.459E-18 1.341E-18 1.526E-18 1.779E-18
 1.711E-18 1.554E-18 1.369E-18 1.221E-18 1.263E-18 1.312E-18 1.091E-18 7.305E-19 6.439E-19 6.323E-19
 7.025E-19 1.053E-18 1.827E-18 1.946E-18 1.654E-18 1.456E-18 1.513E-18 1.727E-18 1.919E-18 1.618E-18
 1.446E-18 1.247E-18 1.220E-18 1.323E-18 1.229E-18 8.431E-19 6.981E-19 6.274E-19 5.834E-19 6.996E-19
 1.154E-18 1.994E-18 1.934E-18 1.660E-18 1.655E-18 1.770E-18 1.829E-18 1.716E-18 1.486E-18 1.272E-18
 1.213E-18 1.298E-18 1.308E-18 1.140E-18 8.213E-19 6.700E-19 5.501E-19 5.196E-19 7.256E-19 1.324E-18
 2.138E-18 1.925E-18 1.801E-18 2.003E-18 2.074E-18 1.824E-18 1.509E-18 1.260E-18 1.228E-18 1.340E-18
 1.364E-18 1.219E-18 8.647E-19 6.920E-19 5.364E-19 4.625E-19 5.454E-19 9.548E-19 1.910E-18 2.485E-18
 2.174E-18 1.880E-18 1.921E-18 1.892E-18 1.594E-18 1.356E-18 1.324E-18 1.389E-18 1.391E-18 1.271E-18
 1.055E-18 7.586E-19 5.495E-19 4.401E-19 4.854E-19 7.773E-19 1.456E-18 2.409E-18 2.544E-18 2.164E-18
 1.948E-18 1.904E-18 1.632E-18 1.427E-18 1.380E-18 1.403E-18 1.388E-18 1.253E-18 1.024E-18 7.699E-19
 5.814E-19 4.463E-19 4.807E-19 7.386E-19 1.285E-18 2.156E-18 2.620E-18 2.292E-18 2.220E-18 2.173E-18
 1.678E-18 1.456E-18 1.423E-18 1.442E-18 1.404E-18 1.214E-18 8.420E-19 7.121E-19 6.014E-19 5.079E-19
 5.582E-19 8.067E-19 1.221E-18 1.884E-18 2.523E-18 2.562E-18 2.444E-18 2.302E-18 1.726E-18 1.537E-18
 1.506E-18 1.403E-18 1.292E-18 1.130E-18 8.035E-19 6.998E-19 6.611E-19 6.381E-19 6.762E-19 8.738E-19
 1.286E-18 1.570E-18 2.011E-18 2.765E-18 2.708E-18 2.416E-18 1.819E-18 1.635E-18 1.556E-18 1.375E-18
 1.235E-18 1.079E-18 8.071E-19 7.249E-19 7.204E-19 7.246E-19 7.498E-19 9.115E-19 1.243E-18 1.332E-18
 1.672E-18 2.374E-18 2.844E-18 2.522E-18 2.133E-18 1.682E-18 1.497E-18 1.307E-18 1.197E-18 1.048E-18
 7.855E-19 7.458E-19 7.531E-19 7.849E-19 8.490E-19 1.009E-18 1.231E-18 1.208E-18 1.581E-18 2.441E-18
 3.059E-18 2.683E-18 2.203E-18 1.638E-18 1.368E-18 1.272E-18 1.206E-18 1.059E-18 8.223E-19 7.862E-19
 7.778E-19 8.044E-19 9.155E-19 1.187E-18 1.196E-18 1.171E-18 1.508E-18 2.288E-18 3.216E-18 2.782E-18
 2.178E-18 1.557E-18 1.297E-18 1.218E-18 1.169E-18 1.046E-18 8.306E-19 7.888E-19 7.662E-19 8.571E-19
 1.127E-18 1.239E-18 1.187E-18 1.122E-18 1.317E-18 2.083E-18 2.959E-18 2.776E-18 1.848E-18 1.462E-18
 1.301E-18 1.252E-18 1.174E-18 1.015E-18 7.995E-19 7.625E-19 7.956E-19 9.016E-19 1.220E-18 1.311E-18
 1.155E-18 9.798E-19 1.051E-18 2.052E-18 3.232E-18 2.605E-18 1.683E-18 1.392E-18 1.290E-18 1.238E-18
 1.107E-18 8.357E-19 7.888E-19 8.047E-19 8.586E-19 9.669E-19 1.350E-18 1.339E-18 1.035E-18 8.656E-19
 1.234E-18 2.420E-18 3.195E-18 2.381E-18 1.613E-18 1.406E-18 1.308E-18 1.211E-18 1.038E-18 8.397E-19
 8.223E-19 8.231E-19 8.782E-19 1.128E-18 1.435E-18 1.160E-18 8.049E-19 9.246E-19 1.761E-18 2.738E-18
 2.935E-18 2.200E-18 1.575E-18 1.374E-18 1.260E-18 1.111E-18 9.783E-19 8.590E-19 8.491E-19 8.232E-19
 1.017E-18 1.440E-18 1.291E-18 8.765E-19 8.464E-19 1.209E-18 2.071E-18 2.895E-18 2.696E-18 1.846E-18
 1.492E-18 1.318E-18 1.201E-18 1.072E-18 8.910E-19 8.470E-19 8.365E-19 1.044E-18 1.478E-18 1.340E-18
 9.011E-19 8.389E-19 1.057E-18 1.677E-18 2.430E-18 2.870E-18 2.522E-18 1.639E-18 1.334E-18 1.214E-18
 1.163E-18 1.105E-18 9.009E-19 8.586E-19 1.034E-18 1.438E-18 1.342E-18 8.957E-19 8.473E-19 1.132E-18
 1.456E-18 1.739E-18 2.141E-18 2.717E-18 1.920E-18 1.476E-18 1.331E-18 1.278E-18 1.177E-18 1.038E-18
 1.023E-18 1.207E-18 1.409E-18 1.324E-18 1.051E-18 8.933E-19 1.156E-18 1.381E-18 1.514E-18 1.690E-18
 2.111E-18 2.072E-18 1.640E-18 1.474E-18 1.427E-18 1.265E-18 1.092E-18 1.070E-18 1.162E-18 1.288E-18
 1.265E-18 1.093E-18 1.059E-18 1.125E-18 1.284E-18 1.360E-18 1.342E-18 1.700E-18 2.099E-18 2.131E-18
 1.611E-18 1.516E-18 1.283E-18 1.120E-18 1.071E-18 1.098E-18 1.236E-18 1.278E-18 1.134E-18 1.058E-18
 1.081E-18 1.249E-18 1.260E-18 9.879E-19 1.166E-18 1.955E-18 2.138E-18 1.852E-18 1.600E-18 1.307E-18
 1.124E-18 9.272E-19 9.611E-19 1.263E-18 1.321E-18 1.141E-18 8.934E-19 9.080E-19 1.063E-18 1.141E-18
 8.589E-19 9.361E-19 1.704E-18 2.383E-18 2.334E-18 1.658E-18 1.321E-18 1.108E-18 8.908E-19 9.981E-19
 1.340E-18 1.338E-18 1.120E-18 8.517E-19 8.802E-19 1.060E-18 9.989E-19 8.098E-19 8.416E-19 1.319E-18
 2.306E-18 2.446E-18 1.702E-18 1.331E-18 1.110E-18 9.530E-19 1.191E-18 1.406E-18 1.336E-18 9.593E-19
 8.130E-19 9.169E-19 1.093E-18 1.061E-18 7.769E-19 8.566E-19 1.353E-18 2.309E-18 2.546E-18 1.723E-18
 1.352E-18 1.140E-18 1.123E-18 1.333E-18 1.499E-18 1.234E-18 8.631E-19 8.192E-19 1.013E-18 1.212E-18
 9.327E-19 8.193E-19 9.385E-19 1.488E-18 2.190E-18 2.586E-18 1.763E-18 1.364E-18 1.176E-18 1.287E-18
 1.575E-18 1.497E-18 9.904E-19 8.410E-19 9.242E-19 1.228E-18 1.191E-18 9.922E-19 8.723E-19 9.368E-19
 1.352E-18 2.079E-18 2.612E-18 1.724E-18 1.335E-18 1.273E-18 1.474E-18 1.563E-18 1.263E-18 9.127E-19
 8.728E-19 1.035E-18 1.264E-18 1.125E-18 1.011E-18 9.524E-19 8.860E-19 1.378E-18 2.130E-18 2.506E-18
 1.679E-18 1.418E-18 1.495E-18 1.647E-18 1.441E-18 1.075E-18 8.745E-19 9.775E-19 1.265E-18 1.243E-18
 1.097E-18 9.850E-19 8.133E-19 8.842E-19 1.448E-18 2.146E-18 2.435E-18 1.635E-18 1.542E-18 1.676E-18
 1.582E-18 1.207E-18 9.916E-19 1.023E-18 1.247E-18 1.371E-18 1.255E-18 1.088E-18 9.303E-19 8.218E-19
 9.712E-19 1.636E-18 2.632E-18 2.368E-18 1.768E-18 1.734E-18 1.718E-18 1.433E-18 1.156E-18 1.095E-18
 1.262E-18 1.444E-18 1.369E-18 1.173E-18 9.994E-19 8.539E-19 9.124E-19 1.288E-18 1.921E-18 2.706E-18
 2.395E-18 2.123E-18 2.030E-18 1.640E-18 1.329E-18 1.210E-18 1.338E-18 1.587E-18 1.554E-18 1.286E-18
 1.119E-18 1.052E-18 1.061E-18 1.222E-18 1.630E-18 2.573E-18 2.806E-18 2.412E-18 2.176E-18 1.914E-18
 1.500E-18 1.339E-18 1.428E-18 1.662E-18 1.635E-18 1.381E-18 1.223E-18 1.149E-18 1.148E-18 1.236E-18
 1.472E-18 2.222E-18 2.875E-18 2.814E-18 2.485E-18 2.137E-18 1.607E-18 1.410E-18 1.482E-18 1.768E-18
 1.562E-18 1.341E-18 1.217E-18 1.182E-18 1.192E-18 1.225E-18 1.364E-18 1.720E-18 2.624E-18 3.027E-18
 2.693E-18 2.217E-18 1.759E-18 1.515E-18 1.696E-18 1.857E-18 1.591E-18 1.381E-18 1.325E-18 1.349E-18
 1.349E-18 1.345E-18 1.393E-18 1.720E-18 2.270E-18 2.981E-18 2.945E-18 2.332E-18 1.779E-18 1.488E-18
 1.682E-18 1.791E-18 1.514E-18 1.334E-18 1.326E-18 1.388E-18 1.385E-18 1.424E-18 1.518E-18 1.722E-18
 2.144E-18 3.036E-18 3.370E-18 2.736E-18 2.097E-18 1.888E-18 1.991E-18 2.036E-18 1.839E-18 1.681E-18
 1.684E-18 1.725E-18 1.766E-18 1.816E-18 1.864E-18 1.942E-18 2.334E-18 3.176E-18 3.654E-18 3.041E-18
 2.434E-18 2.251E-18 2.302E-18 2.298E-18 2.142E-18 2.080E-18 2.126E-18 2.164E-18 2.168E-18 2.217E-18
 2.260E-18 2.319E-18 2.645E-18 3.430E-18 3.921E-18 3.403E-18 2.830E-18 2.601E-18 2.580E-18 2.517E-18
 2.450E-18 2.530E-18 2.545E-18 2.499E-18 2.492E-18 2.568E-18 2.621E-18 2.639E-18 2.937E-18 3.611E-18
 4.129E-18 3.508E-18 2.941E-18 2.795E-18 2.812E-18 2.734E-18 2.658E-18 2.679E-18 2.703E-18 2.778E-18
 2.810E-18 2.765E-18 2.717E-18 2.766E-18 3.094E-18 3.681E-18 3.830E-18 3.259E-18 2.686E-18 2.516E-18
 2.488E-18 2.445E-18 2.420E-18 2.412E-18 2.424E-18 2.454E-18 2.516E-18 2.575E-18 2.530E-18 2.593E-18
 2.970E-18 3.453E-18 3.665E-18 3.281E-18 2.815E-18 2.660E-18 2.585E-18 2.582E-18 2.548E-18 2.410E-18
 2.269E-18 2.254E-18 2.310E-18 2.368E-18 2.384E-18 2.487E-18 2.710E-18 3.091E-18 3.385E-18 3.049E-18
 2.605E-18 2.515E-18 2.530E-18 2.553E-18 2.617E-18 2.658E-18 2.598E-18 2.561E-18 2.661E-18 2.819E-18
 2.907E-18 2.949E-18 3.043E-18 3.366E-18 3.540E-18 3.189E-18 2.957E-18 2.939E-18 3.007E-18 3.086E-18
 3.087E-18 3.027E-18 3.017E-18 3.063E-18 3.190E-18 3.378E-18 3.438E-18 3.360E-18 3.481E-18 3.996E-18
 4.100E-18 3.716E-18 3.489E-18 3.545E-18 3.744E-18 3.763E-18 3.678E-18 3.622E-18 3.749E-18 3.899E-18
 3.963E-18 3.951E-18 3.891E-18 3.958E-18 4.271E-18 4.506E-18 4.271E-18 4.044E-18 4.188E-18 4.245E-18
 4.078E-18 3.900E-18 3.948E-18 4.070E-18 4.111E-18 4.015E-18 3.822E-18 3.931E-18 4.080E-18 4.137E-18
 4.252E-18 4.392E-18 4.309E-18 4.209E-18 4.045E-18 3.926E-18 3.974E-18 4.067E-18 4.070E-18 4.049E-18
 4.079E-18 4.176E-18 4.001E-18 3.714E-18 3.555E-18 3.490E-18 3.282E-18 2.992E-18 2.813E-18 2.930E-18
 3.062E-18 3.059E-18 2.999E-18 3.109E-18 3.325E-18 3.368E-18 3.262E-18 3.382E-18 3.549E-18 3.580E-18
 3.680E-18 3.957E-18 4.110E-18 3.901E-18 3.731E-18 3.666E-18 3.654E-18 3.745E-18 3.844E-18 3.803E-18
 3.853E-18 3.983E-18 4.058E-18 4.146E-18 4.150E-18 4.073E-18 4.202E-18 4.395E-18 4.221E-18 4.052E-18
 4.094E-18 4.166E-18 4.324E-18 4.483E-18 4.436E-18 4.465E-18 4.412E-18 4.181E-18 4.269E-18 4.569E-18
 4.547E-18 4.515E-18 4.707E-18 4.639E-18 4.335E-18 4.405E-18 4.697E-18 4.591E-18 4.525E-18 4.819E-18
 4.912E-18 4.834E-18 4.953E-18 5.020E-18 5.283E-18 5.469E-18 5.558E-18 5.573E-18 5.403E-18 5.137E-18
 5.199E-18 5.433E-18 5.584E-18 5.516E-18 5.210E-18 5.370E-18 5.510E-18 5.480E-18 5.534E-18 5.488E-18
 5.740E-18 5.994E-18 5.938E-18 5.900E-18 6.203E-18 6.248E-18 6.068E-18 5.670E-18 5.331E-18 5.023E-18
 4.895E-18 4.709E-18 4.511E-18 4.500E-18 4.594E-18 4.580E-18 4.662E-18 4.820E-18 4.931E-18 4.888E-18
 4.712E-18 4.562E-18 4.460E-18 4.427E-18 4.453E-18 4.336E-18 4.186E-18 4.193E-18 4.251E-18 3.931E-18
 3.335E-18 2.524E-18 1.743E-18 8.993E-19 4.978E-19 3.498E-19 3.097E-19 2.917E-19 2.607E-19 2.522E-19
 3.061E-19 4.740E-19 6.804E-19 6.688E-19 4.942E-19 4.905E-19 6.314E-19 6.119E-19 4.310E-19 3.218E-19
 2.965E-19 2.857E-19 2.772E-19 3.127E-19 4.018E-19 5.655E-19 7.352E-19 7.300E-19 5.986E-19 6.176E-19
 6.963E-19 5.737E-19 4.073E-19 3.380E-19 3.119E-19 3.016E-19 3.021E-19 3.884E-19 5.444E-19 6.641E-19
 7.387E-19 7.812E-19 7.672E-19 7.583E-19 6.942E-19 5.135E-19 4.001E-19 3.754E-19 3.508E-19 3.280E-19
 3.739E-19 5.176E-19 6.446E-19 6.860E-19 7.359E-19 8.746E-19 9.513E-19 8.527E-19 6.578E-19 4.501E-19
 3.530E-19 3.794E-19 4.488E-19 4.674E-19 4.910E-19 5.648E-19 6.552E-19 7.633E-19 8.540E-19 1.039E-18
 1.095E-18 8.534E-19 5.648E-19 3.950E-19 3.465E-19 4.188E-19 5.781E-19 6.399E-19 5.456E-19 5.194E-19
 6.929E-19 9.130E-19 9.731E-19 1.089E-18 1.095E-18 7.961E-19 5.159E-19 3.953E-19 4.004E-19 4.939E-19
 6.417E-19 7.005E-19 6.097E-19 6.284E-19 8.872E-19 1.067E-18 1.099E-18 1.224E-18 1.127E-18 7.484E-19
 5.162E-19 4.443E-19 4.650E-19 5.379E-19 6.075E-19 7.148E-19 8.396E-19 9.059E-19 1.032E-18 1.138E-18
 1.248E-18 1.326E-18 1.072E-18 7.061E-19 5.244E-19 4.866E-19 5.132E-19 5.192E-19 5.565E-19 7.759E-19
 1.097E-18 1.114E-18 1.081E-18 1.267E-18 1.446E-18 1.363E-18 9.978E-19 6.731E-19 5.334E-19 5.000E-19
 5.230E-19 5.516E-19 6.610E-19 8.685E-19 1.168E-18 1.371E-18 1.382E-18 1.522E-18 1.583E-18 1.268E-18
 8.511E-19 6.021E-19 5.430E-19 5.725E-19 6.329E-19 6.780E-19 7.218E-19 9.408E-19 1.370E-18 1.641E-18
 1.625E-18 1.677E-18 1.557E-18 1.076E-18 7.493E-19 6.408E-19 6.699E-19 7.497E-19 7.340E-19 6.900E-19
 8.204E-19 1.131E-18 1.550E-18 2.107E-18 2.103E-18 1.824E-18 1.399E-18 1.002E-18 8.189E-19 8.070E-19
 8.234E-19 7.310E-19 6.764E-19 8.099E-19 1.022E-18 1.152E-18 1.503E-18 2.051E-18 2.370E-18 1.768E-18
 1.376E-18 1.031E-18 9.405E-19 8.481E-19 7.131E-19 6.749E-19 8.359E-19 1.039E-18 1.048E-18 1.105E-18
 1.618E-18 2.701E-18 2.701E-18 1.812E-18 1.309E-18 1.009E-18 8.515E-19 7.043E-19 7.129E-19 9.274E-19
 1.095E-18 1.005E-18 9.679E-19 1.163E-18 1.893E-18 3.272E-18 2.884E-18 1.649E-18 1.097E-18 8.591E-19
 7.436E-19 8.038E-19 1.007E-18 1.085E-18 1.004E-18 9.845E-19 1.086E-18 1.474E-18 2.494E-18 3.462E-18
 2.220E-18 1.298E-18 9.351E-19 8.429E-19 9.444E-19 1.094E-18 1.082E-18 1.008E-18 1.024E-18 1.094E-18
 1.394E-18 2.177E-18 3.477E-18 3.221E-18 1.886E-18 1.199E-18 1.010E-18 1.064E-18 1.118E-18 1.048E-18
 1.042E-18 1.145E-18 1.146E-18 1.295E-18 1.859E-18 3.025E-18 3.407E-18 2.844E-18 1.711E-18 1.308E-18
 1.217E-18 1.149E-18 1.092E-18 1.194E-18 1.190E-18 1.033E-18 1.104E-18 1.695E-18 2.700E-18 3.138E-18
 3.208E-18 2.570E-18 1.854E-18 1.395E-18 1.227E-18 1.259E-18 1.277E-18 1.064E-18 9.386E-19 1.113E-18
 1.670E-18 2.468E-18 2.675E-18 3.094E-18 3.123E-18 2.453E-18 1.904E-18 1.518E-18 1.406E-18 1.176E-18
 9.525E-19 9.067E-19 1.114E-18 1.720E-18 2.392E-18 2.445E-18 2.869E-18 3.409E-18 3.061E-18 2.381E-18
 1.836E-18 1.384E-18 1.013E-18 8.385E-19 8.616E-19 1.184E-18 1.864E-18 2.471E-18 2.380E-18 2.732E-18
 3.455E-18 3.437E-18 2.672E-18 1.806E-18 1.300E-18 9.253E-19 7.896E-19 9.082E-19 1.373E-18 2.235E-18
 2.577E-18 2.380E-18 2.665E-18 3.325E-18 3.546E-18 2.738E-18 1.727E-18 1.323E-18 1.028E-18 9.134E-19
 1.132E-18 1.825E-18 2.673E-18 2.600E-18 2.395E-18 2.515E-18 3.002E-18 3.389E-18 2.746E-18 1.718E-18
 1.345E-18 1.166E-18 1.229E-18 1.630E-18 2.469E-18 2.823E-18 2.588E-18 2.287E-18 2.324E-18 2.760E-18
 3.195E-18 2.760E-18 2.014E-18 1.462E-18 1.367E-18 1.618E-18 2.371E-18 2.863E-18 2.782E-18 2.386E-18
 2.124E-18 2.075E-18 2.402E-18 3.045E-18 2.873E-18 2.138E-18 1.609E-18 1.887E-18 2.307E-18 2.749E-18
 2.867E-18 2.568E-18 2.176E-18 1.895E-18 1.632E-18 1.910E-18 3.038E-18 2.975E-18 2.342E-18 2.112E-18
 2.327E-18 2.738E-18 2.924E-18 2.764E-18 2.340E-18 1.962E-18 1.549E-18 1.529E-18 2.342E-18 3.254E-18
 3.097E-18 2.523E-18 2.464E-18 2.764E-18 2.989E-18 2.947E-18 2.541E-18 2.011E-18 1.755E-18 1.673E-18
 1.867E-18 2.609E-18 3.322E-18 3.040E-18 2.709E-18 2.908E-18 3.063E-18 3.004E-18 2.682E-18 2.161E-18
 1.880E-18 1.742E-18 1.549E-18 1.943E-18 2.787E-18 3.416E-18 3.243E-18 3.185E-18 3.167E-18 3.110E-18
 2.834E-18 2.302E-18 1.974E-18 1.837E-18 1.652E-18 1.462E-18 1.764E-18 3.155E-18 3.970E-18 3.725E-18
 3.350E-18 3.046E-18 2.869E-18 2.480E-18 2.101E-18 1.893E-18 1.605E-18 1.390E-18 1.421E-18 2.032E-18
 3.894E-18 4.296E-18 3.565E-18 3.231E-18 3.046E-18 2.603E-18 2.169E-18 1.956E-18 1.638E-18 1.387E-18
 1.368E-18 1.904E-18 3.668E-18 4.494E-18 3.805E-18 3.219E-18 3.049E-18 2.696E-18 2.212E-18 1.715E-18
 1.563E-18 1.473E-18 1.546E-18 2.208E-18 3.295E-18 4.156E-18 3.778E-18 3.291E-18 3.082E-18 2.608E-18
 2.104E-18 1.869E-18 1.826E-18 1.843E-18 1.977E-18 2.399E-18 3.213E-18 4.100E-18 4.030E-18 3.543E-18
 3.180E-18 2.603E-18 2.082E-18 1.922E-18 2.024E-18 2.153E-18 2.254E-18 2.448E-18 2.880E-18 3.627E-18
 3.995E-18 3.607E-18 3.053E-18 2.455E-18 2.104E-18 2.116E-18 2.234E-18 2.255E-18 2.297E-18 2.468E-18
 2.749E-18 3.352E-18 4.020E-18 3.801E-18 3.074E-18 2.439E-18 2.172E-18 2.233E-18 2.311E-18 2.336E-18
 2.441E-18 2.479E-18 2.414E-18 2.948E-18 3.987E-18 3.981E-18 3.148E-18 2.599E-18 2.395E-18 2.400E-18
 2.470E-18 2.485E-18 2.455E-18 2.212E-18 2.117E-18 2.827E-18 3.940E-18 3.842E-18 3.050E-18 2.723E-18
 2.611E-18 2.617E-18 2.594E-18 2.508E-18 2.248E-18 1.730E-18 1.673E-18 2.217E-18 3.815E-18 3.750E-18
 3.027E-18 2.741E-18 2.660E-18 2.660E-18 2.633E-18 2.452E-18 2.011E-18 1.574E-18 1.734E-18 2.576E-18
 4.238E-18 3.779E-18 3.046E-18 2.705E-18 2.656E-18 2.654E-18 2.458E-18 1.912E-18 1.648E-18 1.681E-18
 2.532E-18 3.788E-18 4.229E-18 3.476E-18 2.782E-18 2.581E-18 2.596E-18 2.555E-18 2.178E-18 1.705E-18
 1.641E-18 2.152E-18 3.032E-18 3.853E-18 3.871E-18 3.186E-18 2.731E-18 2.639E-18 2.547E-18 2.221E-18
 1.935E-18 1.922E-18 2.157E-18 2.609E-18 3.174E-18 3.700E-18 3.529E-18 2.959E-18 2.773E-18 2.650E-18
 2.349E-18 2.137E-18 2.085E-18 2.143E-18 2.292E-18 2.525E-18 3.102E-18 3.615E-18 3.230E-18 2.866E-18
 2.700E-18 2.467E-18 2.372E-18 2.335E-18 2.259E-18 2.179E-18 2.215E-18 2.597E-18 3.403E-18 3.511E-18
 3.063E-18 2.782E-18 2.499E-18 2.274E-18 2.155E-18 2.134E-18 2.183E-18 2.146E-18 2.326E-18 3.168E-18
 3.855E-18 3.461E-18 2.878E-18 2.437E-18 2.061E-18 1.917E-18 2.001E-18 2.180E-18 1.947E-18 1.913E-18
 2.774E-18 3.754E-18 3.694E-18 3.024E-18 2.507E-18 1.788E-18 1.625E-18 1.725E-18 2.101E-18 2.127E-18
 2.197E-18 2.809E-18 3.729E-18 3.668E-18 2.941E-18 2.396E-18 1.841E-18 1.718E-18 2.007E-18 2.121E-18
 2.034E-18 2.116E-18 2.712E-18 3.553E-18 3.610E-18 2.866E-18 2.285E-18 1.746E-18 1.683E-18 1.862E-18
 2.171E-18 2.179E-18 2.308E-18 2.580E-18 3.171E-18 3.358E-18 2.701E-18 2.176E-18 1.976E-18 1.859E-18
 2.160E-18 2.165E-18 2.123E-18 2.151E-18 2.328E-18 2.960E-18 3.330E-18 2.774E-18 2.228E-18 1.883E-18
 1.966E-18 2.216E-18 2.121E-18 1.828E-18 1.708E-18 1.878E-18 2.799E-18 3.168E-18 2.652E-18 2.259E-18
 2.266E-18 2.376E-18 2.349E-18 1.975E-18 1.580E-18 1.465E-18 1.739E-18 2.417E-18 3.094E-18 2.583E-18
 2.338E-18 2.394E-18 2.263E-18 2.028E-18 1.579E-18 1.459E-18 1.529E-18 1.973E-18 2.988E-18 3.025E-18
 2.536E-18 2.375E-18 2.276E-18 1.807E-18 1.552E-18 1.311E-18 1.279E-18 1.460E-18 1.996E-18 2.829E-18
 3.047E-18 2.689E-18 2.454E-18 1.879E-18 1.487E-18 1.266E-18 1.183E-18 1.252E-18 1.586E-18 2.331E-18
 3.257E-18 2.972E-18 2.572E-18 2.014E-18 1.569E-18 1.372E-18 1.279E-18 1.250E-18 1.353E-18 1.812E-18
 2.702E-18 3.237E-18 2.734E-18 1.937E-18 1.461E-18 1.276E-18 1.279E-18 1.326E-18 1.380E-18 1.596E-18
 2.281E-18 3.313E-18 2.981E-18 2.060E-18 1.473E-18 1.198E-18 1.225E-18 1.310E-18 1.269E-18 1.327E-18
 1.824E-18 2.731E-18 3.131E-18 2.166E-18 1.651E-18 1.357E-18 1.336E-18 1.325E-18 1.150E-18 1.156E-18
 1.593E-18 2.508E-18 2.883E-18 2.292E-18 1.784E-18 1.474E-18 1.324E-18 1.230E-18 1.131E-18 1.255E-18
 1.709E-18 2.364E-18 2.872E-18 2.199E-18 1.704E-18 1.359E-18 1.146E-18 1.091E-18 1.116E-18 1.293E-18
 1.692E-18 2.272E-18 2.601E-18 2.213E-18 1.759E-18 1.446E-18 1.250E-18 1.156E-18 1.182E-18 1.291E-18
 1.592E-18 2.099E-18 2.438E-18 2.048E-18 1.574E-18 1.311E-18 1.216E-18 1.252E-18 1.286E-18 1.346E-18
 1.626E-18 1.925E-18 2.053E-18 1.853E-18 1.475E-18 1.280E-18 1.201E-18 1.203E-18 1.256E-18 1.346E-18
 1.456E-18 1.664E-18 1.943E-18 1.835E-18 1.519E-18 1.327E-18 1.200E-18 1.171E-18 1.268E-18 1.365E-18
 1.478E-18 1.756E-18 1.987E-18 1.751E-18 1.453E-18 1.210E-18 1.074E-18 1.173E-18 1.355E-18 1.371E-18
 1.493E-18 1.882E-18 2.074E-18 1.753E-18 1.297E-18 1.005E-18 9.897E-19 1.173E-18 1.293E-18 1.273E-18
 1.439E-18 1.860E-18 1.983E-18 1.586E-18 1.206E-18 1.047E-18 1.113E-18 1.218E-18 1.140E-18 1.144E-18
 1.474E-18 1.822E-18 1.668E-18 1.325E-18 1.088E-18 1.044E-18 1.174E-18 1.208E-18 1.171E-18 1.346E-18
 1.730E-18 1.786E-18 1.469E-18 1.257E-18 1.163E-18 1.149E-18 1.178E-18 1.201E-18 1.230E-18 1.444E-18
 1.715E-18 1.618E-18 1.440E-18 1.328E-18 1.206E-18 1.168E-18 1.193E-18 1.209E-18 1.404E-18 1.744E-18
 1.797E-18 1.655E-18 1.505E-18 1.282E-18 1.129E-18 1.100E-18 1.134E-18 1.331E-18 1.664E-18 1.806E-18
 1.696E-18 1.530E-18 1.268E-18 1.042E-18 9.348E-19 9.526E-19 1.138E-18 1.496E-18 1.718E-18 1.661E-18
 1.520E-18 1.254E-18 9.862E-19 9.131E-19 9.794E-19 1.136E-18 1.455E-18 1.741E-18 1.732E-18 1.579E-18
 1.326E-18 1.087E-18 9.849E-19 1.031E-18 1.204E-18 1.539E-18 1.884E-18 1.872E-18 1.632E-18 1.418E-18
 1.215E-18 1.107E-18 1.193E-18 1.407E-18 1.796E-18 2.189E-18 2.158E-18 1.957E-18 1.749E-18 1.507E-18
 1.375E-18 1.377E-18 1.498E-18 1.807E-18 2.012E-18 1.857E-18 1.653E-18 1.453E-18 1.270E-18 1.238E-18
 1.349E-18 1.546E-18 1.809E-18 1.775E-18 1.484E-18 1.281E-18 1.140E-18 1.015E-18 1.029E-18 1.174E-18
 1.363E-18 1.514E-18 1.457E-18 1.324E-18 1.238E-18 1.139E-18 1.041E-18 1.070E-18 1.233E-18 1.433E-18
 1.562E-18 1.523E-18 1.482E-18 1.452E-18 1.332E-18 1.251E-18 1.351E-18 1.498E-18 1.663E-18 1.755E-18
 1.708E-18 1.707E-18 1.692E-18 1.622E-18 1.634E-18 1.777E-18 1.960E-18 2.124E-18 2.108E-18 1.995E-18
 1.710E-18 1.328E-18 1.037E-18 9.407E-19 9.840E-19 1.057E-18 9.808E-19 8.351E-19 7.751E-19 7.539E-19
 6.912E-19 6.176E-19 6.680E-19 8.067E-19 8.313E-19 7.352E-19 6.936E-19 6.872E-19 6.619E-19 6.276E-19
 6.619E-19 7.553E-19 8.047E-19 7.496E-19 6.837E-19 6.425E-19 5.745E-19 4.869E-19 4.733E-19 5.371E-19
 5.905E-19 5.528E-19 5.081E-19 4.978E-19 4.509E-19 3.716E-19 3.545E-19 4.263E-19 5.003E-19 5.002E-19
 4.673E-19 4.482E-19 3.914E-19 3.080E-19 2.732E-19 3.613E-19 4.819E-19 4.987E-19 4.520E-19 3.952E-19
 3.177E-19 2.379E-19 2.138E-19 3.207E-19 4.715E-19 4.826E-19 3.995E-19 3.291E-19 2.837E-19 2.389E-19
 2.382E-19 3.447E-19 4.578E-19 4.329E-19 3.410E-19 2.851E-19 2.395E-19 2.022E-19 2.312E-19 3.538E-19
 4.270E-19 3.759E-19 3.032E-19 2.617E-19 2.346E-19 2.185E-19 2.544E-19 3.393E-19 3.636E-19 3.257E-19
 2.897E-19 2.438E-19 1.992E-19 2.069E-19 2.774E-19 3.320E-19 3.108E-19 2.704E-19 2.475E-19 2.216E-19
 2.106E-19 2.354E-19 2.855E-19 3.077E-19 2.730E-19 2.340E-19 2.115E-19 1.955E-19 1.999E-19 2.459E-19
 2.947E-19 2.739E-19 2.216E-19 2.071E-19 2.195E-19 2.218E-19 2.217E-19 2.577E-19 2.683E-19 2.269E-19
 1.860E-19 1.716E-19 1.775E-19 1.904E-19 2.369E-19 2.568E-19 2.096E-19 1.776E-19 1.863E-19 1.961E-19
 1.996E-19 2.150E-19 2.328E-19 2.130E-19 1.853E-19 1.690E-19 1.472E-19 1.416E-19 1.784E-19 2.347E-19
 2.281E-19 1.836E-19 1.598E-19 1.522E-19 1.639E-19 2.024E-19 2.369E-19 2.216E-19 1.847E-19 1.581E-19
 1.335E-19 1.223E-19 1.431E-19 1.975E-19 2.184E-19 1.801E-19 1.401E-19 1.232E-19 1.305E-19 1.711E-19
 2.344E-19 2.357E-19 1.758E-19 1.380E-19 1.215E-19 1.108E-19 1.261E-19 1.595E-19 1.654E-19 1.498E-19
 1.383E-19 1.200E-19 1.179E-19 1.565E-19 2.050E-19 2.146E-19 1.783E-19 1.314E-19 1.128E-19 1.131E-19
 1.268E-19 1.398E-19 1.313E-19 1.146E-19 1.163E-19 1.235E-19 1.260E-19 1.371E-19 1.528E-19 1.679E-19
 1.800E-19 1.711E-19 1.434E-19 1.332E-19 1.234E-19 1.066E-19 1.066E-19 9.921E-20 1.010E-19 1.136E-19
 1.326E-19 1.358E-19 1.261E-19 1.254E-19 1.417E-19 1.709E-19 1.824E-19 1.495E-19 1.132E-19 9.027E-20
 7.775E-20 8.038E-20 9.297E-20 1.056E-19 1.156E-19 1.257E-19 1.193E-19 1.076E-19 1.165E-19 1.471E-19
 1.814E-19 1.887E-19 1.475E-19 1.000E-19 7.913E-20 8.072E-20 8.625E-20 9.187E-20 9.797E-20 1.016E-19
 1.137E-19 1.240E-19 1.178E-19 1.166E-19 1.391E-19 1.723E-19 1.889E-19 1.541E-19 9.666E-20 6.916E-20
 6.885E-20 7.503E-20 8.317E-20 9.368E-20 1.043E-19 1.145E-19 1.197E-19 1.179E-19 1.180E-19 1.402E-19
 1.723E-19 1.892E-19 1.570E-19 9.596E-20 6.862E-20 7.058E-20 7.184E-20 7.699E-20 8.964E-20 1.048E-19
 1.184E-19 1.251E-19 1.213E-19 1.156E-19 1.316E-19 1.698E-19 1.998E-19 1.719E-19 9.767E-20 9.767E-20
 6.092E-20 7.101E-20 8.013E-20 8.774E-20 9.638E-20 1.124E-19 1.280E-19 1.304E-19 1.212E-19 1.296E-19
 1.659E-19 2.060E-19 1.921E-19 1.140E-19 6.237E-20 5.862E-20 6.937E-20 8.136E-20 9.337E-20 1.032E-19
 1.116E-19 1.222E-19 1.279E-19 1.257E-19 1.337E-19 1.647E-19 1.995E-19 1.936E-19 1.216E-19 6.501E-20
 5.986E-20 6.971E-20 8.086E-20 9.516E-20 1.068E-19 1.146E-19 1.238E-19 1.293E-19 1.297E-19 1.356E-19
 1.634E-19 2.002E-19 2.041E-19 1.407E-19 7.593E-20 6.232E-20 7.295E-20 8.479E-20 8.479E-20 1.034E-19
 1.114E-19 1.239E-19 1.322E-19 1.342E-19 1.383E-19 1.628E-19 1.982E-19 2.096E-19 1.598E-19 9.012E-20
 6.672E-20 7.255E-20 8.675E-20 9.715E-20 1.038E-19 1.127E-19 1.270E-19 1.378E-19 1.434E-19 1.460E-19
 1.650E-19 1.970E-19 2.104E-19 1.743E-19 1.040E-19 6.717E-20 7.139E-20 8.752E-20 1.022E-19 1.108E-19
 1.162E-19 1.295E-19 1.412E-19 1.456E-19 1.507E-19 1.664E-19 1.986E-19 2.148E-19 1.907E-19 1.303E-19
 8.589E-20 8.142E-20 9.252E-20 1.052E-19 1.161E-19 1.207E-19 1.283E-19 1.408E-19 1.524E-19 1.608E-19
 1.676E-19 1.883E-19 2.081E-19 1.978E-19 1.526E-19 1.033E-19 8.598E-20 9.075E-20 1.055E-19 1.185E-19
 1.225E-19 1.265E-19 1.410E-19 1.546E-19 1.677E-19 1.784E-19 1.901E-19 2.085E-19 2.083E-19 1.730E-19
 1.169E-19 8.834E-20 8.913E-20 1.034E-19 1.178E-19 1.231E-19 1.262E-19 1.382E-19 1.547E-19 1.693E-19
 1.791E-19 1.857E-19 1.991E-19 2.091E-19 1.976E-19 1.482E-19 1.030E-19 9.344E-20 1.041E-19 1.205E-19
 1.294E-19 1.340E-19 1.448E-19 1.624E-19 1.761E-19 1.868E-19 1.882E-19 1.925E-19 2.059E-19 2.085E-19
 1.723E-19 1.200E-19 1.001E-19 1.079E-19 1.240E-19 1.308E-19 1.358E-19 1.498E-19 1.661E-19 1.808E-19
 1.942E-19 1.984E-19 1.968E-19 2.064E-19 2.143E-19 1.923E-19 1.408E-19 1.092E-19 1.091E-19 1.235E-19
 1.342E-19 1.400E-19 1.510E-19 1.662E-19 1.809E-19 1.931E-19 1.976E-19 1.893E-19 1.941E-19 2.120E-19
 2.083E-19 1.657E-19 1.245E-19 1.123E-19 1.178E-19 1.294E-19 1.364E-19 1.480E-19 1.641E-19 1.801E-19
 1.886E-19 1.939E-19 1.865E-19 1.852E-19 2.055E-19 2.184E-19 1.890E-19 1.393E-19 1.177E-19 1.202E-19
 1.312E-19 1.381E-19 1.483E-19 1.665E-19 1.851E-19 1.949E-19 2.028E-19 1.971E-19 1.883E-19 2.023E-19
 2.217E-19 2.097E-19 1.602E-19 1.268E-19 1.219E-19 1.282E-19 1.392E-19 1.482E-19 1.599E-19 1.790E-19
 1.912E-19 1.962E-19 1.936E-19 1.821E-19 1.907E-19 2.163E-19 2.241E-19 1.885E-19 1.456E-19 1.293E-19
 1.261E-19 1.337E-19 1.435E-19 1.558E-19 1.754E-19 1.925E-19 1.958E-19 1.938E-19 1.865E-19 1.883E-19
 2.087E-19 2.276E-19 2.122E-19 1.629E-19 1.345E-19 1.247E-19 1.283E-19 1.417E-19 1.537E-19 1.672E-19
 1.875E-19 1.963E-19 1.886E-19 1.860E-19 1.883E-19 2.009E-19 2.196E-19 2.221E-19 1.801E-19 1.390E-19
 1.246E-19 1.247E-19 1.404E-19 1.501E-19 1.612E-19 1.814E-19 1.969E-19 1.888E-19 1.799E-19 1.815E-19
 1.921E-19 2.123E-19 2.289E-19 2.054E-19 1.577E-19 1.335E-19 1.273E-19 1.380E-19 1.491E-19 1.562E-19
 1.744E-19 1.949E-19 1.893E-19 1.786E-19 1.845E-19 1.911E-19 2.010E-19 2.186E-19 2.167E-19 1.738E-19
 1.401E-19 1.267E-19 1.318E-19 1.434E-19 1.480E-19 1.600E-19 1.790E-19 1.817E-19 1.729E-19 1.793E-19
 1.905E-19 1.989E-19 2.121E-19 2.218E-19 1.938E-19 1.518E-19 1.321E-19 1.274E-19 1.370E-19 1.473E-19
 1.565E-19 1.736E-19 1.790E-19 1.674E-19 1.689E-19 1.852E-19 1.930E-19 2.007E-19 2.183E-19 2.135E-19
 1.741E-19 1.439E-19 1.315E-19 1.331E-19 1.473E-19 1.572E-19 1.677E-19 1.757E-19 1.691E-19 1.673E-19
 1.863E-19 1.962E-19 1.945E-19 2.063E-19 2.174E-19 1.930E-19 1.555E-19 1.408E-19 1.337E-19 1.412E-19
 1.523E-19 1.588E-19 1.669E-19 1.641E-19 1.563E-19 1.690E-19 1.928E-19 1.952E-19 1.971E-19 2.124E-19
 2.070E-19 1.694E-19 1.423E-19 1.340E-19 1.336E-19 1.498E-19 1.572E-19 1.609E-19 1.615E-19 1.536E-19
 1.556E-19 1.780E-19 1.925E-19 1.960E-19 2.098E-19 2.186E-19 1.931E-19 1.521E-19 1.352E-19 1.315E-19
 1.409E-19 1.545E-19 1.561E-19 1.532E-19 1.497E-19 1.507E-19 1.642E-19 1.832E-19 1.909E-19 1.971E-19
 2.057E-19 1.992E-19 1.653E-19 1.423E-19 1.391E-19 1.373E-19 1.492E-19 1.538E-19 1.498E-19 1.476E-19
 1.477E-19 1.540E-19 1.697E-19 1.851E-19 1.926E-19 2.013E-19 2.058E-19 1.863E-19 1.509E-19 1.364E-19
 1.334E-19 1.396E-19 1.506E-19 1.469E-19 1.429E-19 1.418E-19 1.440E-19 1.537E-19 1.695E-19 1.832E-19
 1.944E-19 2.025E-19 1.972E-19 1.675E-19 1.367E-19 1.294E-19 1.342E-19 1.448E-19 1.468E-19 1.415E-19
 1.412E-19 1.432E-19 1.498E-19 1.601E-19 1.738E-19 1.876E-19 1.989E-19 1.957E-19 1.773E-19 1.520E-19
 1.369E-19 1.369E-19 1.415E-19 1.437E-19 1.363E-19 1.324E-19 1.378E-19 1.437E-19 1.505E-19 1.637E-19
 1.745E-19 1.836E-19 1.884E-19 1.811E-19 1.649E-19 1.421E-19 1.338E-19 1.320E-19 1.369E-19 1.379E-19
 1.282E-19 1.266E-19 1.344E-19 1.404E-19 1.485E-19 1.647E-19 1.792E-19 1.889E-19 1.887E-19 1.790E-19
 1.556E-19 1.339E-19 1.302E-19 1.338E-19 1.379E-19 1.297E-19 1.218E-19 1.283E-19 1.367E-19 1.417E-19
 1.502E-19 1.652E-19 1.752E-19 1.782E-19 1.788E-19 1.684E-19 1.427E-19 1.273E-19 1.254E-19 1.302E-19
 1.295E-19 1.189E-19 1.179E-19 1.179E-19 1.334E-19 1.368E-19 1.502E-19 1.635E-19 1.704E-19 1.711E-19
 1.709E-19 1.597E-19 1.358E-19 1.239E-19 1.240E-19 1.282E-19 1.219E-19 1.139E-19 1.197E-19 1.279E-19
 1.308E-19 1.389E-19 1.530E-19 1.652E-19 1.700E-19 1.683E-19 1.663E-19 1.503E-19 1.329E-19 1.256E-19
 1.231E-19 1.231E-19 1.163E-19 1.150E-19 1.226E-19 1.279E-19 1.277E-19 1.333E-19 1.483E-19 1.597E-19
 1.616E-19 1.627E-19 1.612E-19 1.427E-19 1.261E-19 1.200E-19 1.186E-19 1.172E-19 1.125E-19 1.146E-19
 1.218E-19 1.254E-19 1.282E-19 1.377E-19 1.517E-19 1.561E-19 1.502E-19 1.499E-19 1.491E-19 1.356E-19
 1.220E-19 1.138E-19 1.111E-19 1.116E-19 1.122E-19 1.156E-19 1.196E-19 1.209E-19 1.252E-19 1.385E-19
 1.494E-19 1.514E-19 1.496E-19 1.475E-19 1.408E-19 1.286E-19 1.143E-19 1.039E-19 1.051E-19 1.112E-19
 1.144E-19 1.156E-19 1.139E-19 1.133E-19 1.224E-19 1.367E-19 1.432E-19 1.426E-19 1.418E-19 1.403E-19
 1.314E-19 1.161E-19 1.017E-19 9.613E-20 1.027E-19 1.084E-19 1.090E-19 1.119E-19 1.135E-19 1.169E-19
 1.297E-19 1.392E-19 1.386E-19 1.373E-19 1.349E-19 1.339E-19 1.272E-19 1.138E-19 9.789E-20 9.294E-20
 1.002E-19 1.026E-19 1.002E-19 1.002E-19 1.040E-19 1.096E-19 1.213E-19 1.291E-19 1.295E-19 1.301E-19
 1.318E-19 1.309E-19 1.249E-19 1.113E-19 9.496E-20 9.706E-20 1.039E-19 1.010E-19 9.955E-20 1.048E-19
 1.097E-19 1.145E-19 1.222E-19 1.242E-19 1.262E-19 1.265E-19 1.274E-19 1.227E-19 1.112E-19 9.628E-20
 8.725E-20 9.293E-20 9.521E-20 9.104E-20 9.354E-20 9.977E-20 1.018E-19 1.090E-19 1.156E-19 1.188E-19
 1.213E-19 1.214E-19 1.202E-19 1.136E-19 1.041E-19 9.290E-20 8.815E-20 9.125E-20 8.829E-20 8.428E-20
 9.239E-20 1.014E-19 1.058E-19 1.119E-19 1.150E-19 1.118E-19 1.109E-19 1.140E-19 1.142E-19 1.071E-19
 9.755E-20 8.812E-20 8.646E-20 8.783E-20 8.400E-20 8.299E-20 9.103E-20 9.768E-20 9.642E-20 9.679E-20
 9.917E-20 1.023E-19 1.023E-19 1.097E-19 1.095E-19 1.036E-19 9.357E-20 8.493E-20 8.434E-20 8.391E-20
 7.942E-20 8.019E-20 8.875E-20 9.428E-20 9.344E-20 9.449E-20 9.858E-20 9.983E-20 1.004E-19 1.042E-19
 1.033E-19 9.486E-20 8.614E-20 8.389E-20 8.610E-20 8.442E-20 8.146E-20 8.350E-20 8.980E-20 9.514E-20
 9.338E-20 9.020E-20 9.056E-20 9.366E-20 9.899E-20 9.978E-20 9.430E-20 8.580E-20 7.762E-20 7.326E-20
 7.398E-20 7.410E-20 7.196E-20 7.541E-20 8.250E-20 8.454E-20 8.302E-20 8.688E-20 9.138E-20 9.295E-20
 9.523E-20 9.469E-20 8.851E-20 8.210E-20 7.647E-20 7.335E-20 7.451E-20 7.255E-20 7.098E-20 7.549E-20
 8.267E-20 8.428E-20 8.386E-20 8.643E-20 8.569E-20 8.882E-20 9.046E-20 8.545E-20 8.186E-20 8.030E-20
 7.395E-20 6.712E-20 6.844E-20 6.810E-20 6.677E-20 7.150E-20 7.639E-20 7.619E-20 7.814E-20 8.666E-20
 8.971E-20 8.722E-20 8.620E-20 8.494E-20 7.782E-20 7.224E-20 6.577E-20 6.212E-20 6.443E-20 6.512E-20
 6.612E-20 7.075E-20 6.997E-20 6.932E-20 7.566E-20 8.308E-20 8.322E-20 7.959E-20 7.840E-20 7.709E-20
 7.321E-20 7.017E-20 6.670E-20 6.496E-20 6.651E-20 6.764E-20 6.666E-20 6.565E-20 6.669E-20 6.616E-20
 6.905E-20 7.625E-20 7.748E-20 7.318E-20 7.066E-20 7.214E-20 7.163E-20 6.892E-20 6.188E-20 5.673E-20
 5.929E-20 6.152E-20 6.073E-20 5.943E-20 6.100E-20 6.157E-20 6.354E-20 6.758E-20 7.027E-20 7.109E-20
 7.308E-20 7.061E-20 6.543E-20 6.343E-20 5.846E-20 5.351E-20 5.831E-20 5.831E-20 5.923E-20 5.830E-20
 5.827E-20 5.898E-20 6.187E-20 6.581E-20 6.677E-20 6.454E-20 6.426E-20 6.306E-20 5.910E-20 5.868E-20
 5.953E-20 5.953E-20 5.459E-20 5.193E-20 5.507E-20 5.674E-20 5.635E-20 5.816E-20 6.187E-20 6.496E-20
 6.340E-20 6.297E-20 6.430E-20 6.145E-20 5.903E-20 5.802E-20 5.515E-20 5.312E-20 5.333E-20 5.213E-20
 5.091E-20 5.022E-20 5.022E-20 4.988E-20 5.287E-20 5.614E-20 5.901E-20 6.195E-20 6.148E-20 5.797E-20
 5.349E-20 5.007E-20 4.910E-20 4.972E-20 5.074E-20 5.068E-20 5.019E-20 4.953E-20 4.875E-20 4.702E-20
 5.052E-20 5.596E-20 5.643E-20 5.722E-20 5.532E-20 5.115E-20 4.906E-20 5.026E-20 5.065E-20 4.638E-20
 4.496E-20 4.425E-20 4.348E-20 4.555E-20 4.751E-20 4.758E-20 4.880E-20 5.069E-20 4.914E-20 4.885E-20
 5.121E-20 5.168E-20 4.796E-20 4.744E-20 4.694E-20 4.303E-20 4.027E-20 4.076E-20 4.083E-20 4.343E-20
 4.450E-20 4.411E-20 4.528E-20 4.916E-20 5.014E-20 4.886E-20 4.678E-20 4.480E-20 4.108E-20 4.228E-20
 4.228E-20 4.581E-20 3.988E-20 3.800E-20 3.738E-20 3.766E-20 0.000E+00 0.000E+00 0.000E+00 0.000E+00
