     CClF3 1065.0080 1139.9960      5056  253.0000    0.0000 7.940E-18  NCAR    CFC-13
 9.577E-21 1.102E-20 1.028E-20 8.114E-21 7.286E-21 5.908E-21 8.162E-21 8.097E-21 6.896E-21 6.908E-21
 9.079E-21 1.852E-20 2.500E-20 1.784E-20 1.182E-20 1.382E-20 1.670E-20 1.722E-20 1.670E-20 1.674E-20
 1.628E-20 1.379E-20 1.006E-20 5.571E-21 4.095E-21 4.372E-21 2.745E-21 6.831E-22 9.904E-22 7.371E-21
 1.775E-20 2.113E-20 2.113E-20 1.426E-20 1.870E-20 1.838E-20 1.732E-20 1.670E-20 1.670E-20 1.889E-20
 1.707E-20 1.436E-20 1.064E-20 1.064E-20 7.026E-21 1.772E-21 1.080E-21 2.877E-21 9.245E-21 2.004E-20
 2.118E-20 1.454E-20 1.746E-20 2.373E-20 1.961E-20 1.075E-20 1.031E-20 1.415E-20 1.408E-20 1.087E-20
 9.023E-21 9.088E-21 7.593E-21 4.997E-21 6.010E-21 7.968E-21 9.024E-21 1.288E-20 2.165E-20 2.529E-20
 2.313E-20 2.233E-20 1.786E-20 1.443E-20 1.421E-20 1.780E-20 1.705E-20 1.342E-20 1.179E-20 1.059E-20
 7.367E-21 5.265E-21 3.027E-21 4.430E-22 8.418E-23 3.238E-21 1.500E-20 2.616E-20 2.404E-20 2.008E-20
 1.948E-20 1.714E-20 1.749E-20 2.036E-20 2.187E-20 1.907E-20 1.492E-20 1.221E-20 8.777E-21 4.432E-21
 4.030E-21 4.079E-21 3.186E-21 5.901E-21 1.129E-20 2.149E-20 2.816E-20 2.525E-20 2.057E-20 1.688E-20
 1.581E-20 2.010E-20 2.229E-20 1.669E-20 1.297E-20 1.223E-20 9.645E-21 7.258E-21 5.563E-21 5.111E-21
 6.287E-21 6.624E-21 9.553E-21 1.895E-20 3.147E-20 3.405E-20 2.686E-20 2.070E-20 2.001E-20 2.352E-20
 2.314E-20 1.980E-20 1.570E-20 9.710E-21 3.938E-21 1.527E-21 6.163E-22 2.618E-21 5.998E-21 5.610E-21
 6.016E-21 1.150E-20 2.515E-20 3.534E-20 3.047E-20 2.371E-20 2.461E-20 2.375E-20 2.040E-20 1.851E-20
 1.509E-20 1.059E-20 8.896E-21 6.899E-21 5.459E-21 5.015E-21 4.442E-21 1.894E-21 0.000E+00 6.494E-21
 2.455E-20 3.817E-20 3.295E-20 2.348E-20 2.142E-20 2.416E-20 2.424E-20 1.745E-20 1.261E-20 1.003E-20
 9.089E-21 9.798E-21 9.241E-21 7.246E-21 5.451E-21 3.448E-21 2.807E-21 7.857E-21 7.857E-21 3.998E-20
 4.211E-20 3.071E-20 2.441E-20 2.108E-20 1.774E-20 1.563E-20 1.409E-20 1.127E-20 9.399E-21 1.014E-20
 9.349E-21 6.744E-21 5.797E-21 4.598E-21 5.169E-21 9.337E-21 2.197E-20 3.947E-20 4.225E-20 3.202E-20
 2.641E-20 2.649E-20 2.386E-20 2.042E-20 1.757E-20 1.421E-20 1.281E-20 1.024E-20 7.546E-21 6.292E-21
 3.819E-21 2.301E-21 2.391E-21 7.534E-21 1.980E-20 3.376E-20 3.888E-20 3.272E-20 2.757E-20 2.505E-20
 1.959E-20 1.454E-20 1.413E-20 1.454E-20 1.244E-20 8.834E-21 7.496E-21 7.034E-21 6.106E-21 7.209E-21
 1.081E-20 1.712E-20 2.702E-20 3.901E-20 4.418E-20 3.936E-20 3.322E-20 2.833E-20 2.216E-20 1.604E-20
 1.226E-20 9.804E-21 8.197E-21 6.288E-21 4.755E-21 1.987E-21 1.792E-21 4.580E-21 9.791E-21 1.681E-20
 2.434E-20 3.554E-20 4.336E-20 3.952E-20 3.256E-20 2.755E-20 2.193E-20 1.617E-20 1.178E-20 1.264E-20
 1.139E-20 7.380E-21 5.343E-21 3.913E-21 4.831E-21 6.766E-21 1.153E-20 1.737E-20 2.170E-20 3.242E-20
 4.089E-20 3.737E-20 2.844E-20 1.816E-20 1.151E-20 1.207E-20 1.127E-20 8.762E-21 8.530E-21 8.049E-21
 7.140E-21 7.746E-21 8.749E-21 1.502E-20 1.895E-20 1.727E-20 2.024E-20 3.714E-20 4.819E-20 3.981E-20
 2.726E-20 2.104E-20 1.536E-20 1.143E-20 9.394E-21 6.589E-21 5.377E-21 5.058E-21 5.053E-21 6.989E-21
 1.117E-20 1.459E-20 1.248E-20 1.286E-20 2.530E-20 4.114E-20 4.447E-20 3.361E-20 2.437E-20 2.086E-20
 1.749E-20 1.096E-20 7.241E-21 5.876E-21 7.059E-21 5.574E-21 4.842E-21 1.042E-20 1.521E-20 1.763E-20
 1.587E-20 1.788E-20 3.084E-20 4.530E-20 4.261E-20 2.940E-20 2.062E-20 1.652E-20 1.327E-20 1.125E-20
 1.034E-20 9.691E-21 8.591E-21 1.060E-20 1.351E-20 1.624E-20 2.083E-20 2.081E-20 1.955E-20 2.519E-20
 4.121E-20 4.774E-20 3.651E-20 2.429E-20 1.678E-20 1.077E-20 6.822E-21 6.074E-21 6.830E-21 6.145E-21
 8.562E-21 1.076E-20 1.268E-20 1.715E-20 1.659E-20 1.305E-20 1.725E-20 3.237E-20 4.705E-20 4.261E-20
 2.878E-20 1.977E-20 1.397E-20 1.137E-20 1.126E-20 1.039E-20 1.160E-20 1.424E-20 1.664E-20 2.051E-20
 2.265E-20 1.830E-20 1.188E-20 1.196E-20 2.322E-20 3.766E-20 4.079E-20 2.779E-20 1.716E-20 1.335E-20
 1.021E-20 7.618E-21 4.845E-21 6.809E-21 1.157E-20 1.370E-20 1.651E-20 1.896E-20 1.590E-20 1.174E-20
 1.311E-20 1.932E-20 3.168E-20 4.260E-20 3.842E-20 2.698E-20 1.946E-20 1.658E-20 1.318E-20 1.167E-20
 1.167E-20 1.129E-20 1.139E-20 1.373E-20 1.495E-20 9.284E-21 6.239E-21 1.163E-20 1.807E-20 2.551E-20
 3.623E-20 3.834E-20 2.748E-20 1.808E-20 1.289E-20 1.205E-20 1.368E-20 1.506E-20 1.488E-20 1.471E-20
 1.502E-20 1.499E-20 1.130E-20 1.075E-20 1.525E-20 1.938E-20 2.146E-20 3.260E-20 3.933E-20 2.792E-20
 1.838E-20 1.611E-20 1.396E-20 1.200E-20 1.069E-20 1.151E-20 1.433E-20 1.582E-20 1.438E-20 1.251E-20
 1.325E-20 1.488E-20 1.381E-20 1.658E-20 3.088E-20 4.104E-20 3.551E-20 2.615E-20 2.065E-20 1.727E-20
 1.386E-20 1.233E-20 1.233E-20 1.588E-20 1.972E-20 1.537E-20 1.025E-20 1.050E-20 1.126E-20 9.463E-21
 1.253E-20 2.613E-20 3.554E-20 2.877E-20 1.977E-20 1.653E-20 1.530E-20 1.385E-20 1.109E-20 1.221E-20
 1.723E-20 1.767E-20 1.568E-20 1.666E-20 1.970E-20 1.848E-20 1.464E-20 1.866E-20 3.097E-20 4.235E-20
 3.633E-20 2.353E-20 1.878E-20 1.644E-20 1.118E-20 1.084E-20 1.469E-20 1.504E-20 1.183E-20 9.722E-21
 1.256E-20 1.344E-20 1.079E-20 1.070E-20 1.423E-20 2.653E-20 3.892E-20 3.515E-20 2.574E-20 1.943E-20
 1.581E-20 1.350E-20 1.526E-20 2.052E-20 2.184E-20 1.652E-20 1.419E-20 1.459E-20 1.537E-20 1.307E-20
 1.126E-20 1.935E-20 3.303E-20 3.732E-20 2.646E-20 1.566E-20 1.046E-20 1.004E-20 1.214E-20 1.372E-20
 1.515E-20 1.446E-20 1.305E-20 1.456E-20 1.652E-20 1.444E-20 1.031E-20 1.288E-20 2.203E-20 3.582E-20
 4.328E-20 3.414E-20 2.427E-20 1.918E-20 1.747E-20 1.901E-20 2.214E-20 2.064E-20 1.763E-20 1.786E-20
 1.660E-20 1.473E-20 1.385E-20 1.313E-20 1.542E-20 2.457E-20 3.790E-20 3.775E-20 2.922E-20 2.061E-20
 1.488E-20 1.790E-20 2.245E-20 2.039E-20 1.739E-20 1.888E-20 2.005E-20 1.860E-20 1.614E-20 1.565E-20
 1.555E-20 2.089E-20 3.409E-20 4.326E-20 3.610E-20 2.352E-20 1.781E-20 1.917E-20 2.018E-20 1.779E-20
 1.405E-20 1.343E-20 1.604E-20 1.626E-20 1.474E-20 1.555E-20 1.426E-20 1.402E-20 2.324E-20 3.892E-20
 4.156E-20 3.049E-20 2.454E-20 2.428E-20 2.770E-20 2.697E-20 2.158E-20 2.089E-20 2.149E-20 1.785E-20
 1.586E-20 1.736E-20 1.795E-20 1.618E-20 1.965E-20 3.260E-20 4.105E-20 3.203E-20 2.307E-20 2.245E-20
 2.450E-20 2.528E-20 2.308E-20 2.249E-20 2.254E-20 2.089E-20 1.965E-20 2.174E-20 2.453E-20 2.375E-20
 2.604E-20 3.736E-20 4.762E-20 4.489E-20 3.265E-20 2.664E-20 2.826E-20 2.786E-20 2.486E-20 2.599E-20
 2.621E-20 2.389E-20 2.083E-20 2.004E-20 1.702E-20 1.642E-20 2.057E-20 2.742E-20 4.020E-20 4.743E-20
 4.114E-20 3.329E-20 3.129E-20 3.175E-20 3.034E-20 2.833E-20 2.640E-20 2.383E-20 2.198E-20 2.500E-20
 2.707E-20 2.543E-20 2.571E-20 3.123E-20 4.326E-20 5.075E-20 4.518E-20 3.742E-20 3.486E-20 2.887E-20
 2.524E-20 2.455E-20 2.580E-20 2.762E-20 2.665E-20 2.458E-20 2.515E-20 2.517E-20 2.636E-20 3.453E-20
 4.557E-20 5.366E-20 5.083E-20 4.180E-20 3.732E-20 3.620E-20 3.506E-20 3.305E-20 2.963E-20 2.953E-20
 2.914E-20 2.767E-20 2.764E-20 2.755E-20 2.909E-20 3.480E-20 4.248E-20 5.119E-20 5.040E-20 4.344E-20
 3.699E-20 3.434E-20 3.623E-20 3.374E-20 3.014E-20 3.009E-20 3.133E-20 3.262E-20 3.307E-20 3.278E-20
 3.219E-20 3.402E-20 4.298E-20 5.372E-20 5.235E-20 4.343E-20 3.834E-20 3.939E-20 4.158E-20 4.052E-20
 3.720E-20 3.621E-20 3.860E-20 3.762E-20 3.438E-20 3.429E-20 3.735E-20 4.000E-20 4.599E-20 5.194E-20
 4.866E-20 4.086E-20 3.969E-20 4.408E-20 4.640E-20 4.426E-20 4.334E-20 4.377E-20 4.427E-20 4.445E-20
 4.716E-20 4.721E-20 4.577E-20 4.967E-20 6.118E-20 6.739E-20 6.000E-20 5.010E-20 4.689E-20 4.659E-20
 4.608E-20 4.516E-20 4.229E-20 3.905E-20 3.972E-20 4.250E-20 4.476E-20 4.521E-20 4.530E-20 4.914E-20
 5.964E-20 6.182E-20 5.502E-20 4.980E-20 5.074E-20 5.395E-20 5.414E-20 5.836E-20 6.001E-20 5.618E-20
 5.372E-20 5.445E-20 5.408E-20 5.351E-20 5.565E-20 6.120E-20 6.547E-20 6.199E-20 5.551E-20 5.478E-20
 5.612E-20 5.625E-20 5.653E-20 5.847E-20 6.105E-20 6.024E-20 5.853E-20 5.896E-20 5.835E-20 5.831E-20
 6.195E-20 6.905E-20 7.052E-20 6.340E-20 6.092E-20 6.043E-20 5.790E-20 5.914E-20 5.864E-20 5.629E-20
 5.764E-20 5.818E-20 5.639E-20 5.359E-20 5.248E-20 5.335E-20 5.634E-20 5.717E-20 4.908E-20 3.771E-20
 3.577E-20 3.990E-20 4.196E-20 4.361E-20 5.005E-20 5.742E-20 5.856E-20 5.728E-20 5.486E-20 5.511E-20
 5.480E-20 5.325E-20 5.273E-20 5.402E-20 5.366E-20 5.308E-20 5.224E-20 5.270E-20 5.346E-20 5.540E-20
 5.817E-20 5.788E-20 5.709E-20 6.241E-20 6.474E-20 6.305E-20 6.365E-20 6.735E-20 7.350E-20 7.334E-20
 6.769E-20 6.567E-20 6.808E-20 6.961E-20 6.921E-20 7.056E-20 7.513E-20 7.900E-20 7.935E-20 8.047E-20
 8.346E-20 8.188E-20 8.062E-20 8.187E-20 8.020E-20 7.910E-20 7.994E-20 8.157E-20 8.240E-20 8.308E-20
 8.833E-20 9.565E-20 9.765E-20 9.563E-20 9.501E-20 1.001E-19 1.030E-19 1.004E-19 9.888E-20 9.988E-20
 1.031E-19 1.061E-19 1.055E-19 1.040E-19 1.062E-19 1.072E-19 1.066E-19 1.077E-19 1.094E-19 1.080E-19
 1.073E-19 1.105E-19 1.131E-19 1.168E-19 1.195E-19 1.162E-19 1.128E-19 1.106E-19 1.106E-19 1.110E-19
 1.092E-19 1.068E-19 1.040E-19 1.014E-19 1.009E-19 9.789E-20 9.785E-20 1.009E-19 1.011E-19 9.950E-20
 9.895E-20 9.427E-20 8.992E-20 8.962E-20 9.122E-20 9.063E-20 9.097E-20 9.529E-20 9.455E-20 8.686E-20
 8.051E-20 7.131E-20 5.927E-20 4.394E-20 2.610E-20 1.921E-20 2.193E-20 2.323E-20 2.383E-20 2.471E-20
 2.248E-20 2.093E-20 2.119E-20 2.165E-20 2.276E-20 2.561E-20 2.790E-20 2.714E-20 2.721E-20 3.242E-20
 3.970E-20 4.093E-20 3.627E-20 2.927E-20 2.697E-20 2.733E-20 2.596E-20 2.238E-20 2.210E-20 2.634E-20
 3.019E-20 2.996E-20 2.737E-20 2.504E-20 2.738E-20 3.060E-20 3.130E-20 3.111E-20 3.093E-20 2.863E-20
 2.401E-20 2.318E-20 3.075E-20 4.098E-20 4.328E-20 4.035E-20 3.800E-20 3.606E-20 3.285E-20 2.846E-20
 2.565E-20 2.568E-20 2.744E-20 3.223E-20 3.461E-20 3.458E-20 3.361E-20 3.227E-20 3.339E-20 3.234E-20
 2.874E-20 2.756E-20 2.806E-20 2.665E-20 2.442E-20 2.984E-20 3.661E-20 3.365E-20 3.007E-20 3.097E-20
 3.378E-20 3.740E-20 3.958E-20 3.744E-20 3.685E-20 3.843E-20 4.177E-20 4.437E-20 4.258E-20 3.671E-20
 3.148E-20 2.945E-20 2.709E-20 2.869E-20 3.564E-20 4.274E-20 4.077E-20 3.876E-20 4.559E-20 4.996E-20
 4.510E-20 4.027E-20 3.891E-20 3.837E-20 3.549E-20 3.267E-20 3.248E-20 3.745E-20 4.844E-20 5.855E-20
 5.723E-20 4.996E-20 4.299E-20 4.085E-20 3.882E-20 3.789E-20 4.108E-20 4.060E-20 3.318E-20 3.019E-20
 3.596E-20 5.047E-20 6.146E-20 6.169E-20 5.330E-20 4.652E-20 4.718E-20 4.644E-20 4.149E-20 3.999E-20
 4.604E-20 5.277E-20 4.950E-20 4.150E-20 4.183E-20 4.718E-20 5.341E-20 5.507E-20 5.193E-20 4.840E-20
 4.302E-20 3.773E-20 3.817E-20 4.824E-20 6.341E-20 6.665E-20 5.731E-20 5.048E-20 5.163E-20 5.496E-20
 5.800E-20 5.780E-20 5.739E-20 5.883E-20 5.359E-20 4.595E-20 4.628E-20 4.846E-20 4.994E-20 5.426E-20
 5.774E-20 5.471E-20 5.029E-20 4.964E-20 5.673E-20 6.318E-20 6.954E-20 7.238E-20 6.246E-20 5.192E-20
 5.171E-20 5.682E-20 6.131E-20 6.545E-20 7.138E-20 6.957E-20 6.387E-20 6.588E-20 6.992E-20 6.248E-20
 4.931E-20 4.452E-20 4.764E-20 4.945E-20 4.516E-20 3.888E-20 3.984E-20 5.830E-20 8.065E-20 9.164E-20
 8.902E-20 8.691E-20 8.568E-20 7.585E-20 6.620E-20 6.294E-20 6.267E-20 6.334E-20 6.258E-20 6.546E-20
 7.077E-20 7.581E-20 7.863E-20 7.413E-20 7.227E-20 7.315E-20 6.414E-20 4.996E-20 4.229E-20 4.650E-20
 5.781E-20 7.278E-20 7.669E-20 6.954E-20 7.404E-20 8.631E-20 9.427E-20 9.297E-20 9.367E-20 9.115E-20
 8.277E-20 7.613E-20 7.239E-20 6.577E-20 6.021E-20 5.884E-20 5.756E-20 5.829E-20 6.329E-20 7.287E-20
 7.656E-20 7.330E-20 7.429E-20 8.334E-20 8.834E-20 7.975E-20 7.212E-20 7.024E-20 7.795E-20 8.877E-20
 8.844E-20 8.518E-20 9.688E-20 1.172E-19 1.161E-19 9.536E-20 7.690E-20 6.710E-20 6.144E-20 5.770E-20
 5.528E-20 5.270E-20 5.023E-20 5.304E-20 6.359E-20 8.773E-20 1.249E-19 1.394E-19 1.227E-19 1.019E-19
 9.760E-20 9.994E-20 8.875E-20 7.720E-20 8.148E-20 8.477E-20 7.687E-20 7.001E-20 7.116E-20 8.515E-20
 1.108E-19 1.218E-19 1.033E-19 7.923E-20 6.227E-20 5.512E-20 5.734E-20 7.514E-20 1.021E-19 1.085E-19
 9.588E-20 9.435E-20 1.153E-19 1.466E-19 1.544E-19 1.359E-19 1.175E-19 1.047E-19 8.693E-20 7.189E-20
 6.785E-20 7.140E-20 7.297E-20 7.168E-20 7.186E-20 7.869E-20 9.274E-20 1.076E-19 1.063E-19 1.048E-19
 1.200E-19 1.210E-19 1.090E-19 1.150E-19 1.352E-19 1.373E-19 1.175E-19 1.072E-19 1.118E-19 1.186E-19
 1.228E-19 1.199E-19 1.059E-19 9.089E-20 7.774E-20 6.861E-20 6.987E-20 7.202E-20 6.742E-20 6.128E-20
 6.752E-20 9.665E-20 1.423E-19 1.731E-19 1.774E-19 1.768E-19 1.750E-19 1.570E-19 1.323E-19 1.159E-19
 1.063E-19 9.443E-20 8.477E-20 8.634E-20 9.311E-20 9.905E-20 1.083E-19 1.193E-19 1.160E-19 1.016E-19
 8.733E-20 7.712E-20 7.727E-20 9.672E-20 1.360E-19 1.582E-19 1.611E-19 1.743E-19 1.836E-19 1.782E-19
 1.696E-19 1.528E-19 1.278E-19 1.094E-19 9.955E-20 9.360E-20 8.846E-20 8.794E-20 9.264E-20 9.753E-20
 1.038E-19 1.071E-19 1.033E-19 1.111E-19 1.234E-19 1.415E-19 1.776E-19 1.933E-19 1.926E-19 1.948E-19
 1.812E-19 1.586E-19 1.327E-19 1.116E-19 1.083E-19 1.238E-19 1.437E-19 1.396E-19 1.216E-19 1.091E-19
 1.039E-19 1.040E-19 1.076E-19 1.020E-19 9.000E-20 8.874E-20 1.057E-19 1.574E-19 2.319E-19 2.695E-19
 2.625E-19 2.245E-19 1.820E-19 1.525E-19 1.235E-19 1.099E-19 1.149E-19 1.205E-19 1.202E-19 1.164E-19
 1.192E-19 1.362E-19 1.509E-19 1.441E-19 1.240E-19 1.005E-19 9.074E-20 1.005E-19 1.312E-19 1.962E-19
 2.624E-19 2.735E-19 2.503E-19 2.266E-19 2.135E-19 1.839E-19 1.399E-19 1.262E-19 1.334E-19 1.303E-19
 1.247E-19 1.202E-19 1.203E-19 1.241E-19 1.264E-19 1.278E-19 1.296E-19 1.366E-19 1.333E-19 1.362E-19
 1.838E-19 2.670E-19 3.112E-19 2.903E-19 2.515E-19 2.175E-19 1.823E-19 1.415E-19 1.251E-19 1.509E-19
 1.672E-19 1.538E-19 1.406E-19 1.347E-19 1.326E-19 1.377E-19 1.471E-19 1.442E-19 1.249E-19 1.114E-19
 1.183E-19 1.677E-19 2.720E-19 3.602E-19 3.483E-19 2.841E-19 2.323E-19 1.987E-19 1.678E-19 1.426E-19
 1.436E-19 1.502E-19 1.458E-19 1.437E-19 1.577E-19 1.731E-19 1.734E-19 1.668E-19 1.591E-19 1.491E-19
 1.381E-19 1.391E-19 1.632E-19 2.291E-19 3.250E-19 3.650E-19 3.210E-19 2.787E-19 2.432E-19 2.002E-19
 1.634E-19 1.541E-19 1.628E-19 1.630E-19 1.533E-19 1.488E-19 1.504E-19 1.565E-19 1.741E-19 2.005E-19
 1.998E-19 1.702E-19 1.572E-19 1.811E-19 2.380E-19 3.323E-19 3.993E-19 3.511E-19 2.687E-19 2.261E-19
 2.113E-19 2.055E-19 1.905E-19 1.784E-19 1.802E-19 1.809E-19 1.818E-19 1.812E-19 1.759E-19 1.724E-19
 1.715E-19 1.714E-19 1.764E-19 1.973E-19 2.199E-19 2.541E-19 3.383E-19 4.225E-19 4.029E-19 3.147E-19
 2.518E-19 2.141E-19 1.868E-19 1.695E-19 1.844E-19 2.193E-19 2.300E-19 2.171E-19 2.065E-19 1.981E-19
 1.895E-19 1.893E-19 1.899E-19 1.838E-19 1.813E-19 1.997E-19 2.557E-19 3.575E-19 4.426E-19 4.325E-19
 3.520E-19 2.852E-19 2.431E-19 2.105E-19 1.841E-19 1.874E-19 2.183E-19 2.255E-19 2.234E-19 2.335E-19
 2.286E-19 2.176E-19 2.191E-19 2.189E-19 2.102E-19 1.992E-19 2.152E-19 2.698E-19 3.384E-19 3.994E-19
 4.342E-19 3.957E-19 3.243E-19 2.737E-19 2.428E-19 2.172E-19 2.169E-19 2.388E-19 2.410E-19 2.277E-19
 2.148E-19 2.062E-19 2.222E-19 2.495E-19 2.610E-19 2.468E-19 2.204E-19 2.405E-19 3.027E-19 3.513E-19
 3.976E-19 4.335E-19 3.925E-19 3.286E-19 3.120E-19 2.959E-19 2.589E-19 2.422E-19 2.560E-19 2.522E-19
 2.361E-19 2.186E-19 2.047E-19 2.183E-19 2.538E-19 2.818E-19 2.785E-19 2.611E-19 2.975E-19 3.481E-19
 3.709E-19 4.120E-19 4.619E-19 4.184E-19 3.291E-19 2.950E-19 2.930E-19 3.037E-19 2.996E-19 2.915E-19
 2.730E-19 2.457E-19 2.220E-19 2.252E-19 2.554E-19 2.853E-19 2.821E-19 2.709E-19 3.009E-19 3.671E-19
 3.863E-19 3.798E-19 4.204E-19 4.812E-19 4.436E-19 3.655E-19 3.321E-19 3.244E-19 3.183E-19 3.094E-19
 3.143E-19 3.018E-19 2.687E-19 2.564E-19 2.816E-19 3.184E-19 3.220E-19 2.968E-19 2.981E-19 3.435E-19
 3.982E-19 4.132E-19 4.127E-19 4.516E-19 5.108E-19 4.777E-19 4.119E-19 3.897E-19 3.721E-19 3.307E-19
 2.913E-19 2.856E-19 2.790E-19 2.746E-19 2.981E-19 3.290E-19 3.275E-19 3.020E-19 2.983E-19 3.250E-19
 3.640E-19 3.835E-19 3.695E-19 3.737E-19 4.515E-19 5.380E-19 5.001E-19 4.259E-19 3.895E-19 3.518E-19
 2.950E-19 2.635E-19 2.725E-19 2.919E-19 3.299E-19 3.621E-19 3.536E-19 3.194E-19 3.145E-19 3.396E-19
 3.785E-19 4.043E-19 3.949E-19 3.618E-19 3.707E-19 4.871E-19 5.828E-19 5.149E-19 4.344E-19 3.941E-19
 3.497E-19 2.992E-19 2.914E-19 3.182E-19 3.407E-19 3.613E-19 3.651E-19 3.407E-19 3.297E-19 3.617E-19
 4.082E-19 4.311E-19 4.213E-19 3.797E-19 3.298E-19 3.849E-19 5.566E-19 6.170E-19 5.243E-19 4.610E-19
 4.172E-19 3.565E-19 3.152E-19 3.412E-19 3.710E-19 3.683E-19 3.530E-19 3.472E-19 3.552E-19 3.920E-19
 4.482E-19 4.705E-19 4.425E-19 4.005E-19 3.434E-19 3.444E-19 4.793E-19 6.481E-19 6.288E-19 5.330E-19
 4.696E-19 4.140E-19 3.690E-19 3.668E-19 3.950E-19 3.879E-19 3.694E-19 3.679E-19 3.820E-19 4.193E-19
 4.692E-19 4.891E-19 4.733E-19 4.430E-19 3.868E-19 3.534E-19 4.359E-19 6.085E-19 6.873E-19 5.932E-19
 5.102E-19 4.723E-19 4.378E-19 3.961E-19 3.994E-19 3.948E-19 3.799E-19 3.898E-19 4.067E-19 4.299E-19
 4.821E-19 5.288E-19 5.284E-19 5.041E-19 4.429E-19 3.737E-19 3.927E-19 5.214E-19 6.866E-19 6.713E-19
 5.771E-19 5.320E-19 4.917E-19 4.289E-19 4.016E-19 4.030E-19 3.980E-19 4.124E-19 4.295E-19 4.397E-19
 5.023E-19 5.849E-19 6.059E-19 5.620E-19 4.508E-19 3.659E-19 3.656E-19 4.542E-19 6.420E-19 7.408E-19
 6.598E-19 5.817E-19 5.376E-19 4.836E-19 4.195E-19 4.118E-19 4.246E-19 4.515E-19 4.616E-19 4.677E-19
 5.560E-19 6.437E-19 6.487E-19 5.867E-19 4.531E-19 3.662E-19 3.536E-19 4.065E-19 5.987E-19 8.121E-19
 7.510E-19 6.529E-19 6.090E-19 5.262E-19 4.244E-19 4.124E-19 4.623E-19 5.010E-19 4.995E-19 5.246E-19
 6.198E-19 6.681E-19 6.632E-19 5.871E-19 4.577E-19 3.901E-19 3.653E-19 3.956E-19 5.785E-19 8.286E-19
 8.107E-19 7.166E-19 6.457E-19 5.286E-19 4.249E-19 4.309E-19 5.065E-19 5.339E-19 5.375E-19 5.930E-19
 6.761E-19 6.902E-19 6.878E-19 6.128E-19 4.814E-19 4.216E-19 3.892E-19 4.081E-19 5.904E-19 8.873E-19
 8.814E-19 7.573E-19 6.470E-19 5.516E-19 4.681E-19 4.786E-19 5.634E-19 5.921E-19 6.034E-19 6.597E-19
 7.020E-19 7.033E-19 7.224E-19 6.353E-19 4.904E-19 4.272E-19 3.911E-19 4.117E-19 5.958E-19 9.193E-19
 1.101E-18 8.008E-19 6.497E-19 5.559E-19 5.246E-19 5.702E-19 6.252E-19 6.248E-19 6.542E-19 7.008E-19
 6.909E-19 7.071E-19 7.099E-19 5.995E-19 4.833E-19 4.304E-19 3.978E-19 4.441E-19 6.501E-19 9.638E-19
 1.130E-18 8.128E-19 6.824E-19 6.199E-19 5.912E-19 5.990E-19 6.311E-19 6.523E-19 6.985E-19 7.154E-19
 7.039E-19 7.343E-19 7.150E-19 6.170E-19 5.096E-19 4.285E-19 4.131E-19 5.155E-19 7.330E-19 9.851E-19
 1.130E-18 7.851E-19 7.069E-19 6.789E-19 6.398E-19 6.372E-19 6.866E-19 7.270E-19 7.455E-19 7.139E-19
 7.400E-19 7.806E-19 7.390E-19 6.202E-19 5.010E-19 4.598E-19 4.900E-19 5.949E-19 7.979E-19 1.021E-18
 1.142E-18 9.456E-19 7.442E-19 7.216E-19 6.639E-19 6.704E-19 7.346E-19 7.651E-19 7.375E-19 7.350E-19
 8.111E-19 8.082E-19 7.445E-19 5.768E-19 4.732E-19 4.887E-19 5.487E-19 6.377E-19 8.426E-19 1.064E-18
 1.200E-18 1.034E-18 7.973E-19 7.316E-19 6.614E-19 7.287E-19 8.165E-19 7.814E-19 7.581E-19 8.375E-19
 9.875E-19 7.705E-19 6.604E-19 5.464E-19 5.192E-19 5.635E-19 5.923E-19 6.784E-19 9.399E-19 1.360E-18
 1.309E-18 1.078E-18 7.875E-19 6.844E-19 7.177E-19 8.360E-19 8.259E-19 8.026E-19 9.941E-19 1.040E-18
 7.890E-19 7.195E-19 6.345E-19 5.717E-19 5.808E-19 6.035E-19 6.270E-19 7.795E-19 1.160E-18 1.480E-18
 1.204E-18 8.325E-19 7.446E-19 7.291E-19 8.585E-19 8.975E-19 8.375E-19 1.015E-18 1.066E-18 8.061E-19
 7.334E-19 7.112E-19 6.679E-19 6.438E-19 6.584E-19 6.248E-19 6.738E-19 9.752E-19 1.470E-18 1.369E-18
 1.056E-18 7.985E-19 7.609E-19 8.373E-19 9.040E-19 9.865E-19 8.632E-19 1.075E-18 9.906E-19 7.761E-19
 7.981E-19 7.563E-19 6.695E-19 6.605E-19 6.370E-19 6.529E-19 8.497E-19 1.344E-18 1.469E-18 1.187E-18
 9.721E-19 8.122E-19 8.918E-19 9.363E-19 1.032E-18 1.059E-18 1.156E-18 1.079E-18 9.552E-19 9.164E-19
 7.628E-19 7.288E-19 7.018E-19 6.756E-19 6.687E-19 7.635E-19 1.001E-18 1.464E-18 1.321E-18 1.048E-18
 9.969E-19 1.096E-18 1.151E-18 1.109E-18 1.124E-18 1.155E-18 1.074E-18 9.709E-19 9.606E-19 9.605E-19
 9.346E-19 7.491E-19 7.122E-19 6.688E-19 6.903E-19 8.668E-19 1.181E-18 1.433E-18 1.170E-18 1.086E-18
 1.165E-18 1.179E-18 1.140E-18 1.172E-18 1.219E-18 1.150E-18 1.033E-18 1.014E-18 1.063E-18 1.046E-18
 7.851E-19 7.005E-19 6.633E-19 6.515E-19 7.532E-19 1.111E-18 1.497E-18 1.297E-18 1.202E-18 1.264E-18
 1.200E-18 1.137E-18 1.215E-18 1.287E-18 1.222E-18 1.111E-18 1.105E-18 1.120E-18 1.060E-18 7.955E-19
 7.352E-19 6.650E-19 5.813E-19 6.627E-19 1.035E-18 1.566E-18 1.489E-18 1.409E-18 1.390E-18 1.217E-18
 1.142E-18 1.274E-18 1.395E-18 1.311E-18 1.203E-18 1.201E-18 1.175E-18 1.100E-18 9.746E-19 7.405E-19
 6.122E-19 5.114E-19 5.947E-19 9.819E-19 1.603E-18 1.596E-18 1.509E-18 1.414E-18 1.240E-18 1.266E-18
 1.462E-18 1.470E-18 1.347E-18 1.285E-18 1.181E-18 1.119E-18 1.105E-18 9.674E-19 6.658E-19 5.287E-19
 4.744E-19 5.871E-19 9.569E-19 1.442E-18 1.769E-18 1.651E-18 1.458E-18 1.317E-18 1.473E-18 1.709E-18
 1.610E-18 1.411E-18 1.204E-18 1.072E-18 1.117E-18 1.149E-18 8.387E-19 5.939E-19 4.894E-19 4.692E-19
 5.674E-19 9.864E-19 1.640E-18 1.971E-18 1.666E-18 1.449E-18 1.478E-18 1.689E-18 1.731E-18 1.536E-18
 1.312E-18 1.130E-18 1.104E-18 1.179E-18 9.175E-19 7.123E-19 5.449E-19 4.733E-19 4.427E-19 5.847E-19
 1.100E-18 2.044E-18 2.005E-18 1.674E-18 1.638E-18 1.742E-18 1.783E-18 1.619E-18 1.364E-18 1.164E-18
 1.099E-18 1.165E-18 1.173E-18 8.347E-19 6.927E-19 5.136E-19 4.021E-19 3.885E-19 6.245E-19 1.288E-18
 2.194E-18 1.970E-18 1.809E-18 1.850E-18 1.897E-18 1.737E-18 1.415E-18 1.182E-18 1.145E-18 1.232E-18
 1.239E-18 1.063E-18 7.463E-19 5.402E-19 3.974E-19 3.405E-19 4.390E-19 8.907E-19 1.751E-18 2.638E-18
 2.251E-18 1.836E-18 1.863E-18 1.814E-18 1.519E-18 1.298E-18 1.260E-18 1.283E-18 1.244E-18 1.110E-18
 8.058E-19 6.270E-19 4.288E-19 3.307E-19 3.872E-19 7.077E-19 1.477E-18 2.563E-18 2.696E-18 2.007E-18
 1.949E-18 1.884E-18 1.597E-18 1.365E-18 1.289E-18 1.303E-18 1.272E-18 1.124E-18 8.075E-19 6.558E-19
 4.722E-19 3.380E-19 3.739E-19 6.498E-19 1.278E-18 2.252E-18 2.807E-18 2.405E-18 1.995E-18 1.953E-18
 1.644E-18 1.400E-18 1.346E-18 1.336E-18 1.273E-18 1.084E-18 7.641E-19 6.266E-19 5.079E-19 4.025E-19
 4.383E-19 7.002E-19 1.233E-18 1.990E-18 2.775E-18 2.759E-18 2.526E-18 2.141E-18 1.740E-18 1.516E-18
 1.448E-18 1.309E-18 1.187E-18 8.932E-19 7.379E-19 6.253E-19 5.828E-19 5.360E-19 5.539E-19 7.949E-19
 1.201E-18 1.611E-18 2.100E-18 2.982E-18 2.840E-18 2.244E-18 1.808E-18 1.581E-18 1.486E-18 1.307E-18
 1.169E-18 1.003E-18 7.162E-19 6.345E-19 6.306E-19 6.250E-19 6.462E-19 8.486E-19 1.123E-18 1.340E-18
 1.716E-18 2.498E-18 3.018E-18 2.608E-18 1.955E-18 1.695E-18 1.460E-18 1.271E-18 1.154E-18 8.447E-19
 7.259E-19 6.708E-19 6.729E-19 6.970E-19 7.681E-19 9.957E-19 1.243E-18 1.207E-18 1.587E-18 2.548E-18
 3.285E-18 2.809E-18 2.056E-18 1.619E-18 1.359E-18 1.249E-18 1.153E-18 8.610E-19 7.537E-19 6.989E-19
 6.891E-19 7.285E-19 8.733E-19 1.185E-18 1.201E-18 1.132E-18 1.474E-18 2.354E-18 3.444E-18 2.917E-18
 2.032E-18 1.559E-18 1.294E-18 1.189E-18 1.098E-18 8.277E-19 7.434E-19 6.949E-19 6.885E-19 8.217E-19
 1.014E-18 1.271E-18 1.183E-18 1.067E-18 1.095E-18 2.111E-18 3.026E-18 2.921E-18 1.918E-18 1.484E-18
 1.287E-18 1.203E-18 1.091E-18 8.270E-19 7.386E-19 6.817E-19 7.276E-19 9.034E-19 1.222E-18 1.324E-18
 1.121E-18 8.083E-19 1.012E-18 2.106E-18 2.990E-18 2.777E-18 1.770E-18 1.423E-18 1.259E-18 1.173E-18
 9.036E-19 7.716E-19 7.049E-19 7.429E-19 8.336E-19 9.912E-19 1.380E-18 1.320E-18 8.399E-19 8.048E-19
 1.219E-18 2.527E-18 3.474E-18 2.248E-18 1.672E-18 1.396E-18 1.268E-18 1.157E-18 8.581E-19 7.649E-19
 7.494E-19 7.651E-19 8.381E-19 1.121E-18 1.449E-18 9.918E-19 7.532E-19 8.780E-19 1.557E-18 2.881E-18
 3.214E-18 2.084E-18 1.624E-18 1.383E-18 1.235E-18 1.053E-18 7.976E-19 7.936E-19 7.886E-19 7.744E-19
 9.948E-19 1.297E-18 1.276E-18 8.179E-19 7.761E-19 1.186E-18 2.125E-18 3.133E-18 2.939E-18 1.887E-18
 1.503E-18 1.309E-18 1.160E-18 8.802E-19 8.438E-19 7.951E-19 7.787E-19 9.999E-19 1.464E-18 1.332E-18
 8.698E-19 7.883E-19 1.007E-18 1.636E-18 2.530E-18 3.135E-18 2.763E-18 1.712E-18 1.344E-18 1.191E-18
 1.120E-18 1.058E-18 8.316E-19 7.787E-19 9.934E-19 1.439E-18 1.369E-18 9.062E-19 8.139E-19 9.587E-19
 1.389E-18 1.718E-18 2.202E-18 2.982E-18 2.000E-18 1.480E-18 1.288E-18 1.221E-18 1.125E-18 8.447E-19
 8.269E-19 9.808E-19 1.401E-18 1.365E-18 9.368E-19 8.613E-19 9.697E-19 1.311E-18 1.454E-18 1.680E-18
 2.232E-18 2.247E-18 1.702E-18 1.463E-18 1.387E-18 1.209E-18 8.878E-19 8.506E-19 9.325E-19 1.277E-18
 1.297E-18 1.075E-18 8.782E-19 9.257E-19 1.075E-18 1.285E-18 1.279E-18 1.729E-18 2.248E-18 1.966E-18
 1.656E-18 1.492E-18 1.219E-18 1.021E-18 8.594E-19 9.244E-19 1.101E-18 1.327E-18 1.117E-18 8.778E-19
 9.056E-19 1.052E-18 1.175E-18 9.260E-19 1.155E-18 2.067E-18 2.684E-18 1.920E-18 1.597E-18 1.240E-18
 8.944E-19 8.457E-19 9.228E-19 1.183E-18 1.396E-18 1.139E-18 8.609E-19 8.566E-19 1.008E-18 9.694E-19
 7.753E-19 8.845E-19 1.528E-18 2.522E-18 2.523E-18 1.644E-18 1.259E-18 9.056E-19 8.400E-19 9.770E-19
 1.397E-18 1.369E-18 9.753E-19 7.896E-19 8.001E-19 9.910E-19 9.279E-19 6.833E-19 7.241E-19 1.281E-18
 2.395E-18 2.259E-18 1.674E-18 1.253E-18 9.052E-19 8.813E-19 1.059E-18 1.452E-18 1.345E-18 9.014E-19
 7.102E-19 8.051E-19 1.002E-18 8.675E-19 6.393E-19 7.234E-19 1.312E-18 2.435E-18 2.741E-18 1.733E-18
 1.277E-18 8.918E-19 9.279E-19 1.168E-18 1.496E-18 1.055E-18 7.484E-19 6.856E-19 8.824E-19 1.002E-18
 7.954E-19 6.429E-19 7.886E-19 1.246E-18 2.212E-18 2.330E-18 1.724E-18 1.260E-18 9.251E-19 1.091E-18
 1.584E-18 1.480E-18 9.129E-19 6.880E-19 7.627E-19 9.993E-19 9.420E-19 7.387E-19 6.824E-19 7.535E-19
 1.063E-18 2.047E-18 2.318E-18 1.693E-18 1.235E-18 1.166E-18 1.429E-18 1.560E-18 1.076E-18 7.647E-19
 6.975E-19 8.796E-19 1.019E-18 8.607E-19 7.404E-19 6.792E-19 6.837E-19 1.066E-18 2.073E-18 2.199E-18
 1.595E-18 1.299E-18 1.397E-18 1.613E-18 1.378E-18 8.488E-19 6.936E-19 7.873E-19 1.000E-18 9.624E-19
 8.135E-19 6.967E-19 5.730E-19 6.550E-19 1.128E-18 1.882E-18 2.165E-18 1.588E-18 1.452E-18 1.652E-18
 1.577E-18 9.899E-19 7.534E-19 7.583E-19 9.671E-19 1.044E-18 9.201E-19 7.608E-19 6.033E-19 5.440E-19
 7.164E-19 1.328E-18 2.299E-18 2.445E-18 1.635E-18 1.671E-18 1.700E-18 1.329E-18 8.706E-19 7.785E-19
 9.362E-19 1.202E-18 1.094E-18 8.040E-19 6.314E-19 5.470E-19 5.976E-19 9.470E-19 1.634E-18 2.792E-18
 2.426E-18 1.830E-18 1.821E-18 1.532E-18 1.016E-18 8.679E-19 9.746E-19 1.292E-18 1.227E-18 8.694E-19
 6.989E-19 6.327E-19 6.489E-19 8.078E-19 1.201E-18 2.092E-18 2.872E-18 2.405E-18 2.138E-18 1.669E-18
 1.256E-18 9.327E-19 1.021E-18 1.334E-18 1.273E-18 8.874E-19 7.570E-19 7.086E-19 7.267E-19 8.063E-19
 1.021E-18 1.680E-18 2.427E-18 2.893E-18 2.500E-18 1.868E-18 1.374E-18 1.086E-18 1.132E-18 1.332E-18
 1.224E-18 8.995E-19 7.757E-19 7.341E-19 7.486E-19 7.970E-19 9.133E-19 1.357E-18 2.118E-18 3.113E-18
 2.769E-18 2.003E-18 1.442E-18 1.182E-18 1.254E-18 1.405E-18 1.229E-18 8.950E-19 8.317E-19 8.363E-19
 8.438E-19 8.711E-19 9.932E-19 1.202E-18 1.745E-18 3.071E-18 3.110E-18 2.075E-18 1.450E-18 1.187E-18
 1.248E-18 1.341E-18 1.166E-18 8.935E-19 8.646E-19 9.567E-19 9.843E-19 1.011E-18 1.092E-18 1.203E-18
 1.597E-18 2.535E-18 3.486E-18 2.626E-18 1.706E-18 1.432E-18 1.489E-18 1.534E-18 1.333E-18 1.181E-18
 1.172E-18 1.191E-18 1.233E-18 1.295E-18 1.342E-18 1.396E-18 1.719E-18 2.946E-18 3.656E-18 2.911E-18
 2.091E-18 1.798E-18 1.803E-18 1.706E-18 1.563E-18 1.489E-18 1.551E-18 1.595E-18 1.587E-18 1.676E-18
 1.717E-18 1.775E-18 2.163E-18 3.152E-18 3.882E-18 3.255E-18 2.432E-18 2.108E-18 2.076E-18 2.001E-18
 1.904E-18 1.941E-18 1.950E-18 1.928E-18 1.929E-18 1.988E-18 2.042E-18 2.094E-18 2.483E-18 3.412E-18
 3.983E-18 3.364E-18 2.554E-18 2.317E-18 2.296E-18 2.199E-18 2.124E-18 2.143E-18 2.180E-18 2.238E-18
 2.268E-18 2.226E-18 2.200E-18 2.295E-18 2.723E-18 3.463E-18 3.741E-18 3.059E-18 2.314E-18 2.101E-18
 2.056E-18 1.979E-18 1.938E-18 1.931E-18 1.937E-18 1.977E-18 2.057E-18 2.114E-18 2.098E-18 2.217E-18
 2.690E-18 3.316E-18 3.611E-18 3.086E-18 2.468E-18 2.264E-18 2.156E-18 2.111E-18 2.061E-18 1.948E-18
 1.834E-18 1.826E-18 1.886E-18 1.944E-18 1.994E-18 2.171E-18 2.462E-18 2.906E-18 3.268E-18 2.833E-18
 2.263E-18 2.128E-18 2.129E-18 2.144E-18 2.197E-18 2.244E-18 2.208E-18 2.205E-18 2.294E-18 2.446E-18
 2.589E-18 2.702E-18 2.814E-18 3.211E-18 3.490E-18 3.079E-18 2.694E-18 2.628E-18 2.697E-18 2.790E-18
 2.800E-18 2.741E-18 2.718E-18 2.755E-18 2.897E-18 3.150E-18 3.290E-18 3.212E-18 3.337E-18 4.027E-18
 4.116E-18 3.554E-18 3.204E-18 3.305E-18 3.514E-18 3.549E-18 3.492E-18 3.445E-18 3.678E-18 3.888E-18
 3.960E-18 3.947E-18 3.916E-18 4.013E-18 4.350E-18 4.571E-18 4.263E-18 3.964E-18 4.081E-18 4.161E-18
 4.043E-18 3.932E-18 3.982E-18 4.059E-18 4.077E-18 4.010E-18 3.974E-18 4.059E-18 4.133E-18 4.233E-18
 4.500E-18 4.679E-18 4.568E-18 4.383E-18 4.235E-18 4.154E-18 4.243E-18 4.371E-18 4.282E-18 4.131E-18
 4.254E-18 4.336E-18 4.126E-18 3.828E-18 3.615E-18 3.548E-18 3.359E-18 3.026E-18 2.795E-18 2.917E-18
 3.067E-18 3.061E-18 3.002E-18 3.110E-18 3.335E-18 3.382E-18 3.291E-18 3.429E-18 3.593E-18 3.634E-18
 3.785E-18 4.097E-18 4.225E-18 4.057E-18 3.925E-18 3.829E-18 3.799E-18 3.886E-18 4.010E-18 3.997E-18
 4.090E-18 4.290E-18 4.317E-18 4.328E-18 4.341E-18 4.328E-18 4.534E-18 4.849E-18 4.704E-18 4.515E-18
 4.502E-18 4.605E-18 4.877E-18 5.082E-18 5.031E-18 5.054E-18 4.980E-18 4.711E-18 4.883E-18 5.266E-18
 5.282E-18 5.445E-18 5.645E-18 5.435E-18 5.095E-18 5.229E-18 5.491E-18 5.259E-18 5.154E-18 5.513E-18
 5.729E-18 5.684E-18 5.845E-18 5.887E-18 6.226E-18 6.885E-18 7.021E-18 6.959E-18 6.421E-18 5.999E-18
 6.033E-18 6.462E-18 6.612E-18 6.558E-18 6.446E-18 6.688E-18 7.112E-18 7.032E-18 6.914E-18 6.859E-18
 7.205E-18 7.459E-18 7.560E-18 7.567E-18 7.940E-18 7.920E-18 7.733E-18 7.221E-18 6.711E-18 6.447E-18
 6.118E-18 5.778E-18 5.459E-18 5.350E-18 5.450E-18 5.531E-18 5.756E-18 5.914E-18 5.947E-18 5.953E-18
 5.891E-18 5.759E-18 5.640E-18 5.655E-18 5.850E-18 5.818E-18 5.588E-18 5.547E-18 5.090E-18 4.873E-18
 4.262E-18 3.248E-18 1.670E-18 8.395E-19 3.822E-19 2.370E-19 2.031E-19 1.908E-19 1.696E-19 1.687E-19
 2.189E-19 3.760E-19 5.668E-19 5.401E-19 3.611E-19 3.587E-19 4.888E-19 4.681E-19 3.047E-19 2.084E-19
 1.886E-19 1.823E-19 1.823E-19 2.257E-19 3.075E-19 4.491E-19 6.102E-19 6.121E-19 4.738E-19 4.764E-19
 5.522E-19 4.526E-19 3.068E-19 2.409E-19 2.081E-19 1.970E-19 2.038E-19 2.942E-19 4.333E-19 5.255E-19
 6.001E-19 6.552E-19 6.323E-19 6.097E-19 5.531E-19 3.885E-19 2.918E-19 2.864E-19 2.617E-19 2.258E-19
 2.592E-19 3.863E-19 5.130E-19 5.649E-19 6.224E-19 7.650E-19 8.225E-19 7.027E-19 5.194E-19 3.339E-19
 2.575E-19 2.982E-19 3.615E-19 3.440E-19 3.421E-19 4.182E-19 5.363E-19 6.538E-19 7.249E-19 9.112E-19
 9.694E-19 7.273E-19 4.516E-19 2.799E-19 2.324E-19 3.075E-19 4.690E-19 5.215E-19 4.082E-19 3.885E-19
 5.705E-19 7.807E-19 8.378E-19 9.801E-19 9.966E-19 6.896E-19 4.008E-19 2.730E-19 2.650E-19 3.478E-19
 5.068E-19 5.987E-19 4.992E-19 4.886E-19 7.443E-19 9.303E-19 9.718E-19 1.128E-18 1.032E-18 6.358E-19
 3.817E-19 2.963E-19 3.120E-19 3.849E-19 4.825E-19 6.317E-19 7.549E-19 7.724E-19 9.005E-19 1.027E-18
 1.113E-18 1.191E-18 9.714E-19 5.764E-19 3.814E-19 3.373E-19 3.642E-19 3.742E-19 4.243E-19 6.643E-19
 1.012E-18 1.030E-18 9.847E-19 1.182E-18 1.368E-18 1.233E-18 8.716E-19 5.300E-19 3.906E-19 3.653E-19
 3.834E-19 3.959E-19 4.903E-19 7.127E-19 1.075E-18 1.264E-18 1.292E-18 1.465E-18 1.536E-18 1.177E-18
 7.421E-19 4.924E-19 4.257E-19 4.294E-19 4.555E-19 4.813E-19 5.313E-19 7.811E-19 1.285E-18 1.655E-18
 1.642E-18 1.666E-18 1.514E-18 9.997E-19 6.555E-19 5.220E-19 5.087E-19 5.398E-19 5.113E-19 4.864E-19
 6.327E-19 9.659E-19 1.415E-18 2.302E-18 2.310E-18 1.778E-18 1.393E-18 9.240E-19 6.825E-19 6.147E-19
 5.977E-19 5.159E-19 4.867E-19 6.218E-19 8.202E-19 9.580E-19 1.350E-18 2.240E-18 2.654E-18 1.862E-18
 1.232E-18 8.977E-19 7.464E-19 6.271E-19 5.115E-19 4.934E-19 6.446E-19 8.177E-19 8.338E-19 9.612E-19
 1.530E-18 3.068E-18 3.010E-18 1.784E-18 1.104E-18 8.346E-19 6.537E-19 5.228E-19 5.372E-19 7.265E-19
 8.673E-19 8.026E-19 8.197E-19 1.086E-18 1.769E-18 2.995E-18 3.046E-18 1.549E-18 9.210E-19 6.782E-19
 5.683E-19 6.237E-19 8.108E-19 8.772E-19 8.152E-19 8.252E-19 9.532E-19 1.399E-18 2.626E-18 3.795E-18
 2.264E-18 1.178E-18 7.678E-19 6.582E-19 7.382E-19 8.701E-19 8.684E-19 8.290E-19 8.690E-19 9.220E-19
 1.227E-18 2.211E-18 3.875E-18 3.603E-18 1.932E-18 1.107E-18 8.350E-19 8.488E-19 8.990E-19 8.581E-19
 8.975E-19 9.605E-19 9.370E-19 1.087E-18 1.849E-18 3.346E-18 3.833E-18 3.138E-18 1.731E-18 1.130E-18
 9.995E-19 9.350E-19 9.067E-19 1.013E-18 9.829E-19 8.486E-19 9.500E-19 1.527E-18 2.860E-18 3.377E-18
 3.533E-18 2.775E-18 1.683E-18 1.269E-18 1.045E-18 1.063E-18 1.074E-18 8.654E-19 7.429E-19 9.357E-19
 1.499E-18 2.562E-18 2.861E-18 3.407E-18 3.444E-18 2.565E-18 1.692E-18 1.390E-18 1.223E-18 9.405E-19
 7.333E-19 6.987E-19 9.519E-19 1.596E-18 2.479E-18 2.525E-18 3.018E-18 3.702E-18 3.254E-18 2.372E-18
 1.703E-18 1.173E-18 8.103E-19 6.356E-19 6.700E-19 1.019E-18 1.744E-18 2.558E-18 2.379E-18 2.741E-18
 3.679E-18 3.699E-18 2.770E-18 1.774E-18 1.137E-18 7.713E-19 6.141E-19 7.446E-19 1.267E-18 2.183E-18
 2.619E-18 2.336E-18 2.619E-18 3.490E-18 3.887E-18 2.947E-18 1.706E-18 1.217E-18 9.113E-19 7.554E-19
 9.580E-19 1.642E-18 2.695E-18 2.606E-18 2.286E-18 2.420E-18 3.111E-18 3.704E-18 2.984E-18 1.701E-18
 1.285E-18 1.043E-18 1.075E-18 1.467E-18 2.379E-18 2.797E-18 2.519E-18 2.163E-18 2.238E-18 2.850E-18
 3.518E-18 3.050E-18 1.803E-18 1.422E-18 1.277E-18 1.482E-18 2.222E-18 2.798E-18 2.772E-18 2.321E-18
 2.016E-18 2.000E-18 2.479E-18 3.334E-18 3.151E-18 2.227E-18 1.542E-18 1.585E-18 2.160E-18 2.682E-18
 2.908E-18 2.605E-18 2.127E-18 1.788E-18 1.532E-18 1.880E-18 3.250E-18 3.160E-18 2.349E-18 2.038E-18
 2.242E-18 2.688E-18 2.950E-18 2.859E-18 2.368E-18 1.899E-18 1.478E-18 1.433E-18 1.906E-18 3.448E-18
 3.293E-18 2.558E-18 2.413E-18 2.704E-18 2.998E-18 3.041E-18 2.603E-18 1.974E-18 1.510E-18 1.415E-18
 1.540E-18 2.602E-18 3.522E-18 3.223E-18 2.749E-18 2.872E-18 3.064E-18 3.151E-18 2.834E-18 2.177E-18
 1.783E-18 1.459E-18 1.352E-18 1.582E-18 2.850E-18 3.664E-18 3.376E-18 3.188E-18 3.189E-18 3.251E-18
 3.005E-18 2.326E-18 1.874E-18 1.672E-18 1.363E-18 1.287E-18 1.650E-18 2.616E-18 4.199E-18 3.783E-18
 3.454E-18 3.211E-18 3.055E-18 2.577E-18 2.093E-18 1.786E-18 1.436E-18 1.209E-18 1.285E-18 2.025E-18
 4.082E-18 4.331E-18 3.719E-18 3.430E-18 3.272E-18 2.715E-18 2.162E-18 1.873E-18 1.501E-18 1.220E-18
 1.179E-18 1.745E-18 3.688E-18 4.680E-18 3.941E-18 3.357E-18 3.195E-18 2.807E-18 2.239E-18 1.649E-18
 1.473E-18 1.341E-18 1.384E-18 1.824E-18 3.211E-18 4.320E-18 3.971E-18 3.454E-18 3.271E-18 2.735E-18
 2.149E-18 1.881E-18 1.618E-18 1.584E-18 1.740E-18 2.140E-18 3.060E-18 4.142E-18 4.238E-18 3.790E-18
 3.435E-18 2.763E-18 2.144E-18 1.739E-18 1.937E-18 1.979E-18 2.042E-18 2.249E-18 2.758E-18 3.719E-18
 4.316E-18 3.866E-18 3.250E-18 2.562E-18 2.130E-18 2.066E-18 2.102E-18 2.075E-18 2.106E-18 2.266E-18
 2.596E-18 3.388E-18 4.334E-18 4.144E-18 3.286E-18 2.510E-18 2.135E-18 2.118E-18 2.142E-18 2.136E-18
 2.207E-18 2.223E-18 2.232E-18 2.973E-18 4.323E-18 4.349E-18 3.394E-18 2.706E-18 2.382E-18 2.291E-18
 2.277E-18 2.241E-18 2.211E-18 1.995E-18 1.962E-18 2.826E-18 4.173E-18 4.167E-18 3.252E-18 2.785E-18
 2.586E-18 2.532E-18 2.446E-18 2.308E-18 2.026E-18 1.511E-18 1.510E-18 2.139E-18 4.027E-18 3.991E-18
 3.090E-18 2.665E-18 2.546E-18 2.537E-18 2.481E-18 2.279E-18 1.721E-18 1.460E-18 1.655E-18 2.586E-18
 4.569E-18 3.973E-18 3.085E-18 2.653E-18 2.555E-18 2.542E-18 2.330E-18 1.679E-18 1.483E-18 1.597E-18
 2.226E-18 3.983E-18 4.397E-18 3.539E-18 2.748E-18 2.500E-18 2.486E-18 2.434E-18 1.866E-18 1.535E-18
 1.458E-18 2.063E-18 3.074E-18 4.095E-18 4.094E-18 3.267E-18 2.711E-18 2.558E-18 2.429E-18 2.108E-18
 1.698E-18 1.616E-18 1.981E-18 2.511E-18 3.207E-18 3.886E-18 3.686E-18 2.982E-18 2.728E-18 2.571E-18
 2.254E-18 1.996E-18 1.900E-18 1.963E-18 2.191E-18 2.543E-18 3.231E-18 3.774E-18 3.325E-18 2.856E-18
 2.585E-18 2.312E-18 2.209E-18 2.193E-18 2.170E-18 2.139E-18 2.205E-18 2.636E-18 3.522E-18 3.567E-18
 3.006E-18 2.629E-18 2.304E-18 2.094E-18 2.014E-18 1.821E-18 2.177E-18 2.177E-18 2.389E-18 3.303E-18
 3.963E-18 3.415E-18 2.753E-18 2.266E-18 1.783E-18 1.734E-18 1.737E-18 2.192E-18 2.105E-18 1.785E-18
 2.758E-18 3.800E-18 3.706E-18 2.972E-18 2.394E-18 1.613E-18 1.556E-18 1.696E-18 2.081E-18 2.061E-18
 2.082E-18 2.708E-18 3.727E-18 3.706E-18 2.880E-18 2.290E-18 1.788E-18 1.745E-18 1.980E-18 2.071E-18
 1.915E-18 1.954E-18 2.577E-18 3.546E-18 3.629E-18 2.814E-18 2.191E-18 1.635E-18 1.569E-18 1.746E-18
 2.116E-18 2.085E-18 2.173E-18 2.459E-18 3.131E-18 3.387E-18 2.686E-18 2.095E-18 1.682E-18 1.717E-18
 2.099E-18 2.062E-18 1.958E-18 1.956E-18 2.182E-18 2.929E-18 3.346E-18 2.740E-18 2.150E-18 1.701E-18
 1.772E-18 2.123E-18 1.767E-18 1.613E-18 1.500E-18 1.731E-18 2.804E-18 3.192E-18 2.591E-18 2.167E-18
 2.191E-18 2.317E-18 2.240E-18 1.765E-18 1.388E-18 1.254E-18 1.550E-18 2.354E-18 3.087E-18 2.497E-18
 2.211E-18 2.240E-18 2.161E-18 1.678E-18 1.485E-18 1.326E-18 1.416E-18 1.847E-18 2.954E-18 2.973E-18
 2.440E-18 2.256E-18 2.147E-18 1.698E-18 1.357E-18 1.121E-18 1.081E-18 1.275E-18 1.829E-18 3.146E-18
 3.055E-18 2.652E-18 2.377E-18 1.652E-18 1.282E-18 1.082E-18 1.000E-18 1.058E-18 1.384E-18 2.140E-18
 3.217E-18 2.902E-18 2.441E-18 1.832E-18 1.428E-18 1.238E-18 1.119E-18 1.059E-18 1.146E-18 1.618E-18
 2.556E-18 3.150E-18 2.608E-18 1.717E-18 1.280E-18 1.099E-18 1.089E-18 1.091E-18 1.121E-18 1.369E-18
 2.069E-18 3.216E-18 2.870E-18 1.859E-18 1.289E-18 1.027E-18 1.039E-18 1.083E-18 1.015E-18 1.090E-18
 1.601E-18 2.571E-18 3.033E-18 2.013E-18 1.500E-18 1.197E-18 1.128E-18 1.083E-18 9.383E-19 9.521E-19
 1.376E-18 2.295E-18 2.861E-18 2.087E-18 1.561E-18 1.225E-18 1.094E-18 1.049E-18 9.675E-19 1.070E-18
 1.497E-18 2.230E-18 2.502E-18 1.920E-18 1.449E-18 1.142E-18 9.520E-19 8.966E-19 9.115E-19 1.072E-18
 1.458E-18 2.109E-18 2.524E-18 2.149E-18 1.561E-18 1.271E-18 1.075E-18 9.565E-19 9.373E-19 1.019E-18
 1.325E-18 1.880E-18 2.150E-18 1.876E-18 1.386E-18 1.129E-18 1.026E-18 1.036E-18 1.042E-18 1.111E-18
 1.408E-18 1.754E-18 1.949E-18 1.676E-18 1.266E-18 1.065E-18 9.733E-19 9.644E-19 1.032E-18 1.132E-18
 1.260E-18 1.503E-18 1.789E-18 1.622E-18 1.299E-18 1.116E-18 9.815E-19 9.516E-19 1.056E-18 1.157E-18
 1.253E-18 1.506E-18 1.709E-18 1.503E-18 1.207E-18 9.670E-19 8.585E-19 9.710E-19 1.154E-18 1.165E-18
 1.282E-18 1.622E-18 1.695E-18 1.485E-18 1.061E-18 7.979E-19 7.939E-19 9.718E-19 1.068E-18 1.041E-18
 1.213E-18 1.616E-18 1.689E-18 1.334E-18 1.010E-18 8.748E-19 9.292E-19 9.910E-19 8.975E-19 9.174E-19
 1.240E-18 1.552E-18 1.390E-18 1.098E-18 8.987E-19 8.580E-19 9.582E-19 9.633E-19 9.241E-19 1.095E-18
 1.455E-18 1.510E-18 1.222E-18 1.030E-18 9.458E-19 9.148E-19 9.193E-19 9.381E-19 9.851E-19 1.215E-18
 1.472E-18 1.371E-18 1.193E-18 1.079E-18 9.792E-19 9.367E-19 9.359E-19 9.676E-19 1.181E-18 1.497E-18
 1.535E-18 1.383E-18 1.230E-18 1.026E-18 8.957E-19 8.767E-19 9.176E-19 1.113E-18 1.427E-18 1.577E-18
 1.479E-18 1.302E-18 1.030E-18 8.114E-19 7.248E-19 7.511E-19 9.236E-19 1.251E-18 1.442E-18 1.380E-18
 1.248E-18 1.007E-18 7.739E-19 7.192E-19 7.871E-19 9.371E-19 1.234E-18 1.492E-18 1.466E-18 1.300E-18
 1.083E-18 8.821E-19 7.982E-19 8.556E-19 1.031E-18 1.349E-18 1.657E-18 1.612E-18 1.409E-18 1.236E-18
 1.069E-18 9.857E-19 1.067E-18 1.255E-18 1.620E-18 1.930E-18 1.900E-18 1.827E-18 1.640E-18 1.438E-18
 1.307E-18 1.289E-18 1.385E-18 1.671E-18 1.892E-18 1.742E-18 1.546E-18 1.391E-18 1.227E-18 1.199E-18
 1.311E-18 1.517E-18 1.751E-18 1.644E-18 1.346E-18 1.139E-18 1.001E-18 8.973E-19 9.021E-19 1.002E-18
 1.153E-18 1.292E-18 1.264E-18 1.164E-18 1.088E-18 1.006E-18 9.328E-19 9.835E-19 1.151E-18 1.335E-18
 1.448E-18 1.412E-18 1.382E-18 1.363E-18 1.269E-18 1.228E-18 1.358E-18 1.495E-18 1.648E-18 1.776E-18
 1.763E-18 1.768E-18 1.788E-18 1.749E-18 1.806E-18 1.983E-18 2.205E-18 2.369E-18 2.387E-18 2.148E-18
 1.819E-18 1.334E-18 9.977E-19 8.713E-19 8.774E-19 9.151E-19 8.228E-19 6.887E-19 6.346E-19 6.062E-19
 5.442E-19 4.838E-19 5.247E-19 6.295E-19 6.457E-19 5.683E-19 5.321E-19 5.230E-19 5.008E-19 4.741E-19
 5.027E-19 5.797E-19 6.187E-19 5.719E-19 5.190E-19 4.799E-19 4.125E-19 3.367E-19 3.333E-19 3.911E-19
 4.306E-19 3.946E-19 3.543E-19 3.424E-19 3.055E-19 2.504E-19 2.422E-19 3.008E-19 3.581E-19 3.552E-19
 3.239E-19 3.069E-19 2.638E-19 2.051E-19 1.887E-19 2.598E-19 3.408E-19 3.413E-19 3.031E-19 2.652E-19
 2.167E-19 1.601E-19 1.431E-19 2.279E-19 3.353E-19 3.329E-19 2.691E-19 2.196E-19 1.900E-19 1.637E-19
 1.671E-19 2.419E-19 3.127E-19 2.927E-19 2.329E-19 1.946E-19 1.566E-19 1.263E-19 1.498E-19 2.418E-19
 2.937E-19 2.575E-19 2.045E-19 1.730E-19 1.546E-19 1.478E-19 1.729E-19 2.322E-19 2.511E-19 2.254E-19
 1.956E-19 1.956E-19 1.192E-19 1.259E-19 1.833E-19 2.262E-19 2.051E-19 1.741E-19 1.620E-19 1.545E-19
 1.536E-19 1.649E-19 1.934E-19 2.091E-19 1.861E-19 1.546E-19 1.327E-19 1.208E-19 1.248E-19 1.631E-19
 1.982E-19 1.771E-19 1.403E-19 1.370E-19 1.571E-19 1.652E-19 1.554E-19 1.724E-19 1.819E-19 1.545E-19
 1.227E-19 1.062E-19 1.061E-19 1.169E-19 1.545E-19 1.714E-19 1.378E-19 1.133E-19 1.203E-19 1.407E-19
 1.557E-19 1.580E-19 1.612E-19 1.506E-19 1.304E-19 1.110E-19 9.123E-20 8.792E-20 1.159E-19 1.562E-19
 1.524E-19 1.206E-19 1.025E-19 1.036E-19 1.302E-19 1.683E-19 1.805E-19 1.536E-19 1.275E-19 1.059E-19
 8.350E-20 7.478E-20 8.994E-20 1.242E-19 1.377E-19 1.160E-19 9.008E-20 7.902E-20 9.215E-20 1.376E-19
 1.929E-19 1.824E-19 1.270E-19 1.015E-19 8.547E-20 7.135E-20 8.259E-20 1.034E-19 1.064E-19 1.032E-19
 1.023E-19 8.859E-20 8.430E-20 1.164E-19 1.652E-19 1.865E-19 1.598E-19 1.111E-19 8.987E-20 7.967E-20
 7.765E-20 8.335E-20 7.994E-20 7.341E-20 8.128E-20 8.976E-20 8.792E-20 9.455E-20 1.180E-19 1.518E-19
 1.800E-19 1.721E-19 1.304E-19 1.059E-19 8.877E-20 7.098E-20 6.778E-20 6.857E-20 7.266E-20 8.426E-20
 9.976E-20 1.001E-19 9.479E-20 1.047E-19 1.358E-19 1.779E-19 1.859E-19 1.398E-19 9.586E-20 6.722E-20
 5.238E-20 5.441E-20 6.325E-20 7.555E-20 8.720E-20 9.815E-20 9.802E-20 9.331E-20 1.073E-19 1.453E-19
 1.896E-19 2.004E-19 1.458E-19 8.452E-20 5.683E-20 5.580E-20 6.034E-20 6.393E-20 7.004E-20 7.983E-20
 9.376E-20 1.038E-19 1.017E-19 1.068E-19 1.427E-19 1.939E-19 2.153E-19 1.650E-19 8.983E-20 5.084E-20
 4.683E-20 5.451E-20 6.162E-20 7.345E-20 8.781E-20 1.019E-19 1.132E-19 1.153E-19 1.195E-19 1.492E-19
 1.989E-19 2.283E-19 1.826E-19 9.561E-20 5.310E-20 5.428E-20 5.939E-20 6.441E-20 7.675E-20 9.154E-20
 1.070E-19 1.189E-19 1.190E-19 1.182E-19 1.441E-19 1.964E-19 2.366E-19 1.984E-19 1.008E-19 4.963E-20
 5.074E-20 6.141E-20 6.995E-20 8.134E-20 9.629E-20 1.126E-19 1.256E-19 1.305E-19 1.267E-19 1.457E-19
 1.969E-19 2.474E-19 2.243E-19 1.178E-19 5.056E-20 4.950E-20 6.062E-20 6.893E-20 8.279E-20 1.002E-19
 1.137E-19 1.264E-19 1.343E-19 1.348E-19 1.500E-19 1.978E-19 2.493E-19 2.377E-19 1.362E-19 6.069E-20
 5.361E-20 6.734E-20 7.978E-20 9.013E-20 1.041E-19 1.184E-19 1.323E-19 1.413E-19 1.431E-19 1.541E-19
 1.989E-19 2.520E-19 2.526E-19 1.597E-19 7.125E-20 5.447E-20 6.790E-20 8.426E-20 9.572E-20 1.063E-19
 1.177E-19 1.333E-19 1.439E-19 1.510E-19 1.633E-19 2.013E-19 2.529E-19 2.652E-19 1.908E-19 9.707E-20
 6.669E-20 7.436E-20 8.777E-20 9.684E-20 1.066E-19 1.189E-19 1.375E-19 1.529E-19 1.633E-19 1.696E-19
 1.968E-19 2.451E-19 2.645E-19 2.092E-19 1.141E-19 6.934E-20 7.383E-20 8.914E-20 1.042E-19 1.146E-19
 1.243E-19 1.400E-19 1.545E-19 1.650E-19 1.773E-19 1.991E-19 2.420E-19 2.666E-19 2.348E-19 1.502E-19
 8.905E-20 8.226E-20 9.561E-20 1.085E-19 1.184E-19 1.264E-19 1.389E-19 1.536E-19 1.670E-19 1.831E-19
 1.990E-19 2.301E-19 2.561E-19 2.431E-19 1.782E-19 1.072E-19 8.670E-20 9.401E-20 1.097E-19 1.240E-19
 1.303E-19 1.398E-19 1.595E-19 1.741E-19 1.893E-19 2.035E-19 2.249E-19 2.521E-19 2.529E-19 2.049E-19
 1.284E-19 9.133E-20 9.423E-20 1.090E-19 1.218E-19 1.275E-19 1.327E-19 1.497E-19 1.701E-19 1.897E-19
 2.068E-19 2.193E-19 2.412E-19 2.564E-19 2.368E-19 1.683E-19 1.098E-19 9.657E-20 1.091E-19 1.259E-19
 1.332E-19 1.415E-19 1.586E-19 1.800E-19 1.993E-19 2.186E-19 2.258E-19 2.359E-19 2.528E-19 2.528E-19
 1.985E-19 1.280E-19 1.017E-19 1.090E-19 1.255E-19 1.360E-19 1.443E-19 1.584E-19 1.800E-19 2.012E-19
 2.210E-19 2.297E-19 2.297E-19 2.437E-19 2.550E-19 2.237E-19 1.539E-19 1.130E-19 1.134E-19 1.270E-19
 1.353E-19 1.453E-19 1.642E-19 1.834E-19 2.015E-19 2.196E-19 2.296E-19 2.214E-19 2.296E-19 2.526E-19
 2.445E-19 1.885E-19 1.327E-19 1.169E-19 1.235E-19 1.358E-19 1.453E-19 1.610E-19 1.836E-19 2.038E-19
 2.154E-19 2.235E-19 2.138E-19 2.157E-19 2.426E-19 2.572E-19 2.197E-19 1.554E-19 1.251E-19 1.262E-19
 1.380E-19 1.478E-19 1.626E-19 1.835E-19 2.079E-19 2.211E-19 2.287E-19 2.194E-19 2.132E-19 2.360E-19
 2.575E-19 2.380E-19 1.753E-19 1.356E-19 1.278E-19 1.329E-19 1.444E-19 1.578E-19 1.774E-19 2.038E-19
 2.174E-19 2.226E-19 2.196E-19 2.081E-19 2.223E-19 2.505E-19 2.549E-19 2.073E-19 1.541E-19 1.338E-19
 1.292E-19 1.384E-19 1.549E-19 1.719E-19 1.939E-19 2.159E-19 2.207E-19 2.152E-19 2.085E-19 2.149E-19
 2.400E-19 2.596E-19 2.366E-19 1.783E-19 1.442E-19 1.310E-19 1.345E-19 1.486E-19 1.605E-19 1.792E-19
 2.069E-19 2.156E-19 2.049E-19 2.012E-19 2.073E-19 2.263E-19 2.526E-19 2.541E-19 2.005E-19 1.516E-19
 1.317E-19 1.278E-19 1.443E-19 1.557E-19 1.685E-19 1.935E-19 2.135E-19 2.042E-19 1.974E-19 2.049E-19
 2.200E-19 2.443E-19 2.627E-19 2.308E-19 1.708E-19 1.409E-19 1.321E-19 1.461E-19 1.603E-19 1.672E-19
 1.864E-19 2.102E-19 2.070E-19 1.946E-19 1.990E-19 2.095E-19 2.255E-19 2.473E-19 2.417E-19 1.893E-19
 1.479E-19 1.319E-19 1.364E-19 1.499E-19 1.556E-19 1.702E-19 1.930E-19 1.966E-19 1.876E-19 1.978E-19
 2.125E-19 2.228E-19 2.367E-19 2.487E-19 2.147E-19 1.633E-19 1.372E-19 1.304E-19 1.430E-19 1.544E-19
 1.663E-19 1.839E-19 1.908E-19 1.805E-19 1.846E-19 1.992E-19 2.066E-19 2.213E-19 2.438E-19 2.368E-19
 1.857E-19 1.493E-19 1.384E-19 1.401E-19 1.538E-19 1.649E-19 1.786E-19 1.884E-19 1.792E-19 1.736E-19
 1.964E-19 2.150E-19 2.182E-19 2.318E-19 2.402E-19 2.069E-19 1.606E-19 1.431E-19 1.348E-19 1.426E-19
 1.572E-19 1.646E-19 1.721E-19 1.703E-19 1.630E-19 1.782E-19 2.055E-19 2.097E-19 2.167E-19 2.365E-19
 2.287E-19 1.811E-19 1.493E-19 1.403E-19 1.386E-19 1.551E-19 1.646E-19 1.679E-19 1.682E-19 1.595E-19
 1.612E-19 1.882E-19 2.086E-19 2.127E-19 2.268E-19 2.344E-19 2.012E-19 1.580E-19 1.416E-19 1.336E-19
 1.426E-19 1.593E-19 1.617E-19 1.595E-19 1.542E-19 1.533E-19 1.705E-19 1.962E-19 2.051E-19 2.126E-19
 2.255E-19 2.193E-19 1.777E-19 1.469E-19 1.407E-19 1.383E-19 1.524E-19 1.571E-19 1.524E-19 1.507E-19
 1.511E-19 1.586E-19 1.769E-19 1.932E-19 1.997E-19 2.110E-19 2.184E-19 1.950E-19 1.544E-19 1.389E-19
 1.367E-19 1.457E-19 1.572E-19 1.515E-19 1.440E-19 1.422E-19 1.481E-19 1.608E-19 1.785E-19 1.918E-19
 2.061E-19 2.176E-19 2.080E-19 1.741E-19 1.443E-19 1.375E-19 1.385E-19 1.484E-19 1.502E-19 1.404E-19
 1.379E-19 1.427E-19 1.484E-19 1.606E-19 1.766E-19 1.929E-19 2.098E-19 2.113E-19 1.918E-19 1.553E-19
 1.334E-19 1.357E-19 1.407E-19 1.424E-19 1.351E-19 1.290E-19 1.345E-19 1.435E-19 1.505E-19 1.640E-19
 1.805E-19 1.955E-19 2.046E-19 1.962E-19 1.722E-19 1.438E-19 1.341E-19 1.323E-19 1.344E-19 1.332E-19
 1.202E-19 1.198E-19 1.311E-19 1.379E-19 1.461E-19 1.629E-19 1.823E-19 1.969E-19 1.979E-19 1.870E-19
 1.607E-19 1.357E-19 1.293E-19 1.318E-19 1.359E-19 1.261E-19 1.185E-19 1.289E-19 1.388E-19 1.389E-19
 1.477E-19 1.662E-19 1.798E-19 1.838E-19 1.839E-19 1.713E-19 1.433E-19 1.266E-19 1.256E-19 1.310E-19
 1.269E-19 1.119E-19 1.108E-19 1.237E-19 1.329E-19 1.359E-19 1.491E-19 1.670E-19 1.774E-19 1.785E-19
 1.777E-19 1.605E-19 1.313E-19 1.196E-19 1.206E-19 1.246E-19 1.155E-19 1.064E-19 1.159E-19 1.277E-19
 1.297E-19 1.329E-19 1.457E-19 1.602E-19 1.681E-19 1.703E-19 1.709E-19 1.510E-19 1.250E-19 1.156E-19
 1.172E-19 1.180E-19 1.108E-19 1.087E-19 1.166E-19 1.226E-19 1.234E-19 1.332E-19 1.494E-19 1.619E-19
 1.650E-19 1.670E-19 1.637E-19 1.414E-19 1.215E-19 1.149E-19 1.136E-19 1.107E-19 1.023E-19 1.075E-19
 1.159E-19 1.197E-19 1.227E-19 1.323E-19 1.472E-19 1.531E-19 1.526E-19 1.560E-19 1.523E-19 1.338E-19
 1.142E-19 1.004E-19 9.715E-20 1.001E-19 1.035E-19 1.094E-19 1.129E-19 1.124E-19 1.173E-19 1.314E-19
 1.435E-19 1.486E-19 1.514E-19 1.516E-19 1.415E-19 1.204E-19 1.039E-19 9.496E-20 9.638E-20 1.037E-19
 1.049E-19 1.050E-19 1.050E-19 1.054E-19 1.145E-19 1.307E-19 1.387E-19 1.380E-19 1.364E-19 1.358E-19
 1.269E-19 1.086E-19 9.233E-20 8.734E-20 9.538E-20 1.027E-19 1.041E-19 1.035E-19 1.033E-19 1.057E-19
 1.174E-19 1.304E-19 1.320E-19 1.305E-19 1.332E-19 1.338E-19 1.231E-19 1.072E-19 8.879E-20 8.109E-20
 8.921E-20 9.399E-20 9.218E-20 9.136E-20 9.378E-20 1.014E-19 1.171E-19 1.250E-19 1.259E-19 1.274E-19
 1.295E-19 1.269E-19 1.159E-19 1.004E-19 8.740E-20 9.074E-20 9.653E-20 9.576E-20 9.609E-20 9.783E-20
 1.014E-19 1.082E-19 1.163E-19 1.177E-19 1.198E-19 1.212E-19 1.201E-19 1.136E-19 1.012E-19 8.302E-20
 7.408E-20 8.217E-20 8.689E-20 8.292E-20 8.283E-20 8.801E-20 9.309E-20 1.033E-19 1.088E-19 1.091E-19
 1.110E-19 1.157E-19 1.172E-19 1.075E-19 9.384E-20 8.244E-20 7.756E-20 7.756E-20 7.857E-20 7.484E-20
 8.229E-20 9.121E-20 9.651E-20 1.025E-19 1.052E-19 1.026E-19 1.024E-19 1.071E-19 1.086E-19 9.967E-20
 8.673E-20 7.634E-20 7.533E-20 7.769E-20 7.412E-20 7.410E-20 8.154E-20 8.764E-20 9.092E-20 9.297E-20
 9.398E-20 9.534E-20 9.785E-20 1.002E-19 9.982E-20 9.294E-20 8.377E-20 7.667E-20 7.750E-20 7.664E-20
 7.120E-20 7.207E-20 7.864E-20 8.265E-20 8.242E-20 8.437E-20 8.680E-20 8.895E-20 9.223E-20 9.656E-20
 9.486E-20 8.600E-20 7.790E-20 7.341E-20 7.418E-20 7.235E-20 6.778E-20 7.070E-20 7.894E-20 8.302E-20
 8.175E-20 8.336E-20 8.539E-20 8.705E-20 8.959E-20 9.132E-20 8.733E-20 7.899E-20 7.081E-20 6.621E-20
 6.681E-20 6.509E-20 6.417E-20 6.880E-20 7.358E-20 7.509E-20 7.397E-20 7.685E-20 7.887E-20 8.254E-20
 8.839E-20 8.901E-20 8.162E-20 7.240E-20 6.399E-20 6.100E-20 6.505E-20 6.378E-20 5.985E-20 6.406E-20
 7.205E-20 7.151E-20 7.071E-20 7.643E-20 8.068E-20 8.330E-20 8.154E-20 7.546E-20 7.064E-20 6.757E-20
 6.166E-20 5.719E-20 5.845E-20 5.717E-20 5.692E-20 6.375E-20 6.792E-20 6.723E-20 6.921E-20 7.483E-20
 7.829E-20 7.842E-20 7.842E-20 7.527E-20 7.009E-20 6.632E-20 5.722E-20 5.113E-20 5.397E-20 5.354E-20
 5.437E-20 5.842E-20 5.964E-20 6.246E-20 6.767E-20 7.176E-20 7.238E-20 6.973E-20 6.698E-20 6.372E-20
 5.981E-20 5.864E-20 5.544E-20 5.239E-20 5.141E-20 5.140E-20 5.309E-20 5.339E-20 5.368E-20 5.562E-20
 6.061E-20 6.812E-20 6.979E-20 6.725E-20 6.562E-20 6.259E-20 5.824E-20 5.693E-20 5.693E-20 4.399E-20
 4.730E-20 5.032E-20 4.880E-20 4.943E-20 5.038E-20 4.931E-20 5.164E-20 5.472E-20 5.637E-20 5.759E-20
 6.001E-20 5.921E-20 5.486E-20 5.201E-20 4.422E-20 3.865E-20 4.431E-20 4.886E-20 4.957E-20 5.049E-20
 5.080E-20 5.009E-20 5.124E-20 5.593E-20 5.907E-20 5.579E-20 5.526E-20 5.339E-20 4.719E-20 4.592E-20
 4.662E-20 4.637E-20 4.586E-20 4.573E-20 4.534E-20 4.572E-20 4.753E-20 4.697E-20 4.770E-20 5.050E-20
 5.224E-20 5.235E-20 5.272E-20 5.106E-20 4.764E-20 4.764E-20 4.289E-20 3.918E-20 4.127E-20 4.154E-20
 4.170E-20 4.036E-20 4.032E-20 4.077E-20 4.057E-20 4.327E-20 4.644E-20 4.928E-20 4.846E-20 4.405E-20
 3.987E-20 3.823E-20 3.869E-20 3.841E-20 3.942E-20 3.848E-20 3.839E-20 4.126E-20 4.317E-20 4.189E-20
 4.290E-20 4.590E-20 4.492E-20 4.394E-20 4.172E-20 4.049E-20 3.849E-20 3.939E-20 4.062E-20 3.677E-20
 3.764E-20 3.966E-20 3.735E-20 3.695E-20 3.917E-20 3.909E-20 3.892E-20 3.993E-20 4.086E-20 4.004E-20
 4.064E-20 4.130E-20 3.993E-20 3.993E-20 3.810E-20 3.257E-20 2.923E-20 3.041E-20 3.369E-20 3.608E-20
 3.623E-20 3.493E-20 3.423E-20 3.810E-20 3.839E-20 3.572E-20 3.423E-20 3.192E-20 2.913E-20 3.146E-20
 3.515E-20 3.531E-20 3.335E-20 2.974E-20 2.695E-20 3.049E-20 0.000E+00 0.000E+00 0.000E+00 0.000E+00
