     CClF3 1065.0080 1139.9960      5056  273.0000    0.0000 6.999E-18  NCAR    CFC-13
 1.429E-20 1.589E-20 1.611E-20 1.485E-20 1.561E-20 1.439E-20 1.190E-20 1.172E-20 1.217E-20 1.055E-20
 1.243E-20 2.018E-20 2.474E-20 1.977E-20 1.346E-20 1.182E-20 1.425E-20 1.406E-20 1.307E-20 1.532E-20
 1.785E-20 1.961E-20 1.737E-20 1.195E-20 9.097E-21 9.898E-21 1.052E-20 1.035E-20 7.782E-21 1.035E-20
 2.031E-20 2.675E-20 2.346E-20 1.948E-20 2.152E-20 2.286E-20 1.988E-20 1.678E-20 1.821E-20 1.891E-20
 1.491E-20 1.216E-20 1.029E-20 1.004E-20 9.485E-21 6.929E-21 6.311E-21 7.587E-21 1.115E-20 1.872E-20
 2.299E-20 1.872E-20 1.782E-20 2.283E-20 2.171E-20 1.886E-20 2.111E-20 2.201E-20 1.857E-20 1.648E-20
 1.535E-20 1.345E-20 1.120E-20 8.419E-21 8.884E-21 9.340E-21 9.153E-21 1.399E-20 2.433E-20 2.677E-20
 2.251E-20 2.153E-20 1.746E-20 1.326E-20 1.467E-20 1.960E-20 2.163E-20 2.162E-20 1.844E-20 1.526E-20
 1.331E-20 9.914E-21 8.367E-21 8.071E-21 6.044E-21 7.772E-21 1.625E-20 2.588E-20 2.658E-20 2.255E-20
 1.775E-20 1.364E-20 1.469E-20 1.880E-20 2.093E-20 1.816E-20 1.506E-20 1.363E-20 9.204E-21 5.509E-21
 6.719E-21 5.492E-21 3.013E-21 5.466E-21 1.434E-20 2.550E-20 3.115E-20 3.014E-20 2.636E-20 2.198E-20
 2.065E-20 2.515E-20 2.524E-20 1.770E-20 1.494E-20 1.460E-20 1.190E-20 9.953E-21 9.885E-21 1.008E-20
 9.896E-21 1.077E-20 1.360E-20 2.088E-20 3.069E-20 3.135E-20 2.490E-20 2.045E-20 2.102E-20 2.397E-20
 2.487E-20 2.070E-20 1.425E-20 1.053E-20 8.611E-21 5.675E-21 6.210E-21 9.410E-21 1.142E-20 1.195E-20
 1.307E-20 1.873E-20 3.041E-20 3.806E-20 3.210E-20 2.377E-20 2.158E-20 2.390E-20 2.574E-20 2.376E-20
 1.882E-20 1.258E-20 7.565E-21 5.598E-21 5.189E-21 6.583E-21 8.112E-21 7.406E-21 7.406E-21 1.322E-20
 2.698E-20 4.046E-20 3.837E-20 3.048E-20 2.708E-20 2.652E-20 2.660E-20 2.322E-20 1.970E-20 1.553E-20
 1.379E-20 1.350E-20 1.498E-20 1.375E-20 9.307E-21 7.354E-21 6.374E-21 8.485E-21 2.089E-20 3.745E-20
 3.895E-20 3.020E-20 2.613E-20 2.485E-20 2.367E-20 2.032E-20 1.715E-20 1.560E-20 1.611E-20 1.714E-20
 1.529E-20 1.268E-20 1.251E-20 1.171E-20 1.006E-20 1.270E-20 2.482E-20 3.932E-20 4.095E-20 3.151E-20
 2.659E-20 2.775E-20 2.500E-20 1.837E-20 1.575E-20 1.609E-20 1.248E-20 8.334E-21 8.213E-21 8.140E-21
 5.211E-21 4.661E-21 7.005E-21 1.180E-20 2.322E-20 3.753E-20 4.022E-20 3.179E-20 3.024E-20 3.083E-20
 2.528E-20 2.059E-20 1.822E-20 1.698E-20 1.643E-20 1.484E-20 1.220E-20 1.157E-20 1.031E-20 8.996E-21
 1.135E-20 1.849E-20 2.813E-20 3.686E-20 3.973E-20 3.664E-20 3.429E-20 2.944E-20 2.261E-20 2.060E-20
 2.067E-20 1.742E-20 1.316E-20 1.237E-20 1.258E-20 1.142E-20 8.525E-21 9.469E-21 1.291E-20 1.922E-20
 2.671E-20 3.594E-20 4.497E-20 4.366E-20 3.806E-20 3.145E-20 2.362E-20 1.763E-20 1.470E-20 1.371E-20
 1.172E-20 9.363E-21 6.868E-21 5.220E-21 6.111E-21 1.046E-20 1.642E-20 2.156E-20 2.544E-20 3.460E-20
 4.504E-20 4.357E-20 3.542E-20 2.744E-20 2.097E-20 1.789E-20 1.492E-20 1.411E-20 1.544E-20 1.384E-20
 9.909E-21 9.308E-21 1.077E-20 1.444E-20 1.730E-20 1.834E-20 2.221E-20 3.563E-20 4.659E-20 4.063E-20
 3.008E-20 2.514E-20 2.113E-20 1.676E-20 1.375E-20 1.145E-20 1.184E-20 1.179E-20 1.213E-20 1.290E-20
 1.534E-20 1.625E-20 1.569E-20 1.618E-20 1.618E-20 4.435E-20 4.884E-20 3.840E-20 2.864E-20 2.252E-20
 1.594E-20 1.091E-20 8.361E-21 7.597E-21 1.079E-20 1.193E-20 1.106E-20 1.313E-20 1.929E-20 2.308E-20
 2.137E-20 2.161E-20 3.185E-20 4.607E-20 4.474E-20 3.359E-20 2.529E-20 2.137E-20 1.869E-20 1.536E-20
 1.289E-20 1.293E-20 1.427E-20 1.609E-20 1.732E-20 1.974E-20 2.179E-20 1.883E-20 1.771E-20 2.478E-20
 2.478E-20 4.523E-20 3.315E-20 2.244E-20 1.732E-20 1.277E-20 1.193E-20 1.239E-20 1.183E-20 1.282E-20
 1.403E-20 1.573E-20 2.105E-20 2.544E-20 2.230E-20 1.723E-20 2.046E-20 3.312E-20 4.665E-20 4.109E-20
 2.881E-20 2.324E-20 1.919E-20 1.615E-20 1.343E-20 1.301E-20 1.383E-20 1.449E-20 1.515E-20 1.908E-20
 2.267E-20 2.094E-20 1.911E-20 2.083E-20 2.634E-20 3.660E-20 4.028E-20 3.286E-20 2.393E-20 1.678E-20
 1.335E-20 1.097E-20 1.218E-20 1.728E-20 1.829E-20 1.829E-20 2.324E-20 2.442E-20 2.095E-20 1.904E-20
 2.262E-20 2.670E-20 3.237E-20 4.126E-20 3.811E-20 2.809E-20 2.075E-20 1.652E-20 1.480E-20 1.462E-20
 1.675E-20 1.810E-20 1.906E-20 2.125E-20 2.120E-20 1.965E-20 1.902E-20 1.978E-20 2.561E-20 3.220E-20
 4.066E-20 3.967E-20 3.074E-20 2.522E-20 2.179E-20 1.929E-20 1.936E-20 2.215E-20 2.285E-20 2.039E-20
 1.929E-20 1.778E-20 1.484E-20 1.450E-20 1.849E-20 2.383E-20 2.642E-20 3.444E-20 4.103E-20 3.485E-20
 2.561E-20 2.153E-20 1.975E-20 1.935E-20 2.035E-20 2.234E-20 2.269E-20 2.500E-20 2.511E-20 1.819E-20
 1.456E-20 1.937E-20 2.050E-20 2.133E-20 3.328E-20 4.181E-20 3.419E-20 2.542E-20 2.285E-20 2.224E-20
 2.224E-20 2.073E-20 1.967E-20 2.103E-20 2.268E-20 1.987E-20 1.702E-20 1.803E-20 1.768E-20 1.593E-20
 1.900E-20 2.887E-20 3.931E-20 3.706E-20 3.057E-20 2.639E-20 2.186E-20 1.944E-20 1.690E-20 1.806E-20
 2.211E-20 2.364E-20 1.917E-20 1.790E-20 2.111E-20 2.243E-20 2.042E-20 1.977E-20 2.941E-20 3.909E-20
 3.436E-20 3.436E-20 2.415E-20 2.157E-20 1.607E-20 1.407E-20 1.991E-20 2.394E-20 2.100E-20 1.862E-20
 2.097E-20 2.256E-20 1.987E-20 1.911E-20 2.313E-20 3.403E-20 4.489E-20 3.942E-20 2.975E-20 2.550E-20
 2.264E-20 2.104E-20 2.142E-20 2.333E-20 2.263E-20 2.052E-20 2.213E-20 2.364E-20 2.278E-20 2.163E-20
 2.116E-20 2.369E-20 3.572E-20 4.587E-20 3.913E-20 2.989E-20 2.539E-20 2.539E-20 2.176E-20 2.542E-20
 2.825E-20 2.582E-20 2.468E-20 2.620E-20 2.657E-20 2.415E-20 2.184E-20 2.317E-20 2.881E-20 4.056E-20
 4.450E-20 3.520E-20 3.520E-20 2.485E-20 2.369E-20 2.715E-20 3.145E-20 2.961E-20 2.605E-20 2.606E-20
 2.752E-20 2.701E-20 2.567E-20 2.498E-20 2.784E-20 3.742E-20 4.926E-20 4.799E-20 3.781E-20 2.941E-20
 2.479E-20 2.499E-20 2.777E-20 2.787E-20 2.443E-20 2.348E-20 2.549E-20 2.630E-20 2.546E-20 2.208E-20
 2.012E-20 2.626E-20 3.841E-20 4.608E-20 3.887E-20 3.016E-20 2.826E-20 3.011E-20 3.369E-20 3.227E-20
 2.963E-20 2.841E-20 2.785E-20 2.920E-20 2.939E-20 2.959E-20 2.856E-20 2.749E-20 3.356E-20 4.639E-20
 4.811E-20 3.857E-20 3.452E-20 3.383E-20 3.520E-20 3.496E-20 3.046E-20 2.910E-20 3.109E-20 3.039E-20
 2.606E-20 2.201E-20 2.373E-20 2.782E-20 3.201E-20 3.922E-20 4.781E-20 4.339E-20 3.467E-20 3.300E-20
 3.368E-20 3.459E-20 3.398E-20 3.300E-20 3.268E-20 3.273E-20 3.177E-20 3.019E-20 3.091E-20 3.205E-20
 3.410E-20 4.226E-20 5.286E-20 5.184E-20 5.184E-20 3.389E-20 3.640E-20 3.738E-20 3.230E-20 3.160E-20
 3.321E-20 3.326E-20 3.200E-20 3.107E-20 2.850E-20 2.841E-20 3.301E-20 3.992E-20 5.132E-20 5.981E-20
 5.562E-20 4.847E-20 4.715E-20 4.485E-20 4.260E-20 4.145E-20 3.843E-20 3.637E-20 3.631E-20 3.726E-20
 3.531E-20 3.322E-20 3.446E-20 4.015E-20 5.164E-20 5.704E-20 4.955E-20 4.565E-20 4.472E-20 4.058E-20
 3.695E-20 3.628E-20 3.943E-20 4.208E-20 4.021E-20 3.801E-20 3.907E-20 4.035E-20 4.143E-20 4.546E-20
 5.443E-20 6.193E-20 5.844E-20 5.009E-20 4.418E-20 4.150E-20 4.199E-20 4.061E-20 3.782E-20 3.751E-20
 3.715E-20 3.512E-20 3.370E-20 3.502E-20 3.699E-20 4.432E-20 5.490E-20 6.351E-20 6.300E-20 5.632E-20
 4.894E-20 4.401E-20 4.569E-20 4.469E-20 4.080E-20 4.179E-20 4.464E-20 4.322E-20 4.089E-20 4.078E-20
 4.102E-20 4.097E-20 4.696E-20 5.616E-20 5.732E-20 5.227E-20 4.708E-20 4.487E-20 4.834E-20 4.771E-20
 4.560E-20 4.969E-20 5.165E-20 5.002E-20 4.982E-20 5.054E-20 5.365E-20 5.427E-20 5.698E-20 6.230E-20
 6.147E-20 5.402E-20 5.302E-20 5.711E-20 6.079E-20 5.659E-20 5.076E-20 4.974E-20 5.241E-20 5.330E-20
 5.288E-20 5.261E-20 5.204E-20 5.572E-20 6.624E-20 7.313E-20 6.641E-20 5.799E-20 5.646E-20 5.576E-20
 5.666E-20 5.863E-20 5.537E-20 5.123E-20 5.278E-20 5.555E-20 5.648E-20 5.694E-20 5.698E-20 5.801E-20
 6.604E-20 6.982E-20 6.096E-20 5.638E-20 5.821E-20 6.056E-20 6.252E-20 6.793E-20 6.984E-20 6.440E-20
 6.081E-20 6.380E-20 6.264E-20 6.020E-20 6.148E-20 6.603E-20 7.338E-20 7.103E-20 6.656E-20 6.666E-20
 6.644E-20 6.631E-20 6.639E-20 6.881E-20 7.161E-20 7.091E-20 6.853E-20 6.887E-20 6.902E-20 7.019E-20
 7.270E-20 7.917E-20 7.951E-20 6.980E-20 6.494E-20 6.480E-20 6.543E-20 6.402E-20 6.210E-20 6.364E-20
 6.654E-20 6.797E-20 6.670E-20 6.377E-20 6.166E-20 6.110E-20 6.279E-20 6.449E-20 5.748E-20 5.123E-20
 5.239E-20 5.423E-20 5.303E-20 5.415E-20 6.267E-20 7.137E-20 7.201E-20 6.751E-20 6.266E-20 6.091E-20
 6.052E-20 6.079E-20 6.180E-20 6.276E-20 6.293E-20 6.392E-20 6.182E-20 5.816E-20 5.967E-20 6.578E-20
 6.859E-20 6.545E-20 6.491E-20 7.187E-20 7.606E-20 7.465E-20 7.137E-20 7.706E-20 8.666E-20 8.404E-20
 7.979E-20 7.886E-20 7.961E-20 8.289E-20 8.209E-20 7.770E-20 7.798E-20 8.249E-20 8.687E-20 8.755E-20
 8.842E-20 8.809E-20 8.853E-20 8.913E-20 8.642E-20 8.528E-20 8.624E-20 8.754E-20 8.777E-20 8.847E-20
 9.606E-20 1.049E-19 1.068E-19 1.034E-19 1.038E-19 1.088E-19 1.118E-19 1.094E-19 1.063E-19 1.061E-19
 1.075E-19 1.120E-19 1.130E-19 1.101E-19 1.107E-19 1.115E-19 1.111E-19 1.128E-19 1.139E-19 1.108E-19
 1.086E-19 1.099E-19 1.124E-19 1.194E-19 1.248E-19 1.219E-19 1.171E-19 1.155E-19 1.163E-19 1.173E-19
 1.142E-19 1.085E-19 1.049E-19 1.078E-19 1.074E-19 1.022E-19 1.017E-19 1.045E-19 1.061E-19 1.047E-19
 1.010E-19 9.687E-20 9.486E-20 9.350E-20 9.384E-20 9.364E-20 9.226E-20 9.651E-20 9.704E-20 9.145E-20
 8.432E-20 7.695E-20 6.952E-20 5.580E-20 4.164E-20 3.662E-20 4.273E-20 4.671E-20 4.518E-20 4.422E-20
 4.379E-20 4.393E-20 4.202E-20 3.919E-20 4.027E-20 4.315E-20 4.360E-20 4.149E-20 4.281E-20 4.961E-20
 5.844E-20 6.073E-20 5.380E-20 4.398E-20 4.119E-20 4.177E-20 3.838E-20 3.671E-20 3.971E-20 4.522E-20
 4.926E-20 4.973E-20 4.813E-20 4.748E-20 4.937E-20 5.067E-20 4.982E-20 4.977E-20 4.871E-20 4.358E-20
 3.934E-20 4.017E-20 4.724E-20 5.832E-20 6.105E-20 5.724E-20 5.430E-20 5.113E-20 4.787E-20 4.365E-20
 4.150E-20 4.506E-20 4.838E-20 5.013E-20 5.565E-20 5.581E-20 5.094E-20 4.739E-20 4.974E-20 5.171E-20
 4.825E-20 4.790E-20 5.001E-20 4.848E-20 4.826E-20 5.616E-20 6.345E-20 5.872E-20 5.319E-20 5.394E-20
 5.563E-20 5.815E-20 5.993E-20 5.869E-20 5.869E-20 5.709E-20 5.850E-20 5.827E-20 5.817E-20 5.526E-20
 4.980E-20 4.780E-20 4.587E-20 4.706E-20 5.435E-20 6.274E-20 6.298E-20 6.194E-20 6.796E-20 7.253E-20
 6.868E-20 6.523E-20 6.343E-20 6.102E-20 5.971E-20 5.875E-20 5.644E-20 5.759E-20 6.879E-20 8.047E-20
 7.894E-20 7.252E-20 6.563E-20 6.040E-20 5.577E-20 5.326E-20 5.345E-20 5.455E-20 5.024E-20 4.764E-20
 5.744E-20 7.819E-20 8.912E-20 8.286E-20 7.517E-20 7.086E-20 7.095E-20 7.105E-20 6.549E-20 6.552E-20
 7.428E-20 8.206E-20 7.920E-20 6.940E-20 6.312E-20 6.455E-20 7.080E-20 7.559E-20 7.509E-20 6.906E-20
 6.119E-20 5.398E-20 5.567E-20 6.739E-20 8.424E-20 8.782E-20 7.929E-20 7.414E-20 7.724E-20 8.228E-20
 8.676E-20 8.625E-20 8.445E-20 8.451E-20 7.936E-20 7.460E-20 7.433E-20 7.393E-20 7.449E-20 7.832E-20
 8.230E-20 7.839E-20 7.255E-20 6.926E-20 7.226E-20 8.219E-20 9.481E-20 9.818E-20 8.543E-20 7.786E-20
 7.829E-20 8.087E-20 8.512E-20 9.069E-20 9.552E-20 9.992E-20 1.007E-19 9.890E-20 9.824E-20 9.077E-20
 7.945E-20 7.667E-20 7.543E-20 7.364E-20 6.892E-20 6.033E-20 5.919E-20 7.503E-20 1.021E-19 1.180E-19
 1.130E-19 1.069E-19 1.050E-19 9.841E-20 9.127E-20 8.725E-20 8.662E-20 9.090E-20 9.502E-20 9.441E-20
 9.547E-20 9.863E-20 1.023E-19 1.006E-19 1.008E-19 1.010E-19 9.043E-20 7.790E-20 6.945E-20 6.843E-20
 8.337E-20 1.069E-19 1.118E-19 9.968E-20 9.968E-20 1.112E-19 1.189E-19 1.205E-19 1.209E-19 1.160E-19
 1.092E-19 1.064E-19 1.031E-19 9.194E-20 8.320E-20 8.218E-20 7.988E-20 7.954E-20 8.433E-20 9.093E-20
 9.541E-20 9.518E-20 9.881E-20 1.144E-19 1.240E-19 1.111E-19 9.950E-20 9.896E-20 1.087E-19 1.225E-19
 1.246E-19 1.212E-19 1.290E-19 1.450E-19 1.427E-19 1.214E-19 1.046E-19 9.476E-20 8.917E-20 8.632E-20
 8.180E-20 7.714E-20 7.552E-20 7.902E-20 8.968E-20 1.191E-19 1.544E-19 1.662E-19 1.524E-19 1.354E-19
 1.339E-19 1.400E-19 1.317E-19 1.176E-19 1.187E-19 1.217E-19 1.129E-19 1.009E-19 9.805E-20 1.113E-19
 1.349E-19 1.438E-19 1.274E-19 1.015E-19 8.092E-20 7.609E-20 8.255E-20 1.020E-19 1.334E-19 1.436E-19
 1.305E-19 1.289E-19 1.554E-19 1.885E-19 1.889E-19 1.680E-19 1.552E-19 1.445E-19 1.232E-19 1.055E-19
 1.031E-19 1.057E-19 1.038E-19 1.017E-19 1.008E-19 1.048E-19 1.161E-19 1.295E-19 1.283E-19 1.310E-19
 1.557E-19 1.641E-19 1.504E-19 1.547E-19 1.794E-19 1.834E-19 1.598E-19 1.461E-19 1.479E-19 1.522E-19
 1.511E-19 1.436E-19 1.308E-19 1.185E-19 1.042E-19 9.624E-20 9.828E-20 1.024E-19 9.945E-20 9.614E-20
 1.020E-19 1.296E-19 1.772E-19 2.073E-19 2.139E-19 2.221E-19 2.270E-19 2.086E-19 1.780E-19 1.594E-19
 1.481E-19 1.309E-19 1.163E-19 1.164E-19 1.237E-19 1.265E-19 1.312E-19 1.405E-19 1.431E-19 1.343E-19
 1.207E-19 1.081E-19 1.063E-19 1.286E-19 1.784E-19 2.089E-19 2.149E-19 2.331E-19 2.434E-19 2.322E-19
 2.161E-19 1.935E-19 1.647E-19 1.409E-19 1.307E-19 1.277E-19 1.225E-19 1.180E-19 1.199E-19 1.272E-19
 1.363E-19 1.391E-19 1.329E-19 1.363E-19 1.483E-19 1.753E-19 2.262E-19 2.514E-19 2.546E-19 2.621E-19
 2.474E-19 2.174E-19 1.824E-19 1.513E-19 1.433E-19 1.570E-19 1.772E-19 1.749E-19 1.563E-19 1.402E-19
 1.343E-19 1.390E-19 1.470E-19 1.393E-19 1.225E-19 1.182E-19 1.388E-19 1.987E-19 2.865E-19 3.304E-19
 3.239E-19 2.855E-19 2.362E-19 1.982E-19 1.630E-19 1.477E-19 1.545E-19 1.599E-19 1.569E-19 1.540E-19
 1.547E-19 1.681E-19 1.804E-19 1.790E-19 1.613E-19 1.351E-19 1.239E-19 1.355E-19 1.736E-19 2.536E-19
 3.287E-19 3.394E-19 3.144E-19 2.866E-19 2.671E-19 2.270E-19 1.774E-19 1.657E-19 1.731E-19 1.682E-19
 1.630E-19 1.581E-19 1.578E-19 1.639E-19 1.674E-19 1.674E-19 1.653E-19 1.687E-19 1.672E-19 1.740E-19
 2.301E-19 3.326E-19 3.894E-19 3.651E-19 3.159E-19 2.711E-19 2.289E-19 1.824E-19 1.607E-19 1.837E-19
 2.023E-19 1.942E-19 1.821E-19 1.725E-19 1.714E-19 1.806E-19 1.875E-19 1.830E-19 1.680E-19 1.540E-19
 1.612E-19 2.151E-19 3.263E-19 4.309E-19 4.304E-19 3.584E-19 2.960E-19 2.564E-19 2.176E-19 1.843E-19
 1.832E-19 1.932E-19 1.923E-19 1.857E-19 1.919E-19 2.092E-19 2.156E-19 2.116E-19 2.063E-19 1.962E-19
 1.808E-19 1.821E-19 2.127E-19 2.921E-19 4.047E-19 4.498E-19 3.945E-19 3.377E-19 2.937E-19 2.444E-19
 2.058E-19 1.978E-19 2.126E-19 2.158E-19 2.032E-19 1.971E-19 1.992E-19 2.101E-19 2.275E-19 2.497E-19
 2.456E-19 2.175E-19 2.076E-19 2.344E-19 3.011E-19 4.074E-19 4.828E-19 4.306E-19 3.361E-19 2.836E-19
 2.593E-19 2.497E-19 2.358E-19 2.276E-19 2.327E-19 2.322E-19 2.321E-19 2.309E-19 2.261E-19 2.260E-19
 2.306E-19 2.330E-19 2.329E-19 2.494E-19 2.723E-19 3.107E-19 4.063E-19 5.036E-19 4.797E-19 3.784E-19
 3.104E-19 2.684E-19 2.371E-19 2.183E-19 2.341E-19 2.711E-19 2.825E-19 2.742E-19 2.689E-19 2.573E-19
 2.458E-19 2.455E-19 2.504E-19 2.464E-19 2.437E-19 2.608E-19 3.186E-19 4.325E-19 5.287E-19 5.185E-19
 4.250E-19 3.488E-19 3.023E-19 2.614E-19 2.300E-19 2.387E-19 2.787E-19 2.871E-19 2.819E-19 2.899E-19
 2.850E-19 2.745E-19 2.753E-19 2.733E-19 2.650E-19 2.596E-19 2.786E-19 3.390E-19 4.162E-19 4.820E-19
 5.178E-19 4.702E-19 3.864E-19 3.278E-19 2.967E-19 2.745E-19 2.769E-19 3.047E-19 3.071E-19 2.887E-19
 2.731E-19 2.624E-19 2.757E-19 3.064E-19 3.205E-19 3.062E-19 2.795E-19 3.018E-19 3.781E-19 4.371E-19
 4.807E-19 5.156E-19 4.723E-19 3.969E-19 3.705E-19 3.522E-19 3.177E-19 3.078E-19 3.303E-19 3.280E-19
 3.068E-19 2.810E-19 2.632E-19 2.787E-19 3.195E-19 3.519E-19 3.486E-19 3.272E-19 3.678E-19 4.236E-19
 4.479E-19 4.917E-19 5.436E-19 4.946E-19 3.953E-19 3.561E-19 3.557E-19 3.673E-19 3.657E-19 3.621E-19
 3.433E-19 3.136E-19 2.869E-19 2.908E-19 3.255E-19 3.630E-19 3.618E-19 3.442E-19 3.739E-19 4.450E-19
 4.693E-19 4.657E-19 5.040E-19 5.662E-19 5.286E-19 4.423E-19 4.025E-19 3.949E-19 3.871E-19 3.744E-19
 3.812E-19 3.673E-19 3.244E-19 3.121E-19 3.528E-19 4.049E-19 4.123E-19 3.813E-19 3.775E-19 4.211E-19
 4.742E-19 4.868E-19 4.851E-19 5.257E-19 5.916E-19 5.599E-19 4.914E-19 4.701E-19 4.546E-19 4.089E-19
 3.606E-19 3.501E-19 3.426E-19 3.417E-19 3.722E-19 4.152E-19 4.150E-19 3.768E-19 3.674E-19 3.997E-19
 4.438E-19 4.667E-19 4.509E-19 4.474E-19 5.239E-19 6.170E-19 5.817E-19 5.058E-19 4.688E-19 4.308E-19
 3.700E-19 3.353E-19 3.431E-19 3.657E-19 4.131E-19 4.532E-19 4.430E-19 4.007E-19 3.901E-19 4.170E-19
 4.622E-19 4.927E-19 4.803E-19 4.367E-19 4.373E-19 5.570E-19 6.661E-19 5.980E-19 5.164E-19 4.790E-19
 4.300E-19 3.745E-19 3.696E-19 4.025E-19 4.339E-19 4.591E-19 4.560E-19 4.232E-19 4.108E-19 4.395E-19
 4.854E-19 5.102E-19 5.010E-19 4.578E-19 4.049E-19 4.600E-19 6.382E-19 6.988E-19 6.021E-19 5.399E-19
 4.971E-19 4.329E-19 3.889E-19 4.227E-19 4.615E-19 4.584E-19 4.398E-19 4.318E-19 4.413E-19 4.777E-19
 5.300E-19 5.541E-19 5.310E-19 4.910E-19 4.264E-19 4.245E-19 5.639E-19 7.374E-19 7.150E-19 6.160E-19
 5.500E-19 4.929E-19 4.490E-19 4.485E-19 4.812E-19 4.728E-19 4.523E-19 4.532E-19 4.660E-19 4.982E-19
 5.478E-19 5.707E-19 5.570E-19 5.315E-19 4.758E-19 4.409E-19 5.240E-19 7.007E-19 7.735E-19 6.792E-19
 5.974E-19 5.573E-19 5.216E-19 4.768E-19 4.836E-19 4.852E-19 4.700E-19 4.772E-19 4.928E-19 5.164E-19
 5.637E-19 6.107E-19 6.259E-19 6.146E-19 5.489E-19 4.681E-19 4.759E-19 5.991E-19 7.664E-19 7.483E-19
 6.610E-19 6.146E-19 5.764E-19 5.173E-19 4.911E-19 4.917E-19 4.831E-19 4.954E-19 5.130E-19 5.248E-19
 5.897E-19 6.817E-19 7.158E-19 6.773E-19 5.528E-19 4.496E-19 4.429E-19 5.343E-19 7.301E-19 8.311E-19
 7.450E-19 6.696E-19 6.260E-19 5.669E-19 5.000E-19 4.954E-19 5.113E-19 5.406E-19 5.517E-19 5.542E-19
 6.462E-19 7.459E-19 7.443E-19 6.917E-19 5.525E-19 4.538E-19 4.401E-19 4.949E-19 6.905E-19 9.096E-19
 8.209E-19 7.238E-19 6.952E-19 6.187E-19 5.141E-19 4.965E-19 5.470E-19 5.952E-19 5.968E-19 6.183E-19
 7.094E-19 7.395E-19 7.443E-19 6.823E-19 5.462E-19 4.756E-19 4.499E-19 4.820E-19 6.666E-19 9.168E-19
 9.936E-19 7.792E-19 7.365E-19 6.247E-19 5.145E-19 5.189E-19 6.018E-19 6.341E-19 6.317E-19 6.800E-19
 7.611E-19 7.714E-19 7.772E-19 7.113E-19 5.715E-19 5.023E-19 4.652E-19 4.806E-19 6.630E-19 9.610E-19
 1.103E-18 9.392E-19 7.205E-19 6.399E-19 5.609E-19 5.760E-19 6.606E-19 6.860E-19 6.963E-19 7.452E-19
 7.807E-19 7.861E-19 8.074E-19 7.257E-19 5.769E-19 5.098E-19 4.726E-19 4.911E-19 6.763E-19 9.949E-19
 1.186E-18 9.961E-19 7.326E-19 6.423E-19 6.148E-19 6.685E-19 7.242E-19 7.209E-19 7.470E-19 7.847E-19
 7.662E-19 7.805E-19 7.987E-19 6.918E-19 5.705E-19 5.182E-19 4.827E-19 5.248E-19 7.329E-19 1.039E-18
 1.223E-18 1.007E-18 7.578E-19 7.062E-19 6.832E-19 6.950E-19 7.274E-19 7.455E-19 7.813E-19 7.842E-19
 7.709E-19 8.035E-19 7.950E-19 7.093E-19 6.017E-19 5.096E-19 4.878E-19 5.956E-19 8.150E-19 1.055E-18
 1.230E-18 1.005E-18 8.717E-19 7.336E-19 7.322E-19 7.390E-19 7.749E-19 8.129E-19 8.274E-19 7.888E-19
 8.129E-19 9.752E-19 8.300E-19 7.121E-19 5.851E-19 5.393E-19 5.752E-19 6.898E-19 8.890E-19 1.250E-18
 1.232E-18 1.038E-18 9.597E-19 8.093E-19 7.625E-19 7.610E-19 8.038E-19 8.226E-19 7.931E-19 7.969E-19
 1.009E-18 1.049E-18 8.373E-19 6.642E-19 5.587E-19 5.813E-19 6.457E-19 7.294E-19 9.090E-19 1.281E-18
 1.281E-18 1.137E-18 1.039E-18 8.235E-19 7.525E-19 8.068E-19 8.739E-19 8.387E-19 8.243E-19 1.039E-18
 1.109E-18 8.535E-19 7.428E-19 6.308E-19 6.048E-19 6.528E-19 6.878E-19 7.704E-19 1.020E-18 1.446E-18
 1.397E-18 1.183E-18 8.729E-19 7.708E-19 7.865E-19 8.642E-19 1.006E-18 9.925E-19 1.092E-18 1.146E-18
 1.028E-18 7.959E-19 7.189E-19 6.577E-19 6.738E-19 7.103E-19 7.346E-19 8.728E-19 1.365E-18 1.566E-18
 1.296E-18 1.031E-18 8.109E-19 8.011E-19 9.080E-19 1.082E-18 1.046E-18 1.101E-18 1.163E-18 1.050E-18
 8.228E-19 7.924E-19 7.511E-19 7.346E-19 7.599E-19 7.288E-19 7.748E-19 1.055E-18 1.566E-18 1.442E-18
 1.124E-18 9.547E-19 8.154E-19 8.869E-19 1.083E-18 1.063E-18 1.092E-18 1.177E-18 1.089E-18 9.829E-19
 8.660E-19 8.370E-19 7.579E-19 7.578E-19 7.350E-19 7.476E-19 9.116E-19 1.452E-18 1.545E-18 1.258E-18
 1.047E-18 9.834E-19 9.187E-19 1.137E-18 1.095E-18 1.129E-18 1.244E-18 1.173E-18 1.034E-18 9.898E-19
 9.459E-19 8.144E-19 8.123E-19 7.797E-19 7.693E-19 8.572E-19 1.237E-18 1.522E-18 1.386E-18 1.124E-18
 1.068E-18 1.160E-18 1.210E-18 1.171E-18 1.189E-18 1.234E-18 1.159E-18 1.043E-18 1.033E-18 1.041E-18
 1.036E-18 9.727E-19 7.924E-19 7.590E-19 7.744E-19 9.334E-19 1.437E-18 1.499E-18 1.230E-18 1.139E-18
 1.221E-18 1.240E-18 1.200E-18 1.230E-18 1.286E-18 1.227E-18 1.111E-18 1.091E-18 1.151E-18 1.160E-18
 1.026E-18 7.772E-19 7.496E-19 7.421E-19 8.273E-19 1.149E-18 1.537E-18 1.339E-18 1.252E-18 1.302E-18
 1.244E-18 1.184E-18 1.258E-18 1.343E-18 1.292E-18 1.181E-18 1.188E-18 1.220E-18 1.164E-18 1.029E-18
 9.185E-19 7.607E-19 6.840E-19 7.458E-19 1.084E-18 1.606E-18 1.527E-18 1.436E-18 1.416E-18 1.245E-18
 1.181E-18 1.336E-18 1.463E-18 1.374E-18 1.284E-18 1.294E-18 1.265E-18 1.193E-18 1.084E-18 8.218E-19
 7.084E-19 6.003E-19 6.711E-19 1.037E-18 1.635E-18 1.628E-18 1.531E-18 1.423E-18 1.255E-18 1.296E-18
 1.501E-18 1.521E-18 1.423E-18 1.378E-18 1.281E-18 1.205E-18 1.191E-18 1.077E-18 7.688E-19 6.186E-19
 5.563E-19 6.638E-19 1.019E-18 1.655E-18 1.759E-18 1.650E-18 1.465E-18 1.336E-18 1.504E-18 1.738E-18
 1.635E-18 1.475E-18 1.299E-18 1.162E-18 1.200E-18 1.236E-18 9.015E-19 6.762E-19 5.751E-19 5.571E-19
 6.424E-19 1.030E-18 1.839E-18 1.958E-18 1.647E-18 1.442E-18 1.501E-18 1.722E-18 1.753E-18 1.597E-18
 1.395E-18 1.202E-18 1.174E-18 1.258E-18 1.161E-18 7.965E-19 6.348E-19 5.588E-19 5.206E-19 6.465E-19
 1.129E-18 2.011E-18 1.970E-18 1.681E-18 1.661E-18 1.788E-18 1.849E-18 1.688E-18 1.441E-18 1.227E-18
 1.164E-18 1.247E-18 1.252E-18 1.076E-18 7.798E-19 6.022E-19 4.811E-19 4.559E-19 6.747E-19 1.305E-18
 2.149E-18 2.164E-18 1.955E-18 2.015E-18 2.065E-18 1.793E-18 1.485E-18 1.233E-18 1.190E-18 1.287E-18
 1.314E-18 1.153E-18 8.375E-19 6.304E-19 4.774E-19 4.072E-19 4.931E-19 9.238E-19 1.721E-18 2.559E-18
 2.211E-18 1.867E-18 1.885E-18 1.856E-18 1.563E-18 1.331E-18 1.304E-18 1.356E-18 1.334E-18 1.201E-18
 8.785E-19 6.994E-19 4.941E-19 3.905E-19 4.392E-19 7.459E-19 1.480E-18 2.750E-18 2.611E-18 2.209E-18
 1.964E-18 1.911E-18 1.629E-18 1.408E-18 1.333E-18 1.354E-18 1.344E-18 1.196E-18 8.453E-19 7.133E-19
 5.292E-19 3.948E-19 4.323E-19 7.022E-19 1.296E-18 2.183E-18 2.705E-18 2.333E-18 2.233E-18 1.962E-18
 1.681E-18 1.440E-18 1.399E-18 1.401E-18 1.338E-18 1.150E-18 8.065E-19 6.764E-19 5.583E-19 4.573E-19
 5.017E-19 7.549E-19 1.245E-18 1.894E-18 2.624E-18 2.652E-18 2.498E-18 2.330E-18 1.760E-18 1.538E-18
 1.484E-18 1.366E-18 1.248E-18 1.087E-18 7.828E-19 6.719E-19 6.255E-19 5.874E-19 6.155E-19 8.426E-19
 1.285E-18 1.582E-18 2.035E-18 2.830E-18 2.749E-18 2.250E-18 1.815E-18 1.606E-18 1.526E-18 1.350E-18
 1.211E-18 1.050E-18 7.793E-19 6.891E-19 6.850E-19 6.877E-19 7.050E-19 8.857E-19 1.125E-18 1.325E-18
 1.686E-18 2.427E-18 2.918E-18 2.565E-18 2.144E-18 1.708E-18 1.491E-18 1.298E-18 1.196E-18 1.035E-18
 7.698E-19 7.208E-19 7.242E-19 7.505E-19 8.115E-19 1.006E-18 1.243E-18 1.216E-18 1.591E-18 2.502E-18
 3.189E-18 2.775E-18 2.228E-18 1.637E-18 1.355E-18 1.246E-18 1.178E-18 1.029E-18 7.918E-19 7.466E-19
 7.405E-19 7.700E-19 8.906E-19 1.191E-18 1.204E-18 1.160E-18 1.494E-18 2.303E-18 3.335E-18 2.840E-18
 2.015E-18 1.568E-18 1.300E-18 1.204E-18 1.135E-18 1.002E-18 7.750E-19 7.342E-19 7.198E-19 8.353E-19
 1.123E-18 1.257E-18 1.186E-18 1.094E-18 1.123E-18 2.083E-18 2.987E-18 2.854E-18 1.929E-18 1.500E-18
 1.306E-18 1.235E-18 1.136E-18 9.679E-19 7.764E-19 7.305E-19 7.742E-19 9.208E-19 1.215E-18 1.315E-18
 1.138E-18 8.534E-19 1.027E-18 2.089E-18 2.919E-18 2.681E-18 1.766E-18 1.427E-18 1.293E-18 1.219E-18
 1.074E-18 8.011E-19 7.530E-19 7.870E-19 8.649E-19 9.991E-19 1.359E-18 1.328E-18 8.885E-19 8.462E-19
 1.234E-18 2.488E-18 3.331E-18 2.475E-18 1.676E-18 1.427E-18 1.301E-18 1.193E-18 8.887E-19 8.048E-19
 7.841E-19 7.887E-19 8.488E-19 1.112E-18 1.446E-18 1.138E-18 7.821E-19 9.000E-19 1.523E-18 2.795E-18
 3.063E-18 2.033E-18 1.603E-18 1.390E-18 1.252E-18 1.088E-18 8.438E-19 8.389E-19 8.246E-19 7.998E-19
 9.992E-19 1.440E-18 1.272E-18 8.387E-19 8.034E-19 1.194E-18 2.126E-18 3.009E-18 2.810E-18 1.869E-18
 1.521E-18 1.313E-18 1.171E-18 8.989E-19 8.638E-19 8.225E-19 8.148E-19 1.029E-18 1.474E-18 1.333E-18
 8.783E-19 8.105E-19 1.029E-18 1.663E-18 2.472E-18 3.008E-18 2.642E-18 1.682E-18 1.345E-18 1.207E-18
 1.142E-18 1.085E-18 8.666E-19 8.156E-19 1.008E-18 1.440E-18 1.354E-18 8.964E-19 8.300E-19 1.098E-18
 1.419E-18 1.709E-18 2.161E-18 2.844E-18 1.956E-18 1.478E-18 1.314E-18 1.252E-18 1.149E-18 8.472E-19
 8.470E-19 1.162E-18 1.401E-18 1.339E-18 9.563E-19 8.922E-19 1.124E-18 1.347E-18 1.494E-18 1.713E-18
 2.212E-18 2.204E-18 1.689E-18 1.473E-18 1.415E-18 1.245E-18 1.048E-18 1.011E-18 1.115E-18 1.276E-18
 1.272E-18 1.073E-18 1.010E-18 1.072E-18 1.241E-18 1.327E-18 1.315E-18 1.718E-18 2.187E-18 1.929E-18
 1.650E-18 1.507E-18 1.252E-18 1.075E-18 1.023E-18 9.438E-19 1.235E-18 1.287E-18 1.110E-18 1.010E-18
 9.050E-19 1.203E-18 1.206E-18 9.226E-19 1.144E-18 1.997E-18 2.549E-18 1.877E-18 1.601E-18 1.278E-18
 1.076E-18 8.913E-19 9.352E-19 1.132E-18 1.359E-18 1.146E-18 8.882E-19 8.783E-19 1.017E-18 1.103E-18
 8.141E-19 9.138E-19 1.502E-18 2.478E-18 2.435E-18 1.664E-18 1.299E-18 1.065E-18 8.647E-19 9.808E-19
 1.369E-18 1.354E-18 9.675E-19 8.147E-19 8.323E-19 1.011E-18 9.511E-19 7.383E-19 7.744E-19 1.286E-18
 2.342E-18 2.534E-18 1.694E-18 1.303E-18 9.266E-19 9.143E-19 1.068E-18 1.435E-18 1.343E-18 9.220E-19
 7.499E-19 8.491E-19 1.046E-18 9.194E-19 7.141E-19 7.957E-19 1.344E-18 2.362E-18 2.646E-18 1.741E-18
 1.318E-18 1.091E-18 9.704E-19 1.325E-18 1.491E-18 1.197E-18 7.985E-19 7.480E-19 9.493E-19 1.066E-18
 8.585E-19 7.203E-19 8.529E-19 1.436E-18 2.218E-18 2.685E-18 1.744E-18 1.307E-18 1.118E-18 1.253E-18
 1.578E-18 1.485E-18 9.276E-19 7.547E-19 8.447E-19 1.073E-18 1.007E-18 8.336E-19 7.759E-19 8.335E-19
 1.121E-18 2.070E-18 2.344E-18 1.735E-18 1.287E-18 1.216E-18 1.442E-18 1.550E-18 1.223E-18 8.295E-19
 7.803E-19 9.620E-19 1.185E-18 9.386E-19 8.391E-19 7.792E-19 7.867E-19 1.137E-18 2.095E-18 2.169E-18
 1.624E-18 1.354E-18 1.452E-18 1.636E-18 1.394E-18 9.096E-19 7.817E-19 8.852E-19 1.074E-18 1.146E-18
 9.051E-19 8.185E-19 6.946E-19 7.753E-19 1.215E-18 2.152E-18 2.123E-18 1.623E-18 1.493E-18 1.656E-18
 1.569E-18 1.143E-18 8.383E-19 8.537E-19 1.047E-18 1.254E-18 1.124E-18 8.749E-19 7.407E-19 6.831E-19
 8.412E-19 1.411E-18 2.290E-18 2.378E-18 1.692E-18 1.697E-18 1.690E-18 1.362E-18 1.040E-18 8.569E-19
 1.142E-18 1.326E-18 1.234E-18 1.010E-18 7.882E-19 7.187E-19 7.664E-19 1.077E-18 1.872E-18 2.730E-18
 2.391E-18 2.078E-18 1.842E-18 1.596E-18 1.218E-18 1.063E-18 1.193E-18 1.450E-18 1.406E-18 1.113E-18
 8.617E-19 8.059E-19 8.152E-19 1.034E-18 1.479E-18 2.180E-18 2.818E-18 2.398E-18 2.146E-18 1.700E-18
 1.374E-18 1.177E-18 1.268E-18 1.519E-18 1.473E-18 1.189E-18 1.021E-18 9.484E-19 9.554E-19 1.043E-18
 1.303E-18 1.842E-18 2.870E-18 2.820E-18 2.466E-18 2.075E-18 1.524E-18 1.276E-18 1.329E-18 1.527E-18
 1.425E-18 1.159E-18 1.021E-18 9.787E-19 9.943E-19 1.047E-18 1.188E-18 1.550E-18 2.550E-18 3.055E-18
 2.721E-18 2.173E-18 1.529E-18 1.358E-18 1.450E-18 1.596E-18 1.441E-18 1.201E-18 1.120E-18 1.116E-18
 1.115E-18 1.147E-18 1.248E-18 1.449E-18 1.899E-18 3.022E-18 3.032E-18 2.321E-18 1.570E-18 1.357E-18
 1.435E-18 1.547E-18 1.381E-18 1.176E-18 1.142E-18 1.193E-18 1.217E-18 1.244E-18 1.337E-18 1.438E-18
 1.749E-18 3.004E-18 3.438E-18 2.695E-18 1.949E-18 1.681E-18 1.761E-18 1.803E-18 1.561E-18 1.421E-18
 1.405E-18 1.441E-18 1.477E-18 1.513E-18 1.623E-18 1.696E-18 2.116E-18 3.060E-18 3.633E-18 2.984E-18
 2.273E-18 2.037E-18 2.074E-18 2.061E-18 1.894E-18 1.824E-18 1.855E-18 1.893E-18 1.909E-18 1.959E-18
 1.996E-18 2.055E-18 2.419E-18 3.305E-18 3.941E-18 3.339E-18 2.625E-18 2.372E-18 2.358E-18 2.288E-18
 2.215E-18 2.259E-18 2.263E-18 2.232E-18 2.216E-18 2.281E-18 2.354E-18 2.392E-18 2.702E-18 3.474E-18
 4.086E-18 3.404E-18 2.764E-18 2.590E-18 2.593E-18 2.508E-18 2.427E-18 2.445E-18 2.481E-18 2.546E-18
 2.573E-18 2.515E-18 2.474E-18 2.528E-18 2.872E-18 3.516E-18 3.762E-18 3.174E-18 2.528E-18 2.340E-18
 2.295E-18 2.228E-18 2.192E-18 2.186E-18 2.198E-18 2.238E-18 2.319E-18 2.373E-18 2.343E-18 2.447E-18
 2.868E-18 3.402E-18 3.645E-18 3.175E-18 2.644E-18 2.479E-18 2.389E-18 2.357E-18 2.311E-18 2.187E-18
 2.066E-18 2.056E-18 2.107E-18 2.156E-18 2.199E-18 2.342E-18 2.594E-18 3.003E-18 3.339E-18 2.961E-18
 2.446E-18 2.337E-18 2.344E-18 2.364E-18 2.439E-18 2.501E-18 2.442E-18 2.405E-18 2.496E-18 2.650E-18
 2.758E-18 2.836E-18 2.937E-18 3.295E-18 3.553E-18 3.206E-18 2.856E-18 2.768E-18 2.851E-18 2.970E-18
 2.975E-18 2.899E-18 2.887E-18 2.941E-18 3.065E-18 3.262E-18 3.375E-18 3.301E-18 3.428E-18 4.069E-18
 4.209E-18 3.688E-18 3.440E-18 3.499E-18 3.624E-18 3.704E-18 3.700E-18 3.651E-18 3.792E-18 3.977E-18
 4.030E-18 3.991E-18 3.945E-18 4.025E-18 4.318E-18 4.681E-18 4.460E-18 4.168E-18 4.302E-18 4.349E-18
 4.185E-18 4.015E-18 4.004E-18 4.067E-18 4.062E-18 4.016E-18 3.957E-18 4.000E-18 4.154E-18 4.325E-18
 4.514E-18 4.625E-18 4.489E-18 4.310E-18 4.206E-18 4.165E-18 4.239E-18 4.347E-18 4.290E-18 4.073E-18
 4.140E-18 4.208E-18 3.981E-18 3.809E-18 3.673E-18 3.590E-18 3.387E-18 3.064E-18 2.860E-18 2.962E-18
 3.061E-18 3.037E-18 3.008E-18 3.141E-18 3.370E-18 3.420E-18 3.308E-18 3.418E-18 3.580E-18 3.593E-18
 3.667E-18 3.997E-18 4.195E-18 4.017E-18 3.860E-18 3.756E-18 3.777E-18 3.855E-18 3.937E-18 3.930E-18
 4.023E-18 4.197E-18 4.248E-18 4.270E-18 4.261E-18 4.237E-18 4.442E-18 4.637E-18 4.437E-18 4.307E-18
 4.379E-18 4.443E-18 4.631E-18 4.743E-18 4.749E-18 4.703E-18 4.662E-18 4.401E-18 4.526E-18 4.889E-18
 4.902E-18 4.863E-18 5.051E-18 5.029E-18 4.729E-18 4.872E-18 5.177E-18 4.958E-18 4.851E-18 5.144E-18
 5.296E-18 5.240E-18 5.374E-18 5.446E-18 5.733E-18 6.120E-18 6.284E-18 6.232E-18 5.919E-18 5.552E-18
 5.588E-18 5.924E-18 6.007E-18 5.971E-18 5.834E-18 6.015E-18 6.230E-18 6.235E-18 6.352E-18 6.145E-18
 6.421E-18 6.723E-18 6.569E-18 6.594E-18 6.888E-18 6.999E-18 6.870E-18 6.490E-18 5.940E-18 5.689E-18
 5.461E-18 5.229E-18 4.990E-18 4.925E-18 5.014E-18 5.048E-18 5.173E-18 5.299E-18 5.369E-18 5.378E-18
 5.318E-18 5.141E-18 5.020E-18 5.062E-18 5.113E-18 4.979E-18 4.793E-18 4.769E-18 4.841E-18 4.492E-18
 3.816E-18 2.894E-18 1.619E-18 8.775E-19 4.435E-19 2.971E-19 2.585E-19 2.426E-19 2.183E-19 2.140E-19
 2.679E-19 4.343E-19 6.337E-19 6.082E-19 4.278E-19 4.232E-19 5.564E-19 5.377E-19 3.669E-19 2.640E-19
 2.426E-19 2.350E-19 2.311E-19 2.682E-19 3.546E-19 5.113E-19 6.751E-19 6.674E-19 5.301E-19 5.422E-19
 6.252E-19 5.154E-19 3.570E-19 2.883E-19 2.581E-19 2.489E-19 2.533E-19 3.414E-19 4.894E-19 5.946E-19
 6.692E-19 7.196E-19 7.027E-19 6.822E-19 6.200E-19 4.502E-19 3.471E-19 3.293E-19 3.034E-19 2.735E-19
 3.119E-19 4.501E-19 5.777E-19 6.214E-19 6.740E-19 8.152E-19 8.845E-19 7.812E-19 5.910E-19 3.914E-19
 3.018E-19 3.350E-19 4.035E-19 4.063E-19 4.165E-19 4.877E-19 5.936E-19 7.118E-19 7.944E-19 9.772E-19
 1.030E-18 7.862E-19 5.083E-19 3.364E-19 2.839E-19 3.579E-19 5.203E-19 5.778E-19 4.781E-19 4.582E-19
 6.327E-19 8.478E-19 9.054E-19 1.027E-18 1.043E-18 7.435E-19 4.583E-19 3.337E-19 3.294E-19 4.152E-19
 5.692E-19 6.478E-19 5.546E-19 5.602E-19 8.139E-19 9.985E-19 1.039E-18 1.177E-18 1.080E-18 6.943E-19
 4.483E-19 3.679E-19 3.854E-19 4.556E-19 5.399E-19 6.694E-19 7.960E-19 8.425E-19 9.746E-19 1.089E-18
 1.175E-18 1.243E-18 1.024E-18 6.388E-19 4.498E-19 4.087E-19 4.362E-19 4.460E-19 4.900E-19 7.197E-19
 1.060E-18 1.087E-18 1.043E-18 1.229E-18 1.421E-18 1.280E-18 9.333E-19 6.018E-19 4.632E-19 4.344E-19
 4.549E-19 4.739E-19 5.758E-19 7.921E-19 1.126E-18 1.301E-18 1.351E-18 1.495E-18 1.550E-18 1.226E-18
 7.921E-19 5.419E-19 4.803E-19 4.993E-19 5.457E-19 5.838E-19 6.333E-19 8.734E-19 1.343E-18 1.652E-18
 1.640E-18 1.646E-18 1.530E-18 1.037E-18 7.031E-19 5.813E-19 5.892E-19 6.438E-19 6.179E-19 5.849E-19
 7.250E-19 1.063E-18 1.495E-18 2.186E-18 2.190E-18 1.745E-18 1.361E-18 9.760E-19 7.545E-19 7.116E-19
 7.102E-19 6.232E-19 5.816E-19 7.192E-19 9.309E-19 1.057E-18 1.394E-18 2.163E-18 2.511E-18 1.797E-18
 1.340E-18 9.722E-19 8.400E-19 7.322E-19 6.091E-19 5.849E-19 7.422E-19 9.324E-19 9.427E-19 1.033E-18
 1.537E-18 2.876E-18 2.852E-18 1.785E-18 1.242E-18 9.356E-19 7.501E-19 6.100E-19 6.233E-19 8.285E-19
 9.858E-19 9.106E-19 8.997E-19 1.124E-18 1.754E-18 2.895E-18 2.974E-18 1.606E-18 1.008E-18 7.613E-19
 6.465E-19 7.095E-19 9.168E-19 9.928E-19 9.204E-19 9.102E-19 1.018E-18 1.439E-18 2.498E-18 3.605E-18
 2.229E-18 1.249E-18 8.652E-19 7.581E-19 8.456E-19 9.896E-19 9.942E-19 9.438E-19 9.732E-19 1.028E-18
 1.316E-18 2.175E-18 3.680E-18 3.410E-18 1.916E-18 1.144E-18 9.237E-19 9.592E-19 1.017E-18 9.565E-19
 9.803E-19 1.057E-18 1.048E-18 1.188E-18 1.857E-18 3.175E-18 3.609E-18 2.991E-18 1.748E-18 1.260E-18
 1.085E-18 1.039E-18 1.007E-18 1.124E-18 1.113E-18 9.612E-19 1.033E-18 1.568E-18 2.774E-18 3.253E-18
 3.342E-18 2.661E-18 1.856E-18 1.339E-18 1.134E-18 1.177E-18 1.168E-18 9.586E-19 8.392E-19 1.022E-18
 1.651E-18 2.516E-18 2.781E-18 3.277E-18 3.301E-18 2.518E-18 1.739E-18 1.458E-18 1.315E-18 1.059E-18
 8.534E-19 8.041E-19 1.034E-18 1.626E-18 2.439E-18 2.493E-18 2.948E-18 3.556E-18 3.150E-18 2.373E-18
 1.785E-18 1.267E-18 9.090E-19 7.339E-19 7.639E-19 1.106E-18 1.822E-18 2.513E-18 2.384E-18 2.741E-18
 3.596E-18 3.605E-18 2.741E-18 1.795E-18 1.190E-18 8.541E-19 7.015E-19 8.227E-19 1.329E-18 2.221E-18
 2.608E-18 2.371E-18 2.665E-18 3.458E-18 3.748E-18 2.843E-18 1.734E-18 1.260E-18 9.728E-19 8.351E-19
 1.045E-18 1.719E-18 2.700E-18 2.615E-18 2.341E-18 2.478E-18 3.070E-18 3.537E-18 2.851E-18 1.726E-18
 1.318E-18 1.121E-18 1.119E-18 1.567E-18 2.451E-18 2.825E-18 2.542E-18 2.237E-18 2.297E-18 2.817E-18
 3.382E-18 2.919E-18 1.796E-18 1.449E-18 1.328E-18 1.552E-18 2.306E-18 2.846E-18 2.781E-18 2.347E-18
 2.055E-18 2.026E-18 2.443E-18 3.182E-18 2.996E-18 2.183E-18 1.561E-18 1.663E-18 2.240E-18 2.730E-18
 2.900E-18 2.604E-18 2.161E-18 1.759E-18 1.608E-18 1.905E-18 3.141E-18 3.072E-18 2.361E-18 2.090E-18
 2.312E-18 2.751E-18 2.963E-18 2.823E-18 2.355E-18 1.934E-18 1.534E-18 1.493E-18 1.941E-18 3.357E-18
 3.199E-18 2.545E-18 2.446E-18 2.756E-18 3.014E-18 2.991E-18 2.562E-18 1.978E-18 1.689E-18 1.496E-18
 1.612E-18 2.612E-18 3.436E-18 3.149E-18 2.747E-18 2.916E-18 3.104E-18 3.096E-18 2.763E-18 2.171E-18
 1.721E-18 1.559E-18 1.417E-18 1.619E-18 2.815E-18 3.568E-18 3.342E-18 3.193E-18 3.173E-18 3.166E-18
 2.915E-18 2.325E-18 1.936E-18 1.763E-18 1.493E-18 1.401E-18 1.736E-18 2.647E-18 4.068E-18 3.768E-18
 3.476E-18 3.173E-18 2.969E-18 2.545E-18 2.115E-18 1.854E-18 1.521E-18 1.310E-18 1.363E-18 2.062E-18
 4.005E-18 4.278E-18 3.684E-18 3.381E-18 3.190E-18 2.653E-18 2.150E-18 1.898E-18 1.579E-18 1.303E-18
 1.276E-18 1.839E-18 3.702E-18 4.581E-18 3.864E-18 3.310E-18 3.150E-18 2.770E-18 2.236E-18 1.700E-18
 1.529E-18 1.412E-18 1.464E-18 2.119E-18 3.283E-18 4.262E-18 3.869E-18 3.392E-18 3.206E-18 2.683E-18
 2.139E-18 1.888E-18 1.801E-18 1.762E-18 1.857E-18 2.270E-18 3.142E-18 4.165E-18 4.184E-18 3.685E-18
 3.339E-18 2.698E-18 2.119E-18 1.937E-18 2.000E-18 2.093E-18 2.177E-18 2.371E-18 2.843E-18 3.712E-18
 4.202E-18 3.800E-18 3.180E-18 2.515E-18 2.110E-18 2.079E-18 2.173E-18 2.183E-18 2.220E-18 2.384E-18
 2.698E-18 3.403E-18 4.246E-18 4.041E-18 3.199E-18 2.498E-18 2.179E-18 2.200E-18 2.254E-18 2.271E-18
 2.372E-18 2.399E-18 2.354E-18 2.983E-18 4.205E-18 4.260E-18 3.326E-18 2.691E-18 2.407E-18 2.354E-18
 2.388E-18 2.387E-18 2.357E-18 2.124E-18 2.051E-18 2.829E-18 4.065E-18 4.024E-18 3.164E-18 2.777E-18
 2.641E-18 2.624E-18 2.556E-18 2.437E-18 2.169E-18 1.632E-18 1.613E-18 2.189E-18 3.955E-18 3.916E-18
 3.089E-18 2.728E-18 2.627E-18 2.612E-18 2.563E-18 2.383E-18 1.939E-18 1.490E-18 1.693E-18 2.589E-18
 4.417E-18 3.958E-18 3.105E-18 2.688E-18 2.619E-18 2.634E-18 2.425E-18 1.848E-18 1.583E-18 1.633E-18
 2.579E-18 3.923E-18 4.340E-18 3.522E-18 2.791E-18 2.573E-18 2.570E-18 2.517E-18 2.141E-18 1.613E-18
 1.536E-18 2.107E-18 3.057E-18 3.998E-18 4.025E-18 3.231E-18 2.718E-18 2.605E-18 2.500E-18 2.183E-18
 1.884E-18 1.846E-18 2.078E-18 2.571E-18 3.199E-18 3.818E-18 3.639E-18 2.999E-18 2.788E-18 2.651E-18
 2.331E-18 2.087E-18 2.017E-18 2.066E-18 2.236E-18 2.536E-18 3.191E-18 3.756E-18 3.321E-18 2.880E-18
 2.658E-18 2.408E-18 2.313E-18 2.281E-18 2.225E-18 2.163E-18 2.208E-18 2.608E-18 3.455E-18 3.573E-18
 3.089E-18 2.744E-18 2.429E-18 2.200E-18 2.092E-18 1.920E-18 2.174E-18 2.161E-18 2.365E-18 3.249E-18
 3.948E-18 3.495E-18 2.840E-18 2.366E-18 1.990E-18 1.670E-18 1.785E-18 2.197E-18 2.106E-18 1.808E-18
 2.763E-18 3.792E-18 3.719E-18 3.009E-18 2.462E-18 1.732E-18 1.566E-18 1.686E-18 1.917E-18 2.087E-18
 2.146E-18 2.779E-18 3.777E-18 3.727E-18 2.926E-18 2.354E-18 1.792E-18 1.679E-18 1.999E-18 2.104E-18
 1.987E-18 2.055E-18 2.669E-18 3.561E-18 3.608E-18 2.849E-18 2.240E-18 1.727E-18 1.625E-18 1.811E-18
 2.149E-18 2.134E-18 2.252E-18 2.544E-18 3.188E-18 3.397E-18 2.714E-18 2.156E-18 1.750E-18 1.801E-18
 2.147E-18 2.132E-18 2.058E-18 2.069E-18 2.278E-18 2.991E-18 3.400E-18 2.786E-18 2.198E-18 1.810E-18
 1.861E-18 2.183E-18 1.905E-18 1.763E-18 1.617E-18 1.815E-18 2.826E-18 3.206E-18 2.638E-18 2.218E-18
 2.230E-18 2.358E-18 2.299E-18 1.866E-18 1.485E-18 1.336E-18 1.699E-18 2.429E-18 3.117E-18 2.562E-18
 2.294E-18 2.312E-18 2.237E-18 1.810E-18 1.515E-18 1.381E-18 1.465E-18 1.916E-18 2.992E-18 3.021E-18
 2.507E-18 2.325E-18 2.034E-18 1.762E-18 1.449E-18 1.226E-18 1.183E-18 1.357E-18 1.889E-18 3.200E-18
 3.113E-18 2.699E-18 2.433E-18 1.773E-18 1.374E-18 1.162E-18 1.087E-18 1.149E-18 1.458E-18 2.245E-18
 3.254E-18 2.970E-18 2.540E-18 1.849E-18 1.484E-18 1.298E-18 1.200E-18 1.145E-18 1.238E-18 1.713E-18
 3.009E-18 3.249E-18 2.693E-18 1.787E-18 1.355E-18 1.177E-18 1.182E-18 1.201E-18 1.235E-18 1.476E-18
 2.164E-18 3.297E-18 2.972E-18 1.939E-18 1.377E-18 1.115E-18 1.133E-18 1.188E-18 1.131E-18 1.209E-18
 1.733E-18 3.075E-18 3.108E-18 2.082E-18 1.569E-18 1.265E-18 1.220E-18 1.198E-18 1.040E-18 1.053E-18
 1.486E-18 2.387E-18 2.954E-18 2.308E-18 1.610E-18 1.329E-18 1.196E-18 1.134E-18 1.038E-18 1.146E-18
 1.586E-18 2.533E-18 2.832E-18 2.051E-18 1.560E-18 1.240E-18 1.039E-18 9.826E-19 1.009E-18 1.180E-18
 1.567E-18 2.134E-18 2.615E-18 2.227E-18 1.675E-18 1.363E-18 1.161E-18 1.050E-18 1.056E-18 1.147E-18
 1.443E-18 1.971E-18 2.227E-18 1.873E-18 1.457E-18 1.211E-18 1.118E-18 1.137E-18 1.157E-18 1.219E-18
 1.496E-18 1.827E-18 1.936E-18 1.779E-18 1.380E-18 1.173E-18 1.085E-18 1.080E-18 1.143E-18 1.238E-18
 1.350E-18 1.563E-18 1.850E-18 1.726E-18 1.407E-18 1.212E-18 1.075E-18 1.042E-18 1.147E-18 1.252E-18
 1.353E-18 1.625E-18 1.866E-18 1.643E-18 1.335E-18 1.089E-18 9.753E-19 1.084E-18 1.258E-18 1.255E-18
 1.376E-18 1.759E-18 1.912E-18 1.595E-18 1.172E-18 8.950E-19 8.868E-19 1.074E-18 1.173E-18 1.139E-18
 1.313E-18 1.734E-18 1.813E-18 1.436E-18 1.093E-18 9.556E-19 1.020E-18 1.105E-18 1.015E-18 1.017E-18
 1.327E-18 1.656E-18 1.523E-18 1.206E-18 9.947E-19 9.535E-19 1.062E-18 1.070E-18 1.034E-18 1.217E-18
 1.576E-18 1.632E-18 1.341E-18 1.133E-18 1.041E-18 1.025E-18 1.042E-18 1.059E-18 1.099E-18 1.329E-18
 1.594E-18 1.513E-18 1.323E-18 1.188E-18 1.077E-18 1.049E-18 1.070E-18 1.088E-18 1.290E-18 1.618E-18
 1.645E-18 1.489E-18 1.345E-18 1.138E-18 1.004E-18 9.822E-19 1.021E-18 1.219E-18 1.530E-18 1.642E-18
 1.548E-18 1.400E-18 1.142E-18 9.209E-19 8.233E-19 8.459E-19 1.033E-18 1.379E-18 1.566E-18 1.487E-18
 1.368E-18 1.130E-18 8.821E-19 8.178E-19 8.847E-19 1.030E-18 1.327E-18 1.601E-18 1.596E-18 1.439E-18
 1.198E-18 9.745E-19 8.788E-19 9.308E-19 1.114E-18 1.446E-18 1.759E-18 1.722E-18 1.513E-18 1.312E-18
 1.126E-18 1.035E-18 1.117E-18 1.313E-18 1.684E-18 2.046E-18 2.005E-18 1.730E-18 1.664E-18 1.475E-18
 1.346E-18 1.331E-18 1.428E-18 1.706E-18 1.913E-18 1.771E-18 1.568E-18 1.395E-18 1.232E-18 1.204E-18
 1.306E-18 1.507E-18 1.761E-18 1.693E-18 1.389E-18 1.189E-18 1.049E-18 9.341E-19 9.518E-19 1.085E-18
 1.259E-18 1.402E-18 1.351E-18 1.238E-18 1.162E-18 1.063E-18 9.775E-19 1.018E-18 1.176E-18 1.369E-18
 1.498E-18 1.471E-18 1.432E-18 1.381E-18 1.287E-18 1.252E-18 1.372E-18 1.503E-18 1.658E-18 1.737E-18
 1.677E-18 1.683E-18 1.694E-18 1.642E-18 1.684E-18 1.849E-18 2.046E-18 2.221E-18 2.132E-18 2.026E-18
 1.716E-18 1.315E-18 1.012E-18 8.994E-19 9.240E-19 9.831E-19 8.990E-19 7.603E-19 7.054E-19 6.815E-19
 6.178E-19 5.510E-19 5.959E-19 7.165E-19 7.387E-19 6.544E-19 6.140E-19 6.043E-19 5.807E-19 5.498E-19
 5.804E-19 6.645E-19 7.108E-19 6.603E-19 5.979E-19 5.551E-19 4.869E-19 4.086E-19 4.031E-19 4.648E-19
 5.109E-19 4.717E-19 4.286E-19 4.191E-19 3.776E-19 3.105E-19 3.003E-19 3.686E-19 4.326E-19 4.259E-19
 3.924E-19 3.766E-19 3.273E-19 2.544E-19 2.287E-19 3.109E-19 4.114E-19 4.165E-19 3.765E-19 3.307E-19
 2.662E-19 1.967E-19 1.744E-19 2.706E-19 4.010E-19 4.044E-19 3.323E-19 2.728E-19 2.357E-19 2.008E-19
 2.014E-19 2.951E-19 3.921E-19 3.714E-19 2.926E-19 2.398E-19 1.932E-19 1.600E-19 1.901E-19 2.979E-19
 3.602E-19 3.170E-19 2.538E-19 2.170E-19 1.930E-19 1.833E-19 2.145E-19 2.860E-19 3.052E-19 2.730E-19
 2.430E-19 1.995E-19 1.566E-19 1.624E-19 2.280E-19 2.794E-19 2.552E-19 2.182E-19 2.006E-19 1.855E-19
 1.797E-19 1.970E-19 2.389E-19 2.572E-19 2.263E-19 1.906E-19 1.662E-19 1.516E-19 1.589E-19 2.026E-19
 2.443E-19 2.228E-19 1.797E-19 1.706E-19 1.837E-19 1.914E-19 1.900E-19 2.145E-19 2.239E-19 1.889E-19
 1.523E-19 1.363E-19 1.382E-19 1.530E-19 1.953E-19 2.133E-19 1.742E-19 1.451E-19 1.518E-19 1.629E-19
 1.727E-19 1.846E-19 1.947E-19 1.784E-19 1.540E-19 1.384E-19 1.189E-19 1.127E-19 1.433E-19 1.883E-19
 1.834E-19 1.485E-19 1.288E-19 1.247E-19 1.436E-19 1.806E-19 2.053E-19 1.852E-19 1.539E-19 1.301E-19
 1.042E-19 9.535E-20 1.166E-19 1.588E-19 1.765E-19 1.487E-19 1.137E-19 9.855E-20 1.099E-19 1.522E-19
 2.098E-19 2.050E-19 1.489E-19 1.182E-19 9.932E-20 8.555E-20 1.018E-19 1.307E-19 1.341E-19 1.246E-19
 1.151E-19 9.813E-20 9.514E-20 1.297E-19 1.780E-19 1.945E-19 1.645E-19 1.164E-19 9.708E-20 9.367E-20
 1.005E-19 1.110E-19 1.058E-19 9.443E-20 9.903E-20 1.088E-19 1.074E-19 1.135E-19 1.319E-19 1.525E-19
 1.703E-19 1.645E-19 1.318E-19 1.150E-19 1.021E-19 8.499E-20 8.138E-20 7.904E-20 8.174E-20 9.738E-20
 1.161E-19 1.140E-19 1.053E-19 1.121E-19 1.366E-19 1.710E-19 1.808E-19 1.433E-19 1.035E-19 7.909E-20
 6.614E-20 6.784E-20 7.917E-20 9.157E-20 1.005E-19 1.096E-19 1.040E-19 9.327E-20 1.064E-19 1.405E-19
 1.778E-19 1.845E-19 1.377E-19 8.485E-20 6.120E-20 6.446E-20 6.984E-20 7.202E-20 7.782E-20 8.748E-20
 1.022E-19 1.110E-19 1.076E-19 1.098E-19 1.374E-19 1.793E-19 2.002E-19 1.615E-19 9.593E-20 6.106E-20
 5.804E-20 6.458E-20 7.318E-20 8.408E-20 9.305E-20 1.028E-19 1.119E-19 1.147E-19 1.187E-19 1.431E-19
 1.815E-19 2.036E-19 1.632E-19 9.083E-20 5.880E-20 6.030E-20 6.030E-20 6.956E-20 8.277E-20 9.603E-20
 1.110E-19 1.220E-19 1.207E-19 1.153E-19 1.352E-19 1.824E-19 2.184E-19 1.831E-19 9.596E-20 5.438E-20
 5.811E-20 6.754E-20 7.481E-20 8.477E-20 9.777E-20 1.141E-19 1.272E-19 1.287E-19 1.208E-19 1.352E-19
 1.797E-19 2.239E-19 2.056E-19 1.150E-19 5.315E-20 4.949E-20 6.304E-20 7.497E-20 8.895E-20 1.012E-19
 1.127E-19 1.271E-19 1.342E-19 1.314E-19 1.407E-19 1.787E-19 2.222E-19 2.132E-19 1.291E-19 6.261E-20
 5.433E-20 6.546E-20 7.790E-20 9.038E-20 1.029E-19 1.146E-19 1.262E-19 1.322E-19 1.308E-19 1.393E-19
 1.771E-19 2.221E-19 2.260E-19 1.488E-19 7.229E-20 5.921E-20 7.212E-20 8.560E-20 9.601E-20 1.083E-19
 1.178E-19 1.291E-19 1.391E-19 1.451E-19 1.510E-19 1.811E-19 2.238E-19 2.348E-19 1.752E-19 9.446E-20
 6.677E-20 7.319E-20 8.622E-20 9.546E-20 1.017E-19 1.109E-19 1.299E-19 1.460E-19 1.522E-19 1.575E-19
 1.807E-19 2.207E-19 2.367E-19 1.918E-19 1.094E-19 7.057E-20 7.604E-20 9.048E-20 1.051E-19 1.153E-19
 1.245E-19 1.382E-19 1.495E-19 1.571E-19 1.658E-19 1.813E-19 2.172E-19 2.418E-19 2.141E-19 1.375E-19
 8.397E-20 7.637E-20 8.811E-20 1.035E-19 1.139E-19 1.194E-19 1.309E-19 1.490E-19 1.596E-19 1.682E-19
 1.796E-19 2.072E-19 2.333E-19 2.233E-19 1.664E-19 1.052E-19 8.828E-20 9.562E-20 1.092E-19 1.182E-19
 1.231E-19 1.341E-19 1.529E-19 1.671E-19 1.783E-19 1.859E-19 2.014E-19 2.221E-19 2.255E-19 1.873E-19
 1.208E-19 8.693E-20 8.806E-20 1.044E-19 1.199E-19 1.253E-19 1.295E-19 1.443E-19 1.635E-19 1.802E-19
 1.932E-19 2.001E-19 2.144E-19 2.266E-19 2.098E-19 1.514E-19 1.060E-19 9.986E-20 1.086E-19 1.220E-19
 1.307E-19 1.383E-19 1.516E-19 1.714E-19 1.889E-19 2.003E-19 2.019E-19 2.075E-19 2.235E-19 2.259E-19
 1.843E-19 1.260E-19 1.011E-19 1.082E-19 1.245E-19 1.323E-19 1.382E-19 1.528E-19 1.728E-19 1.918E-19
 2.078E-19 2.108E-19 2.068E-19 2.209E-19 2.350E-19 2.067E-19 1.445E-19 1.093E-19 1.133E-19 1.272E-19
 1.350E-19 1.432E-19 1.568E-19 1.740E-19 1.921E-19 2.043E-19 2.108E-19 2.035E-19 2.092E-19 2.301E-19
 2.249E-19 1.754E-19 1.290E-19 1.193E-19 1.242E-19 1.329E-19 1.408E-19 1.562E-19 1.751E-19 1.911E-19
 2.007E-19 2.094E-19 2.000E-19 1.993E-19 2.231E-19 2.353E-19 2.011E-19 1.467E-19 1.208E-19 1.218E-19
 1.318E-19 1.404E-19 1.564E-19 1.787E-19 1.978E-19 2.054E-19 2.119E-19 2.031E-19 1.947E-19 2.159E-19
 2.397E-19 2.249E-19 1.708E-19 1.329E-19 1.262E-19 1.336E-19 1.437E-19 1.564E-19 1.725E-19 1.933E-19
 2.079E-19 2.119E-19 2.073E-19 1.965E-19 2.054E-19 2.301E-19 2.356E-19 1.925E-19 1.455E-19 1.279E-19
 1.249E-19 1.350E-19 1.482E-19 1.640E-19 1.853E-19 2.052E-19 2.086E-19 2.028E-19 1.959E-19 2.014E-19
 2.263E-19 2.470E-19 2.242E-19 1.695E-19 1.385E-19 1.275E-19 1.326E-19 1.469E-19 1.565E-19 1.717E-19
 1.965E-19 2.059E-19 1.958E-19 1.917E-19 1.956E-19 2.091E-19 2.321E-19 2.368E-19 1.898E-19 1.453E-19
 1.271E-19 1.236E-19 1.379E-19 1.492E-19 1.641E-19 1.899E-19 2.094E-19 1.990E-19 1.917E-19 1.938E-19
 2.035E-19 2.233E-19 2.401E-19 2.155E-19 1.634E-19 1.362E-19 1.265E-19 1.380E-19 1.535E-19 1.618E-19
 1.787E-19 1.984E-19 1.951E-19 1.849E-19 1.898E-19 2.003E-19 2.146E-19 2.338E-19 2.304E-19 1.831E-19
 1.469E-19 1.309E-19 1.328E-19 1.481E-19 1.542E-19 1.650E-19 1.852E-19 1.895E-19 1.793E-19 1.857E-19
 2.002E-19 2.098E-19 2.233E-19 2.333E-19 2.023E-19 1.558E-19 1.332E-19 1.280E-19 1.398E-19 1.504E-19
 1.597E-19 1.755E-19 1.838E-19 1.737E-19 1.752E-19 1.925E-19 2.024E-19 2.109E-19 2.287E-19 2.242E-19
 1.807E-19 1.468E-19 1.348E-19 1.383E-19 1.510E-19 1.609E-19 1.753E-19 1.817E-19 1.718E-19 1.671E-19
 1.869E-19 2.019E-19 2.014E-19 2.135E-19 2.264E-19 2.001E-19 1.569E-19 1.388E-19 1.313E-19 1.409E-19
 1.551E-19 1.601E-19 1.654E-19 1.629E-19 1.569E-19 1.737E-19 1.994E-19 1.996E-19 2.052E-19 2.270E-19
 2.217E-19 1.752E-19 1.432E-19 1.367E-19 1.397E-19 1.569E-19 1.628E-19 1.635E-19 1.619E-19 1.550E-19
 1.567E-19 1.794E-19 1.942E-19 1.991E-19 2.152E-19 2.236E-19 1.919E-19 1.494E-19 1.353E-19 1.324E-19
 1.404E-19 1.536E-19 1.569E-19 1.581E-19 1.540E-19 1.521E-19 1.680E-19 1.915E-19 1.971E-19 2.033E-19
 2.182E-19 2.126E-19 1.727E-19 1.435E-19 1.374E-19 1.376E-19 1.511E-19 1.539E-19 1.490E-19 1.480E-19
 1.468E-19 1.518E-19 1.707E-19 1.863E-19 1.931E-19 2.054E-19 2.094E-19 1.867E-19 1.519E-19 1.385E-19
 1.356E-19 1.426E-19 1.525E-19 1.486E-19 1.443E-19 1.447E-19 1.489E-19 1.601E-19 1.767E-19 1.889E-19
 2.015E-19 2.089E-19 1.984E-19 1.656E-19 1.366E-19 1.301E-19 1.352E-19 1.467E-19 1.490E-19 1.404E-19
 1.370E-19 1.411E-19 1.482E-19 1.602E-19 1.755E-19 1.899E-19 2.024E-19 2.027E-19 1.864E-19 1.543E-19
 1.372E-19 1.393E-19 1.427E-19 1.447E-19 1.359E-19 1.304E-19 1.361E-19 1.447E-19 1.509E-19 1.613E-19
 1.763E-19 1.896E-19 1.959E-19 1.864E-19 1.656E-19 1.394E-19 1.290E-19 1.294E-19 1.360E-19 1.338E-19
 1.215E-19 1.215E-19 1.331E-19 1.410E-19 1.479E-19 1.625E-19 1.806E-19 1.938E-19 1.932E-19 1.822E-19
 1.571E-19 1.355E-19 1.310E-19 1.331E-19 1.381E-19 1.283E-19 1.174E-19 1.248E-19 1.353E-19 1.376E-19
 1.461E-19 1.620E-19 1.753E-19 1.814E-19 1.804E-19 1.696E-19 1.427E-19 1.270E-19 1.261E-19 1.296E-19
 1.261E-19 1.132E-19 1.132E-19 1.250E-19 1.326E-19 1.388E-19 1.526E-19 1.660E-19 1.751E-19 1.766E-19
 1.737E-19 1.581E-19 1.338E-19 1.231E-19 1.227E-19 1.270E-19 1.179E-19 1.087E-19 1.171E-19 1.281E-19
 1.295E-19 1.352E-19 1.497E-19 1.628E-19 1.689E-19 1.680E-19 1.690E-19 1.517E-19 1.265E-19 1.172E-19
 1.176E-19 1.193E-19 1.127E-19 1.110E-19 1.183E-19 1.238E-19 1.231E-19 1.307E-19 1.489E-19 1.629E-19
 1.638E-19 1.637E-19 1.614E-19 1.434E-19 1.254E-19 1.165E-19 1.140E-19 1.110E-19 1.049E-19 1.074E-19
 1.169E-19 1.210E-19 1.214E-19 1.310E-19 1.474E-19 1.528E-19 1.487E-19 1.503E-19 1.472E-19 1.313E-19
 1.174E-19 1.078E-19 1.038E-19 1.047E-19 1.069E-19 1.138E-19 1.175E-19 1.169E-19 1.212E-19 1.341E-19
 1.479E-19 1.513E-19 1.490E-19 1.476E-19 1.382E-19 1.189E-19 1.049E-19 9.731E-20 9.943E-20 1.061E-19
 1.060E-19 1.074E-19 1.072E-19 1.066E-19 1.185E-19 1.351E-19 1.407E-19 1.417E-19 1.390E-19 1.371E-19
 1.310E-19 1.142E-19 9.806E-20 9.246E-20 9.790E-20 1.026E-19 1.053E-19 1.063E-19 1.070E-19 1.105E-19
 1.207E-19 1.308E-19 1.324E-19 1.320E-19 1.322E-19 1.323E-19 1.240E-19 1.081E-19 9.096E-20 8.745E-20
 9.781E-20 1.002E-19 9.714E-20 9.634E-20 9.915E-20 1.054E-19 1.185E-19 1.284E-19 1.293E-19 1.289E-19
 1.301E-19 1.298E-19 1.207E-19 1.036E-19 8.726E-20 8.998E-20 9.718E-20 9.811E-20 9.949E-20 1.010E-19
 1.009E-19 1.067E-19 1.173E-19 1.202E-19 1.229E-19 1.243E-19 1.244E-19 1.185E-19 1.058E-19 9.016E-20
 8.129E-20 8.711E-20 9.142E-20 8.881E-20 8.967E-20 9.406E-20 9.949E-20 1.073E-19 1.115E-19 1.125E-19
 1.155E-19 1.178E-19 1.163E-19 1.094E-19 9.823E-20 8.459E-20 7.829E-20 8.297E-20 8.222E-20 7.962E-20
 8.835E-20 9.838E-20 1.032E-19 1.083E-19 1.113E-19 1.085E-19 1.078E-19 1.094E-19 1.083E-19 1.002E-19
 1.002E-19 8.075E-20 7.770E-20 8.065E-20 7.745E-20 7.540E-20 8.277E-20 8.927E-20 9.058E-20 9.299E-20
 9.457E-20 9.694E-20 1.028E-19 1.057E-19 1.048E-19 9.637E-20 8.507E-20 7.782E-20 7.836E-20 7.889E-20
 7.785E-20 7.889E-20 8.214E-20 8.580E-20 8.691E-20 8.941E-20 9.329E-20 9.438E-20 9.653E-20 1.006E-19
 9.968E-20 9.228E-20 8.291E-20 7.911E-20 8.114E-20 7.874E-20 7.403E-20 7.601E-20 8.314E-20 8.801E-20
 8.503E-20 8.331E-20 8.626E-20 8.856E-20 9.280E-20 9.639E-20 9.276E-20 8.460E-20 7.490E-20 6.952E-20
 7.098E-20 6.936E-20 6.763E-20 6.998E-20 7.524E-20 7.985E-20 7.917E-20 8.358E-20 8.990E-20 9.139E-20
 8.997E-20 8.896E-20 8.580E-20 7.819E-20 6.735E-20 6.105E-20 6.510E-20 6.681E-20 6.409E-20 6.632E-20
 7.130E-20 7.381E-20 7.464E-20 7.742E-20 8.133E-20 8.782E-20 8.883E-20 8.177E-20 7.609E-20 7.484E-20
 7.083E-20 6.356E-20 6.266E-20 6.343E-20 6.288E-20 6.755E-20 7.170E-20 7.019E-20 7.236E-20 8.019E-20
 8.236E-20 8.043E-20 7.920E-20 7.692E-20 7.315E-20 6.875E-20 6.114E-20 5.539E-20 5.935E-20 5.877E-20
 5.852E-20 6.390E-20 6.591E-20 6.648E-20 6.850E-20 7.281E-20 7.281E-20 7.197E-20 7.193E-20 7.062E-20
 6.801E-20 6.734E-20 6.176E-20 5.601E-20 5.805E-20 5.762E-20 5.683E-20 5.976E-20 6.097E-20 5.916E-20
 6.132E-20 6.879E-20 6.807E-20 6.579E-20 6.579E-20 6.507E-20 6.204E-20 6.047E-20 5.633E-20 5.143E-20
 5.212E-20 5.396E-20 5.451E-20 5.404E-20 5.534E-20 5.475E-20 5.868E-20 6.441E-20 6.474E-20 6.392E-20
 6.595E-20 6.452E-20 5.830E-20 5.549E-20 5.172E-20 4.550E-20 4.805E-20 5.106E-20 5.127E-20 5.109E-20
 5.173E-20 5.182E-20 5.396E-20 5.968E-20 6.238E-20 6.063E-20 6.033E-20 5.749E-20 5.336E-20 5.259E-20
 4.971E-20 4.764E-20 5.031E-20 5.132E-20 5.336E-20 5.490E-20 5.389E-20 5.316E-20 5.333E-20 5.586E-20
 5.725E-20 5.774E-20 5.896E-20 5.624E-20 5.301E-20 5.047E-20 4.646E-20 4.344E-20 4.678E-20 4.868E-20
 4.654E-20 4.440E-20 4.480E-20 4.507E-20 4.660E-20 4.953E-20 5.273E-20 5.458E-20 5.264E-20 4.771E-20
 4.547E-20 4.601E-20 4.332E-20 4.222E-20 4.474E-20 4.355E-20 4.270E-20 4.380E-20 4.439E-20 4.342E-20
 4.772E-20 5.136E-20 4.794E-20 4.680E-20 4.658E-20 4.440E-20 4.074E-20 4.355E-20 4.498E-20 4.167E-20
 4.447E-20 4.452E-20 3.894E-20 3.943E-20 4.297E-20 4.338E-20 4.459E-20 4.733E-20 4.800E-20 4.581E-20
 4.364E-20 4.368E-20 4.326E-20 4.451E-20 4.362E-20 3.824E-20 3.465E-20 3.572E-20 3.815E-20 3.967E-20
 3.860E-20 3.658E-20 3.771E-20 4.251E-20 4.334E-20 4.076E-20 3.895E-20 3.691E-20 3.485E-20 3.610E-20
 3.897E-20 3.899E-20 3.632E-20 3.286E-20 3.231E-20 3.674E-20 0.000E+00 0.000E+00 0.000E+00 0.000E+00
