     CClF3 1170.0060 1234.9960      4382  213.0000    0.0000 1.214E-17  NCAR    CFC-13
 7.807E-21 5.075E-21 5.311E-21 8.174E-21 9.212E-21 8.450E-21 9.056E-21 9.348E-21 1.077E-20 1.158E-20
 1.365E-20 1.680E-20 1.803E-20 1.408E-20 1.042E-20 9.271E-21 9.909E-21 1.266E-20 1.599E-20 1.689E-20
 1.306E-20 9.706E-21 9.002E-21 8.724E-21 1.037E-20 1.460E-20 1.787E-20 1.714E-20 1.440E-20 1.228E-20
 1.078E-20 1.132E-20 1.058E-20 1.237E-20 1.230E-20 9.633E-21 8.820E-21 8.786E-21 9.287E-21 1.047E-20
 1.305E-20 1.200E-20 9.074E-21 8.443E-21 1.091E-20 1.419E-20 1.358E-20 1.435E-20 1.572E-20 1.283E-20
 9.576E-21 8.680E-21 9.113E-21 9.928E-21 1.287E-20 1.522E-20 1.353E-20 1.102E-20 1.050E-20 9.574E-21
 9.387E-21 1.169E-20 1.391E-20 1.387E-20 1.284E-20 1.172E-20 1.133E-20 1.254E-20 1.719E-20 2.119E-20
 2.064E-20 1.631E-20 1.264E-20 1.039E-20 1.172E-20 1.373E-20 1.306E-20 1.493E-20 1.673E-20 1.486E-20
 1.183E-20 1.219E-20 1.414E-20 1.782E-20 2.087E-20 1.774E-20 1.242E-20 7.759E-21 6.764E-21 9.384E-21
 1.220E-20 1.202E-20 1.086E-20 1.454E-20 1.687E-20 1.478E-20 1.399E-20 1.592E-20 1.911E-20 2.254E-20
 2.004E-20 1.549E-20 1.433E-20 1.555E-20 1.677E-20 1.535E-20 1.245E-20 1.153E-20 1.216E-20 1.175E-20
 1.010E-20 1.042E-20 1.219E-20 1.428E-20 1.619E-20 1.351E-20 9.042E-21 7.360E-21 9.500E-21 1.274E-20
 1.543E-20 1.813E-20 1.813E-20 1.854E-20 1.745E-20 1.786E-20 1.985E-20 2.062E-20 2.069E-20 2.123E-20
 1.849E-20 1.489E-20 1.520E-20 1.454E-20 1.431E-20 1.532E-20 1.541E-20 1.614E-20 1.880E-20 1.880E-20
 1.760E-20 1.655E-20 1.588E-20 1.578E-20 1.553E-20 1.444E-20 1.386E-20 1.367E-20 1.293E-20 1.350E-20
 1.403E-20 1.612E-20 1.833E-20 2.031E-20 1.893E-20 1.786E-20 1.906E-20 2.105E-20 2.236E-20 2.004E-20
 1.723E-20 1.423E-20 1.322E-20 1.391E-20 1.578E-20 1.688E-20 1.840E-20 1.998E-20 2.117E-20 1.952E-20
 1.675E-20 1.632E-20 1.768E-20 1.836E-20 1.953E-20 1.985E-20 1.713E-20 1.651E-20 1.788E-20 1.925E-20
 1.838E-20 2.025E-20 2.433E-20 2.363E-20 2.002E-20 1.882E-20 1.842E-20 1.939E-20 2.187E-20 2.413E-20
 2.258E-20 1.817E-20 1.468E-20 1.578E-20 1.847E-20 1.951E-20 2.124E-20 2.403E-20 2.418E-20 1.973E-20
 1.884E-20 2.177E-20 2.469E-20 2.624E-20 2.800E-20 2.519E-20 2.078E-20 1.748E-20 1.767E-20 2.085E-20
 2.374E-20 2.585E-20 2.694E-20 2.694E-20 2.237E-20 1.869E-20 2.046E-20 2.025E-20 1.729E-20 1.878E-20
 1.944E-20 1.676E-20 1.543E-20 1.849E-20 2.212E-20 2.366E-20 2.627E-20 2.822E-20 2.464E-20 2.076E-20
 2.308E-20 2.625E-20 2.736E-20 2.640E-20 2.704E-20 2.257E-20 1.854E-20 1.844E-20 1.943E-20 1.855E-20
 2.277E-20 3.047E-20 3.075E-20 2.626E-20 2.372E-20 2.400E-20 2.436E-20 2.298E-20 2.479E-20 3.026E-20
 2.784E-20 2.219E-20 2.015E-20 2.134E-20 2.193E-20 2.720E-20 3.216E-20 3.327E-20 2.927E-20 2.386E-20
 2.464E-20 2.768E-20 2.794E-20 2.999E-20 3.075E-20 2.781E-20 2.343E-20 2.257E-20 2.481E-20 2.752E-20
 3.249E-20 3.723E-20 3.587E-20 2.482E-20 1.855E-20 2.007E-20 2.151E-20 2.422E-20 3.005E-20 3.272E-20
 2.736E-20 2.175E-20 2.087E-20 2.396E-20 2.916E-20 3.408E-20 3.540E-20 3.489E-20 2.976E-20 2.355E-20
 2.367E-20 2.440E-20 2.541E-20 3.025E-20 3.378E-20 3.034E-20 2.608E-20 2.647E-20 2.931E-20 3.122E-20
 3.147E-20 3.183E-20 2.988E-20 2.365E-20 2.201E-20 2.669E-20 2.717E-20 2.719E-20 3.241E-20 3.459E-20
 3.343E-20 3.258E-20 3.019E-20 2.752E-20 3.180E-20 3.554E-20 3.456E-20 3.333E-20 2.829E-20 2.431E-20
 2.286E-20 2.277E-20 2.611E-20 3.292E-20 3.711E-20 3.291E-20 2.768E-20 2.787E-20 2.847E-20 2.943E-20
 3.040E-20 3.058E-20 2.978E-20 2.434E-20 2.202E-20 2.341E-20 2.587E-20 3.096E-20 3.517E-20 3.310E-20
 2.825E-20 2.498E-20 2.572E-20 2.867E-20 3.202E-20 3.371E-20 3.425E-20 3.317E-20 3.021E-20 3.077E-20
 3.461E-20 3.275E-20 3.003E-20 3.063E-20 2.919E-20 2.558E-20 2.277E-20 2.243E-20 2.442E-20 2.962E-20
 3.612E-20 3.966E-20 4.049E-20 3.567E-20 3.037E-20 3.000E-20 3.029E-20 3.232E-20 3.281E-20 3.092E-20
 3.097E-20 3.224E-20 3.267E-20 3.385E-20 3.739E-20 4.101E-20 4.151E-20 3.691E-20 2.808E-20 2.764E-20
 3.180E-20 3.371E-20 3.897E-20 4.243E-20 3.855E-20 3.270E-20 3.020E-20 3.292E-20 3.617E-20 3.745E-20
 3.715E-20 3.847E-20 3.889E-20 3.287E-20 2.799E-20 2.832E-20 2.789E-20 2.953E-20 3.441E-20 3.904E-20
 4.055E-20 3.887E-20 3.437E-20 3.063E-20 3.369E-20 3.860E-20 4.034E-20 3.726E-20 3.125E-20 3.143E-20
 3.386E-20 3.380E-20 3.774E-20 4.235E-20 4.139E-20 3.742E-20 3.469E-20 3.140E-20 2.910E-20 2.874E-20
 3.215E-20 3.745E-20 3.673E-20 3.131E-20 3.124E-20 3.554E-20 3.572E-20 3.919E-20 4.811E-20 4.690E-20
 3.849E-20 3.363E-20 3.161E-20 3.059E-20 3.434E-20 4.145E-20 4.762E-20 4.848E-20 4.096E-20 4.075E-20
 4.526E-20 3.923E-20 3.504E-20 4.060E-20 4.133E-20 4.133E-20 3.180E-20 3.223E-20 3.079E-20 3.591E-20
 4.547E-20 5.259E-20 4.564E-20 3.055E-20 2.629E-20 2.540E-20 2.356E-20 2.761E-20 3.444E-20 3.781E-20
 3.804E-20 3.873E-20 4.796E-20 5.580E-20 4.761E-20 3.750E-20 3.715E-20 3.238E-20 2.442E-20 2.630E-20
 2.643E-20 2.588E-20 3.777E-20 5.206E-20 5.632E-20 4.851E-20 3.212E-20 2.356E-20 2.634E-20 3.189E-20
 3.649E-20 4.042E-20 3.836E-20 3.235E-20 3.644E-20 4.074E-20 4.218E-20 4.161E-20 3.769E-20 3.471E-20
 2.898E-20 2.266E-20 2.045E-20 2.338E-20 3.141E-20 4.225E-20 5.835E-20 6.848E-20 5.795E-20 3.630E-20
 2.597E-20 2.721E-20 3.376E-20 4.044E-20 4.275E-20 3.983E-20 3.871E-20 4.712E-20 5.182E-20 5.182E-20
 3.944E-20 3.874E-20 3.721E-20 2.864E-20 2.405E-20 2.537E-20 2.953E-20 4.057E-20 5.494E-20 5.987E-20
 4.688E-20 2.936E-20 2.279E-20 2.341E-20 3.102E-20 4.034E-20 4.905E-20 5.111E-20 4.728E-20 4.895E-20
 4.592E-20 3.480E-20 3.454E-20 4.361E-20 4.579E-20 3.880E-20 3.269E-20 3.176E-20 3.052E-20 3.484E-20
 4.586E-20 5.679E-20 4.853E-20 2.939E-20 2.644E-20 2.715E-20 2.605E-20 3.224E-20 3.931E-20 3.959E-20
 3.054E-20 2.579E-20 3.117E-20 3.117E-20 3.229E-20 3.627E-20 4.366E-20 4.069E-20 2.886E-20 2.438E-20
 2.450E-20 3.327E-20 4.820E-20 5.365E-20 4.634E-20 3.339E-20 2.993E-20 3.633E-20 3.887E-20 3.993E-20
 4.891E-20 6.595E-20 7.150E-20 6.883E-20 7.198E-20 6.046E-20 4.004E-20 3.428E-20 3.556E-20 3.160E-20
 2.388E-20 2.287E-20 3.575E-20 3.575E-20 5.761E-20 5.241E-20 4.357E-20 2.809E-20 1.973E-20 2.003E-20
 1.836E-20 2.280E-20 4.252E-20 6.677E-20 6.950E-20 4.485E-20 3.447E-20 4.213E-20 4.163E-20 3.801E-20
 3.730E-20 3.789E-20 3.660E-20 5.271E-20 8.522E-20 8.969E-20 6.491E-20 5.592E-20 4.568E-20 2.858E-20
 1.511E-20 1.138E-20 1.783E-20 3.486E-20 5.741E-20 7.464E-20 6.480E-20 3.985E-20 2.676E-20 2.160E-20
 2.378E-20 2.603E-20 3.117E-20 3.731E-20 4.690E-20 6.120E-20 6.918E-20 5.655E-20 4.361E-20 3.168E-20
 2.764E-20 2.815E-20 2.024E-20 1.765E-20 3.574E-20 7.264E-20 1.131E-19 1.095E-19 6.944E-20 4.043E-20
 1.591E-20 5.286E-21 4.270E-21 8.962E-21 1.866E-20 3.851E-20 6.879E-20 7.915E-20 4.885E-20 2.179E-20
 1.222E-20 1.150E-20 1.290E-20 1.493E-20 2.256E-20 3.230E-20 5.304E-20 7.723E-20 6.909E-20 3.884E-20
 2.275E-20 1.526E-20 1.526E-20 4.735E-21 1.317E-20 3.230E-20 6.922E-20 1.182E-19 1.351E-19 8.586E-20
 3.070E-20 7.898E-21 6.114E-21 1.057E-20 1.803E-20 2.659E-20 4.111E-20 6.059E-20 7.734E-20 6.211E-20
 2.984E-20 1.727E-20 1.421E-20 1.217E-20 1.644E-20 2.239E-20 3.517E-20 5.730E-20 8.133E-20 6.973E-20
 2.916E-20 1.195E-20 1.069E-20 1.511E-20 2.220E-20 3.282E-20 5.755E-20 1.028E-19 1.544E-19 1.397E-19
 5.545E-20 1.416E-20 1.378E-20 1.649E-20 1.871E-20 1.914E-20 3.014E-20 5.678E-20 8.666E-20 7.917E-20
 3.442E-20 1.454E-20 1.821E-20 1.957E-20 2.511E-20 3.254E-20 4.897E-20 7.598E-20 9.753E-20 7.878E-20
 3.139E-20 1.242E-20 1.631E-20 2.599E-20 3.381E-20 4.387E-20 7.467E-20 1.293E-19 1.675E-19 1.248E-19
 4.801E-20 2.252E-20 2.309E-20 2.425E-20 2.733E-20 3.648E-20 5.745E-20 8.423E-20 9.444E-20 6.876E-20
 3.800E-20 2.988E-20 2.681E-20 2.759E-20 3.537E-20 5.001E-20 6.970E-20 9.052E-20 9.624E-20 6.932E-20
 4.001E-20 3.471E-20 4.232E-20 5.633E-20 7.599E-20 1.095E-19 1.499E-19 1.653E-19 1.330E-19 6.684E-20
 3.748E-20 4.072E-20 4.629E-20 5.554E-20 7.336E-20 9.769E-20 1.179E-19 1.167E-19 8.658E-20 6.114E-20
 5.805E-20 6.360E-20 7.340E-20 8.465E-20 9.530E-20 1.011E-19 1.034E-19 9.689E-20 7.748E-20 6.611E-20
 6.564E-20 7.066E-20 7.620E-20 8.110E-20 7.941E-20 6.931E-20 5.412E-20 3.974E-20 3.504E-20 3.651E-20
 4.273E-20 4.948E-20 5.285E-20 4.990E-20 5.216E-20 6.528E-20 7.502E-20 6.656E-20 5.412E-20 5.224E-20
 5.634E-20 5.887E-20 5.870E-20 6.100E-20 7.241E-20 8.409E-20 8.060E-20 7.120E-20 6.988E-20 7.427E-20
 8.064E-20 7.541E-20 7.445E-20 1.054E-19 1.422E-19 1.322E-19 1.010E-19 8.210E-20 7.184E-20 6.591E-20
 5.930E-20 6.283E-20 8.292E-20 1.065E-19 9.804E-20 7.253E-20 6.359E-20 6.761E-20 6.659E-20 5.921E-20
 6.739E-20 9.191E-20 1.075E-19 9.176E-20 7.268E-20 7.741E-20 8.589E-20 7.633E-20 7.068E-20 8.867E-20
 1.267E-19 1.455E-19 1.123E-19 8.393E-20 8.029E-20 7.298E-20 5.970E-20 5.613E-20 7.119E-20 9.504E-20
 9.424E-20 7.519E-20 7.234E-20 6.874E-20 5.641E-20 4.437E-20 4.690E-20 7.289E-20 1.039E-19 1.044E-19
 8.926E-20 8.156E-20 6.848E-20 6.003E-20 6.055E-20 7.983E-20 1.222E-19 1.425E-19 1.095E-19 7.512E-20
 5.235E-20 4.489E-20 4.900E-20 5.720E-20 7.430E-20 9.332E-20 9.040E-20 7.250E-20 5.758E-20 4.751E-20
 4.156E-20 4.444E-20 6.250E-20 9.512E-20 1.067E-19 8.173E-20 5.197E-20 4.069E-20 4.163E-20 5.038E-20
 5.038E-20 1.196E-19 1.391E-19 9.737E-20 5.419E-20 3.910E-20 4.008E-20 4.685E-20 6.396E-20 8.740E-20
 8.943E-20 6.055E-20 4.250E-20 4.333E-20 4.910E-20 5.452E-20 6.846E-20 9.769E-20 1.064E-19 7.403E-20
 4.670E-20 3.891E-20 3.969E-20 4.885E-20 6.808E-20 1.021E-19 1.180E-19 8.922E-20 6.262E-20 5.491E-20
 5.081E-20 5.361E-20 6.887E-20 8.740E-20 8.407E-20 5.757E-20 4.188E-20 4.441E-20 5.249E-20 6.154E-20
 7.343E-20 8.099E-20 8.099E-20 5.456E-20 4.862E-20 5.265E-20 5.642E-20 6.817E-20 9.131E-20 1.069E-19
 8.187E-20 5.178E-20 5.020E-20 5.266E-20 5.075E-20 5.354E-20 6.640E-20 7.249E-20 5.989E-20 5.586E-20
 6.053E-20 6.157E-20 5.924E-20 6.886E-20 7.814E-20 6.153E-20 4.680E-20 5.049E-20 4.786E-20 4.608E-20
 6.352E-20 8.865E-20 8.762E-20 6.296E-20 5.695E-20 5.537E-20 4.619E-20 4.912E-20 6.453E-20 6.938E-20
 5.574E-20 5.169E-20 5.168E-20 4.442E-20 4.256E-20 5.105E-20 5.792E-20 5.395E-20 4.983E-20 4.884E-20
 4.494E-20 4.787E-20 6.868E-20 8.685E-20 6.910E-20 4.357E-20 3.521E-20 3.650E-20 4.169E-20 5.396E-20
 6.209E-20 5.547E-20 4.573E-20 4.429E-20 4.867E-20 4.949E-20 5.324E-20 6.184E-20 6.011E-20 4.969E-20
 4.016E-20 3.985E-20 5.363E-20 7.243E-20 6.821E-20 4.429E-20 3.322E-20 3.576E-20 4.798E-20 6.129E-20
 5.909E-20 4.374E-20 3.794E-20 4.262E-20 4.199E-20 4.128E-20 4.543E-20 4.750E-20 4.392E-20 3.917E-20
 3.630E-20 3.682E-20 4.770E-20 6.151E-20 5.719E-20 3.705E-20 3.151E-20 3.978E-20 4.763E-20 4.900E-20
 4.315E-20 3.377E-20 3.303E-20 3.943E-20 4.023E-20 4.016E-20 4.214E-20 4.374E-20 4.569E-20 4.270E-20
 3.642E-20 4.135E-20 5.219E-20 5.334E-20 4.482E-20 3.402E-20 2.918E-20 3.678E-20 4.501E-20 4.188E-20
 3.356E-20 3.082E-20 3.419E-20 4.058E-20 4.269E-20 3.524E-20 3.000E-20 3.172E-20 3.860E-20 4.555E-20
 4.286E-20 3.505E-20 3.304E-20 3.533E-20 3.321E-20 3.192E-20 3.486E-20 3.492E-20 3.490E-20 3.385E-20
 3.082E-20 3.379E-20 3.880E-20 4.292E-20 3.968E-20 3.268E-20 3.517E-20 4.265E-20 4.120E-20 3.221E-20
 2.645E-20 2.772E-20 3.584E-20 4.031E-20 3.542E-20 2.974E-20 2.984E-20 3.283E-20 3.805E-20 3.483E-20
 2.680E-20 2.840E-20 3.581E-20 3.704E-20 2.990E-20 2.533E-20 2.687E-20 2.997E-20 3.554E-20 3.588E-20
 3.066E-20 3.080E-20 3.540E-20 4.130E-20 3.795E-20 2.974E-20 3.292E-20 3.824E-20 3.658E-20 3.144E-20
 2.878E-20 3.164E-20 3.651E-20 3.881E-20 3.625E-20 3.068E-20 2.879E-20 3.232E-20 3.638E-20 3.413E-20
 3.043E-20 3.254E-20 3.492E-20 3.274E-20 2.709E-20 2.431E-20 2.600E-20 3.089E-20 3.478E-20 3.107E-20
 2.349E-20 2.321E-20 2.775E-20 3.191E-20 2.887E-20 2.640E-20 2.913E-20 3.029E-20 2.923E-20 2.679E-20
 2.744E-20 2.881E-20 2.957E-20 3.010E-20 2.643E-20 2.079E-20 2.379E-20 2.961E-20 3.302E-20 3.159E-20
 2.783E-20 2.673E-20 2.562E-20 2.341E-20 2.189E-20 2.251E-20 2.555E-20 2.991E-20 3.354E-20 2.933E-20
 2.264E-20 2.627E-20 3.069E-20 3.125E-20 2.940E-20 3.001E-20 3.255E-20 3.199E-20 2.672E-20 2.292E-20
 2.447E-20 2.760E-20 2.891E-20 2.930E-20 2.708E-20 2.394E-20 2.721E-20 3.088E-20 3.304E-20 2.751E-20
 2.322E-20 2.647E-20 2.753E-20 2.627E-20 2.506E-20 2.685E-20 2.962E-20 3.080E-20 2.981E-20 2.566E-20
 2.375E-20 2.797E-20 3.183E-20 3.316E-20 2.975E-20 2.794E-20 2.710E-20 2.544E-20 2.488E-20 2.380E-20
 2.212E-20 2.316E-20 2.755E-20 2.813E-20 2.563E-20 2.432E-20 2.541E-20 2.689E-20 2.571E-20 2.148E-20
 2.116E-20 2.425E-20 2.767E-20 2.944E-20 2.577E-20 2.474E-20 2.673E-20 2.765E-20 2.702E-20 2.403E-20
 2.308E-20 2.616E-20 2.970E-20 2.934E-20 2.429E-20 2.248E-20 2.313E-20 2.508E-20 2.514E-20 2.055E-20
 1.908E-20 2.348E-20 2.757E-20 2.785E-20 2.610E-20 2.386E-20 2.430E-20 2.703E-20 2.830E-20 2.545E-20
 2.252E-20 2.409E-20 2.832E-20 2.740E-20 2.311E-20 2.408E-20 2.408E-20 2.850E-20 2.739E-20 2.586E-20
 2.421E-20 2.490E-20 2.809E-20 2.621E-20 2.094E-20 1.758E-20 1.824E-20 2.121E-20 2.246E-20 2.125E-20
 2.243E-20 2.470E-20 2.573E-20 2.370E-20 2.062E-20 2.047E-20 2.418E-20 2.771E-20 2.862E-20 2.590E-20
 2.488E-20 2.623E-20 2.724E-20 2.509E-20 2.223E-20 2.338E-20 2.375E-20 2.404E-20 2.455E-20 2.201E-20
 2.234E-20 2.349E-20 2.384E-20 2.340E-20 1.974E-20 1.960E-20 2.288E-20 2.343E-20 2.174E-20 2.114E-20
 2.286E-20 2.427E-20 2.525E-20 2.496E-20 2.203E-20 2.342E-20 2.715E-20 2.705E-20 2.420E-20 1.978E-20
 2.212E-20 2.603E-20 2.460E-20 2.350E-20 2.454E-20 2.760E-20 2.812E-20 2.545E-20 2.245E-20 2.081E-20
 2.270E-20 2.411E-20 2.549E-20 2.250E-20 1.953E-20 2.165E-20 2.596E-20 2.771E-20 2.597E-20 2.542E-20
 2.425E-20 2.347E-20 2.333E-20 2.311E-20 2.422E-20 2.594E-20 2.567E-20 2.271E-20 1.947E-20 1.996E-20
 2.258E-20 2.635E-20 2.714E-20 2.590E-20 2.548E-20 2.539E-20 2.459E-20 2.271E-20 2.004E-20 2.063E-20
 2.302E-20 2.617E-20 2.679E-20 2.374E-20 2.171E-20 2.400E-20 2.628E-20 2.511E-20 2.316E-20 2.444E-20
 2.737E-20 2.845E-20 2.810E-20 2.795E-20 2.877E-20 2.962E-20 2.716E-20 2.466E-20 2.338E-20 2.471E-20
 2.628E-20 2.739E-20 2.771E-20 2.557E-20 2.472E-20 2.663E-20 2.850E-20 2.649E-20 2.364E-20 2.417E-20
 2.774E-20 2.762E-20 2.586E-20 2.182E-20 2.000E-20 2.335E-20 2.566E-20 2.634E-20 2.661E-20 2.908E-20
 3.058E-20 2.982E-20 2.590E-20 2.270E-20 2.284E-20 2.394E-20 2.594E-20 2.740E-20 2.520E-20 2.378E-20
 2.396E-20 2.842E-20 2.897E-20 2.458E-20 2.359E-20 2.392E-20 2.440E-20 2.511E-20 2.649E-20 2.829E-20
 3.117E-20 3.062E-20 2.734E-20 2.314E-20 2.153E-20 2.258E-20 2.623E-20 2.795E-20 2.776E-20 2.679E-20
 2.564E-20 2.655E-20 2.630E-20 2.562E-20 2.663E-20 2.964E-20 3.191E-20 2.902E-20 2.507E-20 2.487E-20
 2.552E-20 2.578E-20 2.641E-20 2.736E-20 2.808E-20 2.717E-20 2.572E-20 2.389E-20 2.250E-20 2.244E-20
 2.518E-20 2.659E-20 2.648E-20 2.555E-20 2.505E-20 2.646E-20 2.896E-20 2.986E-20 2.856E-20 2.611E-20
 2.564E-20 2.661E-20 2.625E-20 2.472E-20 2.635E-20 3.099E-20 3.344E-20 3.180E-20 2.754E-20 2.390E-20
 2.376E-20 2.473E-20 2.530E-20 2.666E-20 2.664E-20 2.713E-20 2.859E-20 2.802E-20 2.653E-20 2.912E-20
 3.285E-20 3.125E-20 2.942E-20 2.947E-20 2.930E-20 2.922E-20 2.909E-20 2.887E-20 2.968E-20 3.116E-20
 3.155E-20 3.021E-20 2.889E-20 2.770E-20 2.647E-20 2.906E-20 2.945E-20 2.708E-20 2.455E-20 2.438E-20
 2.845E-20 3.211E-20 3.379E-20 3.383E-20 3.423E-20 3.329E-20 2.900E-20 2.592E-20 2.689E-20 3.127E-20
 3.391E-20 3.359E-20 3.307E-20 3.467E-20 3.476E-20 3.476E-20 3.108E-20 3.082E-20 2.991E-20 3.074E-20
 3.044E-20 2.898E-20 2.865E-20 2.767E-20 2.860E-20 2.961E-20 2.946E-20 3.105E-20 3.257E-20 3.207E-20
 3.240E-20 3.358E-20 3.473E-20 3.199E-20 3.007E-20 3.150E-20 3.298E-20 3.353E-20 3.280E-20 3.422E-20
 3.583E-20 3.527E-20 3.415E-20 3.459E-20 3.507E-20 3.470E-20 3.494E-20 3.803E-20 3.817E-20 3.491E-20
 3.351E-20 3.396E-20 3.484E-20 3.582E-20 3.662E-20 3.560E-20 3.479E-20 3.696E-20 3.794E-20 3.599E-20
 3.412E-20 3.522E-20 3.745E-20 3.629E-20 3.427E-20 3.547E-20 3.708E-20 3.581E-20 3.391E-20 3.422E-20
 3.582E-20 3.749E-20 3.905E-20 4.049E-20 4.165E-20 4.153E-20 4.071E-20 4.058E-20 3.842E-20 3.406E-20
 3.261E-20 3.261E-20 3.723E-20 3.882E-20 4.055E-20 4.167E-20 4.119E-20 4.079E-20 3.864E-20 3.657E-20
 3.724E-20 3.792E-20 4.104E-20 4.145E-20 3.812E-20 3.759E-20 3.784E-20 3.712E-20 3.700E-20 3.821E-20
 3.912E-20 4.033E-20 4.309E-20 4.323E-20 4.304E-20 4.314E-20 4.197E-20 4.130E-20 3.816E-20 3.475E-20
 3.490E-20 3.649E-20 3.997E-20 4.206E-20 4.009E-20 4.040E-20 4.160E-20 4.160E-20 4.308E-20 4.509E-20
 4.566E-20 4.572E-20 4.727E-20 4.684E-20 4.414E-20 4.423E-20 4.490E-20 4.271E-20 4.194E-20 4.160E-20
 4.161E-20 4.364E-20 4.364E-20 4.576E-20 4.624E-20 4.750E-20 4.832E-20 4.880E-20 4.899E-20 4.763E-20
 4.739E-20 4.838E-20 4.944E-20 4.948E-20 4.581E-20 4.392E-20 4.784E-20 5.015E-20 4.946E-20 5.139E-20
 5.407E-20 5.413E-20 5.357E-20 5.373E-20 5.288E-20 4.922E-20 4.740E-20 4.838E-20 5.116E-20 5.432E-20
 5.432E-20 5.426E-20 5.307E-20 5.325E-20 5.161E-20 5.103E-20 5.249E-20 5.239E-20 5.365E-20 5.481E-20
 5.245E-20 4.902E-20 4.811E-20 5.130E-20 5.649E-20 5.928E-20 5.770E-20 5.685E-20 5.821E-20 5.800E-20
 5.779E-20 5.764E-20 5.552E-20 5.867E-20 5.948E-20 5.525E-20 5.166E-20 5.318E-20 5.903E-20 6.079E-20
 6.208E-20 5.892E-20 5.681E-20 5.708E-20 5.852E-20 5.982E-20 6.033E-20 5.885E-20 5.928E-20 6.086E-20
 5.702E-20 5.247E-20 5.546E-20 6.333E-20 6.852E-20 7.100E-20 6.600E-20 5.938E-20 5.847E-20 5.994E-20
 6.131E-20 6.258E-20 6.366E-20 6.743E-20 6.838E-20 6.599E-20 6.377E-20 6.197E-20 6.564E-20 7.064E-20
 7.211E-20 6.698E-20 6.227E-20 6.510E-20 6.737E-20 6.998E-20 7.141E-20 6.921E-20 6.718E-20 6.868E-20
 6.895E-20 6.791E-20 6.779E-20 7.475E-20 8.068E-20 7.975E-20 7.133E-20 6.574E-20 6.712E-20 6.959E-20
 7.284E-20 7.614E-20 7.484E-20 7.153E-20 7.193E-20 7.506E-20 7.452E-20 7.306E-20 7.803E-20 8.605E-20
 8.782E-20 8.046E-20 7.748E-20 8.015E-20 7.936E-20 8.007E-20 8.233E-20 7.798E-20 7.597E-20 7.908E-20
 8.021E-20 7.932E-20 7.819E-20 8.155E-20 8.706E-20 8.642E-20 8.102E-20 8.030E-20 8.375E-20 8.421E-20
 8.758E-20 9.176E-20 8.632E-20 8.360E-20 8.360E-20 8.718E-20 8.804E-20 8.683E-20 8.765E-20 9.203E-20
 9.252E-20 8.746E-20 8.725E-20 9.188E-20 9.379E-20 9.768E-20 1.011E-19 9.493E-20 8.845E-20 8.933E-20
 9.613E-20 9.664E-20 9.259E-20 9.190E-20 9.505E-20 9.643E-20 9.198E-20 9.327E-20 1.005E-19 1.009E-19
 1.001E-19 1.003E-19 9.561E-20 9.072E-20 9.476E-20 1.049E-19 1.057E-19 1.031E-19 1.045E-19 1.053E-19
 1.058E-19 1.018E-19 1.051E-19 1.135E-19 1.155E-19 1.124E-19 1.064E-19 1.017E-19 1.012E-19 1.047E-19
 1.094E-19 1.112E-19 1.049E-19 1.001E-19 1.016E-19 1.071E-19 1.064E-19 1.164E-19 1.292E-19 1.262E-19
 1.157E-19 1.095E-19 1.085E-19 1.096E-19 1.146E-19 1.196E-19 1.256E-19 1.212E-19 1.131E-19 1.122E-19
 1.151E-19 1.166E-19 1.332E-19 1.500E-19 1.403E-19 1.221E-19 1.205E-19 1.206E-19 1.202E-19 1.239E-19
 1.305E-19 1.351E-19 1.242E-19 1.187E-19 1.281E-19 1.369E-19 1.379E-19 1.472E-19 1.579E-19 1.485E-19
 1.336E-19 1.329E-19 1.350E-19 1.361E-19 1.395E-19 1.435E-19 1.423E-19 1.299E-19 1.293E-19 1.404E-19
 1.517E-19 1.467E-19 1.478E-19 1.600E-19 1.549E-19 1.433E-19 1.413E-19 1.382E-19 1.366E-19 1.455E-19
 1.557E-19 1.520E-19 1.403E-19 1.431E-19 1.583E-19 1.693E-19 1.580E-19 1.556E-19 1.687E-19 1.652E-19
 1.548E-19 1.517E-19 1.483E-19 1.504E-19 1.625E-19 1.666E-19 1.597E-19 1.568E-19 1.616E-19 1.712E-19
 1.783E-19 1.709E-19 1.669E-19 1.789E-19 1.782E-19 1.660E-19 1.568E-19 1.583E-19 1.686E-19 1.797E-19
 1.776E-19 1.733E-19 1.729E-19 1.730E-19 1.746E-19 1.870E-19 1.882E-19 1.811E-19 1.859E-19 1.931E-19
 1.825E-19 1.650E-19 1.695E-19 1.859E-19 1.906E-19 1.892E-19 1.880E-19 1.869E-19 1.824E-19 1.879E-19
 2.086E-19 2.077E-19 1.940E-19 1.986E-19 2.058E-19 1.900E-19 1.724E-19 1.839E-19 2.073E-19 2.126E-19
 2.079E-19 2.023E-19 1.901E-19 1.787E-19 1.966E-19 2.272E-19 2.227E-19 2.040E-19 2.103E-19 2.116E-19
 1.939E-19 1.859E-19 2.057E-19 2.269E-19 2.304E-19 2.269E-19 2.135E-19 1.915E-19 1.843E-19 2.101E-19
 2.370E-19 2.292E-19 2.173E-19 2.196E-19 2.185E-19 2.112E-19 2.154E-19 2.299E-19 2.410E-19 2.394E-19
 2.333E-19 2.186E-19 2.043E-19 2.072E-19 2.344E-19 2.608E-19 2.530E-19 2.273E-19 2.246E-19 2.308E-19
 2.295E-19 2.411E-19 2.505E-19 2.554E-19 2.509E-19 2.381E-19 2.265E-19 2.189E-19 2.217E-19 2.487E-19
 2.793E-19 2.671E-19 2.302E-19 2.299E-19 2.475E-19 2.581E-19 2.774E-19 2.733E-19 2.634E-19 2.542E-19
 2.395E-19 2.405E-19 2.442E-19 2.487E-19 2.707E-19 3.020E-19 2.839E-19 2.378E-19 2.382E-19 2.741E-19
 3.009E-19 3.072E-19 2.890E-19 2.733E-19 2.540E-19 2.375E-19 2.450E-19 2.639E-19 2.773E-19 2.949E-19
 3.153E-19 2.888E-19 2.448E-19 2.545E-19 3.052E-19 3.286E-19 3.242E-19 3.090E-19 2.865E-19 2.566E-19
 2.454E-19 2.678E-19 2.977E-19 3.116E-19 3.159E-19 3.183E-19 2.909E-19 2.558E-19 2.802E-19 3.332E-19
 3.444E-19 3.382E-19 3.319E-19 2.965E-19 2.553E-19 2.551E-19 2.984E-19 3.399E-19 3.482E-19 3.302E-19
 3.266E-19 3.088E-19 2.863E-19 3.112E-19 3.477E-19 3.557E-19 3.650E-19 3.576E-19 3.053E-19 2.680E-19
 2.817E-19 3.294E-19 3.680E-19 3.577E-19 3.380E-19 3.467E-19 3.410E-19 3.298E-19 3.427E-19 3.595E-19
 3.715E-19 3.842E-19 3.606E-19 3.133E-19 2.946E-19 3.255E-19 3.798E-19 3.966E-19 3.638E-19 3.477E-19
 3.647E-19 3.628E-19 3.511E-19 3.564E-19 3.660E-19 3.952E-19 4.022E-19 3.763E-19 3.456E-19 3.369E-19
 3.647E-19 3.940E-19 3.966E-19 3.759E-19 3.658E-19 3.957E-19 4.012E-19 3.881E-19 3.744E-19 3.791E-19
 4.107E-19 4.155E-19 4.034E-19 3.904E-19 3.906E-19 4.058E-19 4.100E-19 4.169E-19 4.066E-19 3.975E-19
 4.287E-19 4.470E-19 4.285E-19 3.950E-19 3.902E-19 4.126E-19 4.246E-19 4.339E-19 4.338E-19 4.293E-19
 4.191E-19 4.199E-19 4.490E-19 4.398E-19 4.246E-19 4.508E-19 4.754E-19 4.455E-19 4.096E-19 4.049E-19
 4.314E-19 4.605E-19 4.830E-19 4.855E-19 4.619E-19 4.297E-19 4.431E-19 4.764E-19 4.681E-19 4.567E-19
 4.939E-19 5.097E-19 4.696E-19 4.324E-19 4.307E-19 4.591E-19 4.899E-19 5.230E-19 5.235E-19 4.757E-19
 4.522E-19 4.824E-19 5.085E-19 4.975E-19 5.022E-19 5.324E-19 5.187E-19 4.812E-19 4.589E-19 4.664E-19
 4.903E-19 5.337E-19 5.770E-19 5.539E-19 4.930E-19 4.805E-19 4.963E-19 5.101E-19 5.280E-19 5.549E-19
 5.573E-19 5.322E-19 4.988E-19 4.772E-19 4.818E-19 5.226E-19 5.987E-19 6.306E-19 5.809E-19 5.365E-19
 5.327E-19 5.267E-19 5.384E-19 5.775E-19 6.025E-19 5.803E-19 5.425E-19 5.117E-19 4.973E-19 5.133E-19
 5.702E-19 6.383E-19 6.342E-19 5.889E-19 5.788E-19 5.520E-19 5.312E-19 5.789E-19 6.338E-19 6.439E-19
 6.091E-19 5.558E-19 5.170E-19 5.062E-19 5.590E-19 6.452E-19 6.962E-19 6.649E-19 6.444E-19 6.435E-19
 5.689E-19 5.484E-19 6.238E-19 6.815E-19 6.880E-19 6.223E-19 5.634E-19 5.391E-19 5.516E-19 6.343E-19
 7.169E-19 7.208E-19 6.637E-19 6.605E-19 6.534E-19 5.752E-19 5.740E-19 6.761E-19 7.314E-19 6.935E-19
 6.028E-19 5.618E-19 5.551E-19 5.878E-19 6.874E-19 7.713E-19 7.626E-19 7.133E-19 7.127E-19 7.010E-19
 6.199E-19 6.183E-19 7.323E-19 7.829E-19 7.129E-19 6.203E-19 5.846E-19 5.891E-19 6.370E-19 7.355E-19
 8.043E-19 8.005E-19 7.446E-19 7.314E-19 7.187E-19 6.615E-19 6.911E-19 7.945E-19 7.963E-19 7.249E-19
 6.607E-19 6.369E-19 6.494E-19 6.926E-19 7.833E-19 8.379E-19 8.298E-19 7.698E-19 7.459E-19 7.354E-19
 7.019E-19 7.400E-19 8.202E-19 8.003E-19 7.501E-19 6.890E-19 6.486E-19 6.732E-19 7.564E-19 8.581E-19
 8.908E-19 8.732E-19 7.914E-19 7.479E-19 7.556E-19 7.679E-19 8.096E-19 8.571E-19 8.462E-19 7.969E-19
 7.290E-19 6.803E-19 7.206E-19 8.162E-19 8.807E-19 9.069E-19 8.945E-19 8.120E-19 7.656E-19 7.843E-19
 8.131E-19 8.317E-19 8.580E-19 8.711E-19 8.447E-19 7.742E-19 7.294E-19 8.002E-19 8.944E-19 1.033E-18
 1.065E-18 1.018E-18 8.072E-19 7.667E-19 7.980E-19 8.424E-19 8.636E-19 9.129E-19 9.117E-19 8.578E-19
 7.802E-19 7.760E-19 8.458E-19 1.008E-18 1.081E-18 1.138E-18 9.692E-19 8.460E-19 8.323E-19 8.690E-19
 8.997E-19 9.241E-19 1.090E-18 1.094E-18 8.812E-19 8.096E-19 8.299E-19 9.184E-19 1.062E-18 1.136E-18
 1.170E-18 9.404E-19 8.499E-19 8.461E-19 1.012E-18 1.039E-18 1.066E-18 1.145E-18 1.109E-18 8.825E-19
 8.750E-19 9.535E-19 1.135E-18 1.158E-18 1.193E-18 1.199E-18 9.833E-19 8.766E-19 9.162E-19 1.081E-18
 1.102E-18 1.166E-18 1.218E-18 1.158E-18 1.048E-18 9.197E-19 1.135E-18 1.179E-18 1.176E-18 1.164E-18
 1.171E-18 1.099E-18 9.295E-19 1.090E-18 1.159E-18 1.155E-18 1.213E-18 1.241E-18 1.188E-18 9.970E-19
 1.034E-18 1.091E-18 1.259E-18 1.232E-18 1.216E-18 1.225E-18 1.152E-18 1.080E-18 1.138E-18 1.206E-18
 1.233E-18 1.309E-18 1.305E-18 1.227E-18 1.165E-18 1.215E-18 1.310E-18 1.332E-18 1.281E-18 1.276E-18
 1.307E-18 1.251E-18 1.154E-18 1.176E-18 1.243E-18 1.263E-18 1.323E-18 1.332E-18 1.305E-18 1.271E-18
 1.284E-18 1.312E-18 1.274E-18 1.230E-18 1.260E-18 1.312E-18 1.280E-18 1.198E-18 1.220E-18 1.306E-18
 1.374E-18 1.434E-18 1.423E-18 1.426E-18 1.392E-18 1.397E-18 1.353E-18 1.251E-18 1.226E-18 1.294E-18
 1.387E-18 1.379E-18 1.260E-18 1.255E-18 1.361E-18 1.473E-18 1.541E-18 1.532E-18 1.520E-18 1.517E-18
 1.522E-18 1.399E-18 1.282E-18 1.255E-18 1.368E-18 1.533E-18 1.525E-18 1.332E-18 1.300E-18 1.431E-18
 1.562E-18 1.600E-18 1.584E-18 1.607E-18 1.619E-18 1.521E-18 1.371E-18 1.302E-18 1.272E-18 1.398E-18
 1.552E-18 1.544E-18 1.382E-18 1.391E-18 1.522E-18 1.632E-18 1.637E-18 1.602E-18 1.635E-18 1.610E-18
 1.460E-18 1.360E-18 1.306E-18 1.296E-18 1.489E-18 1.688E-18 1.643E-18 1.439E-18 1.453E-18 1.540E-18
 1.587E-18 1.635E-18 1.720E-18 1.796E-18 1.672E-18 1.467E-18 1.379E-18 1.340E-18 1.391E-18 1.643E-18
 1.808E-18 1.683E-18 1.440E-18 1.465E-18 1.589E-18 1.666E-18 1.706E-18 1.770E-18 1.786E-18 1.652E-18
 1.502E-18 1.430E-18 1.372E-18 1.452E-18 1.669E-18 1.767E-18 1.686E-18 1.560E-18 1.627E-18 1.725E-18
 1.803E-18 1.913E-18 2.263E-18 1.980E-18 1.757E-18 1.609E-18 1.535E-18 1.428E-18 1.505E-18 1.718E-18
 2.070E-18 1.821E-18 1.699E-18 1.700E-18 1.760E-18 1.813E-18 2.168E-18 2.249E-18 1.851E-18 1.641E-18
 1.578E-18 1.548E-18 1.515E-18 1.633E-18 1.864E-18 2.271E-18 1.932E-18 1.763E-18 1.745E-18 1.995E-18
 2.095E-18 2.031E-18 2.095E-18 1.894E-18 1.692E-18 1.668E-18 1.610E-18 1.548E-18 1.627E-18 1.870E-18
 2.410E-18 2.470E-18 2.255E-18 2.021E-18 1.769E-18 1.864E-18 2.158E-18 2.563E-18 2.077E-18 1.788E-18
 1.707E-18 1.668E-18 1.731E-18 2.077E-18 2.402E-18 2.554E-18 2.196E-18 1.895E-18 1.773E-18 1.800E-18
 1.881E-18 2.161E-18 2.707E-18 2.418E-18 2.066E-18 1.797E-18 1.834E-18 1.960E-18 2.396E-18 2.627E-18
 2.611E-18 2.397E-18 1.846E-18 1.799E-18 2.077E-18 2.265E-18 2.698E-18 2.990E-18 2.644E-18 2.173E-18
 1.793E-18 2.003E-18 2.220E-18 2.409E-18 2.469E-18 2.548E-18 2.380E-18 1.782E-18 2.021E-18 2.243E-18
 2.403E-18 2.667E-18 2.827E-18 2.533E-18 2.187E-18 2.095E-18 2.226E-18 2.402E-18 2.410E-18 2.247E-18
 2.843E-18 2.643E-18 1.987E-18 2.178E-18 2.279E-18 2.312E-18 2.534E-18 2.766E-18 2.590E-18 2.352E-18
 2.420E-18 2.704E-18 2.728E-18 2.583E-18 2.705E-18 2.881E-18 2.552E-18 2.186E-18 2.235E-18 2.337E-18
 2.448E-18 2.800E-18 3.099E-18 2.900E-18 2.672E-18 2.649E-18 2.452E-18 2.247E-18 2.378E-18 2.711E-18
 2.911E-18 2.572E-18 2.230E-18 2.320E-18 2.512E-18 2.291E-18 2.875E-18 3.213E-18 2.989E-18 2.712E-18
 2.465E-18 2.227E-18 2.305E-18 2.596E-18 2.948E-18 3.060E-18 2.668E-18 2.377E-18 2.482E-18 2.206E-18
 2.166E-18 2.649E-18 3.750E-18 3.597E-18 2.915E-18 2.495E-18 2.496E-18 2.682E-18 2.869E-18 2.961E-18
 2.799E-18 2.349E-18 2.137E-18 2.328E-18 2.536E-18 2.774E-18 3.485E-18 3.826E-18 3.182E-18 2.692E-18
 2.506E-18 2.446E-18 2.620E-18 2.828E-18 2.867E-18 2.731E-18 2.421E-18 2.382E-18 2.851E-18 3.279E-18
 3.513E-18 3.760E-18 3.540E-18 3.018E-18 2.632E-18 2.401E-18 2.404E-18 2.677E-18 2.977E-18 3.083E-18
 2.983E-18 2.656E-18 2.712E-18 3.353E-18 3.721E-18 3.424E-18 3.394E-18 3.350E-18 2.948E-18 2.711E-18
 2.608E-18 2.642E-18 2.851E-18 2.915E-18 3.000E-18 3.237E-18 3.221E-18 3.252E-18 3.450E-18 3.356E-18
 3.361E-18 3.566E-18 3.521E-18 3.108E-18 2.683E-18 2.584E-18 2.832E-18 3.178E-18 3.306E-18 3.530E-18
 3.805E-18 3.434E-18 2.822E-18 2.770E-18 2.915E-18 3.015E-18 3.206E-18 3.318E-18 3.087E-18 2.809E-18
 2.880E-18 3.336E-18 3.790E-18 4.012E-18 4.046E-18 3.470E-18 2.672E-18 2.523E-18 2.855E-18 3.172E-18
 3.512E-18 3.988E-18 4.115E-18 3.835E-18 3.579E-18 3.603E-18 3.833E-18 3.835E-18 3.383E-18 3.192E-18
 3.315E-18 3.037E-18 2.817E-18 3.064E-18 3.204E-18 3.156E-18 3.373E-18 3.741E-18 3.774E-18 3.704E-18
 3.862E-18 3.784E-18 3.220E-18 2.863E-18 3.026E-18 3.276E-18 3.139E-18 3.133E-18 3.472E-18 3.654E-18
 3.844E-18 4.241E-18 4.524E-18 4.495E-18 3.958E-18 3.483E-18 3.565E-18 3.538E-18 3.280E-18 3.257E-18
 3.411E-18 3.271E-18 3.335E-18 3.639E-18 3.468E-18 3.406E-18 3.816E-18 3.934E-18 3.608E-18 3.487E-18
 3.593E-18 3.566E-18 3.240E-18 3.111E-18 3.540E-18 4.008E-18 3.764E-18 3.632E-18 4.063E-18 4.237E-18
 3.950E-18 3.863E-18 3.996E-18 3.755E-18 3.595E-18 3.788E-18 4.235E-18 3.948E-18 3.842E-18 4.017E-18
 4.474E-18 4.584E-18 4.158E-18 3.402E-18 2.903E-18 2.921E-18 3.290E-18 3.686E-18 3.806E-18 3.772E-18
 3.889E-18 3.611E-18 3.173E-18 3.415E-18 4.144E-18 4.205E-18 3.376E-18 3.046E-18 3.207E-18 3.297E-18
 3.386E-18 3.579E-18 3.781E-18 3.636E-18 3.246E-18 3.333E-18 3.808E-18 3.981E-18 3.645E-18 3.766E-18
 4.184E-18 4.024E-18 3.457E-18 3.040E-18 2.885E-18 3.031E-18 3.435E-18 4.296E-18 5.023E-18 4.955E-18
 3.989E-18 3.177E-18 3.009E-18 3.098E-18 3.402E-18 3.895E-18 4.204E-18 3.956E-18 3.411E-18 3.226E-18
 3.754E-18 4.638E-18 4.922E-18 4.080E-18 3.408E-18 3.068E-18 2.971E-18 3.259E-18 3.839E-18 4.271E-18
 4.133E-18 3.642E-18 3.583E-18 4.059E-18 4.168E-18 3.815E-18 3.910E-18 3.941E-18 3.673E-18 3.406E-18
 3.294E-18 3.244E-18 3.173E-18 3.567E-18 4.654E-18 6.376E-18 5.470E-18 3.778E-18 2.886E-18 2.753E-18
 3.310E-18 4.385E-18 5.439E-18 4.968E-18 3.763E-18 3.327E-18 3.636E-18 4.522E-18 4.961E-18 4.464E-18
 4.148E-18 3.790E-18 3.390E-18 3.362E-18 3.236E-18 3.206E-18 3.709E-18 4.625E-18 5.398E-18 5.408E-18
 4.478E-18 3.517E-18 3.375E-18 3.723E-18 4.387E-18 4.997E-18 4.367E-18 3.301E-18 3.040E-18 3.639E-18
 5.141E-18 7.214E-18 6.048E-18 4.146E-18 3.253E-18 3.395E-18 4.096E-18 4.378E-18 3.777E-18 3.741E-18
 4.261E-18 4.515E-18 4.776E-18 4.928E-18 4.354E-18 4.038E-18 4.420E-18 4.649E-18 4.089E-18 3.030E-18
 2.659E-18 3.259E-18 3.785E-18 4.094E-18 4.816E-18 4.505E-18 2.364E-18 2.290E-18 2.723E-18 3.258E-18
 3.651E-18 3.893E-18 3.975E-18 3.795E-18 3.903E-18 4.909E-18 5.582E-18 4.363E-18 3.456E-18 4.090E-18
 4.734E-18 3.860E-18 2.684E-18 2.448E-18 2.593E-18 3.133E-18 4.342E-18 5.178E-18 4.193E-18 2.747E-18
 2.549E-18 3.343E-18 3.819E-18 3.811E-18 3.724E-18 3.316E-18 2.650E-18 2.764E-18 3.836E-18 4.452E-18
 3.889E-18 3.611E-18 3.919E-18 3.649E-18 2.764E-18 2.015E-18 2.295E-18 2.881E-18 4.132E-18 5.773E-18
 6.304E-18 4.726E-18 3.794E-18 4.337E-18 4.136E-18 3.152E-18 2.741E-18 2.714E-18 2.812E-18 3.112E-18
 3.949E-18 5.054E-18 5.003E-18 4.572E-18 4.720E-18 3.016E-18 1.942E-18 1.629E-18 2.061E-18 2.555E-18
 3.508E-18 4.874E-18 6.139E-18 5.450E-18 4.289E-18 3.460E-18 2.739E-18 2.532E-18 2.775E-18 3.171E-18
 3.870E-18 4.907E-18 6.759E-18 9.719E-18 8.916E-18 5.854E-18 4.084E-18 2.717E-18 2.116E-18 2.152E-18
 2.527E-18 3.107E-18 4.242E-18 6.011E-18 7.265E-18 5.615E-18 3.667E-18 2.614E-18 2.353E-18 2.492E-18
 2.709E-18 3.005E-18 3.505E-18 4.538E-18 6.865E-18 7.115E-18 5.270E-18 3.146E-18 2.472E-18 2.424E-18
 2.675E-18 3.114E-18 3.957E-18 5.734E-18 8.870E-18 1.165E-17 8.086E-18 3.369E-18 2.196E-18 2.058E-18
 2.230E-18 2.539E-18 2.951E-18 3.651E-18 5.021E-18 6.754E-18 6.848E-18 4.571E-18 3.091E-18 2.534E-18
 2.369E-18 2.510E-18 2.952E-18 3.648E-18 4.634E-18 6.644E-18 5.461E-18 3.892E-18 2.569E-18 2.244E-18
 2.607E-18 3.046E-18 3.781E-18 4.799E-18 5.954E-18 9.004E-18 1.146E-17 7.222E-18 3.993E-18 2.587E-18
 2.604E-18 3.172E-18 3.392E-18 3.407E-18 4.188E-18 5.967E-18 7.773E-18 4.753E-18 3.340E-18 2.902E-18
 3.086E-18 3.345E-18 3.315E-18 3.859E-18 4.651E-18 6.567E-18 8.649E-18 8.709E-18 5.073E-18 4.275E-18
 3.835E-18 4.113E-18 4.756E-18 6.228E-18 8.579E-18 1.214E-17 1.082E-17 7.408E-18 4.692E-18 3.600E-18
 3.596E-18 3.941E-18 4.169E-18 4.460E-18 5.473E-18 7.151E-18 7.027E-18 5.089E-18 4.797E-18 3.668E-18
 3.560E-18 3.762E-18 4.079E-18 4.835E-18 6.373E-18 7.437E-18 7.118E-18 5.130E-18 4.652E-18 3.885E-18
 3.838E-18 4.076E-18 4.606E-18 5.453E-18 5.859E-18 5.656E-18 3.990E-18 2.562E-18 1.588E-18 1.202E-18
 1.202E-18 1.443E-18 1.890E-18 2.178E-18 2.226E-18 2.264E-18 2.585E-18 3.118E-18 3.004E-18 2.654E-18
 2.593E-18 2.562E-18 2.426E-18 2.434E-18 2.427E-18 2.387E-18 2.904E-18 3.572E-18 3.367E-18 2.933E-18
 2.575E-18 2.335E-18 2.581E-18 2.840E-18 2.906E-18 3.690E-18 5.155E-18 5.382E-18 3.948E-18 3.053E-18
 2.741E-18 2.936E-18 2.972E-18 2.675E-18 2.879E-18 3.822E-18 4.285E-18 3.254E-18 2.551E-18 2.495E-18
 2.667E-18 2.408E-18 2.374E-18 2.934E-18 3.683E-18 3.758E-18 2.965E-18 2.643E-18 2.819E-18 2.898E-18
 2.515E-18 2.491E-18 3.106E-18 4.153E-18 4.936E-18 4.265E-18 3.766E-18 3.772E-18 3.488E-18 2.907E-18
 2.707E-18 3.071E-18 4.017E-18 4.471E-18 3.745E-18 3.428E-18 3.404E-18 3.019E-18 2.578E-18 2.382E-18
 2.707E-18 3.703E-18 4.476E-18 4.086E-18 3.517E-18 2.824E-18 2.352E-18 2.387E-18 2.662E-18 3.249E-18
 4.328E-18 4.782E-18 4.078E-18 3.391E-18 2.754E-18 2.416E-18 2.556E-18 3.236E-18 4.115E-18 4.327E-18
 3.865E-18 3.290E-18 2.660E-18 2.257E-18 2.183E-18 2.527E-18 3.047E-18 3.724E-18 4.116E-18 3.314E-18
 2.492E-18 2.500E-18 3.077E-18 3.222E-18 3.080E-18 3.670E-18 4.665E-18 3.925E-18 2.786E-18 2.481E-18
 2.848E-18 2.849E-18 2.581E-18 2.851E-18 3.568E-18 3.442E-18 2.993E-18 2.912E-18 2.679E-18 2.434E-18
 2.595E-18 3.346E-18 4.159E-18 3.599E-18 2.920E-18 2.921E-18 2.883E-18 2.734E-18 3.047E-18 4.035E-18
 5.166E-18 5.047E-18 3.944E-18 3.087E-18 2.575E-18 2.550E-18 3.178E-18 4.446E-18 4.894E-18 4.061E-18
 3.224E-18 2.837E-18 2.792E-18 3.291E-18 4.346E-18 5.328E-18 4.979E-18 4.192E-18 3.435E-18 3.164E-18
 3.370E-18 3.793E-18 4.060E-18 3.939E-18 4.126E-18 4.036E-18 3.321E-18 2.967E-18 3.122E-18 3.551E-18
 3.845E-18 4.268E-18 4.462E-18 3.656E-18 3.043E-18 3.373E-18 4.108E-18 4.016E-18 3.401E-18 3.470E-18
 3.766E-18 3.376E-18 3.123E-18 3.242E-18 3.198E-18 3.094E-18 3.803E-18 4.841E-18 4.335E-18 3.600E-18
 3.705E-18 3.793E-18 3.483E-18 3.284E-18 3.658E-18 4.007E-18 3.717E-18 3.633E-18 3.531E-18 3.148E-18
 3.159E-18 3.957E-18 4.695E-18 4.154E-18 3.428E-18 3.058E-18 2.895E-18 3.194E-18 3.847E-18 4.703E-18
 4.365E-18 3.210E-18 2.508E-18 2.405E-18 2.715E-18 3.244E-18 4.351E-18 4.790E-18 3.709E-18 2.784E-18
 2.394E-18 2.705E-18 3.649E-18 4.239E-18 3.562E-18 2.768E-18 2.406E-18 2.291E-18 2.785E-18 3.876E-18
 4.804E-18 4.220E-18 3.348E-18 2.888E-18 2.669E-18 2.786E-18 3.380E-18 3.639E-18 2.872E-18 2.342E-18
 2.393E-18 2.489E-18 2.668E-18 3.164E-18 3.139E-18 2.651E-18 2.588E-18 2.939E-18 3.331E-18 3.924E-18
 4.503E-18 4.145E-18 3.209E-18 2.627E-18 2.665E-18 3.163E-18 3.488E-18 3.293E-18 2.828E-18 2.374E-18
 2.357E-18 2.733E-18 3.272E-18 3.387E-18 2.948E-18 2.584E-18 2.736E-18 3.052E-18 3.134E-18 3.411E-18
 3.458E-18 2.886E-18 2.467E-18 2.400E-18 2.347E-18 2.508E-18 2.935E-18 2.971E-18 2.489E-18 2.215E-18
 2.369E-18 2.720E-18 2.832E-18 2.461E-18 2.253E-18 2.427E-18 2.774E-18 2.985E-18 2.790E-18 2.180E-18
 1.897E-18 2.292E-18 2.739E-18 2.765E-18 2.523E-18 2.369E-18 2.354E-18 2.469E-18 2.450E-18 2.528E-18
 2.553E-18 2.383E-18 2.271E-18 2.380E-18 2.460E-18 2.631E-18 2.868E-18 2.590E-18 2.179E-18 2.092E-18
 2.305E-18 2.410E-18 2.338E-18 2.086E-18 2.043E-18 2.304E-18 2.370E-18 2.220E-18 2.013E-18 1.862E-18
 2.009E-18 2.518E-18 2.555E-18 2.033E-18 1.837E-18 2.026E-18 2.298E-18 2.325E-18 1.900E-18 1.712E-18
 1.979E-18 2.185E-18 2.026E-18 1.820E-18 1.652E-18 1.814E-18 2.316E-18 2.345E-18 1.939E-18 1.809E-18
 1.966E-18 2.090E-18 2.052E-18 1.784E-18 1.693E-18 1.895E-18 1.977E-18 1.900E-18 1.800E-18 1.639E-18
 1.736E-18 2.143E-18 2.152E-18 1.829E-18 1.772E-18 1.993E-18 2.178E-18 2.017E-18 1.670E-18 1.732E-18
 2.035E-18 1.997E-18 1.821E-18 1.768E-18 1.718E-18 1.895E-18 2.215E-18 2.076E-18 1.828E-18 1.780E-18
 1.907E-18 2.033E-18 1.863E-18 1.582E-18 1.648E-18 1.781E-18 1.727E-18 1.711E-18 1.730E-18 1.646E-18
 1.812E-18 2.087E-18 1.944E-18 1.650E-18 1.534E-18 1.619E-18 1.736E-18 1.636E-18 1.449E-18 1.596E-18
 1.815E-18 1.749E-18 1.674E-18 1.712E-18 1.660E-18 1.750E-18 1.920E-18 1.819E-18 1.621E-18 1.615E-18
 1.750E-18 1.893E-18 1.764E-18 1.503E-18 1.525E-18 1.579E-18 1.514E-18 1.484E-18 1.533E-18 1.488E-18
 1.563E-18 1.716E-18 1.597E-18 1.408E-18 1.456E-18 1.650E-18 1.856E-18 1.759E-18 1.486E-18 1.476E-18
 1.558E-18 1.512E-18 1.498E-18 1.551E-18 1.433E-18 1.435E-18 1.648E-18 1.600E-18 1.411E-18 1.423E-18
 1.558E-18 1.686E-18 1.578E-18 1.325E-18 1.305E-18 1.356E-18 1.308E-18 1.331E-18 1.433E-18 1.359E-18
 1.393E-18 1.576E-18 1.445E-18 1.273E-18 1.308E-18 1.430E-18 1.562E-18 1.539E-18 1.360E-18 1.332E-18
 1.380E-18 1.329E-18 1.320E-18 1.386E-18 1.266E-18 1.320E-18 1.556E-18 1.461E-18 1.287E-18 1.323E-18
 1.397E-18 1.506E-18 1.494E-18 1.346E-18 1.297E-18 1.289E-18 1.272E-18 1.319E-18 1.364E-18 1.235E-18
 1.281E-18 1.437E-18 1.294E-18 1.154E-18 1.236E-18 1.326E-18 1.412E-18 1.375E-18 1.300E-18 1.346E-18
 1.350E-18 1.270E-18 1.247E-18 1.285E-18 1.234E-18 1.347E-18 1.454E-18 1.249E-18 1.137E-18 1.225E-18
 1.277E-18 1.300E-18 1.202E-18 1.158E-18 1.303E-18 1.367E-18 1.259E-18 1.242E-18 1.332E-18 1.307E-18
 1.360E-18 1.403E-18 1.203E-18 1.091E-18 1.128E-18 1.170E-18 1.176E-18 1.077E-18 1.071E-18 1.237E-18
 1.288E-18 1.147E-18 1.140E-18 1.246E-18 1.258E-18 1.313E-18 1.281E-18 1.079E-18 1.011E-18 1.088E-18
 1.116E-18 1.074E-18 9.883E-19 1.046E-18 1.243E-18 1.257E-18 1.039E-18 1.018E-18 1.128E-18 1.205E-18
 1.354E-18 1.360E-18 1.130E-18 1.026E-18 1.092E-18 1.094E-18 9.982E-19 8.985E-19 1.021E-18 1.229E-18
 1.214E-18 9.828E-19 9.745E-19 1.102E-18 1.184E-18 1.304E-18 1.307E-18 1.106E-18 9.975E-19 1.030E-18
 1.000E-18 9.207E-19 9.132E-19 1.094E-18 1.282E-18 1.226E-18 1.006E-18 1.024E-18 1.137E-18 1.143E-18
 1.190E-18 1.169E-18 9.915E-19 9.364E-19 9.943E-19 9.701E-19 8.764E-19 8.696E-19 1.027E-18 1.161E-18
 1.163E-18 1.034E-18 1.024E-18 1.087E-18 1.128E-18 1.196E-18 1.107E-18 9.253E-19 8.793E-19 9.085E-19
 8.908E-19 8.191E-19 8.361E-19 9.787E-19 1.035E-18 1.008E-18 9.703E-19 9.786E-19 9.506E-19 9.892E-19
 1.125E-18 1.090E-18 9.391E-19 8.791E-19 8.662E-19 8.233E-19 7.553E-19 8.021E-19 9.617E-19 1.045E-18
 1.018E-18 9.588E-19 9.748E-19 9.377E-19 9.926E-19 1.099E-18 1.044E-18 8.935E-19 7.971E-19 7.899E-19
 7.973E-19 7.474E-19 8.076E-19 9.648E-19 1.020E-18 9.516E-19 8.988E-19 9.159E-19 9.021E-19 9.674E-19
 1.066E-18 1.055E-18 9.184E-19 8.019E-19 7.784E-19 7.516E-19 6.811E-19 7.199E-19 8.603E-19 9.489E-19
 8.913E-19 8.426E-19 8.691E-19 8.797E-19 8.950E-19 8.990E-19 8.855E-19 8.192E-19 7.363E-19 7.228E-19
 6.919E-19 6.391E-19 7.173E-19 9.072E-19 9.819E-19 8.631E-19 8.006E-19 8.763E-19 9.476E-19 9.611E-19
 9.208E-19 8.853E-19 8.221E-19 7.380E-19 7.166E-19 6.623E-19 5.888E-19 6.652E-19 8.526E-19 9.054E-19
 7.639E-19 6.888E-19 7.078E-19 7.523E-19 8.336E-19 8.298E-19 8.313E-19 8.322E-19 7.803E-19 7.537E-19
 6.719E-19 5.860E-19 6.945E-19 8.537E-19 8.456E-19 7.113E-19 6.903E-19 7.393E-19 8.057E-19 8.537E-19
 7.486E-19 7.205E-19 7.510E-19 7.497E-19 6.970E-19 5.979E-19 5.631E-19 7.029E-19 8.229E-19 7.967E-19
 6.915E-19 6.821E-19 7.084E-19 7.744E-19 8.079E-19 7.141E-19 6.774E-19 7.274E-19 7.459E-19 6.497E-19
 5.588E-19 5.789E-19 7.011E-19 7.714E-19 7.484E-19 6.892E-19 6.688E-19 6.745E-19 7.177E-19 7.183E-19
 6.658E-19 6.587E-19 7.419E-19 7.717E-19 6.411E-19 5.599E-19 5.818E-19 6.380E-19 6.581E-19 6.510E-19
 6.729E-19 6.821E-19 6.679E-19 6.615E-19 6.269E-19 5.722E-19 5.849E-19 6.667E-19 6.919E-19 5.955E-19
 5.393E-19 5.644E-19 6.039E-19 6.162E-19 6.372E-19 6.860E-19 6.576E-19 6.051E-19 5.785E-19 5.604E-19
 5.657E-19 6.105E-19 6.690E-19 6.739E-19 6.073E-19 5.516E-19 5.402E-19 5.354E-19 5.474E-19 5.841E-19
 6.512E-19 6.429E-19 5.964E-19 5.678E-19 5.474E-19 5.400E-19 5.892E-19 6.511E-19 6.637E-19 6.080E-19
 5.529E-19 5.109E-19 4.895E-19 5.103E-19 5.744E-19 6.662E-19 6.186E-19 5.452E-19 5.152E-19 5.119E-19
 5.097E-19 5.507E-19 5.955E-19 6.128E-19 5.683E-19 5.287E-19 4.807E-19 4.646E-19 4.871E-19 5.433E-19
 6.073E-19 5.613E-19 5.057E-19 4.645E-19 4.635E-19 4.634E-19 4.934E-19 5.359E-19 5.785E-19 5.361E-19
 4.616E-19 4.277E-19 4.352E-19 4.698E-19 5.365E-19 5.546E-19 4.976E-19 4.678E-19 4.458E-19 4.559E-19
 4.569E-19 4.662E-19 4.831E-19 5.256E-19 5.427E-19 5.166E-19 4.836E-19 4.378E-19 4.475E-19 5.058E-19
 5.075E-19 4.875E-19 4.828E-19 4.407E-19 4.371E-19 4.487E-19 4.455E-19 4.446E-19 4.676E-19 5.049E-19
 4.950E-19 4.555E-19 4.252E-19 4.484E-19 4.992E-19 4.727E-19 4.365E-19 4.417E-19 4.221E-19 4.247E-19
 4.330E-19 4.138E-19 3.996E-19 4.081E-19 4.764E-19 5.061E-19 4.533E-19 4.104E-19 4.327E-19 4.671E-19
 4.416E-19 3.975E-19 4.018E-19 4.109E-19 4.155E-19 4.203E-19 3.970E-19 3.626E-19 3.562E-19 4.248E-19
 4.786E-19 4.424E-19 4.069E-19 4.465E-19 4.521E-19 4.038E-19 3.455E-19 3.603E-19 3.942E-19 4.042E-19
 3.988E-19 3.607E-19 3.200E-19 3.181E-19 3.735E-19 4.313E-19 4.113E-19 3.852E-19 4.322E-19 4.337E-19
 3.645E-19 3.081E-19 3.368E-19 3.900E-19 4.049E-19 3.738E-19 3.313E-19 3.044E-19 2.893E-19 3.169E-19
 3.664E-19 3.822E-19 3.918E-19 4.436E-19 4.325E-19 3.306E-19 2.658E-19 3.041E-19 3.774E-19 3.986E-19
 3.566E-19 3.213E-19 2.928E-19 2.691E-19 2.972E-19 3.566E-19 3.805E-19 3.903E-19 4.313E-19 4.041E-19
 2.959E-19 2.414E-19 2.847E-19 3.405E-19 3.643E-19 3.404E-19 3.128E-19 2.735E-19 2.445E-19 2.663E-19
 3.153E-19 3.522E-19 3.875E-19 4.372E-19 3.971E-19 2.830E-19 2.372E-19 2.622E-19 3.023E-19 3.390E-19
 3.466E-19 3.086E-19 2.541E-19 2.187E-19 2.286E-19 2.679E-19 3.216E-19 3.618E-19 3.856E-19 3.462E-19
 2.705E-19 2.418E-19 2.410E-19 2.715E-19 3.273E-19 3.579E-19 3.100E-19 2.442E-19 2.070E-19 2.054E-19
 2.329E-19 2.989E-19 3.488E-19 3.468E-19 3.094E-19 2.648E-19 2.378E-19 2.193E-19 2.449E-19 3.140E-19
 3.562E-19 3.049E-19 2.298E-19 1.926E-19 1.867E-19 2.207E-19 2.975E-19 3.516E-19 3.269E-19 2.811E-19
 2.556E-19 2.283E-19 2.060E-19 2.266E-19 3.010E-19 3.491E-19 3.033E-19 2.221E-19 1.766E-19 1.720E-19
 2.066E-19 2.749E-19 3.257E-19 3.053E-19 2.536E-19 2.334E-19 2.231E-19 2.067E-19 2.167E-19 2.719E-19
 3.110E-19 2.880E-19 2.165E-19 1.644E-19 1.648E-19 1.987E-19 2.473E-19 2.904E-19 2.902E-19 2.366E-19
 2.049E-19 2.108E-19 2.102E-19 2.214E-19 2.603E-19 2.951E-19 2.718E-19 2.016E-19 1.577E-19 1.670E-19
 2.005E-19 2.307E-19 2.643E-19 2.818E-19 2.307E-19 1.844E-19 1.939E-19 2.124E-19 2.305E-19 2.483E-19
 2.718E-19 2.490E-19 1.913E-19 1.620E-19 1.711E-19 1.957E-19 2.063E-19 2.297E-19 2.696E-19 2.339E-19
 1.736E-19 1.685E-19 1.943E-19 2.244E-19 2.325E-19 2.442E-19 2.255E-19 1.793E-19 1.668E-19 1.744E-19
 1.732E-19 1.666E-19 1.949E-19 2.484E-19 2.285E-19 1.663E-19 1.507E-19 1.771E-19 2.107E-19 2.211E-19
 2.236E-19 2.090E-19 1.721E-19 1.712E-19 1.793E-19 1.599E-19 1.478E-19 1.841E-19 2.342E-19 2.218E-19
 1.700E-19 1.477E-19 1.613E-19 1.873E-19 2.126E-19 2.196E-19 2.078E-19 1.795E-19 1.691E-19 1.649E-19
 1.391E-19 1.324E-19 1.672E-19 2.037E-19 1.979E-19 1.684E-19 1.485E-19 1.450E-19 1.594E-19 1.903E-19
 2.065E-19 1.960E-19 1.765E-19 1.576E-19 1.450E-19 1.278E-19 1.295E-19 1.585E-19 1.789E-19 1.723E-19
 1.659E-19 1.501E-19 1.286E-19 1.400E-19 1.748E-19 2.010E-19 1.974E-19 1.808E-19 1.514E-19 1.265E-19
 1.226E-19 1.335E-19 1.529E-19 1.625E-19 1.567E-19 1.569E-19 1.392E-19 1.089E-19 1.181E-19 1.581E-19
 1.849E-19 1.843E-19 1.719E-19 1.443E-19 1.159E-19 1.193E-19 1.356E-19 1.427E-19 1.411E-19 1.359E-19
 1.423E-19 1.321E-19 1.081E-19 1.113E-19 1.431E-19 1.604E-19 1.573E-19 1.526E-19 1.356E-19 1.116E-19
 1.161E-19 1.349E-19 1.418E-19 1.311E-19 1.189E-19 1.213E-19 1.198E-19 1.083E-19 1.105E-19 1.321E-19
 1.364E-19 1.249E-19 1.298E-19 1.320E-19 1.170E-19 1.131E-19 1.257E-19 1.370E-19 1.228E-19 1.037E-19
 1.057E-19 1.091E-19 1.083E-19 1.134E-19 1.248E-19 1.218E-19 1.043E-19 1.039E-19 1.184E-19 1.186E-19
 1.167E-19 1.218E-19 1.230E-19 1.077E-19 8.829E-20 8.966E-20 9.810E-20 1.074E-19 1.196E-19 1.235E-19
 1.093E-19 8.623E-20 7.993E-20 1.003E-19 1.116E-19 1.094E-19 1.146E-19 1.221E-19 1.090E-19 8.159E-20
 7.625E-20 8.853E-20 9.942E-20 1.142E-19 1.170E-19 9.716E-20 6.817E-20 6.005E-20 8.305E-20 1.007E-19
 1.041E-19 1.092E-19 1.162E-19 1.025E-19 7.781E-20 7.249E-20 8.759E-20 9.749E-20 1.089E-19 1.145E-19
 9.121E-20 6.005E-20 5.432E-20 7.451E-20 9.036E-20 9.975E-20 1.091E-19 1.078E-19 8.201E-20 5.996E-20
 6.416E-20 7.965E-20 9.240E-20 1.056E-19 1.105E-19 8.424E-20 5.452E-20 5.307E-20 6.785E-20 8.349E-20
 9.862E-20 1.111E-19 1.055E-19 7.617E-20 5.584E-20 6.007E-20 7.314E-20 9.091E-20 1.008E-19 1.022E-19
 8.231E-20 5.203E-20 4.381E-20 5.573E-20 7.447E-20 9.213E-20 9.897E-20 8.887E-20 6.211E-20 4.688E-20
 5.113E-20 6.533E-20 8.540E-20 1.007E-19 1.004E-19 7.891E-20 4.992E-20 4.037E-20 5.161E-20 7.215E-20
 9.047E-20 9.324E-20 8.082E-20 5.848E-20 4.585E-20 4.733E-20 5.777E-20 7.805E-20 9.249E-20 9.053E-20
 8.065E-20 5.824E-20 0.000E+00 0.000E+00 0.000E+00 0.000E+00 0.000E+00 0.000E+00 0.000E+00 0.000E+00
