     CClF3 1170.0060 1234.9960      4382  203.0000    0.0000 1.187E-17  NCAR    CFC-13
 7.279E-21 6.756E-21 7.925E-21 1.072E-20 1.143E-20 8.129E-21 7.070E-21 9.052E-21 1.172E-20 1.388E-20
 1.545E-20 1.682E-20 1.599E-20 1.405E-20 1.289E-20 1.282E-20 1.263E-20 1.239E-20 1.369E-20 1.542E-20
 1.463E-20 1.217E-20 9.959E-21 1.055E-20 1.297E-20 1.514E-20 1.525E-20 1.382E-20 1.267E-20 1.195E-20
 1.197E-20 1.048E-20 1.100E-20 1.289E-20 1.222E-20 9.570E-21 7.481E-21 7.973E-21 9.373E-21 1.071E-20
 1.527E-20 1.489E-20 9.494E-21 7.596E-21 7.838E-21 7.938E-21 9.534E-21 1.250E-20 1.381E-20 1.341E-20
 1.242E-20 9.770E-21 9.208E-21 1.157E-20 1.576E-20 1.899E-20 1.731E-20 1.376E-20 9.500E-21 7.445E-21
 8.094E-21 1.077E-20 1.252E-20 1.566E-20 1.552E-20 1.329E-20 1.453E-20 1.591E-20 1.593E-20 1.894E-20
 1.961E-20 1.570E-20 1.159E-20 9.834E-21 1.031E-20 9.613E-21 1.022E-20 1.421E-20 1.625E-20 1.495E-20
 1.251E-20 1.266E-20 1.507E-20 1.880E-20 2.143E-20 1.890E-20 1.408E-20 9.356E-21 8.040E-21 9.563E-21
 1.010E-20 1.118E-20 1.131E-20 1.377E-20 1.453E-20 1.143E-20 1.281E-20 1.639E-20 1.902E-20 2.187E-20
 1.975E-20 1.510E-20 1.367E-20 1.427E-20 1.620E-20 1.529E-20 1.307E-20 1.386E-20 1.554E-20 1.314E-20
 1.095E-20 1.280E-20 1.605E-20 1.733E-20 1.727E-20 1.417E-20 1.114E-20 1.047E-20 1.128E-20 1.175E-20
 1.337E-20 1.620E-20 1.879E-20 2.025E-20 1.789E-20 1.681E-20 1.791E-20 2.007E-20 2.238E-20 2.020E-20
 1.670E-20 1.546E-20 1.471E-20 1.459E-20 1.562E-20 1.562E-20 1.470E-20 1.732E-20 1.747E-20 1.595E-20
 1.435E-20 1.601E-20 1.879E-20 1.907E-20 1.778E-20 1.492E-20 1.098E-20 9.948E-21 1.250E-20 1.490E-20
 1.631E-20 1.885E-20 2.176E-20 2.179E-20 1.857E-20 1.658E-20 2.043E-20 2.310E-20 2.310E-20 1.977E-20
 1.748E-20 1.640E-20 1.581E-20 1.621E-20 1.615E-20 1.613E-20 1.648E-20 1.641E-20 1.761E-20 1.700E-20
 1.415E-20 1.390E-20 1.633E-20 1.795E-20 1.872E-20 1.879E-20 1.651E-20 1.736E-20 1.934E-20 1.926E-20
 1.963E-20 2.257E-20 2.407E-20 2.367E-20 1.898E-20 1.629E-20 1.900E-20 2.191E-20 2.242E-20 2.121E-20
 1.935E-20 1.728E-20 1.696E-20 1.824E-20 1.995E-20 2.115E-20 2.345E-20 2.602E-20 2.639E-20 2.030E-20
 1.564E-20 1.798E-20 2.327E-20 2.561E-20 2.553E-20 2.353E-20 2.000E-20 1.708E-20 1.717E-20 1.952E-20
 2.194E-20 2.194E-20 2.602E-20 2.709E-20 2.329E-20 2.354E-20 2.534E-20 2.534E-20 2.111E-20 2.048E-20
 2.081E-20 1.832E-20 1.716E-20 2.033E-20 2.299E-20 2.460E-20 2.544E-20 2.644E-20 2.553E-20 2.374E-20
 2.646E-20 2.873E-20 2.762E-20 2.838E-20 3.021E-20 2.757E-20 2.284E-20 1.812E-20 1.761E-20 1.922E-20
 2.223E-20 2.742E-20 3.043E-20 2.920E-20 2.605E-20 2.505E-20 2.396E-20 2.431E-20 2.847E-20 3.011E-20
 2.811E-20 2.462E-20 2.094E-20 2.226E-20 2.272E-20 2.524E-20 3.102E-20 3.395E-20 3.052E-20 2.539E-20
 2.512E-20 2.557E-20 2.537E-20 2.921E-20 3.214E-20 2.955E-20 2.312E-20 1.998E-20 2.335E-20 2.740E-20
 3.238E-20 3.573E-20 3.359E-20 2.700E-20 2.700E-20 2.155E-20 2.180E-20 2.201E-20 2.775E-20 3.322E-20
 2.962E-20 2.281E-20 2.195E-20 2.677E-20 3.278E-20 3.512E-20 3.409E-20 3.165E-20 2.672E-20 2.321E-20
 2.321E-20 2.429E-20 2.528E-20 3.201E-20 3.486E-20 3.061E-20 2.631E-20 2.812E-20 3.129E-20 3.380E-20
 3.366E-20 3.130E-20 3.110E-20 2.729E-20 2.528E-20 2.833E-20 2.821E-20 2.741E-20 3.074E-20 3.322E-20
 3.151E-20 3.080E-20 2.999E-20 2.853E-20 3.284E-20 3.591E-20 3.479E-20 3.212E-20 2.568E-20 2.354E-20
 2.646E-20 2.856E-20 3.125E-20 3.715E-20 4.044E-20 3.553E-20 2.975E-20 3.017E-20 3.087E-20 3.206E-20
 3.385E-20 3.478E-20 3.197E-20 2.491E-20 2.192E-20 2.567E-20 3.114E-20 3.581E-20 3.610E-20 3.277E-20
 2.772E-20 2.394E-20 2.466E-20 2.835E-20 3.224E-20 3.261E-20 3.329E-20 3.167E-20 2.951E-20 3.267E-20
 3.579E-20 3.135E-20 3.014E-20 3.391E-20 3.117E-20 2.449E-20 2.398E-20 2.570E-20 2.655E-20 3.081E-20
 3.569E-20 3.982E-20 4.098E-20 3.648E-20 3.285E-20 3.082E-20 2.912E-20 3.257E-20 3.720E-20 3.463E-20
 3.038E-20 3.226E-20 3.469E-20 3.351E-20 3.608E-20 4.181E-20 4.398E-20 3.953E-20 3.073E-20 2.780E-20
 3.102E-20 3.371E-20 3.866E-20 4.330E-20 4.171E-20 3.641E-20 3.297E-20 3.490E-20 3.826E-20 3.708E-20
 3.519E-20 3.894E-20 4.079E-20 3.478E-20 3.001E-20 2.967E-20 2.978E-20 3.206E-20 3.479E-20 3.746E-20
 3.852E-20 3.860E-20 3.336E-20 2.954E-20 3.363E-20 3.801E-20 3.970E-20 3.781E-20 3.120E-20 2.814E-20
 3.022E-20 3.181E-20 3.741E-20 4.424E-20 4.462E-20 3.991E-20 3.466E-20 3.180E-20 3.236E-20 3.442E-20
 3.591E-20 3.888E-20 3.943E-20 3.225E-20 3.155E-20 3.712E-20 3.678E-20 3.854E-20 4.681E-20 4.883E-20
 4.084E-20 3.375E-20 3.109E-20 3.150E-20 3.429E-20 4.191E-20 5.036E-20 4.868E-20 3.999E-20 3.910E-20
 4.214E-20 3.600E-20 3.367E-20 3.975E-20 4.180E-20 3.689E-20 3.321E-20 3.049E-20 3.066E-20 3.958E-20
 4.843E-20 5.444E-20 4.623E-20 3.122E-20 2.878E-20 2.897E-20 2.605E-20 2.880E-20 3.714E-20 4.110E-20
 3.960E-20 4.010E-20 4.844E-20 5.609E-20 5.050E-20 4.095E-20 3.899E-20 3.522E-20 2.748E-20 2.690E-20
 2.823E-20 2.959E-20 3.855E-20 5.185E-20 5.724E-20 5.054E-20 3.545E-20 2.641E-20 2.599E-20 2.599E-20
 3.496E-20 3.986E-20 4.182E-20 3.743E-20 4.007E-20 4.146E-20 4.292E-20 4.357E-20 3.942E-20 3.652E-20
 3.154E-20 2.793E-20 2.689E-20 2.734E-20 3.414E-20 4.647E-20 6.261E-20 7.028E-20 6.144E-20 3.961E-20
 2.582E-20 2.515E-20 3.174E-20 4.009E-20 4.009E-20 4.074E-20 3.898E-20 4.666E-20 4.982E-20 4.477E-20
 3.905E-20 3.824E-20 3.586E-20 2.897E-20 2.680E-20 2.702E-20 2.999E-20 4.161E-20 5.853E-20 6.629E-20
 5.039E-20 3.141E-20 2.622E-20 2.565E-20 3.114E-20 4.007E-20 4.905E-20 5.221E-20 5.032E-20 5.036E-20
 4.601E-20 3.669E-20 3.630E-20 4.486E-20 4.631E-20 3.771E-20 3.193E-20 3.030E-20 3.089E-20 3.737E-20
 4.716E-20 5.849E-20 5.056E-20 3.236E-20 2.953E-20 2.635E-20 2.666E-20 3.634E-20 4.357E-20 4.223E-20
 3.414E-20 2.907E-20 3.165E-20 3.453E-20 3.363E-20 3.567E-20 3.567E-20 4.302E-20 3.091E-20 2.540E-20
 2.373E-20 3.035E-20 4.635E-20 5.623E-20 5.037E-20 3.391E-20 2.789E-20 3.474E-20 3.872E-20 4.138E-20
 4.929E-20 6.522E-20 7.159E-20 7.088E-20 7.454E-20 6.375E-20 4.333E-20 3.868E-20 4.070E-20 3.649E-20
 2.563E-20 2.563E-20 3.496E-20 5.286E-20 5.949E-20 5.563E-20 4.821E-20 3.305E-20 2.173E-20 1.905E-20
 1.787E-20 2.519E-20 4.618E-20 6.918E-20 6.962E-20 4.208E-20 2.966E-20 3.910E-20 4.172E-20 3.926E-20
 3.980E-20 4.076E-20 3.862E-20 5.310E-20 8.680E-20 9.230E-20 6.569E-20 5.951E-20 5.068E-20 2.964E-20
 1.281E-20 1.101E-20 1.826E-20 3.241E-20 5.626E-20 5.626E-20 6.736E-20 4.280E-20 2.727E-20 2.078E-20
 2.377E-20 2.588E-20 3.047E-20 3.783E-20 4.782E-20 6.246E-20 7.304E-20 5.823E-20 4.163E-20 3.143E-20
 2.996E-20 3.137E-20 2.328E-20 1.961E-20 3.757E-20 7.496E-20 1.174E-19 1.142E-19 7.330E-20 4.357E-20
 1.859E-20 7.082E-21 4.671E-21 7.938E-21 1.933E-20 4.085E-20 7.048E-20 8.003E-20 5.004E-20 2.302E-20
 1.143E-20 1.015E-20 1.411E-20 1.550E-20 2.094E-20 3.144E-20 5.567E-20 8.151E-20 7.137E-20 4.047E-20
 2.376E-20 1.634E-20 9.219E-21 5.958E-21 1.375E-20 3.188E-20 7.305E-20 1.254E-19 1.393E-19 8.649E-20
 2.853E-20 5.788E-21 5.936E-21 9.313E-21 1.666E-20 2.501E-20 4.039E-20 6.280E-20 8.166E-20 6.390E-20
 2.818E-20 1.395E-20 1.238E-20 1.425E-20 1.871E-20 2.270E-20 3.309E-20 5.588E-20 8.282E-20 7.339E-20
 3.270E-20 1.329E-20 1.088E-20 1.334E-20 2.085E-20 3.167E-20 5.606E-20 1.042E-19 1.584E-19 1.420E-19
 5.476E-20 1.365E-20 1.320E-20 1.390E-20 1.759E-20 2.154E-20 3.006E-20 5.480E-20 8.866E-20 8.214E-20
 3.551E-20 1.528E-20 1.813E-20 1.945E-20 2.433E-20 3.215E-20 4.729E-20 7.440E-20 1.002E-19 8.193E-20
 3.068E-20 9.460E-21 1.303E-20 2.232E-20 3.302E-20 3.302E-20 7.811E-20 1.334E-19 1.747E-19 1.298E-19
 4.800E-20 2.336E-20 2.381E-20 2.141E-20 2.350E-20 3.507E-20 5.847E-20 8.747E-20 9.839E-20 7.103E-20
 3.818E-20 2.812E-20 2.639E-20 2.822E-20 3.564E-20 4.939E-20 7.258E-20 9.511E-20 9.671E-20 6.453E-20
 3.252E-20 2.883E-20 3.810E-20 5.564E-20 7.685E-20 1.104E-19 1.542E-19 1.740E-19 1.370E-19 6.406E-20
 3.287E-20 3.688E-20 4.473E-20 5.527E-20 7.370E-20 1.009E-19 1.213E-19 1.198E-19 8.858E-20 6.064E-20
 5.642E-20 6.221E-20 7.217E-20 8.456E-20 9.682E-20 1.032E-19 1.059E-19 1.000E-19 7.932E-20 6.433E-20
 6.277E-20 6.858E-20 7.545E-20 7.969E-20 7.699E-20 6.926E-20 5.564E-20 3.871E-20 3.166E-20 3.464E-20
 4.171E-20 4.600E-20 4.719E-20 4.568E-20 5.098E-20 6.744E-20 7.655E-20 6.642E-20 5.617E-20 5.505E-20
 5.622E-20 5.610E-20 5.713E-20 6.216E-20 7.680E-20 9.079E-20 8.575E-20 7.348E-20 7.247E-20 7.755E-20
 8.301E-20 7.570E-20 7.786E-20 1.154E-19 1.570E-19 1.440E-19 1.072E-19 8.710E-20 7.784E-20 7.521E-20
 6.915E-20 7.131E-20 9.196E-20 1.161E-19 1.059E-19 7.952E-20 7.199E-20 7.693E-20 7.616E-20 6.774E-20
 7.570E-20 1.026E-19 1.187E-19 1.016E-19 8.262E-20 8.712E-20 9.357E-20 8.572E-20 8.248E-20 1.014E-19
 1.417E-19 1.614E-19 1.249E-19 9.345E-20 8.936E-20 8.267E-20 7.165E-20 7.033E-20 8.441E-20 1.069E-19
 1.069E-19 8.607E-20 8.027E-20 7.731E-20 6.448E-20 5.358E-20 5.746E-20 8.257E-20 1.153E-19 1.163E-19
 1.003E-19 9.182E-20 7.742E-20 6.570E-20 6.384E-20 6.384E-20 1.347E-19 1.568E-19 1.198E-19 8.119E-20
 5.811E-20 5.231E-20 5.822E-20 6.697E-20 8.233E-20 1.004E-19 9.874E-20 8.127E-20 8.127E-20 5.570E-20
 5.570E-20 4.991E-20 7.084E-20 1.052E-19 1.183E-19 9.045E-20 5.721E-20 4.493E-20 4.703E-20 5.641E-20
 8.200E-20 1.296E-19 1.499E-19 1.073E-19 6.293E-20 4.549E-20 4.337E-20 4.337E-20 6.685E-20 9.339E-20
 9.900E-20 6.723E-20 4.647E-20 4.959E-20 5.327E-20 5.739E-20 7.549E-20 1.069E-19 1.145E-19 7.981E-20
 5.147E-20 4.438E-20 4.166E-20 4.973E-20 7.348E-20 1.090E-19 1.238E-19 9.284E-20 6.321E-20 5.442E-20
 5.056E-20 5.401E-20 6.965E-20 8.906E-20 8.858E-20 6.287E-20 4.550E-20 4.612E-20 5.385E-20 6.596E-20
 7.761E-20 8.372E-20 7.769E-20 5.998E-20 5.374E-20 5.582E-20 6.013E-20 7.330E-20 9.695E-20 1.139E-19
 8.826E-20 5.614E-20 5.151E-20 5.356E-20 5.270E-20 5.270E-20 6.808E-20 7.464E-20 6.201E-20 6.035E-20
 6.634E-20 6.306E-20 5.941E-20 5.941E-20 7.803E-20 6.249E-20 5.004E-20 5.422E-20 5.179E-20 5.094E-20
 6.891E-20 9.351E-20 9.119E-20 6.722E-20 6.088E-20 6.035E-20 5.090E-20 5.429E-20 7.096E-20 7.322E-20
 5.748E-20 5.225E-20 5.153E-20 4.466E-20 4.610E-20 5.547E-20 6.382E-20 6.006E-20 5.301E-20 5.115E-20
 4.788E-20 5.173E-20 7.202E-20 8.892E-20 7.108E-20 4.645E-20 4.061E-20 3.985E-20 4.269E-20 5.529E-20
 6.342E-20 5.771E-20 4.597E-20 4.473E-20 5.109E-20 5.229E-20 5.655E-20 6.491E-20 5.956E-20 4.731E-20
 3.771E-20 3.896E-20 5.620E-20 7.451E-20 7.157E-20 4.888E-20 3.711E-20 3.945E-20 5.067E-20 6.517E-20
 6.484E-20 5.097E-20 4.327E-20 4.469E-20 4.468E-20 4.401E-20 4.636E-20 4.881E-20 4.633E-20 4.047E-20
 3.891E-20 4.163E-20 5.176E-20 6.515E-20 5.995E-20 4.013E-20 3.489E-20 4.360E-20 5.144E-20 5.073E-20
 4.279E-20 3.271E-20 3.293E-20 3.857E-20 4.054E-20 4.230E-20 4.512E-20 4.527E-20 4.624E-20 4.486E-20
 3.805E-20 4.166E-20 5.405E-20 5.592E-20 4.691E-20 3.568E-20 3.295E-20 4.008E-20 4.700E-20 4.341E-20
 3.275E-20 3.088E-20 3.761E-20 4.378E-20 4.439E-20 3.426E-20 3.043E-20 3.531E-20 4.302E-20 4.775E-20
 4.072E-20 3.440E-20 3.397E-20 3.650E-20 3.656E-20 3.577E-20 3.824E-20 4.023E-20 3.914E-20 3.646E-20
 3.034E-20 3.254E-20 3.928E-20 4.354E-20 4.150E-20 3.542E-20 3.724E-20 4.319E-20 4.222E-20 3.473E-20
 2.907E-20 2.871E-20 3.611E-20 4.005E-20 3.464E-20 3.464E-20 3.000E-20 3.497E-20 4.003E-20 3.679E-20
 2.828E-20 2.988E-20 3.956E-20 4.429E-20 3.421E-20 2.416E-20 2.694E-20 3.457E-20 3.958E-20 3.824E-20
 3.433E-20 3.501E-20 3.923E-20 4.214E-20 3.847E-20 3.150E-20 3.196E-20 3.606E-20 3.653E-20 3.161E-20
 2.868E-20 3.220E-20 3.902E-20 4.195E-20 3.701E-20 2.821E-20 2.662E-20 3.333E-20 3.941E-20 3.731E-20
 3.229E-20 3.253E-20 3.498E-20 3.261E-20 2.336E-20 2.082E-20 2.723E-20 3.397E-20 3.534E-20 3.083E-20
 2.584E-20 2.650E-20 3.012E-20 3.269E-20 3.007E-20 2.878E-20 3.260E-20 3.555E-20 3.102E-20 2.633E-20
 2.623E-20 2.944E-20 3.208E-20 3.147E-20 2.641E-20 2.071E-20 2.442E-20 2.950E-20 3.154E-20 2.878E-20
 2.718E-20 2.881E-20 2.815E-20 2.732E-20 2.590E-20 2.654E-20 3.044E-20 3.478E-20 3.555E-20 3.109E-20
 2.602E-20 2.653E-20 2.888E-20 3.125E-20 3.034E-20 3.001E-20 3.122E-20 3.056E-20 2.793E-20 2.363E-20
 2.423E-20 2.835E-20 2.938E-20 2.908E-20 2.625E-20 2.264E-20 2.833E-20 3.459E-20 3.441E-20 3.042E-20
 2.653E-20 2.522E-20 2.592E-20 2.592E-20 2.587E-20 2.713E-20 2.713E-20 3.172E-20 3.303E-20 3.080E-20
 2.769E-20 2.994E-20 3.314E-20 3.349E-20 3.100E-20 2.926E-20 2.911E-20 2.794E-20 2.599E-20 2.214E-20
 2.214E-20 2.613E-20 3.068E-20 3.190E-20 2.722E-20 2.554E-20 2.821E-20 2.835E-20 2.603E-20 2.156E-20
 2.181E-20 2.470E-20 2.738E-20 2.864E-20 2.685E-20 2.499E-20 2.583E-20 2.782E-20 2.765E-20 2.657E-20
 2.535E-20 2.526E-20 2.692E-20 2.942E-20 2.620E-20 2.162E-20 2.234E-20 2.494E-20 2.501E-20 2.163E-20
 2.038E-20 2.419E-20 2.760E-20 2.948E-20 2.875E-20 2.696E-20 2.790E-20 3.205E-20 3.209E-20 2.779E-20
 2.616E-20 2.687E-20 3.077E-20 2.798E-20 2.130E-20 2.223E-20 2.549E-20 2.464E-20 2.447E-20 2.385E-20
 2.323E-20 2.557E-20 2.884E-20 2.781E-20 2.369E-20 2.263E-20 2.436E-20 2.673E-20 2.527E-20 2.229E-20
 2.312E-20 2.701E-20 2.768E-20 2.573E-20 2.316E-20 2.281E-20 2.730E-20 3.100E-20 2.806E-20 2.373E-20
 2.322E-20 2.477E-20 2.478E-20 2.300E-20 1.929E-20 2.028E-20 2.412E-20 2.412E-20 2.450E-20 2.243E-20
 1.982E-20 2.176E-20 2.409E-20 2.245E-20 1.932E-20 1.980E-20 2.433E-20 2.549E-20 2.201E-20 1.910E-20
 1.881E-20 2.109E-20 2.347E-20 2.433E-20 2.339E-20 2.306E-20 2.430E-20 2.564E-20 2.173E-20 1.740E-20
 1.901E-20 2.261E-20 2.272E-20 2.122E-20 2.314E-20 2.392E-20 2.251E-20 2.134E-20 2.173E-20 2.288E-20
 2.401E-20 2.514E-20 2.610E-20 2.610E-20 1.934E-20 2.244E-20 2.619E-20 2.500E-20 2.414E-20 2.420E-20
 2.508E-20 2.630E-20 2.533E-20 2.393E-20 2.352E-20 2.259E-20 2.295E-20 2.364E-20 2.047E-20 1.946E-20
 2.117E-20 2.477E-20 2.745E-20 2.481E-20 2.260E-20 2.434E-20 2.428E-20 2.194E-20 2.223E-20 2.388E-20
 2.464E-20 2.529E-20 2.498E-20 2.179E-20 2.053E-20 2.407E-20 2.613E-20 2.486E-20 2.328E-20 2.431E-20
 2.615E-20 2.840E-20 2.778E-20 2.531E-20 2.564E-20 2.773E-20 2.748E-20 2.498E-20 2.174E-20 2.136E-20
 2.255E-20 2.372E-20 2.458E-20 2.290E-20 2.329E-20 2.574E-20 2.598E-20 2.398E-20 2.309E-20 2.308E-20
 2.472E-20 2.530E-20 2.474E-20 2.251E-20 2.182E-20 2.169E-20 2.220E-20 2.386E-20 2.380E-20 2.540E-20
 2.761E-20 2.696E-20 2.476E-20 2.343E-20 2.465E-20 2.573E-20 2.395E-20 2.445E-20 2.240E-20 2.052E-20
 2.347E-20 2.619E-20 2.399E-20 2.091E-20 2.160E-20 2.480E-20 2.666E-20 2.683E-20 2.446E-20 2.340E-20
 2.791E-20 2.807E-20 2.366E-20 2.224E-20 2.062E-20 2.198E-20 2.761E-20 3.014E-20 2.745E-20 2.556E-20
 2.531E-20 2.352E-20 2.209E-20 2.179E-20 2.443E-20 2.773E-20 2.842E-20 2.588E-20 2.342E-20 2.387E-20
 2.475E-20 2.589E-20 2.620E-20 2.708E-20 2.699E-20 2.505E-20 2.356E-20 2.235E-20 2.294E-20 2.183E-20
 2.235E-20 2.515E-20 2.541E-20 2.385E-20 2.481E-20 2.599E-20 2.778E-20 2.731E-20 2.530E-20 2.483E-20
 2.441E-20 2.424E-20 2.449E-20 2.488E-20 2.639E-20 2.829E-20 2.976E-20 2.928E-20 2.774E-20 2.516E-20
 2.325E-20 2.382E-20 2.485E-20 2.578E-20 2.441E-20 2.492E-20 2.624E-20 2.554E-20 2.364E-20 2.409E-20
 2.667E-20 2.987E-20 2.926E-20 2.633E-20 2.538E-20 2.546E-20 2.601E-20 2.686E-20 2.626E-20 2.648E-20
 2.745E-20 2.659E-20 2.654E-20 2.785E-20 2.785E-20 2.712E-20 2.724E-20 2.435E-20 2.321E-20 2.385E-20
 2.530E-20 2.598E-20 2.741E-20 2.704E-20 2.778E-20 2.938E-20 2.644E-20 2.379E-20 2.391E-20 2.785E-20
 3.002E-20 2.914E-20 2.988E-20 3.056E-20 2.930E-20 2.927E-20 3.005E-20 2.798E-20 2.641E-20 2.837E-20
 2.975E-20 2.647E-20 2.440E-20 2.455E-20 2.640E-20 2.896E-20 2.834E-20 2.602E-20 2.726E-20 2.992E-20
 3.019E-20 3.025E-20 3.206E-20 3.090E-20 2.938E-20 2.958E-20 2.911E-20 2.788E-20 2.616E-20 2.878E-20
 3.108E-20 2.986E-20 2.937E-20 3.050E-20 3.112E-20 3.203E-20 3.240E-20 3.368E-20 3.333E-20 3.014E-20
 3.014E-20 3.015E-20 2.818E-20 2.826E-20 3.072E-20 3.354E-20 3.467E-20 3.467E-20 3.563E-20 3.183E-20
 2.992E-20 3.080E-20 3.274E-20 3.286E-20 3.252E-20 3.243E-20 3.058E-20 2.853E-20 2.839E-20 2.930E-20
 3.167E-20 3.332E-20 3.376E-20 3.379E-20 3.416E-20 3.645E-20 3.808E-20 3.799E-20 3.590E-20 3.295E-20
 3.391E-20 3.576E-20 3.434E-20 3.471E-20 3.449E-20 3.347E-20 3.349E-20 3.572E-20 3.733E-20 3.544E-20
 3.373E-20 3.449E-20 3.570E-20 3.479E-20 3.306E-20 3.305E-20 3.394E-20 3.364E-20 3.404E-20 3.335E-20
 3.267E-20 3.383E-20 3.632E-20 3.881E-20 3.920E-20 3.839E-20 3.694E-20 3.601E-20 3.246E-20 2.997E-20
 3.052E-20 3.406E-20 3.618E-20 3.494E-20 3.433E-20 3.577E-20 3.640E-20 3.835E-20 3.995E-20 4.067E-20
 4.102E-20 3.985E-20 4.002E-20 4.074E-20 3.855E-20 3.650E-20 3.806E-20 3.763E-20 3.675E-20 3.605E-20
 3.427E-20 3.540E-20 3.850E-20 3.955E-20 3.936E-20 4.010E-20 4.102E-20 4.200E-20 4.261E-20 4.133E-20
 4.054E-20 3.982E-20 3.925E-20 3.948E-20 4.082E-20 4.230E-20 4.321E-20 4.259E-20 4.207E-20 4.443E-20
 4.643E-20 4.540E-20 4.478E-20 4.526E-20 4.575E-20 4.398E-20 4.158E-20 4.153E-20 4.440E-20 4.598E-20
 4.714E-20 4.839E-20 4.827E-20 4.389E-20 4.323E-20 4.586E-20 4.378E-20 4.078E-20 4.449E-20 4.562E-20
 4.335E-20 4.091E-20 4.383E-20 4.782E-20 4.846E-20 5.063E-20 5.122E-20 4.867E-20 4.765E-20 4.884E-20
 5.112E-20 5.171E-20 4.930E-20 4.961E-20 5.121E-20 4.952E-20 4.658E-20 4.586E-20 4.908E-20 5.306E-20
 5.499E-20 5.120E-20 4.773E-20 4.823E-20 4.856E-20 5.018E-20 5.089E-20 5.051E-20 5.156E-20 5.299E-20
 4.938E-20 4.649E-20 4.584E-20 5.085E-20 5.730E-20 6.047E-20 5.571E-20 5.049E-20 4.998E-20 4.949E-20
 5.318E-20 5.648E-20 5.514E-20 5.622E-20 5.870E-20 5.817E-20 5.401E-20 5.301E-20 5.673E-20 6.137E-20
 6.456E-20 6.087E-20 5.532E-20 5.706E-20 5.952E-20 6.178E-20 6.011E-20 5.649E-20 5.525E-20 5.578E-20
 5.601E-20 5.726E-20 5.679E-20 6.047E-20 6.700E-20 6.747E-20 6.315E-20 5.893E-20 5.915E-20 5.954E-20
 6.224E-20 6.376E-20 6.137E-20 6.141E-20 6.614E-20 6.972E-20 6.771E-20 6.283E-20 6.432E-20 7.182E-20
 7.543E-20 7.187E-20 6.656E-20 6.590E-20 6.582E-20 6.783E-20 7.128E-20 6.613E-20 6.237E-20 6.801E-20
 7.126E-20 6.864E-20 6.533E-20 6.749E-20 7.425E-20 7.769E-20 7.409E-20 7.129E-20 7.129E-20 7.412E-20
 7.562E-20 7.828E-20 7.372E-20 7.116E-20 7.297E-20 7.673E-20 7.662E-20 7.294E-20 7.607E-20 8.303E-20
 8.436E-20 7.619E-20 7.376E-20 7.653E-20 7.740E-20 7.983E-20 8.225E-20 7.952E-20 7.761E-20 7.950E-20
 8.346E-20 8.198E-20 7.767E-20 7.668E-20 7.924E-20 8.024E-20 7.595E-20 7.874E-20 8.431E-20 8.523E-20
 8.523E-20 8.504E-20 8.069E-20 7.684E-20 8.000E-20 8.908E-20 9.316E-20 9.123E-20 8.818E-20 8.815E-20
 8.873E-20 8.435E-20 8.796E-20 9.611E-20 9.742E-20 9.398E-20 9.121E-20 8.774E-20 8.593E-20 8.917E-20
 9.317E-20 9.524E-20 9.175E-20 8.957E-20 9.091E-20 9.455E-20 9.545E-20 1.040E-19 1.124E-19 1.081E-19
 9.777E-20 9.168E-20 9.160E-20 9.310E-20 9.815E-20 1.033E-19 1.076E-19 1.031E-19 1.031E-19 9.625E-20
 1.026E-19 1.022E-19 1.124E-19 1.243E-19 1.159E-19 1.029E-19 1.016E-19 1.033E-19 1.040E-19 1.073E-19
 1.143E-19 1.184E-19 1.094E-19 1.039E-19 1.104E-19 1.176E-19 1.188E-19 1.268E-19 1.366E-19 1.267E-19
 1.146E-19 1.159E-19 1.167E-19 1.154E-19 1.194E-19 1.253E-19 1.247E-19 1.129E-19 1.106E-19 1.211E-19
 1.310E-19 1.267E-19 1.293E-19 1.399E-19 1.350E-19 1.244E-19 1.226E-19 1.205E-19 1.195E-19 1.280E-19
 1.358E-19 1.331E-19 1.229E-19 1.240E-19 1.382E-19 1.478E-19 1.357E-19 1.334E-19 1.465E-19 1.456E-19
 1.368E-19 1.332E-19 1.280E-19 1.286E-19 1.401E-19 1.437E-19 1.378E-19 1.358E-19 1.410E-19 1.496E-19
 1.547E-19 1.480E-19 1.471E-19 1.577E-19 1.556E-19 1.453E-19 1.374E-19 1.386E-19 1.477E-19 1.558E-19
 1.546E-19 1.509E-19 1.515E-19 1.528E-19 1.533E-19 1.639E-19 1.640E-19 1.587E-19 1.664E-19 1.721E-19
 1.607E-19 1.438E-19 1.455E-19 1.642E-19 1.724E-19 1.688E-19 1.660E-19 1.645E-19 1.586E-19 1.649E-19
 1.859E-19 1.851E-19 1.710E-19 1.749E-19 1.821E-19 1.686E-19 1.546E-19 1.649E-19 1.827E-19 1.848E-19
 1.833E-19 1.808E-19 1.682E-19 1.564E-19 1.717E-19 2.012E-19 1.972E-19 1.799E-19 1.860E-19 1.864E-19
 1.732E-19 1.674E-19 1.813E-19 1.988E-19 2.014E-19 1.985E-19 1.879E-19 1.698E-19 1.646E-19 1.903E-19
 2.162E-19 2.055E-19 1.912E-19 1.944E-19 1.945E-19 1.873E-19 1.886E-19 2.012E-19 2.124E-19 2.092E-19
 2.032E-19 1.919E-19 1.800E-19 1.822E-19 2.067E-19 2.291E-19 2.234E-19 2.015E-19 1.993E-19 2.065E-19
 2.064E-19 2.164E-19 2.217E-19 2.250E-19 2.204E-19 2.096E-19 2.003E-19 1.946E-19 1.973E-19 2.190E-19
 2.458E-19 2.367E-19 2.025E-19 2.024E-19 2.219E-19 2.326E-19 2.458E-19 2.403E-19 2.347E-19 2.257E-19
 2.122E-19 2.127E-19 2.153E-19 2.188E-19 2.399E-19 2.676E-19 2.495E-19 2.068E-19 2.088E-19 2.429E-19
 2.661E-19 2.736E-19 2.576E-19 2.418E-19 2.258E-19 2.119E-19 2.196E-19 2.365E-19 2.471E-19 2.617E-19
 2.820E-19 2.573E-19 2.142E-19 2.208E-19 2.691E-19 2.936E-19 2.889E-19 2.736E-19 2.545E-19 2.272E-19
 2.151E-19 2.373E-19 2.652E-19 2.772E-19 2.808E-19 2.835E-19 2.583E-19 2.260E-19 2.460E-19 2.940E-19
 3.062E-19 2.998E-19 2.924E-19 2.628E-19 2.269E-19 2.263E-19 2.669E-19 3.034E-19 3.103E-19 2.942E-19
 2.900E-19 2.749E-19 2.560E-19 2.799E-19 3.146E-19 3.227E-19 3.274E-19 3.188E-19 2.718E-19 2.378E-19
 2.486E-19 2.905E-19 3.263E-19 3.177E-19 2.986E-19 3.071E-19 3.018E-19 2.915E-19 3.043E-19 3.220E-19
 3.342E-19 3.443E-19 3.216E-19 2.789E-19 2.610E-19 2.868E-19 3.365E-19 3.550E-19 3.250E-19 3.088E-19
 3.251E-19 3.254E-19 3.141E-19 3.174E-19 3.276E-19 3.540E-19 3.581E-19 3.337E-19 3.100E-19 3.040E-19
 3.289E-19 3.561E-19 3.578E-19 3.363E-19 3.261E-19 3.529E-19 3.594E-19 3.516E-19 3.384E-19 3.377E-19
 3.654E-19 3.688E-19 3.599E-19 3.517E-19 3.509E-19 3.635E-19 3.652E-19 3.703E-19 3.614E-19 3.542E-19
 3.843E-19 4.012E-19 3.842E-19 3.560E-19 3.504E-19 3.698E-19 3.820E-19 3.924E-19 3.935E-19 3.894E-19
 3.801E-19 3.797E-19 4.050E-19 3.944E-19 3.800E-19 4.086E-19 4.345E-19 4.063E-19 3.700E-19 3.610E-19
 3.843E-19 4.136E-19 4.382E-19 4.420E-19 4.175E-19 3.843E-19 3.989E-19 4.306E-19 4.218E-19 4.087E-19
 4.438E-19 4.597E-19 4.239E-19 3.934E-19 3.894E-19 4.123E-19 4.437E-19 4.793E-19 4.796E-19 4.308E-19
 4.033E-19 4.306E-19 4.547E-19 4.424E-19 4.521E-19 4.904E-19 4.785E-19 4.391E-19 4.141E-19 4.199E-19
 4.426E-19 4.825E-19 5.246E-19 5.052E-19 4.456E-19 4.322E-19 4.525E-19 4.643E-19 4.745E-19 5.011E-19
 5.067E-19 4.844E-19 4.537E-19 4.330E-19 4.369E-19 4.738E-19 5.449E-19 5.778E-19 5.323E-19 4.847E-19
 4.815E-19 4.784E-19 4.876E-19 5.222E-19 5.424E-19 5.247E-19 4.943E-19 4.659E-19 4.500E-19 4.647E-19
 5.166E-19 5.817E-19 5.788E-19 5.361E-19 5.269E-19 5.023E-19 4.805E-19 5.237E-19 5.772E-19 5.868E-19
 5.559E-19 5.073E-19 4.699E-19 4.584E-19 5.069E-19 5.880E-19 6.371E-19 6.084E-19 5.935E-19 5.914E-19
 5.160E-19 4.952E-19 5.670E-19 6.204E-19 6.256E-19 5.682E-19 5.133E-19 4.884E-19 5.005E-19 5.799E-19
 6.623E-19 6.678E-19 6.082E-19 6.052E-19 6.024E-19 5.281E-19 5.260E-19 6.224E-19 6.771E-19 6.378E-19
 5.517E-19 5.142E-19 5.056E-19 5.373E-19 6.341E-19 7.155E-19 7.066E-19 6.605E-19 6.632E-19 6.506E-19
 5.701E-19 5.645E-19 6.698E-19 7.204E-19 6.562E-19 5.676E-19 5.341E-19 5.395E-19 5.874E-19 6.862E-19
 7.572E-19 7.425E-19 6.807E-19 6.716E-19 6.581E-19 5.995E-19 6.309E-19 7.399E-19 7.449E-19 6.661E-19
 6.065E-19 5.823E-19 5.926E-19 6.368E-19 7.258E-19 7.745E-19 7.599E-19 7.026E-19 6.829E-19 6.763E-19
 6.466E-19 6.839E-19 7.677E-19 7.503E-19 6.904E-19 6.308E-19 5.925E-19 6.149E-19 6.988E-19 8.037E-19
 8.394E-19 8.165E-19 7.312E-19 6.900E-19 6.967E-19 7.061E-19 7.449E-19 7.937E-19 7.867E-19 7.427E-19
 6.807E-19 6.302E-19 6.657E-19 7.661E-19 8.397E-19 8.618E-19 8.484E-19 7.544E-19 7.066E-19 7.246E-19
 7.468E-19 7.679E-19 8.007E-19 8.172E-19 7.947E-19 7.140E-19 6.638E-19 7.333E-19 8.321E-19 8.366E-19
 9.884E-19 8.380E-19 7.482E-19 7.045E-19 7.319E-19 7.754E-19 7.968E-19 8.413E-19 8.461E-19 7.953E-19
 7.171E-19 7.142E-19 7.859E-19 8.235E-19 1.006E-18 1.060E-18 8.901E-19 7.740E-19 7.675E-19 8.110E-19
 8.462E-19 8.707E-19 9.165E-19 1.019E-18 8.394E-19 7.591E-19 7.671E-19 8.545E-19 8.816E-19 1.055E-18
 1.083E-18 8.831E-19 7.825E-19 8.025E-19 8.521E-19 8.630E-19 8.797E-19 1.053E-18 1.024E-18 8.406E-19
 8.148E-19 8.885E-19 1.050E-18 1.063E-18 1.099E-18 1.117E-18 9.287E-19 8.152E-19 8.594E-19 9.083E-19
 1.030E-18 1.086E-18 1.127E-18 1.070E-18 8.809E-19 8.665E-19 1.057E-18 1.096E-18 1.096E-18 1.086E-18
 1.094E-18 8.866E-19 8.511E-19 1.017E-18 1.085E-18 1.082E-18 1.141E-18 1.155E-18 1.095E-18 9.046E-19
 9.592E-19 1.044E-18 1.065E-18 1.145E-18 1.122E-18 1.138E-18 1.066E-18 9.959E-19 1.057E-18 1.131E-18
 1.157E-18 1.225E-18 1.223E-18 1.151E-18 1.091E-18 1.141E-18 1.230E-18 1.250E-18 1.186E-18 1.172E-18
 1.209E-18 1.160E-18 1.070E-18 1.096E-18 1.169E-18 1.198E-18 1.258E-18 1.249E-18 1.215E-18 1.182E-18
 1.195E-18 1.218E-18 1.179E-18 1.139E-18 1.168E-18 1.216E-18 1.181E-18 1.104E-18 1.133E-18 1.231E-18
 1.312E-18 1.372E-18 1.347E-18 1.336E-18 1.299E-18 1.310E-18 1.269E-18 1.166E-18 1.130E-18 1.200E-18
 1.298E-18 1.297E-18 1.185E-18 1.179E-18 1.280E-18 1.394E-18 1.462E-18 1.453E-18 1.439E-18 1.430E-18
 1.430E-18 1.303E-18 1.196E-18 1.170E-18 1.275E-18 1.428E-18 1.411E-18 1.221E-18 1.209E-18 1.351E-18
 1.484E-18 1.525E-18 1.501E-18 1.520E-18 1.529E-18 1.430E-18 1.297E-18 1.235E-18 1.194E-18 1.307E-18
 1.462E-18 1.451E-18 1.282E-18 1.305E-18 1.450E-18 1.555E-18 1.568E-18 1.531E-18 1.544E-18 1.512E-18
 1.364E-18 1.268E-18 1.213E-18 1.205E-18 1.389E-18 1.576E-18 1.534E-18 1.340E-18 1.353E-18 1.446E-18
 1.509E-18 1.549E-18 1.627E-18 1.697E-18 1.554E-18 1.352E-18 1.282E-18 1.251E-18 1.296E-18 1.533E-18
 1.695E-18 1.574E-18 1.329E-18 1.359E-18 1.511E-18 1.596E-18 1.640E-18 1.718E-18 1.696E-18 1.535E-18
 1.401E-18 1.342E-18 1.281E-18 1.351E-18 1.567E-18 1.670E-18 1.597E-18 1.464E-18 1.518E-18 1.619E-18
 1.704E-18 1.843E-18 2.153E-18 1.860E-18 1.615E-18 1.482E-18 1.440E-18 1.352E-18 1.424E-18 1.623E-18
 1.750E-18 1.705E-18 1.597E-18 1.618E-18 1.672E-18 1.731E-18 1.860E-18 1.919E-18 1.764E-18 1.550E-18
 1.482E-18 1.452E-18 1.421E-18 1.538E-18 1.764E-18 2.162E-18 2.038E-18 1.649E-18 1.636E-18 1.727E-18
 1.816E-18 1.926E-18 2.250E-18 1.776E-18 1.590E-18 1.558E-18 1.515E-18 1.471E-18 1.548E-18 1.788E-18
 2.296E-18 2.333E-18 2.100E-18 1.750E-18 1.692E-18 1.793E-18 2.047E-18 2.463E-18 1.961E-18 1.684E-18
 1.611E-18 1.574E-18 1.624E-18 1.791E-18 2.277E-18 2.442E-18 2.296E-18 1.777E-18 1.666E-18 1.703E-18
 1.803E-18 2.095E-18 2.601E-18 2.286E-18 1.732E-18 1.643E-18 1.705E-18 1.835E-18 2.261E-18 2.495E-18
 2.510E-18 2.066E-18 1.786E-18 1.722E-18 1.841E-18 2.006E-18 2.610E-18 2.867E-18 2.499E-18 1.909E-18
 1.718E-18 1.730E-18 2.096E-18 2.271E-18 2.349E-18 2.457E-18 2.008E-18 1.743E-18 1.771E-18 2.131E-18
 2.297E-18 2.565E-18 2.716E-18 2.413E-18 2.068E-18 1.980E-18 2.115E-18 2.274E-18 2.117E-18 2.228E-18
 2.746E-18 2.536E-18 1.870E-18 2.068E-18 2.186E-18 2.231E-18 2.447E-18 2.658E-18 2.456E-18 2.218E-18
 2.290E-18 2.556E-18 2.571E-18 2.451E-18 2.586E-18 2.746E-18 2.413E-18 1.910E-18 2.115E-18 2.234E-18
 2.347E-18 2.691E-18 2.968E-18 2.737E-18 2.504E-18 2.496E-18 2.335E-18 2.159E-18 2.292E-18 2.619E-18
 2.808E-18 2.457E-18 2.106E-18 2.194E-18 2.389E-18 2.194E-18 2.787E-18 3.122E-18 2.868E-18 2.563E-18
 2.339E-18 2.130E-18 2.212E-18 2.509E-18 2.865E-18 2.958E-18 2.553E-18 2.258E-18 2.363E-18 2.134E-18
 2.088E-18 2.553E-18 3.623E-18 3.454E-18 2.756E-18 2.346E-18 2.355E-18 2.550E-18 2.744E-18 2.843E-18
 2.700E-18 2.255E-18 2.037E-18 2.232E-18 2.448E-18 2.272E-18 3.392E-18 3.720E-18 3.058E-18 2.541E-18
 2.354E-18 2.343E-18 2.557E-18 2.786E-18 2.799E-18 2.637E-18 2.319E-18 2.276E-18 2.730E-18 3.160E-18
 3.406E-18 3.642E-18 3.412E-18 2.873E-18 2.498E-18 2.291E-18 2.310E-18 2.583E-18 2.869E-18 2.965E-18
 2.883E-18 2.554E-18 2.597E-18 3.230E-18 3.612E-18 3.324E-18 3.301E-18 3.263E-18 2.846E-18 2.581E-18
 2.481E-18 2.545E-18 2.753E-18 2.819E-18 2.922E-18 3.177E-18 3.119E-18 3.105E-18 3.315E-18 3.234E-18
 3.248E-18 3.473E-18 3.417E-18 2.986E-18 2.572E-18 2.490E-18 2.756E-18 3.095E-18 3.193E-18 3.391E-18
 3.637E-18 3.283E-18 2.706E-18 2.673E-18 2.828E-18 2.943E-18 3.142E-18 3.228E-18 2.961E-18 2.680E-18
 2.766E-18 3.255E-18 3.744E-18 3.896E-18 3.892E-18 3.364E-18 2.594E-18 2.446E-18 2.772E-18 3.084E-18
 3.383E-18 3.848E-18 4.024E-18 3.697E-18 3.415E-18 3.482E-18 3.732E-18 3.728E-18 3.292E-18 3.113E-18
 3.222E-18 2.927E-18 2.524E-18 2.961E-18 3.087E-18 3.060E-18 3.289E-18 3.643E-18 3.643E-18 3.549E-18
 3.723E-18 3.674E-18 3.121E-18 2.763E-18 2.930E-18 3.190E-18 3.034E-18 3.021E-18 3.378E-18 3.588E-18
 3.743E-18 4.088E-18 4.339E-18 4.347E-18 3.815E-18 3.362E-18 3.464E-18 3.432E-18 3.188E-18 3.174E-18
 3.311E-18 3.156E-18 3.218E-18 3.529E-18 3.366E-18 3.303E-18 3.711E-18 3.828E-18 3.500E-18 3.343E-18
 3.447E-18 3.457E-18 3.148E-18 3.026E-18 3.460E-18 3.946E-18 3.671E-18 3.463E-18 3.813E-18 4.023E-18
 3.774E-18 3.713E-18 3.857E-18 3.619E-18 3.454E-18 3.664E-18 3.878E-18 3.847E-18 3.757E-18 3.914E-18
 4.316E-18 4.400E-18 4.046E-18 3.335E-18 2.841E-18 2.859E-18 3.232E-18 3.611E-18 3.706E-18 3.694E-18
 3.797E-18 3.527E-18 3.113E-18 3.336E-18 4.040E-18 4.131E-18 3.332E-18 3.016E-18 3.155E-18 3.212E-18
 3.297E-18 3.486E-18 3.706E-18 3.569E-18 3.166E-18 3.247E-18 3.707E-18 3.886E-18 3.555E-18 3.680E-18
 4.148E-18 3.956E-18 3.392E-18 2.980E-18 2.819E-18 2.967E-18 3.366E-18 4.251E-18 5.006E-18 4.887E-18
 3.899E-18 3.077E-18 2.930E-18 3.052E-18 3.369E-18 3.833E-18 4.109E-18 3.902E-18 3.346E-18 3.137E-18
 3.655E-18 4.546E-18 4.822E-18 4.017E-18 3.351E-18 3.008E-18 2.918E-18 3.212E-18 3.768E-18 4.218E-18
 4.091E-18 3.569E-18 3.498E-18 3.974E-18 4.089E-18 3.718E-18 3.831E-18 3.914E-18 3.654E-18 3.359E-18
 3.218E-18 3.161E-18 3.100E-18 3.496E-18 4.531E-18 6.286E-18 5.342E-18 3.681E-18 2.817E-18 2.713E-18
 3.266E-18 4.294E-18 5.383E-18 4.715E-18 3.692E-18 3.231E-18 3.568E-18 4.423E-18 4.825E-18 4.375E-18
 4.053E-18 3.655E-18 3.278E-18 3.269E-18 3.178E-18 3.196E-18 3.716E-18 4.548E-18 5.566E-18 5.248E-18
 4.364E-18 3.420E-18 3.275E-18 3.623E-18 4.301E-18 4.963E-18 4.267E-18 3.193E-18 2.951E-18 3.517E-18
 5.013E-18 7.081E-18 5.907E-18 4.060E-18 3.140E-18 3.290E-18 4.038E-18 4.348E-18 3.719E-18 3.643E-18
 4.123E-18 4.424E-18 4.668E-18 4.806E-18 4.256E-18 3.964E-18 4.378E-18 4.647E-18 4.086E-18 2.549E-18
 2.246E-18 3.150E-18 3.713E-18 4.070E-18 4.799E-18 4.449E-18 2.303E-18 1.985E-18 2.645E-18 3.238E-18
 3.681E-18 3.865E-18 3.908E-18 3.709E-18 3.755E-18 4.733E-18 5.512E-18 4.346E-18 3.447E-18 4.092E-18
 4.722E-18 3.820E-18 2.613E-18 2.362E-18 2.532E-18 3.117E-18 4.353E-18 5.163E-18 3.236E-18 2.251E-18
 2.234E-18 3.281E-18 3.737E-18 3.760E-18 3.679E-18 2.759E-18 2.259E-18 2.412E-18 3.810E-18 4.436E-18
 3.858E-18 3.576E-18 3.881E-18 3.589E-18 2.346E-18 1.936E-18 2.016E-18 2.792E-18 4.055E-18 5.723E-18
 6.246E-18 4.649E-18 3.720E-18 4.289E-18 4.102E-18 3.097E-18 2.687E-18 2.668E-18 2.757E-18 3.062E-18
 3.956E-18 5.069E-18 5.011E-18 4.597E-18 4.724E-18 3.046E-18 1.800E-18 1.588E-18 1.830E-18 2.505E-18
 3.477E-18 4.900E-18 6.151E-18 5.411E-18 4.207E-18 3.395E-18 2.323E-18 2.206E-18 2.673E-18 3.067E-18
 3.762E-18 4.650E-18 6.757E-18 9.720E-18 8.375E-18 5.813E-18 3.313E-18 2.280E-18 1.911E-18 1.933E-18
 2.230E-18 2.991E-18 4.153E-18 6.048E-18 7.340E-18 5.619E-18 3.617E-18 2.530E-18 2.251E-18 2.370E-18
 2.577E-18 2.887E-18 3.403E-18 4.519E-18 6.466E-18 6.992E-18 5.236E-18 3.424E-18 2.268E-18 2.129E-18
 2.543E-18 2.978E-18 3.836E-18 5.200E-18 8.895E-18 1.187E-17 8.123E-18 3.448E-18 2.055E-18 1.805E-18
 2.148E-18 2.426E-18 2.831E-18 3.521E-18 4.969E-18 7.779E-18 8.626E-18 5.698E-18 3.319E-18 2.303E-18
 2.259E-18 2.382E-18 2.827E-18 3.528E-18 4.643E-18 6.365E-18 7.161E-18 4.028E-18 2.426E-18 2.030E-18
 2.492E-18 2.935E-18 3.676E-18 4.549E-18 6.024E-18 9.082E-18 8.372E-18 5.144E-18 3.851E-18 2.307E-18
 2.222E-18 3.028E-18 3.126E-18 3.339E-18 4.075E-18 5.407E-18 5.800E-18 4.621E-18 3.184E-18 2.589E-18
 2.815E-18 3.185E-18 3.192E-18 3.525E-18 4.528E-18 5.970E-18 7.330E-18 6.447E-18 5.308E-18 3.912E-18
 3.836E-18 4.049E-18 4.780E-18 5.736E-18 7.582E-18 1.092E-17 1.082E-17 7.147E-18 5.589E-18 3.442E-18
 3.438E-18 3.834E-18 4.043E-18 4.317E-18 5.264E-18 7.143E-18 6.405E-18 4.981E-18 3.744E-18 3.295E-18
 3.431E-18 3.644E-18 3.960E-18 4.680E-18 6.962E-18 8.386E-18 6.242E-18 5.043E-18 4.650E-18 3.837E-18
 3.915E-18 3.992E-18 4.872E-18 5.539E-18 6.402E-18 5.922E-18 3.926E-18 2.468E-18 1.476E-18 1.073E-18
 1.072E-18 1.309E-18 1.733E-18 2.021E-18 2.112E-18 2.224E-18 2.533E-18 3.030E-18 2.904E-18 2.522E-18
 2.411E-18 2.387E-18 2.310E-18 2.382E-18 2.382E-18 2.334E-18 2.853E-18 3.498E-18 3.257E-18 2.794E-18
 2.469E-18 2.258E-18 2.526E-18 2.756E-18 2.781E-18 3.544E-18 4.976E-18 5.083E-18 3.760E-18 2.890E-18
 2.586E-18 2.787E-18 2.832E-18 2.536E-18 2.756E-18 3.700E-18 4.079E-18 3.080E-18 2.428E-18 2.397E-18
 2.564E-18 2.310E-18 2.300E-18 2.783E-18 3.491E-18 3.573E-18 2.816E-18 2.509E-18 2.699E-18 2.771E-18
 2.413E-18 2.383E-18 2.959E-18 4.018E-18 4.718E-18 4.024E-18 3.505E-18 3.527E-18 3.269E-18 2.696E-18
 2.518E-18 2.872E-18 3.779E-18 4.211E-18 3.550E-18 3.232E-18 3.217E-18 2.869E-18 2.475E-18 2.267E-18
 2.573E-18 3.548E-18 4.300E-18 3.912E-18 3.359E-18 2.707E-18 2.250E-18 2.294E-18 2.556E-18 3.083E-18
 4.127E-18 4.493E-18 3.876E-18 3.237E-18 2.600E-18 2.319E-18 2.475E-18 3.095E-18 3.897E-18 4.045E-18
 3.629E-18 3.127E-18 2.557E-18 2.087E-18 2.007E-18 2.411E-18 2.951E-18 3.613E-18 3.990E-18 3.186E-18
 2.383E-18 2.408E-18 2.941E-18 3.059E-18 2.937E-18 3.536E-18 4.483E-18 3.718E-18 2.636E-18 2.357E-18
 2.717E-18 2.751E-18 2.509E-18 2.763E-18 3.457E-18 3.308E-18 2.853E-18 2.820E-18 2.587E-18 2.342E-18
 2.489E-18 3.194E-18 3.968E-18 3.395E-18 2.748E-18 2.800E-18 2.780E-18 2.661E-18 2.988E-18 3.920E-18
 4.899E-18 4.817E-18 3.788E-18 2.950E-18 2.515E-18 2.484E-18 3.087E-18 4.303E-18 4.692E-18 3.918E-18
 3.102E-18 2.734E-18 2.717E-18 3.187E-18 4.177E-18 5.001E-18 4.818E-18 4.067E-18 3.308E-18 3.034E-18
 3.232E-18 3.650E-18 3.918E-18 3.801E-18 3.993E-18 3.906E-18 3.172E-18 2.833E-18 3.026E-18 3.448E-18
 3.744E-18 4.127E-18 4.291E-18 3.514E-18 2.908E-18 3.243E-18 3.934E-18 3.852E-18 3.296E-18 3.377E-18
 3.671E-18 3.275E-18 3.013E-18 3.125E-18 3.114E-18 3.011E-18 3.676E-18 4.621E-18 4.112E-18 3.403E-18
 3.503E-18 3.633E-18 3.373E-18 3.172E-18 3.517E-18 3.862E-18 3.600E-18 3.515E-18 3.402E-18 3.015E-18
 3.054E-18 3.792E-18 4.517E-18 4.001E-18 3.308E-18 2.954E-18 2.786E-18 3.077E-18 3.715E-18 4.492E-18
 4.220E-18 3.154E-18 2.473E-18 2.367E-18 2.639E-18 3.094E-18 4.111E-18 4.548E-18 3.593E-18 2.709E-18
 2.312E-18 2.551E-18 3.480E-18 4.076E-18 3.487E-18 2.728E-18 2.300E-18 2.189E-18 2.644E-18 3.716E-18
 4.526E-18 4.032E-18 3.240E-18 2.800E-18 2.567E-18 2.704E-18 3.231E-18 3.508E-18 2.802E-18 2.294E-18
 2.351E-18 2.437E-18 2.609E-18 3.071E-18 3.032E-18 2.517E-18 2.500E-18 2.856E-18 3.192E-18 3.744E-18
 4.270E-18 3.996E-18 3.130E-18 2.582E-18 2.614E-18 3.076E-18 3.333E-18 3.164E-18 2.775E-18 2.322E-18
 2.230E-18 2.663E-18 3.132E-18 3.250E-18 2.866E-18 2.531E-18 2.665E-18 2.949E-18 2.976E-18 3.237E-18
 3.325E-18 2.813E-18 2.418E-18 2.290E-18 2.229E-18 2.369E-18 2.837E-18 2.914E-18 2.478E-18 2.213E-18
 2.331E-18 2.653E-18 2.774E-18 2.387E-18 2.176E-18 2.383E-18 2.698E-18 2.889E-18 2.690E-18 2.108E-18
 1.818E-18 2.176E-18 2.662E-18 2.691E-18 2.475E-18 2.321E-18 2.291E-18 2.413E-18 2.405E-18 2.470E-18
 2.494E-18 2.340E-18 2.233E-18 2.333E-18 2.391E-18 2.546E-18 2.807E-18 2.548E-18 2.052E-18 1.948E-18
 2.172E-18 2.298E-18 2.230E-18 1.984E-18 1.942E-18 2.186E-18 2.329E-18 2.126E-18 1.930E-18 1.766E-18
 1.891E-18 2.384E-18 2.451E-18 1.954E-18 1.751E-18 1.924E-18 2.176E-18 2.214E-18 1.818E-18 1.635E-18
 1.890E-18 2.079E-18 1.931E-18 1.740E-18 1.573E-18 1.730E-18 2.227E-18 2.252E-18 1.853E-18 1.732E-18
 1.868E-18 1.965E-18 1.929E-18 1.687E-18 1.607E-18 1.818E-18 1.913E-18 1.834E-18 1.722E-18 1.554E-18
 1.656E-18 2.063E-18 2.065E-18 1.756E-18 1.702E-18 1.905E-18 2.084E-18 1.935E-18 1.601E-18 1.671E-18
 1.975E-18 1.935E-18 1.749E-18 1.687E-18 1.640E-18 1.812E-18 2.119E-18 2.004E-18 1.763E-18 1.708E-18
 1.832E-18 1.950E-18 1.778E-18 1.496E-18 1.573E-18 1.722E-18 1.669E-18 1.642E-18 1.656E-18 1.588E-18
 1.759E-18 2.008E-18 1.866E-18 1.587E-18 1.473E-18 1.552E-18 1.664E-18 1.565E-18 1.382E-18 1.527E-18
 1.737E-18 1.674E-18 1.602E-18 1.642E-18 1.600E-18 1.696E-18 1.857E-18 1.757E-18 1.561E-18 1.548E-18
 1.682E-18 1.824E-18 1.700E-18 1.454E-18 1.481E-18 1.521E-18 1.441E-18 1.418E-18 1.477E-18 1.430E-18
 1.502E-18 1.667E-18 1.558E-18 1.363E-18 1.399E-18 1.586E-18 1.777E-18 1.697E-18 1.447E-18 1.440E-18
 1.516E-18 1.468E-18 1.456E-18 1.516E-18 1.394E-18 1.382E-18 1.590E-18 1.549E-18 1.354E-18 1.358E-18
 1.502E-18 1.639E-18 1.531E-18 1.279E-18 1.254E-18 1.291E-18 1.251E-18 1.286E-18 1.388E-18 1.309E-18
 1.340E-18 1.537E-18 1.413E-18 1.227E-18 1.249E-18 1.360E-18 1.500E-18 1.493E-18 1.314E-18 1.283E-18
 1.336E-18 1.285E-18 1.272E-18 1.335E-18 1.220E-18 1.280E-18 1.522E-18 1.429E-18 1.242E-18 1.276E-18
 1.355E-18 1.467E-18 1.462E-18 1.311E-18 1.251E-18 1.248E-18 1.239E-18 1.287E-18 1.327E-18 1.194E-18
 1.243E-18 1.404E-18 1.255E-18 1.109E-18 1.190E-18 1.273E-18 1.352E-18 1.324E-18 1.249E-18 1.287E-18
 1.300E-18 1.226E-18 1.203E-18 1.237E-18 1.185E-18 1.307E-18 1.429E-18 1.224E-18 1.095E-18 1.169E-18
 1.223E-18 1.259E-18 1.160E-18 1.115E-18 1.259E-18 1.321E-18 1.227E-18 1.211E-18 1.292E-18 1.263E-18
 1.314E-18 1.354E-18 1.155E-18 1.038E-18 1.070E-18 1.110E-18 1.127E-18 1.038E-18 1.031E-18 1.197E-18
 1.254E-18 1.113E-18 1.103E-18 1.207E-18 1.220E-18 1.279E-18 1.250E-18 1.039E-18 9.629E-19 1.037E-18
 1.066E-18 1.029E-18 9.460E-19 1.000E-18 1.198E-18 1.220E-18 9.998E-19 9.749E-19 1.095E-18 1.175E-18
 1.318E-18 1.317E-18 1.081E-18 9.702E-19 1.036E-18 1.042E-18 9.537E-19 8.613E-19 9.800E-19 1.185E-18
 1.179E-18 9.494E-19 9.397E-19 1.071E-18 1.152E-18 1.265E-18 1.261E-18 1.053E-18 9.454E-19 9.820E-19
 9.531E-19 8.824E-19 8.839E-19 1.066E-18 1.249E-18 1.195E-18 9.741E-19 9.872E-19 1.103E-18 1.113E-18
 1.157E-18 1.132E-18 9.501E-19 8.902E-19 9.535E-19 9.353E-19 8.413E-19 8.370E-19 9.949E-19 1.130E-18
 1.135E-18 1.002E-18 9.826E-19 1.045E-18 1.091E-18 1.162E-18 1.070E-18 8.825E-19 8.339E-19 8.656E-19
 8.546E-19 7.853E-19 7.993E-19 9.409E-19 1.002E-18 9.783E-19 9.401E-19 9.507E-19 9.231E-19 9.569E-19
 1.091E-18 1.055E-18 8.988E-19 8.352E-19 8.203E-19 7.805E-19 7.208E-19 7.714E-19 9.311E-19 1.016E-18
 9.877E-19 9.280E-19 9.429E-19 9.037E-19 9.532E-19 1.054E-18 1.006E-18 8.541E-19 7.570E-19 7.518E-19
 7.582E-19 7.084E-19 7.735E-19 9.374E-19 9.926E-19 9.216E-19 8.649E-19 8.794E-19 8.633E-19 9.291E-19
 1.028E-18 1.013E-18 8.710E-19 7.565E-19 7.406E-19 7.169E-19 6.464E-19 6.845E-19 8.258E-19 9.148E-19
 8.585E-19 8.076E-19 8.291E-19 8.414E-19 8.620E-19 8.703E-19 8.585E-19 7.884E-19 7.007E-19 6.867E-19
 6.576E-19 6.054E-19 6.841E-19 8.758E-19 9.500E-19 8.288E-19 7.666E-19 8.426E-19 9.158E-19 9.311E-19
 8.881E-19 8.506E-19 7.862E-19 6.977E-19 6.766E-19 6.253E-19 5.551E-19 6.348E-19 8.233E-19 8.736E-19
 7.358E-19 6.610E-19 6.773E-19 7.202E-19 8.004E-19 7.939E-19 7.910E-19 7.963E-19 7.497E-19 7.218E-19
 6.378E-19 5.539E-19 6.642E-19 8.241E-19 8.153E-19 6.821E-19 6.613E-19 7.079E-19 7.754E-19 8.217E-19
 7.155E-19 6.845E-19 7.128E-19 7.129E-19 6.633E-19 5.690E-19 5.373E-19 6.771E-19 7.937E-19 7.657E-19
 6.558E-19 6.418E-19 6.696E-19 7.354E-19 7.679E-19 6.749E-19 6.425E-19 6.955E-19 7.096E-19 6.134E-19
 5.258E-19 5.489E-19 6.742E-19 7.438E-19 7.199E-19 6.619E-19 6.407E-19 6.434E-19 6.843E-19 6.884E-19
 6.388E-19 6.311E-19 7.123E-19 7.399E-19 6.074E-19 5.284E-19 5.538E-19 6.101E-19 6.278E-19 6.190E-19
 6.412E-19 6.494E-19 6.348E-19 6.297E-19 5.940E-19 5.387E-19 5.534E-19 6.364E-19 6.627E-19 5.682E-19
 5.129E-19 5.373E-19 5.743E-19 5.871E-19 6.073E-19 6.554E-19 6.303E-19 5.772E-19 5.488E-19 5.302E-19
 5.336E-19 5.794E-19 6.402E-19 6.444E-19 5.780E-19 5.227E-19 5.112E-19 5.073E-19 5.170E-19 5.525E-19
 6.210E-19 6.122E-19 5.652E-19 5.359E-19 5.160E-19 5.093E-19 5.612E-19 6.225E-19 6.330E-19 5.794E-19
 5.259E-19 4.851E-19 4.619E-19 4.812E-19 5.477E-19 6.354E-19 5.858E-19 5.151E-19 4.862E-19 4.831E-19
 4.802E-19 5.230E-19 5.692E-19 5.846E-19 5.398E-19 5.034E-19 4.563E-19 4.359E-19 4.564E-19 5.136E-19
 5.782E-19 5.336E-19 4.797E-19 4.346E-19 4.341E-19 4.358E-19 4.653E-19 5.114E-19 5.557E-19 5.127E-19
 4.375E-19 4.013E-19 4.056E-19 4.423E-19 5.112E-19 5.283E-19 4.713E-19 4.421E-19 4.171E-19 4.242E-19
 4.271E-19 4.382E-19 4.554E-19 4.982E-19 5.171E-19 4.910E-19 4.569E-19 4.100E-19 4.176E-19 4.738E-19
 4.781E-19 4.585E-19 4.520E-19 4.094E-19 4.040E-19 4.177E-19 4.186E-19 4.208E-19 4.432E-19 4.821E-19
 4.707E-19 4.249E-19 3.937E-19 4.201E-19 4.731E-19 4.489E-19 4.122E-19 4.172E-19 3.978E-19 3.987E-19
 4.054E-19 3.884E-19 3.748E-19 3.836E-19 4.517E-19 4.799E-19 4.246E-19 3.791E-19 4.009E-19 4.384E-19
 4.176E-19 3.716E-19 3.706E-19 3.780E-19 3.860E-19 3.939E-19 3.717E-19 3.370E-19 3.310E-19 3.988E-19
 4.503E-19 4.136E-19 3.800E-19 4.193E-19 4.253E-19 3.785E-19 3.195E-19 3.328E-19 3.672E-19 3.788E-19
 3.715E-19 3.335E-19 2.951E-19 2.919E-19 3.471E-19 4.050E-19 3.845E-19 3.585E-19 4.043E-19 4.055E-19
 3.381E-19 2.808E-19 3.041E-19 3.562E-19 3.755E-19 3.510E-19 3.126E-19 2.846E-19 2.674E-19 2.920E-19
 3.399E-19 3.567E-19 3.680E-19 4.181E-19 4.081E-19 3.070E-19 2.419E-19 2.769E-19 3.449E-19 3.709E-19
 3.351E-19 2.994E-19 2.676E-19 2.448E-19 2.741E-19 3.316E-19 3.562E-19 3.654E-19 4.043E-19 3.764E-19
 2.715E-19 2.198E-19 2.609E-19 3.162E-19 3.415E-19 3.183E-19 2.918E-19 2.531E-19 2.239E-19 2.426E-19
 2.906E-19 3.283E-19 3.634E-19 4.106E-19 3.689E-19 2.577E-19 2.129E-19 2.369E-19 2.760E-19 3.137E-19
 3.234E-19 2.867E-19 2.303E-19 1.938E-19 2.069E-19 2.463E-19 2.982E-19 3.409E-19 3.653E-19 3.240E-19
 2.436E-19 2.133E-19 2.158E-19 2.476E-19 3.002E-19 3.309E-19 2.881E-19 2.210E-19 1.811E-19 1.825E-19
 2.151E-19 2.787E-19 3.258E-19 3.261E-19 2.880E-19 2.410E-19 2.127E-19 1.938E-19 2.201E-19 2.886E-19
 3.314E-19 2.813E-19 2.050E-19 1.701E-19 1.660E-19 1.991E-19 2.742E-19 3.280E-19 3.043E-19 2.576E-19
 2.312E-19 2.066E-19 1.881E-19 2.094E-19 2.779E-19 3.211E-19 2.801E-19 2.030E-19 1.557E-19 1.498E-19
 1.839E-19 2.503E-19 3.012E-19 2.858E-19 2.351E-19 2.120E-19 2.020E-19 1.859E-19 1.950E-19 2.484E-19
 2.862E-19 2.658E-19 1.998E-19 1.492E-19 1.493E-19 1.823E-19 2.289E-19 2.711E-19 2.713E-19 2.162E-19
 1.818E-19 1.875E-19 1.907E-19 2.016E-19 2.367E-19 2.709E-19 2.492E-19 1.797E-19 1.381E-19 1.486E-19
 1.815E-19 2.092E-19 2.397E-19 2.581E-19 2.100E-19 1.629E-19 1.716E-19 1.881E-19 2.046E-19 2.250E-19
 2.485E-19 2.278E-19 1.741E-19 1.461E-19 1.554E-19 1.776E-19 1.884E-19 2.119E-19 2.473E-19 2.121E-19
 1.528E-19 1.481E-19 1.723E-19 2.015E-19 2.134E-19 2.236E-19 2.015E-19 1.580E-19 1.498E-19 1.582E-19
 1.566E-19 1.532E-19 1.832E-19 2.318E-19 2.100E-19 1.476E-19 1.318E-19 1.585E-19 1.913E-19 2.053E-19
 2.117E-19 1.949E-19 1.540E-19 1.535E-19 1.623E-19 1.438E-19 1.336E-19 1.677E-19 2.135E-19 2.030E-19
 1.539E-19 1.335E-19 1.474E-19 1.722E-19 1.962E-19 2.034E-19 1.913E-19 1.634E-19 1.543E-19 1.518E-19
 1.259E-19 1.192E-19 1.542E-19 1.890E-19 1.817E-19 1.536E-19 1.355E-19 1.304E-19 1.420E-19 1.722E-19
 1.889E-19 1.768E-19 1.582E-19 1.439E-19 1.344E-19 1.165E-19 1.170E-19 1.448E-19 1.645E-19 1.593E-19
 1.535E-19 1.373E-19 1.131E-19 1.218E-19 1.569E-19 1.817E-19 1.749E-19 1.589E-19 1.343E-19 1.126E-19
 1.108E-19 1.218E-19 1.384E-19 1.468E-19 1.409E-19 1.423E-19 1.271E-19 9.834E-20 1.061E-19 1.417E-19
 1.663E-19 1.647E-19 1.512E-19 1.258E-19 1.011E-19 1.066E-19 1.219E-19 1.288E-19 1.283E-19 1.206E-19
 1.248E-19 1.166E-19 9.619E-20 9.904E-20 1.293E-19 1.463E-19 1.443E-19 1.387E-19 1.194E-19 9.740E-20
 1.030E-19 1.199E-19 1.279E-19 1.187E-19 1.058E-19 1.088E-19 1.093E-19 9.822E-20 9.924E-20 1.190E-19
 1.234E-19 1.108E-19 1.125E-19 1.159E-19 1.040E-19 1.010E-19 1.125E-19 1.218E-19 1.084E-19 9.163E-20
 9.283E-20 9.613E-20 9.664E-20 1.027E-19 1.138E-19 1.091E-19 9.147E-20 9.084E-20 1.043E-19 1.025E-19
 9.883E-20 1.059E-19 1.110E-19 9.606E-20 7.495E-20 7.631E-20 8.456E-20 9.302E-20 1.045E-19 1.094E-19
 9.719E-20 7.393E-20 6.720E-20 8.630E-20 9.641E-20 9.451E-20 1.025E-19 1.100E-19 9.614E-20 6.858E-20
 6.395E-20 7.582E-20 8.550E-20 1.001E-19 1.047E-19 8.598E-20 5.983E-20 5.460E-20 7.559E-20 9.000E-20
 9.044E-20 9.311E-20 9.662E-20 8.476E-20 6.309E-20 5.809E-20 7.173E-20 8.318E-20 9.657E-20 1.015E-19
 7.952E-20 5.066E-20 4.219E-20 6.014E-20 7.659E-20 8.699E-20 9.386E-20 9.188E-20 6.947E-20 5.064E-20
 5.611E-20 7.092E-20 8.264E-20 9.332E-20 9.869E-20 7.613E-20 4.612E-20 4.294E-20 5.641E-20 6.914E-20
 8.186E-20 9.435E-20 9.244E-20 6.489E-20 4.509E-20 4.961E-20 6.048E-20 7.646E-20 8.628E-20 9.075E-20
 7.326E-20 4.388E-20 3.717E-20 4.743E-20 6.201E-20 7.724E-20 8.622E-20 7.894E-20 5.272E-20 3.591E-20
 3.948E-20 5.336E-20 7.305E-20 8.784E-20 8.898E-20 7.070E-20 4.137E-20 2.927E-20 4.007E-20 5.960E-20
 7.620E-20 7.913E-20 6.829E-20 4.965E-20 3.745E-20 3.783E-20 4.808E-20 6.693E-20 7.839E-20 7.457E-20
 6.658E-20 4.933E-20 0.000E+00 0.000E+00 0.000E+00 0.000E+00 0.000E+00 0.000E+00 0.000E+00 0.000E+00
