     CClF3 1170.0060 1234.9960      4382  233.0000    0.0000 1.396E-17  NCAR    CFC-13
 8.047E-21 9.402E-21 1.254E-20 1.270E-20 1.171E-20 1.006E-20 6.758E-21 7.524E-21 1.069E-20 1.284E-20
 1.607E-20 1.859E-20 1.736E-20 1.517E-20 1.375E-20 1.305E-20 1.380E-20 1.575E-20 1.620E-20 1.480E-20
 1.355E-20 1.357E-20 1.223E-20 1.099E-20 1.237E-20 1.580E-20 1.687E-20 1.473E-20 1.420E-20 1.286E-20
 1.235E-20 1.237E-20 1.374E-20 1.719E-20 1.606E-20 1.227E-20 1.041E-20 1.047E-20 1.193E-20 1.443E-20
 1.744E-20 1.678E-20 1.263E-20 1.078E-20 1.128E-20 1.182E-20 1.309E-20 1.346E-20 1.435E-20 1.244E-20
 9.424E-21 9.275E-21 8.601E-21 8.934E-21 1.169E-20 1.587E-20 1.792E-20 1.649E-20 1.444E-20 1.360E-20
 1.110E-20 9.325E-21 1.285E-20 1.607E-20 1.702E-20 1.727E-20 1.650E-20 1.741E-20 2.233E-20 2.580E-20
 2.132E-20 1.320E-20 1.129E-20 1.182E-20 1.187E-20 1.342E-20 1.460E-20 1.517E-20 1.572E-20 1.504E-20
 1.253E-20 1.250E-20 1.458E-20 1.827E-20 2.193E-20 2.030E-20 1.452E-20 1.159E-20 9.999E-21 1.172E-20
 1.490E-20 1.651E-20 1.738E-20 1.671E-20 1.587E-20 1.452E-20 1.413E-20 1.691E-20 1.781E-20 2.023E-20
 1.961E-20 1.347E-20 1.206E-20 1.447E-20 1.805E-20 1.680E-20 1.339E-20 1.399E-20 1.545E-20 1.447E-20
 1.364E-20 1.581E-20 1.638E-20 1.739E-20 1.815E-20 1.600E-20 1.121E-20 9.937E-21 1.261E-20 1.261E-20
 1.876E-20 2.087E-20 2.023E-20 1.793E-20 1.393E-20 1.287E-20 1.638E-20 1.852E-20 2.109E-20 2.277E-20
 2.108E-20 1.828E-20 1.675E-20 1.548E-20 1.530E-20 1.481E-20 1.681E-20 2.084E-20 2.275E-20 2.107E-20
 1.912E-20 1.891E-20 1.856E-20 1.916E-20 1.915E-20 1.846E-20 1.694E-20 1.566E-20 1.624E-20 1.708E-20
 1.723E-20 1.815E-20 1.975E-20 2.095E-20 1.815E-20 1.713E-20 2.168E-20 2.168E-20 1.901E-20 1.792E-20
 1.979E-20 1.870E-20 1.625E-20 1.663E-20 1.762E-20 1.825E-20 1.955E-20 2.089E-20 2.236E-20 2.089E-20
 1.901E-20 1.957E-20 2.092E-20 2.153E-20 2.187E-20 2.296E-20 2.089E-20 1.840E-20 1.785E-20 1.902E-20
 2.081E-20 2.419E-20 2.426E-20 2.429E-20 2.171E-20 1.805E-20 1.780E-20 2.030E-20 2.276E-20 2.416E-20
 2.185E-20 1.815E-20 1.854E-20 1.989E-20 2.115E-20 2.277E-20 2.533E-20 2.714E-20 2.800E-20 2.449E-20
 2.147E-20 2.083E-20 2.242E-20 2.573E-20 2.880E-20 2.444E-20 1.936E-20 2.021E-20 2.077E-20 2.148E-20
 2.353E-20 2.486E-20 2.486E-20 2.434E-20 2.042E-20 2.155E-20 2.459E-20 2.312E-20 2.113E-20 2.291E-20
 2.129E-20 1.966E-20 2.005E-20 2.291E-20 2.554E-20 2.739E-20 3.010E-20 3.175E-20 2.759E-20 2.382E-20
 2.768E-20 3.150E-20 2.951E-20 2.767E-20 2.882E-20 2.668E-20 2.159E-20 1.679E-20 1.740E-20 2.151E-20
 2.539E-20 2.994E-20 3.026E-20 2.607E-20 2.244E-20 2.146E-20 1.967E-20 2.008E-20 2.489E-20 2.845E-20
 2.663E-20 2.406E-20 2.224E-20 2.106E-20 2.146E-20 2.656E-20 3.349E-20 3.714E-20 3.384E-20 2.857E-20
 2.878E-20 2.907E-20 2.968E-20 3.059E-20 3.017E-20 2.709E-20 2.483E-20 2.420E-20 2.564E-20 2.923E-20
 3.456E-20 3.706E-20 3.455E-20 2.716E-20 2.082E-20 2.029E-20 2.162E-20 2.514E-20 3.070E-20 3.269E-20
 2.866E-20 2.360E-20 2.282E-20 2.715E-20 3.299E-20 3.557E-20 3.604E-20 3.502E-20 2.970E-20 2.641E-20
 2.656E-20 2.505E-20 2.533E-20 2.996E-20 3.181E-20 2.933E-20 2.836E-20 2.942E-20 3.371E-20 3.512E-20
 3.483E-20 3.277E-20 2.989E-20 2.775E-20 2.875E-20 3.306E-20 3.281E-20 3.076E-20 3.477E-20 3.769E-20
 3.585E-20 3.343E-20 3.343E-20 2.919E-20 3.328E-20 3.328E-20 3.543E-20 3.462E-20 3.048E-20 2.552E-20
 2.478E-20 2.406E-20 2.811E-20 3.780E-20 3.929E-20 3.407E-20 3.039E-20 2.961E-20 3.011E-20 3.154E-20
 3.293E-20 3.430E-20 3.300E-20 2.695E-20 2.473E-20 2.751E-20 3.114E-20 3.464E-20 3.643E-20 3.300E-20
 2.752E-20 2.374E-20 2.386E-20 2.649E-20 3.111E-20 3.463E-20 3.482E-20 3.183E-20 3.012E-20 3.387E-20
 3.748E-20 3.363E-20 3.198E-20 3.354E-20 3.063E-20 2.643E-20 2.396E-20 2.682E-20 3.027E-20 3.439E-20
 4.035E-20 4.281E-20 4.168E-20 3.792E-20 3.386E-20 3.386E-20 3.024E-20 3.205E-20 3.377E-20 3.313E-20
 3.416E-20 3.639E-20 3.573E-20 3.481E-20 3.870E-20 4.392E-20 4.295E-20 3.757E-20 3.081E-20 2.817E-20
 3.191E-20 3.530E-20 3.903E-20 4.210E-20 3.973E-20 3.517E-20 3.439E-20 3.836E-20 4.126E-20 4.151E-20
 4.052E-20 4.250E-20 4.160E-20 3.506E-20 3.370E-20 3.443E-20 3.177E-20 3.280E-20 3.646E-20 4.078E-20
 4.364E-20 4.357E-20 3.812E-20 3.393E-20 3.752E-20 3.973E-20 3.857E-20 3.711E-20 3.226E-20 2.993E-20
 3.331E-20 3.839E-20 4.423E-20 4.615E-20 4.377E-20 3.926E-20 3.547E-20 3.292E-20 3.267E-20 3.384E-20
 3.551E-20 3.873E-20 3.904E-20 3.252E-20 3.319E-20 3.841E-20 3.893E-20 4.067E-20 4.859E-20 4.976E-20
 4.067E-20 3.271E-20 3.067E-20 3.054E-20 3.487E-20 3.487E-20 4.640E-20 4.828E-20 4.157E-20 4.102E-20
 4.558E-20 4.015E-20 3.670E-20 4.116E-20 4.310E-20 4.001E-20 3.465E-20 3.072E-20 3.227E-20 3.987E-20
 4.616E-20 5.134E-20 4.506E-20 3.015E-20 2.601E-20 2.827E-20 2.770E-20 3.046E-20 3.655E-20 4.026E-20
 4.080E-20 3.958E-20 4.644E-20 5.586E-20 4.924E-20 3.675E-20 3.507E-20 3.342E-20 2.763E-20 2.789E-20
 2.799E-20 2.799E-20 3.954E-20 5.453E-20 5.848E-20 5.127E-20 3.659E-20 2.727E-20 2.727E-20 3.258E-20
 3.807E-20 4.084E-20 3.931E-20 3.679E-20 3.981E-20 4.046E-20 4.127E-20 4.082E-20 3.823E-20 3.588E-20
 3.102E-20 2.878E-20 2.936E-20 3.270E-20 3.853E-20 4.537E-20 5.916E-20 7.017E-20 6.070E-20 3.782E-20
 2.598E-20 2.754E-20 3.228E-20 3.695E-20 4.014E-20 4.096E-20 4.225E-20 4.750E-20 5.069E-20 4.820E-20
 4.148E-20 4.008E-20 3.825E-20 2.944E-20 2.554E-20 2.757E-20 3.216E-20 4.308E-20 5.628E-20 6.037E-20
 4.695E-20 3.081E-20 2.580E-20 2.722E-20 3.409E-20 4.392E-20 5.121E-20 4.980E-20 4.803E-20 5.017E-20
 4.693E-20 3.725E-20 3.520E-20 4.053E-20 4.247E-20 3.878E-20 3.569E-20 3.264E-20 3.146E-20 3.828E-20
 4.796E-20 5.576E-20 4.561E-20 2.881E-20 2.708E-20 2.836E-20 3.097E-20 3.625E-20 3.974E-20 4.070E-20
 3.546E-20 3.180E-20 3.390E-20 3.456E-20 3.278E-20 3.715E-20 4.439E-20 4.328E-20 3.453E-20 2.998E-20
 2.926E-20 3.456E-20 3.456E-20 5.389E-20 4.712E-20 3.320E-20 2.920E-20 3.644E-20 4.008E-20 4.017E-20
 4.881E-20 6.420E-20 6.807E-20 6.597E-20 6.934E-20 5.974E-20 4.083E-20 3.593E-20 3.777E-20 3.510E-20
 2.717E-20 2.688E-20 4.053E-20 5.585E-20 6.083E-20 5.436E-20 4.661E-20 3.276E-20 2.471E-20 2.429E-20
 2.215E-20 2.880E-20 4.769E-20 6.680E-20 6.679E-20 4.425E-20 3.528E-20 4.389E-20 4.414E-20 3.794E-20
 3.656E-20 3.941E-20 4.198E-20 5.811E-20 8.810E-20 9.230E-20 6.700E-20 5.771E-20 4.719E-20 2.980E-20
 1.715E-20 1.524E-20 2.458E-20 4.103E-20 6.075E-20 7.480E-20 6.247E-20 4.054E-20 3.010E-20 2.598E-20
 2.915E-20 2.993E-20 3.289E-20 3.836E-20 4.818E-20 6.242E-20 6.992E-20 5.721E-20 4.381E-20 3.385E-20
 3.264E-20 3.374E-20 2.632E-20 2.600E-20 4.469E-20 7.732E-20 7.732E-20 1.087E-19 7.079E-20 4.320E-20
 1.955E-20 9.312E-21 9.312E-21 1.219E-20 2.135E-20 4.141E-20 6.696E-20 7.396E-20 4.855E-20 2.493E-20
 1.562E-20 1.364E-20 1.513E-20 1.754E-20 2.465E-20 3.754E-20 6.146E-20 8.168E-20 6.996E-20 4.116E-20
 2.601E-20 1.979E-20 1.489E-20 1.299E-20 1.929E-20 3.722E-20 7.426E-20 1.180E-19 1.275E-19 7.945E-20
 3.034E-20 1.275E-20 1.321E-20 1.711E-20 2.459E-20 3.412E-20 4.711E-20 6.295E-20 7.750E-20 6.093E-20
 3.170E-20 2.046E-20 1.678E-20 1.810E-20 2.516E-20 3.222E-20 4.284E-20 4.284E-20 7.883E-20 6.777E-20
 3.536E-20 2.094E-20 1.863E-20 2.155E-20 2.809E-20 3.980E-20 6.200E-20 1.045E-19 1.498E-19 1.340E-19
 5.762E-20 2.087E-20 2.087E-20 2.158E-20 2.503E-20 2.579E-20 3.344E-20 5.528E-20 8.136E-20 7.309E-20
 3.477E-20 1.992E-20 2.307E-20 2.649E-20 3.357E-20 4.282E-20 5.828E-20 7.924E-20 9.502E-20 7.742E-20
 3.771E-20 2.100E-20 2.427E-20 3.222E-20 3.941E-20 4.974E-20 7.842E-20 1.253E-19 1.548E-19 1.144E-19
 4.859E-20 2.812E-20 2.849E-20 3.061E-20 3.462E-20 4.399E-20 6.438E-20 8.424E-20 8.865E-20 6.646E-20
 4.166E-20 3.673E-20 3.802E-20 3.797E-20 4.349E-20 5.695E-20 7.564E-20 9.458E-20 9.698E-20 7.131E-20
 4.789E-20 4.603E-20 5.239E-20 6.327E-20 8.016E-20 1.079E-19 1.405E-19 1.555E-19 1.273E-19 6.686E-20
 4.079E-20 4.625E-20 5.460E-20 6.296E-20 7.614E-20 9.806E-20 1.178E-19 1.145E-19 8.699E-20 6.529E-20
 6.215E-20 6.649E-20 7.624E-20 8.830E-20 9.632E-20 1.011E-19 1.031E-19 9.555E-20 7.598E-20 6.428E-20
 6.340E-20 6.715E-20 7.284E-20 7.902E-20 7.699E-20 6.653E-20 5.226E-20 3.855E-20 3.582E-20 3.869E-20
 4.453E-20 5.180E-20 5.432E-20 5.125E-20 5.460E-20 6.656E-20 7.303E-20 6.504E-20 5.719E-20 5.535E-20
 5.355E-20 5.430E-20 5.321E-20 5.438E-20 6.557E-20 7.683E-20 7.233E-20 6.380E-20 6.252E-20 6.385E-20
 6.806E-20 6.304E-20 6.326E-20 8.975E-20 1.234E-19 1.178E-19 9.072E-20 7.393E-20 6.463E-20 5.975E-20
 5.328E-20 5.475E-20 7.178E-20 9.287E-20 8.764E-20 6.573E-20 5.705E-20 5.911E-20 5.678E-20 5.087E-20
 5.883E-20 8.131E-20 9.303E-20 7.833E-20 6.385E-20 6.486E-20 6.804E-20 6.155E-20 5.908E-20 7.475E-20
 1.072E-19 1.248E-19 9.579E-20 6.850E-20 6.608E-20 6.369E-20 5.528E-20 5.243E-20 6.264E-20 8.125E-20
 8.285E-20 6.857E-20 6.450E-20 6.006E-20 5.003E-20 4.021E-20 4.078E-20 6.235E-20 8.810E-20 8.873E-20
 7.893E-20 7.520E-20 6.253E-20 5.022E-20 4.964E-20 6.900E-20 1.096E-19 1.272E-19 9.684E-20 6.528E-20
 4.483E-20 3.998E-20 4.680E-20 5.183E-20 6.165E-20 7.771E-20 7.736E-20 6.257E-20 5.205E-20 4.663E-20
 3.932E-20 3.957E-20 5.785E-20 8.937E-20 9.960E-20 7.496E-20 4.719E-20 3.549E-20 3.671E-20 4.748E-20
 6.966E-20 1.092E-19 1.286E-19 9.206E-20 5.258E-20 3.679E-20 3.556E-20 4.237E-20 5.839E-20 8.199E-20
 8.467E-20 5.569E-20 3.698E-20 3.911E-20 4.541E-20 5.049E-20 6.277E-20 8.860E-20 9.707E-20 7.003E-20
 4.538E-20 3.992E-20 3.942E-20 4.455E-20 6.378E-20 9.623E-20 1.096E-19 8.273E-20 5.759E-20 4.929E-20
 4.549E-20 4.805E-20 5.971E-20 7.820E-20 8.043E-20 5.704E-20 4.243E-20 4.273E-20 4.782E-20 5.907E-20
 7.138E-20 7.702E-20 7.243E-20 5.715E-20 5.012E-20 5.291E-20 5.681E-20 6.768E-20 8.803E-20 1.025E-19
 7.968E-20 5.191E-20 4.806E-20 4.956E-20 5.019E-20 5.159E-20 6.151E-20 6.651E-20 5.397E-20 5.094E-20
 5.571E-20 5.585E-20 5.362E-20 6.248E-20 7.043E-20 5.772E-20 4.516E-20 4.620E-20 4.577E-20 4.711E-20
 6.261E-20 8.579E-20 8.442E-20 6.227E-20 5.552E-20 5.289E-20 4.494E-20 4.788E-20 6.363E-20 7.036E-20
 5.701E-20 5.114E-20 5.283E-20 4.638E-20 4.541E-20 5.238E-20 5.811E-20 5.383E-20 4.955E-20 4.843E-20
 4.543E-20 4.964E-20 6.930E-20 8.710E-20 7.108E-20 4.424E-20 3.583E-20 3.861E-20 4.318E-20 5.526E-20
 6.387E-20 5.758E-20 4.676E-20 4.408E-20 4.709E-20 4.743E-20 5.162E-20 5.945E-20 5.564E-20 4.717E-20
 4.188E-20 4.414E-20 5.679E-20 7.088E-20 6.673E-20 4.488E-20 3.539E-20 3.696E-20 4.690E-20 6.020E-20
 6.187E-20 4.878E-20 3.769E-20 3.810E-20 3.862E-20 4.036E-20 4.645E-20 4.645E-20 4.426E-20 4.064E-20
 3.974E-20 4.118E-20 5.078E-20 6.380E-20 5.929E-20 3.978E-20 3.481E-20 4.198E-20 4.836E-20 5.163E-20
 4.567E-20 3.412E-20 3.409E-20 4.029E-20 3.923E-20 4.064E-20 4.499E-20 4.511E-20 4.482E-20 4.126E-20
 3.679E-20 4.302E-20 5.350E-20 5.333E-20 4.517E-20 3.531E-20 3.173E-20 3.890E-20 4.523E-20 4.098E-20
 3.222E-20 2.973E-20 3.432E-20 4.161E-20 4.307E-20 3.479E-20 2.890E-20 3.255E-20 4.141E-20 4.683E-20
 4.441E-20 3.757E-20 3.485E-20 3.733E-20 3.707E-20 3.625E-20 3.794E-20 3.825E-20 3.701E-20 3.471E-20
 3.192E-20 3.631E-20 4.127E-20 4.069E-20 3.761E-20 3.298E-20 3.785E-20 4.691E-20 4.458E-20 3.438E-20
 2.820E-20 3.059E-20 3.821E-20 4.190E-20 3.558E-20 2.956E-20 2.927E-20 3.241E-20 3.824E-20 3.605E-20
 3.076E-20 3.506E-20 4.210E-20 4.223E-20 3.409E-20 2.744E-20 2.917E-20 3.397E-20 3.835E-20 3.742E-20
 3.197E-20 3.210E-20 3.774E-20 4.281E-20 3.963E-20 3.476E-20 3.587E-20 3.731E-20 3.638E-20 3.310E-20
 2.997E-20 3.211E-20 3.622E-20 3.622E-20 3.596E-20 2.806E-20 2.629E-20 2.983E-20 3.531E-20 3.524E-20
 3.264E-20 3.489E-20 3.840E-20 3.546E-20 2.906E-20 2.706E-20 3.074E-20 3.462E-20 3.342E-20 2.985E-20
 2.488E-20 2.551E-20 3.086E-20 3.203E-20 2.898E-20 2.870E-20 3.215E-20 3.445E-20 3.265E-20 2.847E-20
 2.896E-20 3.429E-20 3.649E-20 3.265E-20 2.798E-20 2.419E-20 2.740E-20 3.499E-20 3.864E-20 3.639E-20
 3.390E-20 3.253E-20 2.969E-20 2.683E-20 2.661E-20 2.956E-20 3.405E-20 3.889E-20 3.870E-20 3.311E-20
 2.759E-20 2.896E-20 3.160E-20 3.455E-20 3.417E-20 3.227E-20 3.217E-20 3.099E-20 3.008E-20 2.854E-20
 2.748E-20 2.909E-20 3.059E-20 3.139E-20 2.804E-20 2.411E-20 2.701E-20 3.418E-20 3.656E-20 2.918E-20
 2.741E-20 3.137E-20 3.152E-20 2.953E-20 2.842E-20 2.905E-20 3.067E-20 3.241E-20 3.361E-20 2.994E-20
 2.666E-20 2.930E-20 3.274E-20 3.396E-20 3.145E-20 3.102E-20 3.114E-20 2.958E-20 2.783E-20 2.625E-20
 2.749E-20 3.048E-20 3.339E-20 3.231E-20 2.928E-20 2.858E-20 2.977E-20 3.096E-20 3.027E-20 2.557E-20
 2.516E-20 2.860E-20 3.138E-20 3.226E-20 3.084E-20 3.043E-20 3.072E-20 3.024E-20 2.865E-20 2.709E-20
 2.686E-20 2.697E-20 2.815E-20 3.114E-20 3.076E-20 2.734E-20 2.604E-20 2.834E-20 2.868E-20 2.632E-20
 2.823E-20 3.249E-20 3.413E-20 3.338E-20 3.027E-20 2.980E-20 3.249E-20 3.461E-20 3.421E-20 3.154E-20
 3.074E-20 3.224E-20 3.489E-20 3.172E-20 2.510E-20 2.636E-20 3.047E-20 2.931E-20 2.646E-20 2.641E-20
 2.655E-20 2.797E-20 3.131E-20 3.077E-20 2.769E-20 2.742E-20 2.892E-20 3.081E-20 3.042E-20 2.890E-20
 3.040E-20 3.212E-20 3.200E-20 2.975E-20 2.692E-20 2.780E-20 3.188E-20 3.557E-20 3.616E-20 3.286E-20
 3.024E-20 3.106E-20 3.288E-20 3.241E-20 3.050E-20 3.138E-20 3.047E-20 3.014E-20 3.084E-20 2.908E-20
 2.903E-20 2.883E-20 2.915E-20 2.885E-20 2.621E-20 2.646E-20 3.006E-20 3.326E-20 3.307E-20 3.307E-20
 3.158E-20 2.959E-20 3.019E-20 3.043E-20 2.855E-20 2.955E-20 2.955E-20 3.286E-20 2.823E-20 2.360E-20
 2.389E-20 2.622E-20 2.852E-20 2.782E-20 2.895E-20 3.007E-20 3.052E-20 3.019E-20 2.925E-20 2.784E-20
 2.939E-20 3.044E-20 3.042E-20 2.769E-20 2.589E-20 2.845E-20 2.923E-20 2.946E-20 3.156E-20 3.208E-20
 3.217E-20 3.203E-20 3.241E-20 3.198E-20 3.063E-20 3.263E-20 3.393E-20 3.076E-20 2.600E-20 2.603E-20
 2.908E-20 3.216E-20 3.312E-20 3.225E-20 3.222E-20 3.365E-20 3.310E-20 3.054E-20 2.776E-20 2.831E-20
 3.230E-20 3.284E-20 3.159E-20 2.889E-20 2.939E-20 3.254E-20 3.461E-20 3.505E-20 3.366E-20 3.300E-20
 3.456E-20 3.596E-20 3.547E-20 3.505E-20 3.460E-20 3.634E-20 3.461E-20 3.338E-20 3.246E-20 3.190E-20
 3.308E-20 3.476E-20 3.614E-20 3.657E-20 3.611E-20 3.578E-20 3.619E-20 3.248E-20 2.793E-20 2.931E-20
 3.336E-20 3.458E-20 3.456E-20 3.284E-20 2.979E-20 2.974E-20 3.244E-20 3.395E-20 3.373E-20 3.586E-20
 3.781E-20 3.808E-20 3.638E-20 3.402E-20 3.323E-20 3.296E-20 3.115E-20 3.143E-20 3.240E-20 3.284E-20
 3.252E-20 3.324E-20 3.243E-20 3.190E-20 3.428E-20 3.524E-20 3.570E-20 3.574E-20 3.515E-20 3.515E-20
 3.871E-20 3.871E-20 3.687E-20 3.402E-20 3.284E-20 3.431E-20 3.812E-20 3.746E-20 3.611E-20 3.679E-20
 3.564E-20 3.427E-20 3.437E-20 3.359E-20 3.318E-20 3.723E-20 4.131E-20 3.966E-20 3.540E-20 3.568E-20
 3.746E-20 3.975E-20 4.090E-20 4.105E-20 3.992E-20 3.787E-20 3.660E-20 3.842E-20 3.965E-20 3.700E-20
 3.641E-20 3.821E-20 3.668E-20 3.482E-20 3.630E-20 3.843E-20 4.026E-20 3.980E-20 3.783E-20 3.734E-20
 3.537E-20 3.335E-20 3.459E-20 3.749E-20 4.024E-20 4.039E-20 4.204E-20 4.289E-20 4.044E-20 3.837E-20
 3.763E-20 3.916E-20 4.035E-20 4.017E-20 4.117E-20 4.116E-20 3.940E-20 3.727E-20 3.801E-20 4.005E-20
 4.030E-20 3.937E-20 3.876E-20 3.797E-20 3.881E-20 4.094E-20 4.181E-20 4.268E-20 4.204E-20 4.137E-20
 4.268E-20 4.315E-20 4.173E-20 4.039E-20 4.056E-20 4.235E-20 4.196E-20 3.982E-20 3.910E-20 4.028E-20
 4.299E-20 4.408E-20 4.509E-20 4.595E-20 4.604E-20 4.511E-20 4.196E-20 3.959E-20 4.047E-20 4.491E-20
 4.738E-20 4.661E-20 4.586E-20 4.496E-20 4.499E-20 4.596E-20 4.730E-20 4.622E-20 4.336E-20 4.444E-20
 4.655E-20 4.655E-20 4.246E-20 4.369E-20 4.562E-20 4.335E-20 4.062E-20 4.189E-20 4.406E-20 4.659E-20
 4.921E-20 4.909E-20 4.793E-20 4.693E-20 4.499E-20 4.498E-20 4.525E-20 4.455E-20 4.626E-20 4.955E-20
 5.038E-20 4.922E-20 4.843E-20 4.965E-20 5.140E-20 5.149E-20 5.082E-20 5.388E-20 5.485E-20 5.159E-20
 4.990E-20 5.018E-20 4.936E-20 4.996E-20 5.216E-20 5.412E-20 5.467E-20 5.470E-20 5.470E-20 5.470E-20
 5.595E-20 5.604E-20 5.686E-20 5.439E-20 5.177E-20 5.356E-20 5.453E-20 5.365E-20 5.148E-20 4.967E-20
 5.096E-20 5.199E-20 5.302E-20 5.531E-20 5.517E-20 5.467E-20 5.671E-20 5.825E-20 5.668E-20 5.478E-20
 5.341E-20 5.417E-20 5.637E-20 5.770E-20 5.945E-20 5.903E-20 5.842E-20 5.997E-20 5.880E-20 5.763E-20
 5.792E-20 5.730E-20 5.687E-20 5.665E-20 5.419E-20 5.362E-20 5.521E-20 5.611E-20 5.578E-20 5.481E-20
 5.543E-20 5.774E-20 6.098E-20 6.130E-20 6.152E-20 6.369E-20 6.378E-20 6.148E-20 5.878E-20 5.681E-20
 5.661E-20 5.847E-20 6.192E-20 6.316E-20 6.151E-20 6.136E-20 6.194E-20 6.265E-20 6.265E-20 6.524E-20
 6.665E-20 6.668E-20 6.671E-20 6.748E-20 6.757E-20 6.643E-20 6.646E-20 6.717E-20 6.497E-20 6.162E-20
 5.985E-20 6.210E-20 6.689E-20 6.943E-20 6.980E-20 6.908E-20 6.878E-20 6.995E-20 7.240E-20 7.233E-20
 7.158E-20 7.012E-20 7.012E-20 7.016E-20 6.850E-20 6.777E-20 6.933E-20 7.254E-20 7.326E-20 7.515E-20
 7.940E-20 7.877E-20 7.720E-20 7.763E-20 7.700E-20 7.417E-20 7.367E-20 7.447E-20 7.648E-20 7.767E-20
 7.853E-20 7.874E-20 7.732E-20 7.541E-20 7.735E-20 7.983E-20 7.846E-20 7.714E-20 8.164E-20 8.372E-20
 8.000E-20 7.662E-20 7.759E-20 7.948E-20 8.214E-20 8.529E-20 8.520E-20 8.429E-20 8.229E-20 8.200E-20
 8.308E-20 8.329E-20 8.194E-20 8.445E-20 8.560E-20 8.076E-20 7.410E-20 7.695E-20 8.489E-20 9.052E-20
 9.311E-20 8.711E-20 8.276E-20 8.090E-20 8.331E-20 8.835E-20 8.898E-20 8.759E-20 8.944E-20 9.011E-20
 8.469E-20 7.973E-20 8.116E-20 8.971E-20 9.719E-20 1.012E-19 9.576E-20 8.735E-20 8.684E-20 8.917E-20
 9.177E-20 9.438E-20 9.497E-20 9.760E-20 9.967E-20 9.697E-20 9.285E-20 9.227E-20 9.734E-20 1.042E-19
 1.068E-19 1.006E-19 9.367E-20 9.634E-20 1.004E-19 1.041E-19 1.041E-19 1.016E-19 9.884E-20 9.589E-20
 9.629E-20 9.544E-20 9.615E-20 1.060E-19 1.159E-19 1.134E-19 1.025E-19 9.772E-20 9.975E-20 1.020E-19
 1.047E-19 1.099E-19 1.096E-19 1.060E-19 1.053E-19 1.080E-19 1.093E-19 1.062E-19 1.127E-19 1.232E-19
 1.219E-19 1.121E-19 1.093E-19 1.159E-19 1.173E-19 1.175E-19 1.207E-19 1.126E-19 1.080E-19 1.127E-19
 1.157E-19 1.140E-19 1.119E-19 1.187E-19 1.268E-19 1.256E-19 1.171E-19 1.151E-19 1.233E-19 1.260E-19
 1.281E-19 1.316E-19 1.235E-19 1.184E-19 1.236E-19 1.259E-19 1.253E-19 1.244E-19 1.279E-19 1.341E-19
 1.339E-19 1.267E-19 1.265E-19 1.317E-19 1.332E-19 1.354E-19 1.359E-19 1.291E-19 1.230E-19 1.243E-19
 1.341E-19 1.389E-19 1.355E-19 1.319E-19 1.314E-19 1.339E-19 1.299E-19 1.336E-19 1.426E-19 1.454E-19
 1.458E-19 1.429E-19 1.348E-19 1.294E-19 1.335E-19 1.450E-19 1.502E-19 1.492E-19 1.464E-19 1.441E-19
 1.445E-19 1.431E-19 1.496E-19 1.588E-19 1.591E-19 1.531E-19 1.451E-19 1.408E-19 1.419E-19 1.472E-19
 1.542E-19 1.575E-19 1.523E-19 1.473E-19 1.463E-19 1.489E-19 1.496E-19 1.656E-19 1.840E-19 1.778E-19
 1.581E-19 1.493E-19 1.496E-19 1.523E-19 1.600E-19 1.666E-19 1.716E-19 1.634E-19 1.552E-19 1.573E-19
 1.617E-19 1.638E-19 1.836E-19 2.026E-19 1.895E-19 1.664E-19 1.631E-19 1.667E-19 1.688E-19 1.720E-19
 1.795E-19 1.850E-19 1.733E-19 1.664E-19 1.736E-19 1.832E-19 1.885E-19 2.006E-19 2.131E-19 2.010E-19
 1.849E-19 1.838E-19 1.835E-19 1.816E-19 1.875E-19 1.991E-19 1.997E-19 1.805E-19 1.748E-19 1.893E-19
 2.056E-19 2.010E-19 2.029E-19 2.173E-19 2.096E-19 1.935E-19 1.896E-19 1.871E-19 1.866E-19 1.989E-19
 2.121E-19 2.074E-19 1.923E-19 1.959E-19 2.168E-19 2.299E-19 2.146E-19 2.132E-19 2.275E-19 2.223E-19
 2.107E-19 2.068E-19 2.007E-19 2.023E-19 2.164E-19 2.217E-19 2.129E-19 2.089E-19 2.161E-19 2.274E-19
 2.339E-19 2.251E-19 2.245E-19 2.376E-19 2.366E-19 2.238E-19 2.124E-19 2.121E-19 2.250E-19 2.406E-19
 2.389E-19 2.316E-19 2.301E-19 2.304E-19 2.338E-19 2.484E-19 2.498E-19 2.444E-19 2.522E-19 2.609E-19
 2.440E-19 2.191E-19 2.246E-19 2.512E-19 2.597E-19 2.511E-19 2.473E-19 2.480E-19 2.403E-19 2.453E-19
 2.718E-19 2.737E-19 2.581E-19 2.612E-19 2.697E-19 2.502E-19 2.299E-19 2.449E-19 2.729E-19 2.776E-19
 2.724E-19 2.658E-19 2.500E-19 2.344E-19 2.553E-19 2.944E-19 2.912E-19 2.703E-19 2.761E-19 2.766E-19
 2.556E-19 2.471E-19 2.706E-19 2.938E-19 2.983E-19 2.951E-19 2.806E-19 2.563E-19 2.478E-19 2.786E-19
 3.107E-19 2.999E-19 2.845E-19 2.884E-19 2.847E-19 2.741E-19 2.811E-19 3.010E-19 3.145E-19 3.116E-19
 3.035E-19 2.845E-19 2.645E-19 2.702E-19 3.054E-19 3.335E-19 3.234E-19 2.967E-19 2.911E-19 2.958E-19
 2.959E-19 3.108E-19 3.219E-19 3.299E-19 3.247E-19 3.085E-19 2.941E-19 2.858E-19 2.931E-19 3.241E-19
 3.570E-19 3.489E-19 3.072E-19 3.023E-19 3.230E-19 3.374E-19 3.551E-19 3.515E-19 3.460E-19 3.318E-19
 3.104E-19 3.104E-19 3.155E-19 3.191E-19 3.446E-19 3.812E-19 3.632E-19 3.098E-19 3.092E-19 3.495E-19
 3.799E-19 3.907E-19 3.712E-19 3.550E-19 3.338E-19 3.135E-19 3.218E-19 3.426E-19 3.594E-19 3.798E-19
 4.012E-19 3.716E-19 3.189E-19 3.257E-19 3.833E-19 4.117E-19 4.070E-19 3.942E-19 3.729E-19 3.371E-19
 3.186E-19 3.426E-19 3.810E-19 4.021E-19 4.050E-19 4.023E-19 3.700E-19 3.300E-19 3.564E-19 4.169E-19
 4.322E-19 4.260E-19 4.231E-19 3.856E-19 3.357E-19 3.339E-19 3.821E-19 4.270E-19 4.406E-19 4.236E-19
 4.145E-19 3.916E-19 3.692E-19 3.993E-19 4.407E-19 4.504E-19 4.598E-19 4.523E-19 3.965E-19 3.511E-19
 3.641E-19 4.160E-19 4.591E-19 4.517E-19 4.296E-19 4.405E-19 4.331E-19 4.185E-19 4.346E-19 4.538E-19
 4.681E-19 4.820E-19 4.562E-19 4.023E-19 3.811E-19 4.169E-19 4.759E-19 4.959E-19 4.638E-19 4.454E-19
 4.605E-19 4.548E-19 4.419E-19 4.471E-19 4.584E-19 4.937E-19 5.015E-19 4.704E-19 4.398E-19 4.323E-19
 4.632E-19 4.945E-19 4.961E-19 4.758E-19 4.660E-19 4.925E-19 4.930E-19 4.812E-19 4.693E-19 4.777E-19
 5.150E-19 5.178E-19 5.020E-19 4.890E-19 4.888E-19 5.039E-19 5.072E-19 5.171E-19 5.047E-19 4.928E-19
 5.224E-19 5.404E-19 5.240E-19 4.895E-19 4.889E-19 5.201E-19 5.305E-19 5.345E-19 5.325E-19 5.295E-19
 5.218E-19 5.220E-19 5.501E-19 5.423E-19 5.290E-19 5.548E-19 5.766E-19 5.443E-19 5.091E-19 5.103E-19
 5.416E-19 5.694E-19 5.902E-19 5.900E-19 5.677E-19 5.368E-19 5.513E-19 5.832E-19 5.776E-19 5.659E-19
 5.964E-19 6.044E-19 5.634E-19 5.335E-19 5.351E-19 5.646E-19 6.010E-19 6.347E-19 6.312E-19 5.843E-19
 5.610E-19 5.902E-19 6.181E-19 6.122E-19 6.189E-19 6.437E-19 6.225E-19 5.798E-19 5.560E-19 5.706E-19
 6.016E-19 6.464E-19 6.836E-19 6.597E-19 5.987E-19 5.842E-19 6.040E-19 6.198E-19 6.394E-19 6.707E-19
 6.676E-19 6.338E-19 6.007E-19 5.815E-19 5.923E-19 6.426E-19 7.261E-19 7.466E-19 6.916E-19 6.443E-19
 6.415E-19 6.389E-19 6.516E-19 6.899E-19 7.144E-19 6.900E-19 6.480E-19 6.165E-19 6.037E-19 6.236E-19
 6.849E-19 7.573E-19 7.448E-19 6.938E-19 6.866E-19 6.609E-19 6.397E-19 6.937E-19 7.551E-19 7.600E-19
 7.156E-19 6.580E-19 6.194E-19 6.144E-19 6.747E-19 7.616E-19 8.094E-19 7.755E-19 7.575E-19 7.592E-19
 6.782E-19 6.559E-19 7.330E-19 7.951E-19 8.010E-19 7.305E-19 6.713E-19 6.490E-19 6.657E-19 7.544E-19
 8.262E-19 8.214E-19 7.750E-19 7.784E-19 7.730E-19 6.904E-19 6.875E-19 7.913E-19 8.423E-19 8.091E-19
 7.183E-19 6.787E-19 6.697E-19 7.020E-19 8.078E-19 8.839E-19 8.489E-19 8.187E-19 8.132E-19 7.967E-19
 7.333E-19 7.407E-19 8.434E-19 9.893E-19 8.117E-19 7.359E-19 7.034E-19 7.115E-19 7.635E-19 8.587E-19
 9.037E-19 9.158E-19 8.659E-19 8.439E-19 8.230E-19 7.732E-19 8.040E-19 9.914E-19 1.019E-18 8.128E-19
 7.787E-19 7.523E-19 7.657E-19 8.118E-19 8.965E-19 1.048E-18 1.039E-18 8.718E-19 8.457E-19 8.325E-19
 8.181E-19 8.612E-19 1.043E-18 1.041E-18 8.363E-19 7.912E-19 7.606E-19 7.969E-19 8.858E-19 1.075E-18
 1.124E-18 1.102E-18 8.757E-19 8.336E-19 8.364E-19 8.535E-19 1.012E-18 1.085E-18 1.085E-18 1.024E-18
 8.081E-19 7.819E-19 8.298E-19 1.027E-18 1.132E-18 1.174E-18 1.157E-18 1.028E-18 8.562E-19 8.807E-19
 9.041E-19 1.047E-18 1.097E-18 1.129E-18 1.087E-18 8.687E-19 8.387E-19 8.842E-19 1.131E-18 1.199E-18
 1.223E-18 1.177E-18 1.033E-18 9.771E-19 1.003E-18 1.048E-18 1.087E-18 1.160E-18 1.183E-18 1.113E-18
 1.005E-18 9.915E-19 1.081E-18 1.166E-18 1.240E-18 1.300E-18 1.218E-18 1.067E-18 1.046E-18 1.085E-18
 1.126E-18 1.170E-18 1.267E-18 1.269E-18 1.151E-18 1.026E-18 1.038E-18 1.150E-18 1.222E-18 1.294E-18
 1.328E-18 1.221E-18 1.083E-18 1.100E-18 1.159E-18 1.178E-18 1.218E-18 1.310E-18 1.267E-18 1.147E-18
 1.094E-18 1.206E-18 1.310E-18 1.333E-18 1.369E-18 1.379E-18 1.256E-18 1.112E-18 1.157E-18 1.234E-18
 1.260E-18 1.339E-18 1.404E-18 1.337E-18 1.214E-18 1.195E-18 1.302E-18 1.357E-18 1.354E-18 1.333E-18
 1.336E-18 1.269E-18 1.200E-18 1.271E-18 1.322E-18 1.306E-18 1.364E-18 1.404E-18 1.363E-18 1.271E-18
 1.277E-18 1.367E-18 1.426E-18 1.404E-18 1.384E-18 1.395E-18 1.324E-18 1.256E-18 1.300E-18 1.349E-18
 1.380E-18 1.464E-18 1.480E-18 1.412E-18 1.341E-18 1.385E-18 1.481E-18 1.507E-18 1.471E-18 1.485E-18
 1.511E-18 1.451E-18 1.351E-18 1.360E-18 1.410E-18 1.419E-18 1.484E-18 1.521E-18 1.496E-18 1.446E-18
 1.457E-18 1.483E-18 1.439E-18 1.412E-18 1.454E-18 1.493E-18 1.452E-18 1.367E-18 1.388E-18 1.463E-18
 1.540E-18 1.598E-18 1.579E-18 1.571E-18 1.540E-18 1.542E-18 1.501E-18 1.420E-18 1.407E-18 1.476E-18
 1.568E-18 1.554E-18 1.427E-18 1.420E-18 1.515E-18 1.622E-18 1.695E-18 1.701E-18 1.712E-18 1.740E-18
 1.730E-18 1.577E-18 1.467E-18 1.459E-18 1.550E-18 1.688E-18 1.688E-18 1.503E-18 1.479E-18 1.603E-18
 1.712E-18 1.773E-18 1.798E-18 1.816E-18 1.812E-18 1.692E-18 1.532E-18 1.480E-18 1.471E-18 1.601E-18
 1.750E-18 1.719E-18 1.569E-18 1.606E-18 1.826E-18 1.950E-18 1.967E-18 1.949E-18 1.996E-18 1.960E-18
 1.639E-18 1.524E-18 1.468E-18 1.464E-18 1.655E-18 1.836E-18 1.825E-18 1.642E-18 1.645E-18 1.873E-18
 1.915E-18 1.950E-18 2.077E-18 2.183E-18 2.013E-18 1.627E-18 1.555E-18 1.532E-18 1.596E-18 1.854E-18
 2.012E-18 1.879E-18 1.617E-18 1.642E-18 1.930E-18 1.998E-18 2.060E-18 2.201E-18 2.209E-18 1.996E-18
 1.718E-18 1.613E-18 1.547E-18 1.639E-18 2.022E-18 2.162E-18 2.041E-18 1.712E-18 1.957E-18 2.082E-18
 2.156E-18 2.278E-18 2.416E-18 2.348E-18 2.096E-18 1.924E-18 1.719E-18 1.632E-18 1.704E-18 2.068E-18
 2.260E-18 2.194E-18 2.065E-18 2.099E-18 2.138E-18 2.174E-18 2.315E-18 2.416E-18 2.270E-18 1.867E-18
 1.774E-18 1.734E-18 1.708E-18 1.800E-18 2.224E-18 2.444E-18 2.317E-18 2.108E-18 2.101E-18 2.178E-18
 2.268E-18 2.437E-18 2.533E-18 2.321E-18 2.061E-18 1.998E-18 1.761E-18 1.721E-18 1.812E-18 2.248E-18
 2.574E-18 2.672E-18 2.507E-18 2.242E-18 2.105E-18 2.186E-18 2.492E-18 2.719E-18 2.491E-18 2.156E-18
 2.032E-18 1.807E-18 2.028E-18 2.293E-18 2.634E-18 2.749E-18 2.559E-18 2.206E-18 1.923E-18 1.902E-18
 1.957E-18 2.552E-18 2.863E-18 2.637E-18 2.302E-18 2.167E-18 2.175E-18 2.317E-18 2.637E-18 2.853E-18
 2.763E-18 2.534E-18 2.207E-18 2.140E-18 2.232E-18 2.412E-18 2.873E-18 3.201E-18 2.886E-18 2.396E-18
 2.146E-18 2.199E-18 2.437E-18 2.614E-18 2.646E-18 2.687E-18 2.527E-18 2.198E-18 2.222E-18 2.427E-18
 2.573E-18 2.828E-18 2.989E-18 2.735E-18 2.411E-18 2.313E-18 2.437E-18 2.584E-18 2.574E-18 2.704E-18
 3.021E-18 2.811E-18 2.370E-18 2.372E-18 2.457E-18 2.475E-18 2.708E-18 2.957E-18 2.815E-18 2.606E-18
 2.686E-18 2.982E-18 2.971E-18 2.781E-18 2.877E-18 3.020E-18 2.707E-18 2.385E-18 2.448E-18 2.527E-18
 2.625E-18 2.984E-18 3.292E-18 3.126E-18 2.933E-18 2.889E-18 2.639E-18 2.411E-18 2.543E-18 2.878E-18
 3.086E-18 2.772E-18 2.431E-18 2.509E-18 2.695E-18 2.753E-18 3.043E-18 3.392E-18 3.203E-18 2.933E-18
 2.655E-18 2.403E-18 2.481E-18 2.763E-18 3.113E-18 3.218E-18 2.862E-18 2.598E-18 2.692E-18 2.654E-18
 2.606E-18 3.194E-18 3.955E-18 3.856E-18 3.152E-18 2.693E-18 2.683E-18 2.856E-18 3.021E-18 3.101E-18
 2.930E-18 2.481E-18 2.287E-18 2.494E-18 2.709E-18 2.948E-18 3.675E-18 4.037E-18 3.432E-18 2.939E-18
 2.721E-18 2.625E-18 2.765E-18 2.955E-18 2.994E-18 2.872E-18 2.575E-18 2.568E-18 3.100E-18 3.579E-18
 3.766E-18 3.913E-18 3.648E-18 3.187E-18 2.844E-18 2.589E-18 2.554E-18 2.812E-18 3.132E-18 3.277E-18
 3.163E-18 2.828E-18 2.882E-18 3.531E-18 3.945E-18 3.646E-18 3.572E-18 3.495E-18 3.125E-18 2.925E-18
 2.796E-18 2.767E-18 2.919E-18 3.003E-18 3.130E-18 3.389E-18 3.408E-18 3.482E-18 3.702E-18 3.588E-18
 3.570E-18 3.754E-18 3.661E-18 3.257E-18 2.864E-18 2.742E-18 2.959E-18 3.315E-18 3.494E-18 3.763E-18
 4.001E-18 3.594E-18 2.960E-18 2.887E-18 3.010E-18 3.087E-18 3.281E-18 3.426E-18 3.241E-18 3.007E-18
 3.093E-18 3.564E-18 4.047E-18 4.225E-18 4.250E-18 3.617E-18 2.794E-18 2.655E-18 3.011E-18 3.338E-18
 3.671E-18 4.144E-18 4.500E-18 3.974E-18 3.787E-18 3.810E-18 3.983E-18 3.954E-18 3.489E-18 3.318E-18
 3.461E-18 3.186E-18 2.949E-18 3.162E-18 3.294E-18 3.272E-18 3.487E-18 3.876E-18 4.003E-18 3.964E-18
 4.073E-18 3.927E-18 3.331E-18 2.970E-18 3.146E-18 3.439E-18 3.331E-18 3.314E-18 3.643E-18 3.917E-18
 4.146E-18 4.476E-18 4.712E-18 4.700E-18 4.143E-18 3.630E-18 3.709E-18 3.680E-18 3.425E-18 3.401E-18
 3.521E-18 3.407E-18 3.534E-18 3.855E-18 3.650E-18 3.558E-18 3.954E-18 4.065E-18 3.734E-18 3.618E-18
 3.782E-18 3.778E-18 3.422E-18 3.287E-18 3.708E-18 4.154E-18 3.918E-18 3.778E-18 4.346E-18 4.572E-18
 4.119E-18 4.054E-18 4.199E-18 3.975E-18 3.820E-18 4.037E-18 4.429E-18 4.252E-18 4.090E-18 4.225E-18
 4.652E-18 4.738E-18 4.282E-18 3.485E-18 2.982E-18 3.001E-18 3.393E-18 3.790E-18 3.855E-18 3.852E-18
 3.964E-18 3.640E-18 3.217E-18 3.490E-18 4.243E-18 4.306E-18 3.460E-18 3.141E-18 3.351E-18 3.467E-18
 3.550E-18 3.697E-18 3.848E-18 3.684E-18 3.304E-18 3.418E-18 3.900E-18 4.091E-18 3.786E-18 3.923E-18
 4.397E-18 4.182E-18 3.533E-18 3.105E-18 2.970E-18 3.129E-18 3.534E-18 4.381E-18 5.386E-18 5.116E-18
 4.114E-18 3.262E-18 3.059E-18 3.132E-18 3.443E-18 3.963E-18 4.301E-18 4.082E-18 3.538E-18 3.374E-18
 3.902E-18 4.768E-18 4.960E-18 4.109E-18 3.492E-18 3.172E-18 3.062E-18 3.334E-18 3.906E-18 4.484E-18
 4.118E-18 3.663E-18 3.688E-18 4.187E-18 4.300E-18 3.937E-18 3.996E-18 4.001E-18 3.729E-18 3.450E-18
 3.403E-18 3.385E-18 3.318E-18 3.756E-18 4.868E-18 6.389E-18 5.614E-18 3.893E-18 2.965E-18 2.838E-18
 3.415E-18 4.503E-18 5.331E-18 4.942E-18 3.902E-18 3.426E-18 3.741E-18 4.594E-18 4.971E-18 4.470E-18
 4.156E-18 3.843E-18 3.500E-18 3.437E-18 3.269E-18 3.243E-18 3.744E-18 4.611E-18 5.696E-18 5.551E-18
 4.607E-18 3.629E-18 3.459E-18 3.781E-18 4.461E-18 5.238E-18 4.454E-18 3.406E-18 3.188E-18 3.802E-18
 5.316E-18 7.170E-18 5.969E-18 4.147E-18 3.344E-18 3.515E-18 4.161E-18 4.369E-18 3.770E-18 3.763E-18
 4.358E-18 4.608E-18 4.900E-18 5.042E-18 4.434E-18 4.094E-18 4.614E-18 4.603E-18 4.050E-18 3.092E-18
 2.799E-18 3.409E-18 3.916E-18 4.176E-18 4.802E-18 4.486E-18 2.963E-18 2.398E-18 2.834E-18 3.338E-18
 3.664E-18 3.882E-18 4.032E-18 3.922E-18 4.065E-18 5.096E-18 5.715E-18 4.424E-18 3.480E-18 4.059E-18
 4.677E-18 3.886E-18 2.778E-18 2.553E-18 2.684E-18 3.193E-18 4.370E-18 5.142E-18 4.193E-18 2.818E-18
 2.628E-18 3.364E-18 3.851E-18 3.891E-18 3.791E-18 3.352E-18 2.718E-18 2.869E-18 3.953E-18 4.526E-18
 3.920E-18 3.613E-18 3.903E-18 3.684E-18 2.871E-18 2.340E-18 2.361E-18 2.902E-18 4.195E-18 6.081E-18
 6.346E-18 4.797E-18 3.855E-18 4.357E-18 4.138E-18 3.168E-18 2.764E-18 2.766E-18 2.901E-18 3.248E-18
 4.141E-18 5.191E-18 5.077E-18 4.632E-18 4.720E-18 3.054E-18 2.148E-18 1.785E-18 2.174E-18 2.639E-18
 3.418E-18 4.631E-18 5.943E-18 5.401E-18 4.266E-18 3.482E-18 2.805E-18 2.628E-18 2.908E-18 3.343E-18
 4.031E-18 4.925E-18 6.321E-18 8.066E-18 7.264E-18 5.825E-18 4.165E-18 2.866E-18 2.385E-18 2.420E-18
 2.733E-18 3.272E-18 4.374E-18 6.395E-18 7.631E-18 4.634E-18 3.318E-18 2.647E-18 2.507E-18 2.674E-18
 2.896E-18 3.183E-18 3.698E-18 4.795E-18 6.100E-18 6.264E-18 5.283E-18 3.389E-18 2.754E-18 2.619E-18
 2.880E-18 3.372E-18 4.225E-18 5.767E-18 7.916E-18 9.129E-18 5.662E-18 3.552E-18 2.447E-18 2.291E-18
 2.538E-18 2.891E-18 3.342E-18 3.871E-18 5.101E-18 6.860E-18 7.365E-18 4.850E-18 3.401E-18 2.812E-18
 2.698E-18 2.736E-18 3.374E-18 4.154E-18 5.089E-18 6.604E-18 7.087E-18 5.327E-18 3.183E-18 2.533E-18
 2.854E-18 3.323E-18 4.031E-18 4.840E-18 5.805E-18 7.580E-18 8.460E-18 5.567E-18 3.659E-18 2.743E-18
 2.733E-18 3.236E-18 3.637E-18 3.837E-18 4.525E-18 5.728E-18 6.375E-18 6.378E-18 3.549E-18 3.034E-18
 3.283E-18 3.670E-18 3.810E-18 4.047E-18 4.730E-18 6.002E-18 7.353E-18 7.009E-18 5.326E-18 4.426E-18
 4.206E-18 4.390E-18 5.076E-18 5.887E-18 7.539E-18 1.043E-17 1.396E-17 1.113E-17 5.850E-18 3.829E-18
 3.873E-18 4.274E-18 4.390E-18 4.546E-18 5.249E-18 7.001E-18 6.932E-18 5.108E-18 3.911E-18 3.497E-18
 3.655E-18 3.836E-18 4.113E-18 4.828E-18 5.798E-18 7.064E-18 6.175E-18 5.018E-18 4.059E-18 3.739E-18
 3.851E-18 4.064E-18 4.566E-18 5.264E-18 5.713E-18 5.336E-18 3.936E-18 2.672E-18 1.808E-18 1.421E-18
 1.428E-18 1.671E-18 2.109E-18 2.296E-18 2.300E-18 2.380E-18 2.700E-18 3.186E-18 3.067E-18 2.792E-18
 2.784E-18 2.761E-18 2.618E-18 2.613E-18 2.578E-18 2.547E-18 3.039E-18 3.625E-18 3.468E-18 3.132E-18
 2.782E-18 2.504E-18 2.707E-18 2.937E-18 2.996E-18 3.759E-18 5.144E-18 5.409E-18 4.029E-18 3.185E-18
 2.905E-18 3.090E-18 3.095E-18 2.823E-18 3.032E-18 3.931E-18 4.380E-18 3.454E-18 2.756E-18 2.674E-18
 2.820E-18 2.596E-18 2.615E-18 3.171E-18 3.869E-18 3.909E-18 3.135E-18 2.814E-18 2.975E-18 3.052E-18
 2.708E-18 2.717E-18 3.344E-18 4.413E-18 5.149E-18 4.404E-18 3.893E-18 3.924E-18 3.694E-18 3.148E-18
 2.975E-18 3.329E-18 4.202E-18 4.563E-18 3.935E-18 3.645E-18 3.596E-18 3.223E-18 2.785E-18 2.588E-18
 2.916E-18 3.876E-18 4.560E-18 4.163E-18 3.642E-18 2.998E-18 2.527E-18 2.526E-18 2.792E-18 3.395E-18
 4.421E-18 4.752E-18 4.163E-18 3.556E-18 2.954E-18 2.647E-18 2.820E-18 3.476E-18 4.215E-18 4.364E-18
 3.927E-18 3.356E-18 2.746E-18 2.337E-18 2.312E-18 2.673E-18 3.148E-18 3.818E-18 4.219E-18 3.466E-18
 2.684E-18 2.699E-18 3.229E-18 3.329E-18 3.220E-18 3.798E-18 4.711E-18 4.010E-18 2.944E-18 2.685E-18
 3.046E-18 3.003E-18 2.713E-18 2.965E-18 3.669E-18 3.582E-18 3.132E-18 3.051E-18 2.839E-18 2.619E-18
 2.784E-18 3.524E-18 4.304E-18 3.740E-18 3.045E-18 3.011E-18 2.950E-18 2.783E-18 3.074E-18 4.007E-18
 5.079E-18 5.044E-18 4.033E-18 3.214E-18 2.722E-18 2.688E-18 3.278E-18 4.481E-18 4.881E-18 4.165E-18
 3.354E-18 2.940E-18 2.866E-18 3.326E-18 4.320E-18 5.118E-18 4.902E-18 4.212E-18 3.545E-18 3.320E-18
 3.521E-18 3.886E-18 4.102E-18 3.993E-18 4.190E-18 4.130E-18 3.415E-18 3.043E-18 3.176E-18 3.554E-18
 3.818E-18 4.230E-18 4.455E-18 3.739E-18 3.169E-18 3.495E-18 4.165E-18 4.019E-18 3.452E-18 3.511E-18
 3.780E-18 3.396E-18 3.170E-18 3.314E-18 3.249E-18 3.143E-18 3.829E-18 4.786E-18 4.344E-18 3.632E-18
 3.665E-18 3.731E-18 3.508E-18 3.340E-18 3.689E-18 3.976E-18 3.685E-18 3.610E-18 3.525E-18 3.190E-18
 3.205E-18 3.941E-18 4.639E-18 4.163E-18 3.469E-18 3.104E-18 2.972E-18 3.282E-18 3.898E-18 4.659E-18
 4.279E-18 3.193E-18 2.533E-18 2.467E-18 2.817E-18 3.354E-18 4.341E-18 4.591E-18 3.632E-18 2.810E-18
 2.482E-18 2.785E-18 3.732E-18 4.175E-18 3.504E-18 2.774E-18 2.408E-18 2.320E-18 2.805E-18 3.937E-18
 4.746E-18 4.176E-18 3.364E-18 2.921E-18 2.726E-18 2.898E-18 3.498E-18 3.680E-18 2.901E-18 2.391E-18
 2.451E-18 2.558E-18 2.751E-18 3.226E-18 3.171E-18 2.668E-18 2.683E-18 3.027E-18 3.365E-18 3.908E-18
 4.462E-18 4.149E-18 3.237E-18 2.683E-18 2.725E-18 3.173E-18 3.448E-18 3.272E-18 2.838E-18 2.428E-18
 2.370E-18 2.782E-18 3.267E-18 3.381E-18 2.988E-18 2.651E-18 2.794E-18 3.123E-18 3.243E-18 3.502E-18
 3.468E-18 2.898E-18 2.487E-18 2.370E-18 2.351E-18 2.532E-18 2.977E-18 2.952E-18 2.494E-18 2.276E-18
 2.454E-18 2.800E-18 2.883E-18 2.453E-18 2.242E-18 2.468E-18 2.843E-18 3.060E-18 2.822E-18 2.267E-18
 1.989E-18 2.289E-18 2.759E-18 2.785E-18 2.556E-18 2.408E-18 2.402E-18 2.519E-18 2.495E-18 2.551E-18
 2.553E-18 2.397E-18 2.312E-18 2.457E-18 2.566E-18 2.720E-18 2.907E-18 2.616E-18 2.251E-18 2.105E-18
 2.325E-18 2.434E-18 2.339E-18 2.079E-18 2.020E-18 2.242E-18 2.378E-18 2.177E-18 2.076E-18 1.967E-18
 2.122E-18 2.532E-18 2.564E-18 2.119E-18 1.927E-18 2.139E-18 2.314E-18 2.334E-18 1.991E-18 1.788E-18
 2.033E-18 2.157E-18 2.103E-18 1.889E-18 1.740E-18 1.909E-18 2.410E-18 2.421E-18 2.009E-18 1.898E-18
 2.064E-18 2.199E-18 2.155E-18 1.848E-18 1.734E-18 1.946E-18 2.061E-18 1.986E-18 1.884E-18 1.717E-18
 1.812E-18 2.209E-18 2.224E-18 1.924E-18 1.875E-18 2.082E-18 2.158E-18 2.097E-18 1.753E-18 1.808E-18
 2.095E-18 2.051E-18 1.882E-18 1.845E-18 1.796E-18 1.953E-18 2.235E-18 2.103E-18 1.866E-18 1.828E-18
 1.970E-18 2.092E-18 1.927E-18 1.641E-18 1.686E-18 1.817E-18 1.785E-18 1.793E-18 1.811E-18 1.699E-18
 1.841E-18 2.121E-18 1.984E-18 1.701E-18 1.597E-18 1.687E-18 1.821E-18 1.721E-18 1.522E-18 1.644E-18
 1.844E-18 1.787E-18 1.725E-18 1.749E-18 1.676E-18 1.762E-18 1.938E-18 1.843E-18 1.677E-18 1.688E-18
 1.827E-18 1.967E-18 1.823E-18 1.550E-18 1.559E-18 1.613E-18 1.558E-18 1.526E-18 1.570E-18 1.522E-18
 1.605E-18 1.759E-18 1.638E-18 1.466E-18 1.511E-18 1.702E-18 1.894E-18 1.778E-18 1.507E-18 1.500E-18
 1.585E-18 1.537E-18 1.512E-18 1.563E-18 1.466E-18 1.483E-18 1.685E-18 1.625E-18 1.452E-18 1.473E-18
 1.601E-18 1.729E-18 1.605E-18 1.348E-18 1.335E-18 1.396E-18 1.348E-18 1.353E-18 1.440E-18 1.381E-18
 1.431E-18 1.605E-18 1.479E-18 1.324E-18 1.365E-18 1.483E-18 1.624E-18 1.602E-18 1.409E-18 1.373E-18
 1.414E-18 1.348E-18 1.339E-18 1.421E-18 1.317E-18 1.369E-18 1.575E-18 1.478E-18 1.324E-18 1.381E-18
 1.470E-18 1.561E-18 1.511E-18 1.355E-18 1.318E-18 1.327E-18 1.306E-18 1.345E-18 1.387E-18 1.268E-18
 1.317E-18 1.458E-18 1.312E-18 1.190E-18 1.292E-18 1.393E-18 1.471E-18 1.409E-18 1.320E-18 1.364E-18
 1.366E-18 1.289E-18 1.282E-18 1.320E-18 1.270E-18 1.381E-18 1.479E-18 1.288E-18 1.183E-18 1.273E-18
 1.340E-18 1.359E-18 1.238E-18 1.191E-18 1.335E-18 1.384E-18 1.281E-18 1.280E-18 1.363E-18 1.325E-18
 1.376E-18 1.422E-18 1.240E-18 1.140E-18 1.182E-18 1.230E-18 1.223E-18 1.106E-18 1.092E-18 1.251E-18
 1.297E-18 1.164E-18 1.170E-18 1.273E-18 1.283E-18 1.335E-18 1.302E-18 1.120E-18 1.074E-18 1.149E-18
 1.163E-18 1.112E-18 1.019E-18 1.073E-18 1.270E-18 1.282E-18 1.073E-18 1.062E-18 1.173E-18 1.236E-18
 1.372E-18 1.379E-18 1.168E-18 1.080E-18 1.142E-18 1.132E-18 1.035E-18 9.336E-19 1.043E-18 1.239E-18
 1.224E-18 1.011E-18 1.017E-18 1.136E-18 1.205E-18 1.326E-18 1.334E-18 1.148E-18 1.058E-18 1.091E-18
 1.048E-18 9.605E-19 9.367E-19 1.102E-18 1.291E-18 1.241E-18 1.037E-18 1.057E-18 1.157E-18 1.155E-18
 1.207E-18 1.193E-18 1.028E-18 9.831E-19 1.043E-18 1.017E-18 9.203E-19 9.005E-19 1.045E-18 1.179E-18
 1.180E-18 1.058E-18 1.049E-18 1.104E-18 1.144E-18 1.216E-18 1.138E-18 9.727E-19 9.290E-19 9.509E-19
 9.273E-19 8.514E-19 8.668E-19 1.006E-18 1.061E-18 1.036E-18 1.006E-18 1.016E-18 9.766E-19 1.009E-18
 1.145E-18 1.112E-18 9.748E-19 9.214E-19 9.010E-19 8.533E-19 7.876E-19 8.333E-19 9.866E-19 1.067E-18
 1.039E-18 9.859E-19 1.004E-18 9.611E-19 1.009E-18 1.118E-18 1.080E-18 9.423E-19 8.444E-19 8.297E-19
 8.286E-19 7.771E-19 8.336E-19 9.842E-19 1.037E-18 9.759E-19 9.309E-19 9.473E-19 9.271E-19 9.933E-19
 1.094E-18 1.079E-18 9.497E-19 8.408E-19 8.180E-19 7.852E-19 7.107E-19 7.413E-19 8.753E-19 9.700E-19
 9.244E-19 8.809E-19 9.020E-19 9.043E-19 9.192E-19 9.317E-19 9.285E-19 8.669E-19 7.830E-19 7.611E-19
 7.264E-19 6.735E-19 7.436E-19 9.261E-19 1.001E-18 8.900E-19 8.339E-19 9.014E-19 9.641E-19 9.844E-19
 9.498E-19 9.158E-19 8.589E-19 7.767E-19 7.490E-19 6.919E-19 6.215E-19 6.940E-19 8.734E-19 9.226E-19
 7.910E-19 7.283E-19 7.421E-19 7.806E-19 8.630E-19 8.608E-19 8.596E-19 8.601E-19 8.129E-19 7.862E-19
 7.006E-19 6.144E-19 7.163E-19 8.692E-19 8.627E-19 7.368E-19 7.182E-19 7.582E-19 8.256E-19 8.766E-19
 7.784E-19 7.480E-19 7.754E-19 7.751E-19 7.244E-19 6.293E-19 5.973E-19 7.305E-19 8.442E-19 8.191E-19
 7.199E-19 7.129E-19 7.336E-19 7.979E-19 8.329E-19 7.418E-19 7.049E-19 7.562E-19 7.757E-19 6.827E-19
 5.905E-19 6.049E-19 7.210E-19 7.885E-19 7.692E-19 7.173E-19 6.991E-19 7.030E-19 7.508E-19 7.524E-19
 6.925E-19 6.816E-19 7.655E-19 7.971E-19 6.714E-19 5.883E-19 6.068E-19 6.637E-19 6.857E-19 6.770E-19
 7.004E-19 7.100E-19 6.930E-19 6.887E-19 6.540E-19 5.984E-19 6.142E-19 6.985E-19 7.201E-19 6.252E-19
 5.697E-19 5.867E-19 6.196E-19 6.362E-19 6.583E-19 7.075E-19 6.849E-19 6.292E-19 6.049E-19 5.894E-19
 5.943E-19 6.391E-19 6.992E-19 7.030E-19 6.362E-19 5.768E-19 5.623E-19 5.603E-19 5.739E-19 6.104E-19
 6.766E-19 6.657E-19 6.209E-19 5.979E-19 5.767E-19 5.690E-19 6.175E-19 6.766E-19 6.884E-19 6.301E-19
 5.681E-19 5.273E-19 5.136E-19 5.404E-19 6.065E-19 6.939E-19 6.397E-19 5.697E-19 5.428E-19 5.387E-19
 5.349E-19 5.749E-19 6.224E-19 6.408E-19 5.969E-19 5.586E-19 5.090E-19 4.937E-19 5.141E-19 5.673E-19
 6.313E-19 5.827E-19 5.285E-19 4.911E-19 4.929E-19 4.935E-19 5.192E-19 5.598E-19 6.041E-19 5.616E-19
 4.871E-19 4.572E-19 4.665E-19 4.961E-19 5.619E-19 5.817E-19 5.231E-19 4.929E-19 4.753E-19 4.885E-19
 4.884E-19 4.923E-19 5.058E-19 5.506E-19 5.659E-19 5.367E-19 5.070E-19 4.646E-19 4.729E-19 5.305E-19
 5.304E-19 5.077E-19 5.042E-19 4.662E-19 4.656E-19 4.766E-19 4.696E-19 4.705E-19 4.957E-19 5.305E-19
 5.226E-19 4.818E-19 4.491E-19 4.749E-19 5.297E-19 4.994E-19 4.585E-19 4.670E-19 4.543E-19 4.588E-19
 4.639E-19 4.391E-19 4.228E-19 4.331E-19 5.004E-19 5.310E-19 4.781E-19 4.352E-19 4.592E-19 4.909E-19
 4.578E-19 4.146E-19 4.259E-19 4.382E-19 4.444E-19 4.494E-19 4.225E-19 3.851E-19 3.780E-19 4.492E-19
 5.059E-19 4.697E-19 4.314E-19 4.705E-19 4.768E-19 4.251E-19 3.660E-19 3.847E-19 4.188E-19 4.306E-19
 4.254E-19 3.835E-19 3.418E-19 3.393E-19 3.973E-19 4.583E-19 4.355E-19 4.084E-19 4.573E-19 4.565E-19
 3.851E-19 3.311E-19 3.641E-19 4.180E-19 4.304E-19 3.966E-19 3.533E-19 3.256E-19 3.133E-19 3.451E-19
 3.977E-19 4.116E-19 4.170E-19 4.661E-19 4.541E-19 3.515E-19 2.903E-19 3.304E-19 4.036E-19 4.258E-19
 3.811E-19 3.435E-19 3.149E-19 2.945E-19 3.265E-19 3.865E-19 4.079E-19 4.165E-19 4.562E-19 4.232E-19
 3.178E-19 2.701E-19 3.129E-19 3.695E-19 3.938E-19 3.658E-19 3.387E-19 2.989E-19 2.708E-19 2.955E-19
 3.441E-19 3.793E-19 4.126E-19 4.587E-19 4.161E-19 3.058E-19 2.636E-19 2.890E-19 3.303E-19 3.654E-19
 3.697E-19 3.325E-19 2.772E-19 2.411E-19 2.551E-19 2.960E-19 3.465E-19 3.863E-19 4.091E-19 3.677E-19
 2.930E-19 2.650E-19 2.624E-19 2.956E-19 3.539E-19 3.837E-19 3.351E-19 2.679E-19 2.297E-19 2.284E-19
 2.545E-19 3.204E-19 3.717E-19 3.691E-19 3.306E-19 2.859E-19 2.573E-19 2.376E-19 2.637E-19 3.342E-19
 3.774E-19 3.254E-19 2.496E-19 2.131E-19 2.076E-19 2.432E-19 3.227E-19 3.760E-19 3.474E-19 3.022E-19
 2.788E-19 2.506E-19 2.269E-19 2.464E-19 3.209E-19 3.686E-19 3.228E-19 2.434E-19 1.962E-19 1.896E-19
 2.282E-19 3.000E-19 3.484E-19 3.263E-19 2.774E-19 2.601E-19 2.497E-19 2.300E-19 2.374E-19 2.922E-19
 3.322E-19 3.126E-19 2.424E-19 1.861E-19 1.826E-19 2.217E-19 2.751E-19 3.161E-19 3.128E-19 2.546E-19
 2.233E-19 2.315E-19 2.312E-19 2.435E-19 2.830E-19 3.170E-19 2.936E-19 2.196E-19 1.725E-19 1.820E-19
 2.201E-19 2.504E-19 2.817E-19 2.990E-19 2.463E-19 2.002E-19 2.125E-19 2.312E-19 2.498E-19 2.703E-19
 2.944E-19 2.707E-19 2.092E-19 1.784E-19 1.894E-19 2.136E-19 2.240E-19 2.492E-19 2.903E-19 2.516E-19
 1.894E-19 1.877E-19 2.140E-19 2.445E-19 2.545E-19 2.661E-19 2.438E-19 1.944E-19 1.830E-19 1.940E-19
 1.944E-19 1.848E-19 2.133E-19 2.690E-19 2.472E-19 1.821E-19 1.654E-19 1.946E-19 2.324E-19 2.449E-19
 2.474E-19 2.303E-19 1.899E-19 1.890E-19 1.968E-19 1.763E-19 1.638E-19 2.010E-19 2.540E-19 2.426E-19
 1.870E-19 1.626E-19 1.765E-19 2.038E-19 2.315E-19 2.387E-19 2.250E-19 1.958E-19 1.854E-19 1.801E-19
 1.505E-19 1.450E-19 1.840E-19 2.239E-19 2.165E-19 1.859E-19 1.677E-19 1.626E-19 1.759E-19 2.084E-19
 2.261E-19 2.145E-19 1.983E-19 1.803E-19 1.623E-19 1.392E-19 1.409E-19 1.723E-19 1.936E-19 1.891E-19
 1.834E-19 1.642E-19 1.394E-19 1.509E-19 1.879E-19 2.169E-19 2.134E-19 1.958E-19 1.655E-19 1.377E-19
 1.326E-19 1.463E-19 1.662E-19 1.752E-19 1.714E-19 1.742E-19 1.560E-19 1.221E-19 1.278E-19 1.711E-19
 2.037E-19 2.031E-19 1.862E-19 1.542E-19 1.253E-19 1.318E-19 1.490E-19 1.565E-19 1.565E-19 1.511E-19
 1.568E-19 1.456E-19 1.196E-19 1.243E-19 1.595E-19 1.781E-19 1.741E-19 1.693E-19 1.508E-19 1.243E-19
 1.297E-19 1.520E-19 1.600E-19 1.478E-19 1.353E-19 1.383E-19 1.359E-19 1.242E-19 1.255E-19 1.463E-19
 1.521E-19 1.382E-19 1.413E-19 1.440E-19 1.311E-19 1.297E-19 1.419E-19 1.500E-19 1.350E-19 1.164E-19
 1.184E-19 1.231E-19 1.255E-19 1.300E-19 1.410E-19 1.364E-19 1.156E-19 1.180E-19 1.359E-19 1.353E-19
 1.310E-19 1.362E-19 1.397E-19 1.226E-19 1.009E-19 1.051E-19 1.150E-19 1.215E-19 1.296E-19 1.329E-19
 1.199E-19 9.348E-20 8.792E-20 1.119E-19 1.230E-19 1.209E-19 1.262E-19 1.329E-19 1.203E-19 9.266E-20
 8.954E-20 1.053E-19 1.153E-19 1.295E-19 1.337E-19 1.116E-19 8.177E-20 7.553E-20 1.006E-19 1.183E-19
 1.210E-19 1.250E-19 1.285E-19 1.142E-19 8.920E-20 8.543E-20 1.017E-19 1.102E-19 1.232E-19 1.299E-19
 1.041E-19 6.934E-20 6.440E-20 8.805E-20 1.040E-19 1.152E-19 1.260E-19 1.221E-19 9.258E-20 7.149E-20
 7.786E-20 9.516E-20 1.091E-19 1.210E-19 1.255E-19 9.814E-20 6.507E-20 6.414E-20 8.127E-20 9.697E-20
 1.137E-19 1.258E-19 1.173E-19 8.525E-20 6.418E-20 7.080E-20 8.671E-20 1.060E-19 1.156E-19 1.188E-19
 9.582E-20 6.024E-20 5.340E-20 6.757E-20 8.749E-20 1.067E-19 1.151E-19 1.048E-19 7.548E-20 5.841E-20
 6.276E-20 7.762E-20 1.005E-19 1.169E-19 1.140E-19 9.163E-20 5.966E-20 4.712E-20 6.083E-20 8.706E-20
 1.087E-19 1.100E-19 9.356E-20 6.556E-20 5.106E-20 5.387E-20 6.573E-20 8.903E-20 1.052E-19 1.025E-19
 9.052E-20 6.435E-20 0.000E+00 0.000E+00 0.000E+00 0.000E+00 0.000E+00 0.000E+00 0.000E+00 0.000E+00
