     CClF3 1170.0060 1234.9960      4382  273.0000    0.0000 1.018E-17  NCAR    CFC-13
 1.365E-20 1.406E-20 1.374E-20 1.380E-20 1.456E-20 1.381E-20 1.162E-20 1.165E-20 1.418E-20 1.723E-20
 2.073E-20 2.402E-20 2.218E-20 1.868E-20 1.948E-20 2.043E-20 1.910E-20 1.715E-20 1.676E-20 1.628E-20
 1.576E-20 1.522E-20 1.541E-20 1.713E-20 1.823E-20 1.831E-20 2.027E-20 2.109E-20 1.742E-20 1.611E-20
 1.814E-20 1.851E-20 1.933E-20 1.979E-20 1.822E-20 1.588E-20 1.491E-20 1.471E-20 1.474E-20 1.884E-20
 2.301E-20 1.998E-20 1.533E-20 1.420E-20 1.465E-20 1.570E-20 1.753E-20 1.893E-20 1.891E-20 1.890E-20
 1.890E-20 1.451E-20 1.387E-20 1.626E-20 1.891E-20 1.991E-20 1.993E-20 1.955E-20 2.024E-20 2.142E-20
 1.931E-20 1.784E-20 1.977E-20 2.094E-20 1.914E-20 1.633E-20 1.867E-20 2.324E-20 2.774E-20 3.260E-20
 2.952E-20 2.017E-20 2.017E-20 1.359E-20 1.412E-20 1.509E-20 1.740E-20 2.048E-20 2.206E-20 2.008E-20
 1.720E-20 1.890E-20 1.969E-20 2.161E-20 2.573E-20 2.339E-20 1.997E-20 1.977E-20 1.973E-20 2.093E-20
 2.125E-20 2.020E-20 2.123E-20 2.249E-20 2.221E-20 2.161E-20 2.136E-20 2.071E-20 2.306E-20 2.658E-20
 2.510E-20 2.223E-20 2.140E-20 2.424E-20 2.754E-20 2.633E-20 2.228E-20 2.083E-20 1.915E-20 1.902E-20
 1.870E-20 2.108E-20 2.318E-20 2.337E-20 2.445E-20 2.191E-20 1.769E-20 1.759E-20 1.915E-20 2.080E-20
 2.407E-20 2.666E-20 2.633E-20 2.441E-20 2.250E-20 2.143E-20 2.391E-20 2.478E-20 2.720E-20 2.959E-20
 2.612E-20 2.349E-20 2.265E-20 2.001E-20 1.949E-20 1.940E-20 2.102E-20 2.483E-20 2.655E-20 2.489E-20
 2.211E-20 2.249E-20 2.367E-20 2.521E-20 2.501E-20 2.407E-20 2.408E-20 2.496E-20 2.421E-20 2.351E-20
 2.288E-20 2.402E-20 2.542E-20 2.435E-20 2.238E-20 2.261E-20 2.547E-20 2.977E-20 3.212E-20 2.984E-20
 2.706E-20 2.473E-20 2.197E-20 2.040E-20 2.120E-20 2.363E-20 2.648E-20 2.649E-20 2.691E-20 2.536E-20
 2.606E-20 2.676E-20 2.413E-20 2.311E-20 2.663E-20 2.717E-20 2.495E-20 2.568E-20 2.536E-20 2.470E-20
 2.506E-20 2.557E-20 2.556E-20 2.607E-20 2.539E-20 2.482E-20 2.455E-20 2.600E-20 2.730E-20 2.868E-20
 2.639E-20 2.215E-20 2.341E-20 2.521E-20 2.811E-20 3.148E-20 3.304E-20 3.280E-20 3.116E-20 2.812E-20
 2.647E-20 2.647E-20 2.749E-20 3.169E-20 3.359E-20 2.909E-20 2.436E-20 2.305E-20 2.477E-20 2.684E-20
 2.792E-20 3.076E-20 3.237E-20 3.090E-20 2.733E-20 2.608E-20 2.713E-20 2.856E-20 2.858E-20 2.706E-20
 2.400E-20 2.186E-20 2.314E-20 2.802E-20 3.246E-20 3.317E-20 3.299E-20 3.289E-20 3.206E-20 3.111E-20
 3.478E-20 3.728E-20 3.508E-20 3.538E-20 3.515E-20 3.515E-20 2.769E-20 2.379E-20 2.332E-20 2.519E-20
 2.984E-20 3.409E-20 3.435E-20 3.215E-20 3.176E-20 3.103E-20 2.783E-20 2.669E-20 2.968E-20 3.569E-20
 3.741E-20 3.479E-20 3.088E-20 2.923E-20 3.000E-20 3.489E-20 4.108E-20 4.238E-20 3.827E-20 3.256E-20
 3.341E-20 3.743E-20 3.592E-20 3.468E-20 3.303E-20 3.303E-20 3.153E-20 3.062E-20 3.077E-20 3.665E-20
 4.327E-20 4.528E-20 3.981E-20 3.096E-20 2.619E-20 2.724E-20 2.875E-20 3.077E-20 3.659E-20 3.923E-20
 3.622E-20 3.191E-20 3.290E-20 3.575E-20 3.812E-20 4.080E-20 4.128E-20 3.981E-20 3.389E-20 3.135E-20
 3.220E-20 2.981E-20 2.850E-20 3.073E-20 3.410E-20 3.460E-20 3.516E-20 3.955E-20 4.334E-20 4.381E-20
 4.235E-20 3.981E-20 3.749E-20 3.493E-20 3.677E-20 4.198E-20 4.149E-20 3.891E-20 4.237E-20 4.487E-20
 4.378E-20 4.301E-20 3.919E-20 3.645E-20 4.004E-20 4.094E-20 4.012E-20 3.811E-20 3.106E-20 2.753E-20
 2.753E-20 3.124E-20 3.299E-20 4.008E-20 4.543E-20 4.218E-20 3.783E-20 3.485E-20 3.365E-20 3.495E-20
 3.625E-20 3.674E-20 3.518E-20 3.195E-20 3.145E-20 3.166E-20 3.566E-20 4.413E-20 4.520E-20 3.784E-20
 3.295E-20 3.030E-20 3.081E-20 3.439E-20 3.799E-20 4.107E-20 4.230E-20 3.846E-20 3.506E-20 3.834E-20
 4.387E-20 4.165E-20 3.806E-20 3.811E-20 3.578E-20 3.196E-20 3.091E-20 2.974E-20 2.863E-20 3.674E-20
 4.425E-20 4.538E-20 4.553E-20 4.429E-20 4.194E-20 4.015E-20 3.759E-20 3.762E-20 3.880E-20 3.852E-20
 4.092E-20 4.370E-20 4.356E-20 4.262E-20 4.262E-20 4.898E-20 4.761E-20 4.044E-20 3.318E-20 3.369E-20
 3.640E-20 3.685E-20 4.265E-20 4.905E-20 4.547E-20 3.891E-20 3.651E-20 3.908E-20 4.349E-20 4.371E-20
 4.465E-20 5.074E-20 5.152E-20 4.437E-20 3.728E-20 3.443E-20 3.486E-20 3.752E-20 3.975E-20 4.479E-20
 4.917E-20 4.861E-20 4.273E-20 3.780E-20 3.894E-20 3.894E-20 4.336E-20 4.090E-20 3.605E-20 3.659E-20
 4.137E-20 4.314E-20 4.699E-20 4.871E-20 4.633E-20 4.622E-20 4.556E-20 4.054E-20 3.744E-20 4.020E-20
 4.362E-20 4.497E-20 4.406E-20 3.996E-20 4.008E-20 4.583E-20 4.649E-20 4.676E-20 5.314E-20 5.450E-20
 4.735E-20 3.869E-20 3.492E-20 3.745E-20 4.231E-20 4.933E-20 5.648E-20 5.663E-20 4.998E-20 4.877E-20
 5.151E-20 4.656E-20 4.260E-20 4.602E-20 4.808E-20 4.393E-20 4.025E-20 4.053E-20 4.283E-20 4.283E-20
 5.444E-20 5.529E-20 4.830E-20 3.778E-20 3.457E-20 3.306E-20 3.113E-20 3.404E-20 4.020E-20 4.338E-20
 4.253E-20 4.431E-20 5.051E-20 5.674E-20 5.103E-20 4.114E-20 3.983E-20 3.561E-20 2.966E-20 3.241E-20
 3.507E-20 3.620E-20 4.544E-20 5.547E-20 5.930E-20 5.426E-20 4.069E-20 3.247E-20 3.329E-20 3.697E-20
 4.273E-20 4.711E-20 4.614E-20 4.079E-20 4.287E-20 4.601E-20 4.613E-20 4.521E-20 4.305E-20 4.067E-20
 3.651E-20 3.567E-20 3.597E-20 3.691E-20 4.158E-20 5.097E-20 6.378E-20 7.154E-20 6.439E-20 4.674E-20
 3.762E-20 3.702E-20 3.985E-20 4.513E-20 4.656E-20 4.557E-20 4.938E-20 5.508E-20 5.585E-20 5.063E-20
 4.338E-20 4.175E-20 3.898E-20 3.449E-20 3.588E-20 3.846E-20 3.977E-20 4.447E-20 5.537E-20 5.977E-20
 4.970E-20 3.643E-20 3.274E-20 3.470E-20 3.985E-20 4.654E-20 5.231E-20 5.083E-20 5.084E-20 5.780E-20
 5.493E-20 4.426E-20 4.195E-20 4.660E-20 4.982E-20 4.935E-20 4.707E-20 4.250E-20 3.868E-20 4.502E-20
 5.510E-20 6.037E-20 5.114E-20 3.822E-20 3.699E-20 3.699E-20 3.631E-20 4.143E-20 4.467E-20 4.502E-20
 4.082E-20 3.589E-20 4.001E-20 4.392E-20 4.194E-20 4.348E-20 5.003E-20 5.102E-20 4.484E-20 4.153E-20
 3.944E-20 4.308E-20 5.151E-20 5.548E-20 4.790E-20 3.772E-20 3.806E-20 4.658E-20 5.024E-20 4.949E-20
 5.597E-20 6.898E-20 7.407E-20 7.081E-20 7.049E-20 6.203E-20 4.700E-20 4.120E-20 4.230E-20 4.151E-20
 3.643E-20 3.679E-20 4.714E-20 5.764E-20 6.174E-20 5.909E-20 5.248E-20 4.071E-20 3.328E-20 3.365E-20
 3.230E-20 3.463E-20 4.807E-20 6.701E-20 7.082E-20 5.178E-20 4.390E-20 5.275E-20 5.355E-20 4.550E-20
 4.355E-20 4.498E-20 4.914E-20 6.535E-20 8.934E-20 9.206E-20 7.118E-20 6.131E-20 5.418E-20 4.089E-20
 2.954E-20 2.922E-20 3.734E-20 5.120E-20 6.877E-20 7.930E-20 6.690E-20 4.725E-20 3.891E-20 3.707E-20
 3.913E-20 3.812E-20 3.990E-20 4.386E-20 5.379E-20 6.692E-20 7.264E-20 6.358E-20 5.451E-20 4.479E-20
 4.167E-20 4.338E-20 3.885E-20 3.914E-20 5.224E-20 7.926E-20 1.080E-19 1.050E-19 7.455E-20 5.184E-20
 3.468E-20 2.561E-20 2.434E-20 2.539E-20 3.206E-20 5.037E-20 6.908E-20 7.543E-20 5.602E-20 3.357E-20
 2.497E-20 2.541E-20 2.681E-20 2.934E-20 3.624E-20 4.610E-20 6.456E-20 8.048E-20 7.052E-20 4.977E-20
 3.886E-20 3.123E-20 2.633E-20 2.745E-20 3.438E-20 4.909E-20 8.015E-20 1.144E-19 1.180E-19 7.850E-20
 4.016E-20 2.480E-20 2.500E-20 3.051E-20 3.784E-20 4.418E-20 5.456E-20 6.750E-20 7.900E-20 6.771E-20
 4.473E-20 3.594E-20 3.401E-20 3.452E-20 3.999E-20 4.493E-20 5.368E-20 6.880E-20 8.218E-20 7.228E-20
 4.488E-20 3.462E-20 3.490E-20 3.693E-20 4.519E-20 5.570E-20 7.269E-20 1.053E-19 1.379E-19 1.228E-19
 6.257E-20 3.755E-20 4.075E-20 4.022E-20 4.043E-20 4.024E-20 4.802E-20 6.557E-20 8.306E-20 8.306E-20
 4.560E-20 3.534E-20 3.949E-20 4.504E-20 5.099E-20 5.601E-20 6.605E-20 8.422E-20 9.705E-20 7.981E-20
 4.771E-20 3.496E-20 3.726E-20 4.635E-20 5.535E-20 6.305E-20 8.277E-20 1.158E-19 1.382E-19 1.087E-19
 5.861E-20 4.471E-20 4.510E-20 4.345E-20 4.634E-20 5.434E-20 6.767E-20 8.301E-20 8.800E-20 7.368E-20
 5.788E-20 5.446E-20 5.191E-20 5.054E-20 5.410E-20 6.053E-20 7.359E-20 9.045E-20 9.309E-20 7.280E-20
 5.408E-20 5.178E-20 5.931E-20 6.881E-20 8.102E-20 9.888E-20 1.205E-19 1.317E-19 1.116E-19 6.785E-20
 4.788E-20 5.151E-20 5.550E-20 6.237E-20 7.402E-20 9.101E-20 1.077E-19 1.050E-19 7.937E-20 6.229E-20
 6.108E-20 6.430E-20 7.261E-20 7.983E-20 8.357E-20 8.579E-20 8.445E-20 7.789E-20 6.638E-20 5.792E-20
 5.576E-20 5.556E-20 5.700E-20 6.236E-20 6.368E-20 5.711E-20 4.576E-20 3.381E-20 3.000E-20 3.569E-20
 4.259E-20 4.689E-20 4.732E-20 4.250E-20 4.349E-20 5.330E-20 5.786E-20 5.143E-20 4.567E-20 4.278E-20
 4.241E-20 4.327E-20 4.177E-20 4.221E-20 4.858E-20 5.608E-20 5.753E-20 5.431E-20 5.361E-20 5.244E-20
 5.119E-20 4.589E-20 4.535E-20 6.550E-20 9.198E-20 9.175E-20 7.557E-20 6.064E-20 4.704E-20 4.015E-20
 4.015E-20 4.064E-20 5.246E-20 7.028E-20 7.046E-20 5.354E-20 4.591E-20 4.637E-20 4.205E-20 3.745E-20
 4.574E-20 6.427E-20 7.223E-20 6.065E-20 4.964E-20 5.136E-20 5.534E-20 5.391E-20 5.383E-20 6.446E-20
 8.665E-20 9.844E-20 7.653E-20 5.700E-20 5.542E-20 5.524E-20 5.018E-20 4.468E-20 5.041E-20 6.473E-20
 6.636E-20 5.676E-20 5.648E-20 5.547E-20 5.547E-20 4.048E-20 3.999E-20 5.419E-20 7.339E-20 7.540E-20
 6.777E-20 6.544E-20 5.849E-20 5.004E-20 4.839E-20 6.316E-20 9.125E-20 1.028E-19 8.292E-20 6.002E-20
 4.455E-20 4.212E-20 4.499E-20 4.981E-20 5.890E-20 7.190E-20 7.168E-20 7.168E-20 5.073E-20 4.887E-20
 4.345E-20 4.170E-20 5.524E-20 7.948E-20 8.693E-20 6.671E-20 4.585E-20 3.884E-20 3.898E-20 4.516E-20
 6.110E-20 9.156E-20 1.083E-19 8.316E-20 5.112E-20 3.867E-20 4.089E-20 4.705E-20 5.617E-20 7.091E-20
 7.469E-20 5.472E-20 4.117E-20 4.449E-20 5.148E-20 5.650E-20 6.502E-20 8.215E-20 9.046E-20 7.091E-20
 5.066E-20 4.653E-20 4.678E-20 4.678E-20 5.640E-20 8.462E-20 1.006E-19 8.271E-20 6.389E-20 5.478E-20
 4.868E-20 4.724E-20 5.803E-20 7.492E-20 7.492E-20 6.203E-20 4.854E-20 4.719E-20 5.264E-20 6.307E-20
 7.239E-20 7.416E-20 6.928E-20 5.691E-20 4.916E-20 5.222E-20 5.725E-20 6.676E-20 8.389E-20 9.757E-20
 8.112E-20 5.858E-20 5.314E-20 5.279E-20 5.072E-20 5.300E-20 6.282E-20 6.744E-20 5.781E-20 5.284E-20
 5.700E-20 5.652E-20 5.237E-20 6.133E-20 7.352E-20 6.531E-20 5.143E-20 5.121E-20 5.114E-20 5.082E-20
 6.366E-20 8.624E-20 8.759E-20 6.817E-20 6.019E-20 5.758E-20 5.050E-20 5.194E-20 6.556E-20 7.123E-20
 6.263E-20 5.790E-20 5.577E-20 5.048E-20 5.166E-20 5.913E-20 6.460E-20 5.997E-20 5.354E-20 5.364E-20
 4.983E-20 5.142E-20 6.939E-20 8.724E-20 7.561E-20 5.353E-20 4.583E-20 4.759E-20 5.130E-20 6.108E-20
 7.045E-20 6.499E-20 5.270E-20 4.965E-20 5.335E-20 5.448E-20 5.700E-20 6.362E-20 6.139E-20 5.591E-20
 5.045E-20 5.083E-20 6.533E-20 7.792E-20 7.322E-20 5.300E-20 4.340E-20 4.563E-20 5.405E-20 6.668E-20
 6.887E-20 5.520E-20 4.503E-20 4.709E-20 5.195E-20 5.414E-20 5.653E-20 5.827E-20 5.313E-20 4.774E-20
 4.508E-20 4.840E-20 5.825E-20 6.959E-20 6.633E-20 4.917E-20 4.323E-20 4.782E-20 5.516E-20 5.939E-20
 5.571E-20 4.655E-20 4.580E-20 4.779E-20 4.882E-20 5.171E-20 5.327E-20 5.159E-20 5.195E-20 5.072E-20
 4.789E-20 5.472E-20 6.579E-20 6.268E-20 5.154E-20 4.530E-20 4.398E-20 4.767E-20 5.406E-20 5.249E-20
 4.437E-20 4.192E-20 4.493E-20 5.033E-20 5.388E-20 4.633E-20 3.708E-20 3.924E-20 4.924E-20 5.812E-20
 5.923E-20 5.085E-20 4.455E-20 4.453E-20 4.710E-20 5.224E-20 5.322E-20 5.035E-20 4.839E-20 4.604E-20
 4.443E-20 5.117E-20 5.378E-20 5.337E-20 5.214E-20 4.810E-20 5.018E-20 5.693E-20 5.358E-20 4.466E-20
 4.070E-20 4.321E-20 4.863E-20 5.223E-20 4.786E-20 4.198E-20 4.232E-20 4.626E-20 5.071E-20 4.895E-20
 4.322E-20 4.478E-20 5.321E-20 5.662E-20 4.935E-20 4.935E-20 4.353E-20 4.677E-20 4.955E-20 4.831E-20
 4.208E-20 4.183E-20 4.768E-20 5.596E-20 5.475E-20 4.575E-20 4.578E-20 5.046E-20 5.097E-20 4.800E-20
 4.453E-20 4.550E-20 5.005E-20 5.276E-20 4.952E-20 4.348E-20 4.110E-20 4.411E-20 4.983E-20 4.865E-20
 4.421E-20 4.590E-20 4.826E-20 4.626E-20 4.350E-20 4.228E-20 4.541E-20 4.768E-20 4.626E-20 4.357E-20
 4.034E-20 4.050E-20 4.333E-20 4.397E-20 4.331E-20 4.395E-20 4.713E-20 4.809E-20 4.665E-20 4.447E-20
 4.608E-20 4.958E-20 5.093E-20 5.093E-20 4.643E-20 4.494E-20 4.781E-20 5.282E-20 5.428E-20 4.977E-20
 4.619E-20 4.587E-20 4.623E-20 4.485E-20 4.228E-20 4.338E-20 5.026E-20 5.304E-20 5.024E-20 4.583E-20
 4.474E-20 4.689E-20 4.647E-20 4.693E-20 4.752E-20 4.934E-20 4.916E-20 4.818E-20 4.684E-20 4.438E-20
 4.314E-20 4.421E-20 4.506E-20 4.532E-20 4.363E-20 4.296E-20 4.687E-20 5.034E-20 5.153E-20 4.863E-20
 4.617E-20 4.778E-20 4.848E-20 4.688E-20 4.617E-20 4.820E-20 4.945E-20 4.953E-20 4.742E-20 4.595E-20
 4.811E-20 4.935E-20 4.837E-20 4.768E-20 4.754E-20 4.879E-20 4.863E-20 4.749E-20 4.622E-20 4.590E-20
 4.696E-20 4.762E-20 4.713E-20 4.762E-20 4.672E-20 4.663E-20 4.663E-20 4.802E-20 4.726E-20 4.383E-20
 4.420E-20 4.881E-20 5.068E-20 5.043E-20 5.051E-20 4.989E-20 4.947E-20 4.869E-20 4.974E-20 4.797E-20
 4.504E-20 4.711E-20 4.923E-20 4.845E-20 4.580E-20 4.494E-20 4.628E-20 4.760E-20 4.652E-20 4.355E-20
 4.322E-20 4.708E-20 5.137E-20 5.461E-20 5.322E-20 5.197E-20 5.188E-20 5.224E-20 5.328E-20 5.121E-20
 5.103E-20 5.298E-20 5.494E-20 5.411E-20 4.914E-20 4.942E-20 5.144E-20 5.092E-20 5.089E-20 4.969E-20
 4.851E-20 4.939E-20 5.131E-20 5.195E-20 4.917E-20 4.569E-20 4.570E-20 4.873E-20 5.183E-20 5.203E-20
 5.124E-20 5.178E-20 5.220E-20 5.078E-20 4.868E-20 4.858E-20 5.031E-20 5.429E-20 5.574E-20 5.266E-20
 5.298E-20 5.229E-20 5.071E-20 5.133E-20 5.135E-20 5.104E-20 5.069E-20 5.016E-20 5.140E-20 5.180E-20
 5.118E-20 5.012E-20 5.016E-20 5.155E-20 5.055E-20 4.802E-20 4.999E-20 5.297E-20 5.417E-20 5.428E-20
 5.390E-20 5.275E-20 5.417E-20 5.560E-20 5.539E-20 5.696E-20 5.898E-20 5.890E-20 5.614E-20 5.331E-20
 5.174E-20 5.061E-20 5.188E-20 5.339E-20 5.536E-20 5.490E-20 5.445E-20 5.629E-20 5.633E-20 5.397E-20
 5.427E-20 5.613E-20 5.662E-20 5.472E-20 5.394E-20 5.372E-20 5.386E-20 5.535E-20 5.744E-20 5.750E-20
 5.693E-20 5.745E-20 5.737E-20 5.581E-20 5.444E-20 5.783E-20 6.000E-20 5.867E-20 5.536E-20 5.514E-20
 5.829E-20 6.033E-20 5.893E-20 5.773E-20 5.851E-20 5.918E-20 5.894E-20 5.775E-20 5.566E-20 5.610E-20
 5.711E-20 5.775E-20 5.797E-20 5.858E-20 5.989E-20 6.226E-20 6.333E-20 6.329E-20 6.399E-20 6.433E-20
 6.517E-20 6.475E-20 6.221E-20 6.084E-20 6.113E-20 6.435E-20 6.400E-20 6.336E-20 6.207E-20 6.068E-20
 6.160E-20 6.346E-20 6.451E-20 6.403E-20 6.368E-20 6.401E-20 6.321E-20 6.330E-20 6.371E-20 6.393E-20
 6.539E-20 6.586E-20 6.619E-20 6.325E-20 6.239E-20 6.350E-20 6.525E-20 6.566E-20 6.552E-20 6.664E-20
 6.642E-20 6.597E-20 6.667E-20 6.769E-20 6.605E-20 6.494E-20 6.584E-20 6.767E-20 6.476E-20 6.324E-20
 6.628E-20 6.967E-20 6.993E-20 6.834E-20 6.834E-20 6.701E-20 6.667E-20 6.732E-20 6.838E-20 6.994E-20
 7.152E-20 7.262E-20 7.143E-20 6.848E-20 6.713E-20 6.812E-20 7.113E-20 7.304E-20 7.337E-20 7.185E-20
 6.854E-20 6.728E-20 6.775E-20 6.782E-20 7.038E-20 7.557E-20 7.932E-20 7.713E-20 7.332E-20 7.324E-20
 7.479E-20 7.740E-20 8.000E-20 8.153E-20 8.070E-20 7.629E-20 7.435E-20 7.479E-20 7.510E-20 7.411E-20
 7.433E-20 7.498E-20 7.490E-20 7.227E-20 7.364E-20 7.660E-20 7.891E-20 8.303E-20 8.167E-20 7.632E-20
 7.339E-20 7.162E-20 7.104E-20 7.592E-20 8.188E-20 8.377E-20 8.525E-20 8.692E-20 8.472E-20 8.090E-20
 7.727E-20 7.865E-20 8.405E-20 8.356E-20 8.293E-20 8.209E-20 7.861E-20 7.727E-20 7.892E-20 8.240E-20
 8.453E-20 8.444E-20 8.418E-20 8.086E-20 8.023E-20 8.280E-20 8.552E-20 8.807E-20 8.610E-20 8.361E-20
 8.457E-20 8.413E-20 8.099E-20 7.987E-20 8.441E-20 8.793E-20 8.583E-20 8.541E-20 8.400E-20 8.264E-20
 8.789E-20 9.216E-20 9.326E-20 9.243E-20 8.996E-20 8.996E-20 8.671E-20 8.489E-20 8.451E-20 8.882E-20
 9.351E-20 9.283E-20 9.284E-20 9.477E-20 9.513E-20 9.678E-20 9.785E-20 9.778E-20 9.348E-20 9.080E-20
 9.357E-20 9.203E-20 8.931E-20 9.113E-20 9.346E-20 9.428E-20 9.411E-20 9.451E-20 9.531E-20 9.737E-20
 9.985E-20 1.014E-19 1.044E-19 1.030E-19 9.702E-20 9.586E-20 9.678E-20 9.590E-20 9.612E-20 9.954E-20
 1.004E-19 9.781E-20 9.795E-20 1.012E-19 1.052E-19 1.032E-19 1.027E-19 1.066E-19 1.052E-19 9.975E-20
 9.918E-20 1.015E-19 1.012E-19 1.013E-19 1.044E-19 1.079E-19 1.083E-19 1.100E-19 1.102E-19 1.071E-19
 1.064E-19 1.096E-19 1.123E-19 1.090E-19 1.045E-19 1.048E-19 1.088E-19 1.086E-19 1.061E-19 1.069E-19
 1.101E-19 1.110E-19 1.115E-19 1.122E-19 1.120E-19 1.128E-19 1.154E-19 1.180E-19 1.152E-19 1.108E-19
 1.107E-19 1.138E-19 1.149E-19 1.188E-19 1.204E-19 1.186E-19 1.174E-19 1.187E-19 1.192E-19 1.180E-19
 1.180E-19 1.172E-19 1.181E-19 1.206E-19 1.177E-19 1.145E-19 1.167E-19 1.187E-19 1.185E-19 1.162E-19
 1.157E-19 1.155E-19 1.180E-19 1.234E-19 1.267E-19 1.289E-19 1.276E-19 1.252E-19 1.228E-19 1.208E-19
 1.210E-19 1.246E-19 1.304E-19 1.312E-19 1.265E-19 1.242E-19 1.243E-19 1.267E-19 1.290E-19 1.314E-19
 1.323E-19 1.290E-19 1.308E-19 1.351E-19 1.346E-19 1.344E-19 1.358E-19 1.351E-19 1.334E-19 1.277E-19
 1.252E-19 1.301E-19 1.356E-19 1.369E-19 1.372E-19 1.372E-19 1.357E-19 1.352E-19 1.368E-19 1.384E-19
 1.404E-19 1.403E-19 1.396E-19 1.409E-19 1.392E-19 1.377E-19 1.406E-19 1.453E-19 1.469E-19 1.487E-19
 1.516E-19 1.508E-19 1.489E-19 1.519E-19 1.525E-19 1.471E-19 1.428E-19 1.435E-19 1.476E-19 1.501E-19
 1.508E-19 1.517E-19 1.559E-19 1.536E-19 1.504E-19 1.495E-19 1.477E-19 1.485E-19 1.559E-19 1.581E-19
 1.534E-19 1.460E-19 1.461E-19 1.533E-19 1.589E-19 1.627E-19 1.651E-19 1.637E-19 1.611E-19 1.620E-19
 1.632E-19 1.627E-19 1.643E-19 1.698E-19 1.686E-19 1.594E-19 1.496E-19 1.500E-19 1.611E-19 1.709E-19
 1.748E-19 1.701E-19 1.664E-19 1.650E-19 1.644E-19 1.676E-19 1.696E-19 1.701E-19 1.740E-19 1.757E-19
 1.664E-19 1.581E-19 1.609E-19 1.722E-19 1.836E-19 1.885E-19 1.811E-19 1.722E-19 1.714E-19 1.743E-19
 1.775E-19 1.811E-19 1.807E-19 1.855E-19 1.867E-19 1.825E-19 1.760E-19 1.730E-19 1.820E-19 1.946E-19
 1.996E-19 1.912E-19 1.804E-19 1.835E-19 1.880E-19 1.918E-19 1.949E-19 1.931E-19 1.916E-19 1.893E-19
 1.843E-19 1.810E-19 1.806E-19 1.908E-19 2.077E-19 2.112E-19 1.988E-19 1.889E-19 1.899E-19 1.946E-19
 2.003E-19 2.066E-19 2.046E-19 2.009E-19 2.055E-19 2.098E-19 2.063E-19 2.008E-19 2.098E-19 2.235E-19
 2.208E-19 2.069E-19 2.037E-19 2.107E-19 2.158E-19 2.174E-19 2.201E-19 2.109E-19 2.052E-19 2.124E-19
 2.145E-19 2.095E-19 2.097E-19 2.183E-19 2.264E-19 2.251E-19 2.144E-19 2.119E-19 2.237E-19 2.279E-19
 2.302E-19 2.332E-19 2.245E-19 2.209E-19 2.266E-19 2.299E-19 2.298E-19 2.305E-19 2.339E-19 2.388E-19
 2.363E-19 2.230E-19 2.245E-19 2.394E-19 2.462E-19 2.479E-19 2.438E-19 2.341E-19 2.261E-19 2.283E-19
 2.404E-19 2.462E-19 2.465E-19 2.404E-19 2.377E-19 2.389E-19 2.325E-19 2.439E-19 2.610E-19 2.641E-19
 2.613E-19 2.540E-19 2.411E-19 2.346E-19 2.418E-19 2.590E-19 2.649E-19 2.623E-19 2.573E-19 2.525E-19
 2.510E-19 2.484E-19 2.635E-19 2.849E-19 2.899E-19 2.778E-19 2.607E-19 2.517E-19 2.522E-19 2.609E-19
 2.713E-19 2.740E-19 2.669E-19 2.558E-19 2.520E-19 2.591E-19 2.634E-19 2.872E-19 3.142E-19 3.072E-19
 2.795E-19 2.620E-19 2.603E-19 2.651E-19 2.767E-19 2.898E-19 2.993E-19 2.879E-19 2.703E-19 2.660E-19
 2.706E-19 2.791E-19 3.113E-19 3.389E-19 3.230E-19 2.888E-19 2.788E-19 2.826E-19 2.875E-19 2.964E-19
 3.099E-19 3.167E-19 2.979E-19 2.859E-19 2.949E-19 3.094E-19 3.192E-19 3.358E-19 3.508E-19 3.359E-19
 3.129E-19 3.072E-19 3.062E-19 3.079E-19 3.215E-19 3.389E-19 3.369E-19 3.088E-19 3.034E-19 3.241E-19
 3.431E-19 3.389E-19 3.415E-19 3.575E-19 3.456E-19 3.291E-19 3.272E-19 3.206E-19 3.173E-19 3.366E-19
 3.581E-19 3.504E-19 3.278E-19 3.307E-19 3.562E-19 3.725E-19 3.563E-19 3.554E-19 3.710E-19 3.611E-19
 3.482E-19 3.478E-19 3.382E-19 3.375E-19 3.609E-19 3.708E-19 3.589E-19 3.530E-19 3.598E-19 3.738E-19
 3.829E-19 3.723E-19 3.726E-19 3.881E-19 3.852E-19 3.703E-19 3.569E-19 3.545E-19 3.685E-19 3.896E-19
 3.887E-19 3.776E-19 3.810E-19 3.850E-19 3.827E-19 3.953E-19 3.988E-19 3.943E-19 4.008E-19 4.110E-19
 3.986E-19 3.715E-19 3.734E-19 4.004E-19 4.162E-19 4.095E-19 4.036E-19 4.028E-19 3.926E-19 3.964E-19
 4.266E-19 4.333E-19 4.158E-19 4.179E-19 4.273E-19 4.046E-19 3.796E-19 3.990E-19 4.338E-19 4.409E-19
 4.362E-19 4.297E-19 4.075E-19 3.860E-19 4.100E-19 4.557E-19 4.559E-19 4.343E-19 4.419E-19 4.450E-19
 4.169E-19 4.039E-19 4.342E-19 4.627E-19 4.687E-19 4.669E-19 4.492E-19 4.147E-19 4.047E-19 4.438E-19
 4.805E-19 4.717E-19 4.543E-19 4.556E-19 4.552E-19 4.401E-19 4.425E-19 4.679E-19 4.879E-19 4.895E-19
 4.825E-19 4.556E-19 4.276E-19 4.379E-19 4.834E-19 5.132E-19 5.050E-19 4.786E-19 4.674E-19 4.678E-19
 4.638E-19 4.828E-19 5.034E-19 5.151E-19 5.099E-19 4.900E-19 4.668E-19 4.551E-19 4.651E-19 5.047E-19
 5.441E-19 5.362E-19 4.880E-19 4.753E-19 4.950E-19 5.153E-19 5.439E-19 5.434E-19 5.393E-19 5.289E-19
 4.981E-19 4.865E-19 4.911E-19 5.055E-19 5.396E-19 5.780E-19 5.587E-19 4.961E-19 4.866E-19 5.316E-19
 5.707E-19 5.847E-19 5.687E-19 5.544E-19 5.270E-19 4.962E-19 5.036E-19 5.315E-19 5.569E-19 5.818E-19
 6.059E-19 5.719E-19 5.061E-19 5.082E-19 5.748E-19 6.121E-19 6.108E-19 5.990E-19 5.734E-19 5.259E-19
 5.036E-19 5.341E-19 5.795E-19 6.037E-19 6.071E-19 6.083E-19 5.739E-19 5.197E-19 5.460E-19 6.137E-19
 6.308E-19 6.326E-19 6.361E-19 5.927E-19 5.315E-19 5.275E-19 5.808E-19 6.302E-19 6.531E-19 6.381E-19
 6.277E-19 5.996E-19 5.675E-19 6.026E-19 6.464E-19 6.539E-19 6.703E-19 6.727E-19 6.040E-19 5.453E-19
 5.639E-19 6.261E-19 6.750E-19 6.725E-19 6.518E-19 6.600E-19 6.396E-19 6.183E-19 6.381E-19 6.586E-19
 6.773E-19 7.017E-19 6.800E-19 6.167E-19 5.881E-19 6.270E-19 6.949E-19 7.175E-19 6.856E-19 6.686E-19
 6.809E-19 6.670E-19 6.493E-19 6.540E-19 6.663E-19 7.067E-19 7.223E-19 6.936E-19 6.609E-19 6.537E-19
 6.876E-19 7.165E-19 7.110E-19 6.953E-19 6.929E-19 7.146E-19 7.098E-19 6.975E-19 6.812E-19 6.882E-19
 7.328E-19 7.423E-19 7.247E-19 7.070E-19 7.085E-19 7.357E-19 7.424E-19 7.435E-19 7.395E-19 7.333E-19
 7.503E-19 7.603E-19 7.401E-19 7.059E-19 7.104E-19 7.471E-19 7.578E-19 7.544E-19 7.549E-19 7.629E-19
 7.582E-19 7.517E-19 7.816E-19 7.878E-19 7.733E-19 7.856E-19 8.003E-19 7.681E-19 7.315E-19 7.324E-19
 7.663E-19 7.951E-19 8.143E-19 8.133E-19 7.920E-19 7.629E-19 7.726E-19 8.009E-19 8.095E-19 8.085E-19
 8.190E-19 8.122E-19 7.767E-19 7.542E-19 7.656E-19 8.004E-19 8.288E-19 8.477E-19 8.472E-19 8.130E-19
 7.928E-19 8.165E-19 8.297E-19 8.212E-19 8.468E-19 8.674E-19 8.416E-19 8.002E-19 7.800E-19 8.040E-19
 8.422E-19 8.709E-19 9.875E-19 8.621E-19 8.156E-19 8.052E-19 8.263E-19 8.497E-19 8.691E-19 8.960E-19
 9.013E-19 8.638E-19 8.304E-19 8.134E-19 8.260E-19 8.643E-19 1.026E-18 1.056E-18 9.883E-19 8.657E-19
 8.780E-19 8.698E-19 8.820E-19 1.008E-18 1.043E-18 9.059E-19 8.730E-19 8.526E-19 8.385E-19 8.567E-19
 9.220E-19 1.084E-18 1.074E-18 1.007E-18 9.031E-19 8.948E-19 8.802E-19 9.249E-19 1.082E-18 1.101E-18
 1.042E-18 8.719E-19 8.498E-19 8.376E-19 8.941E-19 1.083E-18 1.157E-18 1.118E-18 1.087E-18 1.080E-18
 9.191E-19 9.054E-19 1.055E-18 1.150E-18 1.153E-18 1.058E-18 8.843E-19 8.793E-19 8.901E-19 1.059E-18
 1.171E-18 1.192E-18 1.132E-18 1.123E-18 1.104E-18 9.289E-19 9.317E-19 1.127E-18 1.205E-18 1.166E-18
 1.047E-18 9.837E-19 9.728E-19 1.014E-18 1.133E-18 1.239E-18 1.246E-18 1.194E-18 1.178E-18 1.159E-18
 1.081E-18 1.080E-18 1.209E-18 1.292E-18 1.207E-18 1.076E-18 1.021E-18 1.023E-18 1.072E-18 1.193E-18
 1.295E-18 1.304E-18 1.243E-18 1.210E-18 1.177E-18 1.109E-18 1.157E-18 1.298E-18 1.324E-18 1.229E-18
 1.131E-18 1.086E-18 1.102E-18 1.158E-18 1.268E-18 1.344E-18 1.341E-18 1.264E-18 1.225E-18 1.202E-18
 1.162E-18 1.212E-18 1.327E-18 1.348E-18 1.269E-18 1.168E-18 1.115E-18 1.151E-18 1.245E-18 1.363E-18
 1.420E-18 1.406E-18 1.304E-18 1.236E-18 1.221E-18 1.233E-18 1.299E-18 1.375E-18 1.390E-18 1.332E-18
 1.234E-18 1.159E-18 1.207E-18 1.332E-18 1.423E-18 1.467E-18 1.466E-18 1.340E-18 1.263E-18 1.272E-18
 1.290E-18 1.322E-18 1.379E-18 1.426E-18 1.399E-18 1.289E-18 1.234E-18 1.322E-18 1.440E-18 1.486E-18
 1.516E-18 1.484E-18 1.345E-18 1.284E-18 1.291E-18 1.326E-18 1.370E-18 1.455E-18 1.505E-18 1.453E-18
 1.343E-18 1.321E-18 1.385E-18 1.451E-18 1.535E-18 1.606E-18 1.537E-18 1.401E-18 1.376E-18 1.394E-18
 1.405E-18 1.438E-18 1.548E-18 1.581E-18 1.477E-18 1.325E-18 1.331E-18 1.456E-18 1.520E-18 1.595E-18
 1.643E-18 1.545E-18 1.400E-18 1.404E-18 1.446E-18 1.456E-18 1.522E-18 1.619E-18 1.584E-18 1.474E-18
 1.400E-18 1.499E-18 1.596E-18 1.777E-18 1.799E-18 1.681E-18 1.568E-18 1.433E-18 1.475E-18 1.533E-18
 1.532E-18 1.739E-18 1.816E-18 1.740E-18 1.515E-18 1.489E-18 1.565E-18 1.761E-18 1.783E-18 1.760E-18
 1.605E-18 1.577E-18 1.556E-18 1.623E-18 1.630E-18 1.580E-18 1.763E-18 1.828E-18 1.693E-18 1.601E-18
 1.591E-18 1.661E-18 1.716E-18 1.838E-18 1.820E-18 1.825E-18 1.630E-18 1.597E-18 1.652E-18 1.753E-18
 1.638E-18 1.839E-18 1.882E-18 1.811E-18 1.635E-18 1.790E-18 1.906E-18 1.942E-18 1.915E-18 1.933E-18
 1.957E-18 1.893E-18 1.710E-18 1.794E-18 1.815E-18 1.803E-18 1.891E-18 1.944E-18 1.939E-18 1.906E-18
 1.905E-18 1.918E-18 1.870E-18 1.851E-18 1.919E-18 1.981E-18 1.844E-18 1.725E-18 1.803E-18 1.845E-18
 1.899E-18 1.987E-18 2.032E-18 2.063E-18 2.018E-18 1.978E-18 1.925E-18 1.855E-18 1.849E-18 1.920E-18
 2.026E-18 2.019E-18 1.871E-18 1.854E-18 1.961E-18 2.088E-18 2.184E-18 2.188E-18 2.171E-18 2.206E-18
 2.216E-18 2.040E-18 1.892E-18 1.889E-18 2.021E-18 2.191E-18 2.178E-18 1.961E-18 1.910E-18 2.027E-18
 2.135E-18 2.186E-18 2.224E-18 2.283E-18 2.309E-18 2.138E-18 1.907E-18 1.871E-18 1.910E-18 2.075E-18
 2.261E-18 2.235E-18 2.040E-18 2.044E-18 2.174E-18 2.270E-18 2.285E-18 2.278E-18 2.334E-18 2.320E-18
 2.114E-18 1.952E-18 1.899E-18 1.944E-18 2.210E-18 2.461E-18 2.397E-18 2.149E-18 2.163E-18 2.220E-18
 2.197E-18 2.232E-18 2.423E-18 2.581E-18 2.421E-18 2.142E-18 2.029E-18 2.025E-18 2.109E-18 2.387E-18
 2.586E-18 2.442E-18 2.137E-18 2.144E-18 2.253E-18 2.292E-18 2.340E-18 2.522E-18 2.580E-18 2.389E-18
 2.168E-18 2.041E-18 1.993E-18 2.136E-18 2.405E-18 2.505E-18 2.374E-18 2.215E-18 2.306E-18 2.408E-18
 2.469E-18 2.596E-18 2.736E-18 2.690E-18 2.500E-18 2.332E-18 2.214E-18 2.075E-18 2.160E-18 2.407E-18
 2.596E-18 2.580E-18 2.471E-18 2.478E-18 2.455E-18 2.452E-18 2.597E-18 2.746E-18 2.650E-18 2.394E-18
 2.255E-18 2.194E-18 2.174E-18 2.320E-18 2.601E-18 2.787E-18 2.626E-18 2.421E-18 2.444E-18 2.496E-18
 2.557E-18 2.723E-18 2.838E-18 2.686E-18 2.458E-18 2.374E-18 2.278E-18 2.173E-18 2.256E-18 2.576E-18
 2.961E-18 3.132E-18 2.976E-18 2.631E-18 2.373E-18 2.387E-18 2.682E-18 2.943E-18 2.805E-18 2.542E-18
 2.414E-18 2.304E-18 2.370E-18 2.675E-18 3.008E-18 3.051E-18 2.838E-18 2.510E-18 2.352E-18 2.327E-18
 2.411E-18 2.771E-18 3.126E-18 3.000E-18 2.728E-18 2.595E-18 2.579E-18 2.726E-18 3.049E-18 3.227E-18
 3.058E-18 2.803E-18 2.522E-18 2.466E-18 2.508E-18 2.645E-18 3.126E-18 3.552E-18 3.335E-18 2.816E-18
 2.500E-18 2.530E-18 2.788E-18 2.945E-18 2.909E-18 2.923E-18 2.766E-18 2.480E-18 2.547E-18 2.777E-18
 2.912E-18 3.139E-18 3.286E-18 3.068E-18 2.791E-18 2.701E-18 2.797E-18 2.921E-18 2.886E-18 2.979E-18
 3.265E-18 3.107E-18 2.733E-18 2.710E-18 2.706E-18 2.712E-18 2.981E-18 3.248E-18 3.127E-18 2.966E-18
 3.092E-18 3.430E-18 3.400E-18 3.115E-18 3.147E-18 3.249E-18 3.000E-18 2.759E-18 2.819E-18 2.830E-18
 2.891E-18 3.283E-18 3.606E-18 3.493E-18 3.361E-18 3.309E-18 2.998E-18 2.701E-18 2.798E-18 3.144E-18
 3.389E-18 3.114E-18 2.813E-18 2.918E-18 3.081E-18 3.057E-18 3.282E-18 3.644E-18 3.518E-18 3.276E-18
 2.989E-18 2.710E-18 2.753E-18 3.014E-18 3.371E-18 3.506E-18 3.211E-18 2.977E-18 3.056E-18 2.949E-18
 2.873E-18 3.467E-18 4.266E-18 4.251E-18 3.586E-18 3.101E-18 3.078E-18 3.206E-18 3.319E-18 3.368E-18
 3.163E-18 2.727E-18 2.568E-18 2.782E-18 2.976E-18 3.202E-18 3.911E-18 4.298E-18 3.775E-18 3.350E-18
 3.125E-18 2.944E-18 2.986E-18 3.118E-18 3.143E-18 3.023E-18 2.809E-18 2.921E-18 3.511E-18 3.920E-18
 4.116E-18 4.110E-18 3.838E-18 3.444E-18 3.161E-18 2.900E-18 2.829E-18 3.073E-18 3.404E-18 3.576E-18
 3.473E-18 3.153E-18 3.225E-18 3.852E-18 4.251E-18 3.939E-18 3.775E-18 3.622E-18 3.335E-18 3.222E-18
 3.105E-18 3.018E-18 3.108E-18 3.193E-18 3.354E-18 3.641E-18 3.699E-18 3.802E-18 4.112E-18 4.047E-18
 3.938E-18 3.971E-18 3.816E-18 3.481E-18 3.177E-18 3.038E-18 3.203E-18 3.573E-18 3.809E-18 4.088E-18
 4.356E-18 3.941E-18 3.245E-18 3.107E-18 3.188E-18 3.240E-18 3.411E-18 3.603E-18 3.533E-18 3.377E-18
 3.428E-18 3.835E-18 4.318E-18 4.558E-18 4.535E-18 3.825E-18 3.023E-18 2.901E-18 3.259E-18 3.643E-18
 4.053E-18 4.636E-18 4.794E-18 4.439E-18 4.166E-18 4.125E-18 4.196E-18 4.124E-18 3.654E-18 3.487E-18
 3.649E-18 3.429E-18 3.164E-18 3.311E-18 3.450E-18 3.442E-18 3.598E-18 3.978E-18 4.163E-18 4.211E-18
 4.348E-18 4.101E-18 3.481E-18 3.130E-18 3.316E-18 3.638E-18 3.614E-18 3.667E-18 3.956E-18 4.267E-18
 4.494E-18 4.766E-18 5.008E-18 4.983E-18 4.426E-18 3.893E-18 3.978E-18 3.955E-18 3.676E-18 3.586E-18
 3.690E-18 3.649E-18 3.790E-18 4.116E-18 3.978E-18 3.858E-18 4.112E-18 4.155E-18 3.909E-18 3.895E-18
 4.030E-18 4.010E-18 3.645E-18 3.485E-18 3.911E-18 4.408E-18 4.251E-18 4.128E-18 4.563E-18 4.715E-18
 4.411E-18 4.337E-18 4.459E-18 4.244E-18 4.114E-18 4.292E-18 4.577E-18 4.486E-18 4.334E-18 4.398E-18
 4.825E-18 4.941E-18 4.417E-18 3.588E-18 3.122E-18 3.163E-18 3.507E-18 3.823E-18 4.044E-18 4.106E-18
 4.048E-18 3.681E-18 3.308E-18 3.623E-18 4.307E-18 4.304E-18 3.540E-18 3.254E-18 3.506E-18 3.665E-18
 3.732E-18 3.842E-18 3.940E-18 3.762E-18 3.418E-18 3.554E-18 4.073E-18 4.220E-18 3.893E-18 4.066E-18
 4.516E-18 4.250E-18 3.621E-18 3.184E-18 3.041E-18 3.206E-18 3.628E-18 4.447E-18 5.302E-18 5.189E-18
 4.211E-18 3.370E-18 3.158E-18 3.197E-18 3.455E-18 3.941E-18 4.237E-18 4.091E-18 3.675E-18 3.544E-18
 4.038E-18 4.799E-18 4.852E-18 4.074E-18 3.585E-18 3.316E-18 3.192E-18 3.432E-18 3.948E-18 4.373E-18
 4.172E-18 3.831E-18 3.905E-18 4.386E-18 4.521E-18 4.150E-18 4.084E-18 3.971E-18 3.697E-18 3.538E-18
 3.544E-18 3.499E-18 3.430E-18 3.885E-18 5.040E-18 6.799E-18 5.725E-18 4.064E-18 3.132E-18 2.990E-18
 3.541E-18 4.527E-18 5.223E-18 4.844E-18 3.952E-18 3.638E-18 3.888E-18 4.598E-18 4.962E-18 4.492E-18
 4.233E-18 4.026E-18 3.690E-18 3.564E-18 3.351E-18 3.277E-18 3.738E-18 4.705E-18 5.607E-18 5.730E-18
 4.782E-18 3.782E-18 3.578E-18 3.890E-18 4.493E-18 5.131E-18 4.602E-18 3.575E-18 3.413E-18 4.041E-18
 5.581E-18 6.879E-18 5.858E-18 4.198E-18 3.499E-18 3.681E-18 4.236E-18 4.320E-18 3.783E-18 3.832E-18
 4.495E-18 4.704E-18 4.983E-18 5.127E-18 4.548E-18 4.216E-18 4.490E-18 4.448E-18 3.924E-18 3.196E-18
 3.048E-18 3.607E-18 3.994E-18 4.182E-18 4.716E-18 4.463E-18 3.137E-18 2.645E-18 3.037E-18 3.409E-18
 3.620E-18 3.873E-18 4.125E-18 4.127E-18 4.303E-18 5.243E-18 5.703E-18 4.414E-18 3.464E-18 3.947E-18
 4.542E-18 3.917E-18 2.968E-18 2.756E-18 2.833E-18 3.229E-18 4.244E-18 4.998E-18 4.232E-18 3.021E-18
 2.785E-18 3.497E-18 3.903E-18 3.940E-18 3.860E-18 3.445E-18 2.879E-18 2.924E-18 3.986E-18 4.463E-18
 3.913E-18 3.615E-18 3.743E-18 3.735E-18 3.075E-18 2.600E-18 2.659E-18 3.243E-18 4.255E-18 5.896E-18
 6.278E-18 4.872E-18 3.914E-18 4.274E-18 4.090E-18 3.264E-18 2.876E-18 2.871E-18 3.035E-18 3.423E-18
 4.127E-18 5.171E-18 5.036E-18 4.529E-18 4.585E-18 3.865E-18 2.666E-18 2.258E-18 2.447E-18 2.825E-18
 3.618E-18 4.768E-18 5.736E-18 5.308E-18 4.300E-18 3.575E-18 3.012E-18 2.932E-18 3.294E-18 3.708E-18
 4.357E-18 5.075E-18 7.073E-18 8.971E-18 8.252E-18 5.805E-18 3.869E-18 3.095E-18 2.789E-18 2.763E-18
 3.127E-18 3.645E-18 4.544E-18 5.694E-18 6.793E-18 5.429E-18 3.751E-18 2.947E-18 3.014E-18 3.079E-18
 3.296E-18 3.474E-18 3.917E-18 4.934E-18 6.064E-18 6.081E-18 4.838E-18 3.825E-18 3.259E-18 2.974E-18
 3.253E-18 3.851E-18 4.509E-18 6.088E-18 8.229E-18 1.018E-17 7.634E-18 3.939E-18 2.946E-18 2.812E-18
 2.848E-18 3.349E-18 3.801E-18 4.438E-18 5.428E-18 7.376E-18 8.428E-18 5.124E-18 3.919E-18 3.353E-18
 3.186E-18 3.121E-18 3.567E-18 4.433E-18 5.218E-18 5.900E-18 5.649E-18 4.407E-18 3.300E-18 3.021E-18
 3.308E-18 3.746E-18 4.392E-18 5.156E-18 5.848E-18 7.247E-18 8.119E-18 5.755E-18 4.060E-18 3.217E-18
 3.200E-18 3.723E-18 4.128E-18 4.251E-18 4.778E-18 5.744E-18 6.274E-18 5.088E-18 3.889E-18 3.417E-18
 3.696E-18 4.056E-18 4.126E-18 4.308E-18 4.820E-18 5.823E-18 6.915E-18 6.882E-18 5.616E-18 4.769E-18
 4.488E-18 4.537E-18 5.066E-18 5.768E-18 7.209E-18 9.508E-18 9.801E-18 6.968E-18 5.013E-18 4.059E-18
 4.030E-18 4.370E-18 4.439E-18 4.533E-18 5.106E-18 6.895E-18 7.482E-18 5.083E-18 4.072E-18 3.673E-18
 3.768E-18 3.933E-18 4.182E-18 4.799E-18 5.746E-18 6.398E-18 5.886E-18 4.763E-18 3.982E-18 3.787E-18
 3.918E-18 4.040E-18 4.356E-18 4.906E-18 5.325E-18 4.859E-18 3.874E-18 2.860E-18 2.165E-18 1.842E-18
 1.868E-18 2.124E-18 2.484E-18 2.612E-18 2.505E-18 2.565E-18 2.865E-18 3.283E-18 3.173E-18 2.987E-18
 3.053E-18 3.068E-18 2.902E-18 2.858E-18 2.834E-18 2.785E-18 3.170E-18 3.642E-18 3.580E-18 3.398E-18
 3.113E-18 2.779E-18 2.875E-18 3.054E-18 3.144E-18 3.870E-18 5.054E-18 5.124E-18 4.140E-18 3.408E-18
 3.146E-18 3.315E-18 3.326E-18 3.084E-18 3.275E-18 4.076E-18 4.515E-18 3.758E-18 3.099E-18 2.972E-18
 3.086E-18 2.878E-18 2.908E-18 3.455E-18 4.101E-18 4.094E-18 3.400E-18 3.069E-18 3.197E-18 3.290E-18
 2.996E-18 3.037E-18 3.610E-18 4.482E-18 5.029E-18 4.502E-18 4.148E-18 4.185E-18 3.945E-18 3.448E-18
 3.285E-18 3.609E-18 4.397E-18 4.672E-18 4.109E-18 3.862E-18 3.830E-18 3.495E-18 3.095E-18 2.934E-18
 3.257E-18 4.105E-18 4.629E-18 4.317E-18 3.885E-18 3.277E-18 2.814E-18 2.800E-18 3.059E-18 3.650E-18
 4.578E-18 4.876E-18 4.329E-18 3.785E-18 3.278E-18 3.050E-18 3.235E-18 3.789E-18 4.363E-18 4.455E-18
 4.087E-18 3.528E-18 2.969E-18 2.638E-18 2.634E-18 2.936E-18 3.337E-18 3.921E-18 4.309E-18 3.700E-18
 2.996E-18 2.994E-18 3.440E-18 3.522E-18 3.444E-18 3.951E-18 4.702E-18 4.151E-18 3.237E-18 3.011E-18
 3.281E-18 3.209E-18 2.913E-18 3.088E-18 3.729E-18 3.706E-18 3.306E-18 3.249E-18 3.103E-18 2.923E-18
 3.068E-18 3.746E-18 4.461E-18 3.953E-18 3.274E-18 3.165E-18 3.056E-18 2.861E-18 3.079E-18 3.907E-18
 4.901E-18 4.979E-18 4.122E-18 3.387E-18 2.968E-18 2.921E-18 3.368E-18 4.283E-18 4.772E-18 4.296E-18
 3.519E-18 3.081E-18 2.975E-18 3.362E-18 4.221E-18 4.887E-18 4.782E-18 4.233E-18 3.627E-18 3.428E-18
 3.617E-18 3.920E-18 4.077E-18 3.987E-18 4.223E-18 4.222E-18 3.571E-18 3.170E-18 3.219E-18 3.526E-18
 3.721E-18 4.089E-18 4.397E-18 3.832E-18 3.324E-18 3.612E-18 4.169E-18 4.023E-18 3.511E-18 3.568E-18
 3.777E-18 3.429E-18 3.226E-18 3.351E-18 3.318E-18 3.228E-18 3.859E-18 4.759E-18 4.399E-18 3.713E-18
 3.641E-18 3.638E-18 3.486E-18 3.422E-18 3.769E-18 3.946E-18 3.631E-18 3.539E-18 3.503E-18 3.276E-18
 3.298E-18 3.917E-18 4.548E-18 4.133E-18 3.496E-18 3.181E-18 3.056E-18 3.320E-18 3.901E-18 4.575E-18
 4.128E-18 3.130E-18 2.565E-18 2.546E-18 2.930E-18 3.467E-18 4.334E-18 4.441E-18 3.572E-18 2.880E-18
 2.634E-18 2.921E-18 3.729E-18 4.076E-18 3.463E-18 2.787E-18 2.476E-18 2.478E-18 2.881E-18 3.952E-18
 4.660E-18 4.137E-18 3.361E-18 2.922E-18 2.788E-18 3.025E-18 3.600E-18 3.685E-18 2.936E-18 2.460E-18
 2.527E-18 2.672E-18 2.854E-18 3.238E-18 3.180E-18 2.748E-18 2.761E-18 3.047E-18 3.338E-18 3.848E-18
 4.321E-18 3.982E-18 3.189E-18 2.721E-18 2.768E-18 3.159E-18 3.388E-18 3.211E-18 2.856E-18 2.531E-18
 2.481E-18 2.837E-18 3.243E-18 3.326E-18 3.015E-18 2.740E-18 2.860E-18 3.161E-18 3.311E-18 3.536E-18
 3.477E-18 2.925E-18 2.523E-18 2.437E-18 2.452E-18 2.625E-18 2.994E-18 2.919E-18 2.500E-18 2.342E-18
 2.561E-18 2.885E-18 2.928E-18 2.508E-18 2.346E-18 2.489E-18 2.880E-18 3.085E-18 2.882E-18 2.327E-18
 2.092E-18 2.363E-18 2.775E-18 2.793E-18 2.604E-18 2.469E-18 2.461E-18 2.576E-18 2.554E-18 2.578E-18
 2.572E-18 2.444E-18 2.365E-18 2.520E-18 2.664E-18 2.793E-18 2.893E-18 2.670E-18 2.321E-18 2.288E-18
 2.483E-18 2.505E-18 2.412E-18 2.213E-18 2.130E-18 2.341E-18 2.415E-18 2.313E-18 2.163E-18 2.089E-18
 2.244E-18 2.647E-18 2.609E-18 2.158E-18 2.021E-18 2.223E-18 2.426E-18 2.429E-18 2.055E-18 1.849E-18
 2.042E-18 2.237E-18 2.109E-18 1.958E-18 1.853E-18 2.009E-18 2.424E-18 2.466E-18 2.117E-18 1.998E-18
 2.126E-18 2.254E-18 2.230E-18 1.925E-18 1.790E-18 1.961E-18 2.058E-18 1.998E-18 1.959E-18 1.835E-18
 1.899E-18 2.203E-18 2.200E-18 1.959E-18 1.913E-18 2.083E-18 2.245E-18 2.120E-18 1.808E-18 1.813E-18
 2.011E-18 2.007E-18 1.892E-18 1.889E-18 1.871E-18 1.976E-18 2.176E-18 2.069E-18 1.878E-18 1.850E-18
 1.986E-18 2.115E-18 1.984E-18 1.712E-18 1.730E-18 1.839E-18 1.825E-18 1.825E-18 1.829E-18 1.710E-18
 1.798E-18 2.024E-18 1.937E-18 1.721E-18 1.662E-18 1.760E-18 1.885E-18 1.800E-18 1.597E-18 1.668E-18
 1.825E-18 1.786E-18 1.736E-18 1.755E-18 1.672E-18 1.742E-18 1.915E-18 1.848E-18 1.704E-18 1.716E-18
 1.841E-18 1.968E-18 1.837E-18 1.573E-18 1.562E-18 1.629E-18 1.600E-18 1.569E-18 1.590E-18 1.539E-18
 1.611E-18 1.743E-18 1.655E-18 1.522E-18 1.566E-18 1.730E-18 1.888E-18 1.770E-18 1.501E-18 1.485E-18
 1.584E-18 1.549E-18 1.511E-18 1.564E-18 1.493E-18 1.516E-18 1.676E-18 1.619E-18 1.488E-18 1.524E-18
 1.641E-18 1.756E-18 1.632E-18 1.366E-18 1.349E-18 1.426E-18 1.378E-18 1.364E-18 1.449E-18 1.408E-18
 1.457E-18 1.601E-18 1.490E-18 1.367E-18 1.422E-18 1.530E-18 1.637E-18 1.571E-18 1.380E-18 1.364E-18
 1.423E-18 1.367E-18 1.357E-18 1.441E-18 1.351E-18 1.383E-18 1.546E-18 1.465E-18 1.338E-18 1.403E-18
 1.502E-18 1.572E-18 1.487E-18 1.336E-18 1.334E-18 1.362E-18 1.314E-18 1.339E-18 1.403E-18 1.301E-18
 1.333E-18 1.455E-18 1.338E-18 1.237E-18 1.347E-18 1.462E-18 1.506E-18 1.403E-18 1.312E-18 1.362E-18
 1.366E-18 1.285E-18 1.288E-18 1.343E-18 1.299E-18 1.385E-18 1.465E-18 1.302E-18 1.231E-18 1.325E-18
 1.379E-18 1.375E-18 1.253E-18 1.210E-18 1.330E-18 1.362E-18 1.271E-18 1.282E-18 1.359E-18 1.326E-18
 1.376E-18 1.420E-18 1.272E-18 1.204E-18 1.260E-18 1.304E-18 1.276E-18 1.143E-18 1.125E-18 1.269E-18
 1.298E-18 1.175E-18 1.193E-18 1.285E-18 1.283E-18 1.337E-18 1.325E-18 1.177E-18 1.149E-18 1.227E-18
 1.230E-18 1.164E-18 1.057E-18 1.098E-18 1.273E-18 1.285E-18 1.105E-18 1.099E-18 1.191E-18 1.235E-18
 1.351E-18 1.373E-18 1.207E-18 1.141E-18 1.199E-18 1.194E-18 1.100E-18 9.840E-19 1.064E-18 1.236E-18
 1.228E-18 1.045E-18 1.049E-18 1.151E-18 1.204E-18 1.295E-18 1.312E-18 1.175E-18 1.110E-18 1.143E-18
 1.111E-18 1.013E-18 9.601E-19 1.084E-18 1.239E-18 1.212E-18 1.055E-18 1.083E-18 1.162E-18 1.151E-18
 1.205E-18 1.206E-18 1.074E-18 1.043E-18 1.098E-18 1.075E-18 9.698E-19 9.336E-19 1.056E-18 1.164E-18
 1.159E-18 1.066E-18 1.067E-18 1.099E-18 1.123E-18 1.205E-18 1.164E-18 1.028E-18 9.893E-19 1.001E-18
 9.778E-19 9.077E-19 9.088E-19 1.024E-18 1.071E-18 1.047E-18 1.024E-18 1.042E-18 1.001E-18 1.020E-18
 1.140E-18 1.123E-18 1.017E-18 9.704E-19 9.525E-19 9.154E-19 8.449E-19 8.667E-19 9.937E-19 1.056E-18
 1.034E-18 1.010E-18 1.027E-18 9.775E-19 1.018E-18 1.123E-18 1.104E-18 9.957E-19 9.133E-19 8.944E-19
 8.855E-19 8.269E-19 8.597E-19 9.800E-19 1.026E-18 9.809E-19 9.566E-19 9.725E-19 9.457E-19 9.988E-19
 1.086E-18 1.087E-18 9.915E-19 9.066E-19 8.792E-19 8.357E-19 7.610E-19 7.806E-19 8.927E-19 9.793E-19
 9.502E-19 9.187E-19 9.282E-19 9.208E-19 9.421E-19 9.570E-19 9.541E-19 9.091E-19 8.484E-19 8.287E-19
 7.846E-19 7.190E-19 7.648E-19 9.232E-19 1.002E-18 9.155E-19 8.647E-19 9.141E-19 9.604E-19 9.808E-19
 9.559E-19 9.349E-19 8.961E-19 8.278E-19 7.990E-19 7.431E-19 6.729E-19 7.278E-19 8.782E-19 9.322E-19
 8.301E-19 7.812E-19 7.928E-19 8.176E-19 8.825E-19 8.775E-19 8.757E-19 8.844E-19 8.462E-19 8.139E-19
 7.379E-19 6.560E-19 7.357E-19 8.734E-19 8.859E-19 7.818E-19 7.639E-19 7.904E-19 8.453E-19 8.970E-19
 8.175E-19 7.882E-19 8.089E-19 8.089E-19 7.659E-19 6.773E-19 6.370E-19 7.411E-19 8.407E-19 8.359E-19
 7.599E-19 7.524E-19 7.628E-19 8.226E-19 8.603E-19 7.769E-19 7.400E-19 7.853E-19 8.051E-19 7.278E-19
 6.400E-19 6.405E-19 7.287E-19 7.896E-19 7.852E-19 7.484E-19 7.320E-19 7.290E-19 7.758E-19 7.865E-19
 7.313E-19 7.159E-19 7.868E-19 8.202E-19 7.182E-19 6.418E-19 6.485E-19 6.883E-19 7.103E-19 7.135E-19
 7.410E-19 7.417E-19 7.210E-19 7.262E-19 6.996E-19 6.458E-19 6.521E-19 7.242E-19 7.501E-19 6.703E-19
 6.112E-19 6.167E-19 6.417E-19 6.576E-19 6.851E-19 7.294E-19 7.088E-19 6.667E-19 6.540E-19 6.359E-19
 6.319E-19 6.688E-19 7.267E-19 7.343E-19 6.758E-19 6.149E-19 5.949E-19 5.935E-19 6.128E-19 6.494E-19
 7.060E-19 6.965E-19 6.574E-19 6.395E-19 6.184E-19 6.053E-19 6.457E-19 6.985E-19 7.105E-19 6.636E-19
 6.062E-19 5.669E-19 5.574E-19 5.884E-19 6.413E-19 7.143E-19 6.684E-19 6.039E-19 5.822E-19 5.834E-19
 5.792E-19 6.110E-19 6.514E-19 6.719E-19 6.321E-19 5.910E-19 5.489E-19 5.426E-19 5.612E-19 6.028E-19
 6.564E-19 6.086E-19 5.628E-19 5.370E-19 5.400E-19 5.342E-19 5.520E-19 5.875E-19 6.309E-19 5.978E-19
 5.317E-19 5.070E-19 5.174E-19 5.410E-19 5.958E-19 6.126E-19 5.559E-19 5.299E-19 5.220E-19 5.378E-19
 5.320E-19 5.263E-19 5.371E-19 5.806E-19 5.939E-19 5.667E-19 5.462E-19 5.115E-19 5.141E-19 5.665E-19
 5.648E-19 5.360E-19 5.360E-19 5.119E-19 5.121E-19 5.176E-19 5.044E-19 5.020E-19 5.287E-19 5.605E-19
 5.544E-19 5.190E-19 4.892E-19 5.111E-19 5.613E-19 5.325E-19 4.933E-19 5.034E-19 4.967E-19 5.016E-19
 5.034E-19 4.769E-19 4.621E-19 4.694E-19 5.244E-19 5.584E-19 5.188E-19 4.774E-19 4.930E-19 5.215E-19
 4.934E-19 4.537E-19 4.662E-19 4.814E-19 4.885E-19 4.931E-19 4.620E-19 4.237E-19 4.141E-19 4.795E-19
 5.347E-19 5.078E-19 4.745E-19 5.088E-19 5.125E-19 4.555E-19 4.024E-19 4.267E-19 4.633E-19 4.741E-19
 4.674E-19 4.246E-19 3.844E-19 3.813E-19 4.372E-19 4.952E-19 4.780E-19 4.504E-19 4.926E-19 4.916E-19
 4.239E-19 3.737E-19 4.036E-19 4.540E-19 4.701E-19 4.387E-19 3.932E-19 3.674E-19 3.559E-19 3.876E-19
 4.414E-19 4.565E-19 4.558E-19 4.983E-19 4.866E-19 3.920E-19 3.351E-19 3.714E-19 4.380E-19 4.630E-19
 4.227E-19 3.844E-19 3.563E-19 3.380E-19 3.700E-19 4.280E-19 4.465E-19 4.496E-19 4.838E-19 4.563E-19
 3.622E-19 3.174E-19 3.587E-19 4.133E-19 4.380E-19 4.114E-19 3.819E-19 3.430E-19 3.196E-19 3.406E-19
 3.822E-19 4.106E-19 4.389E-19 4.835E-19 4.481E-19 3.510E-19 3.145E-19 3.357E-19 3.707E-19 4.050E-19
 4.127E-19 3.763E-19 3.212E-19 2.877E-19 3.009E-19 3.389E-19 3.857E-19 4.201E-19 4.390E-19 4.013E-19
 3.356E-19 3.134E-19 3.108E-19 3.409E-19 3.907E-19 4.174E-19 3.729E-19 3.130E-19 2.752E-19 2.688E-19
 2.911E-19 3.539E-19 4.028E-19 3.996E-19 3.658E-19 3.302E-19 3.075E-19 2.834E-19 3.005E-19 3.668E-19
 4.118E-19 3.653E-19 2.949E-19 2.612E-19 2.517E-19 2.779E-19 3.530E-19 4.062E-19 3.769E-19 3.348E-19
 3.180E-19 2.942E-19 2.697E-19 2.865E-19 3.569E-19 4.016E-19 3.609E-19 2.875E-19 2.388E-19 2.268E-19
 2.596E-19 3.304E-19 3.784E-19 3.544E-19 3.135E-19 3.016E-19 2.908E-19 2.680E-19 2.708E-19 3.255E-19
 3.691E-19 3.510E-19 2.805E-19 2.237E-19 2.196E-19 2.570E-19 3.100E-19 3.501E-19 3.465E-19 2.959E-19
 2.684E-19 2.745E-19 2.679E-19 2.743E-19 3.131E-19 3.465E-19 3.269E-19 2.601E-19 2.125E-19 2.162E-19
 2.524E-19 2.817E-19 3.122E-19 3.307E-19 2.843E-19 2.396E-19 2.468E-19 2.589E-19 2.778E-19 3.015E-19
 3.264E-19 3.063E-19 2.481E-19 2.149E-19 2.230E-19 2.493E-19 2.599E-19 2.807E-19 3.188E-19 2.823E-19
 2.250E-19 2.243E-19 2.459E-19 2.719E-19 2.784E-19 2.892E-19 2.706E-19 2.257E-19 2.142E-19 2.235E-19
 2.243E-19 2.135E-19 2.411E-19 2.962E-19 2.774E-19 2.173E-19 2.009E-19 2.296E-19 2.677E-19 2.752E-19
 2.739E-19 2.584E-19 2.210E-19 2.206E-19 2.281E-19 2.051E-19 1.908E-19 2.287E-19 2.830E-19 2.757E-19
 2.217E-19 1.941E-19 2.068E-19 2.345E-19 2.603E-19 2.662E-19 2.531E-19 2.248E-19 2.167E-19 2.121E-19
 1.789E-19 1.686E-19 2.066E-19 2.513E-19 2.481E-19 2.198E-19 2.008E-19 1.924E-19 2.027E-19 2.369E-19
 2.554E-19 2.438E-19 2.267E-19 2.087E-19 1.928E-19 1.680E-19 1.669E-19 1.998E-19 2.226E-19 2.214E-19
 2.164E-19 1.938E-19 1.665E-19 1.784E-19 2.182E-19 2.486E-19 2.454E-19 2.298E-19 1.975E-19 1.653E-19
 1.617E-19 1.781E-19 1.955E-19 2.024E-19 2.027E-19 2.079E-19 1.847E-19 1.464E-19 1.529E-19 1.974E-19
 2.311E-19 2.340E-19 2.197E-19 1.873E-19 1.548E-19 1.611E-19 1.813E-19 1.846E-19 1.814E-19 1.797E-19
 1.873E-19 1.740E-19 1.457E-19 1.521E-19 1.920E-19 2.133E-19 2.104E-19 2.025E-19 1.800E-19 1.522E-19
 1.581E-19 1.790E-19 1.849E-19 1.741E-19 1.662E-19 1.696E-19 1.641E-19 1.471E-19 1.475E-19 1.737E-19
 1.833E-19 1.673E-19 1.692E-19 1.741E-19 1.620E-19 1.587E-19 1.695E-19 1.788E-19 1.655E-19 1.467E-19
 1.480E-19 1.550E-19 1.546E-19 1.565E-19 1.656E-19 1.622E-19 1.439E-19 1.460E-19 1.655E-19 1.685E-19
 1.636E-19 1.674E-19 1.697E-19 1.516E-19 1.272E-19 1.306E-19 1.444E-19 1.545E-19 1.644E-19 1.637E-19
 1.471E-19 1.212E-19 1.174E-19 1.451E-19 1.590E-19 1.547E-19 1.583E-19 1.635E-19 1.477E-19 1.187E-19
 1.165E-19 1.323E-19 1.427E-19 1.547E-19 1.549E-19 1.314E-19 1.025E-19 9.765E-20 1.286E-19 1.496E-19
 1.480E-19 1.496E-19 1.542E-19 1.396E-19 1.146E-19 1.114E-19 1.291E-19 1.400E-19 1.531E-19 1.558E-19
 1.270E-19 9.344E-20 8.867E-20 1.142E-19 1.331E-19 1.425E-19 1.525E-19 1.506E-19 1.231E-19 9.899E-20
 1.027E-19 1.210E-19 1.369E-19 1.503E-19 1.537E-19 1.240E-19 9.098E-20 9.163E-20 1.070E-19 1.206E-19
 1.399E-19 1.536E-19 1.445E-19 1.129E-19 9.230E-20 9.810E-20 1.124E-19 1.330E-19 1.415E-19 1.428E-19
 1.197E-19 8.412E-20 7.536E-20 8.775E-20 1.109E-19 1.328E-19 1.420E-19 1.305E-19 9.737E-20 7.822E-20
 8.515E-20 1.036E-19 1.277E-19 1.413E-19 1.391E-19 1.175E-19 8.124E-20 6.567E-20 7.871E-20 1.069E-19
 1.329E-19 1.359E-19 1.183E-19 8.937E-20 7.382E-20 7.765E-20 9.210E-20 1.179E-19 1.309E-19 1.240E-19
 1.125E-19 8.702E-20 0.000E+00 0.000E+00 0.000E+00 0.000E+00 0.000E+00 0.000E+00 0.000E+00 0.000E+00
