     CClF3 1170.0060 1234.9960      4382  253.0000    0.0000 1.060E-17  NCAR    CFC-13
 6.534E-21 9.150E-21 1.468E-20 1.458E-20 1.355E-20 1.240E-20 1.165E-20 1.309E-20 1.426E-20 1.377E-20
 1.620E-20 2.047E-20 2.043E-20 1.716E-20 1.584E-20 1.633E-20 1.579E-20 1.605E-20 1.697E-20 1.609E-20
 1.470E-20 1.372E-20 1.297E-20 1.222E-20 1.365E-20 1.521E-20 1.689E-20 1.588E-20 1.505E-20 1.477E-20
 1.375E-20 1.391E-20 1.658E-20 1.862E-20 1.542E-20 1.197E-20 1.182E-20 1.228E-20 1.428E-20 1.659E-20
 1.824E-20 1.678E-20 1.363E-20 1.293E-20 1.135E-20 1.195E-20 1.471E-20 1.746E-20 1.721E-20 1.552E-20
 1.393E-20 1.273E-20 1.297E-20 1.436E-20 1.736E-20 2.101E-20 1.977E-20 1.723E-20 1.448E-20 1.294E-20
 1.222E-20 1.258E-20 1.382E-20 1.519E-20 1.581E-20 1.430E-20 1.487E-20 1.886E-20 2.424E-20 2.963E-20
 2.733E-20 1.887E-20 1.343E-20 1.301E-20 1.557E-20 1.706E-20 1.513E-20 1.748E-20 2.106E-20 1.767E-20
 1.474E-20 1.681E-20 1.818E-20 2.049E-20 2.350E-20 2.274E-20 1.826E-20 1.292E-20 1.013E-20 1.153E-20
 1.312E-20 1.527E-20 1.688E-20 1.769E-20 1.774E-20 1.671E-20 1.772E-20 1.972E-20 2.115E-20 2.342E-20
 2.375E-20 2.078E-20 2.078E-20 2.236E-20 2.331E-20 2.228E-20 1.758E-20 1.545E-20 1.622E-20 1.428E-20
 1.121E-20 1.277E-20 1.599E-20 1.880E-20 1.993E-20 1.688E-20 1.494E-20 1.403E-20 1.601E-20 2.009E-20
 2.289E-20 2.341E-20 2.425E-20 2.414E-20 2.267E-20 2.100E-20 2.115E-20 2.120E-20 2.293E-20 2.373E-20
 2.250E-20 2.146E-20 2.047E-20 1.730E-20 1.682E-20 1.709E-20 1.809E-20 2.122E-20 2.402E-20 2.257E-20
 1.890E-20 1.890E-20 1.835E-20 1.834E-20 1.968E-20 1.833E-20 1.724E-20 1.907E-20 1.907E-20 1.788E-20
 1.815E-20 2.050E-20 2.194E-20 1.969E-20 1.897E-20 2.029E-20 2.256E-20 2.513E-20 2.594E-20 2.532E-20
 2.179E-20 1.786E-20 1.710E-20 1.832E-20 1.981E-20 2.138E-20 2.142E-20 2.393E-20 2.710E-20 2.534E-20
 2.306E-20 2.142E-20 2.040E-20 2.225E-20 2.308E-20 2.142E-20 2.045E-20 2.131E-20 2.135E-20 2.204E-20
 2.415E-20 2.578E-20 2.592E-20 2.559E-20 2.362E-20 2.305E-20 2.216E-20 2.148E-20 2.364E-20 2.666E-20
 2.669E-20 2.256E-20 1.905E-20 2.140E-20 2.401E-20 2.434E-20 2.556E-20 2.778E-20 2.776E-20 2.446E-20
 2.147E-20 2.138E-20 2.498E-20 2.706E-20 2.929E-20 2.723E-20 2.335E-20 2.250E-20 2.161E-20 2.429E-20
 2.838E-20 3.033E-20 2.928E-20 2.597E-20 2.425E-20 2.630E-20 2.763E-20 2.763E-20 2.040E-20 2.152E-20
 2.214E-20 2.190E-20 2.242E-20 2.376E-20 2.684E-20 2.837E-20 2.894E-20 2.956E-20 2.764E-20 2.372E-20
 2.752E-20 3.188E-20 3.133E-20 3.215E-20 3.206E-20 2.860E-20 2.554E-20 2.341E-20 2.406E-20 2.525E-20
 2.840E-20 3.315E-20 3.527E-20 3.025E-20 2.600E-20 2.570E-20 2.375E-20 2.364E-20 2.757E-20 3.202E-20
 3.187E-20 2.863E-20 2.527E-20 2.403E-20 2.403E-20 2.937E-20 3.310E-20 3.538E-20 3.397E-20 2.818E-20
 2.847E-20 3.100E-20 3.068E-20 3.146E-20 3.282E-20 3.116E-20 2.717E-20 2.551E-20 2.825E-20 3.142E-20
 3.583E-20 4.049E-20 3.856E-20 3.024E-20 2.341E-20 2.265E-20 2.535E-20 2.718E-20 3.120E-20 3.473E-20
 3.015E-20 2.389E-20 2.315E-20 2.880E-20 3.544E-20 3.824E-20 3.857E-20 3.893E-20 3.406E-20 2.854E-20
 2.754E-20 2.566E-20 2.605E-20 3.020E-20 3.442E-20 3.361E-20 3.153E-20 3.350E-20 3.689E-20 3.767E-20
 3.604E-20 3.501E-20 3.321E-20 3.079E-20 3.367E-20 3.869E-20 3.703E-20 3.317E-20 3.483E-20 3.837E-20
 3.837E-20 3.644E-20 3.258E-20 3.251E-20 3.681E-20 3.937E-20 3.925E-20 3.708E-20 3.002E-20 2.374E-20
 2.504E-20 2.702E-20 2.993E-20 3.678E-20 4.114E-20 3.906E-20 3.559E-20 3.559E-20 2.940E-20 2.869E-20
 3.042E-20 3.204E-20 3.119E-20 2.777E-20 2.557E-20 2.740E-20 3.258E-20 3.761E-20 3.683E-20 3.364E-20
 3.188E-20 2.990E-20 2.861E-20 3.074E-20 3.424E-20 3.702E-20 3.657E-20 3.400E-20 3.184E-20 3.575E-20
 3.968E-20 3.465E-20 3.216E-20 3.446E-20 3.301E-20 2.828E-20 2.529E-20 2.616E-20 2.975E-20 3.481E-20
 3.963E-20 4.227E-20 4.216E-20 3.749E-20 3.260E-20 3.009E-20 3.095E-20 3.451E-20 3.663E-20 3.497E-20
 3.512E-20 3.787E-20 3.813E-20 3.811E-20 4.250E-20 4.521E-20 4.357E-20 3.873E-20 3.211E-20 3.053E-20
 3.391E-20 3.816E-20 4.465E-20 4.807E-20 4.324E-20 3.663E-20 3.413E-20 3.625E-20 3.863E-20 3.832E-20
 3.870E-20 4.194E-20 4.178E-20 3.617E-20 3.093E-20 2.921E-20 3.058E-20 3.372E-20 3.973E-20 4.572E-20
 4.876E-20 4.641E-20 3.815E-20 3.320E-20 3.834E-20 4.255E-20 4.127E-20 3.843E-20 3.398E-20 3.386E-20
 3.625E-20 3.595E-20 3.799E-20 4.263E-20 4.275E-20 3.895E-20 3.699E-20 3.380E-20 3.059E-20 3.265E-20
 3.640E-20 4.037E-20 3.961E-20 3.290E-20 3.449E-20 4.227E-20 4.484E-20 4.571E-20 4.982E-20 5.033E-20
 4.454E-20 3.838E-20 3.364E-20 3.544E-20 4.061E-20 4.481E-20 4.885E-20 4.963E-20 4.406E-20 4.367E-20
 4.782E-20 4.207E-20 3.569E-20 3.950E-20 4.382E-20 4.206E-20 3.883E-20 3.676E-20 3.655E-20 4.313E-20
 5.030E-20 5.271E-20 4.545E-20 3.228E-20 3.095E-20 3.151E-20 2.907E-20 3.171E-20 3.827E-20 4.155E-20
 4.099E-20 4.195E-20 4.966E-20 5.683E-20 4.896E-20 3.838E-20 3.944E-20 3.667E-20 2.999E-20 3.159E-20
 3.218E-20 3.232E-20 4.090E-20 5.243E-20 5.636E-20 5.116E-20 3.632E-20 2.585E-20 2.764E-20 3.522E-20
 3.898E-20 4.121E-20 3.944E-20 3.589E-20 3.860E-20 4.041E-20 4.174E-20 4.290E-20 3.877E-20 3.505E-20
 3.109E-20 3.002E-20 3.128E-20 3.394E-20 4.031E-20 4.731E-20 6.060E-20 6.882E-20 6.010E-20 3.932E-20
 2.584E-20 2.525E-20 3.100E-20 3.778E-20 4.086E-20 4.117E-20 4.429E-20 5.181E-20 5.498E-20 4.923E-20
 4.106E-20 3.804E-20 3.634E-20 3.194E-20 3.225E-20 3.393E-20 3.496E-20 4.232E-20 5.475E-20 5.716E-20
 4.398E-20 3.200E-20 2.955E-20 3.069E-20 3.577E-20 4.283E-20 4.843E-20 4.883E-20 4.974E-20 5.203E-20
 5.203E-20 3.989E-20 3.688E-20 3.688E-20 4.471E-20 4.018E-20 3.706E-20 3.761E-20 3.691E-20 4.174E-20
 4.786E-20 5.468E-20 5.468E-20 3.463E-20 3.380E-20 3.245E-20 3.072E-20 3.505E-20 4.121E-20 4.082E-20
 3.473E-20 3.069E-20 3.069E-20 3.613E-20 3.613E-20 3.716E-20 4.181E-20 4.207E-20 3.807E-20 3.531E-20
 3.428E-20 3.882E-20 4.937E-20 5.664E-20 5.107E-20 3.707E-20 3.429E-20 4.321E-20 4.592E-20 4.441E-20
 5.119E-20 6.642E-20 7.121E-20 6.691E-20 6.674E-20 5.712E-20 4.085E-20 3.605E-20 3.711E-20 3.321E-20
 3.321E-20 2.838E-20 4.019E-20 5.631E-20 6.264E-20 5.671E-20 4.858E-20 3.610E-20 2.680E-20 2.563E-20
 2.563E-20 3.243E-20 4.804E-20 6.665E-20 6.822E-20 4.723E-20 3.976E-20 4.877E-20 4.873E-20 4.173E-20
 3.897E-20 4.110E-20 4.187E-20 5.747E-20 8.636E-20 9.029E-20 6.975E-20 5.939E-20 4.885E-20 3.650E-20
 2.580E-20 2.179E-20 2.998E-20 4.429E-20 6.092E-20 7.519E-20 6.571E-20 4.445E-20 3.606E-20 3.274E-20
 3.396E-20 3.514E-20 3.680E-20 4.121E-20 5.196E-20 6.447E-20 7.016E-20 6.006E-20 4.698E-20 3.635E-20
 3.635E-20 3.660E-20 2.894E-20 2.754E-20 4.318E-20 7.575E-20 1.092E-19 1.030E-19 6.816E-20 4.411E-20
 2.438E-20 1.635E-20 1.697E-20 1.943E-20 2.685E-20 4.523E-20 6.777E-20 7.415E-20 5.084E-20 2.863E-20
 1.971E-20 1.742E-20 2.022E-20 2.536E-20 3.075E-20 4.041E-20 4.041E-20 7.945E-20 6.967E-20 4.310E-20
 2.976E-20 2.976E-20 1.763E-20 1.689E-20 2.453E-20 4.067E-20 7.356E-20 1.118E-19 1.220E-19 8.021E-20
 3.436E-20 1.566E-20 1.711E-20 2.393E-20 3.185E-20 3.895E-20 5.100E-20 6.528E-20 7.761E-20 6.519E-20
 3.885E-20 2.738E-20 2.379E-20 2.416E-20 3.034E-20 3.653E-20 4.658E-20 6.365E-20 7.867E-20 6.588E-20
 3.576E-20 2.600E-20 2.295E-20 2.544E-20 3.504E-20 4.498E-20 6.566E-20 1.038E-19 1.421E-19 1.243E-19
 5.662E-20 2.724E-20 2.758E-20 2.739E-20 3.018E-20 3.413E-20 4.223E-20 5.984E-20 8.139E-20 7.411E-20
 3.919E-20 2.511E-20 2.993E-20 3.375E-20 3.993E-20 4.812E-20 6.148E-20 8.185E-20 9.403E-20 7.392E-20
 3.901E-20 2.769E-20 3.296E-20 3.995E-20 4.695E-20 5.634E-20 7.670E-20 1.174E-19 1.460E-19 1.125E-19
 5.449E-20 3.633E-20 3.920E-20 3.989E-20 4.169E-20 4.895E-20 6.579E-20 8.448E-20 9.004E-20 7.221E-20
 5.299E-20 4.877E-20 4.556E-20 4.412E-20 4.863E-20 5.756E-20 7.283E-20 8.918E-20 9.155E-20 7.075E-20
 4.930E-20 4.708E-20 5.574E-20 6.662E-20 8.188E-20 1.068E-19 1.321E-19 1.425E-19 1.206E-19 6.860E-20
 4.460E-20 4.971E-20 5.654E-20 6.244E-20 7.331E-20 9.407E-20 1.114E-19 1.086E-19 8.422E-20 6.509E-20
 6.177E-20 6.666E-20 7.640E-20 8.467E-20 9.279E-20 9.524E-20 9.345E-20 8.663E-20 7.249E-20 6.408E-20
 6.313E-20 6.563E-20 6.926E-20 7.167E-20 6.899E-20 6.280E-20 5.203E-20 3.909E-20 3.642E-20 4.132E-20
 4.560E-20 5.169E-20 5.282E-20 4.716E-20 4.641E-20 5.612E-20 6.392E-20 5.758E-20 5.019E-20 4.977E-20
 4.855E-20 4.485E-20 4.349E-20 4.571E-20 5.237E-20 6.153E-20 6.088E-20 5.497E-20 5.630E-20 5.797E-20
 5.846E-20 5.251E-20 5.506E-20 7.944E-20 1.067E-19 1.031E-19 8.268E-20 6.593E-20 5.268E-20 4.785E-20
 4.443E-20 4.449E-20 5.852E-20 7.869E-20 7.595E-20 5.667E-20 4.915E-20 5.052E-20 4.788E-20 4.111E-20
 4.776E-20 6.767E-20 7.744E-20 6.704E-20 5.375E-20 5.410E-20 5.960E-20 5.579E-20 5.432E-20 6.830E-20
 9.524E-20 1.075E-19 8.303E-20 6.155E-20 5.801E-20 5.571E-20 5.004E-20 4.830E-20 5.822E-20 7.339E-20
 7.171E-20 5.782E-20 5.557E-20 5.400E-20 4.556E-20 3.405E-20 3.487E-20 5.666E-20 7.913E-20 7.942E-20
 6.866E-20 6.503E-20 5.897E-20 5.160E-20 5.098E-20 6.732E-20 9.982E-20 1.118E-19 8.645E-20 6.112E-20
 4.399E-20 3.938E-20 4.265E-20 4.804E-20 5.839E-20 7.218E-20 6.981E-20 5.868E-20 5.098E-20 4.415E-20
 3.661E-20 3.778E-20 5.477E-20 7.973E-20 8.780E-20 6.819E-20 4.390E-20 3.388E-20 3.386E-20 4.247E-20
 6.401E-20 1.018E-19 1.188E-19 8.643E-20 5.336E-20 3.971E-20 3.834E-20 4.503E-20 5.814E-20 7.730E-20
 8.043E-20 5.647E-20 3.857E-20 3.851E-20 4.448E-20 5.032E-20 6.129E-20 8.260E-20 8.937E-20 6.340E-20
 4.398E-20 3.984E-20 3.945E-20 4.429E-20 6.033E-20 8.964E-20 1.029E-19 8.051E-20 5.931E-20 5.010E-20
 4.573E-20 5.043E-20 6.071E-20 7.326E-20 7.341E-20 5.490E-20 4.223E-20 4.250E-20 4.619E-20 5.397E-20
 6.462E-20 7.243E-20 6.816E-20 5.303E-20 4.845E-20 5.122E-20 5.536E-20 6.404E-20 8.318E-20 9.890E-20
 8.005E-20 5.285E-20 4.957E-20 5.134E-20 4.854E-20 4.930E-20 6.094E-20 6.833E-20 5.741E-20 5.158E-20
 5.363E-20 5.482E-20 5.454E-20 6.327E-20 7.263E-20 6.091E-20 4.568E-20 4.713E-20 4.755E-20 4.781E-20
 6.228E-20 8.308E-20 8.243E-20 6.357E-20 5.755E-20 5.495E-20 4.697E-20 4.996E-20 6.512E-20 6.912E-20
 5.621E-20 5.096E-20 5.076E-20 4.505E-20 4.666E-20 5.477E-20 5.940E-20 5.413E-20 5.159E-20 5.057E-20
 4.636E-20 5.067E-20 6.831E-20 8.412E-20 7.067E-20 4.843E-20 4.169E-20 4.412E-20 4.616E-20 5.440E-20
 6.455E-20 5.949E-20 4.972E-20 4.913E-20 5.161E-20 5.175E-20 5.367E-20 6.009E-20 5.502E-20 4.610E-20
 4.112E-20 4.446E-20 5.739E-20 7.166E-20 6.669E-20 4.546E-20 3.806E-20 4.156E-20 4.955E-20 6.003E-20
 6.053E-20 4.841E-20 4.017E-20 4.076E-20 4.276E-20 4.464E-20 4.988E-20 5.326E-20 4.682E-20 4.076E-20
 4.021E-20 4.422E-20 5.288E-20 6.483E-20 6.089E-20 4.200E-20 3.809E-20 4.683E-20 5.382E-20 5.526E-20
 4.908E-20 3.999E-20 3.833E-20 3.990E-20 4.044E-20 4.374E-20 4.667E-20 4.632E-20 4.638E-20 4.473E-20
 3.989E-20 4.465E-20 5.494E-20 5.553E-20 4.609E-20 3.526E-20 3.375E-20 4.096E-20 4.606E-20 4.244E-20
 3.539E-20 3.201E-20 3.527E-20 4.155E-20 4.569E-20 3.902E-20 3.224E-20 3.463E-20 4.143E-20 4.803E-20
 4.803E-20 4.154E-20 3.782E-20 3.772E-20 3.765E-20 4.052E-20 4.358E-20 4.137E-20 3.798E-20 3.688E-20
 3.608E-20 4.013E-20 4.308E-20 4.247E-20 4.099E-20 3.670E-20 3.917E-20 4.665E-20 4.324E-20 3.636E-20
 3.501E-20 3.671E-20 4.032E-20 4.359E-20 4.073E-20 3.573E-20 3.435E-20 3.714E-20 4.201E-20 4.009E-20
 3.335E-20 3.503E-20 4.276E-20 4.334E-20 3.559E-20 2.951E-20 3.224E-20 3.675E-20 4.141E-20 4.120E-20
 3.766E-20 3.829E-20 4.151E-20 4.510E-20 4.416E-20 3.928E-20 4.014E-20 4.209E-20 4.182E-20 4.004E-20
 3.722E-20 3.844E-20 4.411E-20 4.574E-20 4.121E-20 3.544E-20 3.446E-20 3.793E-20 4.271E-20 4.155E-20
 3.771E-20 3.870E-20 4.102E-20 3.834E-20 3.179E-20 2.942E-20 3.349E-20 3.756E-20 3.662E-20 3.439E-20
 3.266E-20 3.328E-20 3.626E-20 3.945E-20 3.725E-20 3.464E-20 3.665E-20 3.799E-20 3.630E-20 3.472E-20
 3.509E-20 3.882E-20 4.018E-20 3.982E-20 3.659E-20 3.218E-20 3.630E-20 4.336E-20 4.610E-20 4.355E-20
 3.956E-20 3.727E-20 3.543E-20 3.247E-20 3.019E-20 3.259E-20 3.259E-20 4.248E-20 4.309E-20 3.892E-20
 3.287E-20 3.224E-20 3.431E-20 3.685E-20 3.667E-20 3.659E-20 3.672E-20 3.733E-20 3.455E-20 3.020E-20
 3.170E-20 3.563E-20 3.654E-20 3.508E-20 3.220E-20 2.961E-20 3.311E-20 3.774E-20 4.015E-20 3.732E-20
 3.504E-20 3.447E-20 3.427E-20 3.497E-20 3.480E-20 3.425E-20 3.517E-20 3.805E-20 3.758E-20 3.368E-20
 3.275E-20 3.561E-20 3.829E-20 4.154E-20 4.125E-20 3.941E-20 3.753E-20 3.418E-20 3.233E-20 3.252E-20
 3.346E-20 3.545E-20 3.758E-20 3.893E-20 3.835E-20 3.622E-20 3.476E-20 3.526E-20 3.577E-20 3.368E-20
 3.245E-20 3.488E-20 3.669E-20 3.729E-20 3.361E-20 3.286E-20 3.698E-20 3.646E-20 3.357E-20 3.204E-20
 3.388E-20 3.699E-20 3.893E-20 3.900E-20 3.677E-20 3.527E-20 3.380E-20 3.343E-20 3.230E-20 2.943E-20
 2.997E-20 3.411E-20 3.824E-20 4.072E-20 3.842E-20 3.635E-20 3.697E-20 3.880E-20 3.946E-20 3.697E-20
 3.549E-20 3.913E-20 4.212E-20 3.926E-20 3.549E-20 3.762E-20 4.142E-20 4.265E-20 4.074E-20 3.708E-20
 3.725E-20 3.777E-20 3.924E-20 3.944E-20 3.644E-20 3.381E-20 3.559E-20 3.757E-20 3.613E-20 3.451E-20
 3.782E-20 3.871E-20 3.646E-20 3.581E-20 3.503E-20 3.573E-20 3.863E-20 4.116E-20 4.086E-20 3.671E-20
 3.584E-20 3.866E-20 3.997E-20 3.909E-20 3.794E-20 3.602E-20 3.509E-20 3.543E-20 3.695E-20 3.695E-20
 3.587E-20 3.658E-20 3.765E-20 3.628E-20 3.315E-20 3.301E-20 3.582E-20 3.785E-20 3.763E-20 3.706E-20
 3.756E-20 3.756E-20 3.908E-20 3.841E-20 3.728E-20 4.004E-20 4.265E-20 4.463E-20 4.239E-20 3.725E-20
 3.607E-20 3.726E-20 3.895E-20 3.987E-20 3.980E-20 4.001E-20 3.892E-20 3.974E-20 4.081E-20 3.886E-20
 3.876E-20 4.111E-20 4.213E-20 3.800E-20 3.610E-20 4.012E-20 4.289E-20 4.125E-20 4.104E-20 4.205E-20
 4.279E-20 4.063E-20 3.935E-20 4.120E-20 4.139E-20 4.004E-20 3.981E-20 4.012E-20 3.788E-20 3.793E-20
 3.931E-20 4.082E-20 4.238E-20 4.408E-20 4.479E-20 4.534E-20 4.604E-20 4.443E-20 3.989E-20 3.790E-20
 4.033E-20 4.176E-20 4.251E-20 4.306E-20 4.334E-20 4.470E-20 4.517E-20 4.533E-20 4.519E-20 4.558E-20
 4.673E-20 4.854E-20 4.854E-20 4.464E-20 4.586E-20 4.916E-20 4.824E-20 4.532E-20 4.399E-20 4.367E-20
 4.326E-20 4.577E-20 4.825E-20 4.690E-20 4.817E-20 4.948E-20 4.665E-20 4.400E-20 4.400E-20 4.195E-20
 4.551E-20 4.719E-20 4.821E-20 4.600E-20 4.214E-20 4.281E-20 4.281E-20 4.947E-20 4.870E-20 4.995E-20
 4.966E-20 4.754E-20 4.400E-20 4.294E-20 4.335E-20 4.620E-20 4.698E-20 4.660E-20 4.555E-20 4.245E-20
 4.398E-20 4.922E-20 4.990E-20 4.777E-20 4.782E-20 4.695E-20 4.671E-20 4.827E-20 4.881E-20 5.010E-20
 5.318E-20 5.255E-20 4.933E-20 4.627E-20 4.544E-20 4.777E-20 4.777E-20 5.253E-20 5.373E-20 5.250E-20
 4.911E-20 4.694E-20 4.710E-20 4.686E-20 4.823E-20 5.310E-20 5.639E-20 5.615E-20 5.107E-20 4.885E-20
 5.142E-20 5.432E-20 5.617E-20 5.742E-20 5.634E-20 5.258E-20 5.029E-20 5.055E-20 5.147E-20 5.062E-20
 5.221E-20 5.316E-20 5.062E-20 4.842E-20 5.132E-20 5.288E-20 5.549E-20 5.828E-20 5.861E-20 5.537E-20
 5.019E-20 4.719E-20 4.838E-20 5.054E-20 5.267E-20 5.621E-20 5.803E-20 5.867E-20 5.908E-20 5.524E-20
 5.116E-20 5.052E-20 5.246E-20 5.397E-20 5.390E-20 5.527E-20 5.763E-20 5.680E-20 5.535E-20 5.618E-20
 5.894E-20 6.059E-20 5.984E-20 5.889E-20 5.913E-20 6.104E-20 6.220E-20 6.227E-20 6.053E-20 5.871E-20
 5.788E-20 5.617E-20 5.476E-20 5.663E-20 5.899E-20 5.968E-20 5.837E-20 5.529E-20 5.464E-20 5.599E-20
 6.092E-20 6.475E-20 6.581E-20 6.455E-20 6.388E-20 6.302E-20 5.956E-20 5.932E-20 6.039E-20 6.219E-20
 6.620E-20 6.782E-20 6.678E-20 6.685E-20 6.661E-20 6.703E-20 6.622E-20 6.622E-20 6.522E-20 6.410E-20
 6.421E-20 6.352E-20 6.211E-20 6.328E-20 6.490E-20 6.685E-20 6.562E-20 6.295E-20 6.485E-20 6.826E-20
 6.990E-20 7.169E-20 7.055E-20 6.607E-20 6.317E-20 6.448E-20 6.609E-20 6.725E-20 6.959E-20 7.233E-20
 7.394E-20 7.210E-20 6.980E-20 7.148E-20 7.356E-20 7.204E-20 7.221E-20 7.599E-20 7.636E-20 7.108E-20
 6.826E-20 7.021E-20 7.180E-20 7.145E-20 7.166E-20 7.408E-20 7.531E-20 7.726E-20 7.583E-20 7.191E-20
 7.131E-20 7.455E-20 7.764E-20 7.616E-20 7.397E-20 7.470E-20 7.624E-20 7.729E-20 7.608E-20 7.482E-20
 7.582E-20 7.771E-20 7.893E-20 7.857E-20 7.841E-20 8.030E-20 8.291E-20 8.549E-20 8.279E-20 7.767E-20
 7.543E-20 7.809E-20 7.929E-20 7.993E-20 8.191E-20 8.175E-20 8.200E-20 8.435E-20 8.378E-20 8.227E-20
 8.282E-20 8.286E-20 8.398E-20 8.382E-20 8.032E-20 8.052E-20 8.396E-20 8.569E-20 8.554E-20 8.234E-20
 8.100E-20 8.267E-20 8.645E-20 8.729E-20 8.739E-20 8.978E-20 8.888E-20 8.658E-20 8.531E-20 8.295E-20
 8.185E-20 8.589E-20 8.986E-20 8.986E-20 8.583E-20 8.457E-20 8.700E-20 9.030E-20 9.276E-20 9.490E-20
 9.570E-20 9.222E-20 9.144E-20 9.387E-20 9.412E-20 9.280E-20 9.323E-20 9.364E-20 9.303E-20 8.950E-20
 8.792E-20 8.911E-20 9.243E-20 9.599E-20 9.903E-20 9.839E-20 9.532E-20 9.598E-20 9.863E-20 1.001E-19
 1.022E-19 1.024E-19 1.009E-19 9.915E-20 9.671E-20 9.567E-20 9.823E-20 1.028E-19 1.054E-19 1.074E-19
 1.091E-19 1.084E-19 1.080E-19 1.091E-19 1.094E-19 1.051E-19 1.006E-19 1.010E-19 1.042E-19 1.060E-19
 1.070E-19 1.077E-19 1.101E-19 1.097E-19 1.065E-19 1.066E-19 1.081E-19 1.083E-19 1.138E-19 1.163E-19
 1.111E-19 1.055E-19 1.052E-19 1.097E-19 1.140E-19 1.159E-19 1.172E-19 1.173E-19 1.164E-19 1.171E-19
 1.183E-19 1.178E-19 1.172E-19 1.214E-19 1.212E-19 1.138E-19 1.082E-19 1.110E-19 1.170E-19 1.210E-19
 1.262E-19 1.237E-19 1.187E-19 1.170E-19 1.185E-19 1.220E-19 1.240E-19 1.241E-19 1.275E-19 1.283E-19
 1.191E-19 1.107E-19 1.123E-19 1.235E-19 1.334E-19 1.397E-19 1.358E-19 1.269E-19 1.233E-19 1.250E-19
 1.278E-19 1.304E-19 1.296E-19 1.337E-19 1.356E-19 1.310E-19 1.258E-19 1.260E-19 1.333E-19 1.433E-19
 1.479E-19 1.395E-19 1.306E-19 1.330E-19 1.349E-19 1.381E-19 1.405E-19 1.394E-19 1.388E-19 1.394E-19
 1.365E-19 1.331E-19 1.314E-19 1.412E-19 1.569E-19 1.578E-19 1.447E-19 1.360E-19 1.381E-19 1.418E-19
 1.450E-19 1.507E-19 1.505E-19 1.457E-19 1.482E-19 1.517E-19 1.473E-19 1.431E-19 1.541E-19 1.672E-19
 1.642E-19 1.524E-19 1.476E-19 1.533E-19 1.596E-19 1.624E-19 1.651E-19 1.580E-19 1.536E-19 1.582E-19
 1.579E-19 1.536E-19 1.523E-19 1.611E-19 1.724E-19 1.705E-19 1.598E-19 1.563E-19 1.639E-19 1.682E-19
 1.724E-19 1.758E-19 1.677E-19 1.651E-19 1.714E-19 1.733E-19 1.716E-19 1.696E-19 1.742E-19 1.793E-19
 1.777E-19 1.690E-19 1.696E-19 1.789E-19 1.830E-19 1.865E-19 1.873E-19 1.784E-19 1.709E-19 1.731E-19
 1.832E-19 1.850E-19 1.796E-19 1.740E-19 1.746E-19 1.773E-19 1.735E-19 1.818E-19 1.934E-19 1.961E-19
 1.958E-19 1.911E-19 1.821E-19 1.781E-19 1.834E-19 1.967E-19 2.014E-19 2.000E-19 1.954E-19 1.923E-19
 1.922E-19 1.887E-19 1.995E-19 2.155E-19 2.194E-19 2.103E-19 1.978E-19 1.886E-19 1.869E-19 1.951E-19
 2.053E-19 2.067E-19 2.023E-19 1.970E-19 1.945E-19 1.989E-19 2.011E-19 2.205E-19 2.438E-19 2.376E-19
 2.108E-19 1.961E-19 1.966E-19 2.019E-19 2.120E-19 2.214E-19 2.282E-19 2.184E-19 2.072E-19 2.071E-19
 2.101E-19 2.150E-19 2.398E-19 2.635E-19 2.491E-19 2.215E-19 2.156E-19 2.178E-19 2.221E-19 2.274E-19
 2.360E-19 2.426E-19 2.274E-19 2.167E-19 2.284E-19 2.419E-19 2.443E-19 2.566E-19 2.731E-19 2.615E-19
 2.424E-19 2.403E-19 2.388E-19 2.349E-19 2.430E-19 2.605E-19 2.604E-19 2.370E-19 2.321E-19 2.488E-19
 2.660E-19 2.635E-19 2.664E-19 2.788E-19 2.688E-19 2.519E-19 2.474E-19 2.444E-19 2.436E-19 2.593E-19
 2.772E-19 2.710E-19 2.531E-19 2.571E-19 2.801E-19 2.934E-19 2.776E-19 2.751E-19 2.897E-19 2.857E-19
 2.718E-19 2.679E-19 2.627E-19 2.649E-19 2.826E-19 2.886E-19 2.765E-19 2.725E-19 2.814E-19 2.938E-19
 3.010E-19 2.922E-19 2.937E-19 3.064E-19 3.025E-19 2.900E-19 2.775E-19 2.742E-19 2.864E-19 3.049E-19
 3.068E-19 3.008E-19 3.012E-19 3.016E-19 3.026E-19 3.148E-19 3.171E-19 3.119E-19 3.179E-19 3.273E-19
 3.119E-19 2.846E-19 2.893E-19 3.165E-19 3.283E-19 3.222E-19 3.183E-19 3.178E-19 3.088E-19 3.123E-19
 3.406E-19 3.439E-19 3.261E-19 3.283E-19 3.378E-19 3.165E-19 2.947E-19 3.148E-19 3.464E-19 3.530E-19
 3.494E-19 3.418E-19 3.215E-19 3.035E-19 3.250E-19 3.647E-19 3.637E-19 3.451E-19 3.518E-19 3.537E-19
 3.312E-19 3.205E-19 3.449E-19 3.704E-19 3.742E-19 3.700E-19 3.526E-19 3.245E-19 3.170E-19 3.526E-19
 3.865E-19 3.763E-19 3.604E-19 3.635E-19 3.631E-19 3.490E-19 3.506E-19 3.725E-19 3.896E-19 3.901E-19
 3.845E-19 3.636E-19 3.400E-19 3.461E-19 3.855E-19 4.164E-19 4.087E-19 3.805E-19 3.709E-19 3.742E-19
 3.733E-19 3.902E-19 4.031E-19 4.099E-19 4.065E-19 3.908E-19 3.719E-19 3.594E-19 3.663E-19 4.034E-19
 4.435E-19 4.359E-19 3.898E-19 3.797E-19 4.008E-19 4.184E-19 4.421E-19 4.392E-19 4.316E-19 4.191E-19
 3.959E-19 3.912E-19 3.937E-19 4.038E-19 4.347E-19 4.708E-19 4.509E-19 3.919E-19 3.883E-19 4.322E-19
 4.674E-19 4.790E-19 4.628E-19 4.490E-19 4.239E-19 3.978E-19 4.054E-19 4.282E-19 4.473E-19 4.705E-19
 4.959E-19 4.683E-19 4.089E-19 4.108E-19 4.724E-19 5.046E-19 5.009E-19 4.899E-19 4.656E-19 4.228E-19
 4.017E-19 4.272E-19 4.705E-19 4.939E-19 4.991E-19 5.003E-19 4.679E-19 4.199E-19 4.430E-19 5.098E-19
 5.248E-19 5.219E-19 5.232E-19 4.815E-19 4.265E-19 4.243E-19 4.755E-19 5.234E-19 5.382E-19 5.213E-19
 5.164E-19 4.910E-19 4.586E-19 4.864E-19 5.296E-19 5.395E-19 5.566E-19 5.562E-19 4.930E-19 4.417E-19
 4.569E-19 5.153E-19 5.606E-19 5.546E-19 5.347E-19 5.400E-19 5.224E-19 5.072E-19 5.294E-19 5.513E-19
 5.670E-19 5.859E-19 5.611E-19 5.015E-19 4.759E-19 5.157E-19 5.797E-19 5.964E-19 5.614E-19 5.491E-19
 5.649E-19 5.544E-19 5.404E-19 5.443E-19 5.567E-19 5.952E-19 6.043E-19 5.748E-19 5.439E-19 5.364E-19
 5.713E-19 6.063E-19 6.035E-19 5.839E-19 5.767E-19 5.958E-19 5.892E-19 5.775E-19 5.643E-19 5.724E-19
 6.158E-19 6.231E-19 6.064E-19 5.935E-19 5.967E-19 6.124E-19 6.152E-19 6.228E-19 6.163E-19 6.085E-19
 6.342E-19 6.439E-19 6.237E-19 5.916E-19 5.928E-19 6.278E-19 6.435E-19 6.430E-19 6.361E-19 6.376E-19
 6.343E-19 6.321E-19 6.606E-19 6.594E-19 6.460E-19 6.625E-19 6.804E-19 6.500E-19 6.108E-19 6.104E-19
 6.467E-19 6.762E-19 6.923E-19 6.900E-19 6.702E-19 6.450E-19 6.629E-19 6.917E-19 6.866E-19 6.798E-19
 7.066E-19 7.095E-19 6.695E-19 6.378E-19 6.418E-19 6.731E-19 7.025E-19 7.319E-19 7.353E-19 6.928E-19
 6.707E-19 7.009E-19 7.221E-19 7.175E-19 7.352E-19 7.610E-19 7.272E-19 6.826E-19 6.632E-19 6.810E-19
 7.146E-19 7.619E-19 7.966E-19 7.716E-19 7.103E-19 6.984E-19 7.166E-19 7.295E-19 7.490E-19 7.769E-19
 7.738E-19 7.345E-19 7.022E-19 6.900E-19 7.058E-19 7.512E-19 8.136E-19 8.195E-19 7.909E-19 7.582E-19
 7.572E-19 7.508E-19 7.624E-19 8.106E-19 8.287E-19 7.884E-19 7.451E-19 7.235E-19 7.187E-19 7.404E-19
 8.037E-19 8.731E-19 8.595E-19 7.979E-19 7.861E-19 7.668E-19 7.519E-19 8.052E-19 8.582E-19 8.395E-19
 8.066E-19 7.608E-19 7.297E-19 7.234E-19 7.797E-19 8.641E-19 8.919E-19 8.724E-19 8.673E-19 8.737E-19
 7.953E-19 7.733E-19 8.538E-19 8.904E-19 1.015E-18 8.386E-19 7.807E-19 7.581E-19 7.701E-19 8.521E-19
 1.035E-18 1.052E-18 9.852E-19 8.690E-19 8.785E-19 8.069E-19 8.141E-19 9.171E-19 1.073E-18 1.032E-18
 8.304E-19 7.860E-19 7.862E-19 8.152E-19 8.966E-19 1.103E-18 1.110E-18 1.047E-18 1.036E-18 1.017E-18
 8.405E-19 8.485E-19 1.060E-18 1.140E-18 1.057E-18 8.337E-19 8.156E-19 8.283E-19 8.613E-19 1.057E-18
 1.155E-18 1.158E-18 1.090E-18 1.065E-18 1.037E-18 9.705E-19 1.013E-18 1.149E-18 1.179E-18 1.083E-18
 9.824E-19 8.421E-19 8.614E-19 9.110E-19 1.124E-18 1.198E-18 1.195E-18 1.124E-18 1.085E-18 1.059E-18
 9.201E-19 1.068E-18 1.190E-18 1.204E-18 1.124E-18 1.023E-18 8.827E-19 9.080E-19 1.097E-18 1.222E-18
 1.281E-18 1.267E-18 1.160E-18 1.093E-18 1.087E-18 1.099E-18 1.165E-18 1.253E-18 1.259E-18 1.191E-18
 1.082E-18 1.011E-18 1.057E-18 1.185E-18 1.294E-18 1.331E-18 1.310E-18 1.183E-18 1.113E-18 1.129E-18
 1.159E-18 1.192E-18 1.251E-18 1.287E-18 1.246E-18 1.132E-18 1.077E-18 1.168E-18 1.293E-18 1.356E-18
 1.387E-18 1.342E-18 1.188E-18 1.125E-18 1.150E-18 1.196E-18 1.243E-18 1.331E-18 1.368E-18 1.292E-18
 1.168E-18 1.148E-18 1.244E-18 1.333E-18 1.411E-18 1.469E-18 1.388E-18 1.234E-18 1.205E-18 1.232E-18
 1.258E-18 1.303E-18 1.420E-18 1.437E-18 1.313E-18 1.173E-18 1.180E-18 1.308E-18 1.397E-18 1.466E-18
 1.501E-18 1.395E-18 1.247E-18 1.249E-18 1.313E-18 1.339E-18 1.398E-18 1.515E-18 1.460E-18 1.321E-18
 1.265E-18 1.379E-18 1.498E-18 1.531E-18 1.553E-18 1.561E-18 1.431E-18 1.283E-18 1.331E-18 1.408E-18
 1.433E-18 1.500E-18 1.567E-18 1.519E-18 1.386E-18 1.356E-18 1.459E-18 1.521E-18 1.531E-18 1.510E-18
 1.498E-18 1.443E-18 1.398E-18 1.465E-18 1.492E-18 1.471E-18 1.533E-18 1.584E-18 1.558E-18 1.456E-18
 1.452E-18 1.533E-18 1.591E-18 1.597E-18 1.603E-18 1.592E-18 1.519E-18 1.466E-18 1.507E-18 1.518E-18
 1.512E-18 1.604E-18 1.634E-18 1.583E-18 1.513E-18 1.546E-18 1.641E-18 1.684E-18 1.683E-18 1.685E-18
 1.697E-18 1.639E-18 1.526E-18 1.528E-18 1.566E-18 1.574E-18 1.660E-18 1.710E-18 1.690E-18 1.639E-18
 1.628E-18 1.636E-18 1.614E-18 1.612E-18 1.653E-18 1.681E-18 1.634E-18 1.543E-18 1.564E-18 1.638E-18
 1.685E-18 1.751E-18 1.768E-18 1.901E-18 1.750E-18 1.733E-18 1.664E-18 1.583E-18 1.601E-18 1.693E-18
 1.783E-18 1.762E-18 1.623E-18 1.618E-18 1.712E-18 1.807E-18 2.034E-18 2.018E-18 1.996E-18 1.960E-18
 2.047E-18 1.755E-18 1.631E-18 1.631E-18 1.734E-18 2.023E-18 2.013E-18 1.707E-18 1.692E-18 1.795E-18
 2.004E-18 2.054E-18 2.076E-18 2.116E-18 2.129E-18 1.877E-18 1.678E-18 1.631E-18 1.646E-18 1.785E-18
 2.095E-18 2.070E-18 1.749E-18 1.798E-18 2.019E-18 2.117E-18 2.124E-18 2.123E-18 2.187E-18 2.153E-18
 1.821E-18 1.669E-18 1.621E-18 1.652E-18 1.868E-18 2.282E-18 2.206E-18 1.816E-18 1.970E-18 2.059E-18
 2.079E-18 2.117E-18 2.266E-18 2.387E-18 2.221E-18 1.953E-18 1.714E-18 1.721E-18 1.796E-18 2.189E-18
 2.407E-18 2.092E-18 1.798E-18 1.978E-18 2.102E-18 2.150E-18 2.207E-18 2.376E-18 2.418E-18 2.203E-18
 1.885E-18 1.772E-18 1.716E-18 1.804E-18 2.227E-18 2.360E-18 2.226E-18 2.059E-18 2.162E-18 2.261E-18
 2.311E-18 2.444E-18 2.592E-18 2.539E-18 2.319E-18 2.143E-18 2.034E-18 1.780E-18 1.995E-18 2.246E-18
 2.447E-18 2.400E-18 2.278E-18 2.297E-18 2.303E-18 2.321E-18 2.466E-18 2.611E-18 2.494E-18 2.227E-18
 2.100E-18 1.905E-18 1.993E-18 2.131E-18 2.425E-18 2.641E-18 2.492E-18 2.288E-18 2.290E-18 2.347E-18
 2.419E-18 2.593E-18 2.708E-18 2.527E-18 2.272E-18 2.199E-18 2.116E-18 2.018E-18 2.105E-18 2.423E-18
 2.777E-18 2.917E-18 2.764E-18 2.461E-18 2.261E-18 2.308E-18 2.604E-18 2.843E-18 2.677E-18 2.374E-18
 2.233E-18 2.144E-18 2.217E-18 2.506E-18 2.843E-18 2.934E-18 2.726E-18 2.380E-18 2.232E-18 2.227E-18
 2.319E-18 2.678E-18 3.020E-18 2.836E-18 2.524E-18 2.371E-18 2.368E-18 2.535E-18 2.877E-18 3.079E-18
 2.951E-18 2.703E-18 2.379E-18 2.312E-18 2.390E-18 2.544E-18 3.009E-18 3.403E-18 3.130E-18 2.612E-18
 2.339E-18 2.380E-18 2.628E-18 2.816E-18 2.817E-18 2.831E-18 2.664E-18 2.350E-18 2.394E-18 2.612E-18
 2.748E-18 2.984E-18 3.125E-18 2.898E-18 2.610E-18 2.516E-18 2.647E-18 2.799E-18 2.755E-18 2.848E-18
 3.164E-18 2.986E-18 2.564E-18 2.548E-18 2.610E-18 2.625E-18 2.866E-18 3.126E-18 3.001E-18 2.805E-18
 2.881E-18 3.210E-18 3.257E-18 3.012E-18 3.047E-18 3.165E-18 2.874E-18 2.575E-18 2.635E-18 2.692E-18
 2.769E-18 3.147E-18 3.487E-18 3.373E-18 3.180E-18 3.099E-18 2.822E-18 2.565E-18 2.677E-18 3.020E-18
 3.251E-18 2.956E-18 2.627E-18 2.720E-18 2.905E-18 2.912E-18 3.158E-18 3.527E-18 3.389E-18 3.135E-18
 2.849E-18 2.577E-18 2.647E-18 2.924E-18 3.262E-18 3.379E-18 3.032E-18 2.781E-18 2.878E-18 2.804E-18
 2.745E-18 3.365E-18 4.198E-18 4.070E-18 3.376E-18 2.916E-18 2.907E-18 3.050E-18 3.176E-18 3.264E-18
 3.077E-18 2.619E-18 2.426E-18 2.634E-18 2.847E-18 3.084E-18 3.826E-18 4.239E-18 3.637E-18 3.166E-18
 2.942E-18 2.781E-18 2.868E-18 3.045E-18 3.090E-18 2.969E-18 2.697E-18 2.744E-18 3.301E-18 3.760E-18
 3.961E-18 4.061E-18 3.784E-18 3.355E-18 3.015E-18 2.757E-18 2.699E-18 2.930E-18 3.239E-18 3.403E-18
 3.308E-18 3.000E-18 3.084E-18 3.747E-18 4.154E-18 3.820E-18 3.697E-18 3.598E-18 3.290E-18 3.139E-18
 3.003E-18 2.930E-18 3.030E-18 3.093E-18 3.270E-18 3.560E-18 3.595E-18 3.676E-18 3.960E-18 3.847E-18
 3.756E-18 3.888E-18 3.767E-18 3.383E-18 3.023E-18 2.906E-18 3.117E-18 3.484E-18 3.655E-18 3.897E-18
 4.188E-18 3.791E-18 3.117E-18 3.001E-18 3.100E-18 3.143E-18 3.320E-18 3.498E-18 3.387E-18 3.197E-18
 3.283E-18 3.719E-18 4.167E-18 4.420E-18 4.431E-18 3.741E-18 2.913E-18 2.782E-18 3.132E-18 3.463E-18
 3.790E-18 4.544E-18 4.672E-18 4.233E-18 3.989E-18 3.961E-18 4.096E-18 4.058E-18 3.603E-18 3.435E-18
 3.575E-18 3.310E-18 3.057E-18 3.258E-18 3.418E-18 3.375E-18 3.558E-18 3.941E-18 4.077E-18 4.049E-18
 4.283E-18 3.988E-18 3.410E-18 3.059E-18 3.238E-18 3.528E-18 3.438E-18 3.455E-18 3.822E-18 4.131E-18
 4.451E-18 4.753E-18 4.900E-18 4.891E-18 4.334E-18 3.807E-18 3.834E-18 3.802E-18 3.581E-18 3.507E-18
 3.613E-18 3.547E-18 3.666E-18 3.966E-18 3.801E-18 3.709E-18 4.031E-18 4.130E-18 3.847E-18 3.726E-18
 3.885E-18 3.949E-18 3.560E-18 3.414E-18 3.865E-18 4.328E-18 4.196E-18 3.952E-18 4.453E-18 4.712E-18
 4.230E-18 4.166E-18 4.333E-18 4.117E-18 3.954E-18 4.294E-18 4.614E-18 4.521E-18 4.199E-18 4.344E-18
 4.795E-18 4.858E-18 4.354E-18 3.551E-18 3.070E-18 3.098E-18 3.467E-18 3.853E-18 3.972E-18 3.956E-18
 3.986E-18 3.657E-18 3.278E-18 3.563E-18 4.271E-18 4.280E-18 3.470E-18 3.198E-18 3.449E-18 3.600E-18
 3.661E-18 3.755E-18 3.883E-18 3.745E-18 3.392E-18 3.513E-18 4.023E-18 4.206E-18 3.863E-18 3.981E-18
 4.450E-18 4.263E-18 3.602E-18 3.133E-18 2.983E-18 3.149E-18 3.589E-18 4.493E-18 5.258E-18 5.151E-18
 4.157E-18 3.322E-18 3.118E-18 3.170E-18 3.466E-18 3.972E-18 4.327E-18 4.121E-18 3.612E-18 3.486E-18
 4.000E-18 4.761E-18 5.063E-18 4.074E-18 3.537E-18 3.234E-18 3.129E-18 3.372E-18 3.886E-18 4.441E-18
 4.226E-18 3.810E-18 3.819E-18 4.264E-18 4.393E-18 4.061E-18 4.078E-18 4.009E-18 3.741E-18 3.533E-18
 3.456E-18 3.397E-18 3.377E-18 3.836E-18 5.090E-18 6.477E-18 5.705E-18 3.964E-18 3.049E-18 2.932E-18
 3.499E-18 4.529E-18 5.373E-18 4.942E-18 3.898E-18 3.511E-18 3.795E-18 4.582E-18 4.964E-18 4.473E-18
 4.166E-18 3.914E-18 3.588E-18 3.492E-18 3.290E-18 3.245E-18 3.736E-18 4.692E-18 5.724E-18 5.656E-18
 4.689E-18 3.677E-18 3.476E-18 3.807E-18 4.430E-18 5.263E-18 4.466E-18 3.505E-18 3.324E-18 3.912E-18
 5.597E-18 7.052E-18 5.867E-18 4.142E-18 3.411E-18 3.598E-18 4.195E-18 4.359E-18 3.799E-18 3.819E-18
 4.431E-18 4.702E-18 4.974E-18 5.095E-18 4.511E-18 4.197E-18 4.484E-18 4.505E-18 3.995E-18 3.152E-18
 2.926E-18 3.511E-18 3.956E-18 4.188E-18 4.784E-18 4.497E-18 3.047E-18 2.493E-18 2.896E-18 3.361E-18
 3.650E-18 3.866E-18 4.073E-18 4.037E-18 4.179E-18 5.139E-18 5.714E-18 4.404E-18 3.455E-18 3.970E-18
 4.584E-18 3.915E-18 2.879E-18 2.648E-18 2.749E-18 3.203E-18 4.298E-18 5.072E-18 4.209E-18 2.909E-18
 2.724E-18 3.405E-18 3.821E-18 3.903E-18 3.826E-18 3.387E-18 2.777E-18 2.940E-18 3.960E-18 4.480E-18
 3.918E-18 3.605E-18 3.858E-18 3.701E-18 2.966E-18 2.461E-18 2.527E-18 3.063E-18 4.229E-18 5.811E-18
 6.307E-18 4.796E-18 3.822E-18 4.264E-18 4.136E-18 3.224E-18 2.804E-18 2.803E-18 2.958E-18 3.317E-18
 4.195E-18 5.196E-18 5.078E-18 4.641E-18 4.679E-18 3.846E-18 2.538E-18 2.083E-18 2.302E-18 2.729E-18
 3.559E-18 4.914E-18 5.981E-18 5.627E-18 4.256E-18 3.500E-18 2.889E-18 2.767E-18 3.052E-18 3.452E-18
 4.095E-18 5.056E-18 7.222E-18 9.314E-18 8.511E-18 5.834E-18 4.255E-18 3.018E-18 2.540E-18 2.562E-18
 2.882E-18 3.426E-18 4.461E-18 5.974E-18 6.985E-18 5.480E-18 3.714E-18 2.840E-18 2.680E-18 2.864E-18
 3.068E-18 3.310E-18 3.762E-18 4.859E-18 6.632E-18 6.903E-18 5.265E-18 3.775E-18 2.984E-18 2.806E-18
 3.069E-18 3.526E-18 4.281E-18 5.901E-18 8.407E-18 1.060E-17 7.804E-18 3.756E-18 2.692E-18 2.437E-18
 2.629E-18 2.940E-18 3.342E-18 4.007E-18 5.164E-18 6.604E-18 8.424E-18 5.975E-18 3.918E-18 3.040E-18
 2.828E-18 2.916E-18 3.361E-18 3.993E-18 4.883E-18 5.860E-18 6.955E-18 5.337E-18 3.329E-18 2.723E-18
 3.005E-18 3.471E-18 4.193E-18 5.043E-18 6.057E-18 8.526E-18 1.003E-17 5.968E-18 3.899E-18 2.980E-18
 3.015E-18 3.629E-18 3.805E-18 3.739E-18 4.538E-18 6.015E-18 7.481E-18 6.292E-18 4.305E-18 3.323E-18
 3.536E-18 3.909E-18 3.654E-18 4.232E-18 4.757E-18 6.269E-18 7.937E-18 6.604E-18 5.362E-18 4.588E-18
 4.224E-18 4.372E-18 5.031E-18 5.831E-18 7.384E-18 9.986E-18 1.005E-17 7.161E-18 4.974E-18 3.989E-18
 3.971E-18 4.301E-18 4.315E-18 4.680E-18 5.252E-18 6.372E-18 6.507E-18 5.108E-18 4.012E-18 3.584E-18
 3.700E-18 3.890E-18 4.164E-18 5.113E-18 6.277E-18 6.763E-18 6.174E-18 4.974E-18 4.051E-18 3.757E-18
 3.895E-18 4.027E-18 4.555E-18 5.114E-18 5.490E-18 5.238E-18 4.177E-18 2.747E-18 1.970E-18 1.608E-18
 1.633E-18 1.916E-18 2.283E-18 2.459E-18 2.401E-18 2.465E-18 2.773E-18 3.227E-18 3.056E-18 2.739E-18
 2.942E-18 2.944E-18 2.774E-18 2.734E-18 2.688E-18 2.651E-18 3.093E-18 3.628E-18 3.450E-18 3.245E-18
 2.944E-18 2.632E-18 2.928E-18 2.989E-18 3.107E-18 3.865E-18 5.108E-18 5.110E-18 4.147E-18 3.350E-18
 3.071E-18 3.265E-18 3.118E-18 2.886E-18 3.145E-18 4.030E-18 4.508E-18 3.644E-18 2.955E-18 2.845E-18
 2.953E-18 2.738E-18 2.776E-18 3.343E-18 3.998E-18 4.003E-18 3.276E-18 2.958E-18 3.103E-18 3.188E-18
 2.863E-18 2.916E-18 3.550E-18 4.487E-18 5.079E-18 4.490E-18 4.056E-18 4.085E-18 3.872E-18 3.344E-18
 3.150E-18 3.483E-18 4.342E-18 5.090E-18 4.111E-18 3.776E-18 3.737E-18 3.376E-18 2.922E-18 2.744E-18
 3.102E-18 4.025E-18 4.642E-18 4.311E-18 3.794E-18 3.160E-18 2.699E-18 2.687E-18 2.934E-18 3.530E-18
 4.523E-18 4.851E-18 4.323E-18 3.701E-18 3.122E-18 2.873E-18 3.059E-18 3.656E-18 4.353E-18 4.522E-18
 4.045E-18 3.442E-18 2.848E-18 2.477E-18 2.456E-18 2.792E-18 3.239E-18 3.871E-18 4.278E-18 3.572E-18
 2.832E-18 2.844E-18 3.355E-18 3.461E-18 3.373E-18 3.902E-18 4.746E-18 4.116E-18 3.114E-18 2.875E-18
 3.190E-18 3.122E-18 2.821E-18 3.036E-18 3.715E-18 3.652E-18 3.211E-18 3.126E-18 2.946E-18 2.772E-18
 2.937E-18 3.644E-18 4.416E-18 3.880E-18 3.195E-18 3.126E-18 3.003E-18 2.796E-18 3.059E-18 3.973E-18
 5.027E-18 5.011E-18 4.084E-18 3.318E-18 2.848E-18 2.794E-18 3.311E-18 4.377E-18 4.800E-18 4.215E-18
 3.456E-18 3.032E-18 2.933E-18 3.356E-18 4.300E-18 5.123E-18 4.849E-18 4.209E-18 3.580E-18 3.372E-18
 3.577E-18 3.932E-18 4.111E-18 3.995E-18 4.239E-18 4.238E-18 3.516E-18 3.124E-18 3.211E-18 3.548E-18
 3.786E-18 4.198E-18 4.503E-18 3.821E-18 3.253E-18 3.564E-18 4.186E-18 4.026E-18 3.494E-18 3.570E-18
 3.804E-18 3.408E-18 3.193E-18 3.333E-18 3.282E-18 3.185E-18 3.829E-18 4.752E-18 4.372E-18 3.666E-18
 3.646E-18 3.705E-18 3.507E-18 3.392E-18 3.746E-18 3.966E-18 3.665E-18 3.592E-18 3.536E-18 3.248E-18
 3.262E-18 3.951E-18 4.574E-18 4.121E-18 3.502E-18 3.168E-18 3.026E-18 3.315E-18 3.916E-18 4.629E-18
 4.197E-18 3.151E-18 2.551E-18 2.525E-18 2.890E-18 3.426E-18 4.355E-18 4.552E-18 3.628E-18 2.849E-18
 2.546E-18 2.844E-18 3.753E-18 4.148E-18 3.505E-18 2.797E-18 2.444E-18 2.361E-18 2.837E-18 3.971E-18
 4.799E-18 4.197E-18 3.373E-18 2.927E-18 2.759E-18 2.965E-18 3.537E-18 3.659E-18 2.904E-18 2.422E-18
 2.489E-18 2.611E-18 2.796E-18 3.237E-18 3.174E-18 2.698E-18 2.722E-18 3.045E-18 3.379E-18 3.951E-18
 4.487E-18 4.125E-18 3.249E-18 2.714E-18 2.761E-18 3.205E-18 3.474E-18 3.259E-18 2.840E-18 2.468E-18
 2.415E-18 2.822E-18 3.279E-18 3.346E-18 2.994E-18 2.700E-18 2.834E-18 3.160E-18 3.317E-18 3.553E-18
 3.512E-18 2.949E-18 2.525E-18 2.412E-18 2.417E-18 2.606E-18 3.004E-18 2.932E-18 2.493E-18 2.307E-18
 2.519E-18 2.857E-18 2.908E-18 2.482E-18 2.258E-18 2.480E-18 2.886E-18 3.111E-18 2.847E-18 2.295E-18
 2.032E-18 2.327E-18 2.768E-18 2.793E-18 2.582E-18 2.430E-18 2.425E-18 2.552E-18 2.527E-18 2.557E-18
 2.550E-18 2.412E-18 2.338E-18 2.488E-18 2.618E-18 2.771E-18 2.901E-18 2.601E-18 2.215E-18 2.174E-18
 2.376E-18 2.471E-18 2.371E-18 2.116E-18 2.136E-18 2.266E-18 2.399E-18 2.205E-18 2.095E-18 2.003E-18
 2.178E-18 2.569E-18 2.610E-18 2.137E-18 1.978E-18 2.183E-18 2.359E-18 2.432E-18 2.019E-18 1.824E-18
 2.057E-18 2.155E-18 2.095E-18 1.933E-18 1.810E-18 1.970E-18 2.438E-18 2.454E-18 2.063E-18 1.928E-18
 2.067E-18 2.195E-18 2.176E-18 1.897E-18 1.772E-18 1.958E-18 2.057E-18 1.984E-18 1.927E-18 1.785E-18
 1.858E-18 2.228E-18 2.228E-18 1.929E-18 1.866E-18 2.049E-18 2.228E-18 2.106E-18 1.776E-18 1.792E-18
 2.050E-18 2.045E-18 1.894E-18 1.882E-18 1.851E-18 1.973E-18 2.198E-18 2.081E-18 1.878E-18 1.841E-18
 1.972E-18 2.105E-18 1.962E-18 1.670E-18 1.696E-18 1.817E-18 1.791E-18 1.799E-18 1.819E-18 1.709E-18
 1.826E-18 2.063E-18 1.957E-18 1.713E-18 1.630E-18 1.728E-18 1.858E-18 1.759E-18 1.558E-18 1.663E-18
 1.841E-18 1.790E-18 1.730E-18 1.752E-18 1.686E-18 1.758E-18 1.928E-18 1.847E-18 1.679E-18 1.684E-18
 1.820E-18 1.950E-18 1.823E-18 1.567E-18 1.568E-18 1.632E-18 1.591E-18 1.550E-18 1.574E-18 1.524E-18
 1.601E-18 1.760E-18 1.651E-18 1.483E-18 1.524E-18 1.702E-18 1.876E-18 1.760E-18 1.499E-18 1.484E-18
 1.570E-18 1.536E-18 1.512E-18 1.562E-18 1.475E-18 1.498E-18 1.683E-18 1.635E-18 1.480E-18 1.505E-18
 1.629E-18 1.743E-18 1.617E-18 1.354E-18 1.336E-18 1.400E-18 1.353E-18 1.353E-18 1.447E-18 1.400E-18
 1.447E-18 1.610E-18 1.490E-18 1.343E-18 1.397E-18 1.523E-18 1.652E-18 1.596E-18 1.393E-18 1.365E-18
 1.416E-18 1.358E-18 1.345E-18 1.428E-18 1.336E-18 1.378E-18 1.566E-18 1.476E-18 1.336E-18 1.396E-18
 1.482E-18 1.563E-18 1.495E-18 1.343E-18 1.326E-18 1.344E-18 1.304E-18 1.341E-18 1.400E-18 1.290E-18
 1.325E-18 1.452E-18 1.325E-18 1.217E-18 1.315E-18 1.418E-18 1.494E-18 1.414E-18 1.312E-18 1.364E-18
 1.368E-18 1.280E-18 1.274E-18 1.328E-18 1.286E-18 1.393E-18 1.483E-18 1.293E-18 1.206E-18 1.301E-18
 1.357E-18 1.361E-18 1.240E-18 1.198E-18 1.333E-18 1.371E-18 1.273E-18 1.281E-18 1.366E-18 1.328E-18
 1.379E-18 1.421E-18 1.255E-18 1.174E-18 1.226E-18 1.267E-18 1.248E-18 1.125E-18 1.107E-18 1.262E-18
 1.302E-18 1.172E-18 1.184E-18 1.288E-18 1.292E-18 1.340E-18 1.317E-18 1.153E-18 1.116E-18 1.188E-18
 1.203E-18 1.148E-18 1.042E-18 1.083E-18 1.265E-18 1.276E-18 1.087E-18 1.085E-18 1.185E-18 1.239E-18
 1.366E-18 1.377E-18 1.188E-18 1.112E-18 1.177E-18 1.172E-18 1.072E-18 9.598E-19 1.051E-18 1.238E-18
 1.231E-18 1.034E-18 1.036E-18 1.146E-18 1.208E-18 1.320E-18 1.332E-18 1.161E-18 1.084E-18 1.123E-18
 1.083E-18 9.877E-19 9.510E-19 1.095E-18 1.266E-18 1.227E-18 1.045E-18 1.070E-18 1.158E-18 1.152E-18
 1.209E-18 1.204E-18 1.063E-18 1.023E-18 1.074E-18 1.050E-18 9.470E-19 9.162E-19 1.053E-18 1.178E-18
 1.174E-18 1.066E-18 1.066E-18 1.113E-18 1.142E-18 1.221E-18 1.158E-18 1.005E-18 9.629E-19 9.767E-19
 9.556E-19 8.827E-19 8.887E-19 1.017E-18 1.071E-18 1.049E-18 1.021E-18 1.031E-18 9.939E-19 1.023E-18
 1.147E-18 1.121E-18 1.002E-18 9.548E-19 9.367E-19 8.924E-19 8.225E-19 8.565E-19 9.948E-19 1.065E-18
 1.044E-18 1.003E-18 1.015E-18 9.675E-19 1.016E-18 1.122E-18 1.091E-18 9.681E-19 8.789E-19 8.659E-19
 8.613E-19 8.045E-19 8.504E-19 9.830E-19 1.030E-18 9.787E-19 9.446E-19 9.617E-19 9.340E-19 9.936E-19
 1.093E-18 1.089E-18 9.725E-19 8.764E-19 8.536E-19 8.117E-19 7.347E-19 7.652E-19 8.912E-19 9.786E-19
 9.375E-19 9.003E-19 9.155E-19 9.146E-19 9.335E-19 9.408E-19 9.323E-19 8.854E-19 8.164E-19 7.973E-19
 7.572E-19 6.948E-19 7.540E-19 9.270E-19 1.010E-18 9.071E-19 8.511E-19 9.138E-19 9.693E-19 9.856E-19
 9.565E-19 9.303E-19 8.836E-19 8.068E-19 7.763E-19 7.194E-19 6.475E-19 7.130E-19 8.799E-19 9.302E-19
 8.140E-19 7.562E-19 7.668E-19 8.012E-19 8.751E-19 8.722E-19 8.773E-19 8.798E-19 8.354E-19 8.062E-19
 7.243E-19 6.368E-19 7.273E-19 8.727E-19 8.743E-19 7.612E-19 7.463E-19 7.802E-19 8.406E-19 8.908E-19
 8.006E-19 7.722E-19 7.960E-19 7.928E-19 7.437E-19 6.534E-19 6.196E-19 7.396E-19 8.449E-19 8.282E-19
 7.382E-19 7.339E-19 7.537E-19 8.140E-19 8.473E-19 7.605E-19 7.246E-19 7.725E-19 7.925E-19 7.081E-19
 6.190E-19 6.276E-19 7.302E-19 7.936E-19 7.793E-19 7.337E-19 7.169E-19 7.192E-19 7.681E-19 7.732E-19
 7.169E-19 7.064E-19 7.842E-19 8.146E-19 6.986E-19 6.200E-19 6.324E-19 6.769E-19 6.933E-19 6.921E-19
 7.228E-19 7.275E-19 7.080E-19 7.099E-19 6.807E-19 6.287E-19 6.382E-19 7.137E-19 7.385E-19 6.497E-19
 5.919E-19 6.051E-19 6.349E-19 6.504E-19 6.771E-19 7.280E-19 7.007E-19 6.485E-19 6.302E-19 6.123E-19
 6.148E-19 6.555E-19 7.138E-19 7.202E-19 6.532E-19 5.908E-19 5.759E-19 5.768E-19 5.949E-19 6.330E-19
 6.933E-19 6.832E-19 6.433E-19 6.253E-19 6.052E-19 5.928E-19 6.356E-19 6.899E-19 7.009E-19 6.509E-19
 5.909E-19 5.511E-19 5.412E-19 5.674E-19 6.272E-19 7.094E-19 6.566E-19 5.886E-19 5.677E-19 5.673E-19
 5.616E-19 5.965E-19 6.389E-19 6.584E-19 6.160E-19 5.746E-19 5.310E-19 5.219E-19 5.402E-19 5.883E-19
 6.470E-19 5.983E-19 5.478E-19 5.169E-19 5.197E-19 5.142E-19 5.367E-19 5.781E-19 6.222E-19 5.826E-19
 5.122E-19 4.829E-19 4.915E-19 5.181E-19 5.781E-19 5.961E-19 5.404E-19 5.151E-19 5.011E-19 5.123E-19
 5.090E-19 5.104E-19 5.259E-19 5.679E-19 5.787E-19 5.535E-19 5.327E-19 4.944E-19 5.002E-19 5.552E-19
 5.526E-19 5.284E-19 5.265E-19 4.945E-19 4.946E-19 5.017E-19 4.923E-19 4.918E-19 5.179E-19 5.507E-19
 5.407E-19 5.016E-19 4.733E-19 4.985E-19 5.484E-19 5.177E-19 4.783E-19 4.887E-19 4.782E-19 4.825E-19
 4.863E-19 4.603E-19 4.456E-19 4.549E-19 5.168E-19 5.482E-19 5.036E-19 4.604E-19 4.772E-19 5.097E-19
 4.813E-19 4.378E-19 4.492E-19 4.640E-19 4.710E-19 4.740E-19 4.450E-19 4.082E-19 4.009E-19 4.657E-19
 5.206E-19 4.920E-19 4.564E-19 4.917E-19 4.971E-19 4.448E-19 3.891E-19 4.100E-19 4.450E-19 4.569E-19
 4.503E-19 4.061E-19 3.649E-19 3.636E-19 4.199E-19 4.817E-19 4.663E-19 4.381E-19 4.808E-19 4.777E-19
 4.093E-19 3.573E-19 3.857E-19 4.383E-19 4.533E-19 4.187E-19 3.732E-19 3.469E-19 3.361E-19 3.659E-19
 4.166E-19 4.319E-19 4.360E-19 4.850E-19 4.742E-19 3.769E-19 3.179E-19 3.580E-19 4.289E-19 4.505E-19
 4.059E-19 3.679E-19 3.387E-19 3.175E-19 3.490E-19 4.091E-19 4.302E-19 4.387E-19 4.749E-19 4.422E-19
 3.399E-19 2.935E-19 3.383E-19 3.940E-19 4.150E-19 3.872E-19 3.602E-19 3.226E-19 2.984E-19 3.198E-19
 3.665E-19 4.001E-19 4.316E-19 4.761E-19 4.348E-19 3.292E-19 2.888E-19 3.121E-19 3.509E-19 3.875E-19
 3.929E-19 3.549E-19 3.019E-19 2.683E-19 2.800E-19 3.194E-19 3.715E-19 4.111E-19 4.296E-19 3.887E-19
 3.188E-19 2.927E-19 2.899E-19 3.215E-19 3.763E-19 4.038E-19 3.565E-19 2.941E-19 2.559E-19 2.502E-19
 2.768E-19 3.443E-19 3.944E-19 3.890E-19 3.499E-19 3.123E-19 2.874E-19 2.628E-19 2.868E-19 3.600E-19
 4.037E-19 3.491E-19 2.738E-19 2.369E-19 2.290E-19 2.622E-19 3.416E-19 3.966E-19 3.672E-19 3.227E-19
 3.057E-19 2.788E-19 2.504E-19 2.691E-19 3.443E-19 3.903E-19 3.453E-19 2.691E-19 2.204E-19 2.115E-19
 2.464E-19 3.159E-19 3.656E-19 3.421E-19 2.983E-19 2.848E-19 2.709E-19 2.479E-19 2.561E-19 3.129E-19
 3.535E-19 3.329E-19 2.620E-19 2.057E-19 2.036E-19 2.417E-19 2.937E-19 3.348E-19 3.334E-19 2.779E-19
 2.473E-19 2.555E-19 2.516E-19 2.616E-19 3.015E-19 3.351E-19 3.129E-19 2.425E-19 1.953E-19 2.039E-19
 2.407E-19 2.687E-19 2.992E-19 3.183E-19 2.680E-19 2.209E-19 2.301E-19 2.461E-19 2.650E-19 2.879E-19
 3.148E-19 2.946E-19 2.359E-19 2.022E-19 2.103E-19 2.351E-19 2.434E-19 2.666E-19 3.069E-19 2.701E-19
 2.108E-19 2.076E-19 2.313E-19 2.590E-19 2.687E-19 2.828E-19 2.624E-19 2.142E-19 2.036E-19 2.140E-19
 2.132E-19 2.019E-19 2.285E-19 2.851E-19 2.656E-19 2.016E-19 1.856E-19 2.143E-19 2.516E-19 2.620E-19
 2.632E-19 2.446E-19 2.044E-19 2.056E-19 2.141E-19 1.904E-19 1.763E-19 2.159E-19 2.690E-19 2.575E-19
 2.039E-19 1.805E-19 1.950E-19 2.225E-19 2.505E-19 2.566E-19 2.416E-19 2.121E-19 2.026E-19 1.990E-19
 1.675E-19 1.574E-19 1.952E-19 2.371E-19 2.319E-19 2.036E-19 1.852E-19 1.780E-19 1.905E-19 2.248E-19
 2.414E-19 2.281E-19 2.130E-19 1.962E-19 1.781E-19 1.546E-19 1.539E-19 1.879E-19 2.119E-19 2.094E-19
 2.028E-19 1.804E-19 1.536E-19 1.673E-19 2.082E-19 2.392E-19 2.359E-19 2.169E-19 1.825E-19 1.524E-19
 1.464E-19 1.599E-19 1.829E-19 1.931E-19 1.887E-19 1.907E-19 1.690E-19 1.349E-19 1.453E-19 1.903E-19
 2.218E-19 2.217E-19 2.062E-19 1.727E-19 1.405E-19 1.467E-19 1.665E-19 1.716E-19 1.705E-19 1.679E-19
 1.746E-19 1.617E-19 1.346E-19 1.384E-19 1.780E-19 1.996E-19 1.947E-19 1.884E-19 1.665E-19 1.394E-19
 1.459E-19 1.670E-19 1.738E-19 1.629E-19 1.505E-19 1.513E-19 1.498E-19 1.369E-19 1.383E-19 1.633E-19
 1.709E-19 1.550E-19 1.577E-19 1.611E-19 1.471E-19 1.439E-19 1.572E-19 1.673E-19 1.508E-19 1.324E-19
 1.362E-19 1.421E-19 1.424E-19 1.423E-19 1.493E-19 1.477E-19 1.295E-19 1.315E-19 1.512E-19 1.529E-19
 1.482E-19 1.535E-19 1.575E-19 1.401E-19 1.166E-19 1.164E-19 1.294E-19 1.417E-19 1.507E-19 1.527E-19
 1.373E-19 1.092E-19 1.031E-19 1.309E-19 1.459E-19 1.416E-19 1.461E-19 1.529E-19 1.354E-19 1.071E-19
 1.059E-19 1.192E-19 1.289E-19 1.434E-19 1.455E-19 1.221E-19 9.239E-20 8.908E-20 1.190E-19 1.376E-19
 1.363E-19 1.376E-19 1.427E-19 1.275E-19 1.006E-19 9.671E-20 1.139E-19 1.255E-19 1.413E-19 1.469E-19
 1.194E-19 8.516E-20 8.058E-20 1.042E-19 1.218E-19 1.316E-19 1.402E-19 1.382E-19 1.103E-19 8.382E-20
 8.785E-20 1.080E-19 1.226E-19 1.359E-19 1.414E-19 1.109E-19 7.617E-20 7.728E-20 9.281E-20 1.085E-19
 1.272E-19 1.414E-19 1.328E-19 1.006E-19 8.306E-20 9.073E-20 1.023E-19 1.199E-19 1.325E-19 1.348E-19
 1.104E-19 7.549E-20 6.617E-20 7.985E-20 1.032E-19 1.258E-19 1.335E-19 1.182E-19 8.451E-20 6.804E-20
 7.718E-20 9.490E-20 1.164E-19 1.297E-19 1.288E-19 1.059E-19 6.981E-20 5.676E-20 6.954E-20 9.461E-20
 1.202E-19 1.258E-19 1.086E-19 8.003E-20 6.627E-20 6.894E-20 8.128E-20 1.062E-19 1.197E-19 1.137E-19
 1.018E-19 7.895E-20 0.000E+00 0.000E+00 0.000E+00 0.000E+00 0.000E+00 0.000E+00 0.000E+00 0.000E+00
