       CF4 1255.0070 1289.9870      2359  213.0000    0.0000 1.028E-16  NCAR    CFC-14
 4.449E-19 4.416E-19 5.120E-19 5.949E-19 5.687E-19 4.497E-19 4.890E-19 4.898E-19 4.483E-19 4.034E-19
 3.231E-19 3.120E-19 4.006E-19 4.811E-19 4.113E-19 2.760E-19 2.796E-19 4.431E-19 4.779E-19 5.027E-19
 5.218E-19 4.646E-19 3.757E-19 3.722E-19 5.205E-19 5.948E-19 5.403E-19 5.098E-19 4.723E-19 4.905E-19
 4.989E-19 4.852E-19 4.022E-19 3.717E-19 5.180E-19 6.813E-19 5.741E-19 4.358E-19 4.481E-19 4.891E-19
 5.059E-19 5.214E-19 4.444E-19 3.803E-19 4.387E-19 4.927E-19 5.260E-19 5.705E-19 5.419E-19 5.754E-19
 7.014E-19 6.959E-19 5.774E-19 4.766E-19 4.302E-19 3.674E-19 3.756E-19 4.520E-19 5.200E-19 5.181E-19
 4.775E-19 5.370E-19 5.348E-19 4.143E-19 4.064E-19 4.005E-19 4.698E-19 5.094E-19 4.914E-19 6.128E-19
 6.220E-19 5.843E-19 5.877E-19 5.120E-19 4.155E-19 3.674E-19 3.923E-19 4.816E-19 5.129E-19 5.560E-19
 5.778E-19 4.939E-19 5.398E-19 6.877E-19 7.121E-19 6.978E-19 7.289E-19 6.429E-19 6.302E-19 6.192E-19
 5.772E-19 5.021E-19 5.825E-19 6.719E-19 6.227E-19 4.877E-19 4.234E-19 5.247E-19 6.013E-19 6.119E-19
 6.131E-19 5.970E-19 5.962E-19 6.485E-19 7.137E-19 6.790E-19 5.533E-19 4.526E-19 5.486E-19 5.513E-19
 5.554E-19 6.181E-19 5.969E-19 6.371E-19 6.678E-19 6.760E-19 6.492E-19 6.470E-19 5.807E-19 4.898E-19
 3.535E-19 4.021E-19 5.191E-19 6.759E-19 9.393E-19 9.750E-19 7.690E-19 5.593E-19 4.849E-19 5.495E-19
 6.035E-19 5.808E-19 6.814E-19 7.727E-19 7.228E-19 7.287E-19 7.728E-19 6.791E-19 5.571E-19 5.242E-19
 5.709E-19 6.709E-19 7.110E-19 7.951E-19 8.026E-19 7.027E-19 6.192E-19 5.391E-19 4.913E-19 5.266E-19
 6.649E-19 6.924E-19 5.214E-19 4.363E-19 6.684E-19 8.993E-19 9.333E-19 9.435E-19 8.681E-19 7.496E-19
 6.079E-19 6.079E-19 4.566E-19 4.881E-19 5.726E-19 6.961E-19 7.190E-19 6.900E-19 6.552E-19 5.342E-19
 4.615E-19 5.757E-19 7.016E-19 7.367E-19 7.663E-19 6.996E-19 6.218E-19 7.161E-19 8.811E-19 9.527E-19
 8.018E-19 7.049E-19 6.824E-19 5.948E-19 5.310E-19 4.449E-19 4.980E-19 6.684E-19 8.064E-19 8.022E-19
 6.952E-19 5.689E-19 5.036E-19 6.038E-19 8.280E-19 1.098E-18 1.178E-18 9.183E-19 7.699E-19 8.774E-19
 8.594E-19 7.201E-19 6.290E-19 7.716E-19 8.383E-19 6.597E-19 5.393E-19 5.614E-19 6.995E-19 7.678E-19
 8.308E-19 8.209E-19 6.771E-19 5.579E-19 5.547E-19 5.948E-19 7.691E-19 9.291E-19 8.675E-19 7.228E-19
 6.503E-19 6.863E-19 6.622E-19 5.266E-19 4.635E-19 5.418E-19 6.222E-19 6.883E-19 7.057E-19 8.088E-19
 8.133E-19 8.039E-19 8.120E-19 6.789E-19 5.409E-19 6.516E-19 8.516E-19 7.486E-19 6.215E-19 5.984E-19
 5.557E-19 5.846E-19 6.343E-19 6.602E-19 6.785E-19 6.379E-19 4.657E-19 3.742E-19 5.271E-19 7.013E-19
 6.522E-19 4.897E-19 4.646E-19 5.234E-19 7.460E-19 8.459E-19 5.761E-19 4.706E-19 5.645E-19 5.121E-19
 4.609E-19 5.225E-19 5.612E-19 5.617E-19 6.346E-19 8.114E-19 7.925E-19 6.466E-19 4.312E-19 3.515E-19
 4.884E-19 5.429E-19 6.181E-19 7.005E-19 6.635E-19 5.951E-19 7.053E-19 7.131E-19 6.185E-19 5.699E-19
 5.514E-19 4.543E-19 3.679E-19 4.590E-19 5.985E-19 7.151E-19 7.388E-19 6.465E-19 4.205E-19 2.401E-19
 2.863E-19 4.179E-19 5.379E-19 5.248E-19 4.890E-19 3.989E-19 1.383E-19 1.317E-19 4.116E-19 6.955E-19
 6.992E-19 4.769E-19 3.571E-19 2.711E-19 2.008E-19 2.027E-19 4.319E-19 6.524E-19 5.669E-19 4.148E-19
 3.686E-19 3.596E-19 3.596E-19 4.547E-19 5.940E-19 5.314E-19 3.511E-19 2.247E-19 3.178E-19 4.295E-19
 4.562E-19 5.696E-19 5.204E-19 5.204E-19 3.513E-19 2.879E-19 2.762E-19 3.314E-19 4.399E-19 4.720E-19
 4.416E-19 2.997E-19 1.355E-19 1.701E-20 9.822E-20 4.306E-19 5.656E-19 4.855E-19 4.046E-19 2.465E-19
 2.465E-19 1.064E-19 1.411E-19 1.411E-19 1.928E-19 1.879E-19 1.736E-19 9.698E-20 9.698E-20 1.147E-19
 9.909E-20 1.977E-20 0.000E+00 1.004E-20 1.502E-21 0.000E+00 0.000E+00 0.000E+00 0.000E+00 0.000E+00
 0.000E+00 0.000E+00 0.000E+00 0.000E+00 0.000E+00 0.000E+00 0.000E+00 9.163E-21 1.005E-19 1.849E-19
 1.411E-19 5.616E-20 5.432E-20 1.184E-19 1.515E-19 2.175E-19 2.805E-19 2.805E-19 2.805E-19 3.164E-19
 3.164E-19 2.788E-19 2.615E-19 3.007E-19 3.825E-19 4.861E-19 4.629E-19 3.600E-19 3.186E-19 4.160E-19
 4.831E-19 5.031E-19 5.074E-19 5.640E-19 6.209E-19 6.438E-19 6.148E-19 5.838E-19 6.042E-19 7.045E-19
 7.776E-19 9.194E-19 1.080E-18 1.238E-18 1.437E-18 1.523E-18 1.620E-18 1.805E-18 1.941E-18 1.862E-18
 1.632E-18 1.459E-18 1.346E-18 1.303E-18 1.082E-18 8.112E-19 8.481E-19 8.983E-19 9.247E-19 9.183E-19
 8.298E-19 7.636E-19 7.344E-19 5.880E-19 5.787E-19 6.524E-19 6.851E-19 6.549E-19 5.502E-19 5.522E-19
 5.593E-19 4.820E-19 4.839E-19 4.937E-19 6.229E-19 6.301E-19 4.588E-19 3.416E-19 3.684E-19 3.770E-19
 3.859E-19 4.085E-19 3.943E-19 4.601E-19 4.448E-19 3.863E-19 4.504E-19 4.454E-19 3.508E-19 3.305E-19
 4.169E-19 5.970E-19 6.111E-19 4.751E-19 4.240E-19 4.258E-19 3.865E-19 3.768E-19 4.745E-19 6.422E-19
 6.084E-19 4.515E-19 3.007E-19 2.400E-19 2.940E-19 3.535E-19 3.558E-19 3.463E-19 4.316E-19 4.313E-19
 4.386E-19 4.145E-19 3.989E-19 4.031E-19 3.313E-19 3.455E-19 3.583E-19 3.087E-19 3.801E-19 4.646E-19
 4.120E-19 4.372E-19 5.755E-19 6.929E-19 6.200E-19 4.702E-19 4.042E-19 3.443E-19 4.106E-19 4.566E-19
 5.431E-19 5.050E-19 3.986E-19 3.995E-19 5.402E-19 5.872E-19 5.260E-19 5.823E-19 6.712E-19 5.897E-19
 4.162E-19 3.953E-19 4.104E-19 4.526E-19 4.715E-19 5.325E-19 8.067E-19 7.427E-19 4.520E-19 4.368E-19
 5.003E-19 4.894E-19 4.949E-19 5.865E-19 7.425E-19 7.723E-19 7.381E-19 6.566E-19 3.826E-19 3.515E-19
 4.780E-19 6.162E-19 6.674E-19 6.269E-19 7.093E-19 7.705E-19 6.774E-19 5.804E-19 6.156E-19 8.418E-19
 8.072E-19 7.037E-19 8.713E-19 8.732E-19 5.675E-19 3.738E-19 5.995E-19 8.662E-19 7.199E-19 6.765E-19
 8.581E-19 9.669E-19 9.453E-19 7.687E-19 6.927E-19 7.641E-19 6.630E-19 5.893E-19 7.337E-19 8.870E-19
 8.818E-19 7.836E-19 8.184E-19 9.715E-19 7.937E-19 6.254E-19 6.818E-19 6.960E-19 7.564E-19 8.008E-19
 6.821E-19 7.336E-19 8.235E-19 9.263E-19 8.588E-19 7.813E-19 8.520E-19 9.345E-19 1.006E-18 9.367E-19
 1.017E-18 1.180E-18 1.031E-18 7.967E-19 7.276E-19 8.947E-19 1.069E-18 9.077E-19 8.420E-19 9.038E-19
 8.620E-19 9.257E-19 1.021E-18 1.026E-18 1.041E-18 8.182E-19 9.513E-19 1.177E-18 9.738E-19 7.846E-19
 7.398E-19 7.722E-19 8.995E-19 7.572E-19 6.591E-19 7.472E-19 9.049E-19 1.087E-18 1.033E-18 1.086E-18
 1.385E-18 1.140E-18 8.067E-19 7.744E-19 8.683E-19 8.860E-19 8.363E-19 8.865E-19 9.918E-19 1.007E-18
 9.997E-19 9.330E-19 8.212E-19 8.378E-19 9.893E-19 1.160E-18 1.254E-18 1.235E-18 1.046E-18 1.017E-18
 1.103E-18 1.032E-18 9.015E-19 1.030E-18 1.205E-18 1.236E-18 1.014E-18 8.506E-19 9.738E-19 9.738E-19
 7.976E-19 8.860E-19 1.044E-18 1.222E-18 1.231E-18 1.028E-18 9.854E-19 1.002E-18 9.525E-19 8.829E-19
 8.610E-19 9.421E-19 1.007E-18 9.567E-19 9.133E-19 9.260E-19 8.690E-19 8.144E-19 1.000E-18 1.133E-18
 1.184E-18 1.209E-18 1.109E-18 1.008E-18 9.613E-19 9.581E-19 1.003E-18 1.045E-18 1.162E-18 1.375E-18
 1.342E-18 1.191E-18 1.036E-18 8.963E-19 9.156E-19 1.093E-18 1.088E-18 1.133E-18 1.242E-18 1.166E-18
 1.077E-18 9.628E-19 7.612E-19 8.803E-19 1.123E-18 1.208E-18 1.160E-18 1.144E-18 1.206E-18 9.636E-19
 7.397E-19 8.770E-19 1.221E-18 1.350E-18 1.201E-18 1.065E-18 1.045E-18 9.687E-19 7.881E-19 8.339E-19
 1.189E-18 1.340E-18 1.307E-18 1.142E-18 8.689E-19 9.108E-19 1.133E-18 1.169E-18 1.206E-18 1.282E-18
 1.268E-18 1.267E-18 9.736E-19 7.488E-19 8.071E-19 1.003E-18 1.037E-18 9.917E-19 1.083E-18 1.152E-18
 1.177E-18 1.163E-18 9.910E-19 7.812E-19 8.746E-19 1.043E-18 1.087E-18 1.067E-18 1.156E-18 1.330E-18
 1.362E-18 9.905E-19 7.095E-19 8.176E-19 1.120E-18 1.364E-18 1.484E-18 1.226E-18 1.024E-18 1.081E-18
 9.790E-19 9.383E-19 9.908E-19 1.200E-18 1.411E-18 1.399E-18 1.304E-18 1.244E-18 1.152E-18 9.949E-19
 7.810E-19 6.671E-19 9.600E-19 1.099E-18 8.578E-19 7.291E-19 6.964E-19 7.918E-19 7.455E-19 7.058E-19
 1.095E-18 1.433E-18 1.426E-18 1.260E-18 1.027E-18 1.145E-18 1.336E-18 1.183E-18 1.035E-18 1.029E-18
 1.031E-18 9.491E-19 8.300E-19 7.864E-19 8.495E-19 9.291E-19 8.595E-19 8.588E-19 1.087E-18 1.180E-18
 1.045E-18 1.053E-18 1.178E-18 1.229E-18 1.208E-18 1.027E-18 9.164E-19 9.901E-19 8.855E-19 7.006E-19
 8.779E-19 9.976E-19 7.687E-19 7.687E-19 5.491E-19 8.781E-19 1.250E-18 1.118E-18 8.646E-19 7.249E-19
 6.938E-19 7.612E-19 8.622E-19 9.738E-19 1.085E-18 1.182E-18 9.875E-19 7.421E-19 6.405E-19 6.283E-19
 7.994E-19 9.350E-19 9.342E-19 9.237E-19 8.848E-19 8.402E-19 7.515E-19 7.215E-19 8.016E-19 9.687E-19
 1.328E-18 1.457E-18 1.205E-18 8.954E-19 7.003E-19 7.969E-19 8.355E-19 7.628E-19 6.830E-19 6.026E-19
 6.208E-19 7.725E-19 8.186E-19 6.562E-19 5.886E-19 7.365E-19 8.567E-19 7.284E-19 7.670E-19 9.079E-19
 1.097E-18 1.059E-18 8.460E-19 6.917E-19 5.453E-19 4.471E-19 4.437E-19 5.493E-19 6.907E-19 9.215E-19
 1.231E-18 1.178E-18 8.197E-19 6.546E-19 7.017E-19 1.007E-18 1.235E-18 1.279E-18 1.151E-18 8.820E-19
 6.168E-19 4.556E-19 4.241E-19 4.053E-19 3.825E-19 4.908E-19 6.933E-19 6.651E-19 5.872E-19 6.274E-19
 7.064E-19 7.229E-19 7.702E-19 6.827E-19 6.947E-19 8.450E-19 8.637E-19 7.623E-19 6.404E-19 6.201E-19
 7.399E-19 7.528E-19 5.096E-19 5.098E-19 8.553E-19 1.117E-18 1.048E-18 9.882E-19 7.618E-19 5.822E-19
 6.209E-19 6.423E-19 7.255E-19 8.130E-19 8.227E-19 8.509E-19 8.079E-19 6.322E-19 4.983E-19 5.235E-19
 6.452E-19 6.337E-19 6.453E-19 5.232E-19 3.463E-19 2.873E-19 2.674E-19 2.360E-19 2.605E-19 3.039E-19
 5.345E-19 8.061E-19 8.067E-19 6.689E-19 5.897E-19 7.765E-19 8.256E-19 7.095E-19 4.010E-19 3.558E-19
 4.334E-19 4.187E-19 4.010E-19 4.336E-19 5.425E-19 6.730E-19 7.976E-19 8.320E-19 9.505E-19 1.062E-18
 1.002E-18 9.180E-19 8.970E-19 6.732E-19 4.577E-19 4.358E-19 4.366E-19 4.041E-19 3.784E-19 4.357E-19
 7.074E-19 8.303E-19 8.303E-19 7.120E-19 9.264E-19 1.022E-18 1.045E-18 9.698E-19 7.563E-19 7.466E-19
 6.408E-19 5.592E-19 5.637E-19 4.844E-19 4.392E-19 5.831E-19 6.280E-19 5.135E-19 5.434E-19 6.744E-19
 7.891E-19 9.284E-19 9.718E-19 8.964E-19 8.458E-19 7.330E-19 6.937E-19 6.792E-19 6.519E-19 7.649E-19
 1.014E-18 1.060E-18 8.376E-19 7.135E-19 9.127E-19 1.082E-18 1.034E-18 7.839E-19 5.816E-19 6.291E-19
 6.161E-19 6.574E-19 7.756E-19 7.678E-19 7.196E-19 8.080E-19 8.570E-19 8.332E-19 8.239E-19 8.835E-19
 8.964E-19 7.340E-19 4.994E-19 3.508E-19 4.045E-19 5.531E-19 6.801E-19 7.398E-19 8.355E-19 1.050E-18
 1.258E-18 1.233E-18 1.003E-18 9.489E-19 1.023E-18 1.158E-18 1.168E-18 8.617E-19 6.305E-19 4.502E-19
 3.799E-19 4.642E-19 5.243E-19 4.627E-19 4.389E-19 4.701E-19 5.477E-19 6.654E-19 7.977E-19 7.337E-19
 5.311E-19 4.168E-19 3.583E-19 3.112E-19 3.011E-19 4.351E-19 6.187E-19 6.528E-19 5.733E-19 7.203E-19
 9.010E-19 8.420E-19 9.000E-19 1.161E-18 1.379E-18 1.496E-18 1.228E-18 8.815E-19 7.208E-19 6.713E-19
 7.050E-19 7.618E-19 7.329E-19 7.069E-19 8.108E-19 9.017E-19 8.599E-19 8.289E-19 8.520E-19 9.472E-19
 1.034E-18 8.526E-19 7.730E-19 7.316E-19 6.336E-19 5.359E-19 4.701E-19 5.585E-19 6.981E-19 7.751E-19
 7.645E-19 8.843E-19 1.066E-18 1.012E-18 1.117E-18 9.962E-19 6.222E-19 4.774E-19 3.440E-19 4.415E-19
 6.623E-19 7.918E-19 9.005E-19 9.265E-19 8.154E-19 7.689E-19 8.861E-19 9.672E-19 9.012E-19 8.878E-19
 8.536E-19 7.864E-19 7.443E-19 6.561E-19 4.857E-19 4.651E-19 5.844E-19 8.143E-19 1.002E-18 9.306E-19
 8.618E-19 9.468E-19 8.846E-19 9.598E-19 1.001E-18 6.883E-19 5.211E-19 5.960E-19 6.255E-19 5.249E-19
 4.901E-19 5.207E-19 5.308E-19 4.791E-19 5.182E-19 7.029E-19 7.865E-19 7.358E-19 7.097E-19 6.320E-19
 6.320E-19 4.089E-19 3.330E-19 3.404E-19 4.129E-19 6.124E-19 8.170E-19 8.467E-19 6.976E-19 6.355E-19
 7.775E-19 8.680E-19 9.890E-19 9.493E-19 6.741E-19 4.968E-19 4.919E-19 5.341E-19 5.388E-19 5.455E-19
 6.189E-19 6.750E-19 6.769E-19 6.769E-19 5.550E-19 4.643E-19 4.257E-19 4.065E-19 2.301E-19 0.000E+00
 0.000E+00 0.000E+00 0.000E+00 0.000E+00 5.790E-20 2.995E-19 3.550E-19 4.554E-19 6.943E-19 7.890E-19
 7.882E-19 8.694E-19 9.561E-19 8.111E-19 6.035E-19 6.555E-19 7.872E-19 8.259E-19 8.159E-19 7.941E-19
 7.347E-19 7.272E-19 7.564E-19 7.817E-19 8.450E-19 9.216E-19 9.275E-19 8.751E-19 7.022E-19 5.666E-19
 6.312E-19 7.709E-19 9.846E-19 1.058E-18 8.434E-19 7.190E-19 6.185E-19 5.712E-19 6.324E-19 7.682E-19
 8.147E-19 7.286E-19 6.044E-19 6.593E-19 7.155E-19 6.819E-19 7.781E-19 9.575E-19 9.457E-19 9.037E-19
 9.959E-19 9.585E-19 9.668E-19 9.687E-19 8.407E-19 8.133E-19 8.182E-19 8.200E-19 8.431E-19 9.487E-19
 1.117E-18 1.132E-18 9.541E-19 8.164E-19 9.608E-19 1.242E-18 1.259E-18 1.087E-18 1.032E-18 1.020E-18
 9.363E-19 9.549E-19 8.938E-19 7.099E-19 7.221E-19 6.894E-19 6.894E-19 5.118E-19 6.709E-19 8.245E-19
 9.155E-19 9.672E-19 9.777E-19 1.050E-18 1.105E-18 1.058E-18 1.038E-18 1.015E-18 1.013E-18 9.251E-19
 8.466E-19 9.572E-19 1.153E-18 1.241E-18 1.099E-18 9.100E-19 1.019E-18 1.304E-18 1.344E-18 1.107E-18
 9.709E-19 1.089E-18 1.086E-18 8.383E-19 7.428E-19 8.072E-19 8.578E-19 8.669E-19 9.229E-19 7.803E-19
 6.803E-19 8.020E-19 9.088E-19 9.185E-19 8.554E-19 8.151E-19 8.563E-19 9.621E-19 9.897E-19 9.536E-19
 8.621E-19 8.366E-19 9.066E-19 9.144E-19 9.830E-19 1.223E-18 1.343E-18 1.324E-18 1.324E-18 1.269E-18
 1.134E-18 1.053E-18 1.232E-18 1.288E-18 1.122E-18 1.082E-18 1.100E-18 1.099E-18 1.110E-18 1.040E-18
 1.014E-18 9.941E-19 1.014E-18 1.028E-18 1.047E-18 1.088E-18 9.243E-19 7.541E-19 7.763E-19 8.825E-19
 8.461E-19 8.153E-19 9.757E-19 1.317E-18 1.511E-18 1.280E-18 9.400E-19 8.334E-19 9.928E-19 1.227E-18
 1.343E-18 1.201E-18 1.229E-18 1.373E-18 1.371E-18 1.150E-18 1.052E-18 1.118E-18 9.426E-19 8.778E-19
 1.016E-18 1.122E-18 1.127E-18 1.146E-18 1.165E-18 1.181E-18 1.156E-18 1.206E-18 1.298E-18 1.398E-18
 1.465E-18 1.394E-18 1.192E-18 1.005E-18 9.424E-19 9.700E-19 1.027E-18 1.040E-18 1.104E-18 1.297E-18
 1.355E-18 1.337E-18 1.482E-18 1.777E-18 1.792E-18 1.671E-18 1.470E-18 1.385E-18 1.295E-18 1.334E-18
 1.360E-18 1.258E-18 1.198E-18 1.237E-18 1.210E-18 1.201E-18 1.255E-18 1.358E-18 1.598E-18 1.757E-18
 1.695E-18 1.601E-18 1.403E-18 1.264E-18 1.305E-18 1.299E-18 1.361E-18 1.512E-18 1.405E-18 1.265E-18
 1.212E-18 1.282E-18 1.491E-18 1.503E-18 1.556E-18 1.713E-18 1.795E-18 1.643E-18 1.519E-18 1.470E-18
 1.427E-18 1.408E-18 1.390E-18 1.349E-18 1.362E-18 1.486E-18 1.615E-18 1.554E-18 1.473E-18 1.412E-18
 1.400E-18 1.492E-18 1.602E-18 1.627E-18 1.693E-18 1.682E-18 1.590E-18 1.663E-18 1.806E-18 1.808E-18
 1.835E-18 1.938E-18 2.029E-18 1.866E-18 1.624E-18 1.600E-18 1.771E-18 1.832E-18 1.800E-18 1.634E-18
 1.565E-18 1.595E-18 1.811E-18 1.930E-18 1.858E-18 1.841E-18 1.825E-18 1.820E-18 1.752E-18 1.790E-18
 1.991E-18 1.889E-18 1.766E-18 1.842E-18 1.993E-18 2.059E-18 1.979E-18 1.957E-18 2.150E-18 2.189E-18
 2.026E-18 1.933E-18 1.944E-18 2.157E-18 2.310E-18 2.220E-18 2.286E-18 2.322E-18 2.390E-18 2.646E-18
 2.827E-18 2.731E-18 2.348E-18 2.276E-18 2.319E-18 2.193E-18 2.096E-18 2.204E-18 2.470E-18 2.560E-18
 2.461E-18 2.507E-18 2.486E-18 2.293E-18 2.085E-18 2.186E-18 2.235E-18 2.294E-18 2.336E-18 2.449E-18
 2.533E-18 2.350E-18 2.257E-18 2.347E-18 2.521E-18 2.727E-18 2.716E-18 2.514E-18 2.470E-18 2.480E-18
 2.566E-18 2.670E-18 3.077E-18 3.399E-18 3.050E-18 2.774E-18 2.881E-18 2.868E-18 3.079E-18 3.548E-18
 3.429E-18 3.207E-18 3.112E-18 3.121E-18 3.103E-18 2.840E-18 2.758E-18 2.853E-18 2.904E-18 2.965E-18
 3.179E-18 3.379E-18 3.434E-18 3.344E-18 3.055E-18 2.966E-18 3.203E-18 3.428E-18 3.369E-18 3.010E-18
 2.853E-18 2.954E-18 2.915E-18 3.067E-18 3.513E-18 3.809E-18 3.921E-18 3.985E-18 3.860E-18 3.968E-18
 3.996E-18 3.889E-18 3.772E-18 3.633E-18 3.692E-18 3.442E-18 3.451E-18 3.838E-18 4.138E-18 4.235E-18
 3.938E-18 4.087E-18 4.424E-18 4.290E-18 4.220E-18 4.247E-18 4.106E-18 4.046E-18 4.065E-18 4.394E-18
 4.747E-18 4.494E-18 4.351E-18 4.329E-18 4.322E-18 5.123E-18 5.836E-18 5.875E-18 5.070E-18 4.180E-18
 3.954E-18 4.177E-18 4.250E-18 4.410E-18 4.475E-18 4.350E-18 4.298E-18 4.254E-18 4.539E-18 4.507E-18
 4.633E-18 4.936E-18 4.622E-18 4.388E-18 4.527E-18 5.112E-18 5.431E-18 5.225E-18 5.289E-18 5.670E-18
 6.199E-18 5.833E-18 5.400E-18 5.456E-18 5.491E-18 5.331E-18 5.005E-18 4.681E-18 4.868E-18 5.441E-18
 5.894E-18 5.505E-18 5.730E-18 5.637E-18 5.139E-18 5.391E-18 6.020E-18 6.578E-18 6.470E-18 5.982E-18
 5.862E-18 5.908E-18 6.040E-18 6.105E-18 6.584E-18 7.025E-18 6.673E-18 6.293E-18 6.094E-18 5.810E-18
 5.783E-18 5.840E-18 6.050E-18 6.499E-18 6.090E-18 6.296E-18 7.384E-18 7.465E-18 7.255E-18 7.485E-18
 7.225E-18 7.370E-18 8.283E-18 8.786E-18 7.418E-18 6.591E-18 6.983E-18 6.516E-18 5.907E-18 6.256E-18
 7.078E-18 7.376E-18 7.573E-18 7.786E-18 7.213E-18 7.710E-18 8.251E-18 7.931E-18 8.850E-18 9.083E-18
 7.766E-18 7.827E-18 8.311E-18 8.467E-18 9.522E-18 1.096E-17 1.051E-17 1.021E-17 9.823E-18 9.097E-18
 9.954E-18 1.095E-17 1.032E-17 8.884E-18 7.780E-18 7.677E-18 9.220E-18 8.968E-18 8.904E-18 9.394E-18
 9.984E-18 9.585E-18 8.490E-18 8.900E-18 9.482E-18 9.495E-18 9.223E-18 9.386E-18 1.009E-17 9.821E-18
 8.514E-18 1.022E-17 1.075E-17 8.555E-18 8.720E-18 9.895E-18 1.103E-17 1.195E-17 1.171E-17 9.947E-18
 8.557E-18 8.174E-18 1.006E-17 1.105E-17 1.081E-17 9.862E-18 9.916E-18 9.983E-18 9.303E-18 1.003E-17
 1.201E-17 1.157E-17 9.885E-18 1.019E-17 1.096E-17 9.657E-18 9.922E-18 1.326E-17 1.151E-17 9.362E-18
 9.706E-18 1.064E-17 1.229E-17 1.307E-17 1.200E-17 1.086E-17 9.919E-18 1.132E-17 1.220E-17 1.149E-17
 1.061E-17 1.150E-17 1.186E-17 1.032E-17 1.100E-17 1.275E-17 1.245E-17 1.177E-17 1.296E-17 1.293E-17
 1.104E-17 1.296E-17 1.371E-17 1.172E-17 1.164E-17 1.255E-17 1.388E-17 1.362E-17 1.182E-17 1.192E-17
 1.258E-17 1.388E-17 1.462E-17 1.289E-17 1.085E-17 1.128E-17 1.208E-17 1.173E-17 1.346E-17 1.434E-17
 1.323E-17 1.145E-17 1.111E-17 1.151E-17 1.280E-17 1.568E-17 1.532E-17 1.370E-17 1.190E-17 1.222E-17
 1.466E-17 1.335E-17 1.308E-17 1.439E-17 1.525E-17 1.405E-17 1.248E-17 1.170E-17 1.330E-17 1.591E-17
 1.633E-17 1.631E-17 1.477E-17 1.394E-17 1.283E-17 1.265E-17 1.426E-17 1.624E-17 1.603E-17 1.418E-17
 1.384E-17 1.263E-17 1.565E-17 1.772E-17 1.736E-17 1.900E-17 2.165E-17 2.107E-17 1.875E-17 1.889E-17
 2.039E-17 2.213E-17 2.369E-17 2.506E-17 2.372E-17 2.339E-17 2.168E-17 2.028E-17 2.319E-17 2.734E-17
 2.689E-17 2.389E-17 2.126E-17 1.884E-17 2.072E-17 2.162E-17 2.142E-17 2.220E-17 2.215E-17 1.867E-17
 1.603E-17 1.751E-17 2.155E-17 2.502E-17 2.589E-17 2.148E-17 1.752E-17 1.699E-17 1.836E-17 2.262E-17
 2.633E-17 2.363E-17 1.761E-17 1.327E-17 1.226E-17 1.559E-17 1.753E-17 1.762E-17 1.479E-17 1.109E-17
 9.129E-18 9.279E-18 1.316E-17 1.782E-17 1.723E-17 1.321E-17 1.010E-17 9.248E-18 1.073E-17 1.559E-17
 1.798E-17 1.471E-17 1.167E-17 9.800E-18 9.925E-18 1.440E-17 1.666E-17 1.517E-17 1.245E-17 9.857E-18
 8.962E-18 9.937E-18 1.338E-17 1.625E-17 1.550E-17 1.253E-17 1.135E-17 1.161E-17 1.360E-17 1.801E-17
 1.679E-17 1.218E-17 9.742E-18 8.310E-18 1.034E-17 1.496E-17 1.547E-17 1.252E-17 9.961E-18 8.231E-18
 8.518E-18 1.430E-17 1.783E-17 1.478E-17 1.037E-17 7.785E-18 8.418E-18 1.397E-17 1.753E-17 1.395E-17
 1.038E-17 7.852E-18 8.134E-18 1.345E-17 1.609E-17 1.297E-17 9.057E-18 6.032E-18 6.186E-18 1.119E-17
 1.528E-17 1.357E-17 9.165E-18 5.862E-18 6.963E-18 1.320E-17 1.712E-17 1.272E-17 7.371E-18 5.490E-18
 8.685E-18 1.587E-17 1.683E-17 1.100E-17 6.697E-18 5.932E-18 9.488E-18 1.440E-17 1.269E-17 7.416E-18
 5.755E-18 7.400E-18 1.285E-17 1.591E-17 1.144E-17 7.364E-18 7.865E-18 1.207E-17 1.735E-17 1.670E-17
 1.623E-17 2.155E-17 2.739E-17 3.634E-17 4.387E-17 4.370E-17 4.492E-17 4.548E-17 4.658E-17 4.743E-17
 4.671E-17 4.455E-17 4.411E-17 4.636E-17 4.892E-17 5.144E-17 5.147E-17 5.265E-17 5.723E-17 6.245E-17
 6.490E-17 6.452E-17 6.474E-17 6.591E-17 6.900E-17 7.026E-17 7.123E-17 7.087E-17 7.074E-17 7.459E-17
 8.065E-17 8.210E-17 8.661E-17 9.041E-17 9.372E-17 9.872E-17 1.009E-16 1.015E-16 1.028E-16 9.860E-17
 9.311E-17 8.933E-17 8.560E-17 7.871E-17 6.035E-17 3.315E-17 1.105E-17 3.094E-18 2.250E-18 2.250E-18
 3.510E-18 3.227E-18 2.705E-18 2.263E-18 2.112E-18 2.568E-18 2.791E-18 3.086E-18 3.287E-18 3.213E-18
 3.336E-18 3.424E-18 3.806E-18 4.333E-18 4.734E-18 4.855E-18 3.767E-18 3.562E-18 4.369E-18 6.107E-18
 6.267E-18 4.180E-18 3.358E-18 4.487E-18 6.340E-18 5.633E-18 3.971E-18 3.951E-18 6.453E-18 8.487E-18
 5.430E-18 3.510E-18 5.563E-18 1.001E-17 9.674E-18 5.412E-18 5.195E-18 8.475E-18 1.156E-17 8.050E-18
 4.757E-18 6.480E-18 1.225E-17 1.212E-17 5.489E-18 3.812E-18 8.240E-18 1.411E-17 1.000E-17 4.783E-18
 5.987E-18 1.289E-17 1.363E-17 6.936E-18 5.820E-18 1.183E-17 1.734E-17 1.005E-17 5.169E-18 9.573E-18
 1.944E-17 1.635E-17 6.352E-18 5.622E-18 1.418E-17 1.922E-17 1.043E-17 5.896E-18 1.164E-17 2.099E-17
 1.506E-17 7.250E-18 9.466E-18 2.012E-17 2.059E-17 8.929E-18 6.274E-18 1.515E-17 2.422E-17 1.471E-17
 7.508E-18 1.193E-17 2.523E-17 2.098E-17 7.401E-18 6.370E-18 1.750E-17 2.369E-17 1.075E-17 4.480E-18
 1.007E-17 2.186E-17 1.628E-17 5.660E-18 6.395E-18 1.705E-17 2.151E-17 1.063E-17 5.929E-18 1.118E-17
 2.407E-17 1.903E-17 6.390E-18 5.820E-18 1.660E-17 2.712E-17 1.558E-17 6.412E-18 9.775E-18 2.326E-17
 2.873E-17 1.557E-17 9.024E-18 1.551E-17 2.949E-17 3.307E-17 1.864E-17 1.005E-17 1.174E-17 1.728E-17
 2.240E-17 1.750E-17 1.071E-17 1.086E-17 1.582E-17 2.443E-17 2.782E-17 2.118E-17 1.339E-17 1.191E-17
 1.496E-17 1.987E-17 1.993E-17 1.610E-17 1.291E-17 1.169E-17 1.681E-17 2.082E-17 1.796E-17 1.523E-17
 1.486E-17 1.282E-17 1.295E-17 1.480E-17 1.537E-17 1.692E-17 1.734E-17 1.596E-17 1.833E-17 1.692E-17
 1.429E-17 1.347E-17 1.265E-17 1.338E-17 1.336E-17 1.016E-17 9.766E-18 1.424E-17 1.313E-17 9.613E-18
 1.056E-17 1.264E-17 1.250E-17 1.208E-17 1.370E-17 1.291E-17 1.148E-17 1.276E-17 1.555E-17 1.494E-17
 1.183E-17 1.064E-17 9.869E-18 9.465E-18 9.078E-18 8.589E-18 9.798E-18 9.118E-18 7.123E-18 7.224E-18
 6.793E-18 6.597E-18 9.883E-18 1.375E-17 1.209E-17 9.100E-18 7.995E-18 8.058E-18 7.807E-18 6.816E-18
 4.845E-18 4.316E-18 6.529E-18 9.159E-18 8.577E-18 6.475E-18 5.049E-18 4.386E-18 3.849E-18 4.557E-18
 8.034E-18 9.940E-18 7.848E-18 5.991E-18 6.413E-18 6.159E-18 4.639E-18 4.078E-18 3.660E-18 3.207E-18
 3.356E-18 3.720E-18 3.311E-18 3.632E-18 4.321E-18 3.884E-18 4.353E-18 6.782E-18 7.102E-18 5.681E-18
 6.179E-18 6.280E-18 4.854E-18 5.195E-18 5.727E-18 4.142E-18 2.987E-18 2.609E-18 2.341E-18 2.480E-18
 3.825E-18 4.841E-18 3.915E-18 2.981E-18 2.474E-18 2.560E-18 3.234E-18 3.332E-18 3.265E-18 3.254E-18
 3.960E-18 4.439E-18 3.514E-18 2.022E-18 1.622E-18 1.971E-18 2.567E-18 2.104E-18 1.355E-18 1.212E-18
 1.697E-18 2.921E-18 3.766E-18 2.800E-18 2.115E-18 2.538E-18 3.271E-18 3.473E-18 3.127E-18 2.279E-18
 1.489E-18 1.244E-18 1.923E-18 2.281E-18 1.882E-18 1.548E-18 1.215E-18 1.011E-18 1.051E-18 1.159E-18
 1.229E-18 1.224E-18 1.370E-18 1.769E-18 2.202E-18 2.379E-18 3.107E-18 3.498E-18 2.451E-18 2.065E-18
 3.072E-18 3.272E-18 2.107E-18 1.567E-18 1.821E-18 2.055E-18 1.923E-18 1.573E-18 1.141E-18 1.055E-18
 1.165E-18 1.207E-18 1.073E-18 1.110E-18 1.295E-18 1.331E-18 1.519E-18 1.944E-18 2.238E-18 2.325E-18
 2.323E-18 1.769E-18 1.112E-18 1.079E-18 1.221E-18 1.300E-18 1.192E-18 1.073E-18 9.741E-19 1.104E-18
 1.477E-18 1.637E-18 1.441E-18 1.266E-18 1.069E-18 9.302E-19 8.352E-19 7.141E-19 5.429E-19 5.826E-19
 1.237E-18 2.143E-18 1.853E-18 1.100E-18 1.015E-18 1.099E-18 1.043E-18 9.344E-19 7.991E-19 7.997E-19
 9.709E-19 1.200E-18 1.224E-18 1.105E-18 9.524E-19 8.261E-19 9.403E-19 1.187E-18 1.244E-18 1.094E-18
 1.061E-18 1.156E-18 1.344E-18 1.750E-18 2.121E-18 2.065E-18 1.655E-18 1.031E-18 8.337E-19 1.049E-18
 1.512E-18 1.616E-18 1.155E-18 8.810E-19 8.684E-19 8.745E-19 8.171E-19 7.988E-19 9.475E-19 1.261E-18
 1.362E-18 1.037E-18 7.204E-19 6.604E-19 8.301E-19 8.908E-19 7.934E-19 8.712E-19 1.002E-18 9.596E-19
 9.954E-19 1.213E-18 1.269E-18 1.121E-18 9.260E-19 8.609E-19 8.575E-19 9.336E-19 1.043E-18 9.055E-19
 7.807E-19 7.873E-19 8.451E-19 8.927E-19 9.204E-19 9.348E-19 9.671E-19 1.003E-18 1.044E-18 9.865E-19
 9.422E-19 1.076E-18 1.215E-18 1.273E-18 1.008E-18 7.957E-19 7.519E-19 8.541E-19 9.257E-19 8.357E-19
 9.245E-19 1.099E-18 1.073E-18 9.706E-19 9.295E-19 9.783E-19 9.892E-19 9.117E-19 7.940E-19 7.668E-19
 9.098E-19 8.833E-19 7.190E-19 7.319E-19 5.972E-19 5.569E-19 6.876E-19 7.888E-19 9.242E-19 1.175E-18
 1.166E-18 8.573E-19 7.858E-19 8.756E-19 8.969E-19 9.824E-19 1.064E-18 9.217E-19 8.204E-19 8.459E-19
 8.477E-19 7.273E-19 7.375E-19 8.780E-19 1.013E-18 1.091E-18 1.035E-18 8.592E-19 7.692E-19 0.000E+00
