       CF4 1255.0070 1289.9870      2359  233.0000    0.0000 9.243E-17  NCAR    CFC-14
 2.689E-19 2.822E-19 4.989E-19 5.154E-19 4.346E-19 3.445E-19 2.802E-19 3.197E-19 3.632E-19 3.508E-19
 2.960E-19 2.267E-19 2.449E-19 3.062E-19 2.368E-19 1.980E-19 1.929E-19 1.711E-19 1.978E-19 2.645E-19
 2.310E-19 2.371E-19 2.685E-19 2.796E-19 3.704E-19 4.059E-19 3.201E-19 2.413E-19 2.610E-19 3.004E-19
 3.167E-19 3.186E-19 3.455E-19 3.738E-19 4.057E-19 5.096E-19 4.792E-19 3.665E-19 3.241E-19 2.976E-19
 3.775E-19 4.908E-19 4.899E-19 4.031E-19 3.960E-19 4.172E-19 4.247E-19 3.949E-19 3.517E-19 4.390E-19
 5.281E-19 5.057E-19 4.240E-19 3.711E-19 2.787E-19 1.961E-19 2.284E-19 3.125E-19 3.985E-19 3.495E-19
 3.173E-19 3.434E-19 3.796E-19 3.261E-19 3.261E-19 2.510E-19 3.455E-19 4.225E-19 5.542E-19 6.523E-19
 6.581E-19 5.100E-19 3.424E-19 2.953E-19 2.707E-19 3.157E-19 3.590E-19 3.322E-19 2.641E-19 3.042E-19
 4.769E-19 5.437E-19 5.721E-19 5.762E-19 4.033E-19 4.080E-19 4.454E-19 4.065E-19 4.150E-19 4.312E-19
 4.950E-19 5.073E-19 4.465E-19 4.276E-19 4.120E-19 3.610E-19 2.913E-19 3.216E-19 4.328E-19 4.701E-19
 4.521E-19 3.944E-19 4.031E-19 4.423E-19 4.452E-19 4.587E-19 4.728E-19 4.271E-19 3.678E-19 3.537E-19
 3.561E-19 4.027E-19 4.769E-19 5.293E-19 5.723E-19 6.852E-19 5.841E-19 4.978E-19 5.175E-19 4.424E-19
 3.843E-19 3.455E-19 3.278E-19 5.483E-19 7.863E-19 7.722E-19 6.313E-19 4.794E-19 4.160E-19 4.130E-19
 4.311E-19 4.574E-19 5.728E-19 6.649E-19 6.705E-19 6.697E-19 6.816E-19 6.096E-19 4.451E-19 3.472E-19
 3.591E-19 4.753E-19 5.310E-19 5.740E-19 5.871E-19 5.333E-19 4.707E-19 3.993E-19 3.519E-19 3.657E-19
 4.445E-19 4.800E-19 4.378E-19 4.423E-19 5.739E-19 6.450E-19 6.270E-19 6.037E-19 6.506E-19 6.698E-19
 5.901E-19 5.732E-19 4.577E-19 3.824E-19 5.297E-19 6.272E-19 5.943E-19 5.863E-19 5.483E-19 3.520E-19
 2.073E-19 2.848E-19 4.045E-19 5.228E-19 6.287E-19 4.938E-19 4.825E-19 7.055E-19 8.379E-19 7.409E-19
 5.576E-19 4.463E-19 4.570E-19 5.456E-19 4.792E-19 2.735E-19 2.816E-19 4.753E-19 6.136E-19 5.616E-19
 4.172E-19 3.848E-19 4.078E-19 5.037E-19 6.821E-19 8.774E-19 9.261E-19 7.261E-19 5.857E-19 6.182E-19
 6.218E-19 5.408E-19 4.789E-19 5.377E-19 5.415E-19 3.698E-19 2.806E-19 2.814E-19 3.413E-19 5.201E-19
 6.653E-19 6.592E-19 5.604E-19 4.177E-19 3.876E-19 4.225E-19 5.240E-19 5.735E-19 5.715E-19 5.552E-19
 4.667E-19 4.447E-19 4.486E-19 4.044E-19 3.761E-19 4.756E-19 4.975E-19 5.676E-19 7.144E-19 7.703E-19
 6.765E-19 5.748E-19 5.854E-19 5.410E-19 4.603E-19 5.538E-19 5.748E-19 4.528E-19 3.842E-19 4.336E-19
 4.830E-19 5.230E-19 4.920E-19 4.257E-19 3.724E-19 3.714E-19 3.638E-19 3.188E-19 4.401E-19 5.294E-19
 4.341E-19 3.410E-19 3.075E-19 3.427E-19 5.189E-19 5.879E-19 4.620E-19 4.154E-19 3.967E-19 2.841E-19
 2.083E-19 3.268E-19 4.432E-19 4.930E-19 4.514E-19 5.186E-19 6.136E-19 4.988E-19 2.932E-19 3.106E-19
 5.015E-19 5.706E-19 5.259E-19 4.656E-19 4.887E-19 4.316E-19 4.010E-19 3.525E-19 3.118E-19 3.916E-19
 4.268E-19 3.599E-19 2.963E-19 2.796E-19 4.216E-19 5.124E-19 4.786E-19 3.642E-19 2.345E-19 1.759E-19
 1.578E-19 1.964E-19 3.122E-19 3.309E-19 2.242E-19 4.048E-20 0.000E+00 1.439E-19 3.828E-19 5.101E-19
 4.866E-19 3.650E-19 1.944E-19 8.066E-20 7.958E-20 1.262E-19 2.176E-19 2.176E-19 2.844E-19 2.424E-19
 2.424E-19 1.769E-19 1.323E-19 1.868E-19 3.747E-19 3.119E-19 1.151E-19 7.526E-20 1.448E-19 2.033E-19
 2.633E-19 3.567E-19 2.909E-19 1.757E-19 1.407E-19 1.157E-19 1.485E-19 1.485E-19 3.131E-19 2.591E-19
 1.634E-19 1.016E-19 2.677E-20 0.000E+00 0.000E+00 8.387E-20 1.828E-19 1.300E-19 4.404E-21 2.226E-20
 4.180E-20 4.058E-20 8.555E-20 1.356E-19 8.880E-21 0.000E+00 0.000E+00 6.513E-20 7.320E-20 0.000E+00
 0.000E+00 0.000E+00 0.000E+00 0.000E+00 0.000E+00 0.000E+00 0.000E+00 0.000E+00 0.000E+00 0.000E+00
 0.000E+00 0.000E+00 0.000E+00 0.000E+00 0.000E+00 0.000E+00 0.000E+00 0.000E+00 0.000E+00 0.000E+00
 0.000E+00 0.000E+00 0.000E+00 0.000E+00 0.000E+00 0.000E+00 1.126E-19 1.779E-19 1.638E-19 1.608E-19
 1.383E-19 1.323E-19 1.722E-19 2.207E-19 2.944E-19 2.925E-19 2.836E-19 3.116E-19 2.805E-19 2.686E-19
 3.281E-19 4.096E-19 4.040E-19 4.256E-19 5.123E-19 5.093E-19 5.760E-19 6.271E-19 6.697E-19 7.177E-19
 7.635E-19 8.488E-19 9.469E-19 1.065E-18 1.192E-18 1.344E-18 1.445E-18 1.504E-18 1.525E-18 1.513E-18
 1.318E-18 1.111E-18 1.009E-18 1.014E-18 9.647E-19 7.521E-19 6.372E-19 6.199E-19 6.370E-19 6.859E-19
 6.725E-19 6.993E-19 6.671E-19 5.062E-19 3.951E-19 3.374E-19 3.400E-19 3.410E-19 3.290E-19 3.474E-19
 2.881E-19 2.556E-19 2.745E-19 3.088E-19 3.824E-19 3.454E-19 2.095E-19 8.061E-20 1.326E-19 2.543E-19
 3.176E-19 2.875E-19 2.367E-19 2.412E-19 1.906E-19 2.338E-19 3.315E-19 2.982E-19 2.119E-19 1.919E-19
 2.230E-19 2.574E-19 3.383E-19 3.321E-19 2.309E-19 1.417E-19 1.417E-19 2.689E-19 3.129E-19 4.095E-19
 4.797E-19 4.324E-19 2.995E-19 1.580E-19 2.682E-20 8.423E-20 1.434E-19 2.713E-19 3.742E-19 3.656E-19
 4.081E-19 3.170E-19 2.730E-19 2.596E-19 1.795E-19 2.107E-19 2.461E-19 2.348E-19 2.937E-19 3.017E-19
 2.540E-19 2.532E-19 2.868E-19 2.905E-19 3.005E-19 2.935E-19 2.920E-19 3.008E-19 2.632E-19 3.135E-19
 4.117E-19 4.026E-19 3.122E-19 3.009E-19 3.194E-19 3.085E-19 3.478E-19 4.079E-19 4.750E-19 3.979E-19
 1.895E-19 1.264E-19 2.136E-19 3.290E-19 4.517E-19 5.927E-19 7.472E-19 6.114E-19 3.806E-19 2.756E-19
 2.092E-19 2.095E-19 2.691E-19 4.278E-19 5.367E-19 5.190E-19 5.078E-19 3.452E-19 1.418E-19 1.738E-19
 2.603E-19 3.147E-19 3.082E-19 3.470E-19 4.666E-19 4.765E-19 3.870E-19 3.559E-19 4.310E-19 5.894E-19
 4.819E-19 4.148E-19 5.393E-19 5.508E-19 4.575E-19 3.956E-19 4.842E-19 6.713E-19 5.588E-19 4.228E-19
 5.946E-19 7.397E-19 6.728E-19 5.189E-19 5.161E-19 6.225E-19 4.682E-19 3.915E-19 5.981E-19 7.754E-19
 7.737E-19 5.133E-19 5.219E-19 7.621E-19 6.495E-19 5.319E-19 4.541E-19 4.088E-19 5.402E-19 5.759E-19
 5.655E-19 6.376E-19 7.338E-19 7.731E-19 6.936E-19 6.756E-19 7.026E-19 7.178E-19 6.572E-19 5.359E-19
 6.700E-19 8.181E-19 7.161E-19 6.008E-19 6.008E-19 6.843E-19 8.251E-19 6.431E-19 5.915E-19 6.281E-19
 5.927E-19 6.296E-19 6.690E-19 7.514E-19 7.472E-19 5.863E-19 7.405E-19 9.172E-19 7.322E-19 5.196E-19
 4.601E-19 5.761E-19 7.287E-19 6.080E-19 5.867E-19 6.954E-19 7.283E-19 8.052E-19 8.498E-19 9.376E-19
 1.084E-18 8.649E-19 6.539E-19 6.494E-19 6.440E-19 5.543E-19 6.264E-19 7.675E-19 7.870E-19 8.219E-19
 7.947E-19 6.871E-19 5.600E-19 5.659E-19 6.668E-19 8.411E-19 9.863E-19 9.762E-19 8.440E-19 8.099E-19
 8.497E-19 8.059E-19 7.410E-19 8.267E-19 9.624E-19 9.765E-19 8.249E-19 7.023E-19 7.283E-19 7.299E-19
 7.012E-19 8.346E-19 9.203E-19 1.024E-18 1.065E-18 9.188E-19 7.836E-19 7.991E-19 6.594E-19 5.647E-19
 6.569E-19 7.930E-19 9.736E-19 9.486E-19 9.122E-19 9.133E-19 7.976E-19 6.880E-19 8.011E-19 8.974E-19
 9.400E-19 8.808E-19 7.864E-19 7.753E-19 7.367E-19 7.424E-19 8.038E-19 9.024E-19 9.946E-19 1.078E-18
 1.021E-18 8.144E-19 6.917E-19 6.220E-19 6.756E-19 8.092E-19 7.040E-19 7.243E-19 8.940E-19 8.233E-19
 6.920E-19 6.576E-19 7.326E-19 9.114E-19 1.007E-18 9.830E-19 8.732E-19 8.071E-19 7.892E-19 6.187E-19
 5.222E-19 7.399E-19 1.089E-18 1.137E-18 8.640E-19 7.130E-19 8.610E-19 9.252E-19 7.683E-19 6.702E-19
 8.888E-19 1.059E-18 1.026E-18 8.523E-19 6.738E-19 6.841E-19 8.118E-19 9.362E-19 9.831E-19 1.052E-18
 1.035E-18 1.031E-18 8.384E-19 6.330E-19 6.773E-19 8.708E-19 8.448E-19 7.702E-19 7.931E-19 8.523E-19
 9.406E-19 9.376E-19 8.089E-19 6.301E-19 6.895E-19 7.855E-19 8.165E-19 8.985E-19 9.599E-19 1.025E-18
 1.029E-18 7.751E-19 6.085E-19 7.399E-19 1.038E-18 1.236E-18 1.272E-18 1.092E-18 8.859E-19 7.667E-19
 6.575E-19 6.159E-19 7.415E-19 1.071E-18 1.215E-18 1.060E-18 9.471E-19 9.870E-19 9.029E-19 6.787E-19
 5.420E-19 6.110E-19 8.722E-19 8.933E-19 5.838E-19 4.688E-19 5.343E-19 5.615E-19 5.462E-19 6.103E-19
 9.548E-19 1.201E-18 1.101E-18 9.056E-19 7.787E-19 9.350E-19 1.088E-18 8.964E-19 7.613E-19 9.300E-19
 1.014E-18 8.683E-19 6.722E-19 5.426E-19 5.042E-19 5.652E-19 6.401E-19 6.579E-19 8.474E-19 9.839E-19
 9.180E-19 8.710E-19 8.720E-19 9.234E-19 8.659E-19 6.666E-19 5.998E-19 6.603E-19 6.628E-19 7.394E-19
 8.717E-19 7.582E-19 5.137E-19 4.027E-19 4.612E-19 7.781E-19 1.123E-18 1.059E-18 7.578E-19 4.999E-19
 4.460E-19 6.130E-19 7.869E-19 8.590E-19 8.333E-19 9.258E-19 9.047E-19 6.659E-19 5.033E-19 4.778E-19
 6.085E-19 7.597E-19 8.007E-19 8.430E-19 8.937E-19 7.156E-19 4.764E-19 4.809E-19 5.770E-19 7.212E-19
 9.726E-19 1.088E-18 8.845E-19 7.686E-19 6.784E-19 6.296E-19 6.498E-19 6.142E-19 4.900E-19 3.636E-19
 3.731E-19 5.234E-19 6.323E-19 5.087E-19 4.120E-19 4.675E-19 5.403E-19 4.120E-19 5.012E-19 6.864E-19
 8.830E-19 8.475E-19 5.958E-19 3.896E-19 2.211E-19 2.046E-19 2.211E-19 3.152E-19 4.327E-19 6.095E-19
 7.790E-19 7.560E-19 5.169E-19 4.160E-19 5.257E-19 8.173E-19 1.019E-18 1.027E-18 8.899E-19 5.772E-19
 5.772E-19 2.329E-19 2.381E-19 2.718E-19 2.890E-19 3.116E-19 4.297E-19 5.078E-19 4.806E-19 4.452E-19
 5.041E-19 4.926E-19 4.995E-19 4.271E-19 3.568E-19 4.815E-19 6.017E-19 5.550E-19 4.129E-19 3.573E-19
 4.670E-19 5.293E-19 3.758E-19 3.867E-19 6.253E-19 7.410E-19 7.628E-19 7.815E-19 5.537E-19 2.961E-19
 2.489E-19 3.975E-19 5.598E-19 6.363E-19 5.865E-19 6.137E-19 6.150E-19 4.245E-19 4.245E-19 4.372E-19
 4.418E-19 3.986E-19 4.799E-19 3.594E-19 1.571E-19 8.581E-20 1.145E-19 8.155E-20 2.783E-20 9.512E-20
 3.645E-19 5.667E-19 4.460E-19 3.538E-19 4.053E-19 5.204E-19 5.136E-19 4.608E-19 2.772E-19 2.436E-19
 2.524E-19 2.666E-19 2.666E-19 2.879E-19 3.937E-19 5.237E-19 6.449E-19 6.349E-19 7.330E-19 7.684E-19
 6.821E-19 6.865E-19 7.022E-19 4.888E-19 3.226E-19 2.789E-19 2.811E-19 1.582E-19 9.874E-20 2.063E-19
 4.956E-19 6.804E-19 5.293E-19 4.673E-19 6.482E-19 7.978E-19 8.749E-19 7.903E-19 5.539E-19 4.689E-19
 4.340E-19 4.230E-19 4.422E-19 3.680E-19 2.648E-19 3.532E-19 4.210E-19 3.209E-19 3.178E-19 5.483E-19
 7.718E-19 7.614E-19 6.321E-19 4.809E-19 5.277E-19 6.129E-19 5.697E-19 5.123E-19 4.299E-19 4.898E-19
 7.151E-19 7.284E-19 5.419E-19 5.280E-19 6.890E-19 7.653E-19 7.788E-19 6.519E-19 4.101E-19 3.956E-19
 4.714E-19 5.316E-19 5.514E-19 5.147E-19 5.158E-19 6.258E-19 6.495E-19 4.877E-19 4.815E-19 5.934E-19
 6.281E-19 5.375E-19 3.517E-19 2.298E-19 2.595E-19 3.617E-19 3.995E-19 3.720E-19 4.910E-19 8.181E-19
 1.055E-18 9.837E-19 8.312E-19 8.066E-19 8.847E-19 9.358E-19 8.805E-19 6.236E-19 4.308E-19 3.234E-19
 2.480E-19 2.593E-19 2.271E-19 2.123E-19 2.852E-19 3.443E-19 3.807E-19 4.621E-19 6.149E-19 5.903E-19
 3.093E-19 1.454E-19 7.977E-20 1.067E-19 2.043E-19 2.915E-19 3.946E-19 3.843E-19 3.939E-19 5.341E-19
 6.551E-19 6.703E-19 8.401E-19 1.067E-18 1.240E-18 1.244E-18 9.205E-19 5.971E-19 4.084E-19 3.648E-19
 3.651E-19 4.102E-19 3.928E-19 4.125E-19 6.724E-19 8.040E-19 7.061E-19 6.883E-19 6.713E-19 6.969E-19
 7.571E-19 6.592E-19 5.824E-19 5.879E-19 5.500E-19 5.656E-19 4.752E-19 3.589E-19 4.005E-19 5.778E-19
 6.465E-19 8.955E-19 1.106E-18 9.284E-19 8.491E-19 7.657E-19 5.052E-19 3.681E-19 2.866E-19 3.313E-19
 5.387E-19 6.206E-19 6.601E-19 6.911E-19 6.469E-19 6.730E-19 7.369E-19 7.947E-19 8.140E-19 7.878E-19
 6.309E-19 5.504E-19 6.236E-19 4.980E-19 3.140E-19 3.552E-19 5.215E-19 7.614E-19 9.130E-19 7.663E-19
 7.294E-19 8.440E-19 7.836E-19 7.146E-19 6.442E-19 4.454E-19 3.555E-19 3.667E-19 3.690E-19 3.240E-19
 3.007E-19 3.107E-19 3.901E-19 3.591E-19 3.754E-19 5.915E-19 6.326E-19 5.052E-19 5.121E-19 4.633E-19
 3.101E-19 2.068E-19 2.490E-19 3.380E-19 4.327E-19 5.497E-19 6.193E-19 5.980E-19 5.675E-19 5.750E-19
 7.172E-19 8.373E-19 9.000E-19 7.477E-19 4.167E-19 2.712E-19 3.306E-19 3.681E-19 3.957E-19 3.764E-19
 2.662E-19 2.843E-19 4.113E-19 5.160E-19 4.360E-19 3.578E-19 3.730E-19 3.283E-19 3.283E-19 0.000E+00
 0.000E+00 0.000E+00 0.000E+00 0.000E+00 0.000E+00 9.209E-20 1.926E-19 3.134E-19 5.549E-19 6.865E-19
 7.457E-19 8.440E-19 8.347E-19 6.085E-19 4.871E-19 5.262E-19 5.895E-19 6.002E-19 5.903E-19 6.005E-19
 5.444E-19 5.623E-19 6.761E-19 6.404E-19 6.207E-19 7.459E-19 7.660E-19 7.006E-19 5.222E-19 4.784E-19
 5.779E-19 5.494E-19 6.884E-19 9.194E-19 7.841E-19 5.451E-19 5.461E-19 6.509E-19 6.852E-19 7.187E-19
 7.437E-19 6.918E-19 5.416E-19 5.313E-19 5.815E-19 5.536E-19 5.686E-19 6.493E-19 7.657E-19 8.446E-19
 8.674E-19 9.032E-19 9.478E-19 8.605E-19 7.254E-19 6.846E-19 7.020E-19 8.052E-19 8.456E-19 8.342E-19
 8.942E-19 9.406E-19 9.020E-19 8.185E-19 8.309E-19 1.003E-18 1.113E-18 1.014E-18 9.549E-19 9.988E-19
 9.342E-19 9.021E-19 8.009E-19 6.378E-19 5.565E-19 5.691E-19 4.641E-19 4.466E-19 5.820E-19 7.420E-19
 9.396E-19 1.043E-18 1.095E-18 1.057E-18 9.504E-19 8.893E-19 9.398E-19 9.185E-19 9.341E-19 8.488E-19
 7.678E-19 8.641E-19 1.065E-18 1.119E-18 1.002E-18 9.095E-19 9.924E-19 1.278E-18 1.365E-18 1.009E-18
 8.363E-19 1.020E-18 1.040E-18 7.592E-19 6.846E-19 7.444E-19 7.835E-19 8.318E-19 8.165E-19 7.189E-19
 7.283E-19 8.970E-19 9.963E-19 9.669E-19 8.412E-19 7.881E-19 8.950E-19 9.664E-19 9.417E-19 8.715E-19
 7.540E-19 7.979E-19 8.899E-19 9.126E-19 1.026E-18 1.282E-18 1.413E-18 1.354E-18 1.270E-18 1.208E-18
 1.146E-18 1.122E-18 1.141E-18 1.076E-18 1.010E-18 1.043E-18 1.033E-18 1.032E-18 1.109E-18 1.134E-18
 9.999E-19 9.442E-19 9.873E-19 9.690E-19 1.064E-18 1.141E-18 9.875E-19 8.576E-19 9.758E-19 9.967E-19
 9.230E-19 1.002E-18 1.089E-18 1.320E-18 1.522E-18 1.341E-18 9.923E-19 8.355E-19 1.008E-18 1.333E-18
 1.476E-18 1.276E-18 1.249E-18 1.337E-18 1.374E-18 1.236E-18 1.132E-18 1.212E-18 1.120E-18 9.700E-19
 9.845E-19 1.053E-18 1.107E-18 1.085E-18 1.079E-18 1.206E-18 1.226E-18 1.187E-18 1.203E-18 1.437E-18
 1.694E-18 1.704E-18 1.384E-18 1.126E-18 1.118E-18 1.023E-18 9.803E-19 1.098E-18 1.269E-18 1.424E-18
 1.369E-18 1.389E-18 1.689E-18 1.898E-18 1.880E-18 1.826E-18 1.643E-18 1.535E-18 1.470E-18 1.415E-18
 1.268E-18 1.182E-18 1.244E-18 1.417E-18 1.411E-18 1.262E-18 1.403E-18 1.564E-18 1.738E-18 1.873E-18
 1.773E-18 1.659E-18 1.524E-18 1.436E-18 1.362E-18 1.376E-18 1.595E-18 1.850E-18 1.737E-18 1.581E-18
 1.554E-18 1.580E-18 1.661E-18 1.751E-18 1.770E-18 1.823E-18 1.865E-18 1.787E-18 1.783E-18 1.803E-18
 1.727E-18 1.643E-18 1.650E-18 1.607E-18 1.597E-18 1.782E-18 1.984E-18 1.899E-18 1.702E-18 1.587E-18
 1.703E-18 1.856E-18 1.945E-18 1.906E-18 1.838E-18 1.823E-18 1.757E-18 1.811E-18 2.007E-18 2.054E-18
 2.190E-18 2.399E-18 2.455E-18 2.247E-18 1.955E-18 1.932E-18 2.061E-18 1.997E-18 1.874E-18 1.713E-18
 1.731E-18 1.995E-18 2.338E-18 2.320E-18 2.100E-18 2.073E-18 2.151E-18 2.188E-18 2.094E-18 2.166E-18
 2.339E-18 2.209E-18 2.025E-18 2.060E-18 2.251E-18 2.309E-18 2.166E-18 2.230E-18 2.484E-18 2.473E-18
 2.274E-18 2.222E-18 2.290E-18 2.546E-18 2.722E-18 2.534E-18 2.565E-18 2.709E-18 2.834E-18 2.959E-18
 3.140E-18 3.059E-18 2.697E-18 2.641E-18 2.680E-18 2.656E-18 2.586E-18 2.742E-18 2.914E-18 2.910E-18
 2.863E-18 2.929E-18 2.986E-18 2.771E-18 2.596E-18 2.652E-18 2.611E-18 2.631E-18 2.776E-18 2.937E-18
 3.069E-18 2.871E-18 2.719E-18 2.876E-18 3.010E-18 3.170E-18 3.088E-18 2.821E-18 2.766E-18 2.982E-18
 3.121E-18 3.067E-18 3.486E-18 3.898E-18 3.630E-18 3.380E-18 3.490E-18 3.494E-18 3.659E-18 4.007E-18
 3.888E-18 3.759E-18 3.770E-18 3.900E-18 3.824E-18 3.337E-18 3.193E-18 3.399E-18 3.519E-18 3.417E-18
 3.619E-18 3.942E-18 4.116E-18 4.084E-18 3.801E-18 3.642E-18 3.830E-18 4.089E-18 3.998E-18 3.610E-18
 3.492E-18 3.648E-18 3.654E-18 3.760E-18 4.087E-18 4.357E-18 4.454E-18 4.488E-18 4.505E-18 4.801E-18
 4.754E-18 4.480E-18 4.442E-18 4.332E-18 4.385E-18 4.268E-18 4.341E-18 4.756E-18 4.940E-18 4.903E-18
 4.586E-18 4.838E-18 5.381E-18 5.354E-18 5.171E-18 5.019E-18 4.863E-18 4.843E-18 4.836E-18 5.149E-18
 5.597E-18 5.251E-18 4.870E-18 4.849E-18 4.930E-18 5.746E-18 6.539E-18 6.657E-18 5.725E-18 4.804E-18
 4.518E-18 4.748E-18 4.882E-18 5.051E-18 4.997E-18 4.834E-18 4.913E-18 4.979E-18 5.228E-18 5.107E-18
 5.242E-18 5.716E-18 5.387E-18 4.956E-18 5.170E-18 5.913E-18 6.029E-18 5.725E-18 5.953E-18 6.578E-18
 7.192E-18 6.732E-18 6.241E-18 6.174E-18 6.272E-18 6.097E-18 5.722E-18 5.455E-18 5.604E-18 6.146E-18
 6.627E-18 6.328E-18 6.526E-18 6.358E-18 5.931E-18 6.242E-18 6.782E-18 7.421E-18 7.509E-18 7.024E-18
 6.796E-18 6.760E-18 6.823E-18 6.825E-18 7.363E-18 7.793E-18 7.421E-18 6.817E-18 6.474E-18 6.188E-18
 6.235E-18 6.486E-18 6.760E-18 7.187E-18 6.736E-18 7.072E-18 8.205E-18 8.364E-18 8.126E-18 8.267E-18
 8.098E-18 8.419E-18 9.320E-18 9.625E-18 8.226E-18 7.416E-18 7.672E-18 7.201E-18 6.588E-18 6.848E-18
 7.683E-18 8.117E-18 8.571E-18 8.729E-18 8.129E-18 8.585E-18 9.051E-18 8.859E-18 9.828E-18 9.901E-18
 8.519E-18 8.566E-18 9.112E-18 9.478E-18 1.066E-17 1.212E-17 1.173E-17 1.129E-17 1.080E-17 1.018E-17
 1.097E-17 1.192E-17 1.126E-17 9.763E-18 8.621E-18 8.487E-18 1.003E-17 9.685E-18 9.513E-18 9.917E-18
 1.049E-17 9.906E-18 8.861E-18 9.440E-18 1.024E-17 1.023E-17 9.889E-18 1.006E-17 1.063E-17 1.036E-17
 9.154E-18 1.082E-17 1.130E-17 9.123E-18 9.122E-18 1.031E-17 1.146E-17 1.235E-17 1.195E-17 1.006E-17
 8.908E-18 8.717E-18 1.054E-17 1.144E-17 1.105E-17 1.003E-17 9.901E-18 9.921E-18 9.458E-18 1.025E-17
 1.213E-17 1.185E-17 1.022E-17 1.040E-17 1.108E-17 9.824E-18 1.037E-17 1.360E-17 1.174E-17 9.699E-18
 9.908E-18 1.093E-17 1.287E-17 1.357E-17 1.232E-17 1.102E-17 1.021E-17 1.166E-17 1.247E-17 1.181E-17
 1.088E-17 1.167E-17 1.202E-17 1.076E-17 1.162E-17 1.314E-17 1.274E-17 1.202E-17 1.302E-17 1.300E-17
 1.144E-17 1.337E-17 1.389E-17 1.188E-17 1.176E-17 1.270E-17 1.407E-17 1.376E-17 1.219E-17 1.220E-17
 1.293E-17 1.416E-17 1.449E-17 1.278E-17 1.088E-17 1.146E-17 1.233E-17 1.201E-17 1.331E-17 1.410E-17
 1.319E-17 1.147E-17 1.119E-17 1.181E-17 1.320E-17 1.562E-17 1.504E-17 1.341E-17 1.186E-17 1.251E-17
 1.475E-17 1.349E-17 1.316E-17 1.426E-17 1.495E-17 1.380E-17 1.247E-17 1.184E-17 1.363E-17 1.615E-17
 1.637E-17 1.609E-17 1.463E-17 1.397E-17 1.308E-17 1.315E-17 1.471E-17 1.650E-17 1.594E-17 1.402E-17
 1.367E-17 1.310E-17 1.663E-17 1.854E-17 1.819E-17 1.985E-17 2.233E-17 2.191E-17 1.997E-17 2.025E-17
 2.200E-17 2.373E-17 2.498E-17 2.612E-17 2.539E-17 2.547E-17 2.373E-17 2.234E-17 2.478E-17 2.815E-17
 2.730E-17 2.445E-17 2.208E-17 1.999E-17 2.152E-17 2.189E-17 2.145E-17 2.213E-17 2.205E-17 1.895E-17
 1.684E-17 1.851E-17 2.226E-17 2.515E-17 2.556E-17 2.150E-17 1.805E-17 1.771E-17 1.932E-17 2.322E-17
 2.594E-17 2.279E-17 1.682E-17 1.279E-17 1.214E-17 1.509E-17 1.631E-17 1.580E-17 1.324E-17 1.008E-17
 8.431E-18 8.871E-18 1.240E-17 1.622E-17 1.550E-17 1.219E-17 9.603E-18 8.883E-18 1.039E-17 1.462E-17
 1.631E-17 1.343E-17 1.082E-17 9.157E-18 9.745E-18 1.395E-17 1.548E-17 1.384E-17 1.150E-17 9.280E-18
 8.506E-18 9.590E-18 1.261E-17 1.482E-17 1.426E-17 1.175E-17 1.093E-17 1.142E-17 1.318E-17 1.661E-17
 1.534E-17 1.127E-17 8.912E-18 7.926E-18 1.021E-17 1.405E-17 1.420E-17 1.158E-17 9.319E-18 8.045E-18
 8.700E-18 1.380E-17 1.656E-17 1.365E-17 9.478E-18 7.498E-18 8.646E-18 1.342E-17 1.600E-17 1.293E-17
 9.837E-18 7.865E-18 8.492E-18 1.283E-17 1.460E-17 1.177E-17 8.340E-18 5.972E-18 6.417E-18 1.087E-17
 1.428E-17 1.279E-17 8.950E-18 6.161E-18 7.447E-18 1.288E-17 1.607E-17 1.204E-17 7.221E-18 5.841E-18
 9.147E-18 1.548E-17 1.605E-17 1.078E-17 6.859E-18 6.536E-18 1.004E-17 1.417E-17 1.233E-17 7.667E-18
 6.435E-18 8.347E-18 1.336E-17 1.567E-17 1.166E-17 8.398E-18 9.494E-18 1.359E-17 1.792E-17 1.752E-17
 1.833E-17 2.436E-17 3.046E-17 3.956E-17 4.594E-17 5.537E-17 4.830E-17 4.949E-17 5.019E-17 5.008E-17
 4.859E-17 4.635E-17 4.610E-17 4.847E-17 5.041E-17 5.226E-17 5.223E-17 5.322E-17 5.800E-17 6.327E-17
 6.470E-17 6.325E-17 6.295E-17 6.331E-17 6.576E-17 6.790E-17 6.900E-17 6.869E-17 6.871E-17 7.131E-17
 7.576E-17 7.680E-17 7.997E-17 8.291E-17 8.583E-17 8.938E-17 9.107E-17 9.148E-17 9.243E-17 8.911E-17
 8.310E-17 7.839E-17 7.357E-17 6.530E-17 4.784E-17 2.461E-17 6.556E-18 6.006E-19 4.340E-19 1.651E-18
 1.946E-18 1.437E-18 9.741E-19 9.008E-19 1.168E-18 1.699E-18 1.905E-18 2.149E-18 2.261E-18 2.265E-18
 2.470E-18 2.720E-18 3.228E-18 3.710E-18 4.051E-18 4.088E-18 3.195E-18 3.151E-18 3.963E-18 5.532E-18
 5.426E-18 3.580E-18 3.100E-18 4.298E-18 5.849E-18 5.040E-18 3.523E-18 3.548E-18 5.876E-18 7.384E-18
 4.711E-18 3.320E-18 5.462E-18 9.202E-18 8.666E-18 5.342E-18 5.475E-18 8.385E-18 1.051E-17 7.051E-18
 4.361E-18 6.341E-18 1.140E-17 1.075E-17 4.829E-18 3.707E-18 7.939E-18 1.271E-17 8.864E-18 4.512E-18
 5.974E-18 1.194E-17 1.216E-17 6.410E-18 5.883E-18 1.151E-17 1.583E-17 9.203E-18 5.259E-18 9.736E-18
 1.832E-17 1.484E-17 5.861E-18 5.677E-18 1.334E-17 1.715E-17 9.362E-18 5.797E-18 1.151E-17 1.948E-17
 1.367E-17 6.833E-18 9.262E-18 1.871E-17 1.848E-17 8.027E-18 6.198E-18 1.476E-17 2.222E-17 1.343E-17
 7.524E-18 1.247E-17 2.411E-17 1.880E-17 6.387E-18 6.216E-18 1.697E-17 2.165E-17 9.565E-18 4.441E-18
 1.024E-17 2.069E-17 1.466E-17 5.148E-18 6.649E-18 1.711E-17 1.999E-17 9.200E-18 5.510E-18 1.154E-17
 2.337E-17 1.739E-17 5.897E-18 6.078E-18 1.638E-17 2.493E-17 1.372E-17 5.812E-18 9.694E-18 2.222E-17
 2.608E-17 1.393E-17 8.672E-18 1.526E-17 2.801E-17 3.041E-17 1.670E-17 8.864E-18 1.079E-17 1.616E-17
 2.032E-17 1.560E-17 9.599E-18 1.011E-17 1.519E-17 2.301E-17 2.573E-17 1.946E-17 1.231E-17 1.107E-17
 1.397E-17 1.822E-17 1.792E-17 1.433E-17 1.164E-17 1.124E-17 1.600E-17 1.913E-17 1.641E-17 1.397E-17
 1.353E-17 1.155E-17 1.177E-17 1.359E-17 1.417E-17 1.543E-17 1.579E-17 1.501E-17 1.727E-17 1.573E-17
 1.313E-17 1.225E-17 1.156E-17 1.201E-17 1.172E-17 9.089E-18 9.104E-18 1.298E-17 1.175E-17 8.868E-18
 9.790E-18 1.171E-17 1.176E-17 1.138E-17 1.263E-17 1.157E-17 1.047E-17 1.194E-17 1.461E-17 1.393E-17
 1.098E-17 9.850E-18 9.080E-18 8.703E-18 8.502E-18 8.110E-18 8.831E-18 8.062E-18 6.440E-18 6.601E-18
 6.323E-18 6.456E-18 9.692E-18 1.310E-17 1.137E-17 8.446E-18 7.438E-18 7.546E-18 7.349E-18 6.315E-18
 4.425E-18 3.905E-18 6.032E-18 8.489E-18 7.937E-18 5.942E-18 4.408E-18 3.711E-18 3.354E-18 4.451E-18
 7.863E-18 9.403E-18 7.309E-18 5.459E-18 5.777E-18 5.612E-18 4.320E-18 3.757E-18 3.342E-18 2.997E-18
 3.059E-18 3.226E-18 2.876E-18 3.307E-18 3.977E-18 3.677E-18 4.260E-18 6.547E-18 6.867E-18 5.604E-18
 5.936E-18 5.873E-18 4.597E-18 4.770E-18 5.061E-18 3.717E-18 2.731E-18 2.434E-18 2.269E-18 2.407E-18
 3.662E-18 4.522E-18 3.457E-18 2.519E-18 2.144E-18 2.409E-18 3.076E-18 3.127E-18 3.115E-18 3.202E-18
 3.852E-18 4.240E-18 3.252E-18 1.716E-18 1.235E-18 1.604E-18 2.249E-18 1.771E-18 9.707E-19 8.181E-19
 1.453E-18 2.797E-18 3.387E-18 2.348E-18 1.858E-18 2.369E-18 2.980E-18 3.003E-18 2.602E-18 1.849E-18
 1.178E-18 1.105E-18 1.720E-18 1.969E-18 1.601E-18 1.083E-18 6.727E-19 5.784E-19 7.045E-19 9.177E-19
 9.490E-19 8.660E-19 1.017E-18 1.379E-18 1.906E-18 2.148E-18 2.906E-18 3.143E-18 2.017E-18 1.751E-18
 2.813E-18 2.996E-18 1.816E-18 1.159E-18 1.353E-18 1.603E-18 1.556E-18 1.318E-18 8.003E-19 5.914E-19
 6.842E-19 7.925E-19 7.236E-19 7.976E-19 9.182E-19 9.503E-19 1.213E-18 1.646E-18 1.956E-18 1.934E-18
 1.811E-18 1.317E-18 8.926E-19 8.748E-19 8.973E-19 9.120E-19 7.840E-19 6.500E-19 6.541E-19 8.180E-19
 1.132E-18 1.391E-18 1.213E-18 9.525E-19 6.405E-19 5.006E-19 4.976E-19 3.355E-19 2.144E-19 4.041E-19
 1.027E-18 1.776E-18 1.416E-18 6.866E-19 6.733E-19 7.567E-19 6.973E-19 6.108E-19 4.711E-19 4.778E-19
 6.011E-19 7.774E-19 9.137E-19 7.939E-19 5.837E-19 5.367E-19 6.222E-19 7.546E-19 8.128E-19 7.675E-19
 7.253E-19 8.231E-19 1.090E-18 1.570E-18 1.909E-18 1.671E-18 1.163E-18 7.080E-19 5.260E-19 6.626E-19
 1.161E-18 1.269E-18 7.678E-19 5.101E-19 4.756E-19 5.557E-19 6.678E-19 7.010E-19 7.509E-19 9.572E-19
 9.912E-19 6.880E-19 4.530E-19 4.738E-19 5.500E-19 4.835E-19 4.092E-19 5.636E-19 6.724E-19 5.893E-19
 7.197E-19 1.009E-18 9.741E-19 7.211E-19 5.410E-19 4.908E-19 5.195E-19 6.390E-19 7.380E-19 6.998E-19
 6.031E-19 5.438E-19 4.890E-19 4.954E-19 5.878E-19 5.972E-19 5.608E-19 6.059E-19 6.688E-19 6.989E-19
 6.700E-19 7.311E-19 9.534E-19 9.717E-19 6.581E-19 3.707E-19 3.707E-19 5.258E-19 6.200E-19 5.361E-19
 5.741E-19 7.572E-19 7.516E-19 6.741E-19 7.234E-19 7.312E-19 6.410E-19 5.390E-19 4.104E-19 3.310E-19
 3.698E-19 4.513E-19 4.513E-19 3.643E-19 3.777E-19 3.511E-19 3.592E-19 4.239E-19 6.675E-19 9.388E-19
 8.467E-19 5.573E-19 4.296E-19 4.296E-19 5.102E-19 6.723E-19 7.797E-19 5.664E-19 4.571E-19 4.579E-19
 4.047E-19 3.733E-19 3.798E-19 4.549E-19 5.586E-19 6.371E-19 6.789E-19 5.016E-19 3.790E-19 0.000E+00
