       CF4 1255.0070 1289.9870      2359  273.0000    0.0000 7.497E-17  NCAR    CFC-14
 1.545E-19 1.545E-19 1.923E-19 3.076E-19 3.116E-19 2.122E-19 1.736E-19 2.476E-19 2.990E-19 2.748E-19
 1.986E-19 1.863E-19 1.688E-19 1.212E-19 1.778E-19 2.822E-19 2.302E-19 2.071E-19 2.804E-19 3.723E-19
 3.498E-19 2.324E-19 1.108E-19 1.632E-19 3.161E-19 3.405E-19 2.901E-19 3.204E-19 3.010E-19 3.145E-19
 3.980E-19 2.897E-19 2.317E-19 2.420E-19 2.884E-19 4.357E-19 4.620E-19 2.570E-19 8.496E-20 9.020E-20
 1.383E-19 1.383E-19 1.905E-19 2.466E-19 1.813E-19 1.591E-19 2.230E-19 3.037E-19 3.391E-19 4.721E-19
 5.851E-19 5.931E-19 5.024E-19 3.835E-19 2.682E-19 1.398E-19 1.399E-19 2.017E-19 2.485E-19 2.921E-19
 3.512E-19 4.231E-19 3.574E-19 2.376E-19 2.207E-19 2.109E-19 2.858E-19 4.063E-19 4.951E-19 5.275E-19
 5.188E-19 5.209E-19 5.278E-19 3.537E-19 2.418E-19 2.073E-19 2.073E-19 1.374E-19 2.750E-19 4.632E-19
 5.047E-19 4.198E-19 4.272E-19 4.562E-19 4.249E-19 3.275E-19 2.979E-19 3.316E-19 3.385E-19 4.299E-19
 4.603E-19 4.103E-19 4.200E-19 4.705E-19 4.553E-19 3.117E-19 3.117E-19 2.983E-19 4.558E-19 5.703E-19
 5.427E-19 4.483E-19 4.173E-19 4.623E-19 5.370E-19 5.496E-19 4.849E-19 4.499E-19 3.967E-19 3.103E-19
 2.263E-19 2.884E-19 4.360E-19 5.027E-19 5.035E-19 5.587E-19 4.820E-19 3.440E-19 3.264E-19 3.425E-19
 2.541E-19 2.350E-19 2.975E-19 4.528E-19 6.430E-19 6.819E-19 5.271E-19 3.517E-19 2.533E-19 3.028E-19
 3.913E-19 3.308E-19 3.782E-19 5.285E-19 5.844E-19 5.591E-19 6.169E-19 5.083E-19 3.998E-19 3.191E-19
 2.447E-19 2.685E-19 3.502E-19 5.087E-19 5.813E-19 6.158E-19 5.760E-19 3.814E-19 3.104E-19 3.170E-19
 3.502E-19 3.075E-19 2.011E-19 2.420E-19 3.974E-19 4.989E-19 6.060E-19 6.956E-19 5.535E-19 4.347E-19
 3.603E-19 2.696E-19 2.617E-19 2.408E-19 3.213E-19 5.508E-19 6.133E-19 6.134E-19 5.627E-19 3.439E-19
 2.477E-19 3.345E-19 3.896E-19 4.239E-19 4.108E-19 3.087E-19 3.297E-19 4.852E-19 6.134E-19 6.366E-19
 5.196E-19 3.836E-19 3.333E-19 4.251E-19 4.695E-19 3.426E-19 2.789E-19 3.268E-19 3.914E-19 3.947E-19
 3.351E-19 3.472E-19 3.928E-19 4.322E-19 5.403E-19 6.949E-19 7.074E-19 4.967E-19 3.996E-19 4.439E-19
 4.637E-19 4.991E-19 5.234E-19 4.838E-19 4.275E-19 2.577E-19 1.903E-19 1.890E-19 2.507E-19 4.160E-19
 5.054E-19 5.677E-19 5.927E-19 4.210E-19 3.194E-19 3.782E-19 5.210E-19 5.596E-19 3.975E-19 3.421E-19
 3.789E-19 3.849E-19 3.631E-19 2.959E-19 1.871E-19 2.461E-19 3.070E-19 3.323E-19 3.544E-19 4.327E-19
 3.930E-19 4.172E-19 3.954E-19 2.809E-19 2.731E-19 4.026E-19 5.828E-19 5.063E-19 3.612E-19 3.083E-19
 3.315E-19 3.546E-19 2.926E-19 2.662E-19 2.951E-19 3.009E-19 2.475E-19 3.060E-19 4.326E-19 3.698E-19
 2.548E-19 2.505E-19 3.231E-19 3.564E-19 4.139E-19 4.652E-19 4.032E-19 3.267E-19 3.263E-19 2.532E-19
 2.079E-19 2.065E-19 2.338E-19 3.471E-19 3.818E-19 5.101E-19 5.420E-19 3.499E-19 1.667E-19 1.091E-19
 2.131E-19 2.992E-19 3.370E-19 4.109E-19 4.290E-19 3.425E-19 3.456E-19 4.099E-19 4.321E-19 3.832E-19
 2.802E-19 2.659E-19 2.140E-19 1.657E-19 3.088E-19 4.452E-19 4.210E-19 3.976E-19 2.392E-19 6.157E-20
 1.044E-20 8.659E-20 2.814E-19 3.986E-19 3.990E-19 2.493E-19 1.018E-19 1.223E-19 2.360E-19 3.370E-19
 3.010E-19 2.163E-19 1.416E-19 9.112E-20 2.488E-20 0.000E+00 1.817E-19 2.608E-19 1.289E-19 1.015E-19
 1.338E-19 9.350E-20 1.525E-19 2.087E-19 3.110E-19 2.077E-19 0.000E+00 3.696E-20 1.597E-19 1.482E-19
 1.773E-19 2.586E-19 1.960E-19 9.972E-20 8.440E-20 1.265E-19 1.359E-19 2.457E-19 3.640E-19 2.777E-19
 1.819E-19 1.359E-19 4.532E-20 0.000E+00 0.000E+00 1.360E-19 2.220E-19 1.051E-19 6.346E-21 7.162E-21
 2.483E-20 2.231E-20 6.890E-20 9.684E-20 0.000E+00 0.000E+00 0.000E+00 0.000E+00 6.804E-20 1.127E-19
 2.741E-20 0.000E+00 0.000E+00 0.000E+00 0.000E+00 0.000E+00 0.000E+00 0.000E+00 0.000E+00 0.000E+00
 0.000E+00 0.000E+00 0.000E+00 0.000E+00 0.000E+00 0.000E+00 0.000E+00 0.000E+00 3.636E-20 8.818E-20
 7.074E-20 2.509E-20 0.000E+00 2.749E-20 9.359E-20 1.904E-19 3.334E-19 3.417E-19 1.779E-19 1.125E-19
 1.309E-19 1.216E-19 1.758E-19 3.056E-19 3.672E-19 3.754E-19 3.369E-19 3.408E-19 4.051E-19 4.743E-19
 5.477E-19 5.174E-19 4.634E-19 4.280E-19 4.688E-19 6.666E-19 7.366E-19 6.111E-19 5.949E-19 6.830E-19
 6.750E-19 7.035E-19 8.468E-19 9.403E-19 1.057E-18 1.227E-18 1.272E-18 1.351E-18 1.411E-18 1.328E-18
 1.137E-18 9.540E-19 8.586E-19 8.423E-19 7.148E-19 5.254E-19 4.554E-19 4.580E-19 5.175E-19 5.310E-19
 5.377E-19 6.105E-19 6.507E-19 5.631E-19 4.605E-19 4.286E-19 3.815E-19 2.897E-19 2.248E-19 1.587E-19
 2.297E-19 3.494E-19 4.172E-19 3.272E-19 3.069E-19 4.016E-19 3.448E-19 1.836E-19 2.060E-19 2.398E-19
 2.831E-19 3.190E-19 2.945E-19 2.652E-19 2.730E-19 2.824E-19 2.278E-19 1.215E-19 9.188E-20 1.647E-19
 2.576E-19 3.841E-19 4.100E-19 3.617E-19 2.493E-19 1.386E-19 1.205E-19 1.572E-19 2.517E-19 3.895E-19
 4.557E-19 4.235E-19 2.555E-19 1.635E-19 1.401E-19 8.108E-20 1.561E-19 3.425E-19 3.908E-19 3.337E-19
 3.519E-19 3.870E-19 3.246E-19 2.405E-19 2.143E-19 2.119E-19 2.824E-19 3.705E-19 4.303E-19 3.469E-19
 2.655E-19 3.041E-19 3.709E-19 2.865E-19 2.287E-19 2.542E-19 2.885E-19 3.398E-19 3.527E-19 4.033E-19
 4.988E-19 4.458E-19 3.283E-19 3.684E-19 4.086E-19 4.134E-19 3.906E-19 3.264E-19 4.155E-19 4.543E-19
 3.237E-19 2.413E-19 2.026E-19 2.072E-19 2.686E-19 3.819E-19 5.806E-19 5.622E-19 4.486E-19 3.833E-19
 2.971E-19 3.033E-19 3.698E-19 4.678E-19 5.430E-19 5.637E-19 5.803E-19 4.927E-19 2.774E-19 2.057E-19
 2.715E-19 3.154E-19 2.956E-19 3.162E-19 4.596E-19 5.041E-19 4.315E-19 3.831E-19 4.711E-19 6.466E-19
 4.882E-19 3.251E-19 4.358E-19 4.850E-19 3.698E-19 3.323E-19 4.724E-19 5.869E-19 4.832E-19 4.434E-19
 5.495E-19 6.978E-19 7.018E-19 5.220E-19 4.533E-19 5.544E-19 5.489E-19 5.612E-19 6.797E-19 7.217E-19
 6.156E-19 4.923E-19 6.047E-19 6.997E-19 6.369E-19 5.723E-19 4.646E-19 4.878E-19 5.600E-19 5.496E-19
 4.990E-19 5.715E-19 7.132E-19 8.283E-19 8.345E-19 7.858E-19 6.589E-19 6.549E-19 6.678E-19 5.739E-19
 6.021E-19 7.568E-19 7.269E-19 6.232E-19 5.842E-19 6.615E-19 7.126E-19 5.974E-19 5.853E-19 5.626E-19
 5.201E-19 6.817E-19 7.435E-19 7.725E-19 8.705E-19 7.936E-19 8.294E-19 9.260E-19 7.585E-19 5.244E-19
 5.611E-19 7.529E-19 8.559E-19 6.527E-19 5.279E-19 5.907E-19 7.472E-19 8.735E-19 8.577E-19 8.894E-19
 1.086E-18 9.293E-19 7.345E-19 7.011E-19 6.881E-19 5.788E-19 5.914E-19 7.423E-19 8.963E-19 8.443E-19
 7.448E-19 6.612E-19 5.437E-19 4.583E-19 5.477E-19 8.025E-19 9.670E-19 9.360E-19 8.334E-19 8.334E-19
 8.148E-19 7.151E-19 6.655E-19 8.379E-19 1.065E-18 1.120E-18 9.418E-19 7.883E-19 8.314E-19 7.590E-19
 5.973E-19 7.508E-19 9.006E-19 9.324E-19 9.116E-19 8.285E-19 7.926E-19 7.354E-19 6.117E-19 5.700E-19
 6.649E-19 7.868E-19 8.539E-19 8.147E-19 8.204E-19 8.106E-19 6.801E-19 6.649E-19 8.576E-19 9.547E-19
 8.933E-19 8.162E-19 8.148E-19 8.082E-19 7.310E-19 7.347E-19 7.573E-19 8.734E-19 9.292E-19 1.047E-18
 1.026E-18 8.574E-19 7.719E-19 7.612E-19 7.471E-19 7.924E-19 8.056E-19 9.077E-19 9.688E-19 7.658E-19
 6.468E-19 7.069E-19 7.235E-19 9.216E-19 1.127E-18 1.089E-18 1.043E-18 1.045E-18 9.451E-19 6.325E-19
 4.826E-19 6.957E-19 1.098E-18 1.275E-18 1.119E-18 9.059E-19 8.793E-19 7.999E-19 5.864E-19 6.093E-19
 8.733E-19 1.050E-18 1.076E-18 8.827E-19 6.318E-19 5.945E-19 6.879E-19 8.159E-19 9.988E-19 1.177E-18
 1.160E-18 1.068E-18 8.839E-19 7.018E-19 6.501E-19 8.159E-19 8.586E-19 8.051E-19 1.007E-18 1.020E-18
 9.423E-19 9.777E-19 8.572E-19 6.228E-19 6.555E-19 8.329E-19 9.021E-19 9.454E-19 9.361E-19 1.081E-18
 1.095E-18 7.451E-19 5.356E-19 6.205E-19 9.574E-19 1.227E-18 1.229E-18 1.014E-18 7.915E-19 7.099E-19
 7.244E-19 7.771E-19 8.754E-19 1.055E-18 1.226E-18 1.110E-18 9.577E-19 9.411E-19 9.261E-19 8.143E-19
 6.353E-19 6.648E-19 1.001E-18 1.139E-18 8.335E-19 5.788E-19 6.044E-19 6.217E-19 5.176E-19 6.246E-19
 1.081E-18 1.408E-18 1.251E-18 9.722E-19 8.149E-19 9.661E-19 1.069E-18 8.663E-19 7.515E-19 9.492E-19
 1.104E-18 9.257E-19 7.123E-19 6.389E-19 6.545E-19 6.662E-19 6.412E-19 6.642E-19 9.105E-19 1.022E-18
 9.200E-19 9.018E-19 9.289E-19 9.937E-19 9.346E-19 7.759E-19 8.413E-19 1.016E-18 8.975E-19 7.836E-19
 8.306E-19 7.431E-19 5.259E-19 3.834E-19 5.436E-19 9.743E-19 1.271E-18 1.168E-18 8.522E-19 5.345E-19
 5.287E-19 7.481E-19 8.232E-19 8.865E-19 1.039E-18 1.136E-18 9.309E-19 6.189E-19 4.580E-19 4.846E-19
 5.746E-19 6.535E-19 8.292E-19 1.054E-18 1.095E-18 8.237E-19 5.387E-19 4.311E-19 4.881E-19 6.979E-19
 1.048E-18 1.281E-18 1.152E-18 8.472E-19 5.577E-19 5.917E-19 7.333E-19 7.293E-19 5.882E-19 5.099E-19
 5.594E-19 6.859E-19 7.815E-19 7.262E-19 6.505E-19 5.915E-19 4.800E-19 4.193E-19 5.039E-19 7.261E-19
 1.088E-18 1.069E-18 7.018E-19 4.557E-19 3.369E-19 3.542E-19 4.201E-19 4.464E-19 5.469E-19 7.520E-19
 9.190E-19 8.404E-19 5.935E-19 4.533E-19 4.987E-19 7.731E-19 1.024E-18 1.138E-18 1.161E-18 8.632E-19
 4.987E-19 3.046E-19 2.913E-19 3.199E-19 4.147E-19 4.586E-19 5.819E-19 6.588E-19 6.429E-19 5.672E-19
 5.210E-19 5.360E-19 5.898E-19 5.349E-19 5.413E-19 7.347E-19 8.264E-19 7.724E-19 6.008E-19 5.374E-19
 5.950E-19 5.491E-19 4.178E-19 4.758E-19 6.827E-19 8.532E-19 8.216E-19 7.064E-19 4.992E-19 3.656E-19
 3.326E-19 3.825E-19 4.893E-19 6.584E-19 7.869E-19 8.005E-19 6.797E-19 4.235E-19 3.074E-19 3.674E-19
 4.333E-19 5.255E-19 6.761E-19 5.569E-19 3.738E-19 3.188E-19 3.103E-19 2.777E-19 2.239E-19 2.967E-19
 5.331E-19 7.319E-19 7.288E-19 5.985E-19 5.202E-19 5.481E-19 5.605E-19 4.809E-19 2.949E-19 3.713E-19
 4.606E-19 4.336E-19 4.063E-19 3.969E-19 4.494E-19 5.714E-19 6.983E-19 7.209E-19 8.279E-19 8.982E-19
 8.662E-19 7.955E-19 7.290E-19 6.177E-19 4.902E-19 3.769E-19 4.075E-19 4.549E-19 3.586E-19 3.822E-19
 6.071E-19 7.398E-19 6.270E-19 5.454E-19 7.217E-19 1.012E-18 1.111E-18 9.034E-19 6.368E-19 6.562E-19
 6.551E-19 5.678E-19 4.736E-19 4.513E-19 5.432E-19 6.044E-19 5.089E-19 4.604E-19 4.767E-19 5.653E-19
 7.050E-19 8.005E-19 8.128E-19 7.205E-19 6.882E-19 6.386E-19 5.450E-19 5.079E-19 5.567E-19 7.285E-19
 9.967E-19 9.507E-19 6.835E-19 6.585E-19 7.455E-19 7.777E-19 8.348E-19 7.498E-19 5.686E-19 5.812E-19
 7.098E-19 7.131E-19 6.664E-19 6.435E-19 6.848E-19 7.357E-19 6.675E-19 6.057E-19 7.597E-19 9.980E-19
 9.203E-19 7.445E-19 6.076E-19 4.545E-19 4.650E-19 5.617E-19 6.917E-19 7.329E-19 7.282E-19 9.852E-19
 1.195E-18 9.377E-19 6.955E-19 7.552E-19 8.841E-19 1.018E-18 9.593E-19 7.379E-19 6.279E-19 4.964E-19
 4.159E-19 3.639E-19 3.532E-19 3.701E-19 4.055E-19 4.493E-19 5.636E-19 8.240E-19 1.001E-18 8.354E-19
 5.291E-19 3.129E-19 2.345E-19 3.756E-19 4.852E-19 6.433E-19 7.782E-19 6.865E-19 6.197E-19 7.796E-19
 9.476E-19 8.966E-19 9.256E-19 1.137E-18 1.376E-18 1.485E-18 1.174E-18 8.181E-19 6.696E-19 5.754E-19
 5.833E-19 6.126E-19 6.382E-19 6.957E-19 7.940E-19 9.046E-19 8.825E-19 8.159E-19 8.560E-19 9.496E-19
 8.911E-19 7.141E-19 7.720E-19 7.752E-19 6.798E-19 6.286E-19 6.001E-19 6.456E-19 8.186E-19 8.936E-19
 8.812E-19 1.043E-18 1.250E-18 1.244E-18 1.230E-18 1.096E-18 8.019E-19 5.380E-19 4.238E-19 5.515E-19
 7.212E-19 8.514E-19 9.254E-19 9.461E-19 8.852E-19 8.235E-19 8.891E-19 8.773E-19 8.409E-19 9.374E-19
 8.730E-19 7.481E-19 6.839E-19 6.497E-19 5.426E-19 5.033E-19 6.115E-19 9.200E-19 1.038E-18 8.569E-19
 7.808E-19 8.993E-19 9.663E-19 1.064E-18 1.011E-18 7.050E-19 5.917E-19 6.555E-19 6.542E-19 6.161E-19
 6.089E-19 7.326E-19 7.850E-19 7.345E-19 6.956E-19 8.123E-19 7.914E-19 7.024E-19 8.144E-19 7.416E-19
 5.741E-19 5.565E-19 5.580E-19 5.750E-19 6.483E-19 8.279E-19 1.038E-18 1.056E-18 8.913E-19 8.832E-19
 1.046E-18 1.150E-18 1.306E-18 1.202E-18 8.591E-19 6.448E-19 5.895E-19 6.485E-19 7.411E-19 7.950E-19
 7.543E-19 6.926E-19 7.062E-19 7.421E-19 7.315E-19 7.549E-19 8.095E-19 7.047E-19 4.498E-19 1.334E-19
 0.000E+00 3.504E-20 4.285E-19 3.119E-19 2.672E-19 5.346E-19 6.905E-19 7.530E-19 9.050E-19 9.365E-19
 1.031E-18 1.226E-18 1.227E-18 1.012E-18 8.395E-19 7.735E-19 8.983E-19 1.038E-18 1.026E-18 9.692E-19
 9.289E-19 9.165E-19 9.028E-19 9.642E-19 1.214E-18 1.389E-18 1.257E-18 1.057E-18 8.510E-19 7.432E-19
 7.772E-19 9.237E-19 1.177E-18 1.320E-18 1.198E-18 1.091E-18 1.027E-18 1.005E-18 1.019E-18 1.122E-18
 1.178E-18 1.023E-18 8.466E-19 9.411E-19 1.076E-18 1.058E-18 1.009E-18 1.074E-18 1.132E-18 1.269E-18
 1.363E-18 1.327E-18 1.255E-18 1.192E-18 1.165E-18 1.152E-18 1.065E-18 1.011E-18 1.063E-18 1.168E-18
 1.296E-18 1.368E-18 1.287E-18 1.231E-18 1.355E-18 1.545E-18 1.698E-18 1.585E-18 1.421E-18 1.355E-18
 1.367E-18 1.463E-18 1.362E-18 1.199E-18 1.154E-18 1.097E-18 1.040E-18 1.069E-18 1.203E-18 1.216E-18
 1.210E-18 1.323E-18 1.458E-18 1.497E-18 1.413E-18 1.377E-18 1.439E-18 1.391E-18 1.430E-18 1.444E-18
 1.353E-18 1.356E-18 1.507E-18 1.482E-18 1.386E-18 1.402E-18 1.573E-18 1.855E-18 1.909E-18 1.601E-18
 1.399E-18 1.496E-18 1.506E-18 1.337E-18 1.176E-18 1.165E-18 1.280E-18 1.416E-18 1.454E-18 1.389E-18
 1.352E-18 1.470E-18 1.683E-18 1.651E-18 1.542E-18 1.549E-18 1.557E-18 1.548E-18 1.607E-18 1.635E-18
 1.501E-18 1.463E-18 1.546E-18 1.538E-18 1.596E-18 1.861E-18 1.985E-18 1.948E-18 1.907E-18 1.875E-18
 1.733E-18 1.586E-18 1.660E-18 1.708E-18 1.652E-18 1.677E-18 1.663E-18 1.720E-18 1.782E-18 1.777E-18
 1.693E-18 1.684E-18 1.692E-18 1.657E-18 1.768E-18 1.938E-18 1.843E-18 1.623E-18 1.605E-18 1.678E-18
 1.553E-18 1.550E-18 1.832E-18 2.264E-18 2.435E-18 2.086E-18 1.661E-18 1.539E-18 1.746E-18 2.057E-18
 2.213E-18 2.090E-18 2.052E-18 2.187E-18 2.208E-18 2.018E-18 1.969E-18 1.949E-18 1.731E-18 1.675E-18
 1.773E-18 1.869E-18 1.950E-18 1.934E-18 1.848E-18 1.811E-18 1.886E-18 2.072E-18 2.193E-18 2.306E-18
 2.571E-18 2.547E-18 2.234E-18 2.120E-18 2.196E-18 2.127E-18 2.004E-18 1.964E-18 2.169E-18 2.414E-18
 2.408E-18 2.351E-18 2.561E-18 2.814E-18 2.810E-18 2.612E-18 2.453E-18 2.462E-18 2.355E-18 2.262E-18
 2.105E-18 2.047E-18 2.157E-18 2.416E-18 2.610E-18 2.587E-18 2.516E-18 2.511E-18 2.667E-18 2.776E-18
 2.635E-18 2.546E-18 2.487E-18 2.472E-18 2.489E-18 2.473E-18 2.654E-18 3.004E-18 2.942E-18 2.636E-18
 2.522E-18 2.686E-18 2.901E-18 2.858E-18 2.907E-18 3.068E-18 3.020E-18 2.877E-18 2.889E-18 2.903E-18
 2.841E-18 2.823E-18 2.890E-18 2.912E-18 2.883E-18 3.019E-18 3.252E-18 3.305E-18 3.122E-18 2.742E-18
 2.648E-18 2.861E-18 3.204E-18 3.253E-18 3.139E-18 3.099E-18 3.019E-18 2.992E-18 3.010E-18 3.181E-18
 3.515E-18 3.705E-18 3.664E-18 3.415E-18 3.140E-18 3.166E-18 3.271E-18 3.164E-18 3.025E-18 2.872E-18
 2.988E-18 3.319E-18 3.663E-18 3.657E-18 3.429E-18 3.440E-18 3.479E-18 3.504E-18 3.339E-18 3.425E-18
 3.793E-18 3.638E-18 3.356E-18 3.500E-18 3.775E-18 3.752E-18 3.494E-18 3.436E-18 3.801E-18 3.982E-18
 3.683E-18 3.382E-18 3.346E-18 3.781E-18 4.032E-18 3.713E-18 3.740E-18 3.910E-18 4.111E-18 4.284E-18
 4.387E-18 4.277E-18 3.972E-18 3.971E-18 4.194E-18 4.212E-18 3.932E-18 4.084E-18 4.340E-18 4.346E-18
 4.386E-18 4.522E-18 4.488E-18 4.204E-18 3.877E-18 3.845E-18 3.869E-18 4.048E-18 4.213E-18 4.530E-18
 4.768E-18 4.425E-18 4.235E-18 4.434E-18 4.588E-18 4.866E-18 4.667E-18 4.172E-18 4.111E-18 4.286E-18
 4.385E-18 4.406E-18 5.030E-18 5.431E-18 4.941E-18 4.674E-18 4.918E-18 4.896E-18 4.941E-18 5.392E-18
 5.392E-18 5.412E-18 5.528E-18 5.492E-18 5.264E-18 4.738E-18 4.561E-18 4.827E-18 5.061E-18 5.052E-18
 5.380E-18 5.758E-18 5.898E-18 5.737E-18 5.380E-18 5.233E-18 5.581E-18 5.906E-18 5.860E-18 5.413E-18
 5.194E-18 5.239E-18 5.052E-18 5.208E-18 5.834E-18 6.300E-18 6.462E-18 6.359E-18 6.211E-18 6.606E-18
 6.559E-18 6.289E-18 6.164E-18 5.993E-18 6.150E-18 5.875E-18 5.941E-18 6.547E-18 6.896E-18 6.735E-18
 6.201E-18 6.842E-18 7.913E-18 7.963E-18 7.674E-18 7.315E-18 6.767E-18 6.576E-18 6.677E-18 7.192E-18
 7.827E-18 7.468E-18 6.959E-18 6.642E-18 6.539E-18 7.544E-18 8.592E-18 8.760E-18 7.685E-18 6.486E-18
 5.919E-18 6.176E-18 6.468E-18 6.840E-18 6.807E-18 6.497E-18 6.488E-18 6.563E-18 6.906E-18 6.719E-18
 6.856E-18 7.365E-18 6.961E-18 6.495E-18 6.655E-18 7.396E-18 7.681E-18 7.371E-18 7.603E-18 8.430E-18
 9.228E-18 8.452E-18 7.633E-18 7.568E-18 7.747E-18 7.677E-18 7.238E-18 6.889E-18 7.093E-18 7.739E-18
 8.148E-18 7.768E-18 8.186E-18 7.872E-18 7.198E-18 7.558E-18 8.381E-18 9.383E-18 9.440E-18 8.659E-18
 8.102E-18 7.865E-18 7.872E-18 7.976E-18 8.807E-18 9.603E-18 9.237E-18 8.437E-18 7.724E-18 7.273E-18
 7.402E-18 7.805E-18 8.183E-18 8.720E-18 8.355E-18 8.747E-18 9.751E-18 9.722E-18 9.506E-18 9.677E-18
 9.524E-18 9.975E-18 1.111E-17 1.158E-17 1.008E-17 9.048E-18 9.073E-18 8.305E-18 7.597E-18 8.104E-18
 9.148E-18 9.667E-18 1.009E-17 1.010E-17 9.319E-18 9.835E-18 1.031E-17 1.002E-17 1.122E-17 1.153E-17
 1.029E-17 1.033E-17 1.064E-17 1.115E-17 1.271E-17 1.430E-17 1.398E-17 1.400E-17 1.377E-17 1.290E-17
 1.355E-17 1.453E-17 1.371E-17 1.172E-17 1.008E-17 9.783E-18 1.145E-17 1.135E-17 1.140E-17 1.187E-17
 1.228E-17 1.135E-17 1.010E-17 1.065E-17 1.139E-17 1.136E-17 1.118E-17 1.147E-17 1.201E-17 1.151E-17
 1.037E-17 1.205E-17 1.214E-17 9.882E-18 9.975E-18 1.109E-17 1.227E-17 1.333E-17 1.285E-17 1.063E-17
 9.156E-18 8.922E-18 1.102E-17 1.237E-17 1.207E-17 1.072E-17 1.036E-17 1.024E-17 9.713E-18 1.078E-17
 1.300E-17 1.268E-17 1.086E-17 1.094E-17 1.147E-17 1.056E-17 1.139E-17 1.436E-17 1.239E-17 1.042E-17
 1.051E-17 1.134E-17 1.345E-17 1.445E-17 1.300E-17 1.142E-17 1.077E-17 1.228E-17 1.301E-17 1.226E-17
 1.145E-17 1.196E-17 1.201E-17 1.092E-17 1.209E-17 1.369E-17 1.327E-17 1.250E-17 1.328E-17 1.300E-17
 1.142E-17 1.323E-17 1.383E-17 1.212E-17 1.220E-17 1.311E-17 1.438E-17 1.406E-17 1.222E-17 1.201E-17
 1.283E-17 1.428E-17 1.456E-17 1.279E-17 1.089E-17 1.125E-17 1.212E-17 1.216E-17 1.382E-17 1.467E-17
 1.359E-17 1.167E-17 1.111E-17 1.152E-17 1.293E-17 1.556E-17 1.514E-17 1.347E-17 1.183E-17 1.223E-17
 1.425E-17 1.330E-17 1.315E-17 1.417E-17 1.472E-17 1.347E-17 1.206E-17 1.150E-17 1.341E-17 1.601E-17
 1.637E-17 1.601E-17 1.462E-17 1.397E-17 1.316E-17 1.315E-17 1.458E-17 1.638E-17 1.603E-17 1.429E-17
 1.389E-17 1.360E-17 1.703E-17 1.901E-17 1.936E-17 2.171E-17 2.419E-17 2.396E-17 2.245E-17 2.277E-17
 2.432E-17 2.593E-17 2.745E-17 2.899E-17 2.913E-17 2.913E-17 2.661E-17 2.477E-17 2.669E-17 2.957E-17
 2.908E-17 2.630E-17 2.346E-17 2.130E-17 2.246E-17 2.255E-17 2.209E-17 2.287E-17 2.300E-17 2.015E-17
 1.803E-17 1.972E-17 2.350E-17 2.631E-17 2.659E-17 2.278E-17 1.946E-17 1.903E-17 2.072E-17 2.450E-17
 2.651E-17 2.302E-17 1.698E-17 1.270E-17 1.190E-17 1.466E-17 1.570E-17 1.499E-17 1.255E-17 9.688E-18
 8.064E-18 8.366E-18 1.159E-17 1.484E-17 1.413E-17 1.128E-17 8.963E-18 8.351E-18 9.796E-18 1.346E-17
 1.489E-17 1.260E-17 1.035E-17 8.746E-18 9.274E-18 1.309E-17 1.448E-17 1.300E-17 1.079E-17 8.602E-18
 7.764E-18 8.800E-18 1.156E-17 1.343E-17 1.293E-17 1.091E-17 1.034E-17 1.095E-17 1.264E-17 1.526E-17
 1.377E-17 1.019E-17 8.223E-18 7.346E-18 9.624E-18 1.313E-17 1.309E-17 1.054E-17 8.284E-18 7.495E-18
 8.948E-18 1.382E-17 1.593E-17 1.305E-17 8.870E-18 6.818E-18 7.968E-18 1.205E-17 1.401E-17 1.158E-17
 9.169E-18 7.663E-18 8.350E-18 1.184E-17 1.315E-17 1.088E-17 7.934E-18 5.640E-18 6.052E-18 9.829E-18
 1.258E-17 1.172E-17 8.629E-18 5.987E-18 6.863E-18 1.124E-17 1.414E-17 1.138E-17 7.252E-18 5.609E-18
 8.283E-18 1.386E-17 1.478E-17 1.061E-17 7.181E-18 6.678E-18 9.554E-18 1.275E-17 1.143E-17 7.950E-18
 6.810E-18 8.347E-18 1.252E-17 1.461E-17 1.173E-17 9.123E-18 1.002E-17 1.347E-17 1.650E-17 1.633E-17
 1.876E-17 2.568E-17 3.180E-17 4.072E-17 4.649E-17 5.519E-17 4.917E-17 5.013E-17 4.919E-17 4.868E-17
 4.818E-17 4.712E-17 4.717E-17 4.864E-17 4.903E-17 4.998E-17 4.983E-17 5.060E-17 5.403E-17 5.781E-17
 5.878E-17 5.772E-17 5.763E-17 5.799E-17 5.944E-17 6.079E-17 6.138E-17 6.026E-17 5.992E-17 6.209E-17
 6.515E-17 6.617E-17 6.902E-17 7.174E-17 7.396E-17 7.497E-17 7.344E-17 7.107E-17 6.967E-17 6.812E-17
 6.628E-17 6.498E-17 6.171E-17 5.355E-17 3.909E-17 2.083E-17 6.251E-18 1.292E-18 1.526E-18 3.241E-18
 3.932E-18 3.632E-18 3.123E-18 2.801E-18 2.677E-18 3.111E-18 3.387E-18 3.508E-18 3.443E-18 3.275E-18
 3.439E-18 3.935E-18 4.583E-18 5.091E-18 5.037E-18 4.636E-18 3.918E-18 4.019E-18 4.935E-18 6.272E-18
 6.154E-18 4.534E-18 3.970E-18 5.027E-18 6.331E-18 5.664E-18 4.343E-18 4.071E-18 5.546E-18 6.652E-18
 5.003E-18 4.259E-18 5.998E-18 8.853E-18 8.489E-18 5.913E-18 6.025E-18 8.124E-18 9.535E-18 7.022E-18
 5.111E-18 6.872E-18 1.071E-17 9.782E-18 4.974E-18 4.016E-18 7.300E-18 1.087E-17 8.025E-18 4.600E-18
 5.662E-18 1.040E-17 1.082E-17 6.693E-18 6.144E-18 1.024E-17 1.326E-17 8.211E-18 5.476E-18 9.545E-18
 1.640E-17 1.350E-17 5.950E-18 5.039E-18 1.094E-17 1.435E-17 8.804E-18 5.841E-18 1.008E-17 1.627E-17
 1.200E-17 6.786E-18 8.682E-18 1.615E-17 1.587E-17 7.409E-18 5.746E-18 1.292E-17 1.929E-17 1.245E-17
 7.361E-18 1.121E-17 2.070E-17 1.639E-17 6.246E-18 6.027E-18 1.481E-17 1.854E-17 8.819E-18 4.730E-18
 9.605E-18 1.827E-17 1.332E-17 5.146E-18 6.415E-18 1.583E-17 1.870E-17 9.170E-18 5.321E-18 1.034E-17
 2.084E-17 1.603E-17 5.750E-18 5.629E-18 1.441E-17 2.175E-17 1.272E-17 5.800E-18 8.767E-18 1.883E-17
 2.191E-17 1.200E-17 7.803E-18 1.396E-17 2.517E-17 2.705E-17 1.536E-17 8.551E-18 9.762E-18 1.385E-17
 1.705E-17 1.320E-17 8.213E-18 8.733E-18 1.347E-17 2.078E-17 2.335E-17 1.772E-17 1.110E-17 9.581E-18
 1.185E-17 1.540E-17 1.559E-17 1.271E-17 1.026E-17 1.001E-17 1.457E-17 1.765E-17 1.511E-17 1.263E-17
 1.183E-17 9.994E-18 1.005E-17 1.163E-17 1.278E-17 1.449E-17 1.454E-17 1.352E-17 1.563E-17 1.467E-17
 1.249E-17 1.139E-17 1.050E-17 1.095E-17 1.052E-17 8.173E-18 8.575E-18 1.205E-17 1.088E-17 8.264E-18
 9.220E-18 1.101E-17 1.105E-17 1.073E-17 1.158E-17 1.064E-17 9.736E-18 1.130E-17 1.395E-17 1.340E-17
 1.064E-17 9.262E-18 8.468E-18 8.379E-18 8.312E-18 8.104E-18 8.881E-18 8.111E-18 6.392E-18 6.204E-18
 5.903E-18 6.244E-18 9.332E-18 1.239E-17 1.120E-17 8.682E-18 7.314E-18 7.173E-18 7.029E-18 6.129E-18
 4.192E-18 3.809E-18 6.215E-18 8.885E-18 8.472E-18 6.322E-18 4.498E-18 3.516E-18 2.879E-18 3.926E-18
 7.617E-18 9.462E-18 7.540E-18 5.780E-18 5.979E-18 5.570E-18 4.133E-18 3.691E-18 3.534E-18 3.431E-18
 3.566E-18 3.711E-18 3.339E-18 3.590E-18 3.850E-18 3.436E-18 4.352E-18 6.657E-18 6.827E-18 5.605E-18
 6.137E-18 6.017E-18 4.564E-18 4.787E-18 5.202E-18 3.916E-18 2.933E-18 2.568E-18 2.311E-18 2.621E-18
 4.034E-18 4.897E-18 3.920E-18 2.840E-18 2.137E-18 2.295E-18 3.135E-18 3.401E-18 3.330E-18 3.353E-18
 4.166E-18 4.498E-18 3.409E-18 1.944E-18 1.554E-18 1.943E-18 2.499E-18 2.038E-18 1.231E-18 9.938E-19
 1.556E-18 2.775E-18 3.438E-18 2.630E-18 2.060E-18 2.461E-18 3.175E-18 3.347E-18 2.870E-18 1.869E-18
 1.177E-18 1.183E-18 1.850E-18 2.271E-18 2.086E-18 1.535E-18 8.594E-19 6.361E-19 9.538E-19 1.307E-18
 1.284E-18 1.135E-18 1.254E-18 1.537E-18 1.983E-18 2.359E-18 3.187E-18 3.429E-18 2.242E-18 1.912E-18
 3.036E-18 3.318E-18 2.192E-18 1.468E-18 1.563E-18 1.884E-18 1.863E-18 1.543E-18 1.051E-18 9.151E-19
 9.956E-19 1.021E-18 1.023E-18 1.074E-18 1.043E-18 1.048E-18 1.355E-18 1.735E-18 2.081E-18 2.232E-18
 2.136E-18 1.525E-18 8.764E-19 8.355E-19 9.870E-19 1.143E-18 1.155E-18 9.217E-19 8.819E-19 1.038E-18
 1.311E-18 1.489E-18 1.431E-18 1.281E-18 8.705E-19 5.779E-19 4.841E-19 4.775E-19 4.002E-19 5.665E-19
 1.211E-18 2.069E-18 1.746E-18 9.159E-19 7.724E-19 7.807E-19 6.873E-19 6.167E-19 5.100E-19 5.662E-19
 7.263E-19 8.937E-19 9.978E-19 8.366E-19 6.502E-19 6.046E-19 7.097E-19 9.199E-19 9.794E-19 9.230E-19
 9.358E-19 1.010E-18 1.164E-18 1.604E-18 1.979E-18 1.829E-18 1.371E-18 7.935E-19 6.147E-19 8.599E-19
 1.297E-18 1.333E-18 9.236E-19 5.641E-19 3.820E-19 4.975E-19 6.288E-19 6.973E-19 8.591E-19 1.224E-18
 1.242E-18 7.904E-19 4.592E-19 4.366E-19 4.972E-19 4.629E-19 3.856E-19 5.005E-19 6.836E-19 6.297E-19
 8.239E-19 1.193E-18 1.114E-18 8.630E-19 6.536E-19 5.504E-19 5.114E-19 6.159E-19 8.095E-19 7.954E-19
 6.984E-19 6.257E-19 5.630E-19 5.525E-19 6.243E-19 7.042E-19 7.289E-19 7.128E-19 7.099E-19 6.478E-19
 6.724E-19 8.583E-19 1.031E-18 1.057E-18 7.765E-19 5.000E-19 3.819E-19 4.513E-19 5.718E-19 5.333E-19
 5.919E-19 7.810E-19 7.612E-19 6.624E-19 6.467E-19 6.170E-19 6.667E-19 6.522E-19 5.163E-19 3.971E-19
 3.859E-19 5.017E-19 5.127E-19 4.808E-19 5.123E-19 4.751E-19 4.289E-19 4.488E-19 7.458E-19 1.182E-18
 1.048E-18 6.339E-19 5.067E-19 4.733E-19 5.657E-19 8.005E-19 8.297E-19 5.618E-19 4.417E-19 4.567E-19
 5.144E-19 5.361E-19 5.222E-19 5.920E-19 7.120E-19 8.323E-19 8.353E-19 6.320E-19 5.482E-19 0.000E+00
