       CF4 1255.0070 1289.9870      2359  293.0000    0.0000 6.503E-17  NCAR    CFC-14
 2.218E-19 2.432E-19 2.305E-19 2.139E-19 2.425E-19 2.052E-19 2.065E-19 2.614E-19 3.295E-19 2.655E-19
 9.218E-20 4.523E-20 1.347E-19 2.325E-19 2.488E-19 2.541E-19 2.541E-19 2.247E-19 2.514E-19 2.905E-19
 2.185E-19 1.027E-19 4.949E-20 3.790E-20 1.669E-19 3.061E-19 2.804E-19 2.216E-19 1.856E-19 1.787E-19
 1.606E-19 1.663E-19 1.526E-19 1.562E-19 2.504E-19 4.090E-19 3.832E-19 2.451E-19 1.371E-19 1.060E-19
 1.501E-19 1.605E-19 1.295E-19 1.733E-19 1.796E-19 1.711E-19 9.453E-20 7.358E-20 2.041E-19 3.509E-19
 4.285E-19 4.106E-19 3.628E-19 2.712E-19 1.491E-19 6.526E-20 6.623E-20 1.324E-19 2.383E-19 2.852E-19
 2.781E-19 2.811E-19 2.628E-19 2.784E-19 2.952E-19 1.883E-19 2.228E-19 3.325E-19 3.634E-19 4.267E-19
 5.196E-19 5.213E-19 3.703E-19 1.837E-19 9.710E-20 1.093E-19 1.138E-19 1.349E-19 2.447E-19 3.476E-19
 3.651E-19 3.548E-19 4.031E-19 4.076E-19 2.976E-19 2.569E-19 2.487E-19 2.317E-19 3.469E-19 3.916E-19
 4.146E-19 4.338E-19 4.226E-19 4.658E-19 4.232E-19 2.699E-19 1.422E-19 1.185E-19 2.359E-19 4.006E-19
 4.270E-19 4.219E-19 4.364E-19 3.635E-19 3.718E-19 4.568E-19 4.231E-19 3.286E-19 3.004E-19 2.793E-19
 3.082E-19 3.446E-19 2.776E-19 2.197E-19 2.686E-19 3.332E-19 2.386E-19 2.354E-19 3.100E-19 2.089E-19
 4.213E-20 0.000E+00 6.733E-20 2.149E-19 4.487E-19 5.970E-19 4.829E-19 2.861E-19 2.468E-19 3.335E-19
 3.152E-19 2.894E-19 4.270E-19 5.086E-19 4.957E-19 5.009E-19 5.757E-19 5.314E-19 3.594E-19 2.429E-19
 2.416E-19 2.915E-19 3.053E-19 4.611E-19 5.314E-19 4.671E-19 4.137E-19 3.304E-19 3.104E-19 2.879E-19
 2.973E-19 2.836E-19 1.766E-19 1.162E-19 3.003E-19 4.250E-19 4.988E-19 5.734E-19 4.845E-19 3.821E-19
 2.842E-19 2.172E-19 1.615E-19 1.408E-19 2.765E-19 4.693E-19 4.829E-19 5.110E-19 4.102E-19 1.034E-19
 3.852E-21 1.978E-19 3.670E-19 4.061E-19 4.579E-19 3.318E-19 1.895E-19 2.851E-19 4.909E-19 5.342E-19
 3.694E-19 2.438E-19 2.435E-19 3.617E-19 3.727E-19 1.838E-19 7.629E-20 1.940E-19 2.914E-19 2.585E-19
 2.411E-19 2.900E-19 2.967E-19 3.535E-19 5.210E-19 6.782E-19 5.903E-19 2.906E-19 2.971E-19 4.121E-19
 3.368E-19 2.824E-19 3.294E-19 3.933E-19 3.290E-19 8.735E-20 6.479E-20 9.327E-20 7.080E-20 2.294E-19
 4.334E-19 4.068E-19 3.061E-19 2.718E-19 2.746E-19 1.892E-19 2.473E-19 4.750E-19 4.586E-19 4.003E-19
 3.635E-19 3.681E-19 2.944E-19 1.676E-19 8.125E-20 1.521E-19 1.795E-19 2.363E-19 3.482E-19 4.127E-19
 3.343E-19 3.262E-19 3.468E-19 2.379E-19 1.199E-19 2.019E-19 2.953E-19 3.122E-19 3.538E-19 3.040E-19
 3.081E-19 3.254E-19 2.598E-19 2.048E-19 1.506E-19 1.872E-19 1.765E-19 2.516E-19 4.005E-19 3.899E-19
 2.534E-19 1.493E-19 1.506E-19 1.433E-19 2.701E-19 3.880E-19 3.086E-19 2.932E-19 3.212E-19 2.221E-19
 9.849E-20 1.444E-19 2.025E-19 2.131E-19 2.131E-19 4.114E-19 3.677E-19 1.836E-19 7.313E-20 6.586E-20
 1.615E-19 1.780E-19 1.713E-19 2.145E-19 2.939E-19 2.542E-19 2.929E-19 3.169E-19 2.964E-19 2.798E-19
 1.172E-19 0.000E+00 0.000E+00 0.000E+00 1.859E-19 4.075E-19 4.435E-19 3.717E-19 2.148E-19 9.931E-20
 1.054E-19 7.506E-20 1.514E-19 2.196E-19 2.253E-19 8.841E-20 0.000E+00 0.000E+00 1.244E-19 2.754E-19
 2.571E-19 1.106E-19 8.646E-20 6.300E-20 0.000E+00 0.000E+00 1.655E-19 2.571E-19 1.027E-19 5.860E-20
 1.097E-19 1.375E-19 9.699E-20 9.931E-20 1.662E-19 9.133E-20 0.000E+00 0.000E+00 2.261E-20 9.887E-20
 1.613E-19 3.450E-19 3.337E-19 3.337E-19 1.015E-19 4.217E-20 2.877E-20 7.120E-20 1.957E-19 2.528E-19
 2.231E-19 1.608E-19 6.184E-20 0.000E+00 0.000E+00 6.729E-20 8.630E-20 4.548E-20 2.975E-20 0.000E+00
 0.000E+00 1.346E-21 5.914E-20 0.000E+00 0.000E+00 0.000E+00 0.000E+00 0.000E+00 0.000E+00 0.000E+00
 0.000E+00 0.000E+00 0.000E+00 0.000E+00 0.000E+00 0.000E+00 0.000E+00 0.000E+00 0.000E+00 0.000E+00
 0.000E+00 0.000E+00 0.000E+00 0.000E+00 0.000E+00 0.000E+00 0.000E+00 2.105E-20 3.555E-20 8.057E-20
 7.211E-20 0.000E+00 0.000E+00 0.000E+00 0.000E+00 1.410E-19 1.815E-19 1.770E-19 1.990E-19 1.369E-19
 1.289E-19 8.242E-20 7.034E-20 1.833E-19 3.122E-19 3.486E-19 3.246E-19 3.233E-19 3.179E-19 3.643E-19
 4.805E-19 5.720E-19 5.482E-19 5.055E-19 4.863E-19 5.310E-19 6.370E-19 6.217E-19 5.463E-19 6.224E-19
 7.027E-19 7.190E-19 8.080E-19 9.503E-19 1.047E-18 1.029E-18 1.011E-18 1.116E-18 1.221E-18 1.172E-18
 1.005E-18 8.784E-19 7.457E-19 7.837E-19 7.198E-19 5.454E-19 4.862E-19 4.795E-19 5.312E-19 4.934E-19
 4.302E-19 5.063E-19 5.417E-19 4.523E-19 3.725E-19 3.196E-19 2.733E-19 2.540E-19 2.023E-19 7.554E-20
 5.721E-20 1.897E-19 3.558E-19 3.437E-19 2.679E-19 2.392E-19 2.057E-19 2.009E-19 1.877E-19 2.272E-19
 2.513E-19 1.899E-19 2.134E-19 2.908E-19 2.361E-19 1.963E-19 2.896E-19 2.293E-19 3.372E-20 3.016E-20
 1.800E-19 2.813E-19 3.268E-19 3.387E-19 2.889E-19 1.110E-19 0.000E+00 1.232E-20 2.562E-19 4.332E-19
 4.111E-19 3.817E-19 3.636E-19 1.677E-19 1.960E-20 0.000E+00 1.611E-19 2.305E-19 1.738E-19 2.452E-19
 4.045E-19 3.838E-19 2.143E-19 1.247E-19 1.691E-19 1.926E-19 2.220E-19 2.581E-19 2.806E-19 3.145E-19
 2.682E-19 2.605E-19 3.713E-19 3.884E-19 2.585E-19 1.466E-19 2.234E-19 2.887E-19 2.699E-19 2.948E-19
 4.326E-19 4.166E-19 2.397E-19 2.139E-19 3.254E-19 3.643E-19 3.751E-19 4.213E-19 4.333E-19 3.051E-19
 3.051E-19 1.795E-19 1.325E-19 1.859E-19 2.793E-19 3.430E-19 5.044E-19 4.695E-19 2.724E-19 2.561E-19
 2.204E-19 1.702E-19 1.735E-19 3.133E-19 5.533E-19 6.269E-19 4.678E-19 3.635E-19 2.729E-19 1.984E-19
 2.792E-19 3.214E-19 2.496E-19 2.772E-19 3.952E-19 4.104E-19 3.553E-19 2.861E-19 2.933E-19 5.642E-19
 6.627E-19 4.796E-19 3.974E-19 4.353E-19 3.606E-19 2.503E-19 3.135E-19 5.252E-19 4.290E-19 3.205E-19
 3.807E-19 4.858E-19 5.222E-19 4.558E-19 4.630E-19 5.967E-19 5.147E-19 4.278E-19 5.264E-19 6.563E-19
 6.017E-19 4.558E-19 5.660E-19 7.639E-19 6.017E-19 3.832E-19 4.070E-19 4.988E-19 5.554E-19 4.485E-19
 3.784E-19 4.834E-19 5.957E-19 7.058E-19 7.183E-19 6.263E-19 5.995E-19 6.476E-19 6.531E-19 6.652E-19
 8.421E-19 9.243E-19 7.511E-19 6.266E-19 5.105E-19 5.611E-19 6.649E-19 5.363E-19 5.840E-19 6.805E-19
 6.638E-19 6.627E-19 6.819E-19 7.423E-19 7.491E-19 5.520E-19 5.442E-19 7.876E-19 7.841E-19 5.791E-19
 5.145E-19 6.614E-19 7.949E-19 5.950E-19 4.734E-19 5.766E-19 6.391E-19 7.363E-19 7.388E-19 7.835E-19
 1.106E-18 9.097E-19 5.680E-19 5.559E-19 6.607E-19 6.075E-19 5.718E-19 6.580E-19 8.461E-19 8.532E-19
 7.694E-19 6.849E-19 5.403E-19 4.030E-19 4.239E-19 6.886E-19 9.174E-19 8.245E-19 6.393E-19 6.976E-19
 7.515E-19 6.781E-19 6.173E-19 7.556E-19 8.980E-19 9.245E-19 7.869E-19 6.612E-19 7.401E-19 8.013E-19
 7.376E-19 7.517E-19 7.817E-19 8.104E-19 7.948E-19 6.663E-19 7.117E-19 8.284E-19 6.782E-19 4.707E-19
 5.538E-19 7.510E-19 8.734E-19 8.617E-19 7.619E-19 7.157E-19 6.725E-19 5.535E-19 6.169E-19 7.126E-19
 7.197E-19 6.770E-19 6.368E-19 6.325E-19 6.881E-19 7.227E-19 6.812E-19 8.166E-19 9.382E-19 9.919E-19
 8.644E-19 6.599E-19 5.450E-19 5.769E-19 6.647E-19 7.940E-19 8.640E-19 9.270E-19 9.459E-19 8.122E-19
 6.955E-19 6.955E-19 6.222E-19 8.610E-19 1.095E-18 1.050E-18 9.669E-19 8.570E-19 7.402E-19 5.702E-19
 5.460E-19 7.850E-19 1.019E-18 1.089E-18 9.724E-19 7.837E-19 7.735E-19 6.743E-19 4.677E-19 4.797E-19
 7.478E-19 9.432E-19 1.010E-18 8.535E-19 5.671E-19 5.616E-19 7.254E-19 7.790E-19 9.403E-19 1.164E-18
 1.127E-18 1.095E-18 8.828E-19 6.464E-19 5.805E-19 7.298E-19 8.282E-19 8.095E-19 8.990E-19 9.759E-19
 9.377E-19 9.170E-19 8.952E-19 7.512E-19 6.970E-19 7.497E-19 7.119E-19 8.075E-19 8.959E-19 9.901E-19
 1.034E-18 7.517E-19 4.339E-19 5.533E-19 9.710E-19 1.242E-18 1.251E-18 9.416E-19 7.072E-19 6.766E-19
 6.400E-19 5.586E-19 6.893E-19 9.755E-19 1.154E-18 1.029E-18 9.383E-19 9.900E-19 9.067E-19 7.148E-19
 5.436E-19 5.590E-19 8.293E-19 9.322E-19 6.903E-19 5.406E-19 5.408E-19 6.034E-19 5.546E-19 5.853E-19
 9.715E-19 1.307E-18 1.240E-18 1.038E-18 8.596E-19 8.373E-19 9.613E-19 9.008E-19 9.053E-19 1.085E-18
 1.097E-18 8.374E-19 5.862E-19 5.147E-19 5.491E-19 5.695E-19 5.540E-19 6.526E-19 9.411E-19 9.911E-19
 8.545E-19 8.362E-19 8.963E-19 1.047E-18 1.022E-18 7.299E-19 6.817E-19 8.684E-19 8.528E-19 7.359E-19
 7.995E-19 7.588E-19 6.525E-19 5.068E-19 5.051E-19 9.942E-19 1.389E-18 1.218E-18 8.682E-19 5.641E-19
 5.464E-19 7.080E-19 7.163E-19 7.971E-19 1.016E-18 1.117E-18 9.633E-19 7.046E-19 4.538E-19 3.501E-19
 4.662E-19 6.366E-19 7.535E-19 9.638E-19 1.033E-18 7.842E-19 5.796E-19 5.175E-19 4.974E-19 5.822E-19
 9.166E-19 1.132E-18 1.040E-18 8.844E-19 6.516E-19 6.000E-19 7.012E-19 6.862E-19 4.966E-19 4.085E-19
 5.183E-19 7.649E-19 9.070E-19 7.946E-19 7.160E-19 6.896E-19 6.037E-19 4.420E-19 5.057E-19 5.962E-19
 8.573E-19 1.044E-18 7.999E-19 5.200E-19 2.878E-19 2.397E-19 3.079E-19 4.127E-19 4.900E-19 6.905E-19
 9.591E-19 8.796E-19 5.000E-19 3.349E-19 4.553E-19 7.372E-19 8.703E-19 9.765E-19 1.027E-18 7.769E-19
 4.622E-19 3.208E-19 2.645E-19 2.459E-19 3.377E-19 5.214E-19 6.377E-19 6.099E-19 5.322E-19 4.890E-19
 5.070E-19 4.998E-19 5.293E-19 4.976E-19 5.311E-19 7.065E-19 8.275E-19 7.955E-19 5.691E-19 4.232E-19
 5.615E-19 6.232E-19 4.010E-19 4.174E-19 7.307E-19 9.263E-19 8.812E-19 8.131E-19 6.024E-19 3.810E-19
 3.487E-19 4.104E-19 5.961E-19 8.030E-19 7.795E-19 7.429E-19 6.612E-19 4.184E-19 3.874E-19 4.886E-19
 4.415E-19 4.204E-19 6.333E-19 6.275E-19 5.312E-19 3.943E-19 3.094E-19 2.699E-19 2.183E-19 2.320E-19
 5.239E-19 8.248E-19 8.336E-19 6.566E-19 5.689E-19 6.134E-19 5.829E-19 5.332E-19 3.558E-19 3.480E-19
 4.298E-19 4.039E-19 3.784E-19 4.159E-19 5.154E-19 5.883E-19 6.504E-19 7.218E-19 8.506E-19 8.720E-19
 8.140E-19 7.620E-19 7.033E-19 6.633E-19 5.612E-19 3.994E-19 3.684E-19 3.919E-19 3.630E-19 4.221E-19
 6.817E-19 8.001E-19 6.532E-19 5.819E-19 7.260E-19 8.704E-19 9.602E-19 8.745E-19 6.449E-19 6.380E-19
 7.026E-19 7.671E-19 7.139E-19 6.885E-19 6.317E-19 6.111E-19 5.824E-19 4.740E-19 4.549E-19 6.206E-19
 8.519E-19 9.666E-19 9.138E-19 7.375E-19 7.202E-19 6.514E-19 5.013E-19 5.194E-19 5.779E-19 6.812E-19
 9.630E-19 1.005E-18 7.461E-19 7.382E-19 8.815E-19 8.813E-19 8.605E-19 7.562E-19 6.117E-19 5.876E-19
 6.984E-19 8.296E-19 7.785E-19 7.046E-19 7.402E-19 7.934E-19 7.506E-19 7.084E-19 8.188E-19 9.743E-19
 9.665E-19 9.047E-19 6.598E-19 4.018E-19 4.272E-19 5.452E-19 5.558E-19 5.446E-19 6.625E-19 9.868E-19
 1.254E-18 1.046E-18 7.429E-19 6.834E-19 8.027E-19 1.005E-18 1.018E-18 8.011E-19 6.565E-19 5.137E-19
 4.918E-19 5.548E-19 5.133E-19 5.103E-19 5.556E-19 4.531E-19 4.472E-19 7.758E-19 1.101E-18 8.763E-19
 4.831E-19 3.730E-19 3.174E-19 3.174E-19 4.314E-19 7.011E-19 8.842E-19 8.688E-19 7.090E-19 7.895E-19
 9.091E-19 8.351E-19 8.043E-19 1.025E-18 1.315E-18 1.429E-18 1.136E-18 7.215E-19 4.891E-19 4.877E-19
 6.005E-19 7.075E-19 7.247E-19 7.660E-19 9.647E-19 1.077E-18 1.007E-18 8.764E-19 9.395E-19 1.095E-18
 1.038E-18 8.291E-19 7.751E-19 8.222E-19 8.389E-19 7.939E-19 7.274E-19 6.959E-19 8.620E-19 9.904E-19
 8.929E-19 1.037E-18 1.301E-18 1.251E-18 1.282E-18 1.167E-18 8.935E-19 6.921E-19 5.974E-19 6.795E-19
 8.677E-19 9.422E-19 9.229E-19 9.638E-19 9.298E-19 8.872E-19 9.092E-19 9.324E-19 9.701E-19 1.071E-18
 9.504E-19 8.172E-19 8.219E-19 7.862E-19 6.508E-19 6.199E-19 6.807E-19 9.880E-19 1.200E-18 9.864E-19
 9.116E-19 1.164E-18 1.182E-18 1.122E-18 1.094E-18 8.887E-19 8.082E-19 8.132E-19 8.325E-19 8.186E-19
 7.865E-19 8.189E-19 8.752E-19 9.308E-19 9.269E-19 9.973E-19 9.297E-19 7.871E-19 8.691E-19 8.608E-19
 8.123E-19 7.352E-19 6.976E-19 7.598E-19 7.778E-19 9.091E-19 1.102E-18 1.185E-18 1.029E-18 9.696E-19
 1.186E-18 1.340E-18 1.451E-18 1.349E-18 9.798E-19 7.318E-19 7.153E-19 8.194E-19 9.069E-19 8.964E-19
 8.867E-19 9.260E-19 9.136E-19 9.334E-19 8.879E-19 8.309E-19 8.799E-19 8.959E-19 7.103E-19 4.762E-19
 2.629E-19 4.896E-19 8.715E-19 4.468E-19 2.867E-19 6.553E-19 8.022E-19 8.189E-19 9.706E-19 1.081E-18
 1.258E-18 1.414E-18 1.295E-18 1.057E-18 9.096E-19 9.773E-19 1.194E-18 1.297E-18 1.204E-18 1.215E-18
 1.225E-18 1.115E-18 1.081E-18 1.111E-18 1.210E-18 1.345E-18 1.381E-18 1.285E-18 1.082E-18 9.230E-19
 8.907E-19 1.017E-18 1.353E-18 1.589E-18 1.513E-18 1.323E-18 1.236E-18 1.263E-18 1.332E-18 1.483E-18
 1.526E-18 1.272E-18 1.062E-18 1.184E-18 1.334E-18 1.324E-18 1.363E-18 1.487E-18 1.404E-18 1.293E-18
 1.349E-18 1.449E-18 1.494E-18 1.429E-18 1.447E-18 1.501E-18 1.420E-18 1.341E-18 1.275E-18 1.376E-18
 1.518E-18 1.561E-18 1.499E-18 1.455E-18 1.589E-18 1.832E-18 1.887E-18 1.778E-18 1.799E-18 1.772E-18
 1.603E-18 1.588E-18 1.604E-18 1.514E-18 1.546E-18 1.535E-18 1.385E-18 1.370E-18 1.469E-18 1.500E-18
 1.524E-18 1.669E-18 1.805E-18 1.790E-18 1.745E-18 1.672E-18 1.621E-18 1.639E-18 1.767E-18 1.668E-18
 1.565E-18 1.724E-18 1.855E-18 1.814E-18 1.634E-18 1.626E-18 1.877E-18 2.130E-18 2.170E-18 1.834E-18
 1.596E-18 1.792E-18 1.894E-18 1.734E-18 1.563E-18 1.543E-18 1.655E-18 1.789E-18 1.801E-18 1.756E-18
 1.789E-18 1.957E-18 2.049E-18 1.884E-18 1.761E-18 1.798E-18 1.849E-18 1.870E-18 1.973E-18 1.997E-18
 1.823E-18 1.813E-18 1.932E-18 1.916E-18 1.943E-18 2.198E-18 2.345E-18 2.261E-18 2.208E-18 2.257E-18
 2.140E-18 1.984E-18 2.072E-18 2.073E-18 2.026E-18 2.122E-18 2.074E-18 2.075E-18 2.136E-18 2.086E-18
 2.006E-18 1.999E-18 2.014E-18 2.057E-18 2.251E-18 2.297E-18 2.146E-18 1.976E-18 2.124E-18 2.221E-18
 1.925E-18 1.750E-18 1.982E-18 2.565E-18 2.904E-18 2.600E-18 2.079E-18 1.859E-18 2.072E-18 2.400E-18
 2.540E-18 2.407E-18 2.436E-18 2.557E-18 2.680E-18 2.524E-18 2.263E-18 2.267E-18 2.222E-18 2.188E-18
 2.261E-18 2.314E-18 2.399E-18 2.351E-18 2.259E-18 2.370E-18 2.468E-18 2.517E-18 2.541E-18 2.666E-18
 3.014E-18 3.037E-18 2.687E-18 2.625E-18 2.616E-18 2.437E-18 2.341E-18 2.446E-18 2.752E-18 2.901E-18
 2.871E-18 2.838E-18 2.974E-18 3.150E-18 3.194E-18 3.021E-18 2.799E-18 2.899E-18 2.897E-18 2.822E-18
 2.625E-18 2.558E-18 2.513E-18 2.713E-18 2.919E-18 2.856E-18 2.938E-18 3.111E-18 3.229E-18 3.277E-18
 3.128E-18 3.053E-18 3.000E-18 2.957E-18 2.953E-18 2.902E-18 3.083E-18 3.499E-18 3.449E-18 3.237E-18
 3.076E-18 3.211E-18 3.545E-18 3.451E-18 3.325E-18 3.353E-18 3.384E-18 3.322E-18 3.346E-18 3.437E-18
 3.441E-18 3.483E-18 3.584E-18 3.570E-18 3.515E-18 3.614E-18 3.842E-18 3.992E-18 3.719E-18 3.215E-18
 3.206E-18 3.468E-18 3.640E-18 3.598E-18 3.727E-18 3.837E-18 3.737E-18 3.742E-18 3.765E-18 3.879E-18
 4.137E-18 4.340E-18 4.269E-18 3.941E-18 3.695E-18 3.692E-18 3.811E-18 3.784E-18 3.576E-18 3.306E-18
 3.516E-18 3.905E-18 4.232E-18 4.140E-18 3.946E-18 3.948E-18 3.991E-18 4.075E-18 3.904E-18 4.059E-18
 4.581E-18 4.327E-18 3.866E-18 4.020E-18 4.355E-18 4.397E-18 4.123E-18 4.041E-18 4.451E-18 4.728E-18
 4.386E-18 4.047E-18 4.049E-18 4.506E-18 4.835E-18 4.406E-18 4.382E-18 4.599E-18 4.738E-18 4.844E-18
 4.940E-18 4.868E-18 4.597E-18 4.757E-18 5.048E-18 4.910E-18 4.519E-18 4.699E-18 4.930E-18 4.863E-18
 4.841E-18 5.139E-18 5.363E-18 5.014E-18 4.505E-18 4.560E-18 4.654E-18 4.865E-18 5.076E-18 5.380E-18
 5.556E-18 5.043E-18 4.853E-18 5.233E-18 5.340E-18 5.567E-18 5.446E-18 5.000E-18 4.928E-18 5.011E-18
 5.177E-18 5.138E-18 5.769E-18 6.323E-18 5.791E-18 5.409E-18 5.678E-18 5.581E-18 5.653E-18 6.258E-18
 6.165E-18 6.131E-18 6.285E-18 6.376E-18 6.190E-18 5.521E-18 5.261E-18 5.541E-18 5.744E-18 5.690E-18
 6.206E-18 6.780E-18 6.908E-18 6.535E-18 5.981E-18 5.833E-18 6.325E-18 6.825E-18 6.737E-18 6.102E-18
 5.878E-18 6.015E-18 5.898E-18 6.110E-18 6.654E-18 7.064E-18 7.281E-18 7.116E-18 6.829E-18 7.418E-18
 7.477E-18 7.009E-18 6.795E-18 6.780E-18 7.103E-18 6.654E-18 6.722E-18 7.466E-18 7.754E-18 7.533E-18
 6.799E-18 7.558E-18 8.961E-18 8.950E-18 8.655E-18 8.422E-18 7.776E-18 7.390E-18 7.433E-18 8.160E-18
 8.926E-18 8.382E-18 7.813E-18 7.540E-18 7.186E-18 8.150E-18 9.357E-18 9.724E-18 8.425E-18 6.972E-18
 6.451E-18 6.727E-18 7.071E-18 7.631E-18 7.637E-18 7.158E-18 7.063E-18 7.100E-18 7.663E-18 7.447E-18
 7.507E-18 8.273E-18 7.745E-18 7.092E-18 7.222E-18 8.096E-18 8.367E-18 8.013E-18 8.290E-18 9.206E-18
 1.008E-17 9.042E-18 8.204E-18 8.250E-18 8.366E-18 8.314E-18 7.900E-18 7.464E-18 7.674E-18 8.546E-18
 9.096E-18 8.494E-18 9.030E-18 8.689E-18 7.772E-18 8.042E-18 8.916E-18 1.022E-17 1.044E-17 9.437E-18
 8.673E-18 8.217E-18 8.221E-18 8.327E-18 9.328E-18 1.028E-17 9.874E-18 8.844E-18 8.013E-18 7.620E-18
 7.838E-18 8.165E-18 8.562E-18 9.390E-18 8.969E-18 9.239E-18 1.030E-17 1.020E-17 9.828E-18 1.012E-17
 9.970E-18 1.043E-17 1.178E-17 1.241E-17 1.065E-17 9.529E-18 9.786E-18 9.005E-18 8.205E-18 8.811E-18
 9.934E-18 1.040E-17 1.095E-17 1.095E-17 9.860E-18 1.045E-17 1.103E-17 1.059E-17 1.196E-17 1.247E-17
 1.099E-17 1.104E-17 1.152E-17 1.209E-17 1.374E-17 1.553E-17 1.517E-17 1.522E-17 1.490E-17 1.378E-17
 1.431E-17 1.534E-17 1.465E-17 1.272E-17 1.068E-17 1.012E-17 1.216E-17 1.197E-17 1.179E-17 1.231E-17
 1.292E-17 1.197E-17 1.056E-17 1.124E-17 1.211E-17 1.200E-17 1.165E-17 1.186E-17 1.241E-17 1.189E-17
 1.051E-17 1.254E-17 1.271E-17 9.971E-18 1.007E-17 1.131E-17 1.232E-17 1.333E-17 1.289E-17 1.063E-17
 9.199E-18 9.001E-18 1.118E-17 1.260E-17 1.239E-17 1.088E-17 1.043E-17 1.028E-17 9.622E-18 1.062E-17
 1.324E-17 1.298E-17 1.082E-17 1.097E-17 1.180E-17 1.055E-17 1.137E-17 1.480E-17 1.261E-17 1.037E-17
 1.046E-17 1.119E-17 1.327E-17 1.439E-17 1.305E-17 1.143E-17 1.067E-17 1.227E-17 1.307E-17 1.242E-17
 1.162E-17 1.227E-17 1.230E-17 1.078E-17 1.200E-17 1.389E-17 1.338E-17 1.252E-17 1.346E-17 1.317E-17
 1.137E-17 1.335E-17 1.407E-17 1.214E-17 1.216E-17 1.328E-17 1.455E-17 1.410E-17 1.217E-17 1.188E-17
 1.256E-17 1.410E-17 1.462E-17 1.281E-17 1.081E-17 1.137E-17 1.213E-17 1.190E-17 1.367E-17 1.475E-17
 1.360E-17 1.162E-17 1.116E-17 1.135E-17 1.255E-17 1.529E-17 1.503E-17 1.348E-17 1.159E-17 1.198E-17
 1.421E-17 1.288E-17 1.273E-17 1.407E-17 1.465E-17 1.324E-17 1.185E-17 1.130E-17 1.319E-17 1.588E-17
 1.631E-17 1.615E-17 1.467E-17 1.389E-17 1.316E-17 1.332E-17 1.462E-17 1.624E-17 1.587E-17 1.423E-17
 1.398E-17 1.373E-17 1.749E-17 1.934E-17 1.934E-17 2.200E-17 2.504E-17 2.487E-17 2.319E-17 2.355E-17
 2.506E-17 2.656E-17 2.809E-17 2.993E-17 3.032E-17 3.014E-17 2.712E-17 2.508E-17 2.697E-17 2.972E-17
 2.912E-17 2.640E-17 2.352E-17 2.135E-17 2.262E-17 2.250E-17 2.177E-17 2.277E-17 2.318E-17 2.057E-17
 1.865E-17 2.010E-17 2.339E-17 2.616E-17 2.685E-17 2.307E-17 1.960E-17 1.905E-17 2.040E-17 2.383E-17
 2.595E-17 2.255E-17 1.643E-17 1.196E-17 1.105E-17 1.385E-17 1.503E-17 1.441E-17 1.202E-17 9.239E-18
 7.651E-18 7.844E-18 1.102E-17 1.432E-17 1.344E-17 1.054E-17 8.543E-18 8.154E-18 9.410E-18 1.277E-17
 1.413E-17 1.181E-17 9.789E-18 8.442E-18 8.929E-18 1.250E-17 1.355E-17 1.200E-17 1.016E-17 8.360E-18
 7.550E-18 8.333E-18 1.073E-17 1.244E-17 1.214E-17 1.045E-17 1.010E-17 1.049E-17 1.157E-17 1.411E-17
 1.303E-17 9.829E-18 7.988E-18 6.930E-18 8.866E-18 1.250E-17 1.280E-17 1.038E-17 8.170E-18 7.085E-18
 8.325E-18 1.347E-17 1.601E-17 1.293E-17 8.450E-18 6.431E-18 7.603E-18 1.161E-17 1.355E-17 1.111E-17
 8.744E-18 7.321E-18 7.973E-18 1.142E-17 1.275E-17 1.050E-17 7.876E-18 5.767E-18 5.905E-18 9.621E-18
 1.250E-17 1.157E-17 8.430E-18 5.889E-18 6.718E-18 1.112E-17 1.406E-17 1.120E-17 7.264E-18 5.628E-18
 8.085E-18 1.367E-17 1.478E-17 1.057E-17 7.094E-18 6.707E-18 9.896E-18 1.319E-17 1.139E-17 7.769E-18
 7.030E-18 8.704E-18 1.277E-17 1.462E-17 1.163E-17 9.170E-18 1.045E-17 1.432E-17 1.733E-17 1.658E-17
 1.881E-17 2.635E-17 3.250E-17 4.132E-17 4.994E-17 5.405E-17 5.141E-17 5.140E-17 5.073E-17 4.972E-17
 4.852E-17 4.668E-17 4.577E-17 4.777E-17 4.849E-17 4.876E-17 4.796E-17 4.829E-17 5.137E-17 5.432E-17
 5.517E-17 5.471E-17 5.386E-17 5.306E-17 5.441E-17 5.592E-17 5.713E-17 5.654E-17 5.549E-17 5.662E-17
 5.905E-17 5.949E-17 6.263E-17 6.481E-17 6.500E-17 6.503E-17 6.397E-17 6.247E-17 6.121E-17 5.920E-17
 5.669E-17 5.455E-17 5.164E-17 4.561E-17 3.402E-17 1.798E-17 4.882E-18 9.221E-19 1.695E-18 3.579E-18
 4.209E-18 3.673E-18 3.136E-18 2.792E-18 2.762E-18 3.332E-18 3.643E-18 3.713E-18 3.490E-18 3.268E-18
 3.526E-18 4.115E-18 4.756E-18 5.234E-18 5.130E-18 4.734E-18 4.040E-18 4.154E-18 4.801E-18 5.992E-18
 6.083E-18 4.654E-18 4.226E-18 5.157E-18 6.237E-18 5.504E-18 4.259E-18 3.953E-18 5.339E-18 6.551E-18
 4.867E-18 4.127E-18 5.991E-18 8.777E-18 8.198E-18 5.728E-18 6.043E-18 7.913E-18 8.873E-18 6.471E-18
 4.859E-18 6.547E-18 1.008E-17 9.050E-18 4.620E-18 3.987E-18 7.095E-18 1.028E-17 7.500E-18 4.168E-18
 5.083E-18 9.679E-18 1.029E-17 6.472E-18 5.806E-18 9.467E-18 1.223E-17 7.471E-18 5.061E-18 9.123E-18
 1.560E-17 1.257E-17 5.326E-18 4.695E-18 1.041E-17 1.352E-17 8.297E-18 5.551E-18 9.599E-18 1.547E-17
 1.131E-17 6.364E-18 8.108E-18 1.500E-17 1.472E-17 6.841E-18 5.325E-18 1.206E-17 1.800E-17 1.162E-17
 6.930E-18 1.056E-17 1.960E-17 1.526E-17 5.211E-18 5.204E-18 1.400E-17 1.746E-17 7.839E-18 3.981E-18
 8.943E-18 1.758E-17 1.274E-17 4.628E-18 5.987E-18 1.532E-17 1.792E-17 8.561E-18 5.038E-18 9.920E-18
 2.007E-17 1.512E-17 5.149E-18 5.231E-18 1.361E-17 2.042E-17 1.153E-17 4.994E-18 8.153E-18 1.791E-17
 2.070E-17 1.081E-17 6.568E-18 1.268E-17 2.411E-17 2.599E-17 1.412E-17 7.378E-18 8.693E-18 1.277E-17
 1.617E-17 1.235E-17 7.273E-18 7.650E-18 1.197E-17 1.928E-17 2.222E-17 1.647E-17 9.751E-18 8.430E-18
 1.082E-17 1.447E-17 1.452E-17 1.173E-17 9.341E-18 8.926E-18 1.355E-17 1.683E-17 1.413E-17 1.170E-17
 1.111E-17 9.129E-18 9.089E-18 1.074E-17 1.184E-17 1.354E-17 1.360E-17 1.254E-17 1.487E-17 1.405E-17
 1.173E-17 1.045E-17 9.528E-18 1.025E-17 1.004E-17 7.575E-18 7.843E-18 1.147E-17 1.018E-17 7.456E-18
 8.788E-18 1.089E-17 1.065E-17 9.951E-18 1.104E-17 1.014E-17 8.900E-18 1.035E-17 1.310E-17 1.246E-17
 9.767E-18 8.774E-18 8.227E-18 7.905E-18 7.595E-18 7.362E-18 8.588E-18 8.006E-18 6.194E-18 6.014E-18
 5.495E-18 5.484E-18 8.597E-18 1.219E-17 1.097E-17 8.050E-18 6.698E-18 6.772E-18 6.931E-18 6.156E-18
 4.030E-18 3.292E-18 5.593E-18 8.487E-18 8.206E-18 6.141E-18 4.349E-18 3.281E-18 2.492E-18 3.540E-18
 7.472E-18 9.437E-18 7.277E-18 5.441E-18 5.846E-18 5.355E-18 3.733E-18 3.512E-18 3.472E-18 3.235E-18
 3.478E-18 3.880E-18 3.263E-18 3.299E-18 3.647E-18 3.165E-18 4.042E-18 6.691E-18 6.828E-18 5.252E-18
 5.765E-18 5.640E-18 4.194E-18 4.662E-18 5.236E-18 3.752E-18 2.638E-18 2.494E-18 2.285E-18 2.536E-18
 3.985E-18 4.756E-18 3.646E-18 2.630E-18 2.144E-18 2.343E-18 2.983E-18 3.131E-18 3.102E-18 3.116E-18
 4.018E-18 4.459E-18 3.259E-18 1.761E-18 1.319E-18 1.742E-18 2.516E-18 2.007E-18 1.011E-18 7.285E-19
 1.353E-18 2.809E-18 3.631E-18 2.555E-18 1.838E-18 2.296E-18 3.069E-18 3.262E-18 2.747E-18 1.681E-18
 9.175E-19 9.182E-19 1.752E-18 2.345E-18 2.268E-18 1.611E-18 8.315E-19 5.976E-19 9.114E-19 1.330E-18
 1.346E-18 9.990E-19 1.043E-18 1.545E-18 2.125E-18 2.331E-18 3.058E-18 3.338E-18 2.030E-18 1.644E-18
 2.914E-18 3.238E-18 1.927E-18 1.209E-18 1.344E-18 1.702E-18 1.799E-18 1.538E-18 9.389E-19 7.592E-19
 9.669E-19 1.087E-18 1.034E-18 1.108E-18 1.114E-18 9.482E-19 1.136E-18 1.660E-18 2.026E-18 2.111E-18
 2.055E-18 1.360E-18 7.301E-19 7.378E-19 1.035E-18 1.252E-18 1.098E-18 8.151E-19 8.137E-19 9.319E-19
 1.107E-18 1.295E-18 1.203E-18 1.109E-18 8.351E-19 5.790E-19 4.608E-19 3.764E-19 2.574E-19 4.231E-19
 1.199E-18 2.288E-18 1.853E-18 7.843E-19 6.957E-19 7.852E-19 6.678E-19 5.713E-19 5.384E-19 5.664E-19
 6.265E-19 8.486E-19 9.849E-19 8.422E-19 6.277E-19 5.965E-19 6.882E-19 9.357E-19 1.045E-18 9.085E-19
 8.149E-19 8.674E-19 1.063E-18 1.519E-18 1.898E-18 1.647E-18 1.101E-18 6.037E-19 5.093E-19 6.999E-19
 1.204E-18 1.297E-18 8.814E-19 5.610E-19 4.152E-19 5.445E-19 6.960E-19 6.540E-19 6.885E-19 1.085E-18
 1.212E-18 7.446E-19 3.012E-19 3.475E-19 5.119E-19 4.622E-19 3.303E-19 4.938E-19 6.657E-19 5.699E-19
 6.853E-19 1.025E-18 1.031E-18 8.165E-19 6.249E-19 5.148E-19 4.607E-19 6.360E-19 9.263E-19 7.817E-19
 5.077E-19 4.404E-19 5.004E-19 4.951E-19 5.414E-19 5.984E-19 5.664E-19 6.117E-19 7.149E-19 6.998E-19
 6.763E-19 8.202E-19 1.056E-18 1.080E-18 6.569E-19 3.007E-19 3.188E-19 4.517E-19 5.065E-19 3.913E-19
 4.791E-19 7.081E-19 6.471E-19 5.015E-19 4.351E-19 4.759E-19 6.421E-19 5.742E-19 3.965E-19 3.284E-19
 3.189E-19 3.898E-19 3.882E-19 3.806E-19 3.369E-19 3.369E-19 2.305E-19 3.644E-19 7.212E-19 1.120E-18
 9.598E-19 5.136E-19 3.443E-19 3.251E-19 5.261E-19 7.891E-19 8.239E-19 5.400E-19 4.665E-19 5.453E-19
 5.300E-19 4.618E-19 3.929E-19 4.208E-19 5.929E-19 6.653E-19 5.908E-19 3.283E-19 2.534E-19 0.000E+00
