       CF4 1255.0070 1289.9870      2359  253.0000    0.0000 8.229E-17  NCAR    CFC-14
 2.935E-19 3.185E-19 3.398E-19 3.576E-19 3.860E-19 3.208E-19 3.208E-19 3.854E-19 4.464E-19 4.363E-19
 3.553E-19 2.523E-19 1.921E-19 2.399E-19 2.726E-19 2.698E-19 2.823E-19 3.716E-19 4.136E-19 4.274E-19
 3.625E-19 2.645E-19 2.096E-19 2.538E-19 3.683E-19 4.212E-19 3.759E-19 2.946E-19 1.744E-19 2.002E-19
 3.293E-19 3.651E-19 3.398E-19 3.961E-19 5.172E-19 5.232E-19 3.939E-19 3.065E-19 2.716E-19 2.785E-19
 4.072E-19 3.953E-19 3.187E-19 2.972E-19 3.023E-19 2.941E-19 3.430E-19 3.917E-19 4.506E-19 5.409E-19
 5.743E-19 5.855E-19 5.259E-19 4.986E-19 3.687E-19 2.832E-19 3.165E-19 3.171E-19 2.998E-19 3.775E-19
 4.459E-19 4.686E-19 4.722E-19 4.488E-19 3.991E-19 3.849E-19 4.909E-19 5.073E-19 4.017E-19 4.540E-19
 5.622E-19 5.538E-19 4.758E-19 3.570E-19 3.313E-19 3.027E-19 3.026E-19 3.748E-19 4.795E-19 5.332E-19
 4.881E-19 4.229E-19 4.443E-19 5.362E-19 4.711E-19 4.130E-19 4.441E-19 3.818E-19 4.239E-19 3.988E-19
 4.511E-19 5.355E-19 5.701E-19 6.676E-19 6.603E-19 5.026E-19 4.097E-19 4.246E-19 5.733E-19 7.142E-19
 6.247E-19 4.824E-19 4.611E-19 4.723E-19 5.349E-19 6.483E-19 6.517E-19 5.573E-19 4.723E-19 3.015E-19
 3.298E-19 4.598E-19 4.725E-19 4.854E-19 5.686E-19 6.623E-19 5.747E-19 4.111E-19 4.140E-19 5.073E-19
 4.583E-19 3.467E-19 3.448E-19 5.359E-19 6.976E-19 7.190E-19 5.864E-19 4.634E-19 3.952E-19 3.649E-19
 3.630E-19 4.170E-19 5.679E-19 6.572E-19 6.893E-19 7.789E-19 8.833E-19 7.003E-19 4.626E-19 4.455E-19
 4.057E-19 4.588E-19 5.289E-19 5.692E-19 5.505E-19 5.047E-19 5.008E-19 4.452E-19 4.815E-19 5.367E-19
 4.758E-19 4.413E-19 3.044E-19 2.584E-19 4.479E-19 6.122E-19 7.449E-19 8.326E-19 7.987E-19 7.291E-19
 6.159E-19 5.211E-19 4.429E-19 3.874E-19 4.222E-19 6.242E-19 7.125E-19 6.681E-19 6.030E-19 4.443E-19
 3.618E-19 4.176E-19 5.342E-19 5.796E-19 6.097E-19 5.529E-19 4.989E-19 6.233E-19 7.772E-19 7.295E-19
 5.042E-19 3.959E-19 4.773E-19 4.994E-19 4.692E-19 4.108E-19 3.150E-19 3.487E-19 5.178E-19 6.315E-19
 6.539E-19 6.314E-19 5.460E-19 5.125E-19 6.028E-19 7.399E-19 8.620E-19 7.041E-19 5.686E-19 6.150E-19
 5.974E-19 5.606E-19 5.021E-19 5.338E-19 5.165E-19 3.768E-19 3.296E-19 3.617E-19 4.020E-19 5.265E-19
 7.107E-19 7.422E-19 5.719E-19 3.600E-19 3.239E-19 4.201E-19 5.420E-19 6.654E-19 6.948E-19 6.845E-19
 5.793E-19 5.080E-19 4.615E-19 2.975E-19 2.087E-19 2.924E-19 3.782E-19 4.843E-19 5.700E-19 6.148E-19
 5.636E-19 5.095E-19 4.851E-19 4.071E-19 3.266E-19 4.354E-19 5.153E-19 3.679E-19 3.560E-19 4.580E-19
 5.966E-19 5.608E-19 4.399E-19 3.733E-19 3.982E-19 4.681E-19 3.615E-19 3.179E-19 4.383E-19 5.157E-19
 4.888E-19 4.586E-19 4.491E-19 4.745E-19 5.610E-19 5.978E-19 4.635E-19 4.694E-19 4.630E-19 4.214E-19
 4.205E-19 3.753E-19 3.524E-19 3.961E-19 4.983E-19 6.790E-19 6.932E-19 4.684E-19 2.377E-19 1.837E-19
 2.954E-19 2.867E-19 3.398E-19 4.566E-19 5.358E-19 4.067E-19 3.457E-19 3.407E-19 3.624E-19 3.541E-19
 3.483E-19 3.699E-19 3.698E-19 3.893E-19 4.353E-19 4.897E-19 5.424E-19 4.767E-19 3.103E-19 3.103E-19
 2.795E-19 2.624E-19 3.349E-19 4.526E-19 4.404E-19 3.203E-19 1.620E-19 1.745E-19 3.148E-19 4.173E-19
 3.391E-19 2.689E-19 3.177E-19 3.236E-19 2.480E-19 1.932E-19 2.951E-19 3.654E-19 2.366E-19 1.867E-19
 2.437E-19 2.690E-19 2.802E-19 3.292E-19 4.223E-19 3.374E-19 1.884E-19 1.786E-19 1.914E-19 2.557E-19
 3.358E-19 3.855E-19 3.303E-19 2.302E-19 1.586E-19 1.563E-19 1.628E-19 2.573E-19 3.976E-19 3.721E-19
 2.436E-19 1.782E-19 1.212E-19 8.077E-21 1.152E-20 1.431E-19 2.138E-19 2.138E-19 1.436E-19 1.931E-19
 1.513E-19 1.038E-19 1.501E-19 1.715E-19 1.626E-19 1.469E-19 8.514E-20 4.389E-20 4.389E-20 1.242E-19
 1.785E-20 0.000E+00 0.000E+00 0.000E+00 0.000E+00 0.000E+00 0.000E+00 0.000E+00 0.000E+00 0.000E+00
 0.000E+00 0.000E+00 0.000E+00 0.000E+00 0.000E+00 0.000E+00 0.000E+00 1.361E-20 0.000E+00 0.000E+00
 5.847E-20 1.391E-19 1.178E-20 0.000E+00 8.530E-20 1.710E-19 1.907E-19 2.506E-19 2.794E-19 2.852E-19
 2.379E-19 1.532E-19 1.164E-19 1.593E-19 2.854E-19 3.168E-19 3.544E-19 3.736E-19 3.858E-19 3.847E-19
 4.057E-19 4.694E-19 4.619E-19 4.014E-19 4.812E-19 6.472E-19 6.574E-19 5.917E-19 6.603E-19 7.142E-19
 7.775E-19 8.584E-19 9.462E-19 1.110E-18 1.307E-18 1.394E-18 1.395E-18 1.502E-18 1.543E-18 1.386E-18
 1.239E-18 1.171E-18 1.046E-18 9.608E-19 8.907E-19 7.103E-19 5.695E-19 5.621E-19 6.216E-19 6.023E-19
 5.693E-19 6.032E-19 6.585E-19 5.826E-19 5.145E-19 4.793E-19 3.978E-19 3.634E-19 3.258E-19 2.647E-19
 2.876E-19 4.035E-19 4.553E-19 4.005E-19 4.085E-19 4.209E-19 3.832E-19 2.257E-19 2.117E-19 3.478E-19
 4.064E-19 3.837E-19 3.680E-19 3.501E-19 3.010E-19 2.757E-19 2.976E-19 2.976E-19 2.811E-19 3.491E-19
 3.491E-19 4.989E-19 5.197E-19 4.188E-19 3.273E-19 2.751E-19 2.647E-19 2.178E-19 2.394E-19 4.143E-19
 5.054E-19 4.790E-19 4.356E-19 3.233E-19 2.200E-19 1.633E-19 2.302E-19 3.923E-19 5.360E-19 5.989E-19
 5.734E-19 5.231E-19 4.597E-19 3.997E-19 3.323E-19 3.199E-19 3.655E-19 3.655E-19 4.309E-19 4.340E-19
 3.847E-19 3.466E-19 4.122E-19 4.490E-19 4.241E-19 3.535E-19 3.204E-19 3.475E-19 3.477E-19 3.704E-19
 5.028E-19 5.147E-19 3.814E-19 3.578E-19 3.922E-19 4.006E-19 4.006E-19 4.096E-19 4.625E-19 4.427E-19
 2.514E-19 1.902E-19 2.654E-19 4.178E-19 5.456E-19 5.626E-19 6.744E-19 6.787E-19 4.607E-19 3.229E-19
 2.941E-19 3.135E-19 4.182E-19 5.251E-19 5.207E-19 5.686E-19 6.556E-19 6.052E-19 4.597E-19 4.116E-19
 3.299E-19 3.243E-19 4.193E-19 4.958E-19 5.825E-19 5.931E-19 5.392E-19 4.036E-19 4.575E-19 6.894E-19
 6.451E-19 4.646E-19 4.853E-19 6.173E-19 5.657E-19 3.839E-19 4.626E-19 7.282E-19 6.627E-19 5.970E-19
 6.979E-19 7.650E-19 7.504E-19 6.395E-19 6.334E-19 6.733E-19 5.311E-19 4.456E-19 5.795E-19 7.974E-19
 8.911E-19 7.255E-19 6.085E-19 7.009E-19 6.483E-19 5.514E-19 5.144E-19 5.151E-19 6.592E-19 7.122E-19
 6.549E-19 6.889E-19 8.041E-19 8.495E-19 7.549E-19 6.920E-19 7.092E-19 6.981E-19 6.596E-19 6.239E-19
 7.158E-19 8.555E-19 8.065E-19 7.436E-19 7.486E-19 8.616E-19 8.640E-19 6.259E-19 5.693E-19 6.910E-19
 6.817E-19 7.438E-19 8.646E-19 8.687E-19 8.728E-19 8.532E-19 9.090E-19 1.011E-18 8.724E-19 7.093E-19
 7.194E-19 7.476E-19 7.852E-19 7.257E-19 6.984E-19 7.464E-19 7.760E-19 8.382E-19 8.818E-19 9.662E-19
 1.219E-18 1.076E-18 7.780E-19 6.888E-19 7.678E-19 8.035E-19 7.866E-19 7.896E-19 8.456E-19 8.756E-19
 8.754E-19 7.568E-19 6.405E-19 6.757E-19 7.534E-19 9.032E-19 9.729E-19 9.348E-19 8.565E-19 8.851E-19
 9.374E-19 8.705E-19 7.845E-19 8.455E-19 1.044E-18 1.108E-18 9.317E-19 8.026E-19 8.844E-19 9.196E-19
 9.004E-19 8.942E-19 9.071E-19 1.041E-18 1.130E-18 9.424E-19 7.752E-19 8.371E-19 7.749E-19 5.776E-19
 6.216E-19 8.658E-19 9.735E-19 9.085E-19 8.632E-19 9.176E-19 8.589E-19 6.916E-19 7.962E-19 9.568E-19
 1.029E-18 1.021E-18 8.973E-19 8.947E-19 9.354E-19 8.482E-19 8.849E-19 1.046E-18 1.137E-18 1.218E-18
 1.106E-18 9.876E-19 7.881E-19 6.495E-19 7.895E-19 1.014E-18 9.956E-19 9.697E-19 1.046E-18 1.025E-18
 8.699E-19 7.708E-19 7.628E-19 9.626E-19 1.149E-18 1.083E-18 1.057E-18 1.105E-18 1.080E-18 8.648E-19
 6.745E-19 8.045E-19 1.124E-18 1.206E-18 1.059E-18 9.070E-19 9.657E-19 9.506E-19 7.994E-19 7.357E-19
 9.049E-19 1.067E-18 1.147E-18 1.024E-18 8.228E-19 8.863E-19 9.599E-19 9.465E-19 9.735E-19 1.069E-18
 1.130E-18 1.182E-18 9.456E-19 7.277E-19 7.714E-19 9.288E-19 8.904E-19 8.532E-19 1.042E-18 1.132E-18
 1.009E-18 9.334E-19 9.503E-19 8.786E-19 8.264E-19 8.125E-19 8.349E-19 1.002E-18 1.002E-18 1.006E-18
 1.062E-18 9.024E-19 7.107E-19 7.724E-19 1.108E-18 1.352E-18 1.349E-18 1.125E-18 9.806E-19 9.749E-19
 8.678E-19 7.431E-19 8.101E-19 1.039E-18 1.254E-18 1.214E-18 1.112E-18 1.067E-18 9.320E-19 7.544E-19
 7.358E-19 7.781E-19 9.514E-19 1.029E-18 8.502E-19 6.825E-19 6.601E-19 7.298E-19 6.771E-19 7.014E-19
 1.099E-18 1.422E-18 1.284E-18 1.024E-18 8.723E-19 1.001E-18 1.184E-18 1.090E-18 9.177E-19 9.971E-19
 1.155E-18 9.758E-19 7.284E-19 6.563E-19 7.562E-19 8.493E-19 7.852E-19 7.565E-19 9.156E-19 1.042E-18
 1.019E-18 9.631E-19 9.695E-19 1.088E-18 1.081E-18 9.246E-19 8.512E-19 8.309E-19 7.482E-19 7.216E-19
 9.080E-19 9.781E-19 7.008E-19 4.908E-19 6.299E-19 9.475E-19 1.163E-18 1.110E-18 9.891E-19 7.828E-19
 6.861E-19 7.303E-19 7.313E-19 7.792E-19 8.992E-19 1.001E-18 9.060E-19 7.407E-19 5.884E-19 5.469E-19
 7.220E-19 8.442E-19 8.972E-19 8.925E-19 8.573E-19 7.538E-19 5.973E-19 6.194E-19 7.546E-19 8.968E-19
 1.180E-18 1.332E-18 1.125E-18 9.627E-19 7.504E-19 7.598E-19 7.961E-19 6.693E-19 4.578E-19 4.276E-19
 6.721E-19 8.419E-19 7.800E-19 5.983E-19 6.170E-19 6.938E-19 6.732E-19 5.707E-19 6.545E-19 8.170E-19
 1.068E-18 1.133E-18 8.324E-19 5.380E-19 3.709E-19 3.663E-19 4.196E-19 4.922E-19 5.583E-19 7.322E-19
 9.768E-19 9.668E-19 7.362E-19 6.101E-19 6.046E-19 8.718E-19 1.107E-18 1.118E-18 1.036E-18 8.819E-19
 6.961E-19 5.261E-19 4.700E-19 4.760E-19 4.928E-19 5.077E-19 5.921E-19 6.909E-19 6.934E-19 6.266E-19
 6.599E-19 6.167E-19 5.994E-19 5.906E-19 5.974E-19 7.621E-19 8.574E-19 7.822E-19 6.331E-19 5.344E-19
 7.114E-19 8.014E-19 5.003E-19 4.316E-19 7.326E-19 9.904E-19 8.876E-19 7.821E-19 6.540E-19 4.718E-19
 4.718E-19 4.099E-19 5.985E-19 7.681E-19 8.190E-19 8.167E-19 7.494E-19 5.495E-19 4.668E-19 5.277E-19
 5.942E-19 5.392E-19 5.412E-19 4.757E-19 3.940E-19 3.488E-19 3.276E-19 3.211E-19 2.906E-19 2.942E-19
 5.748E-19 8.557E-19 8.068E-19 6.901E-19 6.844E-19 7.205E-19 6.857E-19 6.515E-19 4.578E-19 3.921E-19
 5.071E-19 5.298E-19 4.865E-19 4.958E-19 5.912E-19 6.672E-19 6.472E-19 7.172E-19 8.995E-19 1.024E-18
 9.816E-19 9.059E-19 8.492E-19 6.442E-19 4.392E-19 3.412E-19 4.243E-19 4.651E-19 3.989E-19 4.204E-19
 6.593E-19 8.510E-19 7.747E-19 7.306E-19 9.466E-19 1.098E-18 1.162E-18 1.009E-18 6.891E-19 5.989E-19
 6.385E-19 7.034E-19 6.213E-19 4.908E-19 4.385E-19 5.890E-19 7.141E-19 6.392E-19 5.475E-19 6.521E-19
 8.566E-19 9.545E-19 8.510E-19 6.802E-19 7.196E-19 7.736E-19 6.763E-19 6.127E-19 6.443E-19 6.813E-19
 8.619E-19 9.664E-19 7.930E-19 7.111E-19 8.025E-19 8.484E-19 9.182E-19 8.263E-19 6.457E-19 6.685E-19
 7.427E-19 7.953E-19 7.303E-19 6.219E-19 6.320E-19 8.165E-19 7.760E-19 6.548E-19 7.315E-19 8.570E-19
 8.353E-19 7.201E-19 5.821E-19 4.542E-19 4.521E-19 5.449E-19 5.893E-19 5.879E-19 6.195E-19 8.666E-19
 1.241E-18 1.229E-18 8.980E-19 8.441E-19 1.092E-18 1.212E-18 1.095E-18 7.947E-19 6.739E-19 6.536E-19
 5.668E-19 5.668E-19 4.515E-19 4.306E-19 4.738E-19 4.552E-19 4.770E-19 6.787E-19 6.787E-19 7.016E-19
 4.330E-19 2.958E-19 2.683E-19 3.660E-19 4.494E-19 5.592E-19 6.277E-19 6.758E-19 7.130E-19 8.347E-19
 9.691E-19 9.602E-19 9.928E-19 1.136E-18 1.304E-18 1.442E-18 1.192E-18 7.922E-19 5.504E-19 4.736E-19
 5.488E-19 6.158E-19 6.044E-19 6.533E-19 8.420E-19 9.898E-19 9.643E-19 8.520E-19 8.587E-19 9.992E-19
 9.813E-19 7.583E-19 7.078E-19 7.258E-19 7.451E-19 6.153E-19 5.579E-19 6.034E-19 7.340E-19 8.672E-19
 8.988E-19 9.858E-19 1.165E-18 1.182E-18 1.220E-18 1.111E-18 7.702E-19 6.071E-19 5.858E-19 6.447E-19
 7.228E-19 7.068E-19 7.243E-19 8.492E-19 8.386E-19 8.231E-19 9.062E-19 8.958E-19 9.080E-19 9.805E-19
 7.928E-19 7.077E-19 7.438E-19 6.709E-19 6.138E-19 6.542E-19 7.039E-19 9.220E-19 1.086E-18 9.490E-19
 8.552E-19 9.739E-19 9.903E-19 1.000E-18 9.471E-19 6.785E-19 5.724E-19 5.842E-19 6.019E-19 5.310E-19
 5.149E-19 6.924E-19 7.093E-19 5.973E-19 6.074E-19 7.673E-19 8.055E-19 7.425E-19 7.717E-19 8.151E-19
 7.160E-19 5.588E-19 5.722E-19 6.032E-19 5.618E-19 6.601E-19 9.003E-19 1.025E-18 9.014E-19 7.962E-19
 8.713E-19 1.023E-18 1.099E-18 1.004E-18 7.631E-19 6.383E-19 5.784E-19 5.185E-19 5.281E-19 5.567E-19
 5.526E-19 6.325E-19 7.568E-19 7.971E-19 7.304E-19 6.715E-19 6.840E-19 6.145E-19 3.679E-19 1.001E-19
 0.000E+00 0.000E+00 1.810E-19 1.723E-19 2.168E-19 5.093E-19 6.399E-19 6.834E-19 8.302E-19 8.760E-19
 9.172E-19 1.081E-18 1.136E-18 9.612E-19 7.144E-19 7.015E-19 8.251E-19 8.811E-19 8.027E-19 7.394E-19
 8.090E-19 8.475E-19 8.856E-19 8.214E-19 8.510E-19 1.054E-18 1.097E-18 9.445E-19 7.694E-19 6.736E-19
 6.756E-19 7.870E-19 1.080E-18 1.284E-18 1.123E-18 9.140E-19 9.008E-19 9.233E-19 9.061E-19 1.001E-18
 1.070E-18 9.595E-19 8.169E-19 8.138E-19 8.720E-19 9.362E-19 1.021E-18 1.048E-18 9.970E-19 1.005E-18
 1.065E-18 1.150E-18 1.189E-18 1.169E-18 1.071E-18 9.900E-19 1.035E-18 1.036E-18 1.021E-18 1.026E-18
 1.147E-18 1.239E-18 1.208E-18 1.084E-18 1.157E-18 1.394E-18 1.422E-18 1.275E-18 1.258E-18 1.342E-18
 1.333E-18 1.286E-18 1.179E-18 1.078E-18 1.035E-18 9.655E-19 9.505E-19 1.026E-18 1.120E-18 1.100E-18
 1.088E-18 1.184E-18 1.264E-18 1.338E-18 1.372E-18 1.330E-18 1.291E-18 1.217E-18 1.319E-18 1.380E-18
 1.230E-18 1.189E-18 1.258E-18 1.329E-18 1.235E-18 1.202E-18 1.422E-18 1.727E-18 1.723E-18 1.408E-18
 1.198E-18 1.370E-18 1.437E-18 1.199E-18 1.049E-18 1.017E-18 1.087E-18 1.195E-18 1.267E-18 1.264E-18
 1.194E-18 1.228E-18 1.328E-18 1.305E-18 1.240E-18 1.274E-18 1.295E-18 1.358E-18 1.300E-18 1.237E-18
 1.150E-18 1.180E-18 1.303E-18 1.286E-18 1.372E-18 1.622E-18 1.735E-18 1.720E-18 1.782E-18 1.736E-18
 1.603E-18 1.495E-18 1.541E-18 1.577E-18 1.473E-18 1.393E-18 1.355E-18 1.424E-18 1.496E-18 1.481E-18
 1.433E-18 1.393E-18 1.423E-18 1.418E-18 1.523E-18 1.561E-18 1.346E-18 1.193E-18 1.325E-18 1.448E-18
 1.382E-18 1.376E-18 1.466E-18 1.805E-18 2.008E-18 1.690E-18 1.380E-18 1.350E-18 1.599E-18 1.867E-18
 1.902E-18 1.703E-18 1.749E-18 1.937E-18 1.962E-18 1.734E-18 1.551E-18 1.558E-18 1.445E-18 1.369E-18
 1.495E-18 1.687E-18 1.753E-18 1.622E-18 1.527E-18 1.589E-18 1.717E-18 1.764E-18 1.773E-18 1.877E-18
 2.075E-18 2.135E-18 1.920E-18 1.837E-18 1.811E-18 1.684E-18 1.559E-18 1.590E-18 1.821E-18 1.991E-18
 1.986E-18 1.978E-18 2.167E-18 2.390E-18 2.444E-18 2.265E-18 1.981E-18 1.932E-18 1.872E-18 1.803E-18
 1.733E-18 1.730E-18 1.671E-18 1.823E-18 2.019E-18 2.009E-18 2.035E-18 2.120E-18 2.250E-18 2.382E-18
 2.261E-18 2.107E-18 2.041E-18 2.039E-18 2.019E-18 2.009E-18 2.169E-18 2.425E-18 2.333E-18 2.175E-18
 2.101E-18 2.122E-18 2.357E-18 2.366E-18 2.284E-18 2.400E-18 2.591E-18 2.490E-18 2.366E-18 2.367E-18
 2.382E-18 2.353E-18 2.410E-18 2.435E-18 2.392E-18 2.483E-18 2.628E-18 2.652E-18 2.518E-18 2.276E-18
 2.291E-18 2.447E-18 2.621E-18 2.639E-18 2.611E-18 2.610E-18 2.517E-18 2.515E-18 2.599E-18 2.677E-18
 2.827E-18 2.947E-18 2.922E-18 2.760E-18 2.609E-18 2.583E-18 2.634E-18 2.644E-18 2.565E-18 2.400E-18
 2.508E-18 2.777E-18 3.088E-18 3.096E-18 2.837E-18 2.837E-18 2.923E-18 2.918E-18 2.727E-18 2.760E-18
 2.996E-18 2.855E-18 2.655E-18 2.788E-18 2.966E-18 2.990E-18 2.821E-18 2.795E-18 3.173E-18 3.392E-18
 3.263E-18 3.009E-18 2.821E-18 3.012E-18 3.324E-18 3.228E-18 3.257E-18 3.361E-18 3.548E-18 3.727E-18
 3.819E-18 3.754E-18 3.437E-18 3.364E-18 3.543E-18 3.608E-18 3.403E-18 3.407E-18 3.593E-18 3.654E-18
 3.637E-18 3.817E-18 3.884E-18 3.712E-18 3.492E-18 3.483E-18 3.413E-18 3.464E-18 3.577E-18 3.735E-18
 3.904E-18 3.714E-18 3.496E-18 3.679E-18 3.806E-18 4.008E-18 3.896E-18 3.428E-18 3.411E-18 3.629E-18
 3.851E-18 3.826E-18 4.232E-18 4.720E-18 4.424E-18 4.061E-18 4.113E-18 4.168E-18 4.357E-18 4.709E-18
 4.620E-18 4.565E-18 4.727E-18 4.863E-18 4.668E-18 4.177E-18 3.996E-18 4.209E-18 4.471E-18 4.459E-18
 4.700E-18 4.999E-18 5.118E-18 5.009E-18 4.637E-18 4.461E-18 4.808E-18 5.093E-18 4.991E-18 4.591E-18
 4.415E-18 4.527E-18 4.413E-18 4.506E-18 5.007E-18 5.395E-18 5.567E-18 5.629E-18 5.522E-18 5.789E-18
 5.781E-18 5.496E-18 5.396E-18 5.337E-18 5.531E-18 5.276E-18 5.256E-18 5.742E-18 6.006E-18 5.931E-18
 5.552E-18 5.949E-18 6.573E-18 6.517E-18 6.355E-18 6.270E-18 6.013E-18 5.901E-18 5.884E-18 6.200E-18
 6.712E-18 6.428E-18 6.078E-18 6.028E-18 5.857E-18 6.618E-18 7.538E-18 7.787E-18 6.939E-18 5.994E-18
 5.540E-18 5.614E-18 5.754E-18 5.988E-18 5.964E-18 5.698E-18 5.743E-18 5.815E-18 6.224E-18 6.099E-18
 6.173E-18 6.704E-18 6.335E-18 5.834E-18 6.006E-18 6.815E-18 7.090E-18 6.761E-18 6.941E-18 7.526E-18
 8.218E-18 7.672E-18 7.052E-18 6.964E-18 7.004E-18 6.889E-18 6.562E-18 6.253E-18 6.389E-18 7.019E-18
 7.569E-18 7.112E-18 7.361E-18 7.285E-18 6.771E-18 7.072E-18 7.738E-18 8.426E-18 8.467E-18 7.814E-18
 7.425E-18 7.367E-18 7.495E-18 7.573E-18 8.067E-18 8.584E-18 8.261E-18 7.694E-18 7.265E-18 6.902E-18
 6.986E-18 7.226E-18 7.432E-18 8.022E-18 7.667E-18 7.870E-18 8.943E-18 9.169E-18 8.953E-18 9.223E-18
 9.114E-18 9.246E-18 1.011E-17 1.066E-17 9.295E-18 8.215E-18 8.435E-18 8.025E-18 7.324E-18 7.590E-18
 8.464E-18 8.915E-18 9.251E-18 9.513E-18 8.920E-18 9.347E-18 9.882E-18 9.552E-18 1.045E-17 1.074E-17
 9.439E-18 9.455E-18 1.019E-17 1.060E-17 1.166E-17 1.312E-17 1.288E-17 1.278E-17 1.265E-17 1.185E-17
 1.232E-17 1.321E-17 1.247E-17 1.091E-17 9.690E-18 9.349E-18 1.091E-17 1.059E-17 1.035E-17 1.078E-17
 1.139E-17 1.107E-17 9.934E-18 1.032E-17 1.099E-17 1.090E-17 1.058E-17 1.078E-17 1.139E-17 1.122E-17
 9.875E-18 1.132E-17 1.199E-17 9.925E-18 9.759E-18 1.078E-17 1.177E-17 1.266E-17 1.264E-17 1.085E-17
 9.440E-18 8.978E-18 1.066E-17 1.170E-17 1.149E-17 1.054E-17 1.049E-17 1.057E-17 1.004E-17 1.069E-17
 1.244E-17 1.220E-17 1.058E-17 1.061E-17 1.141E-17 1.054E-17 1.091E-17 1.404E-17 1.235E-17 1.012E-17
 1.022E-17 1.112E-17 1.305E-17 1.398E-17 1.287E-17 1.171E-17 1.098E-17 1.214E-17 1.273E-17 1.198E-17
 1.112E-17 1.194E-17 1.240E-17 1.119E-17 1.185E-17 1.323E-17 1.303E-17 1.224E-17 1.306E-17 1.332E-17
 1.175E-17 1.340E-17 1.415E-17 1.223E-17 1.193E-17 1.279E-17 1.434E-17 1.437E-17 1.258E-17 1.230E-17
 1.289E-17 1.398E-17 1.435E-17 1.290E-17 1.127E-17 1.184E-17 1.268E-17 1.220E-17 1.336E-17 1.419E-17
 1.347E-17 1.186E-17 1.158E-17 1.208E-17 1.315E-17 1.547E-17 1.494E-17 1.360E-17 1.222E-17 1.272E-17
 1.502E-17 1.376E-17 1.303E-17 1.386E-17 1.476E-17 1.394E-17 1.277E-17 1.210E-17 1.357E-17 1.595E-17
 1.618E-17 1.600E-17 1.477E-17 1.429E-17 1.350E-17 1.339E-17 1.462E-17 1.624E-17 1.591E-17 1.417E-17
 1.407E-17 1.362E-17 1.699E-17 1.906E-17 1.878E-17 2.038E-17 2.292E-17 2.306E-17 2.158E-17 2.198E-17
 2.366E-17 2.510E-17 2.594E-17 2.715E-17 2.698E-17 2.736E-17 2.588E-17 2.428E-17 2.587E-17 2.869E-17
 2.815E-17 2.542E-17 2.320E-17 2.124E-17 2.269E-17 2.282E-17 2.185E-17 2.234E-17 2.277E-17 2.044E-17
 1.830E-17 1.953E-17 2.275E-17 2.530E-17 2.599E-17 2.268E-17 1.962E-17 1.935E-17 2.043E-17 2.347E-17
 2.589E-17 2.314E-17 1.770E-17 1.390E-17 1.287E-17 1.506E-17 1.577E-17 1.513E-17 1.305E-17 1.060E-17
 9.183E-18 9.210E-18 1.188E-17 1.500E-17 1.449E-17 1.194E-17 9.975E-18 9.391E-18 1.040E-17 1.375E-17
 1.521E-17 1.288E-17 1.085E-17 9.633E-18 9.992E-18 1.339E-17 1.446E-17 1.296E-17 1.119E-17 9.439E-18
 8.704E-18 9.253E-18 1.159E-17 1.357E-17 1.350E-17 1.178E-17 1.122E-17 1.160E-17 1.267E-17 1.524E-17
 1.436E-17 1.127E-17 9.429E-18 8.163E-18 9.591E-18 1.283E-17 1.325E-17 1.135E-17 9.606E-18 8.500E-18
 8.736E-18 1.299E-17 1.582E-17 1.374E-17 9.784E-18 7.592E-18 8.258E-18 1.220E-17 1.463E-17 1.229E-17
 9.898E-18 8.258E-18 8.465E-18 1.187E-17 1.352E-17 1.148E-17 8.644E-18 6.243E-18 6.193E-18 9.745E-18
 1.300E-17 1.238E-17 9.138E-18 6.318E-18 6.868E-18 1.134E-17 1.468E-17 1.185E-17 7.600E-18 5.927E-18
 8.439E-18 1.410E-17 1.530E-17 1.086E-17 7.061E-18 6.415E-18 9.302E-18 1.304E-17 1.191E-17 7.913E-18
 6.575E-18 8.024E-18 1.226E-17 1.453E-17 1.125E-17 8.286E-18 9.197E-18 1.288E-17 1.675E-17 1.677E-17
 1.805E-17 2.427E-17 3.047E-17 3.911E-17 4.358E-17 5.457E-17 4.980E-17 5.110E-17 5.104E-17 5.033E-17
 4.856E-17 4.659E-17 4.621E-17 4.830E-17 4.992E-17 5.168E-17 5.152E-17 5.181E-17 5.573E-17 6.057E-17
 6.185E-17 6.118E-17 6.177E-17 6.148E-17 6.285E-17 6.422E-17 6.459E-17 6.415E-17 6.458E-17 6.711E-17
 7.160E-17 7.294E-17 7.553E-17 7.827E-17 8.033E-17 8.167E-17 8.098E-17 8.071E-17 8.229E-17 8.225E-17
 7.920E-17 7.409E-17 6.812E-17 5.957E-17 4.461E-17 2.513E-17 8.789E-18 2.681E-18 2.250E-18 3.415E-18
 3.754E-18 3.353E-18 3.094E-18 3.095E-18 3.117E-18 3.356E-18 3.233E-18 3.265E-18 3.382E-18 3.435E-18
 3.730E-18 4.114E-18 4.571E-18 4.942E-18 5.070E-18 4.985E-18 4.196E-18 4.046E-18 4.687E-18 6.090E-18
 6.237E-18 4.569E-18 3.941E-18 4.812E-18 6.203E-18 5.624E-18 4.263E-18 4.033E-18 5.838E-18 7.366E-18
 5.234E-18 4.021E-18 5.824E-18 9.251E-18 8.988E-18 5.966E-18 5.933E-18 8.465E-18 1.042E-17 7.506E-18
 4.925E-18 6.327E-18 1.084E-17 1.064E-17 5.495E-18 4.077E-18 7.511E-18 1.190E-17 8.972E-18 4.889E-18
 5.674E-18 1.105E-17 1.189E-17 7.073E-18 5.989E-18 1.054E-17 1.485E-17 9.426E-18 5.561E-18 9.236E-18
 1.713E-17 1.473E-17 6.410E-18 5.331E-18 1.193E-17 1.613E-17 9.572E-18 5.681E-18 1.036E-17 1.799E-17
 1.355E-17 7.177E-18 8.716E-18 1.706E-17 1.746E-17 8.252E-18 6.041E-18 1.346E-17 2.090E-17 1.351E-17
 7.585E-18 1.138E-17 2.234E-17 1.856E-17 7.001E-18 5.911E-18 1.531E-17 2.045E-17 9.836E-18 4.619E-18
 9.383E-18 1.943E-17 1.486E-17 5.696E-18 6.251E-18 1.600E-17 1.990E-17 9.839E-18 5.486E-18 1.038E-17
 2.202E-17 1.760E-17 6.414E-18 5.651E-18 1.491E-17 2.371E-17 1.404E-17 5.941E-18 8.692E-18 2.002E-17
 2.465E-17 1.418E-17 8.519E-18 1.390E-17 2.586E-17 2.943E-17 1.749E-17 9.338E-18 1.014E-17 1.458E-17
 1.873E-17 1.509E-17 9.496E-18 9.745E-18 1.420E-17 2.134E-17 2.457E-17 1.930E-17 1.240E-17 1.065E-17
 1.270E-17 1.661E-17 1.696E-17 1.391E-17 1.154E-17 1.121E-17 1.564E-17 1.875E-17 1.606E-17 1.346E-17
 1.310E-17 1.132E-17 1.127E-17 1.281E-17 1.345E-17 1.495E-17 1.554E-17 1.482E-17 1.713E-17 1.594E-17
 1.317E-17 1.199E-17 1.115E-17 1.160E-17 1.153E-17 9.207E-18 8.942E-18 1.259E-17 1.195E-17 9.083E-18
 9.676E-18 1.151E-17 1.176E-17 1.132E-17 1.245E-17 1.174E-17 1.068E-17 1.178E-17 1.431E-17 1.402E-17
 1.130E-17 1.015E-17 9.469E-18 9.140E-18 8.789E-18 8.128E-18 8.787E-18 8.325E-18 6.775E-18 6.815E-18
 6.708E-18 6.853E-18 9.586E-18 1.289E-17 1.176E-17 9.004E-18 7.687E-18 7.626E-18 7.545E-18 6.883E-18
 5.079E-18 4.262E-18 6.141E-18 8.634E-18 8.353E-18 6.506E-18 5.038E-18 4.325E-18 3.796E-18 4.419E-18
 7.542E-18 9.482E-18 7.845E-18 6.069E-18 6.368E-18 6.286E-18 4.795E-18 3.932E-18 3.520E-18 3.357E-18
 3.475E-18 3.777E-18 3.429E-18 3.727E-18 4.393E-18 4.044E-18 4.476E-18 6.669E-18 7.160E-18 5.932E-18
 6.276E-18 6.378E-18 5.010E-18 4.996E-18 5.335E-18 4.105E-18 3.106E-18 2.823E-18 2.687E-18 2.781E-18
 3.983E-18 4.840E-18 3.942E-18 3.029E-18 2.527E-18 2.590E-18 3.235E-18 3.404E-18 3.369E-18 3.304E-18
 4.011E-18 4.607E-18 3.824E-18 2.197E-18 1.502E-18 1.808E-18 2.494E-18 2.179E-18 1.361E-18 1.114E-18
 1.567E-18 2.741E-18 3.617E-18 2.974E-18 2.281E-18 2.443E-18 3.148E-18 3.351E-18 2.973E-18 2.111E-18
 1.438E-18 1.341E-18 1.913E-18 2.231E-18 2.083E-18 1.705E-18 1.198E-18 9.894E-19 1.151E-18 1.339E-18
 1.267E-18 1.191E-18 1.333E-18 1.719E-18 2.187E-18 2.470E-18 3.204E-18 3.591E-18 2.575E-18 2.071E-18
 3.058E-18 3.391E-18 2.225E-18 1.477E-18 1.657E-18 2.048E-18 2.029E-18 1.689E-18 1.240E-18 1.033E-18
 1.072E-18 1.209E-18 1.248E-18 1.286E-18 1.292E-18 1.202E-18 1.310E-18 1.826E-18 2.218E-18 2.211E-18
 2.116E-18 1.630E-18 1.143E-18 1.061E-18 1.113E-18 1.238E-18 1.139E-18 9.650E-19 9.825E-19 1.187E-18
 1.497E-18 1.617E-18 1.452E-18 1.243E-18 9.234E-19 7.140E-19 6.639E-19 6.564E-19 5.655E-19 6.611E-19
 1.312E-18 2.306E-18 2.030E-18 1.108E-18 9.933E-19 1.049E-18 9.136E-19 7.938E-19 6.786E-19 6.548E-19
 8.151E-19 1.060E-18 1.154E-18 1.022E-18 8.628E-19 7.789E-19 8.223E-19 1.022E-18 1.149E-18 1.108E-18
 1.084E-18 1.218E-18 1.436E-18 1.761E-18 2.051E-18 1.921E-18 1.500E-18 1.039E-18 8.586E-19 1.080E-18
 1.510E-18 1.490E-18 1.029E-18 7.882E-19 7.270E-19 8.242E-19 9.187E-19 9.025E-19 9.256E-19 1.169E-18
 1.291E-18 1.029E-18 6.934E-19 6.262E-19 6.189E-19 4.789E-19 4.506E-19 6.350E-19 8.983E-19 8.405E-19
 8.687E-19 1.186E-18 1.251E-18 1.076E-18 8.953E-19 6.977E-19 6.037E-19 7.074E-19 8.952E-19 8.797E-19
 7.167E-19 6.836E-19 6.432E-19 6.339E-19 6.609E-19 7.854E-19 9.407E-19 9.561E-19 8.797E-19 8.941E-19
 9.116E-19 9.506E-19 1.037E-18 1.077E-18 8.051E-19 5.017E-19 5.000E-19 6.247E-19 7.036E-19 6.237E-19
 7.142E-19 8.313E-19 8.219E-19 7.522E-19 6.965E-19 6.967E-19 7.924E-19 8.106E-19 7.453E-19 6.459E-19
 5.596E-19 5.676E-19 5.489E-19 5.821E-19 6.001E-19 5.502E-19 5.259E-19 5.907E-19 8.068E-19 1.168E-18
 1.178E-18 8.266E-19 6.460E-19 6.694E-19 7.162E-19 7.784E-19 9.213E-19 8.372E-19 7.250E-19 6.287E-19
 5.938E-19 6.005E-19 6.420E-19 7.767E-19 9.411E-19 1.027E-18 9.245E-19 7.055E-19 5.855E-19 0.000E+00
