       CF4 1255.0070 1289.9870      2359  203.0000    0.0000 9.846E-17  NCAR    CFC-14
 2.336E-19 3.707E-19 5.282E-19 5.157E-19 5.075E-19 4.286E-19 3.741E-19 3.528E-19 3.611E-19 3.633E-19
 2.762E-19 3.301E-19 3.569E-19 3.539E-19 3.354E-19 2.669E-19 2.373E-19 3.346E-19 3.487E-19 2.672E-19
 2.460E-19 2.000E-19 3.094E-19 4.598E-19 5.979E-19 5.437E-19 3.064E-19 2.167E-19 2.613E-19 3.476E-19
 4.103E-19 3.705E-19 2.534E-19 2.059E-19 3.654E-19 5.966E-19 5.513E-19 3.726E-19 3.248E-19 3.066E-19
 3.516E-19 4.149E-19 4.715E-19 4.545E-19 4.703E-19 4.545E-19 4.334E-19 5.649E-19 5.348E-19 4.364E-19
 5.903E-19 6.657E-19 4.810E-19 3.458E-19 3.226E-19 2.614E-19 1.965E-19 2.641E-19 3.815E-19 4.369E-19
 4.781E-19 4.864E-19 3.867E-19 2.491E-19 2.114E-19 2.073E-19 3.775E-19 5.170E-19 5.571E-19 6.795E-19
 6.145E-19 5.312E-19 5.017E-19 4.307E-19 3.340E-19 2.522E-19 2.463E-19 3.672E-19 4.644E-19 4.909E-19
 4.941E-19 5.136E-19 5.509E-19 5.707E-19 5.645E-19 5.073E-19 4.845E-19 3.854E-19 3.260E-19 4.743E-19
 5.999E-19 5.905E-19 5.143E-19 5.747E-19 5.666E-19 4.312E-19 3.856E-19 4.771E-19 5.553E-19 5.527E-19
 4.122E-19 3.368E-19 3.486E-19 4.362E-19 5.180E-19 4.147E-19 3.693E-19 4.563E-19 5.805E-19 5.188E-19
 4.687E-19 4.645E-19 4.896E-19 5.462E-19 6.224E-19 7.715E-19 7.186E-19 6.161E-19 5.283E-19 4.308E-19
 3.413E-19 2.900E-19 3.280E-19 4.765E-19 7.000E-19 7.392E-19 5.383E-19 3.229E-19 3.167E-19 4.426E-19
 5.390E-19 5.377E-19 7.074E-19 8.354E-19 7.723E-19 7.154E-19 7.001E-19 5.891E-19 4.175E-19 3.346E-19
 3.885E-19 5.065E-19 5.222E-19 5.739E-19 5.903E-19 5.594E-19 5.407E-19 5.345E-19 4.601E-19 3.449E-19
 4.081E-19 5.343E-19 5.435E-19 5.806E-19 7.287E-19 7.993E-19 7.740E-19 7.782E-19 7.196E-19 7.367E-19
 6.908E-19 5.324E-19 4.409E-19 4.400E-19 5.340E-19 6.894E-19 7.225E-19 6.302E-19 6.106E-19 4.766E-19
 3.222E-19 4.014E-19 5.284E-19 5.220E-19 4.969E-19 3.524E-19 4.035E-19 6.348E-19 7.677E-19 8.068E-19
 5.707E-19 4.296E-19 4.523E-19 4.641E-19 4.352E-19 2.707E-19 2.721E-19 4.097E-19 6.479E-19 6.813E-19
 5.434E-19 5.457E-19 5.636E-19 5.819E-19 7.232E-19 9.478E-19 9.611E-19 6.851E-19 5.591E-19 6.478E-19
 7.198E-19 6.307E-19 5.110E-19 6.214E-19 5.468E-19 3.524E-19 4.350E-19 4.265E-19 3.891E-19 5.312E-19
 6.563E-19 6.184E-19 5.109E-19 4.428E-19 4.607E-19 5.221E-19 6.450E-19 7.435E-19 7.407E-19 6.976E-19
 5.794E-19 5.232E-19 4.297E-19 2.873E-19 2.614E-19 4.334E-19 5.413E-19 6.252E-19 6.590E-19 6.461E-19
 6.194E-19 6.500E-19 6.966E-19 5.553E-19 5.203E-19 6.451E-19 6.552E-19 4.916E-19 4.203E-19 5.165E-19
 5.628E-19 4.810E-19 3.739E-19 3.665E-19 4.492E-19 3.654E-19 2.939E-19 3.656E-19 4.385E-19 4.905E-19
 3.962E-19 3.105E-19 3.365E-19 4.506E-19 6.346E-19 6.110E-19 3.724E-19 2.778E-19 2.537E-19 2.857E-19
 3.191E-19 4.976E-19 5.280E-19 5.414E-19 5.969E-19 7.056E-19 6.993E-19 4.702E-19 2.924E-19 1.906E-19
 3.581E-19 4.826E-19 4.333E-19 4.251E-19 4.795E-19 4.342E-19 4.303E-19 4.616E-19 4.378E-19 4.201E-19
 3.227E-19 3.193E-19 3.193E-19 3.986E-19 4.841E-19 5.780E-19 5.747E-19 4.583E-19 2.822E-19 1.445E-19
 1.409E-19 1.780E-19 3.598E-19 4.505E-19 1.743E-19 0.000E+00 0.000E+00 1.601E-19 5.106E-19 6.501E-19
 6.604E-19 5.196E-19 3.077E-19 1.317E-19 7.324E-20 1.306E-19 2.197E-19 2.825E-19 2.574E-19 2.145E-19
 2.727E-19 2.601E-19 1.780E-19 2.799E-19 4.362E-19 2.938E-19 7.876E-20 2.743E-20 1.345E-19 1.968E-19
 2.424E-19 3.409E-19 3.325E-19 1.833E-19 1.267E-19 1.908E-19 1.958E-19 2.017E-19 2.841E-19 2.577E-19
 1.230E-19 0.000E+00 0.000E+00 0.000E+00 4.072E-20 2.353E-19 2.611E-19 1.312E-19 5.869E-20 5.869E-20
 0.000E+00 0.000E+00 8.416E-20 5.996E-20 2.736E-20 0.000E+00 0.000E+00 0.000E+00 5.872E-20 0.000E+00
 0.000E+00 0.000E+00 0.000E+00 0.000E+00 0.000E+00 0.000E+00 0.000E+00 0.000E+00 0.000E+00 0.000E+00
 0.000E+00 0.000E+00 0.000E+00 0.000E+00 0.000E+00 0.000E+00 0.000E+00 0.000E+00 0.000E+00 0.000E+00
 0.000E+00 0.000E+00 0.000E+00 0.000E+00 3.817E-20 5.636E-20 6.193E-20 0.000E+00 0.000E+00 4.763E-20
 1.166E-19 1.689E-19 2.003E-19 2.053E-19 1.597E-19 2.041E-19 2.149E-19 1.390E-19 1.274E-19 2.170E-19
 2.358E-19 2.284E-19 3.412E-19 4.436E-19 4.370E-19 4.546E-19 4.939E-19 4.743E-19 5.141E-19 6.512E-19
 6.610E-19 7.242E-19 8.473E-19 1.029E-18 1.236E-18 1.427E-18 1.529E-18 1.616E-18 1.646E-18 1.575E-18
 1.385E-18 1.296E-18 1.179E-18 1.055E-18 8.818E-19 6.667E-19 6.225E-19 6.106E-19 7.086E-19 7.245E-19
 6.683E-19 7.121E-19 7.286E-19 5.150E-19 2.994E-19 2.124E-19 2.472E-19 3.423E-19 3.466E-19 3.083E-19
 2.609E-19 2.355E-19 2.879E-19 2.831E-19 2.831E-19 2.020E-19 4.794E-20 0.000E+00 9.007E-21 7.741E-20
 1.453E-19 2.395E-19 2.079E-19 1.415E-19 1.327E-19 1.560E-19 1.796E-19 1.657E-19 1.631E-19 1.439E-19
 1.255E-19 1.837E-19 2.040E-19 1.917E-19 2.037E-19 1.869E-19 1.768E-19 1.431E-19 2.338E-19 3.737E-19
 4.615E-19 3.944E-19 1.742E-19 0.000E+00 0.000E+00 8.341E-20 1.447E-19 2.553E-19 3.664E-19 2.904E-19
 3.582E-19 2.984E-19 1.113E-19 7.922E-20 1.255E-19 2.434E-19 2.539E-19 2.539E-19 2.853E-19 2.719E-19
 1.825E-19 1.127E-19 1.331E-19 2.244E-19 2.165E-19 1.137E-19 1.295E-19 2.032E-19 2.939E-19 3.540E-19
 3.863E-19 3.040E-19 1.433E-19 1.262E-19 2.065E-19 2.020E-19 2.752E-19 3.635E-19 5.022E-19 3.870E-19
 7.878E-20 7.561E-20 2.285E-19 3.767E-19 5.162E-19 6.019E-19 7.087E-19 5.586E-19 2.152E-19 1.248E-19
 1.501E-19 2.109E-19 2.630E-19 3.614E-19 5.739E-19 5.033E-19 4.100E-19 4.245E-19 2.631E-19 2.582E-19
 2.641E-19 3.344E-19 3.936E-19 3.517E-19 4.445E-19 5.239E-19 4.035E-19 3.838E-19 4.880E-19 6.793E-19
 6.421E-19 3.785E-19 5.223E-19 6.337E-19 4.547E-19 3.093E-19 3.494E-19 6.026E-19 5.138E-19 4.622E-19
 6.413E-19 7.904E-19 7.054E-19 4.587E-19 3.779E-19 5.087E-19 4.080E-19 3.556E-19 6.003E-19 7.317E-19
 6.351E-19 3.784E-19 4.890E-19 7.137E-19 5.069E-19 2.915E-19 2.850E-19 2.850E-19 4.937E-19 6.122E-19
 6.666E-19 6.395E-19 6.347E-19 7.344E-19 7.013E-19 5.986E-19 6.524E-19 6.774E-19 5.889E-19 5.054E-19
 6.526E-19 8.170E-19 7.311E-19 5.804E-19 5.590E-19 7.609E-19 9.272E-19 6.685E-19 5.294E-19 6.174E-19
 4.665E-19 5.146E-19 6.887E-19 8.749E-19 8.883E-19 6.783E-19 7.819E-19 8.948E-19 7.369E-19 6.134E-19
 4.891E-19 4.818E-19 6.470E-19 5.310E-19 4.172E-19 4.504E-19 5.734E-19 7.173E-19 7.482E-19 8.300E-19
 1.133E-18 9.463E-19 6.131E-19 5.687E-19 5.915E-19 5.492E-19 5.489E-19 5.741E-19 7.020E-19 7.485E-19
 7.719E-19 7.128E-19 4.942E-19 4.413E-19 6.607E-19 9.150E-19 9.871E-19 8.790E-19 6.820E-19 7.469E-19
 9.096E-19 8.439E-19 7.373E-19 8.039E-19 8.943E-19 9.201E-19 7.873E-19 6.548E-19 6.856E-19 7.577E-19
 7.243E-19 7.033E-19 7.689E-19 9.288E-19 9.439E-19 8.284E-19 7.201E-19 6.290E-19 5.006E-19 4.696E-19
 5.422E-19 6.594E-19 7.772E-19 7.757E-19 7.796E-19 7.331E-19 6.076E-19 5.413E-19 6.661E-19 8.572E-19
 9.342E-19 8.122E-19 7.137E-19 7.968E-19 7.613E-19 6.407E-19 6.897E-19 7.217E-19 8.008E-19 1.033E-18
 1.052E-18 9.587E-19 7.073E-19 4.713E-19 5.202E-19 7.451E-19 6.757E-19 7.251E-19 9.092E-19 7.617E-19
 5.901E-19 6.141E-19 6.049E-19 7.115E-19 9.232E-19 9.322E-19 7.949E-19 7.080E-19 7.111E-19 5.378E-19
 4.827E-19 7.433E-19 9.541E-19 8.736E-19 7.077E-19 5.959E-19 7.215E-19 7.277E-19 5.735E-19 6.720E-19
 9.941E-19 1.109E-18 9.997E-19 7.601E-19 5.724E-19 6.344E-19 7.991E-19 7.532E-19 7.548E-19 9.395E-19
 1.019E-18 9.743E-19 7.200E-19 5.406E-19 5.295E-19 7.411E-19 7.260E-19 6.206E-19 7.039E-19 7.487E-19
 8.472E-19 8.902E-19 7.910E-19 6.379E-19 6.838E-19 7.367E-19 7.027E-19 7.060E-19 7.881E-19 1.045E-18
 1.118E-18 8.092E-19 5.058E-19 5.100E-19 8.339E-19 1.122E-18 1.135E-18 1.002E-18 8.796E-19 7.612E-19
 6.283E-19 5.674E-19 7.046E-19 9.213E-19 9.919E-19 8.854E-19 8.481E-19 8.881E-19 8.522E-19 6.152E-19
 3.975E-19 5.298E-19 8.043E-19 8.410E-19 5.766E-19 5.766E-19 4.443E-19 5.474E-19 4.441E-19 4.557E-19
 8.335E-19 1.137E-18 1.080E-18 9.581E-19 8.043E-19 8.994E-19 1.099E-18 8.556E-19 6.726E-19 7.917E-19
 7.913E-19 6.720E-19 6.195E-19 5.728E-19 5.111E-19 5.449E-19 5.604E-19 4.600E-19 5.721E-19 6.545E-19
 6.887E-19 8.650E-19 8.747E-19 8.799E-19 8.343E-19 5.418E-19 3.413E-19 4.241E-19 4.785E-19 4.618E-19
 6.412E-19 6.491E-19 3.918E-19 2.880E-19 3.786E-19 7.013E-19 9.993E-19 8.369E-19 5.284E-19 3.286E-19
 4.122E-19 5.804E-19 6.354E-19 6.939E-19 7.037E-19 7.556E-19 6.333E-19 4.321E-19 3.948E-19 4.538E-19
 5.391E-19 5.607E-19 6.020E-19 6.393E-19 5.306E-19 4.190E-19 3.529E-19 4.607E-19 5.662E-19 6.700E-19
 1.016E-18 1.042E-18 6.778E-19 4.710E-19 3.536E-19 4.261E-19 4.535E-19 4.069E-19 3.842E-19 3.522E-19
 3.675E-19 4.279E-19 4.358E-19 2.920E-19 3.218E-19 4.362E-19 4.180E-19 3.106E-19 3.324E-19 4.757E-19
 6.899E-19 6.899E-19 4.417E-19 2.097E-19 1.207E-19 1.299E-19 1.797E-19 1.859E-19 2.237E-19 3.605E-19
 6.339E-19 6.608E-19 3.143E-19 2.101E-19 3.601E-19 6.646E-19 8.548E-19 8.162E-19 6.869E-19 4.654E-19
 1.764E-19 3.406E-20 3.142E-20 1.191E-20 4.193E-20 1.804E-19 3.853E-19 3.288E-19 2.551E-19 2.639E-19
 1.871E-19 9.169E-20 1.566E-19 2.090E-19 3.020E-19 4.764E-19 5.614E-19 5.258E-19 3.418E-19 2.664E-19
 3.052E-19 3.502E-19 2.557E-19 3.139E-19 5.429E-19 6.866E-19 6.579E-19 6.950E-19 5.241E-19 2.593E-19
 2.022E-19 1.384E-19 3.787E-19 5.667E-19 5.511E-19 5.235E-19 4.107E-19 2.139E-19 1.027E-19 1.968E-19
 3.018E-19 3.249E-19 3.664E-19 1.714E-19 0.000E+00 0.000E+00 0.000E+00 0.000E+00 4.133E-20 7.315E-20
 2.930E-19 4.777E-19 4.777E-19 3.435E-19 4.467E-19 5.433E-19 4.262E-19 3.263E-19 7.597E-20 4.501E-20
 1.851E-19 1.851E-19 2.341E-19 1.774E-19 2.279E-19 3.958E-19 5.639E-19 5.391E-19 6.086E-19 7.446E-19
 7.209E-19 6.736E-19 5.702E-19 3.497E-19 1.873E-19 1.453E-19 1.981E-19 1.371E-19 6.536E-20 9.140E-20
 3.914E-19 5.160E-19 3.016E-19 3.016E-19 4.537E-19 7.107E-19 7.832E-19 7.233E-19 5.602E-19 4.165E-19
 2.476E-19 2.207E-19 2.578E-19 1.950E-19 1.526E-19 2.645E-19 2.941E-19 2.246E-19 2.788E-19 5.566E-19
 6.837E-19 6.764E-19 5.239E-19 4.060E-19 4.489E-19 3.806E-19 3.491E-19 3.388E-19 2.733E-19 3.881E-19
 6.515E-19 6.658E-19 6.658E-19 4.429E-19 5.954E-19 6.412E-19 6.505E-19 4.483E-19 1.763E-19 1.887E-19
 2.467E-19 2.969E-19 3.234E-19 3.139E-19 3.292E-19 4.383E-19 4.602E-19 3.657E-19 3.510E-19 3.768E-19
 4.076E-19 3.705E-19 1.651E-19 7.493E-20 1.902E-19 3.906E-19 4.573E-19 4.351E-19 4.941E-19 7.113E-19
 9.478E-19 7.515E-19 5.488E-19 6.481E-19 7.920E-19 9.267E-19 8.259E-19 4.610E-19 1.739E-19 1.266E-21
 0.000E+00 0.000E+00 1.326E-19 1.390E-19 1.439E-19 1.560E-19 1.592E-19 3.363E-19 5.094E-19 3.322E-19
 1.145E-19 2.898E-21 6.260E-21 2.237E-20 1.733E-21 1.301E-19 3.374E-19 3.597E-19 2.426E-19 3.405E-19
 5.039E-19 5.880E-19 7.162E-19 8.656E-19 1.053E-18 1.074E-18 6.277E-19 2.225E-19 1.334E-19 1.455E-19
 2.349E-19 2.684E-19 3.441E-19 4.715E-19 5.481E-19 5.382E-19 4.184E-19 3.197E-19 3.428E-19 5.026E-19
 6.078E-19 4.196E-19 3.647E-19 4.379E-19 3.798E-19 2.501E-19 1.894E-19 2.243E-19 3.246E-19 4.863E-19
 5.668E-19 7.143E-19 8.040E-19 6.606E-19 7.043E-19 6.303E-19 3.384E-19 1.553E-19 9.418E-20 1.918E-19
 4.053E-19 5.499E-19 5.808E-19 5.424E-19 4.690E-19 4.289E-19 4.985E-19 5.233E-19 5.499E-19 6.174E-19
 5.111E-19 4.211E-19 3.168E-19 1.883E-19 7.736E-20 2.698E-20 2.284E-19 6.037E-19 6.763E-19 5.532E-19
 5.314E-19 6.151E-19 5.875E-19 5.252E-19 3.683E-19 1.350E-19 1.332E-19 1.419E-19 7.873E-20 4.964E-20
 3.381E-20 6.691E-20 1.377E-19 1.628E-19 2.081E-19 4.946E-19 5.379E-19 3.460E-19 2.756E-19 2.625E-19
 2.960E-19 2.869E-19 2.350E-19 2.105E-19 2.030E-19 3.098E-19 5.157E-19 6.132E-19 5.786E-19 4.452E-19
 3.849E-19 4.615E-19 6.465E-19 6.007E-19 3.158E-19 2.167E-19 2.156E-19 1.885E-19 1.349E-19 1.821E-19
 2.417E-19 2.547E-19 2.657E-19 2.632E-19 2.632E-19 8.502E-20 9.991E-20 4.821E-22 0.000E+00 0.000E+00
 0.000E+00 0.000E+00 0.000E+00 0.000E+00 0.000E+00 0.000E+00 3.557E-20 1.483E-19 3.248E-19 3.606E-19
 4.517E-19 5.544E-19 6.023E-19 4.837E-19 3.206E-19 3.063E-19 4.689E-19 5.617E-19 4.325E-19 2.776E-19
 2.803E-19 3.137E-19 4.556E-19 4.827E-19 5.287E-19 6.698E-19 6.460E-19 4.381E-19 1.859E-19 5.574E-20
 1.986E-19 3.697E-19 4.893E-19 5.477E-19 3.514E-19 2.062E-19 1.698E-19 1.866E-19 2.515E-19 3.917E-19
 4.798E-19 4.160E-19 2.903E-19 3.095E-19 3.860E-19 3.644E-19 3.441E-19 4.741E-19 6.110E-19 6.582E-19
 6.730E-19 6.999E-19 6.027E-19 4.227E-19 4.367E-19 5.114E-19 5.194E-19 5.229E-19 5.274E-19 5.814E-19
 7.424E-19 8.003E-19 7.110E-19 6.814E-19 6.033E-19 6.226E-19 7.207E-19 6.184E-19 5.186E-19 5.637E-19
 5.389E-19 5.488E-19 4.823E-19 3.147E-19 2.952E-19 2.461E-19 2.130E-19 2.826E-19 4.070E-19 4.845E-19
 5.346E-19 6.204E-19 6.600E-19 6.088E-19 5.649E-19 6.842E-19 8.292E-19 7.013E-19 6.517E-19 5.432E-19
 4.045E-19 5.315E-19 7.792E-19 8.712E-19 7.372E-19 6.435E-19 7.662E-19 9.893E-19 1.010E-18 7.676E-19
 6.582E-19 7.523E-19 6.118E-19 3.429E-19 3.369E-19 4.561E-19 5.717E-19 5.425E-19 4.955E-19 3.528E-19
 3.114E-19 4.263E-19 4.263E-19 4.407E-19 4.492E-19 5.129E-19 5.589E-19 5.903E-19 6.206E-19 5.966E-19
 4.662E-19 5.085E-19 6.668E-19 6.030E-19 6.162E-19 8.430E-19 9.138E-19 9.081E-19 9.173E-19 8.643E-19
 7.643E-19 7.570E-19 8.642E-19 8.302E-19 6.727E-19 7.079E-19 6.968E-19 6.039E-19 6.491E-19 6.555E-19
 5.304E-19 4.551E-19 5.597E-19 6.707E-19 6.427E-19 5.719E-19 4.261E-19 3.081E-19 3.666E-19 4.214E-19
 3.616E-19 4.206E-19 6.136E-19 8.867E-19 9.462E-19 7.519E-19 5.991E-19 5.500E-19 6.621E-19 8.360E-19
 9.594E-19 8.614E-19 8.182E-19 8.385E-19 8.448E-19 7.503E-19 7.022E-19 7.982E-19 6.726E-19 5.675E-19
 6.331E-19 7.601E-19 8.246E-19 7.578E-19 6.396E-19 6.340E-19 6.075E-19 6.140E-19 7.295E-19 9.198E-19
 1.103E-18 1.029E-18 7.056E-19 5.093E-19 4.867E-19 4.272E-19 4.425E-19 5.071E-19 5.955E-19 7.948E-19
 9.058E-19 9.321E-19 1.174E-18 1.371E-18 1.352E-18 1.150E-18 9.253E-19 9.105E-19 8.700E-19 8.047E-19
 7.088E-19 7.034E-19 6.411E-19 6.799E-19 7.293E-19 7.516E-19 8.575E-19 9.572E-19 1.139E-18 1.237E-18
 1.170E-18 1.057E-18 8.104E-19 6.976E-19 7.539E-19 8.078E-19 9.005E-19 1.002E-18 9.382E-19 8.626E-19
 6.952E-19 6.607E-19 7.762E-19 8.770E-19 1.045E-18 1.150E-18 1.211E-18 1.167E-18 1.055E-18 1.004E-18
 9.229E-19 8.798E-19 8.833E-19 9.514E-19 1.081E-18 1.183E-18 1.308E-18 1.173E-18 9.676E-19 8.425E-19
 9.777E-19 1.181E-18 1.236E-18 1.224E-18 1.241E-18 1.250E-18 1.170E-18 1.093E-18 1.158E-18 1.131E-18
 1.285E-18 1.462E-18 1.468E-18 1.335E-18 1.215E-18 1.197E-18 1.137E-18 1.081E-18 1.161E-18 1.122E-18
 1.200E-18 1.314E-18 1.479E-18 1.492E-18 1.365E-18 1.388E-18 1.420E-18 1.418E-18 1.297E-18 1.269E-18
 1.476E-18 1.467E-18 1.336E-18 1.293E-18 1.364E-18 1.374E-18 1.290E-18 1.360E-18 1.501E-18 1.539E-18
 1.411E-18 1.376E-18 1.414E-18 1.607E-18 1.771E-18 1.709E-18 1.702E-18 1.735E-18 1.840E-18 1.960E-18
 2.182E-18 2.131E-18 1.704E-18 1.585E-18 1.623E-18 1.687E-18 1.692E-18 1.754E-18 1.887E-18 1.881E-18
 1.798E-18 1.801E-18 1.828E-18 1.769E-18 1.681E-18 1.652E-18 1.538E-18 1.624E-18 1.782E-18 1.823E-18
 1.819E-18 1.662E-18 1.609E-18 1.793E-18 1.936E-18 2.159E-18 2.165E-18 1.875E-18 1.808E-18 1.892E-18
 2.018E-18 2.077E-18 2.444E-18 2.699E-18 2.396E-18 2.263E-18 2.335E-18 2.244E-18 2.328E-18 2.753E-18
 2.660E-18 2.503E-18 2.500E-18 2.585E-18 2.461E-18 2.165E-18 2.168E-18 2.248E-18 2.366E-18 2.413E-18
 2.575E-18 2.728E-18 2.687E-18 2.542E-18 2.426E-18 2.420E-18 2.687E-18 2.834E-18 2.661E-18 2.409E-18
 2.275E-18 2.329E-18 2.350E-18 2.591E-18 2.979E-18 3.127E-18 3.201E-18 3.339E-18 3.338E-18 3.446E-18
 3.275E-18 3.093E-18 3.087E-18 2.976E-18 3.059E-18 2.950E-18 3.037E-18 3.349E-18 3.527E-18 3.476E-18
 3.113E-18 3.335E-18 3.652E-18 3.592E-18 3.598E-18 3.572E-18 3.348E-18 3.226E-18 3.262E-18 3.608E-18
 4.002E-18 3.692E-18 3.505E-18 3.605E-18 3.655E-18 4.387E-18 4.986E-18 4.907E-18 4.161E-18 3.442E-18
 3.330E-18 3.578E-18 3.482E-18 3.607E-18 3.860E-18 3.782E-18 3.770E-18 3.705E-18 3.882E-18 3.806E-18
 3.853E-18 4.174E-18 3.941E-18 3.735E-18 3.985E-18 4.473E-18 4.556E-18 4.424E-18 4.635E-18 5.041E-18
 5.478E-18 5.065E-18 4.693E-18 4.752E-18 4.709E-18 4.590E-18 4.514E-18 4.290E-18 4.228E-18 4.676E-18
 5.257E-18 4.820E-18 5.052E-18 5.026E-18 4.704E-18 5.071E-18 5.473E-18 5.731E-18 5.589E-18 5.254E-18
 5.184E-18 5.266E-18 5.422E-18 5.504E-18 5.934E-18 6.243E-18 5.871E-18 5.623E-18 5.606E-18 5.197E-18
 5.108E-18 5.160E-18 5.221E-18 5.593E-18 5.277E-18 5.708E-18 6.680E-18 6.644E-18 6.512E-18 6.831E-18
 6.673E-18 6.889E-18 7.557E-18 7.791E-18 6.548E-18 5.990E-18 6.373E-18 6.023E-18 5.614E-18 5.891E-18
 6.441E-18 6.638E-18 6.989E-18 7.159E-18 6.554E-18 7.110E-18 7.509E-18 7.142E-18 8.075E-18 8.174E-18
 6.973E-18 7.307E-18 7.748E-18 7.807E-18 8.782E-18 1.008E-17 9.437E-18 8.999E-18 8.709E-18 8.251E-18
 9.084E-18 9.937E-18 9.254E-18 8.012E-18 7.125E-18 7.111E-18 8.554E-18 8.124E-18 8.129E-18 8.587E-18
 9.233E-18 8.835E-18 7.886E-18 8.381E-18 8.943E-18 8.809E-18 8.433E-18 8.638E-18 9.250E-18 8.886E-18
 7.693E-18 9.501E-18 9.812E-18 7.762E-18 8.320E-18 9.624E-18 1.058E-17 1.119E-17 1.082E-17 9.261E-18
 8.316E-18 8.075E-18 9.808E-18 1.043E-17 9.965E-18 9.066E-18 9.395E-18 9.553E-18 8.979E-18 9.673E-18
 1.129E-17 1.070E-17 9.357E-18 9.914E-18 1.052E-17 9.077E-18 9.530E-18 1.266E-17 1.061E-17 8.890E-18
 9.545E-18 1.026E-17 1.188E-17 1.248E-17 1.135E-17 1.047E-17 9.607E-18 1.112E-17 1.167E-17 1.075E-17
 9.924E-18 1.103E-17 1.152E-17 1.009E-17 1.099E-17 1.253E-17 1.201E-17 1.124E-17 1.237E-17 1.244E-17
 1.085E-17 1.304E-17 1.343E-17 1.134E-17 1.145E-17 1.204E-17 1.327E-17 1.313E-17 1.135E-17 1.165E-17
 1.239E-17 1.370E-17 1.402E-17 1.219E-17 1.051E-17 1.121E-17 1.199E-17 1.165E-17 1.343E-17 1.406E-17
 1.275E-17 1.101E-17 1.082E-17 1.137E-17 1.268E-17 1.536E-17 1.471E-17 1.325E-17 1.158E-17 1.218E-17
 1.459E-17 1.288E-17 1.275E-17 1.401E-17 1.464E-17 1.340E-17 1.211E-17 1.152E-17 1.333E-17 1.575E-17
 1.588E-17 1.588E-17 1.426E-17 1.363E-17 1.262E-17 1.270E-17 1.459E-17 1.650E-17 1.589E-17 1.388E-17
 1.366E-17 1.262E-17 1.595E-17 1.762E-17 1.704E-17 1.851E-17 2.079E-17 1.990E-17 1.784E-17 1.821E-17
 1.966E-17 2.126E-17 2.271E-17 2.384E-17 2.222E-17 2.213E-17 2.080E-17 1.985E-17 2.276E-17 2.651E-17
 2.546E-17 2.279E-17 2.056E-17 1.832E-17 2.034E-17 2.085E-17 2.072E-17 2.159E-17 2.112E-17 1.746E-17
 1.524E-17 1.684E-17 2.068E-17 2.382E-17 2.450E-17 1.980E-17 1.604E-17 1.584E-17 1.739E-17 2.166E-17
 2.502E-17 2.179E-17 1.588E-17 1.218E-17 1.178E-17 1.543E-17 1.714E-17 1.693E-17 1.401E-17 1.036E-17
 8.668E-18 9.131E-18 1.308E-17 1.756E-17 1.646E-17 1.238E-17 9.579E-18 8.985E-18 1.067E-17 1.559E-17
 1.754E-17 1.391E-17 1.096E-17 9.250E-18 9.842E-18 1.456E-17 1.638E-17 1.466E-17 1.197E-17 9.452E-18
 8.732E-18 9.994E-18 1.351E-17 1.608E-17 1.491E-17 1.186E-17 1.092E-17 1.145E-17 1.368E-17 1.813E-17
 1.641E-17 1.165E-17 9.585E-18 8.461E-18 1.085E-17 1.538E-17 1.530E-17 1.194E-17 9.564E-18 8.199E-18
 8.869E-18 1.478E-17 1.773E-17 1.403E-17 9.961E-18 7.973E-18 8.991E-18 1.481E-17 1.777E-17 1.340E-17
 9.935E-18 7.706E-18 8.377E-18 1.404E-17 1.619E-17 1.240E-17 8.568E-18 5.834E-18 6.467E-18 1.191E-17
 1.556E-17 1.286E-17 8.328E-18 5.664E-18 7.551E-18 1.419E-17 1.749E-17 1.206E-17 6.955E-18 5.805E-18
 9.579E-18 1.695E-17 1.696E-17 1.029E-17 6.372E-18 6.355E-18 1.054E-17 1.534E-17 1.296E-17 7.872E-18
 6.976E-18 8.932E-18 1.447E-17 1.712E-17 1.198E-17 8.244E-18 9.358E-18 1.355E-17 1.877E-17 1.767E-17
 1.707E-17 2.230E-17 2.737E-17 3.581E-17 4.297E-17 4.232E-17 4.245E-17 4.400E-17 4.578E-17 4.710E-17
 4.605E-17 4.406E-17 4.501E-17 4.802E-17 5.095E-17 5.362E-17 5.370E-17 5.517E-17 6.043E-17 6.566E-17
 6.835E-17 6.801E-17 6.769E-17 6.932E-17 7.320E-17 7.519E-17 7.585E-17 7.512E-17 7.469E-17 7.795E-17
 8.297E-17 8.284E-17 8.769E-17 9.136E-17 9.363E-17 9.749E-17 9.832E-17 9.786E-17 9.846E-17 9.362E-17
 8.837E-17 8.577E-17 8.221E-17 7.474E-17 5.472E-17 2.698E-17 6.212E-18 0.000E+00 0.000E+00 4.764E-19
 6.767E-19 1.620E-19 0.000E+00 0.000E+00 0.000E+00 5.241E-20 2.938E-19 6.880E-19 9.290E-19 9.290E-19
 1.017E-18 1.110E-18 1.506E-18 2.143E-18 2.679E-18 3.020E-18 2.058E-18 2.110E-18 3.023E-18 4.724E-18
 4.756E-18 2.571E-18 2.114E-18 3.347E-18 5.293E-18 4.355E-18 2.720E-18 3.062E-18 6.021E-18 7.960E-18
 4.474E-18 3.017E-18 5.352E-18 9.912E-18 8.944E-18 4.568E-18 4.787E-18 8.190E-18 1.105E-17 6.908E-18
 4.078E-18 6.448E-18 1.231E-17 1.128E-17 4.419E-18 3.494E-18 8.568E-18 1.410E-17 8.849E-18 3.967E-18
 5.978E-18 1.318E-17 1.299E-17 6.046E-18 5.871E-18 1.239E-17 1.733E-17 9.096E-18 4.948E-18 1.020E-17
 1.996E-17 1.541E-17 5.625E-18 6.080E-18 1.501E-17 1.894E-17 9.414E-18 5.992E-18 1.257E-17 2.153E-17
 1.413E-17 6.801E-18 1.009E-17 2.081E-17 1.990E-17 7.925E-18 6.552E-18 1.617E-17 2.425E-17 1.339E-17
 7.145E-18 1.274E-17 2.605E-17 1.978E-17 6.357E-18 6.922E-18 1.871E-17 2.355E-17 9.485E-18 4.454E-18
 1.085E-17 2.216E-17 1.479E-17 4.787E-18 7.003E-18 1.807E-17 2.085E-17 9.139E-18 5.752E-18 1.198E-17
 2.462E-17 1.773E-17 5.484E-18 6.375E-18 1.759E-17 2.709E-17 1.398E-17 5.975E-18 1.094E-17 2.457E-17
 2.833E-17 1.393E-17 8.777E-18 1.664E-17 3.040E-17 3.228E-17 1.649E-17 9.144E-18 1.215E-17 1.795E-17
 2.265E-17 1.691E-17 1.033E-17 1.118E-17 1.628E-17 2.462E-17 2.710E-17 1.971E-17 1.249E-17 1.199E-17
 1.531E-17 2.012E-17 1.925E-17 1.522E-17 1.241E-17 1.150E-17 1.659E-17 1.988E-17 1.673E-17 1.452E-17
 1.449E-17 1.231E-17 1.273E-17 1.462E-17 1.474E-17 1.597E-17 1.626E-17 1.483E-17 1.739E-17 1.587E-17
 1.333E-17 1.277E-17 1.213E-17 1.290E-17 1.264E-17 9.388E-18 9.593E-18 1.405E-17 1.203E-17 8.554E-18
 1.002E-17 1.175E-17 1.133E-17 1.113E-17 1.300E-17 1.188E-17 1.056E-17 1.212E-17 1.470E-17 1.369E-17
 1.045E-17 9.574E-18 8.985E-18 8.620E-18 8.338E-18 7.954E-18 9.189E-18 8.210E-18 6.198E-18 6.428E-18
 6.019E-18 5.958E-18 9.382E-18 1.287E-17 1.063E-17 7.868E-18 7.162E-18 7.183E-18 6.911E-18 6.008E-18
 4.116E-18 3.795E-18 5.969E-18 8.207E-18 7.242E-18 5.192E-18 3.927E-18 3.526E-18 3.216E-18 4.117E-18
 7.502E-18 8.798E-18 6.380E-18 4.837E-18 5.478E-18 5.184E-18 3.759E-18 3.408E-18 2.948E-18 2.611E-18
 2.776E-18 2.973E-18 2.475E-18 2.945E-18 3.692E-18 3.341E-18 3.922E-18 6.066E-18 6.038E-18 4.690E-18
 5.331E-18 5.205E-18 3.850E-18 4.368E-18 4.801E-18 3.135E-18 2.245E-18 2.063E-18 1.856E-18 1.994E-18
 3.176E-18 4.043E-18 3.005E-18 2.157E-18 1.718E-18 1.955E-18 2.642E-18 2.623E-18 2.647E-18 2.610E-18
 3.228E-18 3.624E-18 2.606E-18 1.293E-18 1.149E-18 1.513E-18 1.968E-18 1.372E-18 5.469E-19 5.743E-19
 1.205E-18 2.354E-18 2.860E-18 1.809E-18 1.447E-18 2.026E-18 2.704E-18 2.659E-18 2.281E-18 1.511E-18
 8.222E-19 8.365E-19 1.444E-18 1.549E-18 1.090E-18 7.480E-19 4.086E-19 2.504E-19 5.102E-19 7.570E-19
 7.635E-19 6.615E-19 8.491E-19 1.308E-18 1.731E-18 1.791E-18 2.394E-18 2.697E-18 1.678E-18 1.410E-18
 2.430E-18 2.638E-18 1.501E-18 1.049E-18 1.294E-18 1.464E-18 1.273E-18 9.452E-19 5.891E-19 5.347E-19
 6.840E-19 7.325E-19 6.101E-19 6.835E-19 7.479E-19 7.164E-19 9.028E-19 1.311E-18 1.603E-18 1.605E-18
 1.551E-18 1.018E-18 5.873E-19 6.217E-19 6.596E-19 6.594E-19 5.648E-19 4.627E-19 5.219E-19 6.498E-19
 8.903E-19 1.013E-18 8.335E-19 7.660E-19 5.790E-19 5.790E-19 3.150E-19 3.150E-19 8.279E-20 7.648E-20
 6.197E-19 1.396E-18 9.549E-19 2.719E-19 4.887E-19 6.695E-19 5.448E-19 3.928E-19 3.172E-19 3.348E-19
 4.420E-19 5.884E-19 6.962E-19 5.019E-19 3.776E-19 4.520E-19 5.838E-19 6.863E-19 6.156E-19 5.567E-19
 5.222E-19 5.348E-19 7.224E-19 1.209E-18 1.533E-18 1.312E-18 9.107E-19 5.131E-19 4.847E-19 6.078E-19
 1.065E-18 1.133E-18 5.767E-19 2.894E-19 2.670E-19 3.719E-19 3.159E-19 3.161E-19 4.740E-19 7.810E-19
 8.600E-19 4.810E-19 1.900E-19 2.459E-19 3.293E-19 2.465E-19 2.062E-19 3.793E-19 5.249E-19 3.974E-19
 4.442E-19 7.383E-19 7.194E-19 5.915E-19 4.500E-19 4.418E-19 3.695E-19 3.790E-19 4.419E-19 3.999E-19
 3.653E-19 3.538E-19 3.273E-19 3.764E-19 4.702E-19 5.099E-19 5.658E-19 5.719E-19 5.293E-19 4.092E-19
 3.051E-19 5.031E-19 7.572E-19 7.843E-19 4.469E-19 2.169E-19 1.860E-19 2.730E-19 4.024E-19 3.464E-19
 4.778E-19 6.419E-19 5.739E-19 3.879E-19 4.065E-19 4.632E-19 4.665E-19 4.265E-19 3.285E-19 2.706E-19
 2.661E-19 2.607E-19 1.655E-19 1.823E-19 1.446E-19 1.392E-19 1.864E-19 2.773E-19 4.880E-19 7.903E-19
 7.381E-19 4.116E-19 2.914E-19 2.637E-19 3.175E-19 4.469E-19 5.123E-19 4.154E-19 4.113E-19 4.119E-19
 3.319E-19 2.424E-19 2.575E-19 3.760E-19 4.955E-19 5.328E-19 5.126E-19 4.375E-19 3.818E-19 0.000E+00
 
