  CCl2FCH3  709.9833  790.0315      9298    287.00     0.000 3.174E-18  HITRAN   HCFC-141b    air 31
 0.000E+00 0.000E+00 0.000E+00 0.000E+00 0.000E+00 2.156E-21 8.262E-21 1.346E-20 1.220E-20 4.583E-21
 1.966E-22 0.000E+00 0.000E+00 0.000E+00 0.000E+00 0.000E+00 0.000E+00 0.000E+00 0.000E+00 1.527E-21
 5.550E-21 9.293E-21 9.731E-21 8.554E-21 6.800E-21 3.097E-21 4.619E-22 0.000E+00 0.000E+00 0.000E+00
 0.000E+00 5.987E-21 1.384E-20 1.594E-20 1.272E-20 9.738E-21 9.378E-21 1.063E-20 1.115E-20 9.942E-21
 6.420E-21 1.845E-21 0.000E+00 0.000E+00 0.000E+00 0.000E+00 0.000E+00 2.611E-23 2.885E-21 6.348E-21
 8.488E-21 1.025E-20 1.076E-20 8.901E-21 5.627E-21 1.867E-21 9.514E-23 0.000E+00 0.000E+00 0.000E+00
 0.000E+00 0.000E+00 0.000E+00 0.000E+00 0.000E+00 0.000E+00 0.000E+00 3.182E-21 8.126E-21 1.049E-20
 9.020E-21 4.593E-21 9.786E-22 0.000E+00 0.000E+00 0.000E+00 0.000E+00 0.000E+00 0.000E+00 2.557E-21
 7.913E-21 1.340E-20 1.694E-20 1.934E-20 2.198E-20 2.209E-20 1.749E-20 1.002E-20 4.653E-21 4.608E-21
 8.668E-21 1.210E-20 1.227E-20 1.122E-20 1.162E-20 1.521E-20 1.999E-20 2.219E-20 2.025E-20 1.487E-20
 7.398E-21 1.667E-21 0.000E+00 0.000E+00 0.000E+00 0.000E+00 0.000E+00 0.000E+00 0.000E+00 1.334E-21
 5.188E-21 6.500E-21 2.456E-21 0.000E+00 0.000E+00 2.953E-21 9.906E-21 1.556E-20 1.654E-20 1.289E-20
 5.279E-21 6.443E-22 0.000E+00 0.000E+00 2.555E-24 3.352E-21 7.314E-21 1.083E-20 1.549E-20 1.740E-20
 1.322E-20 4.245E-21 0.000E+00 0.000E+00 0.000E+00 0.000E+00 0.000E+00 2.671E-21 6.385E-21 8.233E-21
 9.104E-21 9.703E-21 8.727E-21 7.109E-21 5.975E-21 3.396E-21 7.707E-22 0.000E+00 0.000E+00 0.000E+00
 1.096E-21 1.412E-21 4.530E-22 0.000E+00 0.000E+00 3.175E-21 9.694E-21 1.468E-20 1.434E-20 9.626E-21
 3.760E-21 5.711E-22 0.000E+00 0.000E+00 0.000E+00 0.000E+00 0.000E+00 0.000E+00 2.665E-21 6.947E-21
 9.226E-21 9.136E-21 7.956E-21 6.352E-21 5.761E-21 6.361E-21 6.476E-21 3.296E-21 5.072E-22 0.000E+00
 0.000E+00 0.000E+00 0.000E+00 8.117E-22 6.909E-21 1.588E-20 1.985E-20 1.681E-20 1.079E-20 7.264E-21
 6.051E-21 3.995E-21 1.149E-21 0.000E+00 0.000E+00 0.000E+00 8.103E-22 1.510E-21 2.357E-21 5.608E-21
 1.124E-20 1.628E-20 1.985E-20 2.137E-20 1.851E-20 1.201E-20 5.196E-21 1.919E-21 1.701E-21 7.523E-22
 0.000E+00 0.000E+00 0.000E+00 6.006E-22 7.469E-21 1.690E-20 2.222E-20 2.268E-20 1.922E-20 1.320E-20
 5.164E-21 6.505E-22 0.000E+00 0.000E+00 0.000E+00 0.000E+00 0.000E+00 0.000E+00 0.000E+00 0.000E+00
 2.380E-21 1.117E-20 2.030E-20 2.323E-20 2.060E-20 1.814E-20 1.768E-20 1.751E-20 1.600E-20 1.232E-20
 7.469E-21 2.328E-21 1.019E-22 0.000E+00 4.255E-22 6.321E-21 1.428E-20 1.852E-20 1.790E-20 1.532E-20
 1.172E-20 5.773E-21 1.182E-21 0.000E+00 0.000E+00 0.000E+00 0.000E+00 0.000E+00 0.000E+00 2.981E-21
 1.041E-20 1.747E-20 1.882E-20 1.477E-20 8.385E-21 2.316E-21 4.585E-23 0.000E+00 0.000E+00 0.000E+00
 0.000E+00 0.000E+00 0.000E+00 0.000E+00 0.000E+00 1.051E-21 4.608E-21 1.007E-20 1.530E-20 1.805E-20
 1.795E-20 1.569E-20 1.110E-20 4.403E-21 5.865E-22 0.000E+00 0.000E+00 0.000E+00 2.817E-21 1.044E-20
 2.071E-20 2.960E-20 3.426E-20 3.539E-20 3.341E-20 2.758E-20 1.757E-20 6.656E-21 1.006E-21 0.000E+00
 0.000E+00 5.795E-22 4.733E-21 9.919E-21 1.218E-20 9.547E-21 3.331E-21 2.167E-22 0.000E+00 3.008E-21
 5.917E-21 4.125E-21 1.006E-21 0.000E+00 0.000E+00 0.000E+00 0.000E+00 0.000E+00 0.000E+00 0.000E+00
 1.954E-21 7.628E-21 1.387E-20 1.774E-20 1.833E-20 1.660E-20 1.189E-20 4.898E-21 7.758E-22 0.000E+00
 0.000E+00 0.000E+00 0.000E+00 0.000E+00 2.808E-21 8.277E-21 1.467E-20 2.198E-20 2.575E-20 2.226E-20
 1.284E-20 3.291E-21 2.172E-24 0.000E+00 0.000E+00 0.000E+00 0.000E+00 0.000E+00 0.000E+00 0.000E+00
 0.000E+00 0.000E+00 0.000E+00 4.716E-21 1.308E-20 1.874E-20 2.046E-20 2.051E-20 1.959E-20 1.608E-20
 9.931E-21 4.548E-21 1.774E-21 4.465E-22 1.605E-22 1.562E-21 4.411E-21 7.910E-21 9.151E-21 7.976E-21
 8.047E-21 9.691E-21 1.125E-20 1.051E-20 6.999E-21 3.438E-21 9.761E-22 6.141E-23 0.000E+00 0.000E+00
 1.062E-21 3.495E-21 5.782E-21 8.323E-21 1.188E-20 1.494E-20 1.592E-20 1.461E-20 1.143E-20 7.999E-21
 3.797E-21 7.449E-22 0.000E+00 9.200E-22 4.107E-21 6.207E-21 6.842E-21 8.178E-21 1.078E-20 1.241E-20
 9.580E-21 3.788E-21 5.316E-22 0.000E+00 0.000E+00 0.000E+00 0.000E+00 0.000E+00 0.000E+00 9.407E-22
 2.519E-21 2.662E-21 9.051E-22 2.180E-21 1.027E-20 2.200E-20 2.881E-20 2.528E-20 1.601E-20 7.695E-21
 4.597E-21 4.875E-21 5.364E-21 5.944E-21 7.407E-21 1.137E-20 1.672E-20 2.080E-20 2.216E-20 2.162E-20
 1.950E-20 1.697E-20 1.418E-20 9.770E-21 3.236E-21 1.701E-22 0.000E+00 0.000E+00 0.000E+00 0.000E+00
 0.000E+00 0.000E+00 0.000E+00 2.801E-21 7.781E-21 1.082E-20 1.056E-20 8.273E-21 6.130E-21 4.825E-21
 1.958E-21 1.707E-22 0.000E+00 0.000E+00 0.000E+00 1.046E-21 6.254E-21 1.374E-20 2.019E-20 2.351E-20
 2.455E-20 2.402E-20 2.179E-20 1.727E-20 1.134E-20 5.913E-21 1.522E-21 0.000E+00 0.000E+00 0.000E+00
 0.000E+00 0.000E+00 0.000E+00 4.671E-21 1.145E-20 1.479E-20 1.356E-20 1.048E-20 5.982E-21 1.502E-21
 0.000E+00 0.000E+00 0.000E+00 0.000E+00 0.000E+00 0.000E+00 0.000E+00 5.531E-22 4.828E-21 9.054E-21
 9.752E-21 8.765E-21 8.143E-21 6.559E-21 2.273E-21 8.765E-23 0.000E+00 0.000E+00 0.000E+00 0.000E+00
 0.000E+00 5.605E-23 3.079E-21 8.093E-21 1.263E-20 1.408E-20 1.142E-20 6.545E-21 2.240E-21 3.191E-22
 0.000E+00 0.000E+00 0.000E+00 0.000E+00 0.000E+00 1.483E-21 5.688E-21 9.229E-21 1.111E-20 1.176E-20
 1.163E-20 1.084E-20 8.759E-21 4.029E-21 6.759E-22 0.000E+00 3.329E-21 9.642E-21 1.340E-20 1.268E-20
 9.981E-21 9.654E-21 1.276E-20 1.746E-20 2.161E-20 2.258E-20 1.932E-20 1.346E-20 8.573E-21 5.737E-21
 4.015E-21 2.913E-21 9.559E-22 0.000E+00 0.000E+00 0.000E+00 0.000E+00 0.000E+00 0.000E+00 5.110E-22
 4.362E-21 9.771E-21 1.321E-20 1.316E-20 1.042E-20 5.990E-21 1.532E-21 0.000E+00 0.000E+00 0.000E+00
 0.000E+00 1.448E-21 5.534E-21 1.036E-20 1.320E-20 1.299E-20 1.043E-20 8.836E-21 1.097E-20 1.512E-20
 1.854E-20 1.890E-20 1.538E-20 9.988E-21 6.643E-21 5.661E-21 6.516E-21 7.268E-21 7.662E-21 8.190E-21
 1.018E-20 1.389E-20 1.622E-20 1.406E-20 9.071E-21 4.857E-21 1.761E-21 2.591E-22 0.000E+00 0.000E+00
 1.880E-22 1.085E-22 0.000E+00 4.061E-21 1.350E-20 2.335E-20 2.801E-20 2.571E-20 1.948E-20 1.089E-20
 2.710E-21 0.000E+00 0.000E+00 0.000E+00 0.000E+00 0.000E+00 1.425E-21 3.942E-21 4.131E-21 1.696E-21
 4.215E-22 3.655E-21 1.135E-20 1.744E-20 1.701E-20 1.043E-20 2.666E-21 0.000E+00 0.000E+00 0.000E+00
 0.000E+00 0.000E+00 6.693E-21 1.422E-20 1.674E-20 1.447E-20 1.078E-20 7.730E-21 7.342E-21 9.144E-21
 1.111E-20 1.156E-20 1.113E-20 8.978E-21 4.341E-21 8.488E-22 3.610E-22 5.464E-21 1.365E-20 1.970E-20
 2.296E-20 2.417E-20 2.361E-20 2.076E-20 1.416E-20 6.159E-21 1.506E-21 1.561E-21 4.317E-21 6.812E-21
 7.093E-21 6.455E-21 7.546E-21 1.229E-20 1.936E-20 2.579E-20 2.669E-20 2.041E-20 1.300E-20 1.011E-20
 1.120E-20 1.068E-20 5.602E-21 1.136E-21 0.000E+00 0.000E+00 0.000E+00 6.234E-22 6.855E-21 1.478E-20
 1.934E-20 2.209E-20 2.487E-20 2.502E-20 1.882E-20 9.026E-21 1.912E-21 0.000E+00 0.000E+00 1.923E-21
 8.887E-21 1.631E-20 1.929E-20 1.790E-20 1.809E-20 2.258E-20 2.746E-20 2.752E-20 2.099E-20 1.046E-20
 2.277E-21 0.000E+00 0.000E+00 0.000E+00 0.000E+00 3.267E-21 6.414E-21 7.851E-21 9.363E-21 1.252E-20
 1.773E-20 2.155E-20 1.950E-20 1.286E-20 5.846E-21 1.242E-21 0.000E+00 0.000E+00 0.000E+00 0.000E+00
 0.000E+00 0.000E+00 0.000E+00 3.432E-22 3.327E-21 6.719E-21 7.219E-21 4.620E-21 1.333E-21 7.995E-23
 0.000E+00 0.000E+00 0.000E+00 0.000E+00 0.000E+00 0.000E+00 5.828E-22 1.770E-21 2.233E-21 3.702E-21
 9.695E-21 1.854E-20 2.547E-20 2.777E-20 2.576E-20 2.158E-20 1.609E-20 1.049E-20 5.874E-21 3.418E-21
 2.773E-21 3.022E-21 3.549E-21 3.792E-21 4.089E-21 5.414E-21 7.018E-21 6.597E-21 4.004E-21 1.877E-21
 4.284E-21 1.067E-20 1.567E-20 1.565E-20 1.200E-20 9.027E-21 9.499E-21 1.168E-20 1.374E-20 1.486E-20
 1.571E-20 1.553E-20 1.491E-20 1.387E-20 1.250E-20 1.026E-20 7.659E-21 5.183E-21 3.651E-21 2.981E-21
 3.658E-21 5.300E-21 7.677E-21 9.768E-21 1.016E-20 1.006E-20 9.949E-21 9.377E-21 8.143E-21 6.794E-21
 4.743E-21 1.451E-21 5.178E-23 0.000E+00 0.000E+00 0.000E+00 0.000E+00 9.502E-22 4.254E-21 7.150E-21
 7.753E-21 7.226E-21 5.987E-21 2.877E-21 5.225E-22 0.000E+00 9.619E-22 2.183E-21 1.235E-21 1.837E-22
 0.000E+00 0.000E+00 0.000E+00 0.000E+00 2.814E-21 7.613E-21 1.106E-20 1.204E-20 1.169E-20 1.073E-20
 8.497E-21 6.302E-21 3.107E-21 6.088E-22 0.000E+00 0.000E+00 0.000E+00 0.000E+00 2.625E-22 7.889E-21
 1.907E-20 2.735E-20 2.924E-20 2.520E-20 1.854E-20 1.252E-20 6.874E-21 1.863E-21 9.362E-23 0.000E+00
 0.000E+00 4.391E-23 2.848E-21 8.815E-21 1.636E-20 2.289E-20 2.471E-20 2.159E-20 1.651E-20 1.303E-20
 1.087E-20 6.616E-21 1.628E-21 0.000E+00 2.027E-21 6.581E-21 1.003E-20 1.124E-20 1.236E-20 1.634E-20
 2.255E-20 2.770E-20 2.878E-20 2.414E-20 1.771E-20 1.272E-20 9.100E-21 5.728E-21 2.850E-21 3.336E-21
 9.415E-21 1.689E-20 2.008E-20 1.877E-20 1.621E-20 1.642E-20 1.931E-20 2.180E-20 2.332E-20 2.232E-20
 1.791E-20 1.148E-20 7.370E-21 7.623E-21 9.896E-21 9.617E-21 5.863E-21 2.763E-21 4.370E-21 1.039E-20
 1.674E-20 2.006E-20 2.117E-20 2.258E-20 2.253E-20 1.984E-20 1.502E-20 1.147E-20 1.068E-20 1.149E-20
 1.130E-20 9.141E-21 5.944E-21 3.248E-21 2.540E-21 5.421E-21 1.146E-20 1.799E-20 2.329E-20 2.506E-20
 2.337E-20 1.752E-20 8.370E-21 1.686E-21 0.000E+00 0.000E+00 0.000E+00 0.000E+00 0.000E+00 6.616E-21
 1.422E-20 1.678E-20 1.603E-20 1.416E-20 1.042E-20 4.642E-21 8.399E-22 0.000E+00 0.000E+00 0.000E+00
 0.000E+00 0.000E+00 1.103E-21 8.951E-21 1.945E-20 2.834E-20 3.458E-20 3.675E-20 3.370E-20 2.674E-20
 1.841E-20 1.015E-20 2.484E-21 0.000E+00 0.000E+00 0.000E+00 0.000E+00 0.000E+00 0.000E+00 5.893E-21
 1.452E-20 1.995E-20 2.187E-20 2.313E-20 2.450E-20 2.401E-20 2.065E-20 1.324E-20 4.827E-21 7.027E-22
 2.994E-21 1.011E-20 1.727E-20 2.039E-20 2.022E-20 2.027E-20 2.298E-20 2.771E-20 2.932E-20 2.640E-20
 2.136E-20 1.714E-20 1.468E-20 1.122E-20 7.151E-21 4.582E-21 5.337E-21 7.104E-21 9.203E-21 1.317E-20
 2.012E-20 2.728E-20 3.056E-20 2.700E-20 1.968E-20 1.263E-20 8.628E-21 8.014E-21 7.608E-21 4.601E-21
 1.074E-21 0.000E+00 1.550E-21 6.849E-21 1.488E-20 2.326E-20 2.866E-20 2.941E-20 2.621E-20 2.105E-20
 1.513E-20 9.460E-21 4.985E-21 3.172E-21 4.808E-21 5.776E-21 4.736E-21 4.587E-21 7.823E-21 1.499E-20
 2.286E-20 2.767E-20 2.625E-20 1.964E-20 1.197E-20 5.872E-21 1.721E-21 1.835E-22 0.000E+00 0.000E+00
 0.000E+00 0.000E+00 1.900E-21 1.005E-20 2.036E-20 2.602E-20 2.600E-20 2.354E-20 2.261E-20 2.295E-20
 2.099E-20 1.637E-20 1.148E-20 7.151E-21 3.475E-21 1.161E-21 1.910E-22 0.000E+00 0.000E+00 0.000E+00
 1.252E-22 4.133E-21 1.062E-20 1.605E-20 1.801E-20 1.541E-20 1.015E-20 6.274E-21 4.266E-21 2.097E-21
 4.211E-22 0.000E+00 0.000E+00 0.000E+00 0.000E+00 1.758E-21 8.657E-21 1.772E-20 2.557E-20 3.022E-20
 3.188E-20 2.938E-20 2.226E-20 1.221E-20 3.732E-21 4.333E-22 0.000E+00 0.000E+00 0.000E+00 0.000E+00
 1.377E-21 4.019E-21 6.965E-21 1.009E-20 1.390E-20 1.816E-20 2.111E-20 2.114E-20 1.610E-20 8.528E-21
 3.464E-21 3.026E-21 6.303E-21 1.181E-20 1.864E-20 2.456E-20 2.685E-20 2.501E-20 2.275E-20 2.151E-20
 2.028E-20 1.611E-20 8.982E-21 3.091E-21 4.832E-22 0.000E+00 0.000E+00 0.000E+00 0.000E+00 2.939E-21
 9.219E-21 1.464E-20 1.652E-20 1.471E-20 1.048E-20 5.518E-21 3.047E-21 5.367E-21 9.091E-21 1.047E-20
 8.311E-21 6.279E-21 7.867E-21 1.263E-20 1.837E-20 2.330E-20 2.720E-20 2.885E-20 2.744E-20 2.421E-20
 2.163E-20 1.715E-20 9.732E-21 2.261E-21 0.000E+00 0.000E+00 1.290E-21 5.348E-21 1.038E-20 1.503E-20
 1.876E-20 2.176E-20 2.504E-20 2.707E-20 2.651E-20 2.421E-20 2.196E-20 2.149E-20 2.062E-20 1.718E-20
 1.099E-20 4.462E-21 7.824E-22 1.233E-21 6.325E-21 1.358E-20 2.040E-20 2.775E-20 3.424E-20 3.694E-20
 3.310E-20 2.652E-20 2.193E-20 1.955E-20 1.566E-20 9.574E-21 4.679E-21 4.205E-21 7.935E-21 1.314E-20
 1.784E-20 1.962E-20 1.977E-20 2.037E-20 2.371E-20 2.709E-20 2.719E-20 2.132E-20 1.249E-20 6.226E-21
 4.261E-21 6.301E-21 9.954E-21 1.370E-20 1.701E-20 1.873E-20 1.872E-20 1.848E-20 1.821E-20 1.733E-20
 1.559E-20 1.350E-20 1.080E-20 7.166E-21 2.377E-21 2.369E-22 0.000E+00 9.493E-22 3.389E-21 6.656E-21
 9.378E-21 9.309E-21 6.802E-21 5.647E-21 8.323E-21 1.433E-20 1.758E-20 1.582E-20 1.217E-20 9.982E-21
 9.275E-21 6.881E-21 3.514E-21 2.637E-21 5.568E-21 1.131E-20 1.672E-20 1.968E-20 1.922E-20 1.734E-20
 1.396E-20 9.816E-21 5.471E-21 2.374E-21 2.455E-21 5.069E-21 7.682E-21 7.949E-21 6.400E-21 5.047E-21
 4.913E-21 7.034E-21 1.161E-20 1.706E-20 2.195E-20 2.559E-20 2.853E-20 2.997E-20 2.659E-20 1.964E-20
 1.253E-20 1.061E-20 1.366E-20 1.722E-20 1.962E-20 2.156E-20 2.341E-20 2.481E-20 2.407E-20 2.268E-20
 2.180E-20 2.012E-20 1.856E-20 1.795E-20 1.866E-20 1.836E-20 1.620E-20 1.591E-20 1.971E-20 2.439E-20
 2.402E-20 1.882E-20 1.575E-20 1.745E-20 2.104E-20 2.353E-20 2.560E-20 2.645E-20 2.358E-20 1.694E-20
 9.182E-21 2.524E-21 1.951E-22 0.000E+00 0.000E+00 0.000E+00 2.996E-21 8.435E-21 1.353E-20 1.710E-20
 1.919E-20 2.058E-20 2.247E-20 2.305E-20 2.012E-20 1.332E-20 7.356E-21 5.618E-21 7.988E-21 1.122E-20
 1.279E-20 1.462E-20 1.682E-20 2.035E-20 2.461E-20 2.869E-20 3.016E-20 2.608E-20 1.701E-20 7.240E-21
 1.323E-21 0.000E+00 0.000E+00 3.578E-22 2.028E-21 4.029E-21 6.877E-21 1.244E-20 1.834E-20 2.111E-20
 2.026E-20 1.756E-20 1.494E-20 1.214E-20 9.046E-21 8.094E-21 7.374E-21 4.085E-21 8.446E-22 0.000E+00
 0.000E+00 7.288E-21 1.854E-20 2.743E-20 3.195E-20 3.119E-20 2.638E-20 1.998E-20 1.440E-20 1.146E-20
 9.760E-21 7.207E-21 4.926E-21 5.512E-21 8.978E-21 1.224E-20 1.343E-20 1.303E-20 1.204E-20 1.122E-20
 1.132E-20 1.321E-20 1.661E-20 1.890E-20 1.726E-20 1.137E-20 4.232E-21 6.261E-22 4.993E-22 2.647E-21
 4.533E-21 5.142E-21 7.545E-21 1.399E-20 2.387E-20 3.257E-20 3.640E-20 3.457E-20 2.862E-20 1.974E-20
 9.052E-21 1.711E-21 0.000E+00 0.000E+00 0.000E+00 0.000E+00 7.394E-21 1.787E-20 2.495E-20 2.657E-20
 2.332E-20 1.854E-20 1.462E-20 1.200E-20 8.741E-21 4.694E-21 1.023E-21 0.000E+00 5.260E-22 4.234E-21
 8.543E-21 1.042E-20 1.190E-20 1.659E-20 2.357E-20 2.996E-20 3.032E-20 2.576E-20 1.975E-20 1.536E-20
 1.345E-20 1.295E-20 1.253E-20 1.012E-20 6.839E-21 4.660E-21 6.218E-21 1.020E-20 1.339E-20 1.577E-20
 1.955E-20 2.399E-20 2.579E-20 2.274E-20 1.795E-20 1.398E-20 1.067E-20 8.350E-21 7.084E-21 7.796E-21
 1.056E-20 1.406E-20 1.801E-20 1.881E-20 1.519E-20 7.967E-21 1.632E-21 0.000E+00 0.000E+00 8.342E-22
 3.980E-21 5.649E-21 5.100E-21 5.762E-21 8.174E-21 1.177E-20 1.550E-20 1.915E-20 2.446E-20 3.046E-20
 3.375E-20 3.216E-20 2.621E-20 1.795E-20 1.082E-20 5.740E-21 4.048E-21 5.034E-21 7.836E-21 1.087E-20
 1.165E-20 1.122E-20 1.129E-20 1.423E-20 1.866E-20 2.154E-20 2.136E-20 2.000E-20 1.782E-20 1.523E-20
 1.220E-20 1.037E-20 1.123E-20 1.260E-20 1.262E-20 1.488E-20 2.201E-20 3.120E-20 3.787E-20 4.048E-20
 3.842E-20 3.298E-20 2.484E-20 1.575E-20 7.350E-21 1.477E-21 1.177E-23 0.000E+00 5.471E-22 3.231E-21
 6.708E-21 1.145E-20 1.858E-20 2.556E-20 2.904E-20 2.811E-20 2.518E-20 2.243E-20 1.930E-20 1.421E-20
 8.908E-21 4.050E-21 7.705E-22 6.599E-22 6.122E-21 1.498E-20 2.283E-20 2.750E-20 3.162E-20 3.706E-20
 4.166E-20 4.247E-20 4.000E-20 3.722E-20 3.293E-20 2.528E-20 1.739E-20 1.297E-20 1.131E-20 9.716E-21
 8.344E-21 7.760E-21 8.090E-21 9.051E-21 1.055E-20 1.520E-20 2.200E-20 2.766E-20 3.023E-20 2.950E-20
 2.452E-20 1.736E-20 9.717E-21 6.289E-21 7.029E-21 9.473E-21 1.064E-20 1.191E-20 1.465E-20 1.924E-20
 2.283E-20 2.467E-20 2.597E-20 2.552E-20 2.135E-20 1.440E-20 7.929E-21 4.200E-21 3.394E-21 3.353E-21
 4.601E-21 8.020E-21 1.533E-20 2.478E-20 3.346E-20 3.816E-20 3.917E-20 3.693E-20 3.200E-20 2.492E-20
 1.829E-20 1.518E-20 1.698E-20 2.127E-20 2.518E-20 2.669E-20 2.781E-20 2.875E-20 2.978E-20 2.985E-20
 3.085E-20 3.320E-20 3.551E-20 3.460E-20 3.056E-20 2.488E-20 2.100E-20 1.956E-20 1.631E-20 1.032E-20
 4.861E-21 3.118E-21 5.501E-21 1.001E-20 1.392E-20 1.703E-20 1.980E-20 2.019E-20 1.919E-20 1.681E-20
 1.431E-20 1.330E-20 1.340E-20 1.325E-20 1.397E-20 1.563E-20 1.810E-20 2.116E-20 2.364E-20 2.372E-20
 2.332E-20 2.271E-20 2.105E-20 1.751E-20 1.463E-20 1.309E-20 1.286E-20 1.141E-20 8.629E-21 7.302E-21
 1.002E-20 1.509E-20 2.140E-20 2.794E-20 3.437E-20 3.918E-20 4.080E-20 3.866E-20 3.442E-20 2.978E-20
 2.393E-20 1.699E-20 9.191E-21 3.654E-21 2.989E-21 7.417E-21 1.480E-20 2.211E-20 2.806E-20 3.210E-20
 3.509E-20 3.742E-20 3.912E-20 3.784E-20 3.319E-20 2.521E-20 1.614E-20 6.731E-21 1.132E-21 0.000E+00
 1.594E-21 8.849E-21 1.746E-20 2.367E-20 2.703E-20 2.828E-20 2.888E-20 2.956E-20 2.987E-20 2.915E-20
 2.707E-20 2.443E-20 2.261E-20 2.139E-20 2.025E-20 1.763E-20 1.506E-20 1.422E-20 1.588E-20 1.936E-20
 2.375E-20 2.656E-20 2.644E-20 2.346E-20 2.000E-20 1.612E-20 1.203E-20 8.156E-21 7.218E-21 1.021E-20
 1.611E-20 2.146E-20 2.441E-20 2.576E-20 2.715E-20 2.897E-20 3.061E-20 3.090E-20 2.785E-20 2.197E-20
 1.532E-20 8.312E-21 3.049E-21 1.359E-21 3.366E-21 6.017E-21 9.719E-21 1.422E-20 1.980E-20 2.402E-20
 2.641E-20 2.713E-20 2.664E-20 2.699E-20 2.686E-20 2.562E-20 2.291E-20 1.937E-20 1.607E-20 1.448E-20
 1.445E-20 1.412E-20 1.363E-20 1.418E-20 1.643E-20 1.991E-20 2.273E-20 2.142E-20 1.612E-20 1.033E-20
 7.660E-21 9.499E-21 1.298E-20 1.411E-20 1.386E-20 1.458E-20 1.618E-20 1.751E-20 2.061E-20 2.471E-20
 2.780E-20 2.683E-20 2.261E-20 1.877E-20 1.807E-20 1.871E-20 1.853E-20 1.711E-20 1.419E-20 9.638E-21
 4.886E-21 3.674E-21 8.412E-21 1.676E-20 2.510E-20 3.210E-20 3.729E-20 3.775E-20 3.434E-20 3.017E-20
 2.792E-20 2.664E-20 2.438E-20 2.239E-20 2.043E-20 1.908E-20 1.947E-20 2.378E-20 3.185E-20 3.913E-20
 4.025E-20 3.620E-20 3.075E-20 2.616E-20 2.145E-20 1.642E-20 1.291E-20 1.096E-20 1.011E-20 9.971E-21
 1.017E-20 1.059E-20 1.252E-20 1.631E-20 2.211E-20 2.819E-20 3.105E-20 2.948E-20 2.541E-20 2.103E-20
 1.672E-20 1.294E-20 1.021E-20 8.422E-21 8.432E-21 9.937E-21 1.315E-20 1.714E-20 2.109E-20 2.558E-20
 3.046E-20 3.466E-20 3.460E-20 2.924E-20 2.123E-20 1.500E-20 1.462E-20 1.765E-20 1.982E-20 1.886E-20
 1.718E-20 1.935E-20 2.627E-20 3.352E-20 3.608E-20 3.304E-20 2.854E-20 2.493E-20 2.361E-20 2.375E-20
 2.315E-20 2.056E-20 1.805E-20 1.776E-20 1.922E-20 2.019E-20 1.935E-20 1.815E-20 1.843E-20 1.902E-20
 2.038E-20 2.340E-20 2.898E-20 3.492E-20 4.048E-20 4.332E-20 4.032E-20 3.003E-20 1.711E-20 9.120E-21
 1.061E-20 1.729E-20 2.205E-20 2.375E-20 2.545E-20 2.965E-20 3.547E-20 3.989E-20 4.037E-20 3.716E-20
 3.155E-20 2.555E-20 2.036E-20 1.532E-20 1.001E-20 7.755E-21 1.271E-20 2.261E-20 3.119E-20 3.549E-20
 3.513E-20 3.295E-20 3.121E-20 2.934E-20 2.750E-20 2.676E-20 2.750E-20 2.737E-20 2.596E-20 2.448E-20
 2.358E-20 2.178E-20 1.973E-20 2.078E-20 2.574E-20 3.232E-20 3.434E-20 2.950E-20 2.197E-20 1.593E-20
 1.309E-20 1.343E-20 1.455E-20 1.553E-20 1.695E-20 1.974E-20 2.467E-20 2.760E-20 2.781E-20 2.667E-20
 2.717E-20 2.991E-20 3.279E-20 3.294E-20 3.136E-20 2.910E-20 2.743E-20 2.655E-20 2.751E-20 3.083E-20
 3.696E-20 4.348E-20 4.653E-20 4.323E-20 3.465E-20 2.597E-20 2.309E-20 2.585E-20 3.071E-20 3.214E-20
 2.843E-20 2.118E-20 1.488E-20 1.396E-20 1.759E-20 2.098E-20 2.129E-20 2.138E-20 2.629E-20 3.531E-20
 4.110E-20 4.142E-20 4.024E-20 4.136E-20 4.284E-20 4.151E-20 3.564E-20 2.820E-20 2.123E-20 1.495E-20
 1.001E-20 7.446E-21 8.740E-21 1.361E-20 1.919E-20 2.377E-20 2.558E-20 2.709E-20 2.913E-20 3.061E-20
 2.860E-20 2.315E-20 1.709E-20 1.482E-20 1.876E-20 2.588E-20 3.085E-20 3.133E-20 2.922E-20 2.891E-20
 3.094E-20 3.210E-20 2.943E-20 2.417E-20 2.073E-20 2.107E-20 2.294E-20 2.212E-20 1.765E-20 1.319E-20
 1.106E-20 1.158E-20 1.380E-20 1.685E-20 2.103E-20 2.505E-20 2.921E-20 3.206E-20 3.374E-20 3.341E-20
 3.116E-20 2.769E-20 2.392E-20 2.030E-20 1.733E-20 1.701E-20 1.954E-20 2.216E-20 2.232E-20 2.078E-20
 2.171E-20 2.678E-20 3.245E-20 3.616E-20 3.544E-20 3.132E-20 2.545E-20 1.857E-20 1.297E-20 1.044E-20
 1.111E-20 1.337E-20 1.650E-20 1.995E-20 2.328E-20 2.633E-20 2.907E-20 3.253E-20 3.561E-20 3.656E-20
 3.672E-20 3.649E-20 3.595E-20 3.504E-20 3.275E-20 2.968E-20 2.718E-20 2.649E-20 2.575E-20 2.541E-20
 2.586E-20 2.646E-20 2.594E-20 2.384E-20 2.175E-20 2.019E-20 1.839E-20 1.551E-20 1.357E-20 1.321E-20
 1.354E-20 1.387E-20 1.532E-20 1.848E-20 2.202E-20 2.520E-20 2.859E-20 3.162E-20 3.374E-20 3.436E-20
 3.232E-20 3.045E-20 2.889E-20 2.624E-20 2.376E-20 2.173E-20 2.000E-20 1.806E-20 1.824E-20 2.161E-20
 2.666E-20 3.058E-20 3.133E-20 2.878E-20 2.452E-20 1.972E-20 1.696E-20 1.872E-20 2.249E-20 2.188E-20
 1.455E-20 8.042E-21 8.038E-21 1.403E-20 2.088E-20 2.377E-20 2.330E-20 2.345E-20 2.720E-20 3.514E-20
 4.141E-20 4.143E-20 3.468E-20 2.814E-20 2.667E-20 2.953E-20 3.051E-20 2.594E-20 1.914E-20 1.482E-20
 1.588E-20 2.189E-20 2.981E-20 3.495E-20 3.488E-20 3.157E-20 2.713E-20 2.408E-20 2.509E-20 2.883E-20
 3.093E-20 2.946E-20 2.718E-20 2.776E-20 3.309E-20 3.984E-20 4.239E-20 3.871E-20 3.078E-20 2.283E-20
 1.826E-20 1.896E-20 2.420E-20 2.846E-20 2.781E-20 2.259E-20 1.659E-20 1.411E-20 1.598E-20 2.127E-20
 2.846E-20 3.516E-20 3.718E-20 3.461E-20 2.948E-20 2.377E-20 2.103E-20 2.284E-20 2.694E-20 2.918E-20
 2.758E-20 2.402E-20 2.270E-20 2.347E-20 2.460E-20 2.610E-20 2.818E-20 3.069E-20 3.305E-20 3.458E-20
 3.529E-20 3.444E-20 3.169E-20 2.979E-20 2.893E-20 2.849E-20 2.634E-20 2.309E-20 2.144E-20 2.194E-20
 2.502E-20 3.137E-20 3.883E-20 4.310E-20 4.006E-20 3.168E-20 2.361E-20 1.954E-20 1.766E-20 1.647E-20
 1.794E-20 2.135E-20 2.424E-20 2.554E-20 2.925E-20 3.627E-20 4.224E-20 4.396E-20 4.298E-20 4.316E-20
 4.465E-20 4.551E-20 4.429E-20 4.105E-20 3.645E-20 3.146E-20 2.667E-20 2.249E-20 1.931E-20 1.994E-20
 2.339E-20 2.828E-20 3.281E-20 3.628E-20 3.989E-20 4.352E-20 4.437E-20 4.079E-20 3.541E-20 3.125E-20
 3.106E-20 3.434E-20 3.980E-20 4.393E-20 4.427E-20 4.284E-20 4.220E-20 4.191E-20 4.024E-20 3.890E-20
 3.938E-20 3.962E-20 3.688E-20 3.361E-20 3.186E-20 3.171E-20 3.206E-20 3.257E-20 3.452E-20 3.583E-20
 3.523E-20 3.593E-20 3.876E-20 4.249E-20 4.444E-20 4.338E-20 4.035E-20 3.752E-20 3.615E-20 3.722E-20
 3.958E-20 3.921E-20 3.360E-20 2.671E-20 2.277E-20 2.248E-20 2.288E-20 2.231E-20 2.204E-20 2.315E-20
 2.555E-20 2.961E-20 3.527E-20 3.774E-20 3.252E-20 2.475E-20 1.991E-20 2.049E-20 2.579E-20 3.201E-20
 3.585E-20 3.524E-20 3.179E-20 2.925E-20 3.013E-20 3.228E-20 3.184E-20 2.930E-20 2.894E-20 3.106E-20
 3.289E-20 3.048E-20 2.486E-20 2.142E-20 2.235E-20 2.718E-20 3.282E-20 3.639E-20 3.785E-20 3.772E-20
 3.732E-20 3.778E-20 3.988E-20 4.134E-20 4.005E-20 3.549E-20 2.874E-20 2.291E-20 1.982E-20 1.822E-20
 1.829E-20 2.112E-20 2.513E-20 2.902E-20 3.206E-20 3.674E-20 4.153E-20 4.434E-20 4.267E-20 3.570E-20
 2.957E-20 2.846E-20 3.302E-20 3.672E-20 3.570E-20 3.138E-20 2.815E-20 2.681E-20 2.590E-20 2.618E-20
 2.821E-20 3.115E-20 3.189E-20 3.026E-20 2.790E-20 2.585E-20 2.366E-20 2.168E-20 2.121E-20 2.324E-20
 2.676E-20 3.123E-20 3.703E-20 4.199E-20 4.340E-20 4.075E-20 3.891E-20 3.947E-20 4.001E-20 3.799E-20
 3.533E-20 3.579E-20 3.927E-20 4.362E-20 4.690E-20 4.851E-20 4.723E-20 4.315E-20 3.807E-20 3.436E-20
 3.356E-20 3.399E-20 3.481E-20 3.610E-20 3.580E-20 3.237E-20 2.774E-20 2.665E-20 3.067E-20 3.583E-20
 4.022E-20 4.552E-20 5.304E-20 5.937E-20 6.030E-20 5.571E-20 4.941E-20 4.639E-20 4.617E-20 4.580E-20
 4.368E-20 3.867E-20 3.094E-20 2.279E-20 1.687E-20 1.732E-20 2.473E-20 3.399E-20 3.975E-20 4.091E-20
 4.142E-20 4.471E-20 5.017E-20 5.153E-20 4.620E-20 3.837E-20 3.467E-20 3.619E-20 3.816E-20 3.778E-20
 3.730E-20 3.939E-20 4.205E-20 4.363E-20 4.600E-20 5.098E-20 5.563E-20 5.326E-20 4.466E-20 3.560E-20
 2.980E-20 2.613E-20 2.597E-20 3.010E-20 3.635E-20 3.995E-20 3.923E-20 3.729E-20 3.724E-20 3.945E-20
 4.332E-20 4.848E-20 5.316E-20 5.634E-20 5.453E-20 4.904E-20 4.158E-20 3.435E-20 2.864E-20 2.709E-20
 2.789E-20 2.904E-20 3.290E-20 4.047E-20 5.027E-20 5.611E-20 5.480E-20 4.900E-20 4.398E-20 4.041E-20
 3.714E-20 3.404E-20 3.175E-20 2.875E-20 2.631E-20 2.742E-20 3.318E-20 4.131E-20 4.611E-20 4.754E-20
 4.549E-20 4.439E-20 4.433E-20 4.620E-20 4.753E-20 4.643E-20 4.179E-20 3.695E-20 3.561E-20 3.902E-20
 4.341E-20 4.382E-20 4.089E-20 4.102E-20 4.776E-20 5.901E-20 6.668E-20 6.489E-20 5.600E-20 4.637E-20
 4.040E-20 3.573E-20 3.034E-20 2.459E-20 2.151E-20 2.521E-20 3.573E-20 4.600E-20 5.058E-20 4.855E-20
 4.560E-20 4.572E-20 4.828E-20 5.050E-20 4.978E-20 4.502E-20 3.898E-20 3.310E-20 3.076E-20 3.277E-20
 3.513E-20 3.691E-20 3.999E-20 4.283E-20 4.487E-20 4.609E-20 4.786E-20 4.929E-20 4.832E-20 4.382E-20
 3.841E-20 3.394E-20 3.087E-20 2.800E-20 2.664E-20 2.708E-20 3.092E-20 3.752E-20 4.531E-20 5.124E-20
 5.333E-20 5.404E-20 5.308E-20 5.028E-20 4.543E-20 4.178E-20 4.180E-20 4.399E-20 4.270E-20 3.865E-20
 3.587E-20 3.847E-20 4.522E-20 5.070E-20 5.080E-20 4.641E-20 4.268E-20 4.541E-20 5.095E-20 5.227E-20
 4.599E-20 3.636E-20 3.252E-20 3.521E-20 3.936E-20 4.034E-20 4.007E-20 4.221E-20 4.799E-20 5.345E-20
 5.571E-20 5.453E-20 5.138E-20 4.795E-20 4.295E-20 3.741E-20 3.317E-20 3.313E-20 3.497E-20 3.549E-20
 3.405E-20 3.280E-20 3.450E-20 4.009E-20 4.772E-20 5.478E-20 5.866E-20 5.706E-20 5.155E-20 4.651E-20
 4.452E-20 4.413E-20 4.359E-20 4.306E-20 4.385E-20 4.783E-20 5.374E-20 6.062E-20 6.346E-20 6.036E-20
 5.576E-20 5.522E-20 6.189E-20 6.928E-20 6.968E-20 6.194E-20 5.128E-20 4.319E-20 3.923E-20 3.758E-20
 3.864E-20 4.245E-20 4.658E-20 4.961E-20 4.924E-20 4.875E-20 5.221E-20 5.769E-20 6.150E-20 6.046E-20
 5.455E-20 4.568E-20 3.802E-20 3.530E-20 3.892E-20 4.668E-20 5.333E-20 5.748E-20 5.913E-20 5.947E-20
 6.067E-20 6.345E-20 6.535E-20 6.174E-20 5.106E-20 4.115E-20 3.952E-20 4.444E-20 4.875E-20 4.755E-20
 4.465E-20 4.602E-20 5.087E-20 5.613E-20 5.926E-20 6.079E-20 5.881E-20 5.472E-20 5.136E-20 4.962E-20
 5.004E-20 5.026E-20 4.887E-20 4.539E-20 4.115E-20 4.013E-20 4.493E-20 5.271E-20 5.820E-20 5.888E-20
 5.697E-20 5.651E-20 5.774E-20 5.981E-20 6.073E-20 5.957E-20 5.603E-20 5.251E-20 4.917E-20 4.624E-20
 4.261E-20 3.958E-20 3.934E-20 4.254E-20 4.751E-20 5.378E-20 6.070E-20 6.506E-20 6.377E-20 5.864E-20
 5.206E-20 4.712E-20 4.559E-20 4.657E-20 4.876E-20 4.966E-20 5.006E-20 5.191E-20 5.736E-20 6.411E-20
 6.808E-20 6.643E-20 6.188E-20 5.712E-20 5.404E-20 5.263E-20 5.257E-20 5.253E-20 5.042E-20 4.709E-20
 4.578E-20 4.642E-20 5.015E-20 5.815E-20 7.046E-20 8.301E-20 8.908E-20 8.621E-20 7.603E-20 6.341E-20
 5.189E-20 4.367E-20 3.983E-20 3.941E-20 4.273E-20 4.586E-20 4.738E-20 4.839E-20 5.177E-20 5.842E-20
 6.490E-20 6.888E-20 7.075E-20 6.997E-20 6.691E-20 6.328E-20 6.010E-20 5.908E-20 5.832E-20 5.511E-20
 5.210E-20 5.234E-20 5.630E-20 5.978E-20 6.280E-20 6.659E-20 7.292E-20 7.810E-20 7.912E-20 7.554E-20
 6.908E-20 6.476E-20 6.409E-20 6.532E-20 6.622E-20 6.546E-20 6.375E-20 6.232E-20 6.191E-20 6.387E-20
 6.689E-20 7.115E-20 7.520E-20 7.438E-20 6.828E-20 5.776E-20 4.766E-20 4.261E-20 4.408E-20 4.749E-20
 4.859E-20 4.849E-20 4.925E-20 5.462E-20 6.454E-20 7.520E-20 8.053E-20 7.990E-20 7.514E-20 7.191E-20
 7.159E-20 6.983E-20 6.428E-20 5.702E-20 5.390E-20 5.602E-20 6.185E-20 6.547E-20 6.412E-20 5.946E-20
 5.670E-20 5.989E-20 6.836E-20 7.648E-20 7.834E-20 7.437E-20 6.822E-20 6.334E-20 6.064E-20 5.987E-20
 6.034E-20 6.128E-20 6.197E-20 6.354E-20 6.620E-20 6.963E-20 7.265E-20 7.467E-20 7.576E-20 7.494E-20
 7.186E-20 6.833E-20 6.624E-20 6.609E-20 6.703E-20 6.749E-20 6.699E-20 6.590E-20 6.533E-20 6.592E-20
 6.822E-20 7.256E-20 7.625E-20 7.648E-20 7.303E-20 6.924E-20 6.689E-20 6.392E-20 6.010E-20 5.772E-20
 5.799E-20 5.852E-20 5.743E-20 5.761E-20 6.122E-20 6.682E-20 7.043E-20 6.981E-20 6.956E-20 7.255E-20
 7.707E-20 7.741E-20 7.458E-20 6.968E-20 6.596E-20 6.318E-20 6.305E-20 6.770E-20 7.751E-20 8.854E-20
 9.569E-20 9.650E-20 9.268E-20 8.821E-20 8.530E-20 8.162E-20 7.674E-20 7.144E-20 6.811E-20 6.966E-20
 7.486E-20 8.059E-20 8.296E-20 8.064E-20 7.568E-20 7.307E-20 7.655E-20 8.584E-20 9.576E-20 1.015E-19
 9.967E-20 9.002E-20 7.890E-20 7.144E-20 6.721E-20 6.476E-20 6.284E-20 6.430E-20 6.922E-20 7.410E-20
 7.581E-20 7.592E-20 7.797E-20 8.109E-20 8.376E-20 8.207E-20 7.599E-20 6.629E-20 5.919E-20 5.811E-20
 6.240E-20 6.728E-20 7.015E-20 7.255E-20 7.785E-20 8.446E-20 8.887E-20 8.937E-20 8.777E-20 8.560E-20
 8.449E-20 8.432E-20 8.308E-20 7.894E-20 7.254E-20 6.721E-20 6.543E-20 6.759E-20 7.148E-20 7.607E-20
 8.110E-20 8.669E-20 9.137E-20 9.352E-20 9.256E-20 8.951E-20 8.622E-20 8.437E-20 8.348E-20 8.081E-20
 8.031E-20 8.264E-20 8.902E-20 9.486E-20 9.884E-20 1.026E-19 1.082E-19 1.127E-19 1.139E-19 1.087E-19
 9.895E-20 8.950E-20 8.512E-20 8.251E-20 7.786E-20 7.231E-20 7.220E-20 7.874E-20 8.781E-20 9.221E-20
 9.177E-20 9.037E-20 9.244E-20 9.704E-20 1.019E-19 1.031E-19 9.887E-20 9.192E-20 8.695E-20 8.692E-20
 8.911E-20 9.060E-20 9.254E-20 9.434E-20 9.469E-20 9.433E-20 9.677E-20 1.011E-19 1.034E-19 1.010E-19
 9.537E-20 9.070E-20 8.914E-20 8.700E-20 8.206E-20 7.703E-20 7.515E-20 7.843E-20 8.440E-20 8.819E-20
 8.925E-20 9.026E-20 9.466E-20 1.003E-19 1.055E-19 1.058E-19 1.023E-19 9.713E-20 9.344E-20 9.160E-20
 9.158E-20 8.990E-20 8.872E-20 9.120E-20 9.750E-20 1.030E-19 1.042E-19 1.021E-19 9.869E-20 9.497E-20
 9.173E-20 9.002E-20 9.037E-20 8.871E-20 8.486E-20 8.361E-20 8.705E-20 9.193E-20 9.440E-20 9.577E-20
 9.803E-20 1.010E-19 1.040E-19 1.073E-19 1.097E-19 1.086E-19 1.022E-19 9.598E-20 9.511E-20 9.752E-20
 9.873E-20 9.828E-20 9.930E-20 1.028E-19 1.065E-19 1.096E-19 1.116E-19 1.155E-19 1.190E-19 1.182E-19
 1.104E-19 9.864E-20 8.902E-20 8.628E-20 8.845E-20 9.070E-20 9.070E-20 9.086E-20 9.417E-20 1.005E-19
 1.082E-19 1.156E-19 1.199E-19 1.217E-19 1.219E-19 1.206E-19 1.169E-19 1.118E-19 1.079E-19 1.070E-19
 1.064E-19 1.019E-19 9.498E-20 8.964E-20 8.958E-20 9.281E-20 9.770E-20 1.028E-19 1.056E-19 1.054E-19
 1.052E-19 1.060E-19 1.091E-19 1.142E-19 1.187E-19 1.207E-19 1.197E-19 1.166E-19 1.145E-19 1.134E-19
 1.141E-19 1.160E-19 1.179E-19 1.190E-19 1.180E-19 1.154E-19 1.131E-19 1.133E-19 1.121E-19 1.080E-19
 1.027E-19 1.016E-19 1.060E-19 1.132E-19 1.198E-19 1.253E-19 1.291E-19 1.309E-19 1.314E-19 1.315E-19
 1.314E-19 1.301E-19 1.254E-19 1.190E-19 1.112E-19 1.068E-19 1.057E-19 1.064E-19 1.068E-19 1.081E-19
 1.115E-19 1.185E-19 1.271E-19 1.326E-19 1.331E-19 1.292E-19 1.250E-19 1.231E-19 1.223E-19 1.219E-19
 1.230E-19 1.246E-19 1.254E-19 1.257E-19 1.275E-19 1.303E-19 1.323E-19 1.327E-19 1.315E-19 1.296E-19
 1.261E-19 1.204E-19 1.168E-19 1.183E-19 1.198E-19 1.179E-19 1.139E-19 1.120E-19 1.149E-19 1.186E-19
 1.219E-19 1.257E-19 1.311E-19 1.353E-19 1.363E-19 1.344E-19 1.314E-19 1.272E-19 1.219E-19 1.169E-19
 1.148E-19 1.149E-19 1.189E-19 1.273E-19 1.352E-19 1.390E-19 1.370E-19 1.334E-19 1.298E-19 1.262E-19
 1.248E-19 1.257E-19 1.297E-19 1.325E-19 1.320E-19 1.299E-19 1.299E-19 1.313E-19 1.323E-19 1.320E-19
 1.330E-19 1.380E-19 1.436E-19 1.475E-19 1.484E-19 1.483E-19 1.472E-19 1.451E-19 1.410E-19 1.339E-19
 1.275E-19 1.234E-19 1.238E-19 1.273E-19 1.302E-19 1.303E-19 1.312E-19 1.363E-19 1.455E-19 1.546E-19
 1.576E-19 1.540E-19 1.495E-19 1.477E-19 1.473E-19 1.445E-19 1.410E-19 1.386E-19 1.382E-19 1.383E-19
 1.368E-19 1.368E-19 1.417E-19 1.508E-19 1.606E-19 1.676E-19 1.682E-19 1.619E-19 1.518E-19 1.452E-19
 1.440E-19 1.447E-19 1.424E-19 1.356E-19 1.281E-19 1.247E-19 1.277E-19 1.343E-19 1.421E-19 1.489E-19
 1.528E-19 1.550E-19 1.572E-19 1.580E-19 1.545E-19 1.486E-19 1.422E-19 1.372E-19 1.333E-19 1.325E-19
 1.363E-19 1.450E-19 1.570E-19 1.674E-19 1.710E-19 1.679E-19 1.621E-19 1.599E-19 1.591E-19 1.535E-19
 1.434E-19 1.352E-19 1.356E-19 1.429E-19 1.502E-19 1.541E-19 1.558E-19 1.590E-19 1.661E-19 1.733E-19
 1.749E-19 1.705E-19 1.638E-19 1.601E-19 1.590E-19 1.586E-19 1.571E-19 1.563E-19 1.579E-19 1.601E-19
 1.616E-19 1.631E-19 1.658E-19 1.689E-19 1.720E-19 1.745E-19 1.750E-19 1.710E-19 1.633E-19 1.581E-19
 1.561E-19 1.557E-19 1.542E-19 1.518E-19 1.515E-19 1.542E-19 1.573E-19 1.614E-19 1.669E-19 1.744E-19
 1.802E-19 1.832E-19 1.821E-19 1.797E-19 1.786E-19 1.780E-19 1.758E-19 1.721E-19 1.657E-19 1.612E-19
 1.606E-19 1.618E-19 1.629E-19 1.634E-19 1.643E-19 1.659E-19 1.658E-19 1.629E-19 1.589E-19 1.559E-19
 1.533E-19 1.513E-19 1.482E-19 1.465E-19 1.474E-19 1.518E-19 1.588E-19 1.684E-19 1.789E-19 1.864E-19
 1.887E-19 1.861E-19 1.808E-19 1.742E-19 1.671E-19 1.612E-19 1.595E-19 1.642E-19 1.736E-19 1.851E-19
 1.916E-19 1.913E-19 1.845E-19 1.771E-19 1.759E-19 1.820E-19 1.915E-19 1.985E-19 1.997E-19 1.948E-19
 1.867E-19 1.776E-19 1.717E-19 1.702E-19 1.711E-19 1.746E-19 1.803E-19 1.873E-19 1.918E-19 1.907E-19
 1.871E-19 1.855E-19 1.877E-19 1.887E-19 1.855E-19 1.775E-19 1.688E-19 1.621E-19 1.586E-19 1.585E-19
 1.624E-19 1.691E-19 1.763E-19 1.838E-19 1.901E-19 1.929E-19 1.910E-19 1.884E-19 1.849E-19 1.834E-19
 1.809E-19 1.778E-19 1.768E-19 1.777E-19 1.792E-19 1.828E-19 1.892E-19 1.969E-19 2.038E-19 2.090E-19
 2.107E-19 2.100E-19 2.070E-19 2.001E-19 1.912E-19 1.848E-19 1.812E-19 1.824E-19 1.855E-19 1.863E-19
 1.843E-19 1.842E-19 1.888E-19 1.992E-19 2.083E-19 2.117E-19 2.087E-19 2.051E-19 2.028E-19 2.023E-19
 2.017E-19 1.991E-19 1.940E-19 1.885E-19 1.867E-19 1.913E-19 1.991E-19 2.043E-19 2.046E-19 2.041E-19
 2.049E-19 2.073E-19 2.093E-19 2.092E-19 2.093E-19 2.113E-19 2.109E-19 2.059E-19 1.978E-19 1.949E-19
 2.005E-19 2.097E-19 2.186E-19 2.230E-19 2.243E-19 2.235E-19 2.246E-19 2.269E-19 2.280E-19 2.229E-19
 2.127E-19 2.033E-19 2.011E-19 2.041E-19 2.075E-19 2.088E-19 2.082E-19 2.071E-19 2.101E-19 2.185E-19
 2.276E-19 2.298E-19 2.246E-19 2.182E-19 2.139E-19 2.091E-19 2.020E-19 1.950E-19 1.941E-19 1.987E-19
 2.057E-19 2.148E-19 2.278E-19 2.393E-19 2.432E-19 2.406E-19 2.370E-19 2.365E-19 2.347E-19 2.276E-19
 2.189E-19 2.128E-19 2.120E-19 2.144E-19 2.192E-19 2.244E-19 2.289E-19 2.295E-19 2.270E-19 2.242E-19
 2.257E-19 2.336E-19 2.430E-19 2.472E-19 2.448E-19 2.383E-19 2.335E-19 2.316E-19 2.308E-19 2.317E-19
 2.340E-19 2.380E-19 2.419E-19 2.468E-19 2.531E-19 2.579E-19 2.581E-19 2.544E-19 2.499E-19 2.439E-19
 2.377E-19 2.360E-19 2.403E-19 2.443E-19 2.438E-19 2.409E-19 2.419E-19 2.475E-19 2.494E-19 2.461E-19
 2.423E-19 2.409E-19 2.411E-19 2.410E-19 2.407E-19 2.395E-19 2.365E-19 2.320E-19 2.293E-19 2.282E-19
 2.272E-19 2.260E-19 2.292E-19 2.404E-19 2.574E-19 2.689E-19 2.698E-19 2.625E-19 2.533E-19 2.461E-19
 2.395E-19 2.334E-19 2.293E-19 2.279E-19 2.267E-19 2.265E-19 2.281E-19 2.324E-19 2.399E-19 2.469E-19
 2.517E-19 2.530E-19 2.507E-19 2.478E-19 2.472E-19 2.500E-19 2.542E-19 2.561E-19 2.544E-19 2.521E-19
 2.494E-19 2.466E-19 2.457E-19 2.500E-19 2.596E-19 2.698E-19 2.749E-19 2.746E-19 2.725E-19 2.721E-19
 2.715E-19 2.698E-19 2.646E-19 2.563E-19 2.502E-19 2.514E-19 2.601E-19 2.683E-19 2.724E-19 2.731E-19
 2.755E-19 2.792E-19 2.805E-19 2.782E-19 2.746E-19 2.714E-19 2.669E-19 2.631E-19 2.623E-19 2.637E-19
 2.657E-19 2.650E-19 2.614E-19 2.583E-19 2.595E-19 2.644E-19 2.724E-19 2.791E-19 2.825E-19 2.821E-19
 2.782E-19 2.719E-19 2.643E-19 2.575E-19 2.552E-19 2.605E-19 2.712E-19 2.809E-19 2.837E-19 2.807E-19
 2.777E-19 2.788E-19 2.845E-19 2.908E-19 2.923E-19 2.890E-19 2.827E-19 2.773E-19 2.743E-19 2.737E-19
 2.725E-19 2.722E-19 2.741E-19 2.774E-19 2.812E-19 2.843E-19 2.855E-19 2.852E-19 2.835E-19 2.795E-19
 2.763E-19 2.764E-19 2.784E-19 2.791E-19 2.792E-19 2.791E-19 2.797E-19 2.827E-19 2.868E-19 2.922E-19
 2.959E-19 2.989E-19 3.018E-19 3.037E-19 3.040E-19 3.031E-19 3.016E-19 2.977E-19 2.887E-19 2.802E-19
 2.760E-19 2.780E-19 2.862E-19 2.958E-19 3.024E-19 3.035E-19 3.025E-19 3.024E-19 3.046E-19 3.053E-19
 3.037E-19 3.028E-19 3.012E-19 2.983E-19 2.942E-19 2.923E-19 2.954E-19 2.993E-19 3.010E-19 3.026E-19
 3.068E-19 3.120E-19 3.182E-19 3.244E-19 3.297E-19 3.289E-19 3.190E-19 3.046E-19 2.947E-19 2.923E-19
 2.942E-19 2.991E-19 3.067E-19 3.151E-19 3.207E-19 3.212E-19 3.178E-19 3.122E-19 3.092E-19 3.094E-19
 3.115E-19 3.110E-19 3.073E-19 3.031E-19 3.013E-19 3.005E-19 2.974E-19 2.957E-19 2.996E-19 3.099E-19
 3.209E-19 3.303E-19 3.359E-19 3.382E-19 3.377E-19 3.354E-19 3.305E-19 3.237E-19 3.195E-19 3.201E-19
 3.230E-19 3.236E-19 3.214E-19 3.205E-19 3.228E-19 3.272E-19 3.307E-19 3.358E-19 3.409E-19 3.442E-19
 3.433E-19 3.401E-19 3.368E-19 3.343E-19 3.302E-19 3.256E-19 3.233E-19 3.241E-19 3.256E-19 3.295E-19
 3.344E-19 3.391E-19 3.432E-19 3.498E-19 3.582E-19 3.617E-19 3.550E-19 3.418E-19 3.309E-19 3.271E-19
 3.297E-19 3.332E-19 3.353E-19 3.376E-19 3.427E-19 3.519E-19 3.626E-19 3.688E-19 3.654E-19 3.550E-19
 3.457E-19 3.404E-19 3.389E-19 3.390E-19 3.408E-19 3.443E-19 3.470E-19 3.486E-19 3.529E-19 3.628E-19
 3.738E-19 3.770E-19 3.698E-19 3.600E-19 3.517E-19 3.473E-19 3.434E-19 3.401E-19 3.400E-19 3.436E-19
 3.490E-19 3.549E-19 3.570E-19 3.526E-19 3.461E-19 3.460E-19 3.584E-19 3.768E-19 3.899E-19 3.919E-19
 3.867E-19 3.795E-19 3.735E-19 3.670E-19 3.617E-19 3.584E-19 3.595E-19 3.648E-19 3.696E-19 3.717E-19
 3.738E-19 3.773E-19 3.791E-19 3.735E-19 3.647E-19 3.610E-19 3.648E-19 3.675E-19 3.645E-19 3.614E-19
 3.656E-19 3.759E-19 3.856E-19 3.907E-19 3.926E-19 3.913E-19 3.891E-19 3.895E-19 3.923E-19 3.931E-19
 3.900E-19 3.833E-19 3.764E-19 3.712E-19 3.687E-19 3.693E-19 3.735E-19 3.786E-19 3.827E-19 3.854E-19
 3.890E-19 3.946E-19 3.975E-19 3.961E-19 3.913E-19 3.870E-19 3.850E-19 3.860E-19 3.881E-19 3.875E-19
 3.845E-19 3.810E-19 3.773E-19 3.771E-19 3.806E-19 3.884E-19 3.982E-19 4.048E-19 4.082E-19 4.102E-19
 4.113E-19 4.089E-19 3.994E-19 3.882E-19 3.833E-19 3.864E-19 3.933E-19 4.008E-19 4.078E-19 4.110E-19
 4.090E-19 4.040E-19 3.999E-19 4.015E-19 4.092E-19 4.180E-19 4.224E-19 4.186E-19 4.088E-19 3.976E-19
 3.925E-19 3.945E-19 4.005E-19 4.074E-19 4.105E-19 4.109E-19 4.118E-19 4.182E-19 4.261E-19 4.323E-19
 4.325E-19 4.289E-19 4.263E-19 4.252E-19 4.217E-19 4.178E-19 4.160E-19 4.151E-19 4.170E-19 4.254E-19
 4.374E-19 4.473E-19 4.475E-19 4.407E-19 4.323E-19 4.255E-19 4.196E-19 4.158E-19 4.179E-19 4.235E-19
 4.283E-19 4.288E-19 4.281E-19 4.276E-19 4.275E-19 4.282E-19 4.323E-19 4.391E-19 4.459E-19 4.502E-19
 4.526E-19 4.506E-19 4.425E-19 4.332E-19 4.273E-19 4.263E-19 4.268E-19 4.270E-19 4.310E-19 4.375E-19
 4.423E-19 4.438E-19 4.442E-19 4.456E-19 4.451E-19 4.427E-19 4.408E-19 4.396E-19 4.378E-19 4.327E-19
 4.286E-19 4.305E-19 4.358E-19 4.412E-19 4.446E-19 4.474E-19 4.496E-19 4.491E-19 4.479E-19 4.498E-19
 4.551E-19 4.594E-19 4.588E-19 4.570E-19 4.567E-19 4.561E-19 4.533E-19 4.517E-19 4.541E-19 4.605E-19
 4.672E-19 4.722E-19 4.773E-19 4.812E-19 4.809E-19 4.724E-19 4.620E-19 4.531E-19 4.470E-19 4.434E-19
 4.450E-19 4.535E-19 4.637E-19 4.714E-19 4.756E-19 4.787E-19 4.820E-19 4.830E-19 4.860E-19 4.913E-19
 4.962E-19 4.919E-19 4.799E-19 4.681E-19 4.610E-19 4.572E-19 4.566E-19 4.616E-19 4.703E-19 4.759E-19
 4.765E-19 4.795E-19 4.847E-19 4.859E-19 4.777E-19 4.672E-19 4.616E-19 4.642E-19 4.681E-19 4.715E-19
 4.735E-19 4.754E-19 4.759E-19 4.774E-19 4.811E-19 4.843E-19 4.861E-19 4.877E-19 4.912E-19 4.965E-19
 4.999E-19 4.994E-19 4.957E-19 4.899E-19 4.819E-19 4.741E-19 4.714E-19 4.720E-19 4.739E-19 4.769E-19
 4.837E-19 4.938E-19 5.009E-19 5.038E-19 5.071E-19 5.133E-19 5.173E-19 5.162E-19 5.135E-19 5.147E-19
 5.183E-19 5.249E-19 5.296E-19 5.304E-19 5.231E-19 5.100E-19 4.998E-19 4.977E-19 5.018E-19 5.053E-19
 5.048E-19 5.028E-19 5.029E-19 5.015E-19 4.977E-19 4.936E-19 4.948E-19 5.002E-19 5.093E-19 5.171E-19
 5.213E-19 5.234E-19 5.277E-19 5.342E-19 5.365E-19 5.310E-19 5.208E-19 5.144E-19 5.136E-19 5.142E-19
 5.153E-19 5.182E-19 5.229E-19 5.250E-19 5.193E-19 5.131E-19 5.141E-19 5.212E-19 5.273E-19 5.266E-19
 5.219E-19 5.151E-19 5.089E-19 5.046E-19 5.036E-19 5.068E-19 5.132E-19 5.213E-19 5.303E-19 5.394E-19
 5.458E-19 5.502E-19 5.503E-19 5.469E-19 5.410E-19 5.372E-19 5.374E-19 5.405E-19 5.398E-19 5.319E-19
 5.202E-19 5.122E-19 5.104E-19 5.136E-19 5.199E-19 5.284E-19 5.389E-19 5.476E-19 5.534E-19 5.576E-19
 5.625E-19 5.694E-19 5.764E-19 5.784E-19 5.711E-19 5.571E-19 5.452E-19 5.403E-19 5.396E-19 5.374E-19
 5.337E-19 5.327E-19 5.387E-19 5.506E-19 5.620E-19 5.695E-19 5.705E-19 5.639E-19 5.524E-19 5.435E-19
 5.419E-19 5.461E-19 5.487E-19 5.480E-19 5.476E-19 5.469E-19 5.437E-19 5.363E-19 5.301E-19 5.312E-19
 5.399E-19 5.498E-19 5.553E-19 5.533E-19 5.458E-19 5.384E-19 5.351E-19 5.364E-19 5.410E-19 5.463E-19
 5.544E-19 5.662E-19 5.766E-19 5.815E-19 5.790E-19 5.718E-19 5.661E-19 5.617E-19 5.585E-19 5.577E-19
 5.554E-19 5.528E-19 5.511E-19 5.502E-19 5.485E-19 5.461E-19 5.462E-19 5.484E-19 5.541E-19 5.609E-19
 5.721E-19 5.879E-19 5.985E-19 5.961E-19 5.844E-19 5.738E-19 5.713E-19 5.743E-19 5.795E-19 5.833E-19
 5.851E-19 5.833E-19 5.825E-19 5.862E-19 5.922E-19 5.933E-19 5.883E-19 5.813E-19 5.747E-19 5.706E-19
 5.699E-19 5.792E-19 5.958E-19 6.067E-19 6.001E-19 5.809E-19 5.634E-19 5.578E-19 5.657E-19 5.795E-19
 5.898E-19 5.921E-19 5.917E-19 5.939E-19 5.951E-19 5.905E-19 5.832E-19 5.805E-19 5.854E-19 5.941E-19
 6.024E-19 6.103E-19 6.141E-19 6.099E-19 5.978E-19 5.854E-19 5.795E-19 5.776E-19 5.755E-19 5.745E-19
 5.763E-19 5.819E-19 5.870E-19 5.928E-19 6.022E-19 6.121E-19 6.153E-19 6.092E-19 6.014E-19 6.043E-19
 6.128E-19 6.158E-19 6.056E-19 5.900E-19 5.828E-19 5.880E-19 5.969E-19 6.008E-19 6.012E-19 6.037E-19
 6.108E-19 6.214E-19 6.289E-19 6.299E-19 6.250E-19 6.204E-19 6.204E-19 6.229E-19 6.262E-19 6.276E-19
 6.245E-19 6.192E-19 6.134E-19 6.086E-19 6.014E-19 5.933E-19 5.875E-19 5.888E-19 5.984E-19 6.113E-19
 6.249E-19 6.347E-19 6.360E-19 6.275E-19 6.176E-19 6.160E-19 6.206E-19 6.199E-19 6.143E-19 6.159E-19
 6.288E-19 6.419E-19 6.432E-19 6.366E-19 6.273E-19 6.172E-19 6.014E-19 5.880E-19 5.855E-19 5.963E-19
 6.108E-19 6.204E-19 6.215E-19 6.117E-19 6.005E-19 5.971E-19 6.077E-19 6.269E-19 6.473E-19 6.638E-19
 6.700E-19 6.586E-19 6.359E-19 6.151E-19 6.060E-19 6.053E-19 6.063E-19 6.091E-19 6.138E-19 6.186E-19
 6.223E-19 6.267E-19 6.322E-19 6.360E-19 6.357E-19 6.385E-19 6.498E-19 6.638E-19 6.722E-19 6.697E-19
 6.558E-19 6.364E-19 6.182E-19 6.089E-19 6.137E-19 6.258E-19 6.366E-19 6.413E-19 6.429E-19 6.448E-19
 6.452E-19 6.437E-19 6.440E-19 6.474E-19 6.576E-19 6.672E-19 6.716E-19 6.687E-19 6.638E-19 6.591E-19
 6.514E-19 6.377E-19 6.238E-19 6.173E-19 6.215E-19 6.279E-19 6.317E-19 6.337E-19 6.377E-19 6.446E-19
 6.525E-19 6.577E-19 6.591E-19 6.613E-19 6.626E-19 6.625E-19 6.605E-19 6.612E-19 6.661E-19 6.683E-19
 6.615E-19 6.496E-19 6.413E-19 6.395E-19 6.412E-19 6.439E-19 6.448E-19 6.433E-19 6.422E-19 6.450E-19
 6.522E-19 6.569E-19 6.488E-19 6.374E-19 6.391E-19 6.573E-19 6.764E-19 6.840E-19 6.768E-19 6.649E-19
 6.539E-19 6.435E-19 6.332E-19 6.255E-19 6.221E-19 6.299E-19 6.521E-19 6.799E-19 6.981E-19 7.015E-19
 6.917E-19 6.768E-19 6.626E-19 6.604E-19 6.718E-19 6.863E-19 6.893E-19 6.795E-19 6.690E-19 6.628E-19
 6.548E-19 6.404E-19 6.319E-19 6.383E-19 6.561E-19 6.774E-19 6.923E-19 6.967E-19 6.899E-19 6.799E-19
 6.745E-19 6.725E-19 6.684E-19 6.645E-19 6.713E-19 6.881E-19 7.003E-19 6.997E-19 6.903E-19 6.822E-19
 6.782E-19 6.741E-19 6.683E-19 6.613E-19 6.525E-19 6.473E-19 6.492E-19 6.569E-19 6.646E-19 6.690E-19
 6.708E-19 6.710E-19 6.728E-19 6.819E-19 6.992E-19 7.157E-19 7.182E-19 7.090E-19 7.013E-19 6.984E-19
 6.910E-19 6.754E-19 6.552E-19 6.355E-19 6.206E-19 6.139E-19 6.226E-19 6.480E-19 6.786E-19 6.979E-19
 7.024E-19 6.979E-19 6.963E-19 7.062E-19 7.225E-19 7.304E-19 7.238E-19 7.093E-19 6.963E-19 6.831E-19
 6.678E-19 6.551E-19 6.538E-19 6.610E-19 6.673E-19 6.693E-19 6.713E-19 6.773E-19 6.833E-19 6.852E-19
 6.824E-19 6.816E-19 6.864E-19 6.969E-19 7.084E-19 7.128E-19 7.087E-19 7.018E-19 7.000E-19 7.025E-19
 7.057E-19 7.039E-19 6.988E-19 6.913E-19 6.826E-19 6.737E-19 6.658E-19 6.575E-19 6.486E-19 6.446E-19
 6.549E-19 6.799E-19 7.104E-19 7.345E-19 7.391E-19 7.307E-19 7.228E-19 7.212E-19 7.216E-19 7.161E-19
 7.015E-19 6.856E-19 6.759E-19 6.734E-19 6.738E-19 6.722E-19 6.733E-19 6.755E-19 6.799E-19 6.842E-19
 6.897E-19 7.020E-19 7.205E-19 7.359E-19 7.391E-19 7.266E-19 7.063E-19 6.846E-19 6.665E-19 6.557E-19
 6.570E-19 6.698E-19 6.836E-19 6.897E-19 6.891E-19 6.922E-19 7.039E-19 7.152E-19 7.197E-19 7.183E-19
 7.229E-19 7.344E-19 7.469E-19 7.512E-19 7.437E-19 7.289E-19 7.140E-19 6.993E-19 6.838E-19 6.682E-19
 6.584E-19 6.592E-19 6.684E-19 6.788E-19 6.901E-19 7.042E-19 7.205E-19 7.357E-19 7.448E-19 7.472E-19
 7.474E-19 7.463E-19 7.390E-19 7.220E-19 7.019E-19 6.933E-19 6.993E-19 7.105E-19 7.101E-19 6.975E-19
 6.864E-19 6.808E-19 6.752E-19 6.645E-19 6.585E-19 6.693E-19 6.939E-19 7.150E-19 7.245E-19 7.296E-19
 7.433E-19 7.597E-19 7.609E-19 7.386E-19 7.073E-19 6.905E-19 6.954E-19 7.080E-19 7.089E-19 6.937E-19
 6.721E-19 6.560E-19 6.482E-19 6.488E-19 6.605E-19 6.824E-19 7.070E-19 7.222E-19 7.325E-19 7.477E-19
 7.626E-19 7.588E-19 7.309E-19 7.001E-19 6.889E-19 6.969E-19 7.064E-19 7.078E-19 7.041E-19 6.981E-19
 6.924E-19 6.880E-19 6.873E-19 6.925E-19 6.979E-19 7.027E-19 7.137E-19 7.356E-19 7.634E-19 7.809E-19
 7.783E-19 7.573E-19 7.340E-19 7.244E-19 7.290E-19 7.369E-19 7.368E-19 7.295E-19 7.236E-19 7.188E-19
 7.103E-19 6.945E-19 6.781E-19 6.716E-19 6.792E-19 6.966E-19 7.161E-19 7.351E-19 7.502E-19 7.607E-19
 7.615E-19 7.525E-19 7.388E-19 7.318E-19 7.350E-19 7.400E-19 7.365E-19 7.231E-19 7.065E-19 6.981E-19
 6.956E-19 6.922E-19 6.867E-19 6.887E-19 7.052E-19 7.277E-19 7.482E-19 7.628E-19 7.738E-19 7.763E-19
 7.606E-19 7.335E-19 7.147E-19 7.156E-19 7.272E-19 7.360E-19 7.406E-19 7.412E-19 7.354E-19 7.215E-19
 7.074E-19 7.078E-19 7.214E-19 7.323E-19 7.337E-19 7.292E-19 7.296E-19 7.317E-19 7.286E-19 7.204E-19
 7.114E-19 7.054E-19 7.039E-19 7.077E-19 7.149E-19 7.253E-19 7.367E-19 7.461E-19 7.484E-19 7.419E-19
 7.343E-19 7.297E-19 7.217E-19 7.080E-19 6.962E-19 7.007E-19 7.238E-19 7.508E-19 7.659E-19 7.653E-19
 7.507E-19 7.314E-19 7.199E-19 7.279E-19 7.474E-19 7.582E-19 7.516E-19 7.370E-19 7.292E-19 7.260E-19
 7.197E-19 7.120E-19 7.125E-19 7.269E-19 7.489E-19 7.733E-19 7.941E-19 8.012E-19 7.859E-19 7.529E-19
 7.208E-19 7.061E-19 7.097E-19 7.201E-19 7.263E-19 7.267E-19 7.239E-19 7.246E-19 7.245E-19 7.260E-19
 7.304E-19 7.377E-19 7.414E-19 7.415E-19 7.443E-19 7.560E-19 7.715E-19 7.762E-19 7.626E-19 7.396E-19
 7.198E-19 7.107E-19 7.132E-19 7.220E-19 7.258E-19 7.167E-19 7.009E-19 6.943E-19 6.993E-19 7.103E-19
 7.201E-19 7.300E-19 7.408E-19 7.523E-19 7.619E-19 7.699E-19 7.727E-19 7.657E-19 7.464E-19 7.293E-19
 7.243E-19 7.276E-19 7.313E-19 7.293E-19 7.262E-19 7.263E-19 7.293E-19 7.304E-19 7.277E-19 7.199E-19
 7.158E-19 7.265E-19 7.567E-19 7.948E-19 8.211E-19 8.205E-19 8.000E-19 7.718E-19 7.474E-19 7.314E-19
 7.236E-19 7.199E-19 7.156E-19 7.075E-19 7.005E-19 7.024E-19 7.158E-19 7.359E-19 7.514E-19 7.573E-19
 7.600E-19 7.657E-19 7.760E-19 7.892E-19 7.979E-19 7.953E-19 7.776E-19 7.489E-19 7.221E-19 7.120E-19
 7.149E-19 7.263E-19 7.413E-19 7.535E-19 7.516E-19 7.337E-19 7.118E-19 7.059E-19 7.218E-19 7.439E-19
 7.571E-19 7.651E-19 7.772E-19 7.915E-19 7.958E-19 7.804E-19 7.544E-19 7.323E-19 7.265E-19 7.365E-19
 7.506E-19 7.564E-19 7.544E-19 7.534E-19 7.552E-19 7.572E-19 7.540E-19 7.491E-19 7.452E-19 7.416E-19
 7.391E-19 7.491E-19 7.735E-19 7.966E-19 8.010E-19 7.910E-19 7.778E-19 7.682E-19 7.557E-19 7.453E-19
 7.443E-19 7.521E-19 7.534E-19 7.427E-19 7.306E-19 7.264E-19 7.271E-19 7.265E-19 7.321E-19 7.528E-19
 7.843E-19 8.106E-19 8.226E-19 8.238E-19 8.156E-19 7.990E-19 7.792E-19 7.628E-19 7.530E-19 7.439E-19
 7.325E-19 7.275E-19 7.301E-19 7.339E-19 7.324E-19 7.289E-19 7.343E-19 7.512E-19 7.710E-19 7.883E-19
 8.078E-19 8.286E-19 8.378E-19 8.203E-19 7.780E-19 7.384E-19 7.212E-19 7.274E-19 7.424E-19 7.553E-19
 7.656E-19 7.757E-19 7.832E-19 7.834E-19 7.761E-19 7.620E-19 7.453E-19 7.339E-19 7.362E-19 7.580E-19
 7.814E-19 7.861E-19 7.673E-19 7.476E-19 7.427E-19 7.445E-19 7.399E-19 7.324E-19 7.423E-19 7.740E-19
 8.038E-19 8.092E-19 7.888E-19 7.621E-19 7.396E-19 7.285E-19 7.300E-19 7.465E-19 7.741E-19 7.961E-19
 8.032E-19 7.969E-19 7.846E-19 7.703E-19 7.565E-19 7.465E-19 7.474E-19 7.546E-19 7.599E-19 7.561E-19
 7.484E-19 7.466E-19 7.530E-19 7.608E-19 7.666E-19 7.719E-19 7.825E-19 8.003E-19 8.185E-19 8.264E-19
 8.191E-19 7.990E-19 7.785E-19 7.643E-19 7.566E-19 7.498E-19 7.417E-19 7.345E-19 7.360E-19 7.481E-19
 7.655E-19 7.783E-19 7.819E-19 7.793E-19 7.801E-19 7.902E-19 8.058E-19 8.205E-19 8.317E-19 8.323E-19
 8.138E-19 7.800E-19 7.464E-19 7.266E-19 7.214E-19 7.256E-19 7.402E-19 7.661E-19 7.937E-19 8.043E-19
 7.959E-19 7.866E-19 7.852E-19 7.886E-19 7.898E-19 7.954E-19 8.121E-19 8.268E-19 8.237E-19 8.054E-19
 7.873E-19 7.822E-19 7.853E-19 7.881E-19 7.901E-19 7.898E-19 7.864E-19 7.801E-19 7.742E-19 7.697E-19
 7.657E-19 7.624E-19 7.708E-19 7.971E-19 8.344E-19 8.637E-19 8.713E-19 8.577E-19 8.342E-19 8.144E-19
 8.053E-19 8.076E-19 8.124E-19 8.045E-19 7.820E-19 7.554E-19 7.380E-19 7.338E-19 7.396E-19 7.498E-19
 7.608E-19 7.713E-19 7.872E-19 8.143E-19 8.477E-19 8.700E-19 8.702E-19 8.547E-19 8.360E-19 8.186E-19
 7.986E-19 7.732E-19 7.515E-19 7.390E-19 7.406E-19 7.553E-19 7.768E-19 7.933E-19 7.984E-19 7.967E-19
 7.988E-19 8.130E-19 8.327E-19 8.521E-19 8.680E-19 8.747E-19 8.655E-19 8.361E-19 7.951E-19 7.593E-19
 7.382E-19 7.330E-19 7.388E-19 7.501E-19 7.641E-19 7.770E-19 7.860E-19 7.903E-19 7.955E-19 8.058E-19
 8.177E-19 8.319E-19 8.516E-19 8.793E-19 8.987E-19 8.889E-19 8.488E-19 8.014E-19 7.704E-19 7.591E-19
 7.613E-19 7.681E-19 7.778E-19 7.850E-19 7.862E-19 7.887E-19 7.985E-19 8.133E-19 8.239E-19 8.291E-19
 8.447E-19 8.814E-19 9.214E-19 9.332E-19 9.024E-19 8.528E-19 8.134E-19 7.917E-19 7.765E-19 7.619E-19
 7.491E-19 7.452E-19 7.521E-19 7.708E-19 7.991E-19 8.282E-19 8.458E-19 8.520E-19 8.606E-19 8.866E-19
 9.262E-19 9.552E-19 9.456E-19 8.952E-19 8.299E-19 7.816E-19 7.630E-19 7.638E-19 7.720E-19 7.777E-19
 7.852E-19 8.004E-19 8.196E-19 8.382E-19 8.487E-19 8.528E-19 8.595E-19 8.786E-19 9.133E-19 9.500E-19
 9.668E-19 9.440E-19 8.859E-19 8.230E-19 7.869E-19 7.874E-19 8.087E-19 8.282E-19 8.361E-19 8.374E-19
 8.349E-19 8.278E-19 8.228E-19 8.270E-19 8.414E-19 8.612E-19 8.848E-19 9.165E-19 9.512E-19 9.662E-19
 9.422E-19 8.945E-19 8.544E-19 8.388E-19 8.389E-19 8.389E-19 8.369E-19 8.398E-19 8.492E-19 8.571E-19
 8.630E-19 8.739E-19 8.935E-19 9.131E-19 9.238E-19 9.331E-19 9.594E-19 9.959E-19 1.014E-18 9.985E-19
 9.619E-19 9.288E-19 9.051E-19 8.847E-19 8.723E-19 8.750E-19 8.919E-19 9.121E-19 9.249E-19 9.354E-19
 9.463E-19 9.560E-19 9.661E-19 9.780E-19 1.001E-18 1.026E-18 1.044E-18 1.038E-18 1.007E-18 9.614E-19
 9.248E-19 9.036E-19 8.911E-19 8.841E-19 8.820E-19 8.914E-19 9.074E-19 9.225E-19 9.305E-19 9.354E-19
 9.382E-19 9.370E-19 9.377E-19 9.504E-19 9.756E-19 9.938E-19 9.882E-19 9.565E-19 9.153E-19 8.833E-19
 8.668E-19 8.641E-19 8.689E-19 8.745E-19 8.806E-19 8.905E-19 9.080E-19 9.272E-19 9.417E-19 9.470E-19
 9.490E-19 9.580E-19 9.777E-19 1.003E-18 1.022E-18 1.013E-18 9.769E-19 9.330E-19 9.031E-19 8.939E-19
 8.951E-19 8.977E-19 9.025E-19 9.158E-19 9.310E-19 9.389E-19 9.392E-19 9.432E-19 9.573E-19 9.750E-19
 9.920E-19 1.013E-18 1.041E-18 1.062E-18 1.058E-18 1.027E-18 9.878E-19 9.625E-19 9.500E-19 9.411E-19
 9.351E-19 9.338E-19 9.375E-19 9.333E-19 9.223E-19 9.200E-19 9.377E-19 9.667E-19 9.915E-19 1.010E-18
 1.036E-18 1.074E-18 1.097E-18 1.084E-18 1.038E-18 9.876E-19 9.547E-19 9.401E-19 9.377E-19 9.423E-19
 9.486E-19 9.532E-19 9.582E-19 9.665E-19 9.851E-19 1.006E-18 1.019E-18 1.024E-18 1.026E-18 1.042E-18
 1.066E-18 1.082E-18 1.067E-18 1.032E-18 9.986E-19 9.840E-19 9.843E-19 9.913E-19 1.005E-18 1.022E-18
 1.038E-18 1.049E-18 1.053E-18 1.051E-18 1.035E-18 1.016E-18 1.007E-18 1.022E-18 1.052E-18 1.076E-18
 1.078E-18 1.058E-18 1.027E-18 9.957E-19 9.752E-19 9.656E-19 9.602E-19 9.544E-19 9.522E-19 9.535E-19
 9.554E-19 9.548E-19 9.563E-19 9.636E-19 9.743E-19 9.862E-19 1.002E-18 1.025E-18 1.055E-18 1.070E-18
 1.055E-18 1.018E-18 9.871E-19 9.762E-19 9.772E-19 9.739E-19 9.643E-19 9.594E-19 9.668E-19 9.763E-19
 9.737E-19 9.651E-19 9.634E-19 9.671E-19 9.699E-19 9.736E-19 9.908E-19 1.020E-18 1.037E-18 1.025E-18
 9.925E-19 9.625E-19 9.474E-19 9.426E-19 9.431E-19 9.469E-19 9.594E-19 9.797E-19 9.980E-19 1.007E-18
 1.005E-18 9.977E-19 9.934E-19 9.916E-19 9.979E-19 1.016E-18 1.034E-18 1.038E-18 1.020E-18 9.926E-19
 9.765E-19 9.735E-19 9.773E-19 9.815E-19 9.909E-19 1.006E-18 1.020E-18 1.035E-18 1.049E-18 1.065E-18
 1.079E-18 1.093E-18 1.116E-18 1.156E-18 1.206E-18 1.257E-18 1.301E-18 1.328E-18 1.322E-18 1.281E-18
 1.226E-18 1.180E-18 1.150E-18 1.121E-18 1.087E-18 1.057E-18 1.042E-18 1.033E-18 1.026E-18 1.020E-18
 1.022E-18 1.028E-18 1.033E-18 1.040E-18 1.059E-18 1.083E-18 1.094E-18 1.086E-18 1.075E-18 1.081E-18
 1.097E-18 1.119E-18 1.149E-18 1.187E-18 1.218E-18 1.220E-18 1.195E-18 1.171E-18 1.161E-18 1.156E-18
 1.149E-18 1.144E-18 1.149E-18 1.159E-18 1.149E-18 1.109E-18 1.052E-18 1.006E-18 9.859E-19 9.828E-19
 9.839E-19 9.858E-19 9.954E-19 1.015E-18 1.039E-18 1.056E-18 1.063E-18 1.052E-18 1.028E-18 9.981E-19
 9.845E-19 9.932E-19 1.009E-18 1.012E-18 9.966E-19 9.762E-19 9.669E-19 9.719E-19 9.808E-19 9.861E-19
 9.871E-19 9.899E-19 9.972E-19 1.007E-18 1.015E-18 1.017E-18 1.014E-18 1.011E-18 1.013E-18 1.023E-18
 1.036E-18 1.049E-18 1.055E-18 1.052E-18 1.043E-18 1.037E-18 1.037E-18 1.039E-18 1.038E-18 1.036E-18
 1.038E-18 1.044E-18 1.046E-18 1.049E-18 1.058E-18 1.073E-18 1.088E-18 1.098E-18 1.109E-18 1.132E-18
 1.162E-18 1.181E-18 1.177E-18 1.160E-18 1.143E-18 1.138E-18 1.141E-18 1.147E-18 1.151E-18 1.155E-18
 1.163E-18 1.174E-18 1.185E-18 1.194E-18 1.206E-18 1.223E-18 1.246E-18 1.270E-18 1.295E-18 1.312E-18
 1.313E-18 1.299E-18 1.280E-18 1.270E-18 1.271E-18 1.279E-18 1.287E-18 1.292E-18 1.300E-18 1.314E-18
 1.337E-18 1.358E-18 1.368E-18 1.363E-18 1.353E-18 1.352E-18 1.363E-18 1.379E-18 1.394E-18 1.400E-18
 1.398E-18 1.397E-18 1.405E-18 1.417E-18 1.426E-18 1.425E-18 1.419E-18 1.409E-18 1.394E-18 1.376E-18
 1.361E-18 1.351E-18 1.349E-18 1.358E-18 1.374E-18 1.391E-18 1.399E-18 1.399E-18 1.395E-18 1.393E-18
 1.391E-18 1.388E-18 1.385E-18 1.385E-18 1.387E-18 1.392E-18 1.394E-18 1.385E-18 1.370E-18 1.358E-18
 1.361E-18 1.375E-18 1.388E-18 1.394E-18 1.395E-18 1.401E-18 1.411E-18 1.420E-18 1.419E-18 1.407E-18
 1.388E-18 1.372E-18 1.363E-18 1.362E-18 1.364E-18 1.362E-18 1.355E-18 1.350E-18 1.349E-18 1.352E-18
 1.356E-18 1.361E-18 1.369E-18 1.377E-18 1.373E-18 1.352E-18 1.321E-18 1.288E-18 1.260E-18 1.241E-18
 1.238E-18 1.247E-18 1.259E-18 1.250E-18 1.211E-18 1.142E-18 1.061E-18 9.805E-19 9.116E-19 8.648E-19
 8.381E-19 8.243E-19 8.204E-19 8.188E-19 8.191E-19 8.202E-19 8.230E-19 8.248E-19 8.271E-19 8.309E-19
 8.365E-19 8.451E-19 8.552E-19 8.622E-19 8.655E-19 8.643E-19 8.572E-19 8.449E-19 8.375E-19 8.348E-19
 8.372E-19 8.453E-19 8.627E-19 8.833E-19 8.996E-19 9.033E-19 8.980E-19 8.894E-19 8.803E-19 8.709E-19
 8.695E-19 8.759E-19 8.818E-19 8.758E-19 8.636E-19 8.579E-19 8.614E-19 8.640E-19 8.666E-19 8.727E-19
 8.843E-19 8.958E-19 9.009E-19 9.046E-19 9.102E-19 9.125E-19 9.107E-19 9.111E-19 9.153E-19 9.156E-19
 9.088E-19 9.040E-19 9.095E-19 9.197E-19 9.280E-19 9.314E-19 9.344E-19 9.358E-19 9.350E-19 9.352E-19
 9.374E-19 9.341E-19 9.193E-19 9.032E-19 9.023E-19 9.142E-19 9.243E-19 9.251E-19 9.271E-19 9.366E-19
 9.451E-19 9.420E-19 9.316E-19 9.219E-19 9.183E-19 9.162E-19 9.199E-19 9.293E-19 9.387E-19 9.361E-19
 9.180E-19 8.934E-19 8.808E-19 8.825E-19 8.870E-19 8.839E-19 8.777E-19 8.817E-19 8.946E-19 8.991E-19
 8.827E-19 8.604E-19 8.540E-19 8.651E-19 8.714E-19 8.555E-19 8.258E-19 8.078E-19 8.150E-19 8.365E-19
 8.505E-19 8.396E-19 8.132E-19 7.885E-19 7.788E-19 7.827E-19 7.898E-19 7.861E-19 7.607E-19 7.179E-19
 6.760E-19 6.537E-19 6.531E-19 6.618E-19 6.707E-19 6.752E-19 6.756E-19 6.736E-19 6.733E-19 6.730E-19
 6.707E-19 6.638E-19 6.600E-19 6.627E-19 6.683E-19 6.729E-19 6.766E-19 6.806E-19 6.868E-19 7.003E-19
 7.353E-19 8.004E-19 8.822E-19 9.513E-19 9.952E-19 1.033E-18 1.090E-18 1.170E-18 1.272E-18 1.407E-18
 1.587E-18 1.820E-18 2.118E-18 2.494E-18 2.905E-18 3.169E-18 3.078E-18 2.732E-18 2.373E-18 2.079E-18
 1.830E-18 1.601E-18 1.387E-18 1.187E-18 1.017E-18 8.959E-19 8.259E-19 7.946E-19 7.829E-19 7.777E-19
 7.719E-19 7.618E-19 7.517E-19 7.466E-19 7.416E-19 7.296E-19 7.131E-19 7.040E-19 7.094E-19 7.179E-19
 7.190E-19 7.090E-19 6.948E-19 6.839E-19 6.815E-19 6.838E-19 6.869E-19 6.856E-19 6.809E-19 6.764E-19
 6.704E-19 6.587E-19 6.443E-19 6.314E-19 6.217E-19 6.136E-19 6.082E-19 6.076E-19 6.122E-19 6.158E-19
 6.192E-19 6.238E-19 6.302E-19 6.393E-19 6.525E-19 6.657E-19 6.713E-19 6.623E-19 6.442E-19 6.275E-19
 6.166E-19 6.106E-19 6.070E-19 6.049E-19 6.072E-19 6.119E-19 6.181E-19 6.217E-19 6.236E-19 6.248E-19
 6.333E-19 6.443E-19 6.518E-19 6.506E-19 6.427E-19 6.337E-19 6.252E-19 6.199E-19 6.195E-19 6.219E-19
 6.186E-19 6.045E-19 5.833E-19 5.669E-19 5.603E-19 5.654E-19 5.753E-19 5.844E-19 5.887E-19 5.912E-19
 5.927E-19 5.894E-19 5.796E-19 5.689E-19 5.644E-19 5.661E-19 5.657E-19 5.586E-19 5.498E-19 5.492E-19
 5.555E-19 5.626E-19 5.658E-19 5.677E-19 5.705E-19 5.766E-19 5.816E-19 5.830E-19 5.803E-19 5.751E-19
 5.747E-19 5.778E-19 5.798E-19 5.749E-19 5.602E-19 5.388E-19 5.198E-19 5.099E-19 5.084E-19 5.105E-19
 5.104E-19 5.101E-19 5.127E-19 5.211E-19 5.337E-19 5.476E-19 5.585E-19 5.625E-19 5.607E-19 5.573E-19
 5.526E-19 5.502E-19 5.523E-19 5.577E-19 5.620E-19 5.598E-19 5.517E-19 5.404E-19 5.313E-19 5.274E-19
 5.378E-19 5.596E-19 5.825E-19 5.943E-19 5.933E-19 5.887E-19 5.851E-19 5.748E-19 5.591E-19 5.487E-19
 5.493E-19 5.561E-19 5.571E-19 5.535E-19 5.502E-19 5.511E-19 5.560E-19 5.649E-19 5.768E-19 5.879E-19
 5.928E-19 5.907E-19 5.852E-19 5.798E-19 5.788E-19 5.824E-19 5.875E-19 5.858E-19 5.757E-19 5.669E-19
 5.685E-19 5.810E-19 5.966E-19 6.069E-19 6.078E-19 5.997E-19 5.889E-19 5.811E-19 5.854E-19 5.986E-19
 6.145E-19 6.241E-19 6.208E-19 6.065E-19 5.913E-19 5.841E-19 5.884E-19 5.971E-19 6.049E-19 6.100E-19
 6.158E-19 6.197E-19 6.191E-19 6.166E-19 6.176E-19 6.225E-19 6.320E-19 6.411E-19 6.466E-19 6.431E-19
 6.312E-19 6.180E-19 6.134E-19 6.186E-19 6.250E-19 6.232E-19 6.121E-19 5.961E-19 5.839E-19 5.844E-19
 5.973E-19 6.130E-19 6.258E-19 6.349E-19 6.442E-19 6.523E-19 6.531E-19 6.477E-19 6.422E-19 6.429E-19
 6.448E-19 6.428E-19 6.376E-19 6.306E-19 6.280E-19 6.280E-19 6.334E-19 6.436E-19 6.540E-19 6.597E-19
 6.619E-19 6.627E-19 6.686E-19 6.804E-19 6.919E-19 6.944E-19 6.823E-19 6.588E-19 6.393E-19 6.358E-19
 6.475E-19 6.656E-19 6.792E-19 6.838E-19 6.814E-19 6.753E-19 6.709E-19 6.688E-19 6.732E-19 6.865E-19
 7.031E-19 7.151E-19 7.175E-19 7.104E-19 7.010E-19 6.894E-19 6.779E-19 6.698E-19 6.704E-19 6.786E-19
 6.881E-19 6.908E-19 6.887E-19 6.877E-19 6.893E-19 6.919E-19 6.919E-19 6.896E-19 6.844E-19 6.806E-19
 6.831E-19 6.959E-19 7.090E-19 7.114E-19 7.009E-19 6.859E-19 6.755E-19 6.718E-19 6.742E-19 6.844E-19
 6.990E-19 7.101E-19 7.112E-19 7.039E-19 6.919E-19 6.830E-19 6.820E-19 6.949E-19 7.156E-19 7.326E-19
 7.304E-19 7.140E-19 6.969E-19 6.915E-19 6.999E-19 7.141E-19 7.272E-19 7.341E-19 7.322E-19 7.243E-19
 7.129E-19 7.062E-19 7.089E-19 7.192E-19 7.300E-19 7.343E-19 7.336E-19 7.331E-19 7.326E-19 7.315E-19
 7.326E-19 7.394E-19 7.494E-19 7.522E-19 7.427E-19 7.299E-19 7.249E-19 7.317E-19 7.478E-19 7.673E-19
 7.795E-19 7.761E-19 7.600E-19 7.439E-19 7.391E-19 7.422E-19 7.502E-19 7.598E-19 7.646E-19 7.585E-19
 7.370E-19 7.129E-19 7.038E-19 7.175E-19 7.452E-19 7.740E-19 7.885E-19 7.848E-19 7.682E-19 7.516E-19
 7.416E-19 7.448E-19 7.573E-19 7.711E-19 7.774E-19 7.699E-19 7.535E-19 7.388E-19 7.349E-19 7.459E-19
 7.662E-19 7.831E-19 7.832E-19 7.644E-19 7.399E-19 7.267E-19 7.312E-19 7.493E-19 7.733E-19 7.941E-19
 8.042E-19 7.985E-19 7.828E-19 7.678E-19 7.612E-19 7.648E-19 7.810E-19 8.025E-19 8.169E-19 8.117E-19
 7.885E-19 7.610E-19 7.453E-19 7.486E-19 7.689E-19 7.985E-19 8.233E-19 8.285E-19 8.164E-19 8.040E-19
 8.017E-19 8.051E-19 8.072E-19 8.044E-19 8.007E-19 7.941E-19 7.896E-19 7.893E-19 7.930E-19 7.983E-19
 8.020E-19 8.069E-19 8.153E-19 8.226E-19 8.225E-19 8.200E-19 8.238E-19 8.318E-19 8.353E-19 8.315E-19
 8.270E-19 8.281E-19 8.295E-19 8.234E-19 8.097E-19 7.954E-19 7.869E-19 7.892E-19 7.997E-19 8.156E-19
 8.269E-19 8.271E-19 8.198E-19 8.138E-19 8.209E-19 8.400E-19 8.612E-19 8.699E-19 8.621E-19 8.446E-19
 8.246E-19 8.071E-19 7.946E-19 7.916E-19 7.987E-19 8.095E-19 8.165E-19 8.220E-19 8.296E-19 8.389E-19
 8.452E-19 8.460E-19 8.465E-19 8.501E-19 8.509E-19 8.465E-19 8.349E-19 8.239E-19 8.229E-19 8.347E-19
 8.537E-19 8.666E-19 8.605E-19 8.365E-19 8.084E-19 7.925E-19 7.978E-19 8.213E-19 8.502E-19 8.697E-19
 8.723E-19 8.599E-19 8.438E-19 8.330E-19 8.356E-19 8.562E-19 8.852E-19 9.018E-19 8.939E-19 8.672E-19
 8.347E-19 8.150E-19 8.123E-19 8.280E-19 8.517E-19 8.676E-19 8.637E-19 8.477E-19 8.384E-19 8.473E-19
 8.723E-19 8.994E-19 9.157E-19 9.157E-19 9.040E-19 8.801E-19 8.507E-19 8.252E-19 8.173E-19 8.278E-19
 8.428E-19 8.438E-19 8.289E-19 8.154E-19 8.187E-19 8.384E-19 8.676E-19 8.966E-19 9.157E-19 9.119E-19
 8.901E-19 8.616E-19 8.427E-19 8.368E-19 8.429E-19 8.502E-19 8.525E-19 8.433E-19 8.271E-19 8.170E-19
 8.253E-19 8.547E-19 8.912E-19 9.129E-19 9.093E-19 8.880E-19 8.706E-19 8.694E-19 8.774E-19 8.833E-19
 8.858E-19 8.901E-19 8.941E-19 8.899E-19 8.717E-19 8.511E-19 8.398E-19 8.447E-19 8.587E-19 8.751E-19
 8.887E-19 8.969E-19 8.993E-19 8.948E-19 8.852E-19 8.716E-19 8.652E-19 8.716E-19 8.833E-19 8.877E-19
 8.851E-19 8.845E-19 8.886E-19 8.899E-19 8.843E-19 8.762E-19 8.703E-19 8.637E-19 8.592E-19 8.599E-19
 8.652E-19 8.728E-19 8.843E-19 8.976E-19 9.046E-19 8.950E-19 8.773E-19 8.678E-19 8.742E-19 8.848E-19
 8.896E-19 8.897E-19 8.859E-19 8.806E-19 8.709E-19 8.607E-19 8.536E-19 8.540E-19 8.695E-19 8.977E-19
 9.189E-19 9.141E-19 8.892E-19 8.683E-19 8.682E-19 8.810E-19 8.935E-19 9.012E-19 9.019E-19 8.916E-19
 8.738E-19 8.539E-19 8.411E-19 8.376E-19 8.484E-19 8.723E-19 8.997E-19 9.101E-19 8.988E-19 8.851E-19
 8.853E-19 8.967E-19 9.104E-19 9.186E-19 9.196E-19 9.100E-19 8.891E-19 8.645E-19 8.478E-19 8.434E-19
 8.508E-19 8.675E-19 8.862E-19 8.985E-19 9.007E-19 8.991E-19 8.999E-19 9.028E-19 9.066E-19 9.130E-19
 9.175E-19 9.107E-19 8.907E-19 8.693E-19 8.583E-19 8.583E-19 8.634E-19 8.691E-19 8.741E-19 8.788E-19
 8.828E-19 8.884E-19 8.991E-19 9.143E-19 9.323E-19 9.477E-19 9.532E-19 9.448E-19 9.236E-19 8.961E-19
 8.706E-19 8.459E-19 8.306E-19 8.386E-19 8.657E-19 8.933E-19 9.000E-19 8.913E-19 8.865E-19 8.936E-19
 9.030E-19 9.090E-19 9.096E-19 9.024E-19 8.867E-19 8.688E-19 8.607E-19 8.648E-19 8.727E-19 8.808E-19
 8.872E-19 8.891E-19 8.847E-19 8.768E-19 8.694E-19 8.580E-19 8.442E-19 8.346E-19 8.401E-19 8.564E-19
 8.680E-19 8.703E-19 8.710E-19 8.762E-19 8.872E-19 8.982E-19 9.079E-19 9.124E-19 9.032E-19 8.800E-19
 8.537E-19 8.304E-19 8.101E-19 7.969E-19 7.991E-19 8.205E-19 8.445E-19 8.502E-19 8.342E-19 8.183E-19
 8.250E-19 8.600E-19 9.110E-19 9.536E-19 9.654E-19 9.398E-19 8.943E-19 8.533E-19 8.343E-19 8.376E-19
 8.538E-19 8.722E-19 8.789E-19 8.663E-19 8.442E-19 8.285E-19 8.348E-19 8.609E-19 8.915E-19 9.131E-19
 9.243E-19 9.260E-19 9.155E-19 8.931E-19 8.704E-19 8.549E-19 8.469E-19 8.423E-19 8.429E-19 8.511E-19
 8.627E-19 8.681E-19 8.620E-19 8.517E-19 8.472E-19 8.485E-19 8.482E-19 8.358E-19 8.188E-19 8.134E-19
 8.332E-19 8.695E-19 8.964E-19 8.972E-19 8.738E-19 8.447E-19 8.248E-19 8.254E-19 8.435E-19 8.636E-19
 8.638E-19 8.390E-19 8.098E-19 7.937E-19 7.942E-19 8.008E-19 8.072E-19 8.163E-19 8.306E-19 8.511E-19
 8.746E-19 8.923E-19 8.912E-19 8.702E-19 8.446E-19 8.290E-19 8.182E-19 8.061E-19 7.970E-19 8.013E-19
 8.177E-19 8.306E-19 8.315E-19 8.250E-19 8.146E-19 7.998E-19 7.893E-19 8.026E-19 8.438E-19 8.905E-19
 9.121E-19 8.974E-19 8.640E-19 8.353E-19 8.261E-19 8.335E-19 8.457E-19 8.474E-19 8.366E-19 8.190E-19
 8.030E-19 7.960E-19 8.010E-19 8.145E-19 8.260E-19 8.274E-19 8.237E-19 8.279E-19 8.446E-19 8.641E-19
 8.778E-19 8.874E-19 8.905E-19 8.783E-19 8.482E-19 8.124E-19 7.906E-19 7.860E-19 7.860E-19 7.770E-19
 7.562E-19 7.310E-19 7.209E-19 7.369E-19 7.748E-19 8.237E-19 8.692E-19 9.028E-19 9.099E-19 8.842E-19
 8.440E-19 8.201E-19 8.207E-19 8.271E-19 8.191E-19 7.944E-19 7.662E-19 7.474E-19 7.429E-19 7.515E-19
 7.722E-19 7.949E-19 8.138E-19 8.256E-19 8.344E-19 8.384E-19 8.358E-19 8.277E-19 8.205E-19 8.143E-19
 8.067E-19 7.935E-19 7.768E-19 7.642E-19 7.663E-19 7.843E-19 8.072E-19 8.213E-19 8.174E-19 7.986E-19
 7.757E-19 7.598E-19 7.606E-19 7.769E-19 7.940E-19 8.004E-19 7.977E-19 7.941E-19 7.900E-19 7.831E-19
 7.767E-19 7.835E-19 8.001E-19 8.082E-19 7.897E-19 7.550E-19 7.329E-19 7.338E-19 7.445E-19 7.461E-19
 7.344E-19 7.259E-19 7.349E-19 7.604E-19 7.919E-19 8.222E-19 8.504E-19 8.656E-19 8.545E-19 8.172E-19
 7.743E-19 7.470E-19 7.333E-19 7.201E-19 7.021E-19 6.846E-19 6.751E-19 6.743E-19 6.862E-19 7.127E-19
 7.525E-19 7.967E-19 8.288E-19 8.410E-19 8.330E-19 8.080E-19 7.788E-19 7.514E-19 7.224E-19 6.886E-19
 6.567E-19 6.354E-19 6.336E-19 6.494E-19 6.779E-19 7.125E-19 7.490E-19 7.819E-19 8.038E-19 8.093E-19
 8.005E-19 7.883E-19 7.767E-19 7.607E-19 7.297E-19 6.902E-19 6.591E-19 6.450E-19 6.472E-19 6.611E-19
 6.870E-19 7.181E-19 7.433E-19 7.533E-19 7.521E-19 7.455E-19 7.366E-19 7.297E-19 7.320E-19 7.435E-19
 7.495E-19 7.397E-19 7.146E-19 6.867E-19 6.655E-19 6.639E-19 6.882E-19 7.241E-19 7.452E-19 7.378E-19
 7.080E-19 6.765E-19 6.558E-19 6.460E-19 6.464E-19 6.523E-19 6.602E-19 6.711E-19 6.886E-19 7.072E-19
 7.185E-19 7.226E-19 7.280E-19 7.349E-19 7.298E-19 7.062E-19 6.791E-19 6.632E-19 6.594E-19 6.565E-19
 6.513E-19 6.451E-19 6.443E-19 6.492E-19 6.619E-19 6.802E-19 6.999E-19 7.159E-19 7.258E-19 7.276E-19
 7.151E-19 6.882E-19 6.583E-19 6.357E-19 6.250E-19 6.203E-19 6.191E-19 6.211E-19 6.250E-19 6.269E-19
 6.271E-19 6.321E-19 6.478E-19 6.709E-19 6.923E-19 7.058E-19 7.085E-19 6.995E-19 6.833E-19 6.650E-19
 6.529E-19 6.494E-19 6.471E-19 6.400E-19 6.316E-19 6.268E-19 6.283E-19 6.329E-19 6.407E-19 6.535E-19
 6.643E-19 6.675E-19 6.647E-19 6.668E-19 6.751E-19 6.752E-19 6.557E-19 6.236E-19 5.983E-19 5.913E-19
 5.992E-19 6.139E-19 6.322E-19 6.537E-19 6.720E-19 6.754E-19 6.599E-19 6.331E-19 6.107E-19 5.995E-19
 5.978E-19 6.027E-19 6.114E-19 6.181E-19 6.169E-19 6.076E-19 5.992E-19 6.027E-19 6.171E-19 6.339E-19
 6.469E-19 6.536E-19 6.487E-19 6.268E-19 5.967E-19 5.706E-19 5.574E-19 5.572E-19 5.651E-19 5.775E-19
 5.913E-19 6.039E-19 6.163E-19 6.307E-19 6.453E-19 6.500E-19 6.355E-19 6.092E-19 5.838E-19 5.669E-19
 5.575E-19 5.523E-19 5.517E-19 5.564E-19 5.635E-19 5.694E-19 5.734E-19 5.789E-19 5.943E-19 6.185E-19
 6.405E-19 6.419E-19 6.180E-19 5.844E-19 5.596E-19 5.487E-19 5.483E-19 5.514E-19 5.495E-19 5.380E-19
 5.216E-19 5.094E-19 5.149E-19 5.384E-19 5.677E-19 5.943E-19 6.105E-19 6.145E-19 6.043E-19 5.816E-19
 5.578E-19 5.467E-19 5.503E-19 5.568E-19 5.563E-19 5.495E-19 5.406E-19 5.339E-19 5.311E-19 5.355E-19
 5.448E-19 5.508E-19 5.452E-19 5.359E-19 5.395E-19 5.578E-19 5.762E-19 5.769E-19 5.589E-19 5.338E-19
 5.132E-19 4.989E-19 4.904E-19 4.893E-19 4.971E-19 5.107E-19 5.242E-19 5.342E-19 5.376E-19 5.340E-19
 5.265E-19 5.191E-19 5.165E-19 5.220E-19 5.297E-19 5.311E-19 5.242E-19 5.135E-19 5.079E-19 5.130E-19
 5.269E-19 5.448E-19 5.555E-19 5.497E-19 5.311E-19 5.123E-19 5.020E-19 4.973E-19 4.884E-19 4.774E-19
 4.790E-19 4.958E-19 5.197E-19 5.377E-19 5.468E-19 5.526E-19 5.514E-19 5.367E-19 5.121E-19 4.906E-19
 4.762E-19 4.691E-19 4.646E-19 4.606E-19 4.586E-19 4.570E-19 4.565E-19 4.630E-19 4.777E-19 4.967E-19
 5.157E-19 5.287E-19 5.312E-19 5.220E-19 5.032E-19 4.834E-19 4.699E-19 4.644E-19 4.648E-19 4.701E-19
 4.785E-19 4.842E-19 4.809E-19 4.693E-19 4.589E-19 4.595E-19 4.678E-19 4.762E-19 4.786E-19 4.757E-19
 4.689E-19 4.606E-19 4.575E-19 4.623E-19 4.691E-19 4.651E-19 4.514E-19 4.395E-19 4.399E-19 4.496E-19
 4.598E-19 4.640E-19 4.592E-19 4.468E-19 4.319E-19 4.244E-19 4.286E-19 4.369E-19 4.397E-19 4.382E-19
 4.376E-19 4.379E-19 4.387E-19 4.399E-19 4.474E-19 4.601E-19 4.683E-19 4.676E-19 4.589E-19 4.478E-19
 4.347E-19 4.198E-19 4.059E-19 3.952E-19 3.900E-19 3.910E-19 3.957E-19 4.021E-19 4.104E-19 4.185E-19
 4.263E-19 4.312E-19 4.357E-19 4.427E-19 4.486E-19 4.457E-19 4.312E-19 4.122E-19 3.980E-19 3.924E-19
 3.912E-19 3.950E-19 4.044E-19 4.132E-19 4.134E-19 4.071E-19 4.035E-19 4.069E-19 4.123E-19 4.175E-19
 4.234E-19 4.319E-19 4.378E-19 4.322E-19 4.177E-19 4.019E-19 3.859E-19 3.711E-19 3.627E-19 3.684E-19
 3.870E-19 4.029E-19 4.060E-19 3.982E-19 3.923E-19 3.904E-19 3.876E-19 3.827E-19 3.807E-19 3.843E-19
 3.923E-19 3.971E-19 3.944E-19 3.855E-19 3.765E-19 3.754E-19 3.828E-19 3.904E-19 3.907E-19 3.911E-19
 3.961E-19 4.012E-19 3.998E-19 3.943E-19 3.923E-19 3.914E-19 3.836E-19 3.706E-19 3.663E-19 3.742E-19
 3.823E-19 3.806E-19 3.738E-19 3.711E-19 3.708E-19 3.701E-19 3.703E-19 3.780E-19 3.902E-19 3.950E-19
 3.874E-19 3.728E-19 3.597E-19 3.516E-19 3.458E-19 3.445E-19 3.498E-19 3.615E-19 3.767E-19 3.887E-19
 3.927E-19 3.889E-19 3.803E-19 3.718E-19 3.654E-19 3.592E-19 3.523E-19 3.460E-19 3.455E-19 3.510E-19
 3.562E-19 3.508E-19 3.387E-19 3.317E-19 3.373E-19 3.493E-19 3.548E-19 3.542E-19 3.507E-19 3.446E-19
 3.333E-19 3.220E-19 3.201E-19 3.319E-19 3.462E-19 3.489E-19 3.408E-19 3.308E-19 3.250E-19 3.218E-19
 3.201E-19 3.187E-19 3.156E-19 3.116E-19 3.084E-19 3.096E-19 3.126E-19 3.143E-19 3.149E-19 3.188E-19
 3.271E-19 3.371E-19 3.429E-19 3.420E-19 3.373E-19 3.317E-19 3.260E-19 3.159E-19 3.019E-19 2.870E-19
 2.762E-19 2.767E-19 2.878E-19 3.011E-19 3.075E-19 3.062E-19 3.037E-19 3.058E-19 3.104E-19 3.127E-19
 3.116E-19 3.046E-19 2.975E-19 2.944E-19 2.979E-19 3.051E-19 3.103E-19 3.079E-19 2.981E-19 2.887E-19
 2.835E-19 2.849E-19 2.902E-19 2.984E-19 3.060E-19 3.110E-19 3.120E-19 3.061E-19 2.935E-19 2.764E-19
 2.623E-19 2.565E-19 2.607E-19 2.645E-19 2.619E-19 2.540E-19 2.479E-19 2.486E-19 2.538E-19 2.654E-19
 2.810E-19 2.959E-19 3.046E-19 3.023E-19 2.935E-19 2.858E-19 2.799E-19 2.699E-19 2.578E-19 2.481E-19
 2.448E-19 2.466E-19 2.509E-19 2.561E-19 2.609E-19 2.652E-19 2.702E-19 2.786E-19 2.906E-19 2.994E-19
 2.945E-19 2.782E-19 2.597E-19 2.460E-19 2.387E-19 2.355E-19 2.337E-19 2.347E-19 2.373E-19 2.411E-19
 2.462E-19 2.529E-19 2.606E-19 2.674E-19 2.680E-19 2.638E-19 2.559E-19 2.480E-19 2.409E-19 2.387E-19
 2.398E-19 2.416E-19 2.401E-19 2.372E-19 2.359E-19 2.383E-19 2.406E-19 2.406E-19 2.413E-19 2.466E-19
 2.529E-19 2.534E-19 2.434E-19 2.283E-19 2.167E-19 2.126E-19 2.196E-19 2.331E-19 2.453E-19 2.483E-19
 2.419E-19 2.309E-19 2.228E-19 2.169E-19 2.153E-19 2.168E-19 2.194E-19 2.200E-19 2.177E-19 2.179E-19
 2.217E-19 2.281E-19 2.331E-19 2.370E-19 2.385E-19 2.390E-19 2.373E-19 2.357E-19 2.333E-19 2.261E-19
 2.153E-19 2.054E-19 2.040E-19 2.076E-19 2.094E-19 2.063E-19 2.018E-19 2.017E-19 2.075E-19 2.146E-19
 2.185E-19 2.183E-19 2.139E-19 2.094E-19 2.069E-19 2.047E-19 2.056E-19 2.100E-19 2.154E-19 2.162E-19
 2.091E-19 1.976E-19 1.894E-19 1.896E-19 1.937E-19 1.993E-19 2.056E-19 2.123E-19 2.170E-19 2.163E-19
 2.071E-19 1.907E-19 1.743E-19 1.653E-19 1.672E-19 1.782E-19 1.897E-19 1.939E-19 1.935E-19 1.988E-19
 2.103E-19 2.213E-19 2.263E-19 2.263E-19 2.232E-19 2.125E-19 1.933E-19 1.742E-19 1.621E-19 1.624E-19
 1.716E-19 1.821E-19 1.866E-19 1.867E-19 1.880E-19 1.933E-19 1.977E-19 1.958E-19 1.863E-19 1.769E-19
 1.726E-19 1.715E-19 1.708E-19 1.702E-19 1.707E-19 1.723E-19 1.740E-19 1.781E-19 1.867E-19 1.971E-19
 2.062E-19 2.101E-19 2.064E-19 1.963E-19 1.854E-19 1.772E-19 1.745E-19 1.748E-19 1.745E-19 1.724E-19
 1.714E-19 1.749E-19 1.841E-19 1.948E-19 2.009E-19 1.964E-19 1.865E-19 1.816E-19 1.846E-19 1.870E-19
 1.810E-19 1.706E-19 1.636E-19 1.628E-19 1.642E-19 1.693E-19 1.788E-19 1.916E-19 2.010E-19 2.033E-19
 2.001E-19 1.950E-19 1.872E-19 1.775E-19 1.667E-19 1.570E-19 1.501E-19 1.495E-19 1.546E-19 1.604E-19
 1.600E-19 1.534E-19 1.483E-19 1.520E-19 1.637E-19 1.776E-19 1.895E-19 1.948E-19 1.910E-19 1.809E-19
 1.714E-19 1.665E-19 1.644E-19 1.585E-19 1.487E-19 1.375E-19 1.300E-19 1.306E-19 1.368E-19 1.434E-19
 1.469E-19 1.495E-19 1.546E-19 1.630E-19 1.687E-19 1.676E-19 1.599E-19 1.525E-19 1.506E-19 1.536E-19
 1.590E-19 1.606E-19 1.590E-19 1.569E-19 1.587E-19 1.640E-19 1.669E-19 1.644E-19 1.587E-19 1.535E-19
 1.522E-19 1.546E-19 1.576E-19 1.557E-19 1.471E-19 1.383E-19 1.340E-19 1.358E-19 1.393E-19 1.436E-19
 1.485E-19 1.584E-19 1.711E-19 1.802E-19 1.799E-19 1.700E-19 1.556E-19 1.458E-19 1.430E-19 1.429E-19
 1.407E-19 1.371E-19 1.371E-19 1.427E-19 1.514E-19 1.574E-19 1.590E-19 1.594E-19 1.624E-19 1.662E-19
 1.665E-19 1.613E-19 1.550E-19 1.507E-19 1.477E-19 1.423E-19 1.343E-19 1.288E-19 1.306E-19 1.407E-19
 1.543E-19 1.684E-19 1.772E-19 1.763E-19 1.672E-19 1.557E-19 1.473E-19 1.407E-19 1.351E-19 1.336E-19
 1.360E-19 1.375E-19 1.384E-19 1.411E-19 1.479E-19 1.557E-19 1.574E-19 1.540E-19 1.502E-19 1.511E-19
 1.539E-19 1.540E-19 1.502E-19 1.446E-19 1.407E-19 1.422E-19 1.459E-19 1.520E-19 1.579E-19 1.639E-19
 1.697E-19 1.759E-19 1.808E-19 1.833E-19 1.811E-19 1.741E-19 1.654E-19 1.598E-19 1.562E-19 1.529E-19
 1.501E-19 1.520E-19 1.576E-19 1.613E-19 1.602E-19 1.571E-19 1.538E-19 1.521E-19 1.529E-19 1.560E-19
 1.596E-19 1.626E-19 1.620E-19 1.576E-19 1.488E-19 1.409E-19 1.403E-19 1.465E-19 1.514E-19 1.521E-19
 1.536E-19 1.629E-19 1.763E-19 1.837E-19 1.819E-19 1.766E-19 1.706E-19 1.650E-19 1.618E-19 1.632E-19
 1.675E-19 1.682E-19 1.672E-19 1.685E-19 1.714E-19 1.742E-19 1.786E-19 1.845E-19 1.905E-19 1.909E-19
 1.849E-19 1.774E-19 1.710E-19 1.626E-19 1.493E-19 1.350E-19 1.265E-19 1.268E-19 1.352E-19 1.498E-19
 1.633E-19 1.733E-19 1.829E-19 1.936E-19 2.007E-19 1.980E-19 1.872E-19 1.789E-19 1.768E-19 1.775E-19
 1.738E-19 1.646E-19 1.584E-19 1.580E-19 1.586E-19 1.567E-19 1.535E-19 1.534E-19 1.600E-19 1.708E-19
 1.800E-19 1.859E-19 1.885E-19 1.848E-19 1.770E-19 1.689E-19 1.635E-19 1.640E-19 1.684E-19 1.749E-19
 1.793E-19 1.801E-19 1.793E-19 1.772E-19 1.711E-19 1.602E-19 1.487E-19 1.399E-19 1.342E-19 1.298E-19
 1.240E-19 1.181E-19 1.157E-19 1.149E-19 1.147E-19 1.149E-19 1.160E-19 1.163E-19 1.143E-19 1.111E-19
 1.085E-19 1.065E-19 1.050E-19 1.012E-19 9.332E-20 8.369E-20 7.759E-20 7.790E-20 8.606E-20 9.916E-20
 1.114E-19 1.186E-19 1.190E-19 1.177E-19 1.197E-19 1.259E-19 1.297E-19 1.280E-19 1.197E-19 1.069E-19
 9.375E-20 8.246E-20 7.884E-20 8.304E-20 9.284E-20 1.008E-19 1.066E-19 1.120E-19 1.182E-19 1.222E-19
 1.256E-19 1.293E-19 1.301E-19 1.252E-19 1.126E-19 9.696E-20 8.516E-20 8.199E-20 8.441E-20 8.905E-20
 9.492E-20 1.011E-19 1.054E-19 1.061E-19 1.034E-19 9.843E-20 9.278E-20 8.880E-20 8.865E-20 9.024E-20
 9.252E-20 9.565E-20 9.929E-20 1.047E-19 1.116E-19 1.169E-19 1.193E-19 1.170E-19 1.122E-19 1.087E-19
 1.079E-19 1.052E-19 9.985E-20 9.346E-20 9.034E-20 9.130E-20 9.287E-20 9.374E-20 9.565E-20 1.021E-19
 1.114E-19 1.174E-19 1.164E-19 1.119E-19 1.075E-19 1.060E-19 1.051E-19 1.027E-19 9.908E-20 9.513E-20
 9.145E-20 9.064E-20 9.225E-20 9.449E-20 9.879E-20 1.047E-19 1.136E-19 1.222E-19 1.280E-19 1.292E-19
 1.242E-19 1.148E-19 1.000E-19 8.120E-20 6.512E-20 5.937E-20 6.544E-20 7.632E-20 8.676E-20 9.420E-20
 1.011E-19 1.084E-19 1.139E-19 1.145E-19 1.112E-19 1.056E-19 9.840E-20 9.011E-20 8.176E-20 7.270E-20
 6.581E-20 6.301E-20 6.384E-20 6.718E-20 7.156E-20 7.809E-20 8.689E-20 9.815E-20 1.096E-19 1.171E-19
 1.157E-19 1.061E-19 9.157E-20 7.829E-20 6.995E-20 6.420E-20 6.194E-20 6.664E-20 7.833E-20 8.959E-20
 9.677E-20 1.013E-19 1.038E-19 1.042E-19 1.004E-19 9.551E-20 9.000E-20 8.302E-20 7.279E-20 6.292E-20
 5.820E-20 5.952E-20 6.281E-20 6.542E-20 6.605E-20 6.907E-20 7.876E-20 9.171E-20 1.025E-19 1.064E-19
 1.028E-19 9.599E-20 8.918E-20 8.342E-20 7.996E-20 7.746E-20 7.426E-20 7.163E-20 7.134E-20 7.326E-20
 7.504E-20 7.545E-20 8.003E-20 9.113E-20 1.016E-19 1.043E-19 9.750E-20 8.534E-20 7.265E-20 6.216E-20
 5.688E-20 5.929E-20 6.525E-20 7.195E-20 7.673E-20 8.014E-20 8.286E-20 8.653E-20 9.314E-20 1.006E-19
 1.044E-19 1.010E-19 9.267E-20 8.408E-20 7.930E-20 7.955E-20 8.242E-20 8.404E-20 8.081E-20 7.211E-20
 6.349E-20 6.106E-20 6.395E-20 6.839E-20 7.439E-20 8.249E-20 8.981E-20 9.232E-20 8.803E-20 7.923E-20
 7.106E-20 6.567E-20 6.193E-20 5.980E-20 6.273E-20 7.186E-20 8.382E-20 9.331E-20 9.559E-20 9.205E-20
 8.795E-20 8.481E-20 8.364E-20 8.321E-20 8.348E-20 8.042E-20 7.301E-20 6.288E-20 5.531E-20 5.513E-20
 6.324E-20 7.469E-20 8.193E-20 8.296E-20 8.139E-20 7.945E-20 7.560E-20 6.707E-20 5.708E-20 5.162E-20
 5.258E-20 5.517E-20 5.426E-20 5.255E-20 5.627E-20 6.526E-20 7.537E-20 8.201E-20 8.339E-20 8.128E-20
 7.579E-20 6.942E-20 6.630E-20 6.971E-20 7.702E-20 8.314E-20 8.197E-20 7.280E-20 6.274E-20 5.769E-20
 5.903E-20 6.415E-20 6.946E-20 7.465E-20 7.839E-20 8.058E-20 8.084E-20 8.147E-20 8.289E-20 8.372E-20
 8.232E-20 7.666E-20 6.850E-20 6.224E-20 6.145E-20 6.617E-20 7.460E-20 8.260E-20 8.762E-20 8.714E-20
 7.995E-20 7.090E-20 6.635E-20 6.673E-20 6.773E-20 6.718E-20 6.436E-20 6.254E-20 6.397E-20 6.623E-20
 6.795E-20 6.839E-20 7.055E-20 7.664E-20 8.582E-20 9.293E-20 9.430E-20 8.957E-20 8.167E-20 7.635E-20
 7.292E-20 7.102E-20 7.143E-20 7.233E-20 6.958E-20 6.455E-20 6.218E-20 6.653E-20 7.576E-20 8.410E-20
 8.773E-20 8.733E-20 8.378E-20 7.594E-20 6.723E-20 6.300E-20 6.177E-20 6.369E-20 6.704E-20 7.254E-20
 7.978E-20 8.655E-20 8.983E-20 8.950E-20 8.852E-20 8.849E-20 8.797E-20 8.764E-20 8.698E-20 8.619E-20
 8.454E-20 8.174E-20 7.991E-20 7.928E-20 7.848E-20 7.676E-20 7.496E-20 7.802E-20 8.656E-20 9.657E-20
 1.013E-19 9.778E-20 9.086E-20 8.728E-20 8.852E-20 9.100E-20 8.880E-20 7.955E-20 7.020E-20 6.682E-20
 7.466E-20 8.816E-20 1.010E-19 1.081E-19 1.090E-19 1.059E-19 9.948E-20 9.360E-20 9.064E-20 9.058E-20
 9.114E-20 8.983E-20 8.506E-20 7.939E-20 7.580E-20 7.676E-20 8.170E-20 9.019E-20 9.992E-20 1.071E-19
 1.115E-19 1.113E-19 1.074E-19 1.032E-19 1.025E-19 1.049E-19 1.057E-19 1.024E-19 9.903E-20 9.950E-20
 1.039E-19 1.118E-19 1.202E-19 1.276E-19 1.317E-19 1.302E-19 1.243E-19 1.184E-19 1.143E-19 1.121E-19
 1.110E-19 1.118E-19 1.158E-19 1.191E-19 1.185E-19 1.144E-19 1.097E-19 1.097E-19 1.133E-19 1.206E-19
 1.292E-19 1.358E-19 1.363E-19 1.319E-19 1.266E-19 1.226E-19 1.198E-19 1.189E-19 1.198E-19 1.221E-19
 1.230E-19 1.216E-19 1.207E-19 1.217E-19 1.219E-19 1.205E-19 1.218E-19 1.270E-19 1.346E-19 1.387E-19
 1.385E-19 1.343E-19 1.271E-19 1.169E-19 1.086E-19 1.075E-19 1.146E-19 1.247E-19 1.316E-19 1.343E-19
 1.330E-19 1.309E-19 1.302E-19 1.300E-19 1.283E-19 1.238E-19 1.166E-19 1.103E-19 1.082E-19 1.122E-19
 1.222E-19 1.327E-19 1.382E-19 1.374E-19 1.335E-19 1.324E-19 1.340E-19 1.371E-19 1.381E-19 1.348E-19
 1.264E-19 1.159E-19 1.107E-19 1.121E-19 1.172E-19 1.239E-19 1.320E-19 1.419E-19 1.497E-19 1.525E-19
 1.512E-19 1.510E-19 1.495E-19 1.442E-19 1.358E-19 1.271E-19 1.211E-19 1.204E-19 1.241E-19 1.296E-19
 1.314E-19 1.277E-19 1.239E-19 1.266E-19 1.349E-19 1.402E-19 1.358E-19 1.210E-19 1.038E-19 9.092E-20
 8.256E-20 7.724E-20 7.147E-20 6.408E-20 5.950E-20 6.006E-20 6.631E-20 7.502E-20 8.146E-20 8.458E-20
 8.512E-20 8.604E-20 8.826E-20 8.909E-20 8.511E-20 7.769E-20 6.929E-20 6.310E-20 6.007E-20 5.843E-20
 5.702E-20 5.840E-20 6.667E-20 7.975E-20 9.300E-20 1.027E-19 1.057E-19 1.013E-19 8.918E-20 7.563E-20
 6.824E-20 7.025E-20 7.707E-20 8.171E-20 8.196E-20 8.136E-20 8.059E-20 7.898E-20 7.853E-20 8.156E-20
 8.930E-20 9.899E-20 1.084E-19 1.140E-19 1.112E-19 9.994E-20 8.530E-20 7.693E-20 7.200E-20 6.684E-20
 6.286E-20 6.534E-20 7.482E-20 8.373E-20 8.799E-20 8.844E-20 8.928E-20 9.135E-20 9.167E-20 8.667E-20
 7.732E-20 6.452E-20 5.285E-20 4.791E-20 5.272E-20 6.388E-20 7.418E-20 8.234E-20 8.880E-20 9.213E-20
 9.028E-20 8.373E-20 7.678E-20 7.329E-20 7.306E-20 7.166E-20 6.762E-20 6.480E-20 6.601E-20 6.900E-20
 7.010E-20 6.757E-20 6.489E-20 6.609E-20 7.082E-20 7.538E-20 7.905E-20 7.944E-20 7.749E-20 7.545E-20
 7.425E-20 7.054E-20 6.346E-20 5.428E-20 4.844E-20 5.083E-20 6.002E-20 7.282E-20 8.511E-20 9.538E-20
 1.016E-19 1.028E-19 9.718E-20 8.806E-20 7.821E-20 7.021E-20 6.743E-20 6.899E-20 7.255E-20 7.401E-20
 7.228E-20 7.174E-20 7.480E-20 7.901E-20 8.050E-20 7.798E-20 7.697E-20 8.016E-20 8.630E-20 9.144E-20
 9.118E-20 8.328E-20 7.020E-20 5.787E-20 5.265E-20 5.374E-20 5.724E-20 6.453E-20 7.489E-20 8.335E-20
 8.697E-20 8.726E-20 8.818E-20 8.660E-20 8.017E-20 7.162E-20 6.844E-20 6.806E-20 6.275E-20 5.423E-20
 4.969E-20 5.390E-20 6.303E-20 7.097E-20 7.822E-20 8.569E-20 8.996E-20 8.964E-20 8.769E-20 8.604E-20
 8.339E-20 7.659E-20 6.858E-20 6.384E-20 6.268E-20 6.245E-20 6.255E-20 6.218E-20 6.164E-20 6.341E-20
 6.726E-20 7.415E-20 8.064E-20 8.261E-20 7.948E-20 7.139E-20 6.124E-20 5.253E-20 5.005E-20 4.998E-20
 4.932E-20 4.914E-20 5.436E-20 6.559E-20 7.630E-20 7.875E-20 7.489E-20 7.052E-20 6.850E-20 6.639E-20
 6.340E-20 6.024E-20 5.835E-20 6.002E-20 6.303E-20 6.653E-20 7.022E-20 7.351E-20 7.464E-20 7.373E-20
 7.261E-20 7.364E-20 7.466E-20 7.734E-20 8.154E-20 8.354E-20 7.947E-20 6.639E-20 5.004E-20 3.823E-20
 3.787E-20 4.678E-20 5.895E-20 6.690E-20 6.946E-20 7.007E-20 7.072E-20 7.058E-20 6.898E-20 6.626E-20
 6.431E-20 6.492E-20 6.500E-20 5.919E-20 4.983E-20 4.345E-20 4.096E-20 4.135E-20 4.437E-20 5.032E-20
 6.215E-20 7.474E-20 7.945E-20 7.721E-20 7.235E-20 6.905E-20 6.516E-20 5.632E-20 4.481E-20 3.821E-20
 3.957E-20 4.479E-20 4.924E-20 5.082E-20 5.309E-20 5.901E-20 6.609E-20 7.068E-20 7.072E-20 6.599E-20
 5.817E-20 5.194E-20 4.847E-20 4.485E-20 4.035E-20 3.377E-20 2.871E-20 2.884E-20 3.667E-20 5.262E-20
 6.952E-20 8.113E-20 8.393E-20 8.044E-20 7.643E-20 7.367E-20 6.945E-20 6.290E-20 5.609E-20 5.273E-20
 5.269E-20 5.527E-20 5.835E-20 6.599E-20 7.656E-20 8.661E-20 9.177E-20 8.924E-20 8.212E-20 7.467E-20
 7.128E-20 7.057E-20 7.026E-20 6.549E-20 5.590E-20 4.451E-20 3.564E-20 3.315E-20 3.803E-20 4.570E-20
 5.369E-20 5.833E-20 5.894E-20 5.743E-20 5.434E-20 4.939E-20 4.466E-20 4.325E-20 4.680E-20 5.193E-20
 5.445E-20 5.413E-20 5.176E-20 4.762E-20 4.379E-20 4.492E-20 5.174E-20 5.885E-20 6.161E-20 5.870E-20
 5.337E-20 4.752E-20 4.135E-20 3.450E-20 2.542E-20 1.637E-20 1.265E-20 1.969E-20 3.647E-20 5.384E-20
 5.976E-20 5.452E-20 4.919E-20 5.080E-20 5.837E-20 6.458E-20 6.538E-20 5.809E-20 4.682E-20 3.845E-20
 3.846E-20 4.196E-20 4.342E-20 4.235E-20 4.316E-20 4.961E-20 6.000E-20 7.178E-20 8.238E-20 8.629E-20
 8.033E-20 7.009E-20 6.166E-20 5.528E-20 4.631E-20 3.686E-20 3.420E-20 4.015E-20 4.956E-20 5.649E-20
 5.970E-20 6.353E-20 6.933E-20 7.389E-20 7.218E-20 6.288E-20 5.033E-20 4.026E-20 3.492E-20 3.434E-20
 3.788E-20 4.497E-20 5.393E-20 5.856E-20 5.686E-20 5.329E-20 5.606E-20 6.540E-20 7.675E-20 8.524E-20
 8.725E-20 8.388E-20 7.624E-20 6.571E-20 5.673E-20 5.060E-20 4.833E-20 5.148E-20 5.937E-20 6.638E-20
 6.991E-20 7.029E-20 7.096E-20 7.223E-20 6.844E-20 5.859E-20 4.675E-20 3.750E-20 3.304E-20 3.030E-20
 2.896E-20 3.061E-20 3.620E-20 4.228E-20 4.590E-20 5.044E-20 5.692E-20 6.499E-20 6.980E-20 7.112E-20
 7.076E-20 7.083E-20 7.109E-20 6.872E-20 6.009E-20 4.853E-20 4.046E-20 4.029E-20 4.635E-20 5.030E-20
 4.939E-20 4.919E-20 5.486E-20 6.437E-20 6.955E-20 6.697E-20 5.775E-20 4.718E-20 4.233E-20 4.552E-20
 5.162E-20 5.327E-20 4.938E-20 4.674E-20 5.175E-20 6.187E-20 6.951E-20 7.374E-20 7.623E-20 7.699E-20
 7.452E-20 6.877E-20 6.116E-20 5.192E-20 3.922E-20 3.027E-20 3.006E-20 3.857E-20 5.184E-20 6.451E-20
 7.356E-20 7.789E-20 7.815E-20 7.643E-20 7.209E-20 6.375E-20 5.589E-20 5.285E-20 5.316E-20 5.070E-20
 4.395E-20 3.852E-20 3.847E-20 3.829E-20 3.424E-20 3.262E-20 4.002E-20 5.205E-20 6.205E-20 6.583E-20
 6.600E-20 6.286E-20 5.524E-20 4.600E-20 3.880E-20 3.260E-20 2.374E-20 1.722E-20 2.096E-20 3.407E-20
 4.803E-20 5.503E-20 5.712E-20 5.940E-20 6.398E-20 7.053E-20 7.704E-20 8.208E-20 8.317E-20 7.855E-20
 6.935E-20 5.875E-20 5.033E-20 4.734E-20 4.834E-20 5.042E-20 5.394E-20 5.943E-20 6.551E-20 6.967E-20
 6.979E-20 6.721E-20 6.433E-20 5.848E-20 4.859E-20 3.907E-20 3.654E-20 4.054E-20 4.636E-20 4.949E-20
 5.083E-20 5.354E-20 5.716E-20 6.028E-20 6.096E-20 5.958E-20 5.917E-20 6.037E-20 6.072E-20 5.890E-20
 5.323E-20 4.536E-20 3.861E-20 3.652E-20 4.057E-20 5.071E-20 6.087E-20 6.354E-20 5.856E-20 5.437E-20
 5.536E-20 5.800E-20 5.793E-20 5.245E-20 4.130E-20 2.710E-20 1.528E-20 1.139E-20 1.532E-20 2.185E-20
 2.680E-20 2.989E-20 3.552E-20 4.206E-20 4.563E-20 4.511E-20 4.226E-20 4.073E-20 4.132E-20 4.341E-20
 4.492E-20 4.303E-20 3.812E-20 3.448E-20 3.657E-20 4.196E-20 4.767E-20 5.194E-20 5.366E-20 5.181E-20
 4.949E-20 4.834E-20 4.685E-20 4.409E-20 4.219E-20 4.377E-20 4.945E-20 5.368E-20 5.589E-20 5.902E-20
 6.579E-20 7.352E-20 7.854E-20 8.121E-20 8.246E-20 8.002E-20 7.115E-20 5.894E-20 4.854E-20 4.146E-20
 3.673E-20 3.494E-20 3.759E-20 4.334E-20 4.747E-20 4.962E-20 5.091E-20 5.416E-20 6.028E-20 6.601E-20
 6.863E-20 6.653E-20 6.138E-20 5.541E-20 5.143E-20 4.821E-20 4.614E-20 4.589E-20 4.633E-20 4.927E-20
 5.731E-20 7.017E-20 8.342E-20 9.029E-20 8.836E-20 8.076E-20 6.988E-20 5.988E-20 5.114E-20 4.543E-20
 4.517E-20 4.970E-20 5.684E-20 6.330E-20 6.528E-20 6.389E-20 6.123E-20 5.755E-20 5.342E-20 5.064E-20
 4.868E-20 5.106E-20 5.557E-20 5.900E-20 5.975E-20 5.663E-20 4.864E-20 3.796E-20 2.951E-20 2.928E-20
 3.577E-20 4.490E-20 5.548E-20 6.811E-20 8.007E-20 8.698E-20 8.618E-20 8.040E-20 7.253E-20 6.444E-20
 5.516E-20 4.550E-20 4.019E-20 3.779E-20 3.766E-20 4.114E-20 4.946E-20 5.831E-20 6.412E-20 6.577E-20
 6.476E-20 6.193E-20 5.619E-20 4.917E-20 4.467E-20 4.459E-20 4.484E-20 4.303E-20 3.924E-20 3.678E-20
 3.873E-20 4.496E-20 5.391E-20 6.128E-20 6.166E-20 5.374E-20 4.314E-20 3.786E-20 3.999E-20 4.450E-20
 4.788E-20 4.683E-20 4.372E-20 4.166E-20 3.885E-20 3.626E-20 3.630E-20 3.899E-20 4.302E-20 4.473E-20
 4.242E-20 4.036E-20 4.340E-20 4.946E-20 5.050E-20 4.572E-20 3.954E-20 3.525E-20 3.225E-20 2.727E-20
 2.561E-20 3.140E-20 4.351E-20 5.372E-20 5.848E-20 6.019E-20 5.973E-20 5.594E-20 4.962E-20 4.189E-20
 3.657E-20 3.617E-20 3.964E-20 4.132E-20 3.704E-20 2.972E-20 2.822E-20 3.913E-20 5.830E-20 7.370E-20
 7.746E-20 7.258E-20 6.482E-20 5.792E-20 5.169E-20 4.410E-20 3.830E-20 3.902E-20 4.415E-20 4.631E-20
 4.263E-20 3.692E-20 3.556E-20 4.082E-20 4.945E-20 5.650E-20 5.931E-20 5.850E-20 5.529E-20 5.120E-20
 4.449E-20 3.406E-20 2.458E-20 1.976E-20 2.174E-20 2.738E-20 3.490E-20 4.682E-20 6.103E-20 6.892E-20
 6.840E-20 6.359E-20 5.888E-20 5.364E-20 4.637E-20 3.989E-20 3.931E-20 4.343E-20 4.789E-20 5.101E-20
 5.293E-20 5.554E-20 5.839E-20 6.127E-20 6.420E-20 6.693E-20 6.662E-20 6.122E-20 5.243E-20 4.548E-20
 4.308E-20 4.269E-20 3.987E-20 3.422E-20 2.960E-20 3.079E-20 3.864E-20 5.002E-20 5.979E-20 6.589E-20
 6.906E-20 7.029E-20 7.202E-20 7.233E-20 6.996E-20 6.563E-20 6.047E-20 5.429E-20 4.784E-20 4.097E-20
 3.672E-20 3.731E-20 4.343E-20 5.293E-20 6.162E-20 6.490E-20 6.024E-20 5.209E-20 4.742E-20 4.758E-20
 4.803E-20 4.523E-20 4.144E-20 4.002E-20 3.785E-20 3.203E-20 2.767E-20 3.273E-20 4.562E-20 5.814E-20
 6.571E-20 7.059E-20 7.398E-20 7.275E-20 6.579E-20 5.601E-20 4.738E-20 3.859E-20 2.838E-20 2.163E-20
 2.231E-20 2.764E-20 3.301E-20 3.480E-20 3.553E-20 3.995E-20 4.646E-20 5.037E-20 4.837E-20 4.374E-20
 4.038E-20 3.802E-20 3.645E-20 3.688E-20 4.019E-20 4.655E-20 5.300E-20 5.648E-20 5.909E-20 6.174E-20
 6.550E-20 6.861E-20 6.796E-20 6.242E-20 5.379E-20 4.304E-20 3.480E-20 3.103E-20 3.027E-20 3.030E-20
 3.044E-20 3.406E-20 4.397E-20 5.625E-20 6.294E-20 6.284E-20 5.820E-20 5.098E-20 4.177E-20 3.475E-20
 3.312E-20 3.444E-20 3.564E-20 3.651E-20 4.389E-20 5.781E-20 6.867E-20 6.903E-20 6.052E-20 5.258E-20
 5.201E-20 5.861E-20 6.673E-20 6.980E-20 6.346E-20 5.339E-20 4.821E-20 4.749E-20 4.640E-20 3.946E-20
 3.064E-20 2.585E-20 2.871E-20 3.779E-20 4.664E-20 4.895E-20 4.411E-20 3.782E-20 3.790E-20 4.419E-20
 4.784E-20 4.419E-20 3.719E-20 3.388E-20 3.477E-20 3.810E-20 4.161E-20 4.449E-20 4.835E-20 5.171E-20
 5.327E-20 5.246E-20 4.853E-20 4.422E-20 4.281E-20 4.521E-20 4.683E-20 4.668E-20 4.700E-20 4.832E-20
 4.990E-20 5.018E-20 5.210E-20 5.629E-20 5.814E-20 5.411E-20 4.581E-20 3.847E-20 3.563E-20 3.617E-20
 3.853E-20 4.082E-20 4.156E-20 3.885E-20 3.582E-20 3.703E-20 4.282E-20 4.910E-20 5.419E-20 5.894E-20
 6.202E-20 6.326E-20 6.090E-20 5.593E-20 4.621E-20 3.142E-20 1.607E-20 5.969E-21 5.819E-21 1.555E-20
 2.945E-20 4.189E-20 5.114E-20 5.703E-20 5.813E-20 5.509E-20 5.074E-20 4.519E-20 3.937E-20 3.432E-20
 3.169E-20 2.959E-20 2.570E-20 1.945E-20 1.342E-20 1.042E-20 9.819E-21 1.383E-20 2.570E-20 4.204E-20
 5.297E-20 5.273E-20 4.374E-20 3.466E-20 3.058E-20 3.028E-20 3.166E-20 3.278E-20 3.328E-20 3.394E-20
 3.595E-20 3.908E-20 4.431E-20 5.280E-20 6.372E-20 7.178E-20 7.101E-20 6.256E-20 5.173E-20 4.173E-20
 3.090E-20 1.976E-20 1.077E-20 1.016E-20 1.836E-20 3.063E-20 4.253E-20 4.998E-20 5.174E-20 5.184E-20
 5.479E-20 5.817E-20 5.326E-20 3.946E-20 2.694E-20 2.341E-20 2.459E-20 2.166E-20 1.389E-20 6.464E-21
 2.436E-21 2.345E-21 7.138E-21 1.999E-20 3.749E-20 5.435E-20 6.559E-20 6.967E-20 6.592E-20 5.656E-20
 4.765E-20 4.307E-20 3.956E-20 3.361E-20 2.781E-20 2.847E-20 3.264E-20 3.436E-20 3.353E-20 3.549E-20
 4.384E-20 5.566E-20 6.448E-20 6.587E-20 5.777E-20 4.186E-20 2.656E-20 1.771E-20 1.788E-20 2.545E-20
 3.473E-20 4.423E-20 5.057E-20 5.074E-20 4.693E-20 4.490E-20 4.681E-20 5.071E-20 5.334E-20 5.411E-20
 5.394E-20 5.125E-20 4.446E-20 3.545E-20 2.662E-20 2.275E-20 2.292E-20 2.596E-20 3.017E-20 3.564E-20
 4.198E-20 4.943E-20 5.654E-20 5.890E-20 5.460E-20 4.504E-20 3.459E-20 2.827E-20 2.238E-20 1.578E-20
 1.055E-20 8.071E-21 1.154E-20 1.917E-20 2.673E-20 3.223E-20 3.691E-20 3.968E-20 3.931E-20 3.780E-20
 3.265E-20 2.366E-20 1.542E-20 1.441E-20 1.961E-20 2.572E-20 2.860E-20 3.121E-20 3.674E-20 4.240E-20
 4.277E-20 3.804E-20 3.326E-20 3.227E-20 3.429E-20 3.629E-20 3.883E-20 4.017E-20 3.939E-20 3.710E-20
 3.263E-20 2.799E-20 2.565E-20 2.621E-20 2.953E-20 3.366E-20 3.640E-20 4.016E-20 4.656E-20 5.093E-20
 4.864E-20 3.913E-20 2.862E-20 2.203E-20 1.850E-20 1.445E-20 1.176E-20 1.545E-20 2.520E-20 3.498E-20
 3.947E-20 4.291E-20 5.077E-20 6.184E-20 6.739E-20 6.127E-20 4.756E-20 3.360E-20 2.598E-20 2.376E-20
 2.372E-20 2.590E-20 2.994E-20 3.297E-20 3.391E-20 3.519E-20 3.881E-20 4.362E-20 4.631E-20 4.562E-20
 4.207E-20 3.515E-20 2.404E-20 1.258E-20 5.655E-21 6.818E-21 1.359E-20 2.283E-20 3.251E-20 4.104E-20
 4.874E-20 5.385E-20 5.331E-20 4.873E-20 4.382E-20 4.073E-20 3.941E-20 3.722E-20 3.288E-20 2.752E-20
 2.255E-20 1.985E-20 2.029E-20 2.265E-20 2.644E-20 3.192E-20 3.935E-20 4.809E-20 5.500E-20 5.448E-20
 4.634E-20 3.656E-20 3.103E-20 3.171E-20 3.571E-20 3.772E-20 3.590E-20 3.246E-20 3.117E-20 3.495E-20
 4.353E-20 5.483E-20 6.334E-20 6.573E-20 6.228E-20 5.938E-20 5.842E-20 5.479E-20 4.600E-20 3.414E-20
 2.529E-20 2.186E-20 2.268E-20 2.621E-20 3.099E-20 3.621E-20 4.154E-20 4.687E-20 5.120E-20 5.180E-20
 4.797E-20 4.119E-20 3.337E-20 2.524E-20 1.833E-20 1.367E-20 1.038E-20 8.963E-21 1.348E-20 2.648E-20
 3.997E-20 4.373E-20 3.669E-20 2.485E-20 1.654E-20 1.339E-20 1.439E-20 1.679E-20 2.007E-20 2.080E-20
 1.761E-20 1.330E-20 1.153E-20 1.583E-20 2.319E-20 2.909E-20 3.249E-20 3.717E-20 4.494E-20 5.280E-20
 5.597E-20 5.134E-20 4.224E-20 3.500E-20 3.237E-20 3.401E-20 3.657E-20 3.442E-20 2.721E-20 2.071E-20
 1.968E-20 2.374E-20 3.038E-20 3.492E-20 3.700E-20 3.743E-20 3.737E-20 3.599E-20 2.952E-20 1.711E-20
 4.825E-21 0.000E+00 4.156E-21 1.558E-20 2.561E-20 3.147E-20 3.627E-20 4.053E-20 4.282E-20 4.250E-20
 4.117E-20 3.853E-20 3.231E-20 2.328E-20 1.730E-20 1.623E-20 1.815E-20 2.126E-20 2.689E-20 3.391E-20
 3.745E-20 3.708E-20 3.831E-20 4.482E-20 5.322E-20 5.673E-20 5.148E-20 3.875E-20 2.396E-20 1.336E-20
 1.052E-20 1.649E-20 2.558E-20 3.254E-20 3.676E-20 4.002E-20 4.464E-20 5.033E-20 5.217E-20 4.823E-20
 4.036E-20 3.333E-20 3.199E-20 3.304E-20 3.037E-20 2.276E-20 1.782E-20 2.243E-20 3.359E-20 4.105E-20
 4.083E-20 3.661E-20 3.489E-20 3.694E-20 3.823E-20 3.563E-20 2.764E-20 1.593E-20 5.107E-21 0.000E+00
 0.000E+00 0.000E+00 0.000E+00 1.019E-22 4.815E-21 1.761E-20 3.040E-20 3.861E-20 4.259E-20 4.330E-20
 3.987E-20 3.234E-20 2.260E-20 1.490E-20 1.140E-20 9.167E-21 6.700E-21 6.067E-21 8.766E-21 1.444E-20
 2.225E-20 3.129E-20 3.983E-20 4.448E-20 4.185E-20 3.241E-20 2.301E-20 1.733E-20 1.477E-20 1.236E-20
 8.241E-21 3.838E-21 2.563E-21 7.175E-21 1.492E-20 2.047E-20 2.215E-20 2.121E-20 2.120E-20 2.373E-20
 2.614E-20 2.489E-20 1.987E-20 1.371E-20 6.584E-21 1.031E-21 0.000E+00 0.000E+00 8.434E-22 5.894E-21
 1.676E-20 3.073E-20 4.266E-20 4.520E-20 3.998E-20 3.285E-20 2.886E-20 2.652E-20 2.447E-20 2.292E-20
 2.249E-20 2.325E-20 2.504E-20 2.505E-20 2.090E-20 1.430E-20 1.180E-20 1.922E-20 3.004E-20 3.185E-20
 2.401E-20 1.708E-20 1.547E-20 1.600E-20 1.633E-20 1.672E-20 1.727E-20 1.488E-20 9.446E-21 5.432E-21
 6.248E-21 9.261E-21 1.348E-20 1.974E-20 2.479E-20 2.324E-20 1.435E-20 4.937E-21 6.320E-22 0.000E+00
 0.000E+00 0.000E+00 8.484E-22 3.165E-21 6.350E-21 1.188E-20 1.971E-20 2.550E-20 2.657E-20 2.656E-20
 2.950E-20 3.426E-20 3.526E-20 3.072E-20 2.468E-20 1.859E-20 1.237E-20 9.413E-21 1.250E-20 1.946E-20
 2.404E-20 2.542E-20 2.582E-20 2.667E-20 2.717E-20 2.716E-20 2.509E-20 1.959E-20 1.125E-20 3.679E-21
 0.000E+00 0.000E+00 1.011E-21 4.277E-21 9.433E-21 1.515E-20 2.025E-20 2.661E-20 3.317E-20 3.708E-20
 3.734E-20 3.528E-20 3.213E-20 2.699E-20 2.015E-20 1.247E-20 6.826E-21 5.784E-21 7.678E-21 9.615E-21
 1.138E-20 1.234E-20 1.291E-20 1.533E-20 1.997E-20 2.589E-20 2.808E-20 2.530E-20 2.078E-20 1.769E-20
 1.613E-20 1.443E-20 1.195E-20 9.341E-21 7.664E-21 7.503E-21 1.072E-20 1.853E-20 2.733E-20 3.322E-20
 3.256E-20 2.537E-20 1.758E-20 1.271E-20 9.612E-21 4.426E-21 0.000E+00 0.000E+00 0.000E+00 0.000E+00
 1.250E-22 4.076E-21 1.362E-20 2.269E-20 2.692E-20 2.236E-20 1.167E-20 2.426E-21 1.374E-22 8.946E-22
 1.026E-21 0.000E+00 0.000E+00 0.000E+00 2.785E-21 9.419E-21 1.463E-20 1.906E-20 2.542E-20 3.237E-20
 3.688E-20 3.690E-20 3.173E-20 2.431E-20 1.815E-20 1.461E-20 1.366E-20 1.319E-20 1.192E-20 1.289E-20
 1.800E-20 2.688E-20 3.673E-20 4.314E-20 4.541E-20 4.437E-20 3.939E-20 2.680E-20 1.174E-20 3.618E-21
 3.196E-21 5.176E-21 3.215E-21 0.000E+00 0.000E+00 0.000E+00 2.809E-21 9.678E-21 1.691E-20 2.395E-20
 2.777E-20 2.566E-20 1.858E-20 1.123E-20 4.354E-21 0.000E+00 0.000E+00 0.000E+00 0.000E+00 0.000E+00
 0.000E+00 0.000E+00 2.943E-21 1.134E-20 1.991E-20 2.465E-20 2.561E-20 2.330E-20 1.843E-20 1.174E-20
 4.283E-21 0.000E+00 0.000E+00 0.000E+00 0.000E+00 1.664E-21 9.704E-21 2.040E-20 2.425E-20 2.456E-20
 2.640E-20 3.073E-20 3.215E-20 2.535E-20 1.136E-20 1.143E-21 0.000E+00 0.000E+00 0.000E+00 0.000E+00
 2.167E-21 6.639E-21 8.717E-21 1.010E-20 1.404E-20 1.988E-20 2.602E-20 2.895E-20 2.603E-20 1.883E-20
 1.005E-20 5.616E-21 5.684E-21 3.638E-21 2.962E-22 0.000E+00 0.000E+00 4.695E-21 1.699E-20 2.933E-20
 3.704E-20 3.639E-20 2.773E-20 1.640E-20 7.675E-21 4.574E-21 4.948E-21 5.172E-21 3.770E-21 1.296E-21
 0.000E+00 0.000E+00 0.000E+00 4.022E-22 3.569E-21 1.068E-20 1.809E-20 2.112E-20 1.846E-20 1.434E-20
 1.129E-20 1.122E-20 1.291E-20 1.184E-20 9.177E-21 7.821E-21 9.614E-21 1.412E-20 1.861E-20 2.064E-20
 1.948E-20 1.544E-20 1.028E-20 4.810E-21 7.395E-22 0.000E+00 0.000E+00 0.000E+00 0.000E+00 0.000E+00
 0.000E+00 0.000E+00 9.553E-22 4.550E-21 8.619E-21 8.946E-21 6.564E-21 3.795E-21 1.159E-21 0.000E+00
 0.000E+00 0.000E+00 0.000E+00 0.000E+00 0.000E+00 3.733E-21 1.278E-20 1.883E-20 1.948E-20 1.832E-20
 1.843E-20 2.107E-20 2.299E-20 2.313E-20 2.085E-20 1.591E-20 1.012E-20 4.644E-21 9.145E-22 0.000E+00
 0.000E+00 0.000E+00 3.136E-21 1.264E-20 2.296E-20 2.819E-20 2.742E-20 2.121E-20 1.080E-20 1.883E-21
 0.000E+00 0.000E+00 0.000E+00 0.000E+00 0.000E+00 0.000E+00 0.000E+00 0.000E+00
