  CCl2FCH3  709.9833  790.0315      9298    253.00     0.000 4.413E-18  HITRAN   HCFC-141b    air 31
 3.141E-21 6.016E-21 8.538E-21 1.140E-20 1.017E-20 5.927E-21 4.028E-21 9.572E-21 1.956E-20 2.555E-20
 2.292E-20 1.485E-20 7.437E-21 3.690E-21 4.218E-21 7.110E-21 8.744E-21 7.115E-21 5.229E-21 6.024E-21
 6.513E-21 2.830E-21 1.618E-22 0.000E+00 1.959E-21 7.791E-21 1.087E-20 7.685E-21 2.274E-21 0.000E+00
 0.000E+00 0.000E+00 0.000E+00 0.000E+00 2.721E-23 1.518E-21 2.409E-21 1.787E-21 3.164E-21 8.771E-21
 1.657E-20 2.151E-20 2.201E-20 2.047E-20 1.599E-20 5.538E-21 0.000E+00 0.000E+00 0.000E+00 0.000E+00
 0.000E+00 0.000E+00 2.461E-21 4.037E-21 3.282E-21 3.160E-21 3.460E-21 2.432E-21 6.922E-22 1.601E-21
 6.206E-21 9.662E-21 7.375E-21 2.177E-21 0.000E+00 0.000E+00 7.492E-21 1.868E-20 2.564E-20 2.372E-20
 1.504E-20 8.211E-21 7.408E-21 1.182E-20 1.675E-20 1.613E-20 1.008E-20 2.869E-21 0.000E+00 5.639E-22
 4.012E-21 7.183E-21 5.810E-21 1.982E-21 1.115E-21 4.111E-21 6.494E-21 4.097E-21 8.613E-22 0.000E+00
 0.000E+00 0.000E+00 5.588E-22 4.829E-21 7.646E-21 5.124E-21 1.360E-21 0.000E+00 0.000E+00 0.000E+00
 0.000E+00 0.000E+00 0.000E+00 0.000E+00 0.000E+00 0.000E+00 0.000E+00 0.000E+00 0.000E+00 0.000E+00
 0.000E+00 0.000E+00 0.000E+00 4.178E-22 4.035E-21 8.828E-21 1.129E-20 1.123E-20 9.585E-21 9.568E-21
 1.234E-20 1.510E-20 1.572E-20 1.406E-20 1.082E-20 5.129E-21 9.202E-22 0.000E+00 0.000E+00 4.285E-22
 4.592E-21 6.774E-21 2.838E-21 1.462E-22 0.000E+00 0.000E+00 0.000E+00 0.000E+00 0.000E+00 0.000E+00
 0.000E+00 0.000E+00 0.000E+00 0.000E+00 0.000E+00 0.000E+00 0.000E+00 0.000E+00 0.000E+00 0.000E+00
 0.000E+00 0.000E+00 0.000E+00 0.000E+00 0.000E+00 0.000E+00 0.000E+00 0.000E+00 0.000E+00 0.000E+00
 0.000E+00 0.000E+00 0.000E+00 0.000E+00 5.363E-21 1.465E-20 2.027E-20 1.685E-20 7.269E-21 1.172E-21
 4.211E-21 9.316E-21 7.323E-21 1.994E-21 0.000E+00 3.436E-21 1.009E-20 1.336E-20 1.277E-20 9.904E-21
 6.094E-21 1.843E-21 0.000E+00 0.000E+00 0.000E+00 0.000E+00 0.000E+00 1.155E-21 4.780E-21 9.933E-21
 1.282E-20 1.019E-20 3.470E-21 1.404E-22 0.000E+00 0.000E+00 0.000E+00 0.000E+00 0.000E+00 1.091E-21
 8.108E-21 1.276E-20 1.114E-20 7.745E-21 4.927E-21 3.758E-21 4.114E-21 4.642E-21 5.461E-21 7.993E-21
 1.238E-20 1.752E-20 2.047E-20 1.734E-20 9.629E-21 3.638E-21 2.407E-21 2.639E-21 1.741E-21 2.703E-21
 6.193E-21 6.966E-21 2.551E-21 0.000E+00 0.000E+00 0.000E+00 0.000E+00 0.000E+00 0.000E+00 4.979E-21
 1.269E-20 1.734E-20 1.679E-20 1.323E-20 1.055E-20 1.137E-20 1.396E-20 1.344E-20 8.508E-21 3.557E-21
 2.303E-21 2.446E-21 9.554E-22 0.000E+00 0.000E+00 0.000E+00 9.249E-23 6.089E-23 0.000E+00 0.000E+00
 0.000E+00 0.000E+00 0.000E+00 0.000E+00 2.417E-21 6.720E-21 9.038E-21 7.579E-21 3.604E-21 7.035E-22
 0.000E+00 0.000E+00 6.225E-22 2.158E-21 2.608E-21 1.403E-21 2.922E-22 0.000E+00 0.000E+00 3.977E-21
 9.500E-21 9.785E-21 5.351E-21 1.243E-21 0.000E+00 0.000E+00 0.000E+00 0.000E+00 0.000E+00 0.000E+00
 1.814E-21 5.909E-21 8.972E-21 1.037E-20 1.124E-20 1.021E-20 3.985E-21 1.999E-22 0.000E+00 0.000E+00
 5.417E-21 1.477E-20 1.943E-20 1.629E-20 9.246E-21 3.022E-21 1.627E-21 3.722E-21 3.841E-21 1.267E-21
 0.000E+00 5.537E-21 1.593E-20 2.112E-20 1.540E-20 4.503E-21 2.930E-23 0.000E+00 0.000E+00 0.000E+00
 0.000E+00 0.000E+00 0.000E+00 0.000E+00 0.000E+00 0.000E+00 0.000E+00 0.000E+00 0.000E+00 0.000E+00
 0.000E+00 0.000E+00 0.000E+00 0.000E+00 0.000E+00 0.000E+00 0.000E+00 0.000E+00 0.000E+00 0.000E+00
 0.000E+00 0.000E+00 0.000E+00 0.000E+00 0.000E+00 0.000E+00 9.142E-22 2.203E-21 2.428E-21 8.881E-22
 0.000E+00 0.000E+00 0.000E+00 0.000E+00 0.000E+00 0.000E+00 3.679E-24 1.689E-21 1.815E-21 4.731E-22
 0.000E+00 0.000E+00 0.000E+00 0.000E+00 0.000E+00 0.000E+00 1.516E-21 2.551E-21 2.228E-21 2.311E-21
 4.404E-21 7.012E-21 6.048E-21 1.885E-21 0.000E+00 0.000E+00 0.000E+00 0.000E+00 0.000E+00 0.000E+00
 2.234E-21 5.275E-21 3.435E-21 6.304E-22 0.000E+00 0.000E+00 0.000E+00 0.000E+00 0.000E+00 0.000E+00
 0.000E+00 0.000E+00 0.000E+00 0.000E+00 0.000E+00 0.000E+00 0.000E+00 0.000E+00 0.000E+00 0.000E+00
 0.000E+00 0.000E+00 0.000E+00 0.000E+00 0.000E+00 3.726E-21 7.238E-21 5.765E-21 1.682E-21 0.000E+00
 0.000E+00 0.000E+00 0.000E+00 2.389E-21 7.858E-21 1.450E-20 1.681E-20 1.201E-20 3.725E-21 1.420E-22
 0.000E+00 0.000E+00 1.812E-21 8.635E-21 1.708E-20 2.195E-20 2.157E-20 1.883E-20 1.577E-20 1.427E-20
 1.421E-20 1.517E-20 1.518E-20 1.276E-20 9.565E-21 7.763E-21 7.283E-21 7.422E-21 8.121E-21 9.712E-21
 1.162E-20 9.198E-21 2.769E-21 0.000E+00 0.000E+00 0.000E+00 0.000E+00 0.000E+00 0.000E+00 0.000E+00
 3.883E-21 9.325E-21 1.152E-20 1.124E-20 1.128E-20 1.256E-20 1.092E-20 4.428E-21 5.008E-22 0.000E+00
 0.000E+00 0.000E+00 0.000E+00 0.000E+00 0.000E+00 0.000E+00 4.332E-21 1.057E-20 1.336E-20 1.187E-20
 7.812E-21 2.277E-21 0.000E+00 0.000E+00 0.000E+00 0.000E+00 0.000E+00 0.000E+00 0.000E+00 0.000E+00
 0.000E+00 0.000E+00 0.000E+00 0.000E+00 1.753E-21 8.024E-21 1.264E-20 1.166E-20 9.950E-21 7.770E-21
 4.109E-21 9.644E-22 0.000E+00 0.000E+00 2.909E-21 1.050E-20 1.650E-20 1.452E-20 6.305E-21 9.828E-22
 0.000E+00 0.000E+00 0.000E+00 0.000E+00 0.000E+00 0.000E+00 0.000E+00 0.000E+00 0.000E+00 2.031E-21
 5.496E-21 7.039E-21 6.361E-21 4.558E-21 1.598E-21 1.136E-22 0.000E+00 2.109E-21 4.876E-21 5.634E-21
 6.003E-21 9.769E-21 1.768E-20 2.729E-20 3.687E-20 4.172E-20 3.757E-20 2.627E-20 1.492E-20 9.094E-21
 7.136E-21 3.239E-21 4.425E-22 0.000E+00 3.014E-22 5.149E-21 1.083E-20 1.482E-20 1.776E-20 1.854E-20
 1.707E-20 1.358E-20 7.823E-21 2.230E-21 1.425E-22 7.888E-22 5.804E-21 1.195E-20 1.482E-20 1.416E-20
 1.285E-20 1.126E-20 8.279E-21 4.015E-21 8.492E-22 0.000E+00 1.824E-21 6.604E-21 1.477E-20 2.157E-20
 2.073E-20 1.215E-20 2.985E-21 0.000E+00 0.000E+00 0.000E+00 0.000E+00 1.200E-21 9.253E-21 1.549E-20
 1.173E-20 3.269E-21 0.000E+00 0.000E+00 0.000E+00 0.000E+00 4.509E-21 1.148E-20 1.356E-20 8.292E-21
 1.978E-21 0.000E+00 0.000E+00 0.000E+00 1.825E-21 4.755E-21 2.432E-21 1.665E-22 0.000E+00 6.665E-22
 1.008E-21 3.600E-22 0.000E+00 2.410E-21 5.423E-21 4.321E-21 1.151E-21 2.718E-21 1.187E-20 2.256E-20
 2.533E-20 2.051E-20 1.425E-20 7.254E-21 1.635E-21 0.000E+00 0.000E+00 0.000E+00 0.000E+00 1.899E-21
 3.859E-21 3.969E-21 2.972E-21 9.220E-22 0.000E+00 0.000E+00 0.000E+00 0.000E+00 0.000E+00 0.000E+00
 0.000E+00 0.000E+00 0.000E+00 1.665E-21 4.064E-21 7.132E-21 8.272E-21 3.374E-21 2.260E-22 0.000E+00
 0.000E+00 0.000E+00 0.000E+00 4.819E-21 9.734E-21 8.665E-21 5.463E-21 5.222E-21 7.961E-21 1.123E-20
 1.301E-20 1.430E-20 1.652E-20 1.608E-20 1.030E-20 3.078E-21 1.782E-21 7.238E-21 1.477E-20 2.034E-20
 2.185E-20 2.022E-20 1.545E-20 8.824E-21 2.875E-21 3.360E-22 0.000E+00 0.000E+00 0.000E+00 0.000E+00
 0.000E+00 0.000E+00 3.552E-21 3.122E-21 6.315E-22 0.000E+00 0.000E+00 0.000E+00 0.000E+00 1.982E-21
 6.508E-21 7.746E-21 6.773E-21 8.378E-21 1.288E-20 1.677E-20 1.471E-20 8.694E-21 3.952E-21 9.421E-22
 0.000E+00 0.000E+00 0.000E+00 0.000E+00 3.382E-21 9.634E-21 1.554E-20 1.785E-20 1.505E-20 1.185E-20
 1.298E-20 1.778E-20 2.034E-20 1.719E-20 1.369E-20 1.351E-20 1.408E-20 1.233E-20 1.077E-20 1.302E-20
 1.931E-20 2.409E-20 2.362E-20 1.837E-20 1.066E-20 3.258E-21 1.151E-21 6.376E-21 1.232E-20 1.231E-20
 5.025E-21 5.475E-22 0.000E+00 0.000E+00 0.000E+00 0.000E+00 0.000E+00 0.000E+00 0.000E+00 0.000E+00
 0.000E+00 0.000E+00 1.703E-21 4.703E-21 4.578E-21 1.378E-21 0.000E+00 8.384E-22 1.936E-21 8.101E-22
 0.000E+00 0.000E+00 0.000E+00 0.000E+00 0.000E+00 0.000E+00 0.000E+00 0.000E+00 0.000E+00 0.000E+00
 4.234E-21 6.951E-21 3.625E-21 5.964E-22 0.000E+00 1.540E-21 5.319E-21 8.743E-21 1.063E-20 1.136E-20
 1.123E-20 1.136E-20 1.072E-20 7.762E-21 4.748E-21 4.229E-21 5.075E-21 5.554E-21 4.009E-21 3.484E-21
 6.720E-21 1.073E-20 1.287E-20 1.252E-20 1.081E-20 7.771E-21 2.809E-21 2.852E-22 0.000E+00 0.000E+00
 0.000E+00 0.000E+00 0.000E+00 0.000E+00 0.000E+00 0.000E+00 4.287E-21 8.952E-21 1.082E-20 1.112E-20
 7.666E-21 2.033E-21 0.000E+00 0.000E+00 0.000E+00 0.000E+00 0.000E+00 0.000E+00 0.000E+00 1.414E-21
 5.055E-21 8.055E-21 1.079E-20 1.429E-20 1.833E-20 2.133E-20 2.083E-20 1.710E-20 1.154E-20 7.368E-21
 6.171E-21 8.048E-21 1.202E-20 1.898E-20 2.701E-20 3.159E-20 3.065E-20 2.566E-20 2.023E-20 1.874E-20
 2.095E-20 2.141E-20 1.937E-20 1.727E-20 1.704E-20 1.883E-20 1.945E-20 1.843E-20 1.746E-20 1.478E-20
 8.122E-21 1.826E-21 0.000E+00 5.653E-21 1.420E-20 1.869E-20 1.988E-20 1.898E-20 1.583E-20 9.893E-21
 5.049E-21 4.823E-21 9.184E-21 1.499E-20 1.905E-20 2.144E-20 2.180E-20 1.858E-20 1.210E-20 7.057E-21
 6.431E-21 8.379E-21 9.365E-21 8.494E-21 9.540E-21 1.379E-20 1.764E-20 1.885E-20 1.755E-20 1.556E-20
 1.323E-20 1.121E-20 1.274E-20 1.933E-20 2.697E-20 3.064E-20 2.786E-20 2.265E-20 1.756E-20 1.069E-20
 2.739E-21 0.000E+00 0.000E+00 2.394E-21 4.757E-21 3.105E-21 6.649E-22 0.000E+00 0.000E+00 0.000E+00
 3.149E-21 1.531E-20 2.807E-20 3.330E-20 3.282E-20 2.850E-20 2.187E-20 1.701E-20 1.769E-20 2.490E-20
 3.044E-20 2.481E-20 1.267E-20 4.876E-21 3.296E-21 1.200E-21 2.660E-23 0.000E+00 0.000E+00 0.000E+00
 5.846E-22 2.375E-21 4.265E-21 6.106E-21 6.237E-21 5.048E-21 2.946E-21 1.591E-21 4.494E-22 0.000E+00
 0.000E+00 0.000E+00 0.000E+00 1.825E-21 5.755E-21 9.678E-21 1.197E-20 1.169E-20 8.033E-21 4.134E-21
 2.369E-21 3.640E-21 6.171E-21 8.424E-21 1.184E-20 1.752E-20 2.103E-20 1.944E-20 1.645E-20 1.720E-20
 2.067E-20 2.252E-20 2.127E-20 1.820E-20 1.329E-20 6.911E-21 1.561E-21 0.000E+00 4.340E-22 3.900E-21
 9.252E-21 1.464E-20 1.915E-20 2.012E-20 1.823E-20 1.736E-20 1.533E-20 1.167E-20 9.054E-21 9.746E-21
 1.206E-20 1.233E-20 9.310E-21 5.847E-21 3.636E-21 2.617E-21 8.032E-22 0.000E+00 0.000E+00 0.000E+00
 0.000E+00 3.188E-21 1.328E-20 2.408E-20 2.861E-20 2.461E-20 1.662E-20 1.028E-20 6.760E-21 7.024E-21
 9.519E-21 1.383E-20 1.844E-20 1.984E-20 1.683E-20 1.080E-20 6.712E-21 6.660E-21 9.531E-21 1.072E-20
 1.056E-20 8.764E-21 5.915E-21 4.442E-21 5.843E-21 8.792E-21 1.254E-20 1.475E-20 1.636E-20 1.879E-20
 2.128E-20 2.250E-20 2.031E-20 1.430E-20 7.226E-21 2.363E-21 1.508E-21 3.713E-21 6.483E-21 8.724E-21
 1.051E-20 1.191E-20 1.264E-20 1.250E-20 1.057E-20 6.471E-21 3.029E-21 2.770E-21 5.540E-21 8.745E-21
 8.232E-21 4.486E-21 2.939E-21 4.585E-21 8.372E-21 1.214E-20 1.313E-20 1.188E-20 1.143E-20 1.169E-20
 9.734E-21 4.274E-21 6.877E-22 0.000E+00 0.000E+00 3.150E-21 6.508E-21 8.162E-21 9.401E-21 9.166E-21
 8.013E-21 8.328E-21 1.064E-20 1.288E-20 1.079E-20 5.458E-21 1.150E-21 0.000E+00 0.000E+00 4.723E-21
 8.762E-21 6.820E-21 1.787E-21 0.000E+00 0.000E+00 0.000E+00 0.000E+00 0.000E+00 7.415E-21 2.203E-20
 3.374E-20 3.742E-20 3.337E-20 2.448E-20 1.589E-20 1.189E-20 1.029E-20 7.520E-21 2.540E-21 2.216E-22
 0.000E+00 0.000E+00 0.000E+00 0.000E+00 0.000E+00 0.000E+00 0.000E+00 0.000E+00 0.000E+00 0.000E+00
 0.000E+00 0.000E+00 0.000E+00 0.000E+00 0.000E+00 0.000E+00 0.000E+00 3.557E-22 5.830E-22 2.043E-21
 3.275E-21 4.262E-21 3.453E-21 9.381E-22 0.000E+00 6.301E-22 5.151E-21 1.001E-20 1.153E-20 1.255E-20
 1.504E-20 1.745E-20 1.718E-20 1.447E-20 1.389E-20 1.558E-20 1.565E-20 1.483E-20 1.683E-20 2.181E-20
 2.564E-20 2.517E-20 2.299E-20 2.262E-20 2.318E-20 2.109E-20 1.593E-20 1.159E-20 9.159E-21 9.676E-21
 1.287E-20 1.673E-20 2.088E-20 2.199E-20 1.923E-20 1.348E-20 5.917E-21 1.073E-21 0.000E+00 0.000E+00
 0.000E+00 0.000E+00 0.000E+00 9.415E-22 4.424E-22 0.000E+00 2.068E-21 6.919E-21 8.812E-21 7.569E-21
 7.938E-21 9.468E-21 8.435E-21 5.718E-21 5.459E-21 8.967E-21 1.321E-20 1.568E-20 1.655E-20 1.883E-20
 2.035E-20 2.014E-20 2.137E-20 2.473E-20 2.655E-20 2.246E-20 1.633E-20 1.550E-20 2.131E-20 2.622E-20
 2.603E-20 2.485E-20 2.430E-20 2.141E-20 1.391E-20 3.894E-21 1.866E-22 5.792E-22 4.296E-21 9.124E-21
 1.366E-20 1.873E-20 2.069E-20 1.811E-20 1.122E-20 4.079E-21 6.264E-22 0.000E+00 0.000E+00 0.000E+00
 0.000E+00 0.000E+00 4.083E-21 1.132E-20 1.519E-20 1.141E-20 2.953E-21 0.000E+00 0.000E+00 0.000E+00
 0.000E+00 0.000E+00 0.000E+00 0.000E+00 0.000E+00 0.000E+00 0.000E+00 0.000E+00 1.287E-21 5.466E-21
 8.837E-21 1.014E-20 7.954E-21 4.913E-21 5.657E-21 9.442E-21 1.256E-20 1.169E-20 7.285E-21 1.760E-21
 0.000E+00 1.078E-21 6.082E-21 1.346E-20 2.212E-20 2.957E-20 3.206E-20 2.732E-20 1.945E-20 1.509E-20
 1.704E-20 2.376E-20 2.847E-20 2.582E-20 1.726E-20 9.097E-21 8.766E-21 1.550E-20 2.243E-20 2.369E-20
 1.750E-20 8.793E-21 2.210E-21 1.472E-22 7.050E-22 3.174E-22 0.000E+00 8.124E-23 5.662E-21 1.472E-20
 1.995E-20 1.802E-20 1.278E-20 8.711E-21 5.113E-21 1.228E-21 0.000E+00 2.607E-22 6.837E-21 1.457E-20
 1.857E-20 2.015E-20 2.110E-20 1.845E-20 1.209E-20 5.721E-21 4.675E-21 7.940E-21 1.120E-20 1.121E-20
 4.628E-21 5.745E-22 0.000E+00 0.000E+00 0.000E+00 8.714E-21 1.506E-20 1.533E-20 1.640E-20 2.020E-20
 2.204E-20 1.824E-20 1.304E-20 1.277E-20 1.884E-20 2.725E-20 2.972E-20 2.139E-20 6.463E-21 4.522E-22
 0.000E+00 9.100E-21 2.140E-20 2.835E-20 2.976E-20 2.612E-20 2.158E-20 1.788E-20 1.344E-20 6.630E-21
 1.310E-21 1.461E-21 9.158E-21 1.687E-20 1.545E-20 7.301E-21 2.622E-21 4.864E-21 1.110E-20 1.735E-20
 2.079E-20 2.055E-20 1.628E-20 1.056E-20 9.477E-21 1.267E-20 1.709E-20 1.933E-20 1.969E-20 1.873E-20
 1.731E-20 1.464E-20 1.241E-20 1.115E-20 1.114E-20 1.381E-20 1.648E-20 1.591E-20 1.567E-20 1.986E-20
 2.619E-20 2.974E-20 2.635E-20 1.497E-20 3.267E-21 0.000E+00 0.000E+00 2.053E-21 1.149E-20 1.848E-20
 1.893E-20 1.717E-20 1.621E-20 1.886E-20 2.577E-20 3.216E-20 3.356E-20 2.900E-20 2.168E-20 1.556E-20
 9.781E-21 2.406E-21 0.000E+00 0.000E+00 0.000E+00 8.637E-22 2.595E-21 2.921E-21 2.865E-21 3.657E-21
 6.152E-21 8.837E-21 1.118E-20 1.168E-20 9.423E-21 6.071E-21 3.865E-21 4.284E-21 8.162E-21 1.242E-20
 1.360E-20 1.076E-20 5.727E-21 1.225E-21 0.000E+00 0.000E+00 0.000E+00 3.991E-21 1.099E-20 1.662E-20
 1.752E-20 1.583E-20 1.485E-20 1.430E-20 1.346E-20 1.167E-20 6.738E-21 3.202E-21 5.658E-21 1.260E-20
 1.822E-20 2.156E-20 2.489E-20 2.509E-20 1.802E-20 7.559E-21 2.894E-21 6.847E-21 1.324E-20 1.395E-20
 8.507E-21 1.903E-21 0.000E+00 0.000E+00 0.000E+00 0.000E+00 2.797E-21 3.603E-21 1.539E-21 1.806E-21
 7.956E-21 1.553E-20 1.860E-20 1.552E-20 9.300E-21 4.206E-21 2.402E-21 1.473E-21 1.280E-21 3.907E-22
 0.000E+00 0.000E+00 0.000E+00 0.000E+00 4.734E-21 1.540E-20 2.637E-20 3.413E-20 3.732E-20 3.575E-20
 2.872E-20 1.562E-20 3.298E-21 0.000E+00 0.000E+00 2.593E-21 1.207E-20 2.095E-20 2.563E-20 2.551E-20
 2.004E-20 1.423E-20 1.393E-20 1.891E-20 2.457E-20 2.729E-20 2.659E-20 2.406E-20 1.865E-20 1.120E-20
 6.611E-21 1.038E-20 2.061E-20 2.890E-20 3.009E-20 2.563E-20 2.087E-20 1.978E-20 1.865E-20 1.614E-20
 1.082E-20 5.643E-21 2.791E-21 2.001E-21 5.961E-22 1.463E-23 0.000E+00 0.000E+00 0.000E+00 0.000E+00
 0.000E+00 0.000E+00 0.000E+00 0.000E+00 0.000E+00 1.076E-21 6.382E-21 9.152E-21 8.646E-21 8.127E-21
 8.092E-21 7.175E-21 6.324E-21 7.785E-21 1.130E-20 1.402E-20 1.662E-20 1.993E-20 2.153E-20 1.892E-20
 1.398E-20 1.433E-20 1.715E-20 1.683E-20 1.072E-20 5.419E-21 4.737E-21 5.148E-21 3.786E-21 3.426E-21
 6.592E-21 1.243E-20 1.613E-20 1.993E-20 2.455E-20 2.517E-20 2.365E-20 2.447E-20 2.626E-20 2.216E-20
 9.464E-21 1.463E-21 0.000E+00 6.202E-21 1.664E-20 2.194E-20 2.097E-20 1.823E-20 1.610E-20 1.412E-20
 9.905E-21 2.732E-21 1.270E-22 3.138E-22 5.972E-21 9.285E-21 4.958E-21 8.713E-22 4.207E-21 1.272E-20
 1.892E-20 2.043E-20 1.954E-20 1.438E-20 5.474E-21 7.648E-22 0.000E+00 1.049E-22 5.190E-21 1.118E-20
 1.603E-20 1.781E-20 1.667E-20 1.786E-20 2.376E-20 3.180E-20 3.860E-20 4.477E-20 4.940E-20 4.920E-20
 4.250E-20 3.189E-20 2.188E-20 1.752E-20 1.662E-20 1.819E-20 2.265E-20 2.769E-20 3.153E-20 3.558E-20
 3.786E-20 3.599E-20 2.988E-20 2.469E-20 2.293E-20 1.948E-20 1.276E-20 8.861E-21 1.040E-20 1.529E-20
 2.132E-20 2.590E-20 2.889E-20 2.745E-20 2.270E-20 1.717E-20 1.268E-20 8.245E-21 5.074E-21 6.666E-21
 1.082E-20 1.102E-20 4.404E-21 5.571E-22 0.000E+00 0.000E+00 0.000E+00 3.358E-22 4.054E-21 9.347E-21
 1.438E-20 1.756E-20 2.111E-20 2.628E-20 3.102E-20 3.105E-20 2.510E-20 1.348E-20 2.732E-21 0.000E+00
 0.000E+00 0.000E+00 7.375E-21 1.629E-20 1.881E-20 1.702E-20 1.840E-20 2.330E-20 2.548E-20 2.198E-20
 1.811E-20 1.885E-20 2.420E-20 2.941E-20 3.093E-20 3.066E-20 2.642E-20 1.858E-20 1.173E-20 7.494E-21
 4.252E-21 4.178E-21 8.052E-21 1.074E-20 7.300E-21 1.600E-21 0.000E+00 0.000E+00 0.000E+00 0.000E+00
 0.000E+00 0.000E+00 0.000E+00 0.000E+00 0.000E+00 2.949E-21 1.381E-20 2.486E-20 3.063E-20 3.083E-20
 2.737E-20 2.269E-20 1.858E-20 1.659E-20 1.554E-20 1.168E-20 5.926E-21 6.520E-21 1.523E-20 2.781E-20
 3.604E-20 3.461E-20 2.428E-20 1.254E-20 6.674E-21 9.701E-21 1.576E-20 2.025E-20 2.265E-20 2.131E-20
 1.905E-20 1.999E-20 2.264E-20 2.313E-20 2.108E-20 2.079E-20 2.511E-20 2.934E-20 2.925E-20 2.473E-20
 2.215E-20 2.231E-20 2.438E-20 2.407E-20 2.293E-20 2.250E-20 2.255E-20 2.354E-20 2.422E-20 2.135E-20
 1.328E-20 5.887E-21 5.918E-21 1.432E-20 2.404E-20 2.865E-20 2.958E-20 2.690E-20 2.238E-20 1.855E-20
 1.651E-20 1.593E-20 1.415E-20 1.188E-20 1.143E-20 1.359E-20 1.720E-20 1.990E-20 1.787E-20 1.067E-20
 3.920E-21 4.519E-21 1.311E-20 2.055E-20 1.904E-20 9.408E-21 1.694E-21 0.000E+00 6.841E-23 4.444E-21
 1.107E-20 1.750E-20 2.509E-20 3.158E-20 3.592E-20 3.474E-20 3.067E-20 2.694E-20 2.212E-20 1.725E-20
 1.960E-20 2.999E-20 4.143E-20 4.547E-20 3.960E-20 2.754E-20 1.449E-20 5.099E-21 1.413E-21 5.251E-21
 1.469E-20 2.192E-20 2.438E-20 2.283E-20 1.926E-20 1.739E-20 1.912E-20 2.261E-20 2.591E-20 2.705E-20
 2.647E-20 2.469E-20 2.103E-20 1.450E-20 7.204E-21 1.400E-21 0.000E+00 2.448E-21 9.385E-21 1.482E-20
 1.236E-20 5.285E-21 8.493E-22 2.577E-21 1.087E-20 1.833E-20 2.146E-20 2.257E-20 2.374E-20 2.365E-20
 2.455E-20 2.723E-20 2.976E-20 3.003E-20 2.581E-20 2.042E-20 1.785E-20 1.740E-20 1.475E-20 8.932E-21
 5.778E-21 6.967E-21 1.197E-20 1.754E-20 1.982E-20 1.696E-20 1.277E-20 1.054E-20 1.099E-20 1.232E-20
 1.315E-20 1.294E-20 1.187E-20 1.172E-20 1.266E-20 1.423E-20 1.677E-20 1.703E-20 1.525E-20 1.334E-20
 1.316E-20 1.552E-20 1.865E-20 2.207E-20 2.388E-20 2.450E-20 2.439E-20 2.465E-20 2.639E-20 2.757E-20
 2.580E-20 2.540E-20 2.964E-20 3.477E-20 3.367E-20 2.661E-20 2.040E-20 2.139E-20 2.390E-20 2.157E-20
 1.534E-20 8.758E-21 8.243E-21 1.535E-20 2.592E-20 3.659E-20 4.208E-20 4.046E-20 3.381E-20 2.664E-20
 2.083E-20 1.646E-20 1.538E-20 1.654E-20 1.865E-20 2.222E-20 2.453E-20 2.527E-20 2.173E-20 1.573E-20
 1.277E-20 1.264E-20 1.403E-20 1.614E-20 1.843E-20 1.995E-20 1.965E-20 2.097E-20 2.556E-20 3.213E-20
 3.640E-20 3.983E-20 4.447E-20 4.917E-20 4.983E-20 4.536E-20 3.747E-20 3.049E-20 2.599E-20 2.462E-20
 2.601E-20 2.606E-20 2.291E-20 1.971E-20 2.063E-20 2.428E-20 2.545E-20 2.261E-20 1.710E-20 1.617E-20
 2.098E-20 2.840E-20 3.363E-20 3.569E-20 3.517E-20 3.161E-20 2.413E-20 1.433E-20 7.871E-21 8.915E-21
 1.607E-20 2.220E-20 2.503E-20 2.907E-20 3.224E-20 3.101E-20 2.699E-20 2.529E-20 2.893E-20 3.505E-20
 4.072E-20 4.137E-20 3.597E-20 2.621E-20 1.763E-20 1.255E-20 9.421E-21 6.204E-21 6.480E-21 1.057E-20
 1.678E-20 2.285E-20 2.883E-20 3.702E-20 4.558E-20 4.926E-20 4.641E-20 3.861E-20 3.065E-20 2.693E-20
 2.692E-20 2.855E-20 2.605E-20 1.744E-20 6.801E-21 1.026E-21 0.000E+00 1.538E-21 1.002E-20 1.811E-20
 1.997E-20 1.755E-20 1.552E-20 1.782E-20 2.314E-20 2.703E-20 2.820E-20 2.696E-20 2.331E-20 2.003E-20
 1.924E-20 1.869E-20 1.580E-20 1.398E-20 1.620E-20 2.202E-20 2.669E-20 2.931E-20 3.057E-20 3.146E-20
 3.154E-20 3.122E-20 2.979E-20 2.655E-20 1.964E-20 1.292E-20 1.288E-20 1.974E-20 2.715E-20 3.150E-20
 3.298E-20 3.243E-20 3.060E-20 2.739E-20 2.506E-20 2.325E-20 2.265E-20 2.198E-20 2.257E-20 2.552E-20
 2.924E-20 3.251E-20 3.439E-20 3.276E-20 2.724E-20 2.335E-20 2.337E-20 2.305E-20 1.613E-20 6.518E-21
 1.187E-21 1.833E-21 4.627E-21 7.443E-21 1.003E-20 1.013E-20 8.757E-21 7.827E-21 1.013E-20 1.258E-20
 7.798E-21 1.488E-21 0.000E+00 0.000E+00 0.000E+00 0.000E+00 0.000E+00 0.000E+00 0.000E+00 0.000E+00
 0.000E+00 6.424E-21 1.675E-20 2.334E-20 2.176E-20 1.518E-20 1.206E-20 1.426E-20 1.764E-20 1.598E-20
 9.035E-21 1.785E-21 2.379E-21 1.239E-20 2.659E-20 3.808E-20 4.079E-20 3.630E-20 3.006E-20 2.416E-20
 2.043E-20 1.890E-20 2.073E-20 2.408E-20 2.730E-20 2.803E-20 2.626E-20 2.506E-20 2.271E-20 2.181E-20
 2.434E-20 2.762E-20 2.794E-20 2.607E-20 2.462E-20 2.334E-20 2.352E-20 2.013E-20 1.429E-20 9.587E-21
 4.343E-21 1.205E-21 2.752E-21 7.133E-21 1.239E-20 1.743E-20 2.119E-20 2.314E-20 2.181E-20 2.047E-20
 2.382E-20 2.931E-20 3.356E-20 3.448E-20 3.264E-20 3.255E-20 3.155E-20 2.789E-20 2.464E-20 2.485E-20
 2.465E-20 2.124E-20 1.610E-20 1.469E-20 1.715E-20 2.063E-20 2.163E-20 1.961E-20 2.006E-20 2.572E-20
 3.155E-20 3.359E-20 3.056E-20 2.435E-20 1.962E-20 1.714E-20 1.735E-20 1.709E-20 1.534E-20 1.334E-20
 1.490E-20 2.379E-20 3.561E-20 4.226E-20 4.203E-20 3.949E-20 3.931E-20 3.929E-20 3.469E-20 2.770E-20
 2.420E-20 2.820E-20 3.411E-20 3.559E-20 3.146E-20 2.842E-20 3.014E-20 3.664E-20 4.190E-20 3.977E-20
 3.378E-20 3.000E-20 3.023E-20 2.984E-20 2.524E-20 1.641E-20 6.904E-21 1.308E-21 5.005E-21 1.525E-20
 2.385E-20 2.708E-20 2.557E-20 2.413E-20 2.315E-20 1.985E-20 1.157E-20 4.350E-21 3.146E-21 8.005E-21
 1.781E-20 2.668E-20 2.912E-20 2.549E-20 2.266E-20 2.470E-20 2.913E-20 2.882E-20 2.405E-20 2.010E-20
 2.068E-20 2.439E-20 2.547E-20 2.534E-20 2.664E-20 2.532E-20 1.987E-20 1.182E-20 8.528E-21 1.390E-20
 2.254E-20 2.764E-20 2.916E-20 3.053E-20 3.239E-20 3.433E-20 3.331E-20 3.101E-20 2.971E-20 2.905E-20
 2.800E-20 2.584E-20 2.182E-20 1.752E-20 1.438E-20 1.353E-20 1.689E-20 2.244E-20 2.544E-20 2.369E-20
 2.185E-20 2.068E-20 1.806E-20 1.333E-20 9.389E-21 8.641E-21 1.206E-20 1.676E-20 2.226E-20 2.878E-20
 3.305E-20 3.359E-20 2.851E-20 1.946E-20 1.163E-20 1.009E-20 1.581E-20 2.297E-20 2.524E-20 1.961E-20
 1.367E-20 1.178E-20 1.670E-20 2.494E-20 3.050E-20 3.347E-20 3.577E-20 3.850E-20 3.669E-20 2.670E-20
 1.554E-20 9.102E-21 1.181E-20 2.028E-20 2.875E-20 3.316E-20 3.321E-20 3.107E-20 2.662E-20 2.157E-20
 1.702E-20 1.420E-20 1.347E-20 1.562E-20 2.068E-20 2.876E-20 3.786E-20 4.503E-20 4.599E-20 3.948E-20
 2.830E-20 1.719E-20 1.348E-20 1.771E-20 2.595E-20 3.624E-20 4.576E-20 5.009E-20 4.762E-20 3.992E-20
 2.798E-20 1.605E-20 1.227E-20 1.442E-20 1.944E-20 2.170E-20 2.019E-20 1.891E-20 2.152E-20 2.531E-20
 2.893E-20 3.317E-20 3.668E-20 3.986E-20 4.343E-20 4.836E-20 5.278E-20 5.345E-20 5.141E-20 4.807E-20
 4.484E-20 4.319E-20 4.424E-20 4.735E-20 5.093E-20 5.128E-20 4.661E-20 4.073E-20 3.710E-20 3.649E-20
 3.989E-20 4.827E-20 5.812E-20 6.280E-20 5.767E-20 4.630E-20 3.783E-20 3.651E-20 3.862E-20 3.867E-20
 3.732E-20 3.584E-20 3.695E-20 3.514E-20 2.781E-20 1.930E-20 1.525E-20 2.041E-20 2.714E-20 2.843E-20
 2.620E-20 2.459E-20 2.687E-20 3.226E-20 3.488E-20 3.199E-20 2.636E-20 2.223E-20 2.265E-20 2.855E-20
 3.431E-20 3.623E-20 3.211E-20 2.372E-20 1.693E-20 1.461E-20 1.471E-20 1.621E-20 1.639E-20 1.638E-20
 2.255E-20 3.134E-20 3.754E-20 3.686E-20 3.161E-20 2.867E-20 3.122E-20 3.971E-20 4.856E-20 5.185E-20
 4.970E-20 4.217E-20 3.376E-20 2.833E-20 2.695E-20 2.821E-20 3.025E-20 3.063E-20 2.689E-20 2.124E-20
 1.765E-20 1.981E-20 2.676E-20 3.276E-20 3.569E-20 3.689E-20 3.356E-20 2.726E-20 2.058E-20 1.931E-20
 2.191E-20 2.256E-20 2.009E-20 1.916E-20 2.333E-20 3.035E-20 3.453E-20 3.148E-20 2.366E-20 1.905E-20
 2.332E-20 3.291E-20 3.862E-20 3.642E-20 3.330E-20 3.258E-20 3.380E-20 3.321E-20 2.910E-20 2.450E-20
 2.392E-20 3.024E-20 3.899E-20 4.507E-20 4.466E-20 4.026E-20 3.797E-20 3.808E-20 3.749E-20 3.270E-20
 2.452E-20 1.970E-20 2.126E-20 2.758E-20 3.400E-20 3.575E-20 2.963E-20 1.910E-20 1.056E-20 1.008E-20
 1.838E-20 2.849E-20 3.403E-20 3.465E-20 3.334E-20 3.277E-20 3.180E-20 2.869E-20 2.586E-20 2.619E-20
 3.108E-20 3.623E-20 4.028E-20 4.123E-20 4.090E-20 3.895E-20 3.361E-20 2.849E-20 2.521E-20 2.440E-20
 2.206E-20 2.123E-20 2.319E-20 2.921E-20 3.852E-20 4.534E-20 4.839E-20 4.535E-20 3.892E-20 3.371E-20
 3.202E-20 3.207E-20 3.178E-20 3.162E-20 3.148E-20 3.254E-20 3.251E-20 3.263E-20 3.350E-20 3.358E-20
 3.349E-20 3.052E-20 2.622E-20 2.398E-20 2.197E-20 1.998E-20 2.034E-20 2.359E-20 2.875E-20 3.223E-20
 3.171E-20 2.800E-20 2.217E-20 1.863E-20 1.855E-20 2.049E-20 2.301E-20 2.837E-20 3.576E-20 4.180E-20
 4.253E-20 3.853E-20 3.106E-20 2.185E-20 1.320E-20 6.907E-21 8.232E-21 1.701E-20 2.998E-20 4.158E-20
 4.798E-20 4.922E-20 4.610E-20 3.996E-20 3.098E-20 2.375E-20 2.102E-20 2.130E-20 2.431E-20 2.918E-20
 3.043E-20 2.882E-20 2.462E-20 2.612E-20 3.843E-20 5.448E-20 6.108E-20 5.396E-20 4.007E-20 2.954E-20
 2.416E-20 1.878E-20 1.538E-20 1.653E-20 2.210E-20 2.740E-20 2.945E-20 3.042E-20 3.349E-20 3.685E-20
 4.124E-20 4.580E-20 5.013E-20 5.034E-20 4.462E-20 4.023E-20 4.242E-20 4.919E-20 5.358E-20 5.211E-20
 4.746E-20 4.247E-20 3.666E-20 3.159E-20 2.987E-20 2.972E-20 2.800E-20 2.518E-20 2.549E-20 2.896E-20
 3.257E-20 3.193E-20 2.397E-20 1.195E-20 1.972E-21 2.073E-23 4.235E-21 1.318E-20 1.889E-20 2.157E-20
 2.645E-20 3.633E-20 4.578E-20 4.747E-20 4.049E-20 2.973E-20 2.303E-20 2.299E-20 2.585E-20 3.086E-20
 3.569E-20 4.077E-20 4.528E-20 4.630E-20 4.175E-20 3.929E-20 4.073E-20 4.357E-20 4.649E-20 4.583E-20
 4.146E-20 3.642E-20 3.241E-20 3.167E-20 3.398E-20 3.882E-20 4.426E-20 4.942E-20 5.272E-20 5.229E-20
 4.870E-20 4.204E-20 3.707E-20 3.736E-20 4.362E-20 5.122E-20 5.229E-20 4.822E-20 4.398E-20 4.359E-20
 4.436E-20 4.307E-20 4.140E-20 4.029E-20 3.518E-20 2.675E-20 2.009E-20 2.306E-20 3.203E-20 3.683E-20
 3.535E-20 3.273E-20 3.331E-20 3.316E-20 3.323E-20 3.487E-20 4.062E-20 4.363E-20 4.151E-20 3.760E-20
 3.527E-20 3.591E-20 3.745E-20 3.675E-20 3.121E-20 2.202E-20 1.507E-20 1.499E-20 2.040E-20 2.541E-20
 2.892E-20 2.972E-20 2.745E-20 2.444E-20 2.558E-20 3.423E-20 4.424E-20 4.796E-20 4.533E-20 4.026E-20
 3.790E-20 3.676E-20 3.395E-20 2.997E-20 2.719E-20 2.890E-20 3.259E-20 3.288E-20 2.839E-20 2.518E-20
 2.590E-20 2.971E-20 3.369E-20 3.355E-20 3.193E-20 2.978E-20 2.683E-20 2.604E-20 2.955E-20 3.286E-20
 3.417E-20 3.214E-20 2.875E-20 2.505E-20 2.231E-20 2.168E-20 2.426E-20 2.698E-20 3.094E-20 3.645E-20
 4.273E-20 4.232E-20 3.565E-20 2.835E-20 2.434E-20 2.044E-20 1.388E-20 1.021E-20 1.520E-20 2.602E-20
 3.505E-20 3.777E-20 3.810E-20 3.767E-20 3.675E-20 3.823E-20 3.941E-20 3.626E-20 2.730E-20 1.886E-20
 2.150E-20 3.287E-20 4.155E-20 4.040E-20 3.131E-20 2.295E-20 2.145E-20 2.603E-20 3.299E-20 3.818E-20
 3.962E-20 3.979E-20 3.983E-20 4.200E-20 4.554E-20 4.942E-20 5.100E-20 4.612E-20 3.732E-20 3.092E-20
 3.123E-20 3.379E-20 3.664E-20 3.604E-20 3.440E-20 3.297E-20 3.439E-20 3.714E-20 3.769E-20 3.293E-20
 2.910E-20 3.039E-20 3.726E-20 4.236E-20 4.008E-20 3.433E-20 3.429E-20 4.086E-20 4.893E-20 5.314E-20
 5.264E-20 4.939E-20 4.607E-20 4.471E-20 4.516E-20 4.527E-20 4.405E-20 3.903E-20 3.186E-20 2.654E-20
 2.773E-20 3.258E-20 3.815E-20 4.230E-20 4.409E-20 4.511E-20 4.287E-20 3.837E-20 3.712E-20 3.952E-20
 4.182E-20 4.174E-20 4.123E-20 4.285E-20 4.823E-20 5.251E-20 5.444E-20 5.506E-20 5.603E-20 5.868E-20
 6.065E-20 6.021E-20 5.413E-20 4.349E-20 3.080E-20 2.367E-20 2.546E-20 3.365E-20 3.802E-20 3.542E-20
 2.909E-20 2.685E-20 3.030E-20 3.713E-20 4.372E-20 5.062E-20 5.895E-20 6.146E-20 5.215E-20 3.513E-20
 2.439E-20 2.273E-20 2.458E-20 2.299E-20 1.949E-20 2.060E-20 2.422E-20 2.491E-20 2.623E-20 3.118E-20
 3.914E-20 4.649E-20 5.155E-20 5.695E-20 5.999E-20 5.620E-20 4.764E-20 3.946E-20 3.399E-20 3.139E-20
 2.870E-20 2.801E-20 3.100E-20 3.782E-20 4.464E-20 5.028E-20 5.443E-20 5.814E-20 5.892E-20 5.758E-20
 5.526E-20 5.062E-20 4.490E-20 4.173E-20 4.082E-20 4.004E-20 3.957E-20 3.830E-20 3.718E-20 3.743E-20
 3.986E-20 4.088E-20 4.014E-20 4.058E-20 4.472E-20 4.994E-20 5.444E-20 5.531E-20 5.444E-20 5.605E-20
 5.943E-20 6.102E-20 5.653E-20 4.780E-20 3.820E-20 3.151E-20 2.864E-20 2.884E-20 3.022E-20 3.528E-20
 4.435E-20 5.272E-20 5.363E-20 4.928E-20 4.191E-20 3.525E-20 3.173E-20 3.183E-20 3.517E-20 3.915E-20
 4.015E-20 3.898E-20 4.130E-20 4.773E-20 5.095E-20 4.745E-20 4.437E-20 4.394E-20 4.758E-20 5.012E-20
 4.841E-20 4.750E-20 4.880E-20 4.893E-20 4.597E-20 4.157E-20 3.918E-20 4.166E-20 4.606E-20 4.587E-20
 4.299E-20 4.054E-20 4.055E-20 3.867E-20 3.584E-20 3.456E-20 3.698E-20 4.046E-20 4.374E-20 4.546E-20
 4.592E-20 4.647E-20 4.341E-20 4.158E-20 4.429E-20 4.787E-20 4.899E-20 4.853E-20 4.861E-20 4.812E-20
 4.373E-20 3.538E-20 2.890E-20 2.811E-20 3.489E-20 4.587E-20 5.672E-20 6.531E-20 6.487E-20 5.774E-20
 4.890E-20 4.426E-20 4.710E-20 5.287E-20 5.714E-20 5.836E-20 5.667E-20 5.651E-20 5.896E-20 6.356E-20
 6.532E-20 6.030E-20 4.781E-20 3.462E-20 2.803E-20 3.331E-20 4.375E-20 5.176E-20 5.302E-20 5.071E-20
 5.043E-20 5.207E-20 5.600E-20 5.660E-20 5.213E-20 4.436E-20 4.150E-20 4.536E-20 5.034E-20 4.900E-20
 3.969E-20 3.208E-20 3.040E-20 3.038E-20 3.110E-20 3.371E-20 3.799E-20 4.279E-20 4.669E-20 4.728E-20
 4.624E-20 4.399E-20 3.933E-20 3.519E-20 3.437E-20 3.719E-20 4.283E-20 5.161E-20 5.971E-20 6.090E-20
 5.767E-20 5.183E-20 4.419E-20 3.999E-20 3.970E-20 4.353E-20 4.944E-20 5.089E-20 4.716E-20 4.410E-20
 4.514E-20 5.042E-20 5.265E-20 4.839E-20 4.257E-20 4.255E-20 5.054E-20 6.180E-20 6.842E-20 6.856E-20
 6.189E-20 5.551E-20 5.580E-20 6.172E-20 6.762E-20 7.104E-20 7.216E-20 7.153E-20 6.568E-20 5.669E-20
 5.129E-20 5.709E-20 6.832E-20 7.815E-20 8.167E-20 7.808E-20 7.011E-20 6.161E-20 5.876E-20 6.214E-20
 6.720E-20 6.965E-20 6.941E-20 7.037E-20 7.087E-20 6.692E-20 5.783E-20 5.014E-20 4.695E-20 4.664E-20
 4.688E-20 4.887E-20 5.091E-20 4.800E-20 4.360E-20 4.258E-20 4.702E-20 5.373E-20 6.085E-20 6.621E-20
 6.523E-20 6.038E-20 5.364E-20 4.786E-20 4.526E-20 4.711E-20 5.083E-20 5.660E-20 6.155E-20 6.271E-20
 6.431E-20 6.645E-20 6.700E-20 6.376E-20 6.002E-20 6.035E-20 6.373E-20 6.552E-20 6.622E-20 6.997E-20
 7.666E-20 7.734E-20 6.844E-20 5.877E-20 5.610E-20 6.053E-20 6.722E-20 7.141E-20 7.328E-20 7.457E-20
 7.527E-20 7.415E-20 7.091E-20 6.696E-20 6.344E-20 6.504E-20 6.886E-20 7.146E-20 7.403E-20 7.454E-20
 7.341E-20 6.990E-20 6.769E-20 6.795E-20 6.824E-20 6.664E-20 6.327E-20 5.999E-20 6.098E-20 6.512E-20
 6.967E-20 7.068E-20 6.965E-20 6.893E-20 7.099E-20 7.704E-20 8.559E-20 8.995E-20 8.726E-20 7.991E-20
 7.292E-20 6.802E-20 6.615E-20 6.622E-20 6.492E-20 6.297E-20 5.969E-20 5.530E-20 5.216E-20 5.132E-20
 5.403E-20 5.635E-20 5.671E-20 5.751E-20 6.013E-20 6.431E-20 6.681E-20 6.440E-20 6.009E-20 5.727E-20
 5.961E-20 6.466E-20 6.635E-20 6.315E-20 5.896E-20 6.071E-20 6.586E-20 6.632E-20 6.196E-20 5.642E-20
 5.689E-20 6.485E-20 7.387E-20 7.804E-20 7.580E-20 6.952E-20 6.709E-20 6.792E-20 6.888E-20 6.730E-20
 6.064E-20 5.339E-20 5.065E-20 5.491E-20 6.305E-20 7.011E-20 7.159E-20 7.026E-20 6.869E-20 6.985E-20
 7.394E-20 7.913E-20 8.255E-20 8.286E-20 8.344E-20 8.423E-20 8.535E-20 8.476E-20 8.249E-20 8.083E-20
 8.149E-20 8.595E-20 9.192E-20 9.452E-20 9.079E-20 8.285E-20 7.362E-20 6.669E-20 6.551E-20 6.704E-20
 6.818E-20 6.849E-20 7.173E-20 8.022E-20 8.827E-20 9.119E-20 8.648E-20 8.057E-20 7.826E-20 8.097E-20
 8.421E-20 8.725E-20 9.064E-20 9.256E-20 9.233E-20 8.930E-20 8.480E-20 8.200E-20 7.933E-20 7.731E-20
 7.711E-20 8.236E-20 9.271E-20 9.960E-20 9.965E-20 9.261E-20 8.807E-20 8.955E-20 9.581E-20 1.002E-19
 1.016E-19 1.001E-19 9.669E-20 9.182E-20 8.671E-20 8.205E-20 8.161E-20 8.409E-20 8.948E-20 9.124E-20
 8.873E-20 8.255E-20 7.799E-20 7.628E-20 7.886E-20 7.945E-20 7.597E-20 7.361E-20 7.709E-20 8.007E-20
 7.884E-20 7.309E-20 6.944E-20 7.153E-20 7.745E-20 8.422E-20 9.085E-20 9.572E-20 1.000E-19 1.030E-19
 1.048E-19 1.039E-19 1.012E-19 9.797E-20 9.906E-20 1.006E-19 1.005E-19 1.010E-19 1.067E-19 1.170E-19
 1.241E-19 1.192E-19 1.045E-19 8.835E-20 7.848E-20 7.571E-20 7.546E-20 7.634E-20 7.992E-20 8.789E-20
 9.709E-20 1.006E-19 9.682E-20 9.085E-20 9.051E-20 9.573E-20 1.026E-19 1.065E-19 1.112E-19 1.182E-19
 1.239E-19 1.260E-19 1.243E-19 1.200E-19 1.145E-19 1.120E-19 1.141E-19 1.173E-19 1.165E-19 1.111E-19
 1.008E-19 9.069E-20 8.525E-20 8.727E-20 9.567E-20 1.047E-19 1.107E-19 1.131E-19 1.139E-19 1.161E-19
 1.159E-19 1.138E-19 1.118E-19 1.076E-19 1.027E-19 9.963E-20 9.895E-20 1.021E-19 1.057E-19 1.085E-19
 1.086E-19 1.049E-19 1.009E-19 1.048E-19 1.134E-19 1.219E-19 1.221E-19 1.167E-19 1.105E-19 1.075E-19
 1.078E-19 1.117E-19 1.175E-19 1.211E-19 1.180E-19 1.107E-19 1.056E-19 1.053E-19 1.040E-19 9.860E-20
 9.114E-20 9.091E-20 9.527E-20 9.818E-20 9.795E-20 9.754E-20 1.042E-19 1.140E-19 1.176E-19 1.103E-19
 9.810E-20 9.087E-20 9.276E-20 9.697E-20 9.882E-20 9.987E-20 1.037E-19 1.112E-19 1.155E-19 1.105E-19
 9.990E-20 9.146E-20 8.971E-20 9.529E-20 9.924E-20 9.798E-20 9.583E-20 9.866E-20 1.073E-19 1.205E-19
 1.328E-19 1.397E-19 1.385E-19 1.296E-19 1.198E-19 1.143E-19 1.134E-19 1.106E-19 1.052E-19 9.814E-20
 9.309E-20 9.144E-20 9.634E-20 1.098E-19 1.255E-19 1.359E-19 1.403E-19 1.421E-19 1.459E-19 1.459E-19
 1.412E-19 1.366E-19 1.365E-19 1.388E-19 1.387E-19 1.332E-19 1.260E-19 1.162E-19 1.072E-19 1.031E-19
 1.038E-19 1.063E-19 1.086E-19 1.112E-19 1.164E-19 1.200E-19 1.189E-19 1.161E-19 1.134E-19 1.125E-19
 1.141E-19 1.139E-19 1.124E-19 1.125E-19 1.136E-19 1.161E-19 1.181E-19 1.115E-19 1.005E-19 9.421E-20
 9.978E-20 1.106E-19 1.206E-19 1.262E-19 1.284E-19 1.278E-19 1.251E-19 1.254E-19 1.314E-19 1.391E-19
 1.420E-19 1.410E-19 1.377E-19 1.369E-19 1.372E-19 1.363E-19 1.324E-19 1.280E-19 1.253E-19 1.250E-19
 1.283E-19 1.302E-19 1.293E-19 1.316E-19 1.399E-19 1.473E-19 1.489E-19 1.453E-19 1.418E-19 1.385E-19
 1.354E-19 1.336E-19 1.357E-19 1.397E-19 1.448E-19 1.455E-19 1.411E-19 1.375E-19 1.357E-19 1.356E-19
 1.348E-19 1.315E-19 1.278E-19 1.233E-19 1.205E-19 1.212E-19 1.244E-19 1.295E-19 1.343E-19 1.348E-19
 1.351E-19 1.407E-19 1.523E-19 1.627E-19 1.642E-19 1.538E-19 1.399E-19 1.293E-19 1.256E-19 1.252E-19
 1.264E-19 1.286E-19 1.314E-19 1.348E-19 1.354E-19 1.377E-19 1.413E-19 1.463E-19 1.497E-19 1.515E-19
 1.499E-19 1.478E-19 1.494E-19 1.555E-19 1.618E-19 1.632E-19 1.595E-19 1.573E-19 1.596E-19 1.618E-19
 1.556E-19 1.414E-19 1.290E-19 1.265E-19 1.319E-19 1.397E-19 1.434E-19 1.429E-19 1.417E-19 1.398E-19
 1.412E-19 1.433E-19 1.410E-19 1.354E-19 1.353E-19 1.404E-19 1.474E-19 1.495E-19 1.475E-19 1.480E-19
 1.513E-19 1.565E-19 1.653E-19 1.749E-19 1.794E-19 1.730E-19 1.623E-19 1.565E-19 1.568E-19 1.563E-19
 1.555E-19 1.571E-19 1.615E-19 1.635E-19 1.631E-19 1.652E-19 1.695E-19 1.704E-19 1.672E-19 1.644E-19
 1.613E-19 1.553E-19 1.494E-19 1.498E-19 1.573E-19 1.636E-19 1.624E-19 1.583E-19 1.591E-19 1.625E-19
 1.640E-19 1.635E-19 1.598E-19 1.567E-19 1.578E-19 1.648E-19 1.705E-19 1.704E-19 1.669E-19 1.669E-19
 1.710E-19 1.763E-19 1.804E-19 1.850E-19 1.913E-19 1.938E-19 1.898E-19 1.817E-19 1.785E-19 1.805E-19
 1.815E-19 1.782E-19 1.728E-19 1.664E-19 1.655E-19 1.688E-19 1.757E-19 1.837E-19 1.896E-19 1.910E-19
 1.888E-19 1.838E-19 1.776E-19 1.711E-19 1.683E-19 1.715E-19 1.809E-19 1.885E-19 1.879E-19 1.816E-19
 1.781E-19 1.801E-19 1.864E-19 1.919E-19 1.952E-19 1.958E-19 1.921E-19 1.866E-19 1.813E-19 1.792E-19
 1.758E-19 1.726E-19 1.742E-19 1.786E-19 1.799E-19 1.740E-19 1.636E-19 1.534E-19 1.470E-19 1.462E-19
 1.526E-19 1.622E-19 1.704E-19 1.729E-19 1.711E-19 1.721E-19 1.766E-19 1.805E-19 1.781E-19 1.695E-19
 1.611E-19 1.586E-19 1.612E-19 1.658E-19 1.707E-19 1.802E-19 1.906E-19 1.951E-19 1.902E-19 1.824E-19
 1.795E-19 1.854E-19 1.942E-19 1.992E-19 2.001E-19 1.972E-19 1.931E-19 1.881E-19 1.830E-19 1.804E-19
 1.792E-19 1.769E-19 1.733E-19 1.704E-19 1.697E-19 1.711E-19 1.747E-19 1.809E-19 1.849E-19 1.821E-19
 1.767E-19 1.758E-19 1.796E-19 1.858E-19 1.906E-19 1.936E-19 1.942E-19 1.896E-19 1.838E-19 1.831E-19
 1.888E-19 1.973E-19 2.035E-19 2.111E-19 2.212E-19 2.269E-19 2.228E-19 2.098E-19 1.998E-19 1.951E-19
 1.990E-19 2.054E-19 2.097E-19 2.102E-19 2.073E-19 2.054E-19 2.081E-19 2.118E-19 2.106E-19 2.076E-19
 2.081E-19 2.118E-19 2.125E-19 2.094E-19 2.078E-19 2.090E-19 2.090E-19 2.098E-19 2.128E-19 2.172E-19
 2.222E-19 2.214E-19 2.130E-19 2.062E-19 2.054E-19 2.116E-19 2.206E-19 2.260E-19 2.271E-19 2.262E-19
 2.252E-19 2.255E-19 2.240E-19 2.171E-19 2.086E-19 2.064E-19 2.094E-19 2.150E-19 2.210E-19 2.269E-19
 2.331E-19 2.368E-19 2.359E-19 2.304E-19 2.239E-19 2.192E-19 2.159E-19 2.118E-19 2.107E-19 2.164E-19
 2.311E-19 2.472E-19 2.545E-19 2.467E-19 2.316E-19 2.214E-19 2.208E-19 2.252E-19 2.268E-19 2.217E-19
 2.184E-19 2.220E-19 2.267E-19 2.296E-19 2.304E-19 2.319E-19 2.337E-19 2.359E-19 2.370E-19 2.385E-19
 2.397E-19 2.394E-19 2.360E-19 2.340E-19 2.372E-19 2.451E-19 2.537E-19 2.583E-19 2.580E-19 2.567E-19
 2.562E-19 2.536E-19 2.480E-19 2.396E-19 2.291E-19 2.196E-19 2.200E-19 2.303E-19 2.485E-19 2.651E-19
 2.676E-19 2.634E-19 2.593E-19 2.589E-19 2.598E-19 2.560E-19 2.486E-19 2.439E-19 2.442E-19 2.480E-19
 2.529E-19 2.548E-19 2.537E-19 2.506E-19 2.473E-19 2.487E-19 2.534E-19 2.582E-19 2.622E-19 2.665E-19
 2.725E-19 2.757E-19 2.717E-19 2.644E-19 2.652E-19 2.697E-19 2.689E-19 2.590E-19 2.480E-19 2.459E-19
 2.489E-19 2.490E-19 2.447E-19 2.430E-19 2.441E-19 2.466E-19 2.523E-19 2.605E-19 2.714E-19 2.787E-19
 2.834E-19 2.844E-19 2.782E-19 2.669E-19 2.551E-19 2.473E-19 2.468E-19 2.506E-19 2.576E-19 2.665E-19
 2.724E-19 2.731E-19 2.720E-19 2.717E-19 2.694E-19 2.615E-19 2.550E-19 2.605E-19 2.786E-19 2.963E-19
 3.034E-19 3.014E-19 2.939E-19 2.902E-19 2.890E-19 2.876E-19 2.815E-19 2.719E-19 2.645E-19 2.641E-19
 2.710E-19 2.812E-19 2.848E-19 2.846E-19 2.864E-19 2.912E-19 2.988E-19 3.045E-19 3.041E-19 2.987E-19
 2.882E-19 2.795E-19 2.772E-19 2.810E-19 2.890E-19 2.967E-19 2.975E-19 2.949E-19 2.928E-19 2.930E-19
 2.925E-19 2.889E-19 2.820E-19 2.768E-19 2.752E-19 2.772E-19 2.791E-19 2.789E-19 2.766E-19 2.747E-19
 2.791E-19 2.864E-19 2.927E-19 2.975E-19 3.025E-19 3.110E-19 3.194E-19 3.201E-19 3.097E-19 2.948E-19
 2.862E-19 2.876E-19 2.939E-19 3.007E-19 3.060E-19 3.076E-19 3.085E-19 3.045E-19 2.993E-19 2.986E-19
 3.025E-19 3.081E-19 3.077E-19 3.003E-19 2.900E-19 2.840E-19 2.844E-19 2.916E-19 2.976E-19 3.032E-19
 3.084E-19 3.148E-19 3.241E-19 3.258E-19 3.197E-19 3.112E-19 3.055E-19 3.043E-19 3.082E-19 3.150E-19
 3.237E-19 3.310E-19 3.352E-19 3.335E-19 3.265E-19 3.168E-19 3.112E-19 3.103E-19 3.083E-19 3.013E-19
 2.941E-19 2.949E-19 3.034E-19 3.111E-19 3.185E-19 3.305E-19 3.441E-19 3.491E-19 3.442E-19 3.383E-19
 3.392E-19 3.447E-19 3.502E-19 3.510E-19 3.464E-19 3.392E-19 3.302E-19 3.254E-19 3.274E-19 3.277E-19
 3.262E-19 3.301E-19 3.378E-19 3.423E-19 3.404E-19 3.338E-19 3.330E-19 3.387E-19 3.458E-19 3.537E-19
 3.605E-19 3.604E-19 3.533E-19 3.438E-19 3.371E-19 3.372E-19 3.423E-19 3.513E-19 3.568E-19 3.530E-19
 3.428E-19 3.348E-19 3.338E-19 3.309E-19 3.245E-19 3.188E-19 3.180E-19 3.182E-19 3.188E-19 3.259E-19
 3.374E-19 3.450E-19 3.429E-19 3.373E-19 3.386E-19 3.475E-19 3.603E-19 3.701E-19 3.744E-19 3.741E-19
 3.676E-19 3.613E-19 3.605E-19 3.614E-19 3.605E-19 3.538E-19 3.463E-19 3.410E-19 3.358E-19 3.307E-19
 3.322E-19 3.461E-19 3.678E-19 3.865E-19 3.921E-19 3.863E-19 3.788E-19 3.793E-19 3.862E-19 3.928E-19
 3.934E-19 3.904E-19 3.887E-19 3.851E-19 3.753E-19 3.593E-19 3.455E-19 3.394E-19 3.424E-19 3.518E-19
 3.644E-19 3.777E-19 3.866E-19 3.890E-19 3.849E-19 3.770E-19 3.743E-19 3.743E-19 3.754E-19 3.764E-19
 3.781E-19 3.807E-19 3.830E-19 3.833E-19 3.814E-19 3.807E-19 3.814E-19 3.844E-19 3.885E-19 3.911E-19
 3.952E-19 4.005E-19 4.041E-19 4.057E-19 4.041E-19 4.003E-19 4.009E-19 4.046E-19 4.054E-19 4.034E-19
 4.019E-19 4.012E-19 3.984E-19 3.933E-19 3.874E-19 3.889E-19 3.949E-19 3.993E-19 3.971E-19 3.928E-19
 3.904E-19 3.877E-19 3.922E-19 4.032E-19 4.138E-19 4.149E-19 4.103E-19 4.115E-19 4.192E-19 4.197E-19
 4.092E-19 3.955E-19 3.868E-19 3.875E-19 3.940E-19 4.033E-19 4.099E-19 4.107E-19 4.048E-19 4.024E-19
 4.081E-19 4.192E-19 4.308E-19 4.425E-19 4.467E-19 4.362E-19 4.174E-19 4.054E-19 4.047E-19 4.031E-19
 3.964E-19 3.950E-19 4.074E-19 4.254E-19 4.320E-19 4.242E-19 4.137E-19 4.098E-19 4.109E-19 4.129E-19
 4.214E-19 4.322E-19 4.421E-19 4.460E-19 4.445E-19 4.426E-19 4.422E-19 4.420E-19 4.419E-19 4.403E-19
 4.401E-19 4.433E-19 4.479E-19 4.493E-19 4.451E-19 4.347E-19 4.252E-19 4.168E-19 4.142E-19 4.158E-19
 4.250E-19 4.406E-19 4.578E-19 4.737E-19 4.807E-19 4.745E-19 4.651E-19 4.607E-19 4.625E-19 4.645E-19
 4.641E-19 4.603E-19 4.564E-19 4.511E-19 4.405E-19 4.265E-19 4.169E-19 4.207E-19 4.353E-19 4.488E-19
 4.506E-19 4.445E-19 4.404E-19 4.404E-19 4.425E-19 4.424E-19 4.442E-19 4.480E-19 4.509E-19 4.541E-19
 4.593E-19 4.595E-19 4.529E-19 4.449E-19 4.430E-19 4.488E-19 4.579E-19 4.663E-19 4.705E-19 4.724E-19
 4.740E-19 4.819E-19 4.966E-19 5.069E-19 4.961E-19 4.694E-19 4.439E-19 4.329E-19 4.378E-19 4.525E-19
 4.694E-19 4.810E-19 4.809E-19 4.737E-19 4.706E-19 4.716E-19 4.706E-19 4.657E-19 4.641E-19 4.710E-19
 4.845E-19 4.961E-19 4.999E-19 4.971E-19 4.871E-19 4.710E-19 4.589E-19 4.565E-19 4.603E-19 4.629E-19
 4.655E-19 4.729E-19 4.838E-19 4.929E-19 4.954E-19 4.972E-19 4.991E-19 4.987E-19 4.974E-19 5.007E-19
 5.101E-19 5.133E-19 4.986E-19 4.759E-19 4.619E-19 4.635E-19 4.772E-19 4.929E-19 5.007E-19 5.010E-19
 5.005E-19 5.050E-19 5.160E-19 5.223E-19 5.175E-19 5.066E-19 5.045E-19 5.138E-19 5.228E-19 5.207E-19
 5.114E-19 5.039E-19 5.003E-19 5.005E-19 4.989E-19 4.899E-19 4.778E-19 4.697E-19 4.722E-19 4.764E-19
 4.812E-19 4.884E-19 4.995E-19 5.064E-19 5.062E-19 5.084E-19 5.212E-19 5.310E-19 5.281E-19 5.194E-19
 5.186E-19 5.278E-19 5.306E-19 5.220E-19 5.096E-19 4.957E-19 4.777E-19 4.596E-19 4.530E-19 4.658E-19
 4.883E-19 5.054E-19 5.158E-19 5.199E-19 5.190E-19 5.149E-19 5.124E-19 5.156E-19 5.248E-19 5.340E-19
 5.379E-19 5.337E-19 5.237E-19 5.148E-19 5.099E-19 5.108E-19 5.171E-19 5.249E-19 5.344E-19 5.396E-19
 5.401E-19 5.378E-19 5.351E-19 5.265E-19 5.135E-19 5.081E-19 5.217E-19 5.492E-19 5.740E-19 5.834E-19
 5.775E-19 5.635E-19 5.473E-19 5.336E-19 5.283E-19 5.286E-19 5.259E-19 5.173E-19 5.078E-19 5.058E-19
 5.143E-19 5.236E-19 5.268E-19 5.267E-19 5.295E-19 5.378E-19 5.441E-19 5.469E-19 5.497E-19 5.559E-19
 5.569E-19 5.431E-19 5.216E-19 5.108E-19 5.197E-19 5.326E-19 5.341E-19 5.254E-19 5.254E-19 5.378E-19
 5.559E-19 5.694E-19 5.742E-19 5.678E-19 5.593E-19 5.542E-19 5.540E-19 5.589E-19 5.685E-19 5.771E-19
 5.778E-19 5.650E-19 5.444E-19 5.365E-19 5.454E-19 5.585E-19 5.587E-19 5.464E-19 5.352E-19 5.382E-19
 5.523E-19 5.641E-19 5.583E-19 5.403E-19 5.317E-19 5.449E-19 5.722E-19 5.891E-19 5.854E-19 5.707E-19
 5.606E-19 5.556E-19 5.467E-19 5.328E-19 5.201E-19 5.190E-19 5.355E-19 5.628E-19 5.893E-19 6.026E-19
 5.936E-19 5.700E-19 5.452E-19 5.381E-19 5.541E-19 5.824E-19 5.974E-19 5.929E-19 5.785E-19 5.700E-19
 5.625E-19 5.467E-19 5.269E-19 5.191E-19 5.301E-19 5.493E-19 5.680E-19 5.763E-19 5.775E-19 5.757E-19
 5.746E-19 5.729E-19 5.681E-19 5.590E-19 5.590E-19 5.735E-19 5.936E-19 6.047E-19 6.078E-19 6.108E-19
 6.157E-19 6.103E-19 5.901E-19 5.641E-19 5.449E-19 5.398E-19 5.493E-19 5.647E-19 5.755E-19 5.813E-19
 5.804E-19 5.744E-19 5.663E-19 5.681E-19 5.827E-19 5.993E-19 6.046E-19 5.979E-19 5.949E-19 6.007E-19
 6.034E-19 5.931E-19 5.752E-19 5.555E-19 5.345E-19 5.175E-19 5.136E-19 5.349E-19 5.757E-19 6.127E-19
 6.259E-19 6.165E-19 6.027E-19 6.020E-19 6.191E-19 6.397E-19 6.453E-19 6.378E-19 6.278E-19 6.186E-19
 6.012E-19 5.784E-19 5.639E-19 5.631E-19 5.674E-19 5.647E-19 5.586E-19 5.636E-19 5.776E-19 5.870E-19
 5.810E-19 5.693E-19 5.722E-19 5.972E-19 6.280E-19 6.455E-19 6.394E-19 6.220E-19 6.112E-19 6.121E-19
 6.140E-19 6.088E-19 5.962E-19 5.864E-19 5.841E-19 5.922E-19 6.030E-19 6.101E-19 6.070E-19 5.955E-19
 5.876E-19 5.946E-19 6.209E-19 6.549E-19 6.728E-19 6.622E-19 6.370E-19 6.168E-19 6.079E-19 6.013E-19
 5.897E-19 5.804E-19 5.800E-19 5.849E-19 5.854E-19 5.812E-19 5.754E-19 5.757E-19 5.849E-19 5.990E-19
 6.100E-19 6.205E-19 6.409E-19 6.678E-19 6.887E-19 6.891E-19 6.712E-19 6.480E-19 6.232E-19 5.938E-19
 5.713E-19 5.684E-19 5.815E-19 5.967E-19 5.999E-19 5.965E-19 5.989E-19 6.100E-19 6.169E-19 6.190E-19
 6.206E-19 6.334E-19 6.597E-19 6.843E-19 6.878E-19 6.632E-19 6.246E-19 5.907E-19 5.731E-19 5.689E-19
 5.733E-19 5.775E-19 5.774E-19 5.777E-19 5.829E-19 5.974E-19 6.177E-19 6.459E-19 6.729E-19 6.902E-19
 6.943E-19 6.890E-19 6.829E-19 6.741E-19 6.544E-19 6.291E-19 6.172E-19 6.213E-19 6.352E-19 6.428E-19
 6.385E-19 6.266E-19 6.056E-19 5.804E-19 5.665E-19 5.733E-19 6.033E-19 6.400E-19 6.613E-19 6.653E-19
 6.670E-19 6.796E-19 6.938E-19 6.875E-19 6.557E-19 6.265E-19 6.259E-19 6.490E-19 6.664E-19 6.614E-19
 6.424E-19 6.248E-19 6.134E-19 6.080E-19 6.102E-19 6.173E-19 6.252E-19 6.287E-19 6.368E-19 6.627E-19
 7.034E-19 7.303E-19 7.177E-19 6.809E-19 6.537E-19 6.508E-19 6.600E-19 6.620E-19 6.534E-19 6.383E-19
 6.195E-19 5.994E-19 5.896E-19 5.939E-19 6.092E-19 6.222E-19 6.379E-19 6.626E-19 6.947E-19 7.266E-19
 7.413E-19 7.296E-19 6.957E-19 6.565E-19 6.334E-19 6.336E-19 6.389E-19 6.314E-19 6.184E-19 6.119E-19
 6.128E-19 6.118E-19 6.059E-19 6.045E-19 6.093E-19 6.200E-19 6.337E-19 6.553E-19 6.813E-19 6.978E-19
 6.945E-19 6.761E-19 6.533E-19 6.396E-19 6.429E-19 6.555E-19 6.583E-19 6.412E-19 6.188E-19 6.104E-19
 6.176E-19 6.276E-19 6.333E-19 6.412E-19 6.574E-19 6.719E-19 6.720E-19 6.610E-19 6.542E-19 6.547E-19
 6.566E-19 6.546E-19 6.473E-19 6.407E-19 6.438E-19 6.548E-19 6.680E-19 6.757E-19 6.717E-19 6.591E-19
 6.444E-19 6.396E-19 6.439E-19 6.538E-19 6.654E-19 6.761E-19 6.856E-19 6.882E-19 6.833E-19 6.755E-19
 6.707E-19 6.666E-19 6.567E-19 6.445E-19 6.348E-19 6.330E-19 6.455E-19 6.615E-19 6.707E-19 6.704E-19
 6.629E-19 6.549E-19 6.459E-19 6.251E-19 6.013E-19 5.910E-19 6.043E-19 6.388E-19 6.736E-19 6.891E-19
 6.791E-19 6.532E-19 6.330E-19 6.366E-19 6.610E-19 6.789E-19 6.733E-19 6.587E-19 6.561E-19 6.662E-19
 6.713E-19 6.667E-19 6.654E-19 6.780E-19 7.003E-19 7.196E-19 7.256E-19 7.216E-19 7.109E-19 6.888E-19
 6.584E-19 6.367E-19 6.356E-19 6.519E-19 6.669E-19 6.656E-19 6.502E-19 6.339E-19 6.261E-19 6.274E-19
 6.347E-19 6.444E-19 6.542E-19 6.608E-19 6.668E-19 6.820E-19 7.081E-19 7.314E-19 7.343E-19 7.109E-19
 6.768E-19 6.511E-19 6.409E-19 6.403E-19 6.348E-19 6.237E-19 6.134E-19 6.080E-19 6.081E-19 6.167E-19
 6.326E-19 6.464E-19 6.578E-19 6.713E-19 6.940E-19 7.284E-19 7.588E-19 7.606E-19 7.315E-19 6.885E-19
 6.548E-19 6.427E-19 6.410E-19 6.350E-19 6.254E-19 6.233E-19 6.329E-19 6.489E-19 6.608E-19 6.623E-19
 6.555E-19 6.529E-19 6.705E-19 7.102E-19 7.498E-19 7.655E-19 7.415E-19 6.913E-19 6.406E-19 6.089E-19
 6.064E-19 6.242E-19 6.421E-19 6.418E-19 6.241E-19 6.115E-19 6.201E-19 6.441E-19 6.725E-19 6.917E-19
 6.976E-19 6.913E-19 6.838E-19 6.849E-19 6.980E-19 7.166E-19 7.229E-19 7.080E-19 6.767E-19 6.475E-19
 6.353E-19 6.424E-19 6.573E-19 6.722E-19 6.756E-19 6.646E-19 6.406E-19 6.223E-19 6.251E-19 6.442E-19
 6.686E-19 6.888E-19 7.117E-19 7.375E-19 7.520E-19 7.365E-19 6.971E-19 6.611E-19 6.500E-19 6.596E-19
 6.725E-19 6.721E-19 6.647E-19 6.669E-19 6.819E-19 6.942E-19 6.932E-19 6.814E-19 6.713E-19 6.655E-19
 6.617E-19 6.701E-19 6.970E-19 7.265E-19 7.341E-19 7.151E-19 6.967E-19 6.921E-19 6.857E-19 6.651E-19
 6.480E-19 6.533E-19 6.705E-19 6.698E-19 6.501E-19 6.330E-19 6.286E-19 6.283E-19 6.347E-19 6.586E-19
 7.013E-19 7.426E-19 7.588E-19 7.481E-19 7.223E-19 6.895E-19 6.599E-19 6.427E-19 6.407E-19 6.454E-19
 6.411E-19 6.372E-19 6.424E-19 6.488E-19 6.453E-19 6.321E-19 6.307E-19 6.467E-19 6.669E-19 6.819E-19
 6.982E-19 7.292E-19 7.569E-19 7.492E-19 7.032E-19 6.516E-19 6.288E-19 6.387E-19 6.630E-19 6.834E-19
 6.927E-19 6.988E-19 7.046E-19 7.107E-19 7.146E-19 7.081E-19 6.872E-19 6.630E-19 6.553E-19 6.761E-19
 7.133E-19 7.369E-19 7.209E-19 6.820E-19 6.581E-19 6.550E-19 6.524E-19 6.361E-19 6.297E-19 6.550E-19
 7.019E-19 7.307E-19 7.207E-19 6.838E-19 6.479E-19 6.287E-19 6.307E-19 6.512E-19 6.828E-19 7.143E-19
 7.355E-19 7.448E-19 7.371E-19 7.147E-19 6.839E-19 6.551E-19 6.358E-19 6.355E-19 6.481E-19 6.633E-19
 6.714E-19 6.708E-19 6.704E-19 6.742E-19 6.781E-19 6.796E-19 6.895E-19 7.156E-19 7.463E-19 7.634E-19
 7.527E-19 7.187E-19 6.760E-19 6.440E-19 6.290E-19 6.277E-19 6.280E-19 6.260E-19 6.297E-19 6.412E-19
 6.540E-19 6.629E-19 6.636E-19 6.679E-19 6.781E-19 6.897E-19 7.033E-19 7.184E-19 7.353E-19 7.445E-19
 7.355E-19 7.064E-19 6.744E-19 6.509E-19 6.379E-19 6.257E-19 6.234E-19 6.388E-19 6.705E-19 6.909E-19
 6.856E-19 6.704E-19 6.666E-19 6.756E-19 6.859E-19 6.965E-19 7.209E-19 7.522E-19 7.661E-19 7.449E-19
 7.120E-19 6.931E-19 6.896E-19 6.871E-19 6.824E-19 6.793E-19 6.831E-19 6.817E-19 6.670E-19 6.498E-19
 6.381E-19 6.353E-19 6.466E-19 6.804E-19 7.342E-19 7.825E-19 7.987E-19 7.764E-19 7.364E-19 7.033E-19
 6.889E-19 6.913E-19 7.032E-19 7.035E-19 6.833E-19 6.529E-19 6.298E-19 6.192E-19 6.171E-19 6.224E-19
 6.372E-19 6.560E-19 6.701E-19 6.861E-19 7.117E-19 7.449E-19 7.644E-19 7.575E-19 7.353E-19 7.115E-19
 6.854E-19 6.563E-19 6.295E-19 6.125E-19 6.067E-19 6.104E-19 6.256E-19 6.468E-19 6.579E-19 6.525E-19
 6.408E-19 6.441E-19 6.716E-19 7.166E-19 7.630E-19 8.016E-19 8.142E-19 7.911E-19 7.350E-19 6.653E-19
 6.088E-19 5.852E-19 5.906E-19 6.077E-19 6.228E-19 6.282E-19 6.275E-19 6.258E-19 6.307E-19 6.517E-19
 6.900E-19 7.340E-19 7.764E-19 8.183E-19 8.567E-19 8.603E-19 8.032E-19 7.104E-19 6.328E-19 5.982E-19
 5.970E-19 6.045E-19 6.127E-19 6.215E-19 6.299E-19 6.400E-19 6.600E-19 6.892E-19 7.108E-19 7.178E-19
 7.288E-19 7.666E-19 8.258E-19 8.601E-19 8.341E-19 7.612E-19 6.881E-19 6.421E-19 6.196E-19 6.029E-19
 5.893E-19 5.804E-19 5.816E-19 5.955E-19 6.222E-19 6.569E-19 6.850E-19 6.959E-19 6.983E-19 7.158E-19
 7.640E-19 8.245E-19 8.519E-19 8.191E-19 7.400E-19 6.552E-19 5.977E-19 5.760E-19 5.810E-19 5.984E-19
 6.149E-19 6.316E-19 6.509E-19 6.738E-19 6.946E-19 7.090E-19 7.191E-19 7.370E-19 7.706E-19 8.203E-19
 8.668E-19 8.733E-19 8.170E-19 7.248E-19 6.508E-19 6.253E-19 6.366E-19 6.495E-19 6.521E-19 6.519E-19
 6.636E-19 6.738E-19 6.727E-19 6.718E-19 6.887E-19 7.216E-19 7.619E-19 8.046E-19 8.521E-19 8.855E-19
 8.716E-19 8.027E-19 7.234E-19 6.767E-19 6.675E-19 6.656E-19 6.488E-19 6.229E-19 6.165E-19 6.358E-19
 6.677E-19 6.936E-19 7.146E-19 7.360E-19 7.575E-19 7.821E-19 8.184E-19 8.648E-19 8.970E-19 8.868E-19
 8.404E-19 7.850E-19 7.425E-19 7.159E-19 6.993E-19 6.956E-19 7.122E-19 7.360E-19 7.556E-19 7.696E-19
 7.858E-19 8.034E-19 8.116E-19 8.138E-19 8.264E-19 8.605E-19 9.006E-19 9.184E-19 8.908E-19 8.357E-19
 7.861E-19 7.562E-19 7.366E-19 7.196E-19 7.125E-19 7.244E-19 7.495E-19 7.672E-19 7.678E-19 7.618E-19
 7.578E-19 7.531E-19 7.504E-19 7.721E-19 8.206E-19 8.709E-19 8.886E-19 8.567E-19 7.948E-19 7.318E-19
 6.883E-19 6.742E-19 6.817E-19 6.950E-19 7.003E-19 7.020E-19 7.164E-19 7.427E-19 7.674E-19 7.815E-19
 7.903E-19 8.107E-19 8.443E-19 8.817E-19 9.069E-19 9.053E-19 8.700E-19 8.112E-19 7.556E-19 7.198E-19
 7.061E-19 7.030E-19 7.019E-19 7.069E-19 7.194E-19 7.350E-19 7.475E-19 7.571E-19 7.732E-19 7.934E-19
 8.139E-19 8.415E-19 8.831E-19 9.217E-19 9.307E-19 8.964E-19 8.405E-19 7.971E-19 7.730E-19 7.497E-19
 7.253E-19 7.199E-19 7.431E-19 7.718E-19 7.804E-19 7.739E-19 7.744E-19 7.908E-19 8.100E-19 8.291E-19
 8.644E-19 9.227E-19 9.725E-19 9.784E-19 9.294E-19 8.596E-19 8.075E-19 7.811E-19 7.734E-19 7.745E-19
 7.794E-19 7.801E-19 7.764E-19 7.796E-19 7.949E-19 8.197E-19 8.407E-19 8.467E-19 8.548E-19 8.884E-19
 9.481E-19 9.997E-19 1.009E-18 9.690E-19 9.160E-19 8.699E-19 8.382E-19 8.234E-19 8.239E-19 8.372E-19
 8.518E-19 8.617E-19 8.696E-19 8.810E-19 8.883E-19 8.815E-19 8.752E-19 8.956E-19 9.473E-19 9.987E-19
 1.020E-18 9.995E-19 9.527E-19 8.942E-19 8.443E-19 8.100E-19 7.930E-19 7.825E-19 7.752E-19 7.777E-19
 7.966E-19 8.237E-19 8.435E-19 8.516E-19 8.537E-19 8.562E-19 8.598E-19 8.759E-19 9.146E-19 9.629E-19
 9.793E-19 9.399E-19 8.708E-19 8.171E-19 8.004E-19 8.019E-19 7.993E-19 7.943E-19 8.047E-19 8.245E-19
 8.377E-19 8.333E-19 8.256E-19 8.282E-19 8.349E-19 8.412E-19 8.633E-19 9.076E-19 9.548E-19 9.606E-19
 9.228E-19 8.727E-19 8.432E-19 8.366E-19 8.402E-19 8.522E-19 8.741E-19 9.004E-19 9.121E-19 9.070E-19
 8.937E-19 8.817E-19 8.737E-19 8.653E-19 8.693E-19 9.019E-19 9.568E-19 9.952E-19 9.893E-19 9.475E-19
 9.066E-19 8.900E-19 8.850E-19 8.784E-19 8.719E-19 8.725E-19 8.815E-19 8.894E-19 8.977E-19 9.147E-19
 9.391E-19 9.684E-19 1.006E-18 1.058E-18 1.124E-18 1.190E-18 1.244E-18 1.279E-18 1.287E-18 1.256E-18
 1.195E-18 1.131E-18 1.080E-18 1.038E-18 9.939E-19 9.513E-19 9.212E-19 9.084E-19 9.075E-19 9.133E-19
 9.265E-19 9.385E-19 9.424E-19 9.347E-19 9.363E-19 9.495E-19 9.565E-19 9.395E-19 9.114E-19 9.022E-19
 9.217E-19 9.581E-19 9.995E-19 1.047E-18 1.089E-18 1.106E-18 1.093E-18 1.065E-18 1.044E-18 1.033E-18
 1.023E-18 1.026E-18 1.043E-18 1.065E-18 1.066E-18 1.029E-18 9.655E-19 9.003E-19 8.593E-19 8.484E-19
 8.542E-19 8.613E-19 8.644E-19 8.704E-19 8.857E-19 8.997E-19 9.034E-19 8.939E-19 8.750E-19 8.557E-19
 8.508E-19 8.660E-19 8.932E-19 9.061E-19 8.884E-19 8.600E-19 8.446E-19 8.483E-19 8.578E-19 8.561E-19
 8.430E-19 8.295E-19 8.186E-19 8.210E-19 8.392E-19 8.608E-19 8.703E-19 8.669E-19 8.615E-19 8.715E-19
 8.929E-19 9.130E-19 9.297E-19 9.409E-19 9.440E-19 9.343E-19 9.140E-19 8.964E-19 8.919E-19 9.027E-19
 9.249E-19 9.449E-19 9.515E-19 9.448E-19 9.392E-19 9.471E-19 9.631E-19 9.699E-19 9.672E-19 9.747E-19
 1.004E-18 1.044E-18 1.070E-18 1.070E-18 1.053E-18 1.032E-18 1.019E-18 1.021E-18 1.037E-18 1.055E-18
 1.065E-18 1.067E-18 1.068E-18 1.073E-18 1.083E-18 1.094E-18 1.106E-18 1.128E-18 1.162E-18 1.205E-18
 1.236E-18 1.240E-18 1.221E-18 1.199E-18 1.189E-18 1.190E-18 1.194E-18 1.197E-18 1.207E-18 1.219E-18
 1.239E-18 1.265E-18 1.291E-18 1.300E-18 1.295E-18 1.291E-18 1.309E-18 1.339E-18 1.368E-18 1.384E-18
 1.392E-18 1.395E-18 1.393E-18 1.392E-18 1.392E-18 1.387E-18 1.377E-18 1.366E-18 1.361E-18 1.364E-18
 1.370E-18 1.375E-18 1.378E-18 1.383E-18 1.404E-18 1.441E-18 1.472E-18 1.482E-18 1.464E-18 1.438E-18
 1.417E-18 1.407E-18 1.402E-18 1.407E-18 1.422E-18 1.444E-18 1.465E-18 1.477E-18 1.479E-18 1.478E-18
 1.478E-18 1.486E-18 1.494E-18 1.496E-18 1.498E-18 1.504E-18 1.512E-18 1.519E-18 1.524E-18 1.523E-18
 1.518E-18 1.516E-18 1.522E-18 1.531E-18 1.539E-18 1.541E-18 1.547E-18 1.557E-18 1.569E-18 1.576E-18
 1.576E-18 1.570E-18 1.561E-18 1.552E-18 1.545E-18 1.544E-18 1.543E-18 1.537E-18 1.523E-18 1.504E-18
 1.489E-18 1.481E-18 1.474E-18 1.450E-18 1.395E-18 1.303E-18 1.187E-18 1.062E-18 9.492E-19 8.602E-19
 8.060E-19 7.804E-19 7.746E-19 7.749E-19 7.760E-19 7.813E-19 7.860E-19 7.874E-19 7.881E-19 7.852E-19
 7.777E-19 7.743E-19 7.803E-19 7.944E-19 8.128E-19 8.170E-19 8.072E-19 7.904E-19 7.807E-19 7.886E-19
 8.089E-19 8.248E-19 8.349E-19 8.473E-19 8.611E-19 8.698E-19 8.695E-19 8.620E-19 8.513E-19 8.380E-19
 8.264E-19 8.250E-19 8.343E-19 8.401E-19 8.379E-19 8.370E-19 8.502E-19 8.665E-19 8.756E-19 8.748E-19
 8.692E-19 8.614E-19 8.547E-19 8.579E-19 8.726E-19 8.879E-19 8.957E-19 9.018E-19 9.147E-19 9.211E-19
 9.114E-19 9.006E-19 9.043E-19 9.158E-19 9.190E-19 9.106E-19 9.054E-19 9.055E-19 9.038E-19 9.008E-19
 9.028E-19 9.143E-19 9.227E-19 9.279E-19 9.346E-19 9.435E-19 9.413E-19 9.277E-19 9.195E-19 9.272E-19
 9.433E-19 9.487E-19 9.363E-19 9.190E-19 9.117E-19 9.088E-19 9.080E-19 9.137E-19 9.351E-19 9.557E-19
 9.526E-19 9.242E-19 9.006E-19 9.034E-19 9.199E-19 9.186E-19 8.952E-19 8.773E-19 8.853E-19 9.011E-19
 8.974E-19 8.741E-19 8.564E-19 8.613E-19 8.693E-19 8.566E-19 8.185E-19 7.886E-19 7.946E-19 8.286E-19
 8.573E-19 8.511E-19 8.110E-19 7.654E-19 7.398E-19 7.418E-19 7.606E-19 7.676E-19 7.465E-19 6.977E-19
 6.483E-19 6.221E-19 6.218E-19 6.290E-19 6.336E-19 6.312E-19 6.241E-19 6.169E-19 6.160E-19 6.210E-19
 6.225E-19 6.142E-19 6.027E-19 5.984E-19 5.992E-19 6.013E-19 6.058E-19 6.135E-19 6.210E-19 6.271E-19
 6.515E-19 7.184E-19 8.254E-19 9.388E-19 1.026E-18 1.087E-18 1.145E-18 1.231E-18 1.358E-18 1.533E-18
 1.769E-18 2.075E-18 2.466E-18 2.970E-18 3.601E-18 4.202E-18 4.388E-18 4.019E-18 3.464E-18 2.984E-18
 2.591E-18 2.242E-18 1.912E-18 1.592E-18 1.302E-18 1.070E-18 9.143E-19 8.272E-19 7.838E-19 7.636E-19
 7.507E-19 7.380E-19 7.252E-19 7.147E-19 7.056E-19 6.938E-19 6.776E-19 6.602E-19 6.501E-19 6.587E-19
 6.776E-19 6.848E-19 6.670E-19 6.324E-19 6.041E-19 5.955E-19 5.971E-19 5.965E-19 5.917E-19 5.857E-19
 5.801E-19 5.736E-19 5.678E-19 5.662E-19 5.699E-19 5.740E-19 5.766E-19 5.772E-19 5.697E-19 5.572E-19
 5.466E-19 5.449E-19 5.484E-19 5.583E-19 5.707E-19 5.855E-19 5.962E-19 5.924E-19 5.771E-19 5.588E-19
 5.466E-19 5.414E-19 5.396E-19 5.375E-19 5.364E-19 5.349E-19 5.310E-19 5.266E-19 5.246E-19 5.266E-19
 5.337E-19 5.481E-19 5.698E-19 5.837E-19 5.814E-19 5.657E-19 5.485E-19 5.408E-19 5.422E-19 5.421E-19
 5.392E-19 5.337E-19 5.254E-19 5.107E-19 4.965E-19 4.900E-19 4.951E-19 5.106E-19 5.285E-19 5.383E-19
 5.384E-19 5.286E-19 5.158E-19 5.002E-19 4.888E-19 4.823E-19 4.790E-19 4.739E-19 4.636E-19 4.530E-19
 4.463E-19 4.502E-19 4.638E-19 4.821E-19 4.976E-19 5.080E-19 5.152E-19 5.170E-19 5.120E-19 5.020E-19
 4.899E-19 4.816E-19 4.758E-19 4.673E-19 4.564E-19 4.434E-19 4.346E-19 4.334E-19 4.403E-19 4.494E-19
 4.526E-19 4.494E-19 4.442E-19 4.438E-19 4.497E-19 4.623E-19 4.748E-19 4.826E-19 4.848E-19 4.802E-19
 4.725E-19 4.649E-19 4.639E-19 4.731E-19 4.856E-19 4.905E-19 4.835E-19 4.725E-19 4.648E-19 4.661E-19
 4.765E-19 4.927E-19 5.104E-19 5.233E-19 5.231E-19 5.124E-19 4.951E-19 4.815E-19 4.792E-19 4.848E-19
 4.948E-19 5.028E-19 5.025E-19 4.973E-19 4.955E-19 4.972E-19 4.957E-19 4.943E-19 4.917E-19 4.919E-19
 4.942E-19 4.936E-19 4.922E-19 4.965E-19 5.082E-19 5.245E-19 5.344E-19 5.295E-19 5.117E-19 4.936E-19
 4.850E-19 4.913E-19 5.076E-19 5.206E-19 5.219E-19 5.092E-19 4.914E-19 4.843E-19 5.000E-19 5.272E-19
 5.515E-19 5.625E-19 5.631E-19 5.529E-19 5.367E-19 5.208E-19 5.187E-19 5.330E-19 5.507E-19 5.597E-19
 5.563E-19 5.440E-19 5.287E-19 5.190E-19 5.194E-19 5.310E-19 5.465E-19 5.626E-19 5.764E-19 5.884E-19
 5.894E-19 5.766E-19 5.599E-19 5.475E-19 5.409E-19 5.378E-19 5.344E-19 5.326E-19 5.338E-19 5.442E-19
 5.602E-19 5.798E-19 5.941E-19 6.013E-19 6.059E-19 6.136E-19 6.178E-19 6.112E-19 5.928E-19 5.725E-19
 5.560E-19 5.490E-19 5.517E-19 5.571E-19 5.538E-19 5.431E-19 5.359E-19 5.437E-19 5.616E-19 5.787E-19
 5.914E-19 5.996E-19 6.042E-19 6.059E-19 6.089E-19 6.123E-19 6.115E-19 5.971E-19 5.741E-19 5.562E-19
 5.507E-19 5.570E-19 5.736E-19 5.943E-19 6.103E-19 6.157E-19 6.088E-19 5.977E-19 5.923E-19 5.937E-19
 6.055E-19 6.279E-19 6.497E-19 6.581E-19 6.474E-19 6.257E-19 6.029E-19 5.853E-19 5.751E-19 5.763E-19
 5.899E-19 6.080E-19 6.202E-19 6.246E-19 6.248E-19 6.215E-19 6.134E-19 6.051E-19 6.043E-19 6.157E-19
 6.401E-19 6.698E-19 6.940E-19 7.021E-19 6.838E-19 6.452E-19 6.012E-19 5.664E-19 5.561E-19 5.740E-19
 6.113E-19 6.421E-19 6.468E-19 6.317E-19 6.184E-19 6.145E-19 6.223E-19 6.410E-19 6.667E-19 6.926E-19
 7.063E-19 6.921E-19 6.594E-19 6.214E-19 5.948E-19 5.933E-19 6.204E-19 6.601E-19 6.867E-19 6.829E-19
 6.538E-19 6.223E-19 6.107E-19 6.332E-19 6.785E-19 7.140E-19 7.204E-19 7.035E-19 6.776E-19 6.555E-19
 6.403E-19 6.379E-19 6.533E-19 6.726E-19 6.748E-19 6.553E-19 6.320E-19 6.171E-19 6.243E-19 6.547E-19
 6.955E-19 7.195E-19 7.085E-19 6.764E-19 6.577E-19 6.588E-19 6.689E-19 6.758E-19 6.805E-19 6.812E-19
 6.689E-19 6.404E-19 6.136E-19 6.093E-19 6.313E-19 6.722E-19 7.085E-19 7.173E-19 6.989E-19 6.738E-19
 6.597E-19 6.589E-19 6.708E-19 6.949E-19 7.214E-19 7.329E-19 7.206E-19 7.021E-19 7.012E-19 7.194E-19
 7.400E-19 7.542E-19 7.577E-19 7.399E-19 7.010E-19 6.630E-19 6.511E-19 6.722E-19 7.073E-19 7.384E-19
 7.607E-19 7.699E-19 7.593E-19 7.354E-19 7.129E-19 7.026E-19 7.017E-19 7.104E-19 7.250E-19 7.283E-19
 7.060E-19 6.708E-19 6.458E-19 6.467E-19 6.702E-19 7.059E-19 7.464E-19 7.745E-19 7.702E-19 7.428E-19
 7.204E-19 7.194E-19 7.305E-19 7.398E-19 7.394E-19 7.319E-19 7.160E-19 6.979E-19 6.839E-19 6.770E-19
 6.728E-19 6.735E-19 6.926E-19 7.278E-19 7.597E-19 7.706E-19 7.667E-19 7.661E-19 7.716E-19 7.715E-19
 7.592E-19 7.429E-19 7.309E-19 7.271E-19 7.294E-19 7.289E-19 7.209E-19 7.108E-19 7.134E-19 7.251E-19
 7.363E-19 7.403E-19 7.447E-19 7.545E-19 7.648E-19 7.732E-19 7.865E-19 8.034E-19 8.131E-19 8.090E-19
 7.914E-19 7.603E-19 7.252E-19 7.062E-19 7.183E-19 7.466E-19 7.607E-19 7.572E-19 7.554E-19 7.656E-19
 7.772E-19 7.768E-19 7.726E-19 7.834E-19 7.994E-19 8.050E-19 7.917E-19 7.604E-19 7.330E-19 7.300E-19
 7.574E-19 7.952E-19 8.116E-19 7.901E-19 7.488E-19 7.145E-19 7.026E-19 7.222E-19 7.633E-19 8.074E-19
 8.359E-19 8.362E-19 8.156E-19 7.874E-19 7.679E-19 7.783E-19 8.165E-19 8.490E-19 8.455E-19 8.076E-19
 7.568E-19 7.128E-19 6.908E-19 7.054E-19 7.574E-19 8.143E-19 8.370E-19 8.194E-19 7.900E-19 7.820E-19
 7.964E-19 8.232E-19 8.510E-19 8.632E-19 8.546E-19 8.296E-19 7.972E-19 7.678E-19 7.522E-19 7.592E-19
 7.799E-19 7.862E-19 7.693E-19 7.530E-19 7.628E-19 7.987E-19 8.405E-19 8.781E-19 9.022E-19 8.936E-19
 8.515E-19 8.003E-19 7.666E-19 7.568E-19 7.656E-19 7.867E-19 8.077E-19 8.121E-19 7.833E-19 7.431E-19
 7.288E-19 7.557E-19 8.070E-19 8.520E-19 8.691E-19 8.538E-19 8.248E-19 8.088E-19 8.120E-19 8.243E-19
 8.345E-19 8.408E-19 8.511E-19 8.576E-19 8.442E-19 8.086E-19 7.678E-19 7.452E-19 7.561E-19 7.955E-19
 8.382E-19 8.570E-19 8.542E-19 8.478E-19 8.471E-19 8.447E-19 8.427E-19 8.488E-19 8.632E-19 8.682E-19
 8.574E-19 8.375E-19 8.216E-19 8.094E-19 7.979E-19 7.910E-19 7.890E-19 7.831E-19 7.731E-19 7.714E-19
 7.872E-19 8.165E-19 8.426E-19 8.615E-19 8.705E-19 8.647E-19 8.405E-19 8.116E-19 7.934E-19 7.946E-19
 8.087E-19 8.280E-19 8.384E-19 8.324E-19 8.121E-19 7.926E-19 7.814E-19 7.809E-19 7.988E-19 8.367E-19
 8.817E-19 9.044E-19 8.881E-19 8.532E-19 8.319E-19 8.370E-19 8.577E-19 8.739E-19 8.761E-19 8.617E-19
 8.286E-19 7.887E-19 7.595E-19 7.561E-19 7.843E-19 8.323E-19 8.770E-19 8.961E-19 8.791E-19 8.483E-19
 8.300E-19 8.344E-19 8.520E-19 8.694E-19 8.731E-19 8.596E-19 8.322E-19 8.013E-19 7.856E-19 7.899E-19
 8.112E-19 8.358E-19 8.523E-19 8.526E-19 8.398E-19 8.271E-19 8.235E-19 8.255E-19 8.327E-19 8.435E-19
 8.534E-19 8.546E-19 8.404E-19 8.207E-19 8.118E-19 8.111E-19 8.116E-19 8.153E-19 8.238E-19 8.251E-19
 8.112E-19 7.899E-19 7.846E-19 8.079E-19 8.407E-19 8.644E-19 8.756E-19 8.750E-19 8.656E-19 8.486E-19
 8.308E-19 8.114E-19 7.916E-19 7.801E-19 7.904E-19 8.144E-19 8.255E-19 8.134E-19 8.017E-19 8.067E-19
 8.218E-19 8.317E-19 8.368E-19 8.532E-19 8.706E-19 8.714E-19 8.552E-19 8.377E-19 8.293E-19 8.281E-19
 8.329E-19 8.430E-19 8.500E-19 8.421E-19 8.204E-19 7.972E-19 7.773E-19 7.678E-19 7.726E-19 7.937E-19
 8.217E-19 8.376E-19 8.390E-19 8.322E-19 8.247E-19 8.202E-19 8.279E-19 8.508E-19 8.731E-19 8.697E-19
 8.365E-19 7.957E-19 7.683E-19 7.611E-19 7.730E-19 8.027E-19 8.423E-19 8.635E-19 8.440E-19 7.988E-19
 7.675E-19 7.810E-19 8.362E-19 9.007E-19 9.373E-19 9.286E-19 8.856E-19 8.351E-19 7.980E-19 7.828E-19
 7.869E-19 8.009E-19 8.119E-19 8.043E-19 7.711E-19 7.348E-19 7.242E-19 7.463E-19 7.840E-19 8.160E-19
 8.438E-19 8.759E-19 9.095E-19 9.255E-19 9.120E-19 8.746E-19 8.287E-19 7.896E-19 7.705E-19 7.794E-19
 7.988E-19 8.066E-19 7.975E-19 7.862E-19 7.905E-19 8.127E-19 8.374E-19 8.375E-19 8.097E-19 7.862E-19
 8.037E-19 8.652E-19 9.274E-19 9.324E-19 8.785E-19 8.097E-19 7.632E-19 7.515E-19 7.692E-19 8.011E-19
 8.221E-19 8.115E-19 7.799E-19 7.569E-19 7.530E-19 7.592E-19 7.678E-19 7.812E-19 7.981E-19 8.182E-19
 8.422E-19 8.708E-19 8.882E-19 8.760E-19 8.393E-19 8.053E-19 7.858E-19 7.748E-19 7.667E-19 7.710E-19
 7.876E-19 8.019E-19 8.038E-19 8.006E-19 7.966E-19 7.810E-19 7.532E-19 7.374E-19 7.563E-19 8.044E-19
 8.480E-19 8.610E-19 8.477E-19 8.260E-19 8.130E-19 8.135E-19 8.228E-19 8.221E-19 7.983E-19 7.553E-19
 7.116E-19 6.859E-19 6.844E-19 7.027E-19 7.186E-19 7.211E-19 7.223E-19 7.434E-19 7.921E-19 8.437E-19
 8.718E-19 8.745E-19 8.620E-19 8.405E-19 8.085E-19 7.710E-19 7.373E-19 7.190E-19 7.186E-19 7.246E-19
 7.237E-19 7.087E-19 6.913E-19 6.949E-19 7.291E-19 7.835E-19 8.459E-19 8.976E-19 9.099E-19 8.683E-19
 7.962E-19 7.456E-19 7.436E-19 7.634E-19 7.649E-19 7.319E-19 6.887E-19 6.627E-19 6.653E-19 6.860E-19
 7.121E-19 7.369E-19 7.567E-19 7.745E-19 7.911E-19 8.022E-19 8.052E-19 8.003E-19 7.883E-19 7.778E-19
 7.725E-19 7.651E-19 7.473E-19 7.187E-19 6.937E-19 6.910E-19 7.115E-19 7.404E-19 7.565E-19 7.526E-19
 7.309E-19 7.045E-19 6.919E-19 7.039E-19 7.320E-19 7.587E-19 7.726E-19 7.709E-19 7.586E-19 7.415E-19
 7.253E-19 7.219E-19 7.375E-19 7.557E-19 7.462E-19 7.043E-19 6.593E-19 6.449E-19 6.551E-19 6.604E-19
 6.456E-19 6.313E-19 6.441E-19 6.879E-19 7.435E-19 7.895E-19 8.241E-19 8.454E-19 8.404E-19 8.029E-19
 7.492E-19 7.043E-19 6.778E-19 6.562E-19 6.332E-19 6.093E-19 5.913E-19 5.901E-19 6.092E-19 6.508E-19
 7.093E-19 7.699E-19 8.167E-19 8.398E-19 8.376E-19 8.145E-19 7.799E-19 7.399E-19 7.021E-19 6.640E-19
 6.153E-19 5.705E-19 5.506E-19 5.644E-19 6.005E-19 6.427E-19 6.838E-19 7.226E-19 7.535E-19 7.652E-19
 7.597E-19 7.523E-19 7.495E-19 7.407E-19 7.086E-19 6.544E-19 5.960E-19 5.584E-19 5.518E-19 5.781E-19
 6.279E-19 6.775E-19 7.044E-19 7.070E-19 6.942E-19 6.806E-19 6.644E-19 6.463E-19 6.392E-19 6.520E-19
 6.710E-19 6.719E-19 6.471E-19 6.130E-19 5.953E-19 6.012E-19 6.266E-19 6.626E-19 6.981E-19 7.136E-19
 6.973E-19 6.575E-19 6.217E-19 6.061E-19 6.062E-19 6.095E-19 6.145E-19 6.315E-19 6.632E-19 6.928E-19
 7.016E-19 6.939E-19 6.828E-19 6.785E-19 6.720E-19 6.537E-19 6.267E-19 6.044E-19 5.947E-19 5.946E-19
 5.935E-19 5.861E-19 5.758E-19 5.742E-19 5.913E-19 6.227E-19 6.529E-19 6.756E-19 6.908E-19 6.989E-19
 6.937E-19 6.697E-19 6.322E-19 5.969E-19 5.759E-19 5.692E-19 5.690E-19 5.676E-19 5.643E-19 5.647E-19
 5.741E-19 5.909E-19 6.133E-19 6.412E-19 6.757E-19 7.055E-19 7.145E-19 6.928E-19 6.497E-19 6.050E-19
 5.757E-19 5.642E-19 5.652E-19 5.713E-19 5.736E-19 5.729E-19 5.715E-19 5.767E-19 5.921E-19 6.152E-19
 6.362E-19 6.438E-19 6.352E-19 6.189E-19 6.080E-19 6.007E-19 5.872E-19 5.678E-19 5.493E-19 5.423E-19
 5.471E-19 5.590E-19 5.760E-19 5.982E-19 6.192E-19 6.319E-19 6.273E-19 6.044E-19 5.742E-19 5.500E-19
 5.373E-19 5.358E-19 5.403E-19 5.470E-19 5.540E-19 5.557E-19 5.518E-19 5.503E-19 5.563E-19 5.681E-19
 5.763E-19 5.782E-19 5.661E-19 5.406E-19 5.077E-19 4.790E-19 4.682E-19 4.762E-19 4.960E-19 5.235E-19
 5.542E-19 5.859E-19 6.129E-19 6.249E-19 6.263E-19 6.222E-19 6.088E-19 5.797E-19 5.357E-19 4.912E-19
 4.608E-19 4.493E-19 4.555E-19 4.745E-19 4.955E-19 5.086E-19 5.153E-19 5.260E-19 5.560E-19 6.042E-19
 6.496E-19 6.671E-19 6.417E-19 5.868E-19 5.313E-19 4.935E-19 4.785E-19 4.779E-19 4.843E-19 4.900E-19
 4.946E-19 4.968E-19 5.051E-19 5.205E-19 5.369E-19 5.473E-19 5.540E-19 5.662E-19 5.791E-19 5.728E-19
 5.406E-19 5.006E-19 4.776E-19 4.796E-19 4.881E-19 4.868E-19 4.766E-19 4.650E-19 4.592E-19 4.649E-19
 4.839E-19 5.087E-19 5.223E-19 5.178E-19 5.073E-19 5.132E-19 5.331E-19 5.476E-19 5.361E-19 5.056E-19
 4.794E-19 4.736E-19 4.819E-19 4.863E-19 4.830E-19 4.796E-19 4.799E-19 4.761E-19 4.729E-19 4.765E-19
 4.860E-19 4.946E-19 4.944E-19 4.934E-19 4.986E-19 5.047E-19 4.996E-19 4.841E-19 4.687E-19 4.635E-19
 4.735E-19 4.905E-19 5.042E-19 5.018E-19 4.809E-19 4.566E-19 4.436E-19 4.448E-19 4.523E-19 4.554E-19
 4.543E-19 4.585E-19 4.696E-19 4.851E-19 5.029E-19 5.134E-19 5.087E-19 4.887E-19 4.566E-19 4.246E-19
 4.059E-19 4.010E-19 4.048E-19 4.108E-19 4.128E-19 4.104E-19 4.100E-19 4.164E-19 4.343E-19 4.598E-19
 4.802E-19 4.850E-19 4.756E-19 4.590E-19 4.439E-19 4.309E-19 4.184E-19 4.072E-19 4.033E-19 4.085E-19
 4.219E-19 4.362E-19 4.395E-19 4.294E-19 4.113E-19 3.994E-19 4.010E-19 4.123E-19 4.216E-19 4.187E-19
 4.039E-19 3.874E-19 3.794E-19 3.808E-19 3.908E-19 4.022E-19 4.073E-19 4.086E-19 4.138E-19 4.223E-19
 4.271E-19 4.226E-19 4.094E-19 3.954E-19 3.864E-19 3.844E-19 3.905E-19 4.006E-19 4.077E-19 4.048E-19
 3.935E-19 3.860E-19 3.921E-19 4.081E-19 4.262E-19 4.389E-19 4.443E-19 4.432E-19 4.322E-19 4.177E-19
 4.065E-19 4.044E-19 4.046E-19 3.969E-19 3.842E-19 3.758E-19 3.756E-19 3.788E-19 3.836E-19 3.860E-19
 3.842E-19 3.822E-19 3.838E-19 3.937E-19 4.068E-19 4.114E-19 3.993E-19 3.807E-19 3.698E-19 3.660E-19
 3.649E-19 3.689E-19 3.798E-19 3.931E-19 3.973E-19 3.883E-19 3.743E-19 3.636E-19 3.582E-19 3.557E-19
 3.570E-19 3.659E-19 3.775E-19 3.843E-19 3.841E-19 3.779E-19 3.679E-19 3.573E-19 3.475E-19 3.438E-19
 3.497E-19 3.575E-19 3.571E-19 3.474E-19 3.344E-19 3.286E-19 3.241E-19 3.180E-19 3.148E-19 3.259E-19
 3.514E-19 3.782E-19 3.949E-19 3.993E-19 3.895E-19 3.674E-19 3.410E-19 3.215E-19 3.152E-19 3.203E-19
 3.338E-19 3.490E-19 3.596E-19 3.593E-19 3.500E-19 3.414E-19 3.381E-19 3.421E-19 3.496E-19 3.635E-19
 3.798E-19 3.884E-19 3.805E-19 3.610E-19 3.394E-19 3.234E-19 3.203E-19 3.303E-19 3.439E-19 3.527E-19
 3.465E-19 3.311E-19 3.212E-19 3.268E-19 3.394E-19 3.457E-19 3.380E-19 3.237E-19 3.168E-19 3.199E-19
 3.222E-19 3.175E-19 3.098E-19 3.030E-19 3.010E-19 3.039E-19 3.092E-19 3.135E-19 3.157E-19 3.174E-19
 3.200E-19 3.181E-19 3.117E-19 3.065E-19 3.056E-19 3.076E-19 3.079E-19 3.043E-19 3.033E-19 3.080E-19
 3.126E-19 3.146E-19 3.153E-19 3.161E-19 3.194E-19 3.201E-19 3.122E-19 3.001E-19 2.912E-19 2.870E-19
 2.870E-19 2.851E-19 2.808E-19 2.805E-19 2.873E-19 2.939E-19 2.953E-19 2.930E-19 2.886E-19 2.829E-19
 2.777E-19 2.790E-19 2.854E-19 2.914E-19 2.903E-19 2.828E-19 2.738E-19 2.654E-19 2.555E-19 2.431E-19
 2.363E-19 2.423E-19 2.594E-19 2.769E-19 2.857E-19 2.832E-19 2.746E-19 2.687E-19 2.651E-19 2.630E-19
 2.616E-19 2.613E-19 2.571E-19 2.467E-19 2.375E-19 2.398E-19 2.523E-19 2.660E-19 2.704E-19 2.611E-19
 2.460E-19 2.321E-19 2.284E-19 2.363E-19 2.524E-19 2.701E-19 2.840E-19 2.853E-19 2.726E-19 2.543E-19
 2.397E-19 2.334E-19 2.346E-19 2.395E-19 2.472E-19 2.548E-19 2.587E-19 2.561E-19 2.555E-19 2.673E-19
 2.824E-19 2.917E-19 2.907E-19 2.825E-19 2.778E-19 2.753E-19 2.724E-19 2.675E-19 2.616E-19 2.543E-19
 2.479E-19 2.438E-19 2.455E-19 2.492E-19 2.506E-19 2.454E-19 2.386E-19 2.419E-19 2.591E-19 2.795E-19
 2.854E-19 2.767E-19 2.638E-19 2.551E-19 2.496E-19 2.409E-19 2.287E-19 2.160E-19 2.041E-19 2.000E-19
 2.068E-19 2.170E-19 2.236E-19 2.267E-19 2.296E-19 2.338E-19 2.312E-19 2.241E-19 2.231E-19 2.289E-19
 2.348E-19 2.312E-19 2.218E-19 2.155E-19 2.154E-19 2.130E-19 2.066E-19 2.015E-19 2.021E-19 2.061E-19
 2.136E-19 2.232E-19 2.313E-19 2.302E-19 2.250E-19 2.179E-19 2.138E-19 2.119E-19 2.076E-19 2.004E-19
 2.007E-19 2.084E-19 2.168E-19 2.160E-19 2.016E-19 1.866E-19 1.837E-19 1.946E-19 2.085E-19 2.166E-19
 2.174E-19 2.159E-19 2.117E-19 2.002E-19 1.844E-19 1.717E-19 1.726E-19 1.821E-19 1.892E-19 1.926E-19
 1.936E-19 2.001E-19 2.090E-19 2.141E-19 2.121E-19 2.076E-19 2.020E-19 1.991E-19 1.982E-19 1.994E-19
 1.971E-19 1.894E-19 1.824E-19 1.796E-19 1.761E-19 1.717E-19 1.704E-19 1.738E-19 1.822E-19 1.930E-19
 2.006E-19 2.012E-19 1.964E-19 1.882E-19 1.808E-19 1.785E-19 1.768E-19 1.739E-19 1.767E-19 1.880E-19
 2.014E-19 2.102E-19 2.124E-19 2.095E-19 2.024E-19 1.880E-19 1.699E-19 1.571E-19 1.574E-19 1.683E-19
 1.799E-19 1.832E-19 1.768E-19 1.699E-19 1.682E-19 1.755E-19 1.829E-19 1.823E-19 1.721E-19 1.630E-19
 1.653E-19 1.774E-19 1.857E-19 1.806E-19 1.644E-19 1.510E-19 1.489E-19 1.584E-19 1.684E-19 1.727E-19
 1.717E-19 1.724E-19 1.754E-19 1.765E-19 1.752E-19 1.687E-19 1.592E-19 1.490E-19 1.423E-19 1.453E-19
 1.591E-19 1.734E-19 1.781E-19 1.754E-19 1.730E-19 1.767E-19 1.839E-19 1.875E-19 1.803E-19 1.691E-19
 1.660E-19 1.768E-19 1.957E-19 2.079E-19 2.044E-19 1.892E-19 1.764E-19 1.673E-19 1.605E-19 1.532E-19
 1.465E-19 1.424E-19 1.393E-19 1.415E-19 1.497E-19 1.623E-19 1.735E-19 1.836E-19 1.938E-19 1.999E-19
 1.967E-19 1.859E-19 1.781E-19 1.771E-19 1.755E-19 1.680E-19 1.586E-19 1.555E-19 1.572E-19 1.560E-19
 1.499E-19 1.480E-19 1.514E-19 1.590E-19 1.676E-19 1.681E-19 1.578E-19 1.449E-19 1.406E-19 1.449E-19
 1.473E-19 1.437E-19 1.389E-19 1.424E-19 1.502E-19 1.585E-19 1.627E-19 1.627E-19 1.569E-19 1.469E-19
 1.404E-19 1.375E-19 1.351E-19 1.352E-19 1.370E-19 1.403E-19 1.471E-19 1.574E-19 1.699E-19 1.804E-19
 1.792E-19 1.716E-19 1.633E-19 1.582E-19 1.610E-19 1.675E-19 1.699E-19 1.620E-19 1.444E-19 1.272E-19
 1.271E-19 1.400E-19 1.537E-19 1.623E-19 1.674E-19 1.723E-19 1.755E-19 1.721E-19 1.642E-19 1.564E-19
 1.510E-19 1.502E-19 1.529E-19 1.563E-19 1.576E-19 1.521E-19 1.443E-19 1.393E-19 1.374E-19 1.384E-19
 1.402E-19 1.440E-19 1.542E-19 1.684E-19 1.759E-19 1.740E-19 1.655E-19 1.570E-19 1.513E-19 1.494E-19
 1.479E-19 1.449E-19 1.400E-19 1.388E-19 1.494E-19 1.645E-19 1.730E-19 1.671E-19 1.556E-19 1.508E-19
 1.501E-19 1.430E-19 1.297E-19 1.251E-19 1.356E-19 1.515E-19 1.612E-19 1.622E-19 1.605E-19 1.643E-19
 1.733E-19 1.795E-19 1.730E-19 1.605E-19 1.512E-19 1.468E-19 1.406E-19 1.343E-19 1.379E-19 1.551E-19
 1.707E-19 1.680E-19 1.514E-19 1.411E-19 1.437E-19 1.508E-19 1.547E-19 1.581E-19 1.638E-19 1.713E-19
 1.745E-19 1.755E-19 1.784E-19 1.837E-19 1.829E-19 1.729E-19 1.619E-19 1.597E-19 1.651E-19 1.678E-19
 1.627E-19 1.596E-19 1.653E-19 1.791E-19 1.914E-19 1.946E-19 1.907E-19 1.839E-19 1.780E-19 1.720E-19
 1.656E-19 1.610E-19 1.583E-19 1.601E-19 1.649E-19 1.713E-19 1.754E-19 1.778E-19 1.796E-19 1.808E-19
 1.816E-19 1.796E-19 1.723E-19 1.622E-19 1.521E-19 1.489E-19 1.527E-19 1.540E-19 1.501E-19 1.494E-19
 1.565E-19 1.683E-19 1.741E-19 1.718E-19 1.680E-19 1.695E-19 1.778E-19 1.890E-19 1.981E-19 2.005E-19
 1.952E-19 1.849E-19 1.739E-19 1.646E-19 1.606E-19 1.675E-19 1.776E-19 1.826E-19 1.802E-19 1.776E-19
 1.773E-19 1.782E-19 1.798E-19 1.815E-19 1.851E-19 1.918E-19 1.993E-19 2.078E-19 2.091E-19 2.037E-19
 2.002E-19 2.023E-19 2.065E-19 2.057E-19 1.974E-19 1.867E-19 1.801E-19 1.803E-19 1.884E-19 2.000E-19
 2.119E-19 2.212E-19 2.236E-19 2.163E-19 2.025E-19 1.945E-19 1.972E-19 2.022E-19 1.979E-19 1.883E-19
 1.847E-19 1.909E-19 1.974E-19 1.955E-19 1.915E-19 1.939E-19 2.003E-19 2.013E-19 1.942E-19 1.870E-19
 1.818E-19 1.737E-19 1.606E-19 1.488E-19 1.451E-19 1.441E-19 1.408E-19 1.337E-19 1.297E-19 1.291E-19
 1.259E-19 1.167E-19 1.013E-19 9.004E-20 8.750E-20 9.137E-20 9.816E-20 1.040E-19 1.084E-19 1.100E-19
 1.063E-19 1.028E-19 1.024E-19 1.081E-19 1.166E-19 1.232E-19 1.279E-19 1.283E-19 1.256E-19 1.194E-19
 1.112E-19 1.070E-19 1.089E-19 1.133E-19 1.114E-19 9.914E-20 8.500E-20 8.286E-20 9.307E-20 1.040E-19
 1.123E-19 1.205E-19 1.299E-19 1.375E-19 1.389E-19 1.360E-19 1.352E-19 1.363E-19 1.325E-19 1.210E-19
 1.104E-19 1.087E-19 1.162E-19 1.246E-19 1.286E-19 1.274E-19 1.228E-19 1.177E-19 1.122E-19 1.056E-19
 9.946E-20 9.620E-20 9.753E-20 1.020E-19 1.086E-19 1.111E-19 1.085E-19 1.035E-19 9.961E-20 9.741E-20
 9.998E-20 1.058E-19 1.122E-19 1.162E-19 1.132E-19 1.041E-19 9.842E-20 9.810E-20 9.845E-20 9.889E-20
 1.043E-19 1.146E-19 1.223E-19 1.194E-19 1.130E-19 1.114E-19 1.158E-19 1.188E-19 1.193E-19 1.211E-19
 1.273E-19 1.294E-19 1.245E-19 1.200E-19 1.226E-19 1.301E-19 1.396E-19 1.470E-19 1.480E-19 1.406E-19
 1.310E-19 1.216E-19 1.142E-19 1.064E-19 9.714E-20 9.275E-20 9.641E-20 1.044E-19 1.062E-19 1.031E-19
 1.028E-19 1.051E-19 1.074E-19 1.085E-19 1.104E-19 1.144E-19 1.171E-19 1.160E-19 1.174E-19 1.225E-19
 1.257E-19 1.251E-19 1.199E-19 1.138E-19 1.133E-19 1.170E-19 1.188E-19 1.133E-19 1.047E-19 1.010E-19
 1.069E-19 1.166E-19 1.213E-19 1.191E-19 1.116E-19 1.050E-19 9.925E-20 9.202E-20 8.610E-20 8.580E-20
 9.180E-20 9.748E-20 9.624E-20 8.703E-20 7.692E-20 7.469E-20 7.975E-20 8.455E-20 8.513E-20 7.994E-20
 7.179E-20 6.861E-20 7.178E-20 8.214E-20 9.507E-20 1.005E-19 9.854E-20 1.002E-19 1.119E-19 1.241E-19
 1.256E-19 1.177E-19 1.105E-19 1.094E-19 1.104E-19 1.066E-19 1.020E-19 1.002E-19 1.018E-19 1.025E-19
 1.020E-19 1.017E-19 1.024E-19 9.960E-20 9.654E-20 9.654E-20 9.971E-20 1.006E-19 9.605E-20 8.781E-20
 8.066E-20 7.519E-20 7.229E-20 7.415E-20 8.045E-20 9.211E-20 1.079E-19 1.219E-19 1.329E-19 1.381E-19
 1.391E-19 1.377E-19 1.341E-19 1.258E-19 1.159E-19 1.128E-19 1.156E-19 1.164E-19 1.104E-19 1.002E-19
 8.717E-20 7.558E-20 7.072E-20 7.166E-20 7.467E-20 7.763E-20 8.151E-20 8.760E-20 9.890E-20 1.078E-19
 1.087E-19 1.002E-19 8.625E-20 7.486E-20 7.039E-20 7.038E-20 7.422E-20 7.800E-20 8.170E-20 8.980E-20
 9.651E-20 9.667E-20 9.151E-20 8.993E-20 9.642E-20 1.050E-19 1.047E-19 9.310E-20 8.052E-20 7.641E-20
 8.309E-20 9.666E-20 1.039E-19 1.001E-19 9.431E-20 9.229E-20 9.478E-20 9.916E-20 1.040E-19 1.083E-19
 1.089E-19 1.041E-19 9.779E-20 9.400E-20 9.485E-20 9.446E-20 8.692E-20 7.431E-20 6.696E-20 6.790E-20
 7.661E-20 8.881E-20 9.993E-20 1.058E-19 1.090E-19 1.128E-19 1.201E-19 1.247E-19 1.196E-19 1.080E-19
 9.766E-20 9.641E-20 1.046E-19 1.195E-19 1.334E-19 1.378E-19 1.330E-19 1.245E-19 1.166E-19 1.137E-19
 1.118E-19 1.087E-19 1.039E-19 9.818E-20 9.177E-20 8.538E-20 8.287E-20 8.163E-20 8.356E-20 8.499E-20
 8.627E-20 8.826E-20 8.622E-20 8.114E-20 7.866E-20 8.446E-20 9.706E-20 1.097E-19 1.111E-19 1.049E-19
 9.736E-20 9.207E-20 8.927E-20 8.373E-20 7.498E-20 6.757E-20 6.404E-20 6.699E-20 7.435E-20 8.231E-20
 8.751E-20 8.963E-20 8.767E-20 8.177E-20 7.840E-20 8.592E-20 9.902E-20 1.074E-19 1.061E-19 1.007E-19
 9.821E-20 1.017E-19 1.085E-19 1.167E-19 1.220E-19 1.207E-19 1.174E-19 1.163E-19 1.186E-19 1.239E-19
 1.314E-19 1.394E-19 1.438E-19 1.354E-19 1.199E-19 1.067E-19 9.555E-20 8.778E-20 8.355E-20 8.602E-20
 9.543E-20 1.028E-19 1.032E-19 1.000E-19 9.840E-20 1.001E-19 1.012E-19 1.004E-19 9.843E-20 9.462E-20
 9.064E-20 9.105E-20 9.828E-20 1.069E-19 1.095E-19 1.035E-19 9.716E-20 9.678E-20 9.933E-20 1.004E-19
 9.694E-20 9.136E-20 8.803E-20 9.018E-20 9.834E-20 1.090E-19 1.187E-19 1.214E-19 1.168E-19 1.109E-19
 1.072E-19 1.093E-19 1.180E-19 1.279E-19 1.286E-19 1.190E-19 1.073E-19 1.053E-19 1.103E-19 1.161E-19
 1.203E-19 1.258E-19 1.304E-19 1.318E-19 1.316E-19 1.331E-19 1.344E-19 1.306E-19 1.277E-19 1.342E-19
 1.473E-19 1.534E-19 1.475E-19 1.407E-19 1.400E-19 1.418E-19 1.409E-19 1.413E-19 1.472E-19 1.535E-19
 1.547E-19 1.519E-19 1.515E-19 1.527E-19 1.516E-19 1.483E-19 1.451E-19 1.415E-19 1.349E-19 1.231E-19
 1.123E-19 1.085E-19 1.143E-19 1.244E-19 1.326E-19 1.329E-19 1.265E-19 1.183E-19 1.155E-19 1.216E-19
 1.312E-19 1.372E-19 1.365E-19 1.321E-19 1.319E-19 1.361E-19 1.403E-19 1.428E-19 1.468E-19 1.552E-19
 1.621E-19 1.615E-19 1.546E-19 1.476E-19 1.478E-19 1.564E-19 1.653E-19 1.723E-19 1.765E-19 1.810E-19
 1.902E-19 2.073E-19 2.232E-19 2.286E-19 2.209E-19 2.041E-19 1.841E-19 1.617E-19 1.408E-19 1.331E-19
 1.411E-19 1.562E-19 1.696E-19 1.756E-19 1.758E-19 1.726E-19 1.665E-19 1.613E-19 1.609E-19 1.682E-19
 1.792E-19 1.876E-19 1.916E-19 1.918E-19 1.876E-19 1.829E-19 1.823E-19 1.852E-19 1.891E-19 1.931E-19
 1.935E-19 1.905E-19 1.842E-19 1.772E-19 1.780E-19 1.871E-19 1.938E-19 1.875E-19 1.752E-19 1.681E-19
 1.687E-19 1.689E-19 1.631E-19 1.552E-19 1.510E-19 1.504E-19 1.485E-19 1.416E-19 1.298E-19 1.160E-19
 1.084E-19 1.103E-19 1.225E-19 1.329E-19 1.336E-19 1.271E-19 1.213E-19 1.181E-19 1.116E-19 1.036E-19
 1.006E-19 1.069E-19 1.173E-19 1.285E-19 1.353E-19 1.368E-19 1.270E-19 1.061E-19 8.525E-20 7.433E-20
 7.295E-20 7.588E-20 7.939E-20 8.498E-20 9.602E-20 1.091E-19 1.204E-19 1.279E-19 1.285E-19 1.215E-19
 1.146E-19 1.144E-19 1.188E-19 1.201E-19 1.160E-19 1.104E-19 1.125E-19 1.211E-19 1.277E-19 1.237E-19
 1.121E-19 1.049E-19 1.069E-19 1.099E-19 1.028E-19 8.934E-20 7.869E-20 7.564E-20 8.190E-20 8.841E-20
 9.137E-20 9.144E-20 8.974E-20 8.882E-20 9.193E-20 9.673E-20 9.909E-20 9.730E-20 9.134E-20 8.426E-20
 8.088E-20 8.135E-20 8.311E-20 8.924E-20 1.007E-19 1.140E-19 1.223E-19 1.214E-19 1.138E-19 1.052E-19
 9.871E-20 1.008E-19 1.078E-19 1.127E-19 1.093E-19 9.603E-20 8.595E-20 8.871E-20 1.012E-19 1.101E-19
 1.059E-19 9.209E-20 8.006E-20 7.508E-20 7.798E-20 8.619E-20 9.318E-20 9.479E-20 9.516E-20 1.016E-19
 1.144E-19 1.244E-19 1.223E-19 1.137E-19 1.115E-19 1.176E-19 1.199E-19 1.081E-19 8.684E-20 6.946E-20
 6.784E-20 7.790E-20 8.936E-20 9.501E-20 9.873E-20 1.022E-19 1.053E-19 1.053E-19 1.017E-19 1.001E-19
 1.033E-19 1.092E-19 1.136E-19 1.117E-19 1.061E-19 9.956E-20 9.433E-20 9.381E-20 9.825E-20 1.067E-19
 1.169E-19 1.224E-19 1.188E-19 1.108E-19 1.072E-19 1.088E-19 1.069E-19 9.533E-20 8.321E-20 7.776E-20
 8.080E-20 8.734E-20 9.160E-20 9.543E-20 9.907E-20 9.701E-20 8.692E-20 7.579E-20 6.655E-20 5.683E-20
 4.918E-20 4.714E-20 5.237E-20 6.226E-20 7.031E-20 7.367E-20 7.810E-20 8.696E-20 9.650E-20 9.884E-20
 9.088E-20 8.129E-20 8.360E-20 9.801E-20 1.111E-19 1.138E-19 1.072E-19 9.925E-20 9.466E-20 9.375E-20
 9.789E-20 1.043E-19 1.085E-19 1.062E-19 9.937E-20 9.264E-20 9.233E-20 1.008E-19 1.115E-19 1.156E-19
 1.132E-19 1.083E-19 1.027E-19 9.759E-20 9.420E-20 9.592E-20 1.046E-19 1.143E-19 1.156E-19 1.096E-19
 1.032E-19 1.028E-19 1.076E-19 1.123E-19 1.129E-19 1.109E-19 1.062E-19 9.747E-20 8.817E-20 8.288E-20
 8.499E-20 9.547E-20 1.099E-19 1.218E-19 1.286E-19 1.311E-19 1.293E-19 1.205E-19 1.082E-19 9.550E-20
 8.403E-20 7.396E-20 6.737E-20 6.668E-20 7.254E-20 8.270E-20 9.268E-20 9.942E-20 9.870E-20 9.048E-20
 8.239E-20 8.295E-20 9.034E-20 9.758E-20 9.878E-20 9.334E-20 8.589E-20 7.934E-20 7.515E-20 7.494E-20
 7.920E-20 8.712E-20 9.834E-20 1.113E-19 1.226E-19 1.252E-19 1.211E-19 1.136E-19 1.080E-19 1.046E-19
 1.007E-19 9.432E-20 8.621E-20 8.060E-20 8.223E-20 8.801E-20 9.264E-20 9.603E-20 1.074E-19 1.242E-19
 1.329E-19 1.257E-19 1.058E-19 8.451E-20 7.365E-20 7.616E-20 8.602E-20 9.944E-20 1.089E-19 1.115E-19
 1.100E-19 1.059E-19 1.005E-19 9.722E-20 1.005E-19 1.047E-19 1.040E-19 9.906E-20 9.763E-20 1.016E-19
 1.053E-19 1.041E-19 9.645E-20 8.589E-20 7.598E-20 6.745E-20 6.577E-20 7.113E-20 7.310E-20 6.901E-20
 6.463E-20 6.595E-20 7.229E-20 7.690E-20 7.769E-20 7.694E-20 8.163E-20 9.156E-20 1.025E-19 1.115E-19
 1.150E-19 1.085E-19 9.276E-20 7.794E-20 7.005E-20 6.874E-20 6.797E-20 6.606E-20 7.029E-20 8.086E-20
 9.402E-20 1.040E-19 1.061E-19 1.020E-19 9.560E-20 9.084E-20 8.844E-20 8.323E-20 7.282E-20 6.114E-20
 5.530E-20 6.135E-20 7.834E-20 9.655E-20 1.078E-19 1.078E-19 9.964E-20 9.378E-20 9.722E-20 1.024E-19
 1.005E-19 9.004E-20 8.048E-20 7.831E-20 8.259E-20 9.033E-20 9.603E-20 1.010E-19 1.045E-19 1.054E-19
 1.080E-19 1.098E-19 1.068E-19 1.000E-19 9.273E-20 8.973E-20 9.224E-20 9.876E-20 1.083E-19 1.149E-19
 1.124E-19 1.027E-19 9.475E-20 9.596E-20 1.057E-19 1.148E-19 1.168E-19 1.134E-19 1.072E-19 1.020E-19
 9.714E-20 8.850E-20 7.757E-20 7.150E-20 7.397E-20 8.177E-20 9.212E-20 1.046E-19 1.151E-19 1.173E-19
 1.081E-19 9.222E-20 8.136E-20 8.002E-20 8.343E-20 8.644E-20 8.895E-20 8.803E-20 8.352E-20 8.127E-20
 8.229E-20 8.249E-20 8.013E-20 7.921E-20 8.439E-20 9.253E-20 9.791E-20 9.656E-20 9.217E-20 9.053E-20
 9.254E-20 9.262E-20 8.699E-20 7.965E-20 8.070E-20 9.045E-20 9.917E-20 9.686E-20 8.675E-20 8.330E-20
 9.130E-20 1.031E-19 1.080E-19 1.027E-19 9.229E-20 8.019E-20 7.173E-20 6.850E-20 6.814E-20 6.698E-20
 6.501E-20 6.849E-20 7.689E-20 8.768E-20 9.505E-20 9.810E-20 9.876E-20 9.805E-20 9.575E-20 9.163E-20
 8.871E-20 9.076E-20 9.627E-20 1.022E-19 1.053E-19 1.009E-19 9.083E-20 8.143E-20 8.003E-20 8.925E-20
 1.067E-19 1.229E-19 1.271E-19 1.212E-19 1.142E-19 1.088E-19 1.008E-19 8.804E-20 7.671E-20 7.217E-20
 7.707E-20 8.799E-20 9.950E-20 1.058E-19 1.033E-19 9.157E-20 7.882E-20 7.365E-20 7.753E-20 8.494E-20
 8.935E-20 8.297E-20 6.770E-20 5.652E-20 5.932E-20 7.238E-20 8.491E-20 8.938E-20 8.858E-20 8.694E-20
 8.671E-20 8.892E-20 9.385E-20 9.743E-20 9.481E-20 8.765E-20 8.413E-20 8.668E-20 8.995E-20 8.806E-20
 8.298E-20 7.833E-20 7.427E-20 7.615E-20 8.489E-20 9.728E-20 1.041E-19 9.544E-20 7.676E-20 6.467E-20
 6.436E-20 7.275E-20 7.996E-20 8.049E-20 7.671E-20 7.264E-20 6.615E-20 5.727E-20 5.138E-20 5.780E-20
 7.685E-20 9.334E-20 9.587E-20 8.813E-20 8.007E-20 7.658E-20 7.617E-20 7.864E-20 8.562E-20 9.490E-20
 9.891E-20 9.567E-20 8.925E-20 8.222E-20 8.070E-20 8.751E-20 1.004E-19 1.085E-19 1.048E-19 9.493E-20
 8.800E-20 9.237E-20 1.042E-19 1.159E-19 1.201E-19 1.190E-19 1.177E-19 1.218E-19 1.322E-19 1.415E-19
 1.419E-19 1.284E-19 1.050E-19 7.821E-20 5.806E-20 4.840E-20 4.925E-20 5.513E-20 6.391E-20 7.200E-20
 7.876E-20 8.638E-20 9.755E-20 1.109E-19 1.231E-19 1.272E-19 1.205E-19 1.062E-19 9.098E-20 8.256E-20
 8.357E-20 8.839E-20 9.086E-20 9.002E-20 8.538E-20 7.871E-20 7.521E-20 7.502E-20 7.796E-20 8.591E-20
 9.720E-20 1.047E-19 1.026E-19 9.057E-20 7.538E-20 6.303E-20 5.680E-20 5.817E-20 6.463E-20 7.090E-20
 7.725E-20 8.106E-20 8.003E-20 7.319E-20 6.790E-20 7.140E-20 8.073E-20 8.847E-20 9.139E-20 9.104E-20
 8.922E-20 8.523E-20 7.766E-20 6.804E-20 6.228E-20 6.499E-20 7.392E-20 8.603E-20 9.503E-20 9.812E-20
 9.677E-20 9.460E-20 9.518E-20 9.683E-20 9.671E-20 9.270E-20 8.814E-20 9.297E-20 1.083E-19 1.243E-19
 1.309E-19 1.276E-19 1.199E-19 1.153E-19 1.103E-19 1.011E-19 9.018E-20 8.196E-20 7.819E-20 7.500E-20
 6.887E-20 6.400E-20 6.431E-20 7.044E-20 7.556E-20 7.311E-20 6.166E-20 4.979E-20 4.382E-20 4.550E-20
 5.155E-20 5.967E-20 6.818E-20 7.742E-20 8.552E-20 9.063E-20 9.389E-20 9.537E-20 9.755E-20 1.000E-19
 9.822E-20 8.865E-20 7.185E-20 5.777E-20 5.588E-20 6.265E-20 7.127E-20 7.855E-20 8.525E-20 9.216E-20
 9.635E-20 9.837E-20 9.848E-20 9.492E-20 8.976E-20 8.751E-20 9.102E-20 9.626E-20 9.571E-20 9.066E-20
 8.618E-20 8.350E-20 8.383E-20 8.695E-20 9.337E-20 9.915E-20 9.994E-20 9.430E-20 8.770E-20 8.593E-20
 8.935E-20 9.647E-20 1.034E-19 1.035E-19 9.187E-20 7.490E-20 6.263E-20 6.264E-20 7.635E-20 9.697E-20
 1.114E-19 1.123E-19 1.044E-19 9.999E-20 1.052E-19 1.105E-19 1.071E-19 9.786E-20 9.506E-20 1.006E-19
 1.057E-19 1.046E-19 1.020E-19 9.988E-20 9.550E-20 8.550E-20 7.279E-20 6.410E-20 6.271E-20 6.989E-20
 8.403E-20 9.908E-20 1.084E-19 1.063E-19 9.169E-20 7.793E-20 7.505E-20 8.164E-20 9.176E-20 9.582E-20
 9.513E-20 9.618E-20 9.953E-20 9.900E-20 9.198E-20 8.550E-20 8.729E-20 9.323E-20 9.848E-20 1.008E-19
 9.935E-20 9.562E-20 9.471E-20 9.953E-20 1.073E-19 1.122E-19 1.088E-19 1.031E-19 1.014E-19 1.021E-19
 9.786E-20 9.005E-20 8.227E-20 7.770E-20 7.298E-20 6.884E-20 7.042E-20 8.223E-20 9.791E-20 1.104E-19
 1.126E-19 1.068E-19 9.488E-20 7.818E-20 6.609E-20 6.461E-20 7.199E-20 8.130E-20 8.862E-20 8.930E-20
 8.618E-20 8.196E-20 8.202E-20 8.775E-20 9.306E-20 9.585E-20 9.619E-20 9.890E-20 1.052E-19 1.103E-19
 1.157E-19 1.254E-19 1.323E-19 1.295E-19 1.186E-19 1.048E-19 9.582E-20 9.003E-20 8.256E-20 7.466E-20
 7.085E-20 7.336E-20 8.023E-20 8.592E-20 9.179E-20 1.000E-19 1.040E-19 9.709E-20 7.980E-20 6.281E-20
 6.093E-20 7.556E-20 9.290E-20 1.028E-19 1.012E-19 9.215E-20 7.866E-20 6.628E-20 6.097E-20 6.541E-20
 7.602E-20 8.825E-20 9.913E-20 1.074E-19 1.105E-19 1.058E-19 9.200E-20 8.034E-20 7.743E-20 8.122E-20
 8.599E-20 8.478E-20 7.860E-20 7.553E-20 7.778E-20 8.161E-20 8.531E-20 8.628E-20 8.310E-20 7.503E-20
 6.403E-20 5.366E-20 5.455E-20 6.709E-20 8.354E-20 9.560E-20 1.019E-19 1.042E-19 1.030E-19 9.920E-20
 9.887E-20 1.027E-19 1.093E-19 1.129E-19 1.116E-19 1.080E-19 1.029E-19 9.197E-20 7.836E-20 7.443E-20
 8.358E-20 9.370E-20 9.171E-20 8.093E-20 7.615E-20 8.712E-20 1.057E-19 1.147E-19 1.070E-19 8.847E-20
 7.184E-20 6.832E-20 7.344E-20 7.675E-20 7.346E-20 6.741E-20 6.230E-20 5.528E-20 4.693E-20 4.657E-20
 5.651E-20 6.497E-20 6.254E-20 5.287E-20 4.742E-20 5.140E-20 5.740E-20 6.192E-20 6.605E-20 6.950E-20
 6.758E-20 6.574E-20 6.805E-20 7.768E-20 8.828E-20 9.294E-20 9.145E-20 8.781E-20 8.695E-20 9.673E-20
 1.131E-19 1.204E-19 1.103E-19 9.208E-20 7.763E-20 7.297E-20 7.491E-20 8.041E-20 8.735E-20 9.340E-20
 9.140E-20 8.452E-20 8.218E-20 8.814E-20 9.687E-20 1.020E-19 1.033E-19 1.027E-19 1.007E-19 9.850E-20
 1.011E-19 1.081E-19 1.101E-19 1.005E-19 8.699E-20 8.107E-20 8.292E-20 8.523E-20 8.417E-20 8.481E-20
 9.096E-20 9.625E-20 9.747E-20 9.584E-20 9.110E-20 7.827E-20 5.881E-20 4.363E-20 4.284E-20 5.404E-20
 6.699E-20 7.533E-20 8.074E-20 8.434E-20 8.750E-20 9.203E-20 9.523E-20 9.366E-20 8.449E-20 7.810E-20
 8.133E-20 9.208E-20 1.023E-19 1.071E-19 1.104E-19 1.100E-19 9.899E-20 8.194E-20 6.727E-20 5.746E-20
 4.828E-20 4.052E-20 4.035E-20 4.512E-20 4.710E-20 4.690E-20 5.569E-20 7.375E-20 9.064E-20 9.796E-20
 9.598E-20 9.213E-20 8.978E-20 8.672E-20 8.289E-20 7.661E-20 7.021E-20 6.835E-20 7.180E-20 7.712E-20
 7.986E-20 8.394E-20 9.211E-20 9.904E-20 9.937E-20 9.475E-20 8.924E-20 8.296E-20 7.521E-20 7.014E-20
 6.851E-20 6.699E-20 6.571E-20 7.089E-20 8.088E-20 8.885E-20 9.003E-20 8.718E-20 8.544E-20 8.230E-20
 7.271E-20 5.669E-20 4.346E-20 3.849E-20 4.012E-20 4.641E-20 5.725E-20 7.005E-20 7.887E-20 8.591E-20
 9.387E-20 9.800E-20 9.599E-20 9.078E-20 8.395E-20 7.766E-20 7.237E-20 6.952E-20 6.975E-20 6.789E-20
 6.163E-20 5.816E-20 6.567E-20 8.294E-20 9.541E-20 9.510E-20 8.591E-20 7.893E-20 7.815E-20 7.613E-20
 6.931E-20 6.007E-20 4.894E-20 3.562E-20 2.675E-20 3.275E-20 5.533E-20 8.164E-20 1.001E-19 1.070E-19
 1.074E-19 1.055E-19 1.003E-19 8.818E-20 7.235E-20 5.923E-20 5.634E-20 6.624E-20 8.157E-20 9.139E-20
 9.263E-20 8.927E-20 8.516E-20 8.057E-20 7.184E-20 6.165E-20 5.492E-20 5.670E-20 6.961E-20 8.947E-20
 1.059E-19 1.052E-19 9.180E-20 7.979E-20 7.844E-20 8.234E-20 8.250E-20 7.706E-20 7.201E-20 6.703E-20
 5.989E-20 5.311E-20 5.276E-20 5.858E-20 6.815E-20 7.511E-20 7.982E-20 8.590E-20 9.092E-20 9.407E-20
 9.604E-20 9.383E-20 8.211E-20 6.476E-20 5.155E-20 4.861E-20 5.392E-20 5.970E-20 6.180E-20 6.070E-20
 5.748E-20 5.211E-20 4.968E-20 5.431E-20 6.383E-20 7.240E-20 7.786E-20 8.074E-20 7.881E-20 7.229E-20
 6.399E-20 5.987E-20 6.399E-20 7.749E-20 9.254E-20 9.938E-20 9.290E-20 7.704E-20 6.496E-20 6.345E-20
 7.109E-20 8.186E-20 8.860E-20 8.854E-20 8.322E-20 7.383E-20 6.863E-20 7.167E-20 7.544E-20 7.202E-20
 6.039E-20 5.324E-20 5.951E-20 7.307E-20 8.512E-20 9.037E-20 8.634E-20 7.311E-20 5.617E-20 4.645E-20
 4.744E-20 5.461E-20 6.134E-20 6.144E-20 5.754E-20 5.522E-20 5.713E-20 6.141E-20 6.608E-20 6.991E-20
 7.102E-20 7.235E-20 7.366E-20 7.161E-20 6.301E-20 5.266E-20 4.782E-20 4.916E-20 5.409E-20 6.158E-20
 7.278E-20 8.508E-20 9.181E-20 9.133E-20 8.891E-20 8.795E-20 8.640E-20 8.166E-20 7.536E-20 7.051E-20
 6.792E-20 6.556E-20 6.043E-20 5.046E-20 4.052E-20 3.540E-20 3.516E-20 3.745E-20 4.057E-20 4.529E-20
 5.406E-20 6.203E-20 6.285E-20 5.471E-20 4.467E-20 4.046E-20 4.469E-20 5.281E-20 5.955E-20 6.104E-20
 6.072E-20 6.370E-20 6.847E-20 7.068E-20 7.063E-20 6.980E-20 6.725E-20 6.284E-20 5.828E-20 5.500E-20
 5.375E-20 5.419E-20 5.740E-20 6.523E-20 7.310E-20 7.304E-20 6.591E-20 6.299E-20 7.074E-20 8.332E-20
 9.256E-20 9.695E-20 1.001E-19 1.004E-19 9.128E-20 7.540E-20 6.452E-20 6.661E-20 7.467E-20 7.995E-20
 7.989E-20 7.565E-20 7.089E-20 6.862E-20 7.343E-20 8.269E-20 8.685E-20 8.335E-20 7.746E-20 7.804E-20
 8.860E-20 9.987E-20 1.012E-19 9.336E-20 8.322E-20 7.362E-20 6.357E-20 5.445E-20 5.282E-20 6.154E-20
 7.379E-20 8.054E-20 7.900E-20 7.399E-20 7.211E-20 7.384E-20 7.642E-20 8.011E-20 8.425E-20 8.773E-20
 8.772E-20 8.341E-20 7.491E-20 6.514E-20 5.963E-20 5.875E-20 6.033E-20 6.396E-20 7.127E-20 8.353E-20
 9.639E-20 9.817E-20 8.351E-20 6.930E-20 7.012E-20 7.939E-20 8.407E-20 8.155E-20 7.751E-20 7.735E-20
 8.010E-20 8.328E-20 8.752E-20 9.093E-20 8.697E-20 7.289E-20 5.404E-20 3.817E-20 3.117E-20 3.571E-20
 4.859E-20 6.170E-20 7.067E-20 7.591E-20 8.145E-20 8.603E-20 8.333E-20 7.340E-20 6.277E-20 5.488E-20
 4.771E-20 3.918E-20 3.460E-20 4.011E-20 5.228E-20 6.169E-20 6.607E-20 6.814E-20 7.219E-20 7.920E-20
 8.666E-20 9.532E-20 1.007E-19 9.726E-20 8.450E-20 7.070E-20 6.363E-20 6.548E-20 7.193E-20 7.493E-20
 7.297E-20 6.905E-20 6.909E-20 7.205E-20 7.274E-20 7.034E-20 6.768E-20 6.684E-20 6.701E-20 6.542E-20
 6.361E-20 6.635E-20 7.293E-20 7.961E-20 8.363E-20 8.316E-20 7.971E-20 7.258E-20 6.165E-20 4.922E-20
 3.559E-20 2.397E-20 2.071E-20 2.562E-20 3.449E-20 4.162E-20 4.596E-20 4.826E-20 4.957E-20 5.337E-20
 6.076E-20 6.845E-20 6.873E-20 5.861E-20 4.424E-20 3.403E-20 3.653E-20 4.851E-20 5.815E-20 5.719E-20
 4.858E-20 3.971E-20 3.521E-20 3.526E-20 3.629E-20 3.805E-20 4.366E-20 5.459E-20 6.662E-20 6.994E-20
 6.259E-20 5.379E-20 4.994E-20 5.092E-20 5.516E-20 6.357E-20 7.701E-20 8.855E-20 8.801E-20 7.426E-20
 5.568E-20 4.308E-20 4.198E-20 5.142E-20 6.747E-20 8.475E-20 9.590E-20 9.495E-20 8.470E-20 7.425E-20
 7.052E-20 7.262E-20 7.608E-20 8.097E-20 8.881E-20 9.447E-20 9.366E-20 8.786E-20 7.878E-20 6.695E-20
 5.664E-20 5.305E-20 5.879E-20 6.923E-20 7.316E-20 6.536E-20 5.061E-20 3.511E-20 2.400E-20 2.233E-20
 2.967E-20 4.108E-20 4.871E-20 4.838E-20 4.472E-20 4.310E-20 4.516E-20 4.867E-20 4.944E-20 4.866E-20
 4.802E-20 4.684E-20 4.802E-20 4.972E-20 4.685E-20 3.636E-20 2.131E-20 9.363E-21 5.689E-21 7.291E-21
 1.168E-20 1.903E-20 2.772E-20 3.562E-20 3.950E-20 4.146E-20 4.408E-20 4.417E-20 4.072E-20 3.559E-20
 3.306E-20 3.364E-20 3.785E-20 4.622E-20 5.869E-20 6.965E-20 7.068E-20 6.469E-20 6.024E-20 5.917E-20
 5.610E-20 5.070E-20 4.929E-20 5.455E-20 6.232E-20 6.464E-20 5.824E-20 4.747E-20 3.748E-20 3.488E-20
 4.176E-20 5.133E-20 5.702E-20 5.796E-20 5.618E-20 5.339E-20 5.082E-20 4.962E-20 5.265E-20 5.956E-20
 6.777E-20 7.394E-20 7.567E-20 7.065E-20 6.068E-20 5.524E-20 6.105E-20 7.367E-20 8.395E-20 8.737E-20
 8.737E-20 8.677E-20 8.417E-20 7.717E-20 6.668E-20 5.797E-20 5.512E-20 5.786E-20 6.265E-20 6.432E-20
 6.421E-20 6.093E-20 5.594E-20 5.089E-20 4.604E-20 4.280E-20 4.009E-20 3.566E-20 2.986E-20 3.125E-20
 4.351E-20 5.735E-20 6.382E-20 6.128E-20 5.614E-20 5.457E-20 5.547E-20 5.604E-20 5.419E-20 5.250E-20
 5.714E-20 6.682E-20 7.629E-20 7.751E-20 6.469E-20 4.206E-20 2.274E-20 1.856E-20 2.769E-20 3.971E-20
 4.516E-20 4.343E-20 4.052E-20 3.847E-20 3.723E-20 3.575E-20 3.416E-20 3.603E-20 3.988E-20 4.078E-20
 4.006E-20 4.299E-20 5.299E-20 6.468E-20 6.949E-20 6.401E-20 5.321E-20 4.745E-20 4.905E-20 5.543E-20
 6.045E-20 6.275E-20 6.576E-20 7.112E-20 7.213E-20 6.428E-20 4.563E-20 2.327E-20 1.207E-20 1.893E-20
 3.393E-20 4.832E-20 5.703E-20 6.172E-20 6.631E-20 6.687E-20 5.883E-20 4.773E-20 4.463E-20 5.586E-20
 7.702E-20 9.404E-20 9.971E-20 9.198E-20 7.568E-20 6.319E-20 6.047E-20 6.497E-20 6.724E-20 6.266E-20
 5.343E-20 4.804E-20 4.971E-20 5.568E-20 6.059E-20 6.071E-20 5.527E-20 4.865E-20 4.804E-20 5.527E-20
 6.521E-20 7.124E-20 7.405E-20 7.723E-20 7.748E-20 6.792E-20 5.199E-20 4.056E-20 4.268E-20 5.061E-20
 5.195E-20 4.656E-20 3.961E-20 3.808E-20 4.249E-20 4.941E-20 5.769E-20 6.596E-20 6.895E-20 6.556E-20
 5.890E-20 5.191E-20 4.391E-20 3.080E-20 1.686E-20 1.295E-20 2.211E-20 3.688E-20 5.017E-20 5.766E-20
 6.075E-20 5.944E-20 5.208E-20 4.341E-20 4.058E-20 4.187E-20 4.383E-20 4.553E-20 5.049E-20 5.494E-20
 5.068E-20 3.547E-20 1.760E-20 9.021E-21 9.219E-21 1.291E-20 1.725E-20 2.350E-20 3.356E-20 4.511E-20
 5.490E-20 5.953E-20 5.581E-20 4.615E-20 3.722E-20 3.261E-20 3.195E-20 3.394E-20 3.703E-20 4.104E-20
 4.398E-20 4.820E-20 5.558E-20 6.161E-20 6.133E-20 5.458E-20 4.879E-20 4.843E-20 4.954E-20 4.605E-20
 3.862E-20 3.639E-20 4.496E-20 5.994E-20 7.092E-20 7.175E-20 6.741E-20 6.454E-20 6.222E-20 5.866E-20
 5.451E-20 5.081E-20 4.763E-20 4.474E-20 4.578E-20 5.239E-20 5.962E-20 5.915E-20 5.197E-20 4.967E-20
 5.604E-20 6.449E-20 6.764E-20 6.594E-20 6.857E-20 7.640E-20 7.872E-20 7.084E-20 6.075E-20 5.677E-20
 6.177E-20 6.959E-20 7.305E-20 7.084E-20 6.640E-20 6.488E-20 6.228E-20 5.430E-20 4.510E-20 3.954E-20
 3.767E-20 3.719E-20 3.824E-20 4.190E-20 4.421E-20 4.346E-20 4.392E-20 4.601E-20 4.525E-20 3.694E-20
 2.132E-20 1.075E-20 1.426E-20 2.529E-20 3.528E-20 4.349E-20 4.949E-20 4.800E-20 3.753E-20 2.443E-20
 1.726E-20 2.010E-20 2.759E-20 3.418E-20 3.842E-20 4.500E-20 5.598E-20 6.522E-20 6.510E-20 5.398E-20
 3.873E-20 1.753E-20 0.000E+00 0.000E+00 0.000E+00 0.000E+00 0.000E+00 0.000E+00
