  CCl2FCH3  709.9833  790.0315      9298    270.00     0.000 3.910E-18  HITRAN   HCFC-141b    air 31
 5.096E-21 7.269E-21 6.052E-21 8.045E-21 1.368E-20 2.015E-20 2.044E-20 1.355E-20 5.916E-21 2.335E-21
 4.886E-21 1.036E-20 1.328E-20 1.263E-20 1.008E-20 7.403E-21 7.356E-21 1.131E-20 1.537E-20 1.619E-20
 1.529E-20 1.436E-20 1.221E-20 1.009E-20 9.397E-21 1.010E-20 1.159E-20 1.278E-20 1.480E-20 1.620E-20
 1.499E-20 1.067E-20 5.707E-21 4.597E-21 8.243E-21 1.191E-20 1.153E-20 8.563E-21 6.283E-21 8.130E-21
 1.329E-20 1.571E-20 1.495E-20 1.454E-20 1.438E-20 1.136E-20 4.849E-21 6.860E-22 1.758E-21 7.245E-21
 1.318E-20 1.767E-20 2.035E-20 1.982E-20 1.303E-20 3.660E-21 0.000E+00 0.000E+00 0.000E+00 0.000E+00
 0.000E+00 0.000E+00 0.000E+00 0.000E+00 0.000E+00 0.000E+00 0.000E+00 1.713E-21 3.002E-21 1.263E-21
 0.000E+00 0.000E+00 0.000E+00 1.326E-21 3.805E-21 5.755E-21 7.735E-21 9.110E-21 7.497E-21 4.410E-21
 2.142E-21 3.316E-21 6.324E-21 6.553E-21 3.181E-21 5.280E-22 0.000E+00 0.000E+00 1.130E-21 2.511E-21
 1.202E-21 0.000E+00 0.000E+00 4.936E-21 1.406E-20 1.975E-20 1.810E-20 1.145E-20 4.750E-21 9.597E-22
 0.000E+00 0.000E+00 0.000E+00 0.000E+00 0.000E+00 0.000E+00 0.000E+00 0.000E+00 0.000E+00 0.000E+00
 0.000E+00 3.510E-21 1.246E-20 2.020E-20 2.305E-20 2.143E-20 1.596E-20 9.191E-21 6.716E-21 1.147E-20
 2.130E-20 2.749E-20 2.418E-20 1.744E-20 1.380E-20 1.473E-20 1.852E-20 1.887E-20 1.848E-20 2.263E-20
 2.810E-20 2.897E-20 2.436E-20 1.697E-20 9.235E-21 3.048E-21 8.870E-22 3.706E-21 8.741E-21 1.151E-20
 8.473E-21 2.473E-21 0.000E+00 0.000E+00 0.000E+00 0.000E+00 0.000E+00 0.000E+00 0.000E+00 0.000E+00
 0.000E+00 3.329E-21 5.614E-21 4.489E-21 3.761E-21 4.082E-21 2.781E-21 7.129E-22 0.000E+00 1.274E-21
 5.383E-21 9.578E-21 1.068E-20 8.951E-21 4.868E-21 3.232E-21 7.362E-21 1.523E-20 1.996E-20 1.530E-20
 5.163E-21 3.235E-22 0.000E+00 0.000E+00 0.000E+00 0.000E+00 0.000E+00 0.000E+00 0.000E+00 0.000E+00
 1.418E-21 1.733E-21 2.154E-21 5.529E-21 9.354E-21 1.044E-20 7.809E-21 3.414E-21 6.372E-22 0.000E+00
 0.000E+00 0.000E+00 0.000E+00 0.000E+00 0.000E+00 2.372E-21 3.896E-21 1.546E-21 0.000E+00 0.000E+00
 0.000E+00 0.000E+00 0.000E+00 0.000E+00 0.000E+00 3.344E-22 6.209E-21 1.507E-20 2.210E-20 2.716E-20
 2.942E-20 2.657E-20 2.034E-20 1.261E-20 5.847E-21 1.421E-21 0.000E+00 0.000E+00 0.000E+00 0.000E+00
 0.000E+00 0.000E+00 5.905E-22 3.923E-22 0.000E+00 0.000E+00 0.000E+00 2.585E-21 6.094E-21 7.213E-21
 7.364E-21 6.440E-21 6.739E-21 1.132E-20 1.643E-20 1.590E-20 9.633E-21 2.677E-21 7.208E-23 2.560E-21
 4.462E-21 4.074E-21 3.080E-21 1.208E-21 1.015E-22 0.000E+00 0.000E+00 0.000E+00 0.000E+00 0.000E+00
 0.000E+00 0.000E+00 2.941E-22 3.186E-21 3.807E-21 1.209E-21 0.000E+00 0.000E+00 0.000E+00 1.600E-21
 2.979E-21 1.265E-21 0.000E+00 0.000E+00 0.000E+00 0.000E+00 0.000E+00 0.000E+00 0.000E+00 6.595E-22
 8.345E-21 1.596E-20 1.415E-20 7.550E-21 2.855E-21 2.292E-21 1.094E-21 3.819E-24 0.000E+00 0.000E+00
 0.000E+00 0.000E+00 0.000E+00 0.000E+00 0.000E+00 0.000E+00 0.000E+00 0.000E+00 0.000E+00 0.000E+00
 0.000E+00 0.000E+00 0.000E+00 0.000E+00 0.000E+00 0.000E+00 0.000E+00 0.000E+00 0.000E+00 0.000E+00
 0.000E+00 0.000E+00 0.000E+00 0.000E+00 0.000E+00 7.330E-21 1.612E-20 1.828E-20 1.455E-20 7.721E-21
 1.859E-21 0.000E+00 3.073E-21 1.187E-20 2.082E-20 2.446E-20 2.295E-20 1.908E-20 1.269E-20 4.032E-21
 1.659E-22 0.000E+00 0.000E+00 0.000E+00 0.000E+00 0.000E+00 2.623E-21 6.839E-21 9.063E-21 9.901E-21
 9.851E-21 7.129E-21 2.590E-21 2.783E-22 0.000E+00 0.000E+00 1.158E-21 1.727E-21 6.298E-22 0.000E+00
 0.000E+00 0.000E+00 4.300E-21 8.513E-21 9.162E-21 1.007E-20 1.303E-20 1.627E-20 1.477E-20 8.640E-21
 3.136E-21 5.562E-22 0.000E+00 0.000E+00 0.000E+00 0.000E+00 1.894E-21 1.169E-20 2.090E-20 2.094E-20
 1.422E-20 4.223E-21 0.000E+00 0.000E+00 2.296E-21 1.446E-21 0.000E+00 0.000E+00 0.000E+00 3.204E-21
 4.801E-21 1.751E-21 0.000E+00 0.000E+00 0.000E+00 1.597E-21 5.381E-21 7.344E-21 4.593E-21 1.072E-21
 0.000E+00 3.854E-21 1.352E-20 2.238E-20 2.314E-20 1.748E-20 1.083E-20 8.356E-21 1.130E-20 1.494E-20
 1.421E-20 7.543E-21 1.575E-21 0.000E+00 0.000E+00 0.000E+00 0.000E+00 5.823E-22 3.621E-22 0.000E+00
 7.710E-22 6.286E-21 1.411E-20 1.697E-20 9.642E-21 1.958E-21 0.000E+00 0.000E+00 0.000E+00 2.009E-21
 7.279E-21 8.363E-21 2.863E-21 0.000E+00 0.000E+00 0.000E+00 0.000E+00 6.382E-21 1.282E-20 1.233E-20
 8.707E-21 8.263E-21 1.183E-20 1.496E-20 1.259E-20 6.277E-21 2.816E-21 2.982E-21 1.287E-21 0.000E+00
 0.000E+00 2.151E-22 1.029E-20 2.276E-20 2.817E-20 2.562E-20 1.597E-20 4.311E-21 0.000E+00 0.000E+00
 2.676E-21 1.098E-20 1.747E-20 1.972E-20 1.944E-20 1.849E-20 1.645E-20 1.298E-20 1.002E-20 9.744E-21
 1.023E-20 8.700E-21 4.431E-21 9.161E-22 0.000E+00 0.000E+00 0.000E+00 0.000E+00 6.980E-22 6.196E-21
 1.120E-20 1.093E-20 7.382E-21 3.473E-21 7.869E-22 0.000E+00 1.726E-21 2.409E-21 8.257E-22 0.000E+00
 5.100E-21 1.176E-20 1.084E-20 3.381E-21 0.000E+00 0.000E+00 0.000E+00 0.000E+00 3.310E-21 7.219E-21
 7.911E-21 6.628E-21 5.238E-21 6.023E-21 8.148E-21 1.006E-20 1.111E-20 1.209E-20 1.316E-20 1.368E-20
 1.447E-20 1.545E-20 1.537E-20 1.407E-20 1.181E-20 8.032E-21 5.084E-21 3.521E-21 1.138E-21 0.000E+00
 0.000E+00 0.000E+00 0.000E+00 0.000E+00 0.000E+00 0.000E+00 8.005E-22 4.935E-21 9.299E-21 1.105E-20
 9.072E-21 3.720E-21 4.962E-22 5.149E-22 1.702E-21 8.295E-22 0.000E+00 0.000E+00 0.000E+00 0.000E+00
 0.000E+00 0.000E+00 0.000E+00 0.000E+00 0.000E+00 0.000E+00 0.000E+00 9.676E-22 3.158E-21 4.317E-21
 5.579E-21 9.112E-21 1.358E-20 1.848E-20 2.141E-20 2.036E-20 1.687E-20 1.307E-20 9.628E-21 6.000E-21
 1.699E-21 0.000E+00 0.000E+00 0.000E+00 4.772E-22 9.169E-21 1.943E-20 2.202E-20 1.735E-20 1.275E-20
 1.051E-20 5.146E-21 8.704E-22 0.000E+00 2.197E-21 7.467E-21 8.129E-21 3.839E-21 4.366E-21 9.760E-21
 1.328E-20 7.238E-21 1.217E-21 0.000E+00 0.000E+00 0.000E+00 0.000E+00 0.000E+00 0.000E+00 0.000E+00
 0.000E+00 0.000E+00 2.928E-21 1.007E-20 1.651E-20 1.628E-20 6.480E-21 5.570E-22 0.000E+00 0.000E+00
 0.000E+00 0.000E+00 2.701E-21 9.766E-21 1.709E-20 2.450E-20 3.021E-20 3.050E-20 2.411E-20 1.538E-20
 8.609E-21 4.122E-21 1.483E-21 2.784E-22 0.000E+00 0.000E+00 0.000E+00 0.000E+00 0.000E+00 0.000E+00
 8.152E-21 1.996E-20 1.926E-20 6.020E-21 0.000E+00 0.000E+00 0.000E+00 5.230E-22 2.292E-21 6.047E-21
 1.338E-20 1.959E-20 1.987E-20 1.404E-20 4.757E-21 3.983E-22 0.000E+00 0.000E+00 0.000E+00 0.000E+00
 0.000E+00 8.246E-22 3.775E-21 7.145E-21 6.643E-21 4.384E-21 4.747E-21 1.009E-20 1.713E-20 2.097E-20
 1.707E-20 6.353E-21 6.430E-22 0.000E+00 6.552E-22 5.181E-21 7.664E-21 3.909E-21 6.294E-22 0.000E+00
 8.894E-24 5.035E-24 0.000E+00 0.000E+00 0.000E+00 5.023E-21 1.202E-20 1.346E-20 8.683E-21 2.363E-21
 5.499E-23 2.645E-23 3.985E-21 1.204E-20 2.306E-20 3.190E-20 3.447E-20 3.066E-20 2.352E-20 1.495E-20
 7.069E-21 3.484E-21 6.987E-21 1.672E-20 2.377E-20 2.322E-20 1.679E-20 9.118E-21 4.750E-21 4.437E-21
 8.729E-21 1.529E-20 1.799E-20 1.558E-20 1.048E-20 7.712E-21 7.697E-21 5.876E-21 1.976E-21 8.184E-22
 4.497E-21 1.053E-20 1.556E-20 1.676E-20 1.391E-20 7.990E-21 1.973E-21 0.000E+00 0.000E+00 0.000E+00
 2.213E-21 4.974E-21 5.291E-21 3.439E-21 9.191E-22 0.000E+00 0.000E+00 0.000E+00 0.000E+00 1.849E-21
 5.945E-21 1.200E-20 1.821E-20 2.421E-20 2.917E-20 3.020E-20 2.838E-20 2.287E-20 1.748E-20 1.714E-20
 2.327E-20 2.919E-20 3.075E-20 2.526E-20 1.632E-20 1.146E-20 1.074E-20 1.003E-20 5.294E-21 1.040E-21
 0.000E+00 0.000E+00 0.000E+00 1.159E-20 2.489E-20 2.571E-20 1.609E-20 6.805E-21 4.834E-21 1.190E-20
 2.371E-20 3.024E-20 2.564E-20 1.360E-20 4.878E-21 3.751E-21 6.153E-21 6.401E-21 4.650E-21 4.002E-21
 2.950E-21 1.488E-21 3.580E-22 0.000E+00 0.000E+00 0.000E+00 6.385E-21 1.712E-20 2.480E-20 2.610E-20
 2.272E-20 1.651E-20 1.097E-20 8.462E-21 9.480E-21 1.226E-20 1.306E-20 1.294E-20 1.457E-20 1.637E-20
 1.390E-20 4.653E-21 1.839E-22 0.000E+00 0.000E+00 4.065E-21 8.735E-21 7.660E-21 4.578E-21 4.478E-21
 7.265E-21 1.024E-20 9.483E-21 8.224E-21 9.514E-21 1.253E-20 1.697E-20 2.267E-20 2.550E-20 2.184E-20
 1.312E-20 7.973E-21 1.326E-20 2.425E-20 2.753E-20 1.674E-20 3.901E-21 0.000E+00 0.000E+00 0.000E+00
 0.000E+00 0.000E+00 7.305E-21 1.616E-20 1.996E-20 1.626E-20 9.645E-21 7.818E-21 1.449E-20 2.194E-20
 2.459E-20 2.299E-20 2.088E-20 2.039E-20 2.281E-20 2.497E-20 2.500E-20 1.916E-20 9.753E-21 5.435E-21
 4.950E-21 6.124E-21 7.379E-21 1.024E-20 1.499E-20 1.843E-20 1.738E-20 1.553E-20 1.517E-20 1.371E-20
 9.288E-21 5.237E-21 5.127E-21 8.146E-21 1.053E-20 1.142E-20 1.210E-20 1.442E-20 1.941E-20 2.642E-20
 3.195E-20 3.302E-20 2.894E-20 2.482E-20 2.395E-20 2.493E-20 2.650E-20 2.579E-20 2.159E-20 1.574E-20
 1.031E-20 7.764E-21 1.048E-20 1.459E-20 1.571E-20 1.233E-20 5.050E-21 7.364E-22 0.000E+00 0.000E+00
 0.000E+00 0.000E+00 0.000E+00 0.000E+00 0.000E+00 0.000E+00 0.000E+00 8.331E-22 4.664E-21 1.115E-20
 1.758E-20 2.228E-20 2.270E-20 2.080E-20 1.995E-20 2.134E-20 2.080E-20 1.734E-20 1.312E-20 1.070E-20
 1.098E-20 1.081E-20 8.737E-21 4.181E-21 7.833E-22 0.000E+00 9.303E-22 4.565E-21 8.089E-21 1.046E-20
 1.317E-20 1.496E-20 1.431E-20 1.237E-20 1.218E-20 1.418E-20 1.625E-20 1.665E-20 1.526E-20 1.322E-20
 9.623E-21 6.257E-21 6.005E-21 8.070E-21 1.109E-20 1.479E-20 1.859E-20 2.294E-20 2.817E-20 3.387E-20
 3.801E-20 3.699E-20 3.076E-20 2.220E-20 1.821E-20 2.081E-20 2.383E-20 2.038E-20 1.023E-20 2.075E-21
 0.000E+00 0.000E+00 0.000E+00 2.260E-22 1.184E-20 2.439E-20 2.716E-20 2.125E-20 1.359E-20 6.314E-21
 1.299E-21 0.000E+00 0.000E+00 8.732E-21 1.992E-20 2.355E-20 2.012E-20 1.485E-20 1.185E-20 1.262E-20
 1.624E-20 2.405E-20 3.180E-20 3.192E-20 2.411E-20 1.369E-20 5.885E-21 3.551E-21 4.231E-21 3.224E-21
 8.432E-22 3.388E-22 4.015E-21 1.114E-20 1.705E-20 2.187E-20 2.658E-20 2.601E-20 2.090E-20 1.650E-20
 1.883E-20 2.652E-20 2.937E-20 2.266E-20 1.243E-20 7.093E-21 9.105E-21 1.474E-20 1.808E-20 1.699E-20
 1.260E-20 8.173E-21 5.473E-21 4.578E-21 4.861E-21 6.822E-21 7.589E-21 6.523E-21 2.795E-21 3.956E-22
 0.000E+00 0.000E+00 0.000E+00 2.804E-21 8.263E-21 1.190E-20 1.311E-20 1.371E-20 1.666E-20 1.958E-20
 1.824E-20 1.321E-20 6.699E-21 1.473E-21 0.000E+00 0.000E+00 0.000E+00 0.000E+00 4.094E-21 1.034E-20
 1.529E-20 1.800E-20 1.881E-20 1.802E-20 1.452E-20 1.146E-20 1.077E-20 1.461E-20 1.718E-20 1.262E-20
 3.360E-21 0.000E+00 8.295E-22 2.897E-21 1.220E-21 0.000E+00 0.000E+00 1.009E-21 7.694E-21 1.733E-20
 2.512E-20 2.890E-20 2.817E-20 2.323E-20 1.923E-20 1.638E-20 1.240E-20 8.260E-21 7.217E-21 8.298E-21
 9.791E-21 1.003E-20 9.000E-21 8.613E-21 1.017E-20 1.240E-20 1.380E-20 1.398E-20 1.439E-20 1.743E-20
 2.478E-20 3.108E-20 3.101E-20 2.559E-20 1.991E-20 1.973E-20 2.399E-20 2.601E-20 2.107E-20 1.130E-20
 3.919E-21 3.577E-21 9.890E-21 2.083E-20 3.225E-20 3.904E-20 4.002E-20 3.468E-20 2.724E-20 2.291E-20
 1.913E-20 1.479E-20 1.332E-20 1.751E-20 2.302E-20 2.293E-20 1.706E-20 9.230E-21 2.148E-21 0.000E+00
 0.000E+00 0.000E+00 1.303E-21 6.277E-21 6.056E-21 1.602E-21 0.000E+00 3.104E-21 1.062E-20 2.104E-20
 2.994E-20 3.506E-20 3.385E-20 2.792E-20 2.173E-20 1.715E-20 9.841E-21 2.250E-21 0.000E+00 5.703E-22
 4.209E-21 3.461E-21 7.552E-22 3.549E-22 5.659E-21 1.292E-20 1.470E-20 1.162E-20 7.394E-21 8.446E-21
 1.641E-20 2.798E-20 3.430E-20 2.942E-20 1.741E-20 7.708E-21 5.556E-21 1.079E-20 2.057E-20 3.130E-20
 3.779E-20 3.601E-20 2.836E-20 2.013E-20 1.303E-20 6.614E-21 1.473E-21 0.000E+00 1.382E-21 7.213E-21
 1.565E-20 2.042E-20 1.764E-20 5.070E-21 0.000E+00 0.000E+00 0.000E+00 0.000E+00 2.635E-21 9.281E-21
 1.264E-20 1.148E-20 1.171E-20 1.570E-20 2.073E-20 2.210E-20 1.799E-20 1.153E-20 6.062E-21 2.975E-21
 1.965E-21 5.406E-21 1.601E-20 3.005E-20 3.811E-20 3.773E-20 3.143E-20 2.354E-20 1.551E-20 1.061E-20
 8.767E-21 8.729E-21 1.083E-20 1.872E-20 3.001E-20 3.652E-20 3.282E-20 2.430E-20 1.946E-20 2.018E-20
 2.274E-20 2.474E-20 2.460E-20 2.008E-20 1.218E-20 3.334E-21 1.655E-22 0.000E+00 0.000E+00 5.678E-22
 2.525E-21 6.288E-21 9.592E-21 1.169E-20 1.438E-20 1.746E-20 2.201E-20 2.648E-20 2.956E-20 2.785E-20
 2.005E-20 1.264E-20 1.200E-20 1.721E-20 2.248E-20 2.580E-20 2.607E-20 2.403E-20 2.231E-20 2.189E-20
 1.988E-20 1.598E-20 1.158E-20 1.014E-20 1.357E-20 1.652E-20 1.599E-20 1.418E-20 1.316E-20 1.522E-20
 1.842E-20 1.982E-20 1.931E-20 1.368E-20 3.514E-21 0.000E+00 0.000E+00 0.000E+00 0.000E+00 0.000E+00
 0.000E+00 5.617E-21 1.623E-20 2.545E-20 3.061E-20 3.221E-20 3.142E-20 3.328E-20 3.885E-20 4.175E-20
 3.473E-20 1.962E-20 7.640E-21 6.841E-21 1.649E-20 2.838E-20 3.503E-20 3.409E-20 2.690E-20 1.574E-20
 4.709E-21 4.498E-22 0.000E+00 6.631E-22 2.847E-21 2.569E-21 6.386E-22 0.000E+00 7.489E-21 2.145E-20
 3.234E-20 3.261E-20 2.439E-20 1.644E-20 1.344E-20 1.217E-20 1.017E-20 1.024E-20 1.591E-20 2.443E-20
 3.329E-20 3.519E-20 3.141E-20 2.533E-20 1.626E-20 4.614E-21 2.586E-22 0.000E+00 0.000E+00 5.094E-21
 9.922E-21 1.121E-20 9.885E-21 8.142E-21 5.554E-21 4.095E-21 4.996E-21 7.111E-21 6.372E-21 3.815E-21
 3.824E-21 1.028E-20 1.909E-20 2.368E-20 2.211E-20 1.679E-20 1.152E-20 8.824E-21 1.478E-20 2.854E-20
 4.170E-20 4.618E-20 4.366E-20 3.689E-20 2.848E-20 2.131E-20 1.873E-20 2.120E-20 2.588E-20 2.735E-20
 2.495E-20 2.668E-20 3.072E-20 3.225E-20 2.743E-20 2.054E-20 1.499E-20 1.046E-20 7.995E-21 9.414E-21
 1.412E-20 1.944E-20 1.976E-20 1.235E-20 2.834E-21 0.000E+00 0.000E+00 0.000E+00 0.000E+00 4.580E-21
 7.972E-21 5.112E-21 1.090E-21 0.000E+00 1.772E-21 7.587E-21 1.394E-20 1.742E-20 1.724E-20 1.104E-20
 2.570E-21 0.000E+00 0.000E+00 0.000E+00 0.000E+00 8.553E-22 4.421E-21 9.933E-21 1.407E-20 1.591E-20
 1.222E-20 6.687E-21 4.107E-21 3.649E-21 5.021E-21 8.749E-21 1.447E-20 1.946E-20 2.008E-20 1.634E-20
 1.120E-20 6.368E-21 4.861E-21 7.431E-21 1.220E-20 1.782E-20 2.101E-20 2.187E-20 2.073E-20 1.365E-20
 5.281E-21 2.148E-21 3.526E-21 6.425E-21 5.366E-21 2.996E-21 1.398E-21 2.964E-22 0.000E+00 0.000E+00
 0.000E+00 0.000E+00 3.919E-21 4.942E-21 1.884E-21 2.767E-21 1.045E-20 2.173E-20 3.068E-20 3.127E-20
 2.505E-20 1.779E-20 1.480E-20 1.747E-20 2.076E-20 1.952E-20 1.359E-20 7.620E-21 4.370E-21 5.343E-21
 5.363E-21 2.054E-21 2.320E-22 0.000E+00 0.000E+00 2.131E-21 8.639E-21 1.401E-20 1.359E-20 9.323E-21
 5.226E-21 6.201E-21 1.282E-20 1.878E-20 1.963E-20 1.516E-20 1.180E-20 1.384E-20 1.923E-20 2.558E-20
 3.100E-20 3.721E-20 3.978E-20 3.762E-20 3.395E-20 3.348E-20 3.445E-20 3.344E-20 2.850E-20 2.143E-20
 1.577E-20 1.069E-20 6.512E-21 3.394E-21 1.567E-21 1.027E-21 2.848E-22 0.000E+00 0.000E+00 0.000E+00
 0.000E+00 0.000E+00 3.697E-21 1.613E-20 2.809E-20 3.503E-20 3.921E-20 3.950E-20 3.512E-20 3.315E-20
 3.340E-20 3.077E-20 2.071E-20 4.960E-21 0.000E+00 0.000E+00 4.315E-21 1.232E-20 1.713E-20 1.757E-20
 1.455E-20 1.308E-20 1.728E-20 2.484E-20 2.957E-20 2.608E-20 1.811E-20 1.338E-20 1.344E-20 1.694E-20
 1.832E-20 1.434E-20 3.673E-21 0.000E+00 0.000E+00 0.000E+00 6.640E-21 1.383E-20 1.727E-20 1.862E-20
 1.553E-20 8.602E-21 2.257E-21 1.535E-21 3.357E-21 3.603E-21 2.399E-21 3.681E-21 7.799E-21 1.090E-20
 1.064E-20 7.212E-21 1.719E-21 0.000E+00 0.000E+00 0.000E+00 0.000E+00 0.000E+00 0.000E+00 0.000E+00
 0.000E+00 0.000E+00 0.000E+00 0.000E+00 4.293E-21 1.104E-20 1.662E-20 2.068E-20 2.460E-20 2.578E-20
 2.414E-20 2.401E-20 2.597E-20 2.467E-20 1.720E-20 8.537E-21 7.572E-21 1.169E-20 1.435E-20 1.293E-20
 1.062E-20 1.017E-20 1.189E-20 1.366E-20 1.329E-20 1.195E-20 1.070E-20 1.055E-20 1.571E-20 2.646E-20
 3.606E-20 3.650E-20 2.782E-20 2.138E-20 2.294E-20 3.079E-20 3.841E-20 4.344E-20 4.236E-20 3.506E-20
 2.606E-20 2.150E-20 2.511E-20 3.020E-20 3.135E-20 2.963E-20 3.087E-20 3.526E-20 3.721E-20 3.440E-20
 2.665E-20 1.741E-20 1.067E-20 9.295E-21 1.518E-20 2.504E-20 3.192E-20 3.448E-20 3.691E-20 3.793E-20
 3.433E-20 2.611E-20 1.788E-20 1.331E-20 1.146E-20 9.895E-21 8.986E-21 1.127E-20 1.685E-20 1.946E-20
 1.722E-20 1.254E-20 1.072E-20 1.403E-20 2.020E-20 2.484E-20 2.716E-20 2.693E-20 2.500E-20 2.432E-20
 2.777E-20 3.243E-20 3.133E-20 2.288E-20 1.374E-20 1.080E-20 1.417E-20 1.672E-20 1.459E-20 1.109E-20
 1.119E-20 1.475E-20 2.009E-20 2.315E-20 2.649E-20 3.117E-20 3.441E-20 3.235E-20 2.539E-20 1.898E-20
 2.021E-20 2.877E-20 3.743E-20 4.149E-20 4.041E-20 3.643E-20 2.803E-20 1.581E-20 6.048E-21 3.453E-21
 5.343E-21 8.719E-21 1.567E-20 2.798E-20 4.343E-20 5.305E-20 5.062E-20 3.796E-20 2.146E-20 9.277E-21
 3.408E-21 1.989E-21 8.132E-22 1.116E-22 0.000E+00 0.000E+00 4.385E-21 9.884E-21 1.338E-20 1.525E-20
 1.799E-20 1.830E-20 1.421E-20 7.989E-21 3.802E-21 5.174E-21 1.020E-20 1.338E-20 1.480E-20 1.854E-20
 2.465E-20 2.942E-20 2.800E-20 2.277E-20 1.830E-20 1.518E-20 1.128E-20 1.044E-20 1.642E-20 2.453E-20
 2.953E-20 2.859E-20 2.370E-20 1.649E-20 8.230E-21 2.869E-21 2.123E-21 4.911E-21 8.162E-21 1.348E-20
 2.091E-20 2.564E-20 2.432E-20 2.169E-20 2.319E-20 2.668E-20 2.520E-20 1.723E-20 1.059E-20 1.071E-20
 1.412E-20 1.615E-20 1.747E-20 1.945E-20 2.298E-20 2.776E-20 3.141E-20 3.172E-20 2.965E-20 2.587E-20
 2.310E-20 2.410E-20 2.607E-20 2.574E-20 2.341E-20 2.139E-20 2.007E-20 1.578E-20 6.180E-21 8.566E-22
 0.000E+00 4.014E-22 5.791E-21 1.044E-20 1.341E-20 1.577E-20 1.709E-20 1.646E-20 1.285E-20 1.067E-20
 9.914E-21 1.158E-20 1.686E-20 2.306E-20 2.459E-20 1.751E-20 7.023E-21 1.105E-21 0.000E+00 3.732E-22
 3.277E-22 6.988E-23 0.000E+00 0.000E+00 0.000E+00 0.000E+00 4.788E-21 1.077E-20 1.392E-20 2.012E-20
 3.026E-20 3.867E-20 3.808E-20 3.007E-20 2.264E-20 1.814E-20 1.583E-20 1.334E-20 9.309E-21 6.764E-21
 1.165E-20 2.301E-20 3.494E-20 3.976E-20 3.701E-20 2.927E-20 2.269E-20 1.715E-20 1.084E-20 2.594E-21
 6.641E-23 0.000E+00 5.338E-21 1.804E-20 2.802E-20 3.141E-20 2.696E-20 1.926E-20 1.262E-20 9.161E-21
 6.699E-21 3.316E-21 6.160E-22 0.000E+00 0.000E+00 0.000E+00 2.617E-21 1.125E-20 1.630E-20 1.652E-20
 1.493E-20 1.491E-20 2.024E-20 2.661E-20 2.973E-20 2.922E-20 2.864E-20 3.219E-20 3.588E-20 3.292E-20
 2.222E-20 1.054E-20 6.501E-21 1.311E-20 2.559E-20 3.371E-20 3.355E-20 2.762E-20 2.427E-20 2.664E-20
 2.931E-20 2.417E-20 1.189E-20 2.160E-21 0.000E+00 0.000E+00 0.000E+00 0.000E+00 2.831E-21 9.978E-22
 0.000E+00 0.000E+00 2.586E-21 1.076E-20 1.576E-20 1.777E-20 2.156E-20 2.893E-20 3.473E-20 3.300E-20
 2.363E-20 1.609E-20 2.250E-20 4.093E-20 5.664E-20 5.906E-20 5.065E-20 4.197E-20 3.586E-20 3.058E-20
 2.538E-20 2.474E-20 2.894E-20 3.469E-20 4.035E-20 4.333E-20 4.146E-20 3.535E-20 2.697E-20 2.071E-20
 2.003E-20 2.308E-20 2.690E-20 2.827E-20 2.729E-20 2.640E-20 2.949E-20 3.742E-20 4.263E-20 3.725E-20
 2.282E-20 1.126E-20 8.699E-21 1.232E-20 1.590E-20 1.695E-20 1.484E-20 9.283E-21 2.079E-21 4.310E-23
 0.000E+00 2.858E-21 1.604E-20 2.992E-20 3.510E-20 3.365E-20 3.024E-20 2.669E-20 2.264E-20 1.861E-20
 1.952E-20 2.481E-20 2.974E-20 3.122E-20 3.034E-20 2.939E-20 2.635E-20 2.313E-20 2.395E-20 3.067E-20
 3.702E-20 3.401E-20 2.631E-20 2.113E-20 2.143E-20 2.342E-20 2.319E-20 2.316E-20 2.464E-20 2.348E-20
 1.794E-20 1.192E-20 1.141E-20 1.409E-20 1.834E-20 2.130E-20 2.293E-20 2.219E-20 2.012E-20 1.796E-20
 1.826E-20 2.202E-20 2.516E-20 2.591E-20 2.616E-20 2.496E-20 2.319E-20 2.182E-20 2.038E-20 1.926E-20
 2.194E-20 2.866E-20 3.604E-20 4.070E-20 3.904E-20 3.380E-20 3.112E-20 3.082E-20 2.708E-20 1.794E-20
 1.153E-20 1.375E-20 2.044E-20 2.350E-20 2.403E-20 2.471E-20 2.643E-20 2.653E-20 2.280E-20 1.793E-20
 1.520E-20 1.551E-20 1.931E-20 2.547E-20 2.756E-20 2.137E-20 1.055E-20 3.514E-21 4.081E-21 8.673E-21
 1.403E-20 2.112E-20 2.721E-20 2.661E-20 1.741E-20 6.346E-21 8.994E-22 4.516E-21 1.398E-20 2.307E-20
 2.824E-20 2.989E-20 3.005E-20 2.738E-20 2.218E-20 1.627E-20 1.407E-20 1.790E-20 2.282E-20 2.397E-20
 2.318E-20 2.577E-20 3.072E-20 3.646E-20 3.755E-20 3.062E-20 1.572E-20 2.853E-21 0.000E+00 0.000E+00
 1.222E-21 1.393E-20 2.997E-20 4.298E-20 4.687E-20 4.154E-20 3.481E-20 3.306E-20 3.386E-20 3.390E-20
 3.248E-20 3.391E-20 4.047E-20 4.573E-20 4.877E-20 4.943E-20 4.907E-20 4.555E-20 3.993E-20 3.485E-20
 3.121E-20 2.614E-20 2.147E-20 1.760E-20 1.674E-20 2.181E-20 2.984E-20 3.674E-20 4.050E-20 4.316E-20
 4.785E-20 5.292E-20 5.405E-20 4.745E-20 3.495E-20 2.061E-20 1.049E-20 6.317E-21 8.426E-21 1.635E-20
 2.459E-20 2.950E-20 2.925E-20 2.458E-20 1.853E-20 1.370E-20 1.112E-20 1.150E-20 1.281E-20 1.328E-20
 1.365E-20 1.407E-20 1.453E-20 1.584E-20 1.885E-20 2.454E-20 3.042E-20 3.147E-20 2.719E-20 2.153E-20
 1.618E-20 1.352E-20 1.135E-20 9.942E-21 1.582E-20 2.764E-20 3.693E-20 3.807E-20 3.449E-20 3.809E-20
 5.189E-20 6.487E-20 6.744E-20 6.204E-20 5.343E-20 4.519E-20 3.786E-20 3.320E-20 3.334E-20 3.729E-20
 4.239E-20 4.601E-20 4.699E-20 4.627E-20 4.451E-20 4.115E-20 3.738E-20 3.352E-20 3.190E-20 3.288E-20
 3.268E-20 3.034E-20 2.743E-20 2.596E-20 2.714E-20 3.116E-20 3.726E-20 4.035E-20 3.810E-20 3.163E-20
 2.523E-20 2.400E-20 2.817E-20 3.207E-20 3.180E-20 2.900E-20 2.363E-20 1.870E-20 1.943E-20 2.435E-20
 2.633E-20 2.169E-20 1.486E-20 1.324E-20 1.875E-20 2.806E-20 3.710E-20 4.116E-20 3.837E-20 3.006E-20
 2.358E-20 2.677E-20 3.388E-20 3.728E-20 3.107E-20 2.164E-20 1.617E-20 1.866E-20 2.507E-20 3.051E-20
 2.967E-20 2.484E-20 2.661E-20 3.575E-20 4.401E-20 4.198E-20 3.414E-20 2.539E-20 2.131E-20 2.172E-20
 2.496E-20 3.076E-20 3.566E-20 3.564E-20 2.992E-20 2.488E-20 2.423E-20 2.874E-20 3.413E-20 3.900E-20
 4.090E-20 3.883E-20 3.432E-20 3.143E-20 3.234E-20 3.637E-20 3.755E-20 3.352E-20 2.675E-20 2.270E-20
 2.539E-20 3.245E-20 3.410E-20 2.872E-20 2.308E-20 2.328E-20 3.032E-20 3.682E-20 3.946E-20 4.055E-20
 4.061E-20 3.899E-20 3.522E-20 2.934E-20 2.441E-20 2.302E-20 2.414E-20 2.473E-20 2.349E-20 1.997E-20
 2.000E-20 2.686E-20 3.615E-20 4.090E-20 3.926E-20 3.346E-20 3.240E-20 3.627E-20 4.083E-20 4.086E-20
 3.578E-20 2.977E-20 2.811E-20 2.863E-20 2.909E-20 2.661E-20 2.496E-20 2.401E-20 2.298E-20 2.282E-20
 2.250E-20 2.610E-20 3.221E-20 3.653E-20 3.531E-20 3.156E-20 3.202E-20 4.006E-20 5.100E-20 5.903E-20
 5.761E-20 4.930E-20 3.808E-20 2.859E-20 2.585E-20 2.959E-20 3.613E-20 3.863E-20 3.992E-20 3.821E-20
 3.519E-20 3.158E-20 2.815E-20 2.584E-20 2.767E-20 3.165E-20 3.269E-20 2.634E-20 1.401E-20 5.279E-21
 7.753E-21 1.927E-20 3.317E-20 4.418E-20 5.047E-20 5.194E-20 5.113E-20 5.190E-20 5.527E-20 5.754E-20
 5.547E-20 4.848E-20 3.891E-20 3.175E-20 2.616E-20 2.244E-20 2.026E-20 1.535E-20 1.145E-20 1.183E-20
 1.560E-20 1.984E-20 2.205E-20 2.134E-20 1.838E-20 1.827E-20 2.468E-20 3.573E-20 4.306E-20 4.005E-20
 3.423E-20 3.657E-20 4.674E-20 5.629E-20 5.594E-20 4.877E-20 4.360E-20 4.375E-20 4.523E-20 4.855E-20
 5.174E-20 5.069E-20 4.595E-20 3.670E-20 2.319E-20 1.266E-20 7.440E-21 7.420E-21 1.163E-20 1.867E-20
 2.818E-20 3.960E-20 4.756E-20 4.702E-20 4.098E-20 3.299E-20 2.414E-20 1.627E-20 1.522E-20 2.277E-20
 2.923E-20 3.062E-20 3.185E-20 3.683E-20 4.395E-20 4.471E-20 3.658E-20 2.526E-20 1.998E-20 2.179E-20
 2.593E-20 3.019E-20 3.434E-20 3.608E-20 3.726E-20 3.770E-20 3.335E-20 2.279E-20 1.282E-20 1.312E-20
 2.301E-20 3.225E-20 3.692E-20 3.725E-20 3.750E-20 4.006E-20 4.242E-20 4.230E-20 3.719E-20 2.699E-20
 2.063E-20 2.130E-20 2.661E-20 3.236E-20 3.458E-20 3.403E-20 3.452E-20 4.037E-20 4.940E-20 5.321E-20
 4.742E-20 3.929E-20 3.382E-20 3.314E-20 3.157E-20 2.825E-20 2.681E-20 2.761E-20 2.634E-20 2.568E-20
 2.893E-20 3.211E-20 3.138E-20 2.795E-20 2.731E-20 2.893E-20 2.799E-20 2.350E-20 2.159E-20 2.652E-20
 3.283E-20 3.862E-20 4.432E-20 4.417E-20 3.698E-20 2.666E-20 2.169E-20 2.194E-20 2.208E-20 2.047E-20
 2.272E-20 2.686E-20 2.572E-20 2.078E-20 1.710E-20 1.800E-20 2.215E-20 2.653E-20 2.933E-20 3.064E-20
 2.992E-20 2.925E-20 2.938E-20 2.869E-20 2.678E-20 2.449E-20 2.382E-20 2.620E-20 2.691E-20 2.676E-20
 2.913E-20 3.382E-20 3.578E-20 3.157E-20 2.146E-20 1.351E-20 1.247E-20 1.734E-20 2.568E-20 3.367E-20
 3.519E-20 3.260E-20 3.104E-20 3.360E-20 3.897E-20 4.201E-20 4.449E-20 4.797E-20 4.836E-20 4.252E-20
 2.881E-20 1.745E-20 1.558E-20 2.310E-20 3.390E-20 3.954E-20 3.789E-20 3.225E-20 2.831E-20 2.734E-20
 2.709E-20 2.706E-20 2.814E-20 3.304E-20 4.076E-20 4.830E-20 5.287E-20 5.126E-20 4.551E-20 3.868E-20
 3.015E-20 2.084E-20 1.534E-20 1.700E-20 2.326E-20 2.864E-20 2.903E-20 2.712E-20 2.509E-20 2.510E-20
 2.867E-20 3.602E-20 4.535E-20 5.489E-20 5.912E-20 5.850E-20 5.272E-20 4.458E-20 3.509E-20 2.573E-20
 2.085E-20 2.179E-20 2.625E-20 2.939E-20 3.173E-20 3.602E-20 4.165E-20 4.359E-20 4.052E-20 3.715E-20
 3.848E-20 4.315E-20 4.394E-20 3.984E-20 3.638E-20 3.532E-20 3.394E-20 3.159E-20 2.889E-20 2.487E-20
 2.006E-20 1.767E-20 1.857E-20 2.100E-20 2.339E-20 2.520E-20 2.781E-20 3.162E-20 3.194E-20 2.751E-20
 2.203E-20 1.635E-20 1.535E-20 1.985E-20 3.200E-20 4.567E-20 5.391E-20 5.830E-20 6.259E-20 6.689E-20
 6.749E-20 6.279E-20 5.423E-20 4.874E-20 4.569E-20 4.060E-20 3.280E-20 2.328E-20 1.813E-20 1.889E-20
 1.895E-20 1.825E-20 1.725E-20 1.988E-20 2.502E-20 2.907E-20 2.792E-20 2.564E-20 2.870E-20 3.352E-20
 3.219E-20 2.339E-20 1.374E-20 1.296E-20 2.261E-20 3.299E-20 3.799E-20 3.972E-20 4.210E-20 4.791E-20
 5.241E-20 5.746E-20 6.159E-20 6.373E-20 6.011E-20 4.834E-20 3.219E-20 1.932E-20 1.483E-20 1.465E-20
 1.556E-20 1.497E-20 1.515E-20 1.826E-20 2.475E-20 3.275E-20 3.969E-20 4.295E-20 4.114E-20 3.471E-20
 2.677E-20 2.304E-20 2.509E-20 3.324E-20 4.271E-20 4.956E-20 5.008E-20 4.738E-20 4.353E-20 3.795E-20
 2.865E-20 1.861E-20 1.368E-20 1.624E-20 2.331E-20 2.806E-20 2.720E-20 2.711E-20 2.926E-20 3.195E-20
 3.389E-20 3.156E-20 2.438E-20 1.915E-20 1.855E-20 2.334E-20 3.159E-20 4.036E-20 4.777E-20 5.179E-20
 5.281E-20 5.150E-20 4.541E-20 3.560E-20 2.650E-20 2.118E-20 2.289E-20 2.974E-20 3.549E-20 3.513E-20
 3.167E-20 3.171E-20 3.569E-20 3.676E-20 3.233E-20 2.456E-20 2.001E-20 2.073E-20 2.400E-20 2.815E-20
 3.244E-20 3.588E-20 3.741E-20 3.578E-20 3.051E-20 2.580E-20 2.752E-20 3.555E-20 4.165E-20 3.977E-20
 3.387E-20 3.223E-20 3.698E-20 4.202E-20 4.146E-20 3.688E-20 3.738E-20 4.343E-20 4.906E-20 5.035E-20
 4.682E-20 4.472E-20 4.885E-20 5.220E-20 5.212E-20 4.747E-20 4.169E-20 3.650E-20 3.360E-20 3.223E-20
 3.568E-20 4.262E-20 4.966E-20 5.293E-20 5.227E-20 5.071E-20 5.111E-20 5.560E-20 6.190E-20 6.483E-20
 6.214E-20 5.287E-20 4.176E-20 3.292E-20 2.894E-20 3.192E-20 4.108E-20 5.015E-20 5.355E-20 5.123E-20
 4.821E-20 4.990E-20 5.136E-20 4.816E-20 4.008E-20 3.280E-20 2.825E-20 2.559E-20 2.844E-20 3.876E-20
 5.364E-20 6.196E-20 5.844E-20 4.808E-20 4.195E-20 4.252E-20 4.579E-20 4.583E-20 4.120E-20 3.380E-20
 2.650E-20 2.583E-20 3.198E-20 3.748E-20 3.976E-20 3.973E-20 4.370E-20 5.036E-20 5.193E-20 4.792E-20
 4.243E-20 3.875E-20 4.028E-20 4.564E-20 5.170E-20 5.296E-20 4.490E-20 3.650E-20 3.727E-20 4.552E-20
 4.990E-20 4.495E-20 3.694E-20 3.253E-20 3.561E-20 4.366E-20 4.974E-20 4.993E-20 4.433E-20 4.135E-20
 4.602E-20 5.469E-20 5.838E-20 5.502E-20 4.706E-20 3.976E-20 3.550E-20 3.686E-20 4.175E-20 4.723E-20
 4.570E-20 3.923E-20 3.627E-20 3.564E-20 3.454E-20 3.336E-20 3.841E-20 4.835E-20 5.415E-20 5.037E-20
 4.649E-20 4.588E-20 4.394E-20 3.709E-20 3.235E-20 3.926E-20 5.252E-20 6.255E-20 6.139E-20 5.445E-20
 4.991E-20 4.420E-20 3.641E-20 3.068E-20 3.051E-20 3.525E-20 4.060E-20 4.286E-20 4.467E-20 4.651E-20
 4.410E-20 3.942E-20 3.660E-20 3.884E-20 4.314E-20 4.308E-20 4.169E-20 4.312E-20 4.961E-20 5.631E-20
 6.041E-20 6.348E-20 7.005E-20 7.766E-20 8.166E-20 7.825E-20 6.708E-20 5.361E-20 4.367E-20 4.172E-20
 4.548E-20 4.926E-20 4.757E-20 4.033E-20 3.375E-20 3.246E-20 3.886E-20 4.985E-20 5.933E-20 6.549E-20
 6.745E-20 6.735E-20 7.106E-20 7.474E-20 7.479E-20 6.920E-20 6.066E-20 5.201E-20 4.750E-20 4.748E-20
 5.155E-20 5.711E-20 5.898E-20 5.457E-20 5.006E-20 5.140E-20 5.768E-20 6.235E-20 5.982E-20 5.568E-20
 5.575E-20 5.627E-20 5.052E-20 4.177E-20 3.747E-20 4.221E-20 4.955E-20 5.184E-20 4.678E-20 3.752E-20
 3.240E-20 3.597E-20 4.625E-20 5.564E-20 6.028E-20 6.077E-20 6.189E-20 6.181E-20 5.969E-20 5.512E-20
 5.210E-20 5.012E-20 4.943E-20 4.869E-20 4.781E-20 4.840E-20 5.337E-20 6.068E-20 6.719E-20 6.975E-20
 7.170E-20 7.423E-20 7.537E-20 7.432E-20 7.139E-20 6.703E-20 6.545E-20 6.349E-20 6.101E-20 5.882E-20
 5.737E-20 5.338E-20 4.737E-20 4.032E-20 3.659E-20 3.739E-20 4.197E-20 4.749E-20 5.521E-20 6.393E-20
 6.749E-20 6.202E-20 4.641E-20 3.279E-20 2.904E-20 3.367E-20 4.293E-20 4.958E-20 4.876E-20 4.206E-20
 3.537E-20 3.484E-20 4.667E-20 6.600E-20 7.951E-20 8.273E-20 8.046E-20 7.655E-20 7.504E-20 7.203E-20
 6.984E-20 6.870E-20 6.616E-20 6.393E-20 6.375E-20 6.582E-20 6.523E-20 6.310E-20 6.195E-20 6.180E-20
 6.115E-20 5.893E-20 5.643E-20 5.562E-20 5.562E-20 5.737E-20 6.058E-20 6.617E-20 7.084E-20 6.740E-20
 5.927E-20 5.398E-20 5.734E-20 6.735E-20 7.564E-20 7.632E-20 7.286E-20 7.270E-20 7.683E-20 7.916E-20
 7.503E-20 6.731E-20 6.307E-20 6.284E-20 6.125E-20 5.845E-20 6.077E-20 6.621E-20 7.141E-20 7.109E-20
 6.549E-20 5.779E-20 5.199E-20 5.228E-20 5.906E-20 7.012E-20 7.802E-20 8.024E-20 7.546E-20 6.426E-20
 5.568E-20 5.073E-20 5.177E-20 5.746E-20 6.651E-20 7.781E-20 8.660E-20 8.620E-20 7.494E-20 6.027E-20
 4.962E-20 4.869E-20 5.492E-20 6.452E-20 6.933E-20 6.921E-20 7.118E-20 7.596E-20 7.628E-20 6.956E-20
 6.159E-20 5.958E-20 6.611E-20 7.500E-20 7.907E-20 7.970E-20 7.952E-20 8.019E-20 8.333E-20 8.666E-20
 8.607E-20 8.139E-20 7.572E-20 7.197E-20 7.073E-20 6.880E-20 6.622E-20 6.499E-20 6.252E-20 5.750E-20
 5.365E-20 5.646E-20 6.639E-20 7.213E-20 6.726E-20 5.466E-20 4.578E-20 4.779E-20 5.933E-20 6.932E-20
 7.245E-20 6.796E-20 5.800E-20 4.819E-20 4.320E-20 4.564E-20 5.461E-20 6.621E-20 7.544E-20 7.736E-20
 7.141E-20 6.358E-20 6.170E-20 6.576E-20 7.227E-20 7.573E-20 7.904E-20 8.487E-20 9.221E-20 9.680E-20
 9.522E-20 9.153E-20 8.790E-20 8.336E-20 7.718E-20 7.021E-20 6.597E-20 6.681E-20 6.851E-20 7.452E-20
 8.390E-20 9.026E-20 9.294E-20 9.508E-20 9.970E-20 1.025E-19 9.590E-20 8.356E-20 7.677E-20 7.842E-20
 8.404E-20 8.508E-20 7.976E-20 7.727E-20 7.889E-20 8.377E-20 8.760E-20 8.878E-20 8.590E-20 8.232E-20
 8.141E-20 7.798E-20 7.310E-20 7.469E-20 8.377E-20 9.560E-20 1.047E-19 1.109E-19 1.152E-19 1.193E-19
 1.214E-19 1.183E-19 1.164E-19 1.197E-19 1.233E-19 1.204E-19 1.151E-19 1.106E-19 1.092E-19 1.050E-19
 9.558E-20 8.361E-20 7.425E-20 7.236E-20 7.524E-20 7.910E-20 8.341E-20 9.022E-20 9.544E-20 9.060E-20
 7.684E-20 6.433E-20 6.597E-20 7.897E-20 8.989E-20 8.929E-20 8.143E-20 7.555E-20 7.733E-20 8.158E-20
 8.589E-20 8.703E-20 8.446E-20 8.054E-20 7.901E-20 7.732E-20 7.529E-20 7.454E-20 7.621E-20 7.957E-20
 8.231E-20 8.284E-20 8.160E-20 8.304E-20 8.669E-20 9.227E-20 9.666E-20 9.446E-20 8.604E-20 7.548E-20
 7.248E-20 7.983E-20 9.234E-20 1.049E-19 1.097E-19 1.044E-19 9.135E-20 8.120E-20 8.082E-20 8.840E-20
 9.346E-20 9.076E-20 8.787E-20 8.915E-20 9.569E-20 1.026E-19 1.053E-19 1.012E-19 9.697E-20 9.924E-20
 1.057E-19 1.100E-19 1.085E-19 1.064E-19 1.115E-19 1.172E-19 1.170E-19 1.159E-19 1.190E-19 1.256E-19
 1.282E-19 1.225E-19 1.138E-19 1.084E-19 1.066E-19 1.060E-19 1.050E-19 1.040E-19 1.042E-19 1.059E-19
 1.110E-19 1.150E-19 1.169E-19 1.175E-19 1.148E-19 1.065E-19 9.380E-20 8.559E-20 8.687E-20 9.306E-20
 9.756E-20 1.014E-19 1.086E-19 1.160E-19 1.185E-19 1.124E-19 1.053E-19 1.023E-19 1.005E-19 1.017E-19
 1.063E-19 1.114E-19 1.129E-19 1.107E-19 1.053E-19 1.022E-19 1.027E-19 1.064E-19 1.132E-19 1.191E-19
 1.217E-19 1.221E-19 1.199E-19 1.161E-19 1.122E-19 1.101E-19 1.145E-19 1.263E-19 1.370E-19 1.400E-19
 1.357E-19 1.273E-19 1.233E-19 1.261E-19 1.325E-19 1.368E-19 1.353E-19 1.303E-19 1.264E-19 1.228E-19
 1.220E-19 1.250E-19 1.264E-19 1.257E-19 1.223E-19 1.183E-19 1.137E-19 1.119E-19 1.131E-19 1.178E-19
 1.241E-19 1.291E-19 1.265E-19 1.191E-19 1.126E-19 1.073E-19 1.021E-19 9.921E-20 1.014E-19 1.057E-19
 1.037E-19 9.830E-20 9.816E-20 1.034E-19 1.114E-19 1.222E-19 1.330E-19 1.420E-19 1.429E-19 1.340E-19
 1.214E-19 1.167E-19 1.202E-19 1.263E-19 1.302E-19 1.284E-19 1.252E-19 1.208E-19 1.178E-19 1.161E-19
 1.194E-19 1.235E-19 1.264E-19 1.249E-19 1.234E-19 1.223E-19 1.224E-19 1.244E-19 1.287E-19 1.340E-19
 1.378E-19 1.344E-19 1.269E-19 1.194E-19 1.132E-19 1.083E-19 1.079E-19 1.150E-19 1.283E-19 1.414E-19
 1.466E-19 1.482E-19 1.528E-19 1.528E-19 1.451E-19 1.329E-19 1.238E-19 1.210E-19 1.199E-19 1.169E-19
 1.160E-19 1.187E-19 1.227E-19 1.267E-19 1.313E-19 1.341E-19 1.356E-19 1.375E-19 1.431E-19 1.481E-19
 1.476E-19 1.450E-19 1.435E-19 1.449E-19 1.446E-19 1.397E-19 1.321E-19 1.248E-19 1.197E-19 1.181E-19
 1.190E-19 1.274E-19 1.361E-19 1.415E-19 1.408E-19 1.392E-19 1.404E-19 1.452E-19 1.485E-19 1.478E-19
 1.421E-19 1.354E-19 1.336E-19 1.400E-19 1.488E-19 1.510E-19 1.475E-19 1.428E-19 1.399E-19 1.356E-19
 1.303E-19 1.245E-19 1.201E-19 1.171E-19 1.141E-19 1.140E-19 1.209E-19 1.359E-19 1.521E-19 1.669E-19
 1.737E-19 1.714E-19 1.646E-19 1.553E-19 1.475E-19 1.404E-19 1.326E-19 1.278E-19 1.295E-19 1.339E-19
 1.386E-19 1.466E-19 1.619E-19 1.768E-19 1.818E-19 1.753E-19 1.658E-19 1.592E-19 1.571E-19 1.580E-19
 1.588E-19 1.571E-19 1.523E-19 1.472E-19 1.426E-19 1.380E-19 1.319E-19 1.247E-19 1.224E-19 1.278E-19
 1.350E-19 1.416E-19 1.450E-19 1.451E-19 1.456E-19 1.520E-19 1.654E-19 1.785E-19 1.819E-19 1.741E-19
 1.655E-19 1.613E-19 1.620E-19 1.608E-19 1.574E-19 1.564E-19 1.607E-19 1.673E-19 1.703E-19 1.671E-19
 1.606E-19 1.546E-19 1.531E-19 1.547E-19 1.587E-19 1.616E-19 1.577E-19 1.467E-19 1.392E-19 1.417E-19
 1.543E-19 1.668E-19 1.739E-19 1.771E-19 1.780E-19 1.757E-19 1.725E-19 1.707E-19 1.722E-19 1.735E-19
 1.736E-19 1.749E-19 1.775E-19 1.801E-19 1.787E-19 1.728E-19 1.626E-19 1.520E-19 1.493E-19 1.547E-19
 1.621E-19 1.630E-19 1.589E-19 1.531E-19 1.507E-19 1.527E-19 1.604E-19 1.687E-19 1.729E-19 1.697E-19
 1.590E-19 1.495E-19 1.460E-19 1.483E-19 1.535E-19 1.616E-19 1.697E-19 1.792E-19 1.889E-19 1.941E-19
 1.936E-19 1.879E-19 1.814E-19 1.766E-19 1.719E-19 1.674E-19 1.685E-19 1.782E-19 1.919E-19 2.001E-19
 1.995E-19 1.946E-19 1.895E-19 1.870E-19 1.853E-19 1.838E-19 1.798E-19 1.726E-19 1.683E-19 1.677E-19
 1.719E-19 1.774E-19 1.830E-19 1.887E-19 1.922E-19 1.932E-19 1.931E-19 1.941E-19 1.975E-19 2.007E-19
 2.014E-19 2.023E-19 2.016E-19 2.005E-19 2.037E-19 2.105E-19 2.160E-19 2.133E-19 2.036E-19 1.951E-19
 1.935E-19 1.975E-19 2.013E-19 2.013E-19 2.023E-19 2.055E-19 2.113E-19 2.162E-19 2.174E-19 2.137E-19
 2.104E-19 2.068E-19 1.979E-19 1.869E-19 1.829E-19 1.892E-19 2.002E-19 2.064E-19 2.094E-19 2.117E-19
 2.113E-19 2.054E-19 1.966E-19 1.920E-19 1.928E-19 1.974E-19 2.028E-19 2.088E-19 2.100E-19 2.077E-19
 2.018E-19 1.960E-19 1.901E-19 1.859E-19 1.874E-19 1.960E-19 2.048E-19 2.075E-19 2.079E-19 2.094E-19
 2.106E-19 2.071E-19 2.029E-19 2.001E-19 2.012E-19 2.041E-19 2.090E-19 2.170E-19 2.209E-19 2.174E-19
 2.093E-19 2.035E-19 2.027E-19 2.054E-19 2.095E-19 2.119E-19 2.126E-19 2.118E-19 2.180E-19 2.300E-19
 2.433E-19 2.470E-19 2.407E-19 2.321E-19 2.276E-19 2.273E-19 2.278E-19 2.262E-19 2.233E-19 2.241E-19
 2.266E-19 2.258E-19 2.197E-19 2.136E-19 2.138E-19 2.176E-19 2.206E-19 2.213E-19 2.248E-19 2.303E-19
 2.343E-19 2.376E-19 2.401E-19 2.433E-19 2.419E-19 2.338E-19 2.261E-19 2.187E-19 2.129E-19 2.105E-19
 2.126E-19 2.141E-19 2.116E-19 2.086E-19 2.079E-19 2.115E-19 2.168E-19 2.223E-19 2.273E-19 2.314E-19
 2.317E-19 2.297E-19 2.298E-19 2.335E-19 2.393E-19 2.430E-19 2.415E-19 2.348E-19 2.259E-19 2.224E-19
 2.275E-19 2.329E-19 2.325E-19 2.295E-19 2.287E-19 2.306E-19 2.361E-19 2.466E-19 2.579E-19 2.590E-19
 2.469E-19 2.319E-19 2.251E-19 2.273E-19 2.297E-19 2.290E-19 2.290E-19 2.287E-19 2.276E-19 2.263E-19
 2.279E-19 2.337E-19 2.395E-19 2.421E-19 2.443E-19 2.500E-19 2.544E-19 2.601E-19 2.607E-19 2.570E-19
 2.511E-19 2.493E-19 2.506E-19 2.484E-19 2.419E-19 2.367E-19 2.350E-19 2.330E-19 2.324E-19 2.340E-19
 2.399E-19 2.460E-19 2.459E-19 2.462E-19 2.508E-19 2.575E-19 2.606E-19 2.535E-19 2.382E-19 2.226E-19
 2.127E-19 2.113E-19 2.157E-19 2.235E-19 2.351E-19 2.490E-19 2.586E-19 2.608E-19 2.559E-19 2.517E-19
 2.520E-19 2.537E-19 2.541E-19 2.540E-19 2.580E-19 2.653E-19 2.722E-19 2.746E-19 2.697E-19 2.626E-19
 2.621E-19 2.695E-19 2.749E-19 2.726E-19 2.648E-19 2.615E-19 2.666E-19 2.729E-19 2.731E-19 2.718E-19
 2.714E-19 2.710E-19 2.705E-19 2.708E-19 2.714E-19 2.726E-19 2.704E-19 2.658E-19 2.624E-19 2.615E-19
 2.606E-19 2.605E-19 2.597E-19 2.560E-19 2.566E-19 2.599E-19 2.663E-19 2.693E-19 2.674E-19 2.642E-19
 2.642E-19 2.682E-19 2.738E-19 2.743E-19 2.693E-19 2.681E-19 2.758E-19 2.868E-19 2.955E-19 2.947E-19
 2.905E-19 2.901E-19 2.900E-19 2.905E-19 2.950E-19 3.033E-19 3.105E-19 3.098E-19 3.017E-19 2.943E-19
 2.933E-19 2.937E-19 2.887E-19 2.831E-19 2.790E-19 2.761E-19 2.729E-19 2.706E-19 2.745E-19 2.853E-19
 2.942E-19 2.965E-19 2.897E-19 2.811E-19 2.789E-19 2.797E-19 2.812E-19 2.820E-19 2.822E-19 2.881E-19
 2.968E-19 3.023E-19 3.006E-19 2.954E-19 2.948E-19 2.984E-19 3.003E-19 2.978E-19 2.914E-19 2.855E-19
 2.822E-19 2.854E-19 2.932E-19 2.977E-19 2.939E-19 2.825E-19 2.761E-19 2.853E-19 3.001E-19 3.082E-19
 3.065E-19 3.019E-19 3.003E-19 3.013E-19 3.005E-19 2.968E-19 2.954E-19 2.968E-19 3.005E-19 3.040E-19
 3.004E-19 2.923E-19 2.862E-19 2.896E-19 3.006E-19 3.145E-19 3.258E-19 3.345E-19 3.407E-19 3.451E-19
 3.480E-19 3.452E-19 3.361E-19 3.231E-19 3.098E-19 3.041E-19 3.076E-19 3.143E-19 3.216E-19 3.291E-19
 3.335E-19 3.326E-19 3.308E-19 3.316E-19 3.342E-19 3.307E-19 3.216E-19 3.189E-19 3.307E-19 3.500E-19
 3.651E-19 3.701E-19 3.673E-19 3.590E-19 3.478E-19 3.359E-19 3.278E-19 3.209E-19 3.150E-19 3.097E-19
 3.051E-19 3.032E-19 3.037E-19 3.084E-19 3.160E-19 3.263E-19 3.348E-19 3.419E-19 3.455E-19 3.441E-19
 3.392E-19 3.368E-19 3.386E-19 3.425E-19 3.447E-19 3.411E-19 3.323E-19 3.224E-19 3.232E-19 3.302E-19
 3.345E-19 3.323E-19 3.296E-19 3.293E-19 3.351E-19 3.415E-19 3.445E-19 3.465E-19 3.452E-19 3.425E-19
 3.424E-19 3.489E-19 3.567E-19 3.626E-19 3.641E-19 3.597E-19 3.483E-19 3.336E-19 3.284E-19 3.379E-19
 3.556E-19 3.682E-19 3.729E-19 3.731E-19 3.747E-19 3.701E-19 3.606E-19 3.501E-19 3.430E-19 3.399E-19
 3.447E-19 3.577E-19 3.709E-19 3.736E-19 3.678E-19 3.637E-19 3.641E-19 3.617E-19 3.550E-19 3.528E-19
 3.606E-19 3.718E-19 3.792E-19 3.779E-19 3.737E-19 3.716E-19 3.721E-19 3.805E-19 3.911E-19 4.017E-19
 4.103E-19 4.136E-19 4.100E-19 3.998E-19 3.887E-19 3.824E-19 3.774E-19 3.727E-19 3.716E-19 3.797E-19
 3.954E-19 4.090E-19 4.137E-19 4.103E-19 4.074E-19 4.081E-19 4.089E-19 4.025E-19 3.953E-19 3.919E-19
 3.896E-19 3.912E-19 3.958E-19 4.010E-19 4.008E-19 3.947E-19 3.823E-19 3.728E-19 3.690E-19 3.677E-19
 3.731E-19 3.874E-19 4.051E-19 4.130E-19 4.108E-19 4.047E-19 3.986E-19 3.958E-19 3.954E-19 4.040E-19
 4.193E-19 4.289E-19 4.290E-19 4.260E-19 4.205E-19 4.179E-19 4.130E-19 4.091E-19 4.091E-19 4.073E-19
 4.032E-19 4.035E-19 4.088E-19 4.145E-19 4.123E-19 4.046E-19 4.017E-19 4.034E-19 4.071E-19 4.125E-19
 4.186E-19 4.184E-19 4.145E-19 4.124E-19 4.199E-19 4.295E-19 4.337E-19 4.341E-19 4.336E-19 4.308E-19
 4.262E-19 4.231E-19 4.251E-19 4.295E-19 4.256E-19 4.175E-19 4.132E-19 4.156E-19 4.211E-19 4.250E-19
 4.267E-19 4.285E-19 4.293E-19 4.252E-19 4.175E-19 4.159E-19 4.228E-19 4.359E-19 4.463E-19 4.489E-19
 4.446E-19 4.378E-19 4.341E-19 4.316E-19 4.263E-19 4.182E-19 4.097E-19 4.094E-19 4.139E-19 4.198E-19
 4.275E-19 4.394E-19 4.551E-19 4.639E-19 4.575E-19 4.474E-19 4.411E-19 4.419E-19 4.451E-19 4.520E-19
 4.585E-19 4.611E-19 4.544E-19 4.442E-19 4.357E-19 4.334E-19 4.331E-19 4.329E-19 4.373E-19 4.455E-19
 4.519E-19 4.578E-19 4.658E-19 4.673E-19 4.597E-19 4.496E-19 4.518E-19 4.641E-19 4.712E-19 4.660E-19
 4.604E-19 4.583E-19 4.587E-19 4.557E-19 4.512E-19 4.506E-19 4.524E-19 4.543E-19 4.542E-19 4.562E-19
 4.585E-19 4.564E-19 4.509E-19 4.430E-19 4.360E-19 4.334E-19 4.440E-19 4.657E-19 4.891E-19 4.950E-19
 4.871E-19 4.775E-19 4.748E-19 4.785E-19 4.831E-19 4.843E-19 4.781E-19 4.638E-19 4.544E-19 4.566E-19
 4.680E-19 4.807E-19 4.952E-19 5.048E-19 5.029E-19 4.863E-19 4.614E-19 4.438E-19 4.379E-19 4.392E-19
 4.408E-19 4.459E-19 4.558E-19 4.653E-19 4.764E-19 4.874E-19 4.972E-19 5.031E-19 5.050E-19 5.059E-19
 5.120E-19 5.191E-19 5.198E-19 5.098E-19 4.979E-19 4.944E-19 4.987E-19 5.001E-19 4.926E-19 4.811E-19
 4.768E-19 4.847E-19 4.989E-19 5.041E-19 4.936E-19 4.764E-19 4.647E-19 4.627E-19 4.741E-19 4.929E-19
 5.087E-19 5.176E-19 5.192E-19 5.188E-19 5.139E-19 5.023E-19 4.893E-19 4.832E-19 4.911E-19 5.061E-19
 5.134E-19 5.102E-19 5.022E-19 4.937E-19 4.901E-19 4.924E-19 4.959E-19 5.008E-19 5.064E-19 5.119E-19
 5.192E-19 5.256E-19 5.323E-19 5.360E-19 5.320E-19 5.213E-19 5.078E-19 4.964E-19 4.934E-19 5.068E-19
 5.260E-19 5.376E-19 5.320E-19 5.175E-19 5.101E-19 5.161E-19 5.245E-19 5.208E-19 5.047E-19 4.903E-19
 4.867E-19 4.955E-19 5.131E-19 5.309E-19 5.408E-19 5.374E-19 5.284E-19 5.172E-19 5.118E-19 5.130E-19
 5.196E-19 5.289E-19 5.302E-19 5.273E-19 5.276E-19 5.304E-19 5.251E-19 5.145E-19 5.035E-19 5.038E-19
 5.116E-19 5.176E-19 5.245E-19 5.332E-19 5.372E-19 5.310E-19 5.251E-19 5.223E-19 5.193E-19 5.151E-19
 5.123E-19 5.178E-19 5.291E-19 5.400E-19 5.493E-19 5.591E-19 5.656E-19 5.666E-19 5.652E-19 5.693E-19
 5.773E-19 5.766E-19 5.598E-19 5.308E-19 5.040E-19 4.989E-19 5.117E-19 5.309E-19 5.440E-19 5.509E-19
 5.597E-19 5.699E-19 5.755E-19 5.691E-19 5.512E-19 5.335E-19 5.274E-19 5.339E-19 5.476E-19 5.593E-19
 5.592E-19 5.478E-19 5.383E-19 5.406E-19 5.465E-19 5.430E-19 5.375E-19 5.364E-19 5.434E-19 5.488E-19
 5.515E-19 5.558E-19 5.658E-19 5.659E-19 5.588E-19 5.549E-19 5.633E-19 5.740E-19 5.723E-19 5.688E-19
 5.790E-19 5.974E-19 6.048E-19 5.943E-19 5.831E-19 5.773E-19 5.684E-19 5.529E-19 5.383E-19 5.403E-19
 5.608E-19 5.818E-19 5.863E-19 5.750E-19 5.543E-19 5.383E-19 5.421E-19 5.668E-19 5.990E-19 6.268E-19
 6.409E-19 6.361E-19 6.151E-19 5.915E-19 5.799E-19 5.813E-19 5.857E-19 5.852E-19 5.848E-19 5.879E-19
 5.985E-19 6.095E-19 6.143E-19 6.065E-19 5.809E-19 5.500E-19 5.370E-19 5.515E-19 5.804E-19 6.057E-19
 6.159E-19 6.082E-19 5.869E-19 5.631E-19 5.537E-19 5.622E-19 5.773E-19 5.820E-19 5.727E-19 5.604E-19
 5.548E-19 5.569E-19 5.625E-19 5.707E-19 5.819E-19 5.958E-19 6.091E-19 6.202E-19 6.222E-19 6.182E-19
 6.120E-19 5.997E-19 5.796E-19 5.649E-19 5.694E-19 5.892E-19 6.014E-19 5.947E-19 5.795E-19 5.706E-19
 5.730E-19 5.807E-19 5.942E-19 6.114E-19 6.290E-19 6.381E-19 6.413E-19 6.408E-19 6.420E-19 6.431E-19
 6.365E-19 6.246E-19 6.136E-19 6.057E-19 6.023E-19 6.045E-19 6.118E-19 6.158E-19 6.146E-19 6.118E-19
 6.172E-19 6.285E-19 6.292E-19 6.124E-19 5.988E-19 6.073E-19 6.316E-19 6.450E-19 6.370E-19 6.182E-19
 6.050E-19 5.975E-19 5.858E-19 5.743E-19 5.721E-19 5.824E-19 6.060E-19 6.287E-19 6.389E-19 6.370E-19
 6.269E-19 6.073E-19 5.778E-19 5.584E-19 5.693E-19 6.075E-19 6.389E-19 6.449E-19 6.311E-19 6.228E-19
 6.162E-19 6.005E-19 5.760E-19 5.635E-19 5.708E-19 5.894E-19 6.060E-19 6.203E-19 6.271E-19 6.284E-19
 6.272E-19 6.265E-19 6.259E-19 6.264E-19 6.356E-19 6.546E-19 6.714E-19 6.685E-19 6.540E-19 6.467E-19
 6.528E-19 6.619E-19 6.553E-19 6.303E-19 5.982E-19 5.790E-19 5.839E-19 6.062E-19 6.269E-19 6.382E-19
 6.450E-19 6.510E-19 6.503E-19 6.497E-19 6.595E-19 6.781E-19 6.893E-19 6.869E-19 6.757E-19 6.693E-19
 6.618E-19 6.462E-19 6.257E-19 6.086E-19 5.897E-19 5.731E-19 5.708E-19 5.927E-19 6.278E-19 6.568E-19
 6.679E-19 6.637E-19 6.547E-19 6.536E-19 6.633E-19 6.721E-19 6.663E-19 6.469E-19 6.262E-19 6.109E-19
 5.930E-19 5.792E-19 5.772E-19 5.862E-19 5.964E-19 5.997E-19 6.031E-19 6.182E-19 6.382E-19 6.495E-19
 6.489E-19 6.410E-19 6.374E-19 6.454E-19 6.653E-19 6.834E-19 6.824E-19 6.658E-19 6.510E-19 6.499E-19
 6.539E-19 6.531E-19 6.441E-19 6.344E-19 6.315E-19 6.351E-19 6.431E-19 6.479E-19 6.460E-19 6.364E-19
 6.284E-19 6.361E-19 6.637E-19 6.945E-19 7.064E-19 6.926E-19 6.716E-19 6.604E-19 6.608E-19 6.558E-19
 6.402E-19 6.213E-19 6.068E-19 6.020E-19 6.012E-19 6.052E-19 6.147E-19 6.297E-19 6.455E-19 6.548E-19
 6.533E-19 6.533E-19 6.666E-19 6.929E-19 7.181E-19 7.276E-19 7.238E-19 7.143E-19 6.949E-19 6.657E-19
 6.372E-19 6.260E-19 6.321E-19 6.454E-19 6.539E-19 6.589E-19 6.645E-19 6.685E-19 6.706E-19 6.679E-19
 6.647E-19 6.737E-19 6.969E-19 7.237E-19 7.345E-19 7.177E-19 6.870E-19 6.555E-19 6.279E-19 6.070E-19
 6.013E-19 6.077E-19 6.164E-19 6.246E-19 6.331E-19 6.460E-19 6.657E-19 6.867E-19 7.024E-19 7.112E-19
 7.098E-19 7.093E-19 7.110E-19 7.035E-19 6.812E-19 6.544E-19 6.488E-19 6.657E-19 6.894E-19 7.013E-19
 6.985E-19 6.850E-19 6.681E-19 6.543E-19 6.513E-19 6.625E-19 6.812E-19 6.947E-19 6.953E-19 6.904E-19
 6.960E-19 7.137E-19 7.292E-19 7.228E-19 6.961E-19 6.704E-19 6.656E-19 6.796E-19 6.907E-19 6.829E-19
 6.625E-19 6.436E-19 6.305E-19 6.268E-19 6.330E-19 6.475E-19 6.696E-19 6.905E-19 7.069E-19 7.237E-19
 7.474E-19 7.618E-19 7.514E-19 7.201E-19 6.972E-19 6.969E-19 7.094E-19 7.116E-19 6.999E-19 6.833E-19
 6.613E-19 6.419E-19 6.345E-19 6.413E-19 6.521E-19 6.516E-19 6.472E-19 6.623E-19 7.035E-19 7.542E-19
 7.890E-19 7.883E-19 7.620E-19 7.283E-19 7.063E-19 7.000E-19 6.978E-19 6.903E-19 6.774E-19 6.630E-19
 6.405E-19 6.123E-19 5.940E-19 6.049E-19 6.420E-19 6.804E-19 7.031E-19 7.173E-19 7.305E-19 7.416E-19
 7.401E-19 7.247E-19 7.042E-19 6.939E-19 6.987E-19 7.127E-19 7.143E-19 6.956E-19 6.736E-19 6.622E-19
 6.666E-19 6.725E-19 6.684E-19 6.640E-19 6.708E-19 6.874E-19 6.999E-19 6.995E-19 6.933E-19 6.889E-19
 6.825E-19 6.709E-19 6.576E-19 6.572E-19 6.721E-19 6.867E-19 6.916E-19 6.948E-19 6.993E-19 7.007E-19
 6.881E-19 6.693E-19 6.587E-19 6.607E-19 6.711E-19 6.844E-19 7.001E-19 7.088E-19 7.052E-19 6.926E-19
 6.852E-19 6.940E-19 7.073E-19 7.097E-19 7.000E-19 6.927E-19 6.951E-19 6.996E-19 7.010E-19 6.983E-19
 6.963E-19 6.920E-19 6.843E-19 6.721E-19 6.649E-19 6.721E-19 6.959E-19 7.252E-19 7.538E-19 7.669E-19
 7.530E-19 7.158E-19 6.795E-19 6.686E-19 6.836E-19 7.004E-19 7.039E-19 7.006E-19 6.979E-19 6.922E-19
 6.799E-19 6.672E-19 6.663E-19 6.802E-19 6.976E-19 7.111E-19 7.172E-19 7.224E-19 7.202E-19 7.051E-19
 6.828E-19 6.646E-19 6.640E-19 6.816E-19 7.044E-19 7.155E-19 7.113E-19 7.040E-19 6.957E-19 6.857E-19
 6.800E-19 6.858E-19 6.985E-19 7.009E-19 6.989E-19 7.066E-19 7.302E-19 7.503E-19 7.474E-19 7.273E-19
 7.043E-19 6.921E-19 6.941E-19 7.030E-19 7.121E-19 7.053E-19 6.856E-19 6.716E-19 6.721E-19 6.798E-19
 6.857E-19 6.921E-19 7.058E-19 7.285E-19 7.521E-19 7.752E-19 7.839E-19 7.672E-19 7.332E-19 7.046E-19
 6.939E-19 6.927E-19 6.942E-19 6.969E-19 7.034E-19 7.016E-19 6.978E-19 6.961E-19 6.950E-19 6.868E-19
 6.730E-19 6.747E-19 7.094E-19 7.623E-19 8.058E-19 8.146E-19 7.872E-19 7.435E-19 7.004E-19 6.717E-19
 6.638E-19 6.712E-19 6.843E-19 6.905E-19 6.845E-19 6.747E-19 6.755E-19 6.933E-19 7.132E-19 7.226E-19
 7.225E-19 7.227E-19 7.265E-19 7.301E-19 7.356E-19 7.477E-19 7.555E-19 7.425E-19 7.135E-19 6.879E-19
 6.777E-19 6.852E-19 7.013E-19 7.160E-19 7.207E-19 7.093E-19 6.855E-19 6.694E-19 6.731E-19 6.960E-19
 7.279E-19 7.489E-19 7.636E-19 7.786E-19 7.923E-19 7.861E-19 7.514E-19 7.049E-19 6.828E-19 6.933E-19
 7.149E-19 7.214E-19 7.121E-19 7.033E-19 6.996E-19 6.975E-19 6.943E-19 6.933E-19 6.924E-19 6.861E-19
 6.787E-19 6.837E-19 7.134E-19 7.562E-19 7.829E-19 7.733E-19 7.409E-19 7.045E-19 6.757E-19 6.549E-19
 6.451E-19 6.520E-19 6.687E-19 6.790E-19 6.755E-19 6.663E-19 6.569E-19 6.474E-19 6.362E-19 6.409E-19
 6.736E-19 7.243E-19 7.670E-19 7.812E-19 7.728E-19 7.521E-19 7.245E-19 7.017E-19 6.929E-19 6.953E-19
 6.978E-19 6.992E-19 6.987E-19 6.979E-19 6.914E-19 6.781E-19 6.734E-19 6.870E-19 7.116E-19 7.385E-19
 7.672E-19 7.964E-19 8.164E-19 8.072E-19 7.680E-19 7.209E-19 6.941E-19 6.926E-19 7.010E-19 7.087E-19
 7.138E-19 7.204E-19 7.291E-19 7.341E-19 7.355E-19 7.298E-19 7.154E-19 6.984E-19 6.935E-19 7.162E-19
 7.571E-19 7.822E-19 7.720E-19 7.422E-19 7.236E-19 7.146E-19 6.992E-19 6.740E-19 6.663E-19 6.973E-19
 7.474E-19 7.776E-19 7.662E-19 7.278E-19 6.914E-19 6.673E-19 6.596E-19 6.713E-19 7.004E-19 7.325E-19
 7.474E-19 7.410E-19 7.226E-19 7.087E-19 6.997E-19 6.895E-19 6.853E-19 6.934E-19 7.091E-19 7.162E-19
 7.086E-19 7.011E-19 7.111E-19 7.307E-19 7.480E-19 7.532E-19 7.554E-19 7.601E-19 7.662E-19 7.701E-19
 7.659E-19 7.575E-19 7.478E-19 7.374E-19 7.207E-19 6.994E-19 6.777E-19 6.638E-19 6.628E-19 6.741E-19
 6.959E-19 7.192E-19 7.314E-19 7.323E-19 7.282E-19 7.279E-19 7.366E-19 7.455E-19 7.556E-19 7.644E-19
 7.644E-19 7.435E-19 7.098E-19 6.856E-19 6.798E-19 6.758E-19 6.693E-19 6.773E-19 7.060E-19 7.402E-19
 7.531E-19 7.425E-19 7.368E-19 7.443E-19 7.594E-19 7.759E-19 7.924E-19 8.076E-19 8.104E-19 7.947E-19
 7.777E-19 7.666E-19 7.582E-19 7.452E-19 7.318E-19 7.271E-19 7.282E-19 7.238E-19 7.151E-19 7.082E-19
 7.078E-19 7.061E-19 7.037E-19 7.161E-19 7.514E-19 7.908E-19 8.129E-19 8.122E-19 7.940E-19 7.684E-19
 7.493E-19 7.413E-19 7.424E-19 7.408E-19 7.311E-19 7.243E-19 7.211E-19 7.129E-19 6.980E-19 6.842E-19
 6.776E-19 6.828E-19 7.026E-19 7.429E-19 7.957E-19 8.383E-19 8.517E-19 8.354E-19 8.097E-19 7.882E-19
 7.657E-19 7.384E-19 7.142E-19 6.939E-19 6.829E-19 6.862E-19 7.077E-19 7.358E-19 7.500E-19 7.405E-19
 7.235E-19 7.192E-19 7.373E-19 7.738E-19 8.229E-19 8.644E-19 8.759E-19 8.497E-19 7.924E-19 7.299E-19
 6.810E-19 6.587E-19 6.615E-19 6.745E-19 6.870E-19 6.909E-19 6.934E-19 7.053E-19 7.280E-19 7.547E-19
 7.739E-19 7.818E-19 7.903E-19 8.148E-19 8.455E-19 8.488E-19 8.100E-19 7.457E-19 6.903E-19 6.594E-19
 6.487E-19 6.498E-19 6.570E-19 6.719E-19 6.911E-19 7.113E-19 7.316E-19 7.556E-19 7.763E-19 7.918E-19
 8.038E-19 8.302E-19 8.715E-19 8.994E-19 8.793E-19 8.235E-19 7.635E-19 7.214E-19 6.899E-19 6.560E-19
 6.283E-19 6.251E-19 6.466E-19 6.805E-19 7.154E-19 7.448E-19 7.653E-19 7.697E-19 7.677E-19 7.858E-19
 8.392E-19 9.101E-19 9.446E-19 9.099E-19 8.238E-19 7.321E-19 6.740E-19 6.576E-19 6.622E-19 6.760E-19
 6.952E-19 7.156E-19 7.357E-19 7.462E-19 7.486E-19 7.557E-19 7.760E-19 8.090E-19 8.597E-19 9.170E-19
 9.614E-19 9.610E-19 9.075E-19 8.277E-19 7.638E-19 7.349E-19 7.331E-19 7.416E-19 7.452E-19 7.480E-19
 7.509E-19 7.494E-19 7.441E-19 7.495E-19 7.728E-19 8.092E-19 8.503E-19 8.935E-19 9.336E-19 9.539E-19
 9.279E-19 8.580E-19 7.861E-19 7.437E-19 7.333E-19 7.294E-19 7.175E-19 7.127E-19 7.241E-19 7.424E-19
 7.606E-19 7.812E-19 8.089E-19 8.401E-19 8.610E-19 8.743E-19 9.000E-19 9.372E-19 9.617E-19 9.503E-19
 9.100E-19 8.733E-19 8.461E-19 8.205E-19 7.917E-19 7.767E-19 7.819E-19 8.029E-19 8.272E-19 8.522E-19
 8.708E-19 8.793E-19 8.845E-19 8.929E-19 9.144E-19 9.446E-19 9.671E-19 9.694E-19 9.465E-19 9.073E-19
 8.685E-19 8.438E-19 8.325E-19 8.279E-19 8.280E-19 8.356E-19 8.470E-19 8.551E-19 8.544E-19 8.502E-19
 8.462E-19 8.474E-19 8.510E-19 8.627E-19 8.858E-19 9.111E-19 9.237E-19 9.111E-19 8.769E-19 8.347E-19
 7.996E-19 7.846E-19 7.885E-19 7.984E-19 8.014E-19 8.006E-19 8.060E-19 8.275E-19 8.450E-19 8.535E-19
 8.638E-19 8.868E-19 9.182E-19 9.477E-19 9.664E-19 9.672E-19 9.346E-19 8.777E-19 8.253E-19 8.018E-19
 8.024E-19 8.023E-19 7.948E-19 7.948E-19 8.152E-19 8.422E-19 8.602E-19 8.666E-19 8.754E-19 8.883E-19
 9.016E-19 9.262E-19 9.665E-19 1.005E-18 1.014E-18 9.769E-19 9.225E-19 8.834E-19 8.682E-19 8.597E-19
 8.517E-19 8.527E-19 8.693E-19 8.847E-19 8.771E-19 8.569E-19 8.518E-19 8.686E-19 8.959E-19 9.189E-19
 9.554E-19 1.014E-18 1.070E-18 1.076E-18 1.019E-18 9.389E-19 8.882E-19 8.700E-19 8.658E-19 8.624E-19
 8.611E-19 8.672E-19 8.786E-19 8.880E-19 8.972E-19 9.115E-19 9.230E-19 9.290E-19 9.441E-19 9.797E-19
 1.028E-18 1.064E-18 1.061E-18 1.021E-18 9.700E-19 9.286E-19 9.076E-19 9.031E-19 9.075E-19 9.162E-19
 9.213E-19 9.285E-19 9.457E-19 9.658E-19 9.764E-19 9.669E-19 9.610E-19 9.752E-19 1.013E-18 1.056E-18
 1.071E-18 1.045E-18 9.887E-19 9.276E-19 8.850E-19 8.719E-19 8.788E-19 8.867E-19 8.914E-19 8.956E-19
 9.074E-19 9.204E-19 9.233E-19 9.191E-19 9.153E-19 9.151E-19 9.235E-19 9.460E-19 9.848E-19 1.022E-18
 1.029E-18 9.880E-19 9.250E-19 8.824E-19 8.842E-19 9.001E-19 9.017E-19 8.941E-19 8.954E-19 9.126E-19
 9.234E-19 9.159E-19 9.098E-19 9.186E-19 9.361E-19 9.501E-19 9.653E-19 9.934E-19 1.020E-18 1.017E-18
 9.801E-19 9.429E-19 9.282E-19 9.258E-19 9.199E-19 9.135E-19 9.229E-19 9.492E-19 9.756E-19 9.828E-19
 9.729E-19 9.606E-19 9.497E-19 9.379E-19 9.396E-19 9.694E-19 1.014E-18 1.038E-18 1.019E-18 9.738E-19
 9.337E-19 9.120E-19 9.034E-19 9.049E-19 9.113E-19 9.235E-19 9.337E-19 9.442E-19 9.640E-19 9.892E-19
 1.012E-18 1.032E-18 1.063E-18 1.121E-18 1.200E-18 1.277E-18 1.327E-18 1.350E-18 1.342E-18 1.307E-18
 1.244E-18 1.176E-18 1.123E-18 1.086E-18 1.053E-18 1.016E-18 9.860E-19 9.709E-19 9.629E-19 9.583E-19
 9.597E-19 9.657E-19 9.745E-19 9.878E-19 1.008E-18 1.043E-18 1.070E-18 1.066E-18 1.045E-18 1.035E-18
 1.049E-18 1.078E-18 1.110E-18 1.153E-18 1.200E-18 1.219E-18 1.198E-18 1.160E-18 1.140E-18 1.125E-18
 1.104E-18 1.082E-18 1.088E-18 1.120E-18 1.145E-18 1.127E-18 1.068E-18 1.004E-18 9.627E-19 9.456E-19
 9.390E-19 9.381E-19 9.429E-19 9.557E-19 9.772E-19 9.968E-19 1.003E-18 9.903E-19 9.625E-19 9.322E-19
 9.211E-19 9.319E-19 9.470E-19 9.494E-19 9.310E-19 9.082E-19 9.000E-19 9.120E-19 9.298E-19 9.420E-19
 9.428E-19 9.365E-19 9.305E-19 9.318E-19 9.371E-19 9.397E-19 9.313E-19 9.144E-19 8.986E-19 8.933E-19
 9.036E-19 9.259E-19 9.510E-19 9.760E-19 9.871E-19 9.808E-19 9.627E-19 9.479E-19 9.510E-19 9.702E-19
 9.924E-19 1.008E-18 1.017E-18 1.017E-18 1.009E-18 1.011E-18 1.022E-18 1.038E-18 1.049E-18 1.060E-18
 1.083E-18 1.113E-18 1.132E-18 1.127E-18 1.117E-18 1.107E-18 1.098E-18 1.091E-18 1.094E-18 1.104E-18
 1.119E-18 1.132E-18 1.145E-18 1.155E-18 1.164E-18 1.173E-18 1.185E-18 1.204E-18 1.227E-18 1.254E-18
 1.284E-18 1.305E-18 1.299E-18 1.279E-18 1.264E-18 1.261E-18 1.260E-18 1.260E-18 1.266E-18 1.284E-18
 1.313E-18 1.339E-18 1.352E-18 1.344E-18 1.329E-18 1.325E-18 1.346E-18 1.382E-18 1.422E-18 1.445E-18
 1.446E-18 1.436E-18 1.422E-18 1.423E-18 1.437E-18 1.443E-18 1.434E-18 1.420E-18 1.410E-18 1.401E-18
 1.391E-18 1.377E-18 1.378E-18 1.396E-18 1.425E-18 1.464E-18 1.495E-18 1.504E-18 1.486E-18 1.455E-18
 1.427E-18 1.406E-18 1.392E-18 1.383E-18 1.388E-18 1.406E-18 1.432E-18 1.446E-18 1.447E-18 1.436E-18
 1.422E-18 1.420E-18 1.435E-18 1.456E-18 1.477E-18 1.488E-18 1.491E-18 1.485E-18 1.475E-18 1.465E-18
 1.459E-18 1.461E-18 1.475E-18 1.490E-18 1.492E-18 1.478E-18 1.460E-18 1.452E-18 1.459E-18 1.465E-18
 1.469E-18 1.478E-18 1.488E-18 1.491E-18 1.486E-18 1.481E-18 1.487E-18 1.484E-18 1.461E-18 1.421E-18
 1.385E-18 1.376E-18 1.386E-18 1.395E-18 1.372E-18 1.303E-18 1.190E-18 1.060E-18 9.427E-19 8.594E-19
 8.181E-19 8.022E-19 8.021E-19 8.024E-19 8.022E-19 8.026E-19 8.051E-19 8.131E-19 8.216E-19 8.267E-19
 8.238E-19 8.142E-19 8.045E-19 8.044E-19 8.149E-19 8.320E-19 8.446E-19 8.449E-19 8.313E-19 8.203E-19
 8.184E-19 8.264E-19 8.380E-19 8.469E-19 8.510E-19 8.543E-19 8.543E-19 8.561E-19 8.600E-19 8.629E-19
 8.621E-19 8.603E-19 8.582E-19 8.564E-19 8.559E-19 8.583E-19 8.602E-19 8.581E-19 8.571E-19 8.666E-19
 8.870E-19 9.078E-19 9.208E-19 9.262E-19 9.255E-19 9.163E-19 9.007E-19 8.937E-19 9.071E-19 9.236E-19
 9.303E-19 9.291E-19 9.345E-19 9.437E-19 9.484E-19 9.488E-19 9.520E-19 9.573E-19 9.564E-19 9.499E-19
 9.529E-19 9.604E-19 9.586E-19 9.432E-19 9.348E-19 9.424E-19 9.567E-19 9.610E-19 9.611E-19 9.696E-19
 9.793E-19 9.722E-19 9.515E-19 9.366E-19 9.325E-19 9.355E-19 9.359E-19 9.394E-19 9.493E-19 9.546E-19
 9.465E-19 9.245E-19 9.118E-19 9.212E-19 9.420E-19 9.428E-19 9.214E-19 9.022E-19 8.991E-19 8.978E-19
 8.819E-19 8.562E-19 8.488E-19 8.727E-19 8.940E-19 8.885E-19 8.556E-19 8.236E-19 8.142E-19 8.309E-19
 8.549E-19 8.596E-19 8.319E-19 7.879E-19 7.537E-19 7.432E-19 7.529E-19 7.691E-19 7.715E-19 7.537E-19
 7.183E-19 6.807E-19 6.535E-19 6.416E-19 6.350E-19 6.317E-19 6.335E-19 6.361E-19 6.354E-19 6.312E-19
 6.293E-19 6.251E-19 6.156E-19 6.058E-19 6.060E-19 6.163E-19 6.264E-19 6.314E-19 6.346E-19 6.474E-19
 6.804E-19 7.404E-19 8.289E-19 9.188E-19 9.804E-19 1.025E-18 1.084E-18 1.180E-18 1.301E-18 1.445E-18
 1.629E-18 1.891E-18 2.241E-18 2.675E-18 3.202E-18 3.712E-18 3.890E-18 3.593E-18 3.106E-18 2.688E-18
 2.358E-18 2.066E-18 1.781E-18 1.506E-18 1.261E-18 1.069E-18 9.366E-19 8.562E-19 8.116E-19 7.787E-19
 7.479E-19 7.249E-19 7.186E-19 7.216E-19 7.231E-19 7.167E-19 7.085E-19 7.077E-19 7.095E-19 7.087E-19
 7.047E-19 7.004E-19 6.961E-19 6.852E-19 6.674E-19 6.516E-19 6.372E-19 6.272E-19 6.240E-19 6.265E-19
 6.280E-19 6.246E-19 6.162E-19 6.106E-19 6.084E-19 6.123E-19 6.211E-19 6.290E-19 6.277E-19 6.184E-19
 6.069E-19 6.000E-19 5.971E-19 5.958E-19 5.972E-19 6.048E-19 6.128E-19 6.115E-19 5.988E-19 5.836E-19
 5.758E-19 5.808E-19 5.948E-19 6.091E-19 6.122E-19 6.001E-19 5.845E-19 5.784E-19 5.849E-19 5.991E-19
 6.100E-19 6.135E-19 6.114E-19 6.078E-19 6.064E-19 6.068E-19 6.040E-19 5.983E-19 5.926E-19 5.887E-19
 5.865E-19 5.801E-19 5.628E-19 5.315E-19 4.935E-19 4.669E-19 4.704E-19 5.000E-19 5.327E-19 5.559E-19
 5.567E-19 5.480E-19 5.334E-19 5.176E-19 5.101E-19 5.164E-19 5.305E-19 5.389E-19 5.328E-19 5.164E-19
 4.980E-19 4.870E-19 4.873E-19 4.987E-19 5.159E-19 5.327E-19 5.446E-19 5.485E-19 5.477E-19 5.454E-19
 5.430E-19 5.400E-19 5.372E-19 5.361E-19 5.346E-19 5.303E-19 5.184E-19 5.054E-19 4.975E-19 4.939E-19
 4.871E-19 4.828E-19 4.873E-19 5.027E-19 5.239E-19 5.371E-19 5.398E-19 5.368E-19 5.275E-19 5.131E-19
 4.996E-19 4.903E-19 4.896E-19 4.949E-19 5.029E-19 5.069E-19 5.036E-19 4.946E-19 4.875E-19 4.914E-19
 5.078E-19 5.295E-19 5.502E-19 5.606E-19 5.594E-19 5.461E-19 5.287E-19 5.102E-19 4.923E-19 4.830E-19
 4.976E-19 5.277E-19 5.493E-19 5.424E-19 5.183E-19 5.000E-19 4.977E-19 5.022E-19 5.116E-19 5.268E-19
 5.545E-19 5.835E-19 5.999E-19 5.981E-19 5.849E-19 5.706E-19 5.657E-19 5.661E-19 5.575E-19 5.397E-19
 5.236E-19 5.259E-19 5.461E-19 5.685E-19 5.738E-19 5.585E-19 5.349E-19 5.164E-19 5.148E-19 5.327E-19
 5.600E-19 5.761E-19 5.794E-19 5.746E-19 5.664E-19 5.607E-19 5.572E-19 5.577E-19 5.620E-19 5.684E-19
 5.673E-19 5.634E-19 5.602E-19 5.538E-19 5.557E-19 5.672E-19 5.869E-19 6.068E-19 6.175E-19 6.165E-19
 6.072E-19 5.910E-19 5.768E-19 5.724E-19 5.772E-19 5.832E-19 5.805E-19 5.693E-19 5.572E-19 5.485E-19
 5.502E-19 5.647E-19 5.877E-19 6.155E-19 6.395E-19 6.518E-19 6.458E-19 6.251E-19 5.998E-19 5.806E-19
 5.686E-19 5.615E-19 5.548E-19 5.513E-19 5.491E-19 5.506E-19 5.644E-19 5.913E-19 6.187E-19 6.346E-19
 6.367E-19 6.377E-19 6.481E-19 6.651E-19 6.791E-19 6.846E-19 6.743E-19 6.482E-19 6.167E-19 5.925E-19
 5.825E-19 5.843E-19 5.907E-19 6.006E-19 6.122E-19 6.187E-19 6.202E-19 6.223E-19 6.257E-19 6.255E-19
 6.261E-19 6.315E-19 6.376E-19 6.391E-19 6.389E-19 6.372E-19 6.315E-19 6.147E-19 5.955E-19 5.915E-19
 6.060E-19 6.231E-19 6.273E-19 6.274E-19 6.349E-19 6.461E-19 6.452E-19 6.342E-19 6.330E-19 6.514E-19
 6.813E-19 7.083E-19 7.223E-19 7.198E-19 6.982E-19 6.701E-19 6.475E-19 6.361E-19 6.334E-19 6.402E-19
 6.552E-19 6.698E-19 6.719E-19 6.604E-19 6.411E-19 6.228E-19 6.173E-19 6.343E-19 6.743E-19 7.166E-19
 7.309E-19 7.071E-19 6.677E-19 6.406E-19 6.347E-19 6.400E-19 6.521E-19 6.660E-19 6.774E-19 6.799E-19
 6.709E-19 6.611E-19 6.589E-19 6.652E-19 6.751E-19 6.847E-19 6.923E-19 6.941E-19 6.882E-19 6.786E-19
 6.698E-19 6.693E-19 6.738E-19 6.732E-19 6.653E-19 6.561E-19 6.524E-19 6.543E-19 6.652E-19 6.890E-19
 7.215E-19 7.423E-19 7.374E-19 7.113E-19 6.900E-19 6.877E-19 6.979E-19 7.146E-19 7.289E-19 7.306E-19
 7.166E-19 6.937E-19 6.755E-19 6.749E-19 6.903E-19 7.138E-19 7.371E-19 7.522E-19 7.456E-19 7.207E-19
 6.955E-19 6.815E-19 6.870E-19 7.100E-19 7.386E-19 7.509E-19 7.356E-19 7.133E-19 7.064E-19 7.208E-19
 7.396E-19 7.439E-19 7.333E-19 7.128E-19 6.933E-19 6.859E-19 6.954E-19 7.124E-19 7.268E-19 7.383E-19
 7.484E-19 7.529E-19 7.418E-19 7.258E-19 7.202E-19 7.323E-19 7.490E-19 7.575E-19 7.619E-19 7.601E-19
 7.454E-19 7.208E-19 7.070E-19 7.211E-19 7.531E-19 7.859E-19 8.092E-19 8.170E-19 8.033E-19 7.762E-19
 7.502E-19 7.410E-19 7.449E-19 7.494E-19 7.519E-19 7.548E-19 7.580E-19 7.580E-19 7.550E-19 7.495E-19
 7.419E-19 7.369E-19 7.438E-19 7.639E-19 7.846E-19 7.974E-19 8.040E-19 8.055E-19 8.021E-19 7.906E-19
 7.738E-19 7.569E-19 7.440E-19 7.368E-19 7.361E-19 7.412E-19 7.416E-19 7.385E-19 7.402E-19 7.535E-19
 7.737E-19 7.907E-19 7.973E-19 7.923E-19 7.847E-19 7.876E-19 8.108E-19 8.383E-19 8.465E-19 8.323E-19
 8.103E-19 7.954E-19 7.804E-19 7.671E-19 7.649E-19 7.735E-19 7.833E-19 7.875E-19 7.899E-19 7.944E-19
 7.994E-19 7.961E-19 7.895E-19 7.940E-19 8.087E-19 8.209E-19 8.193E-19 8.014E-19 7.824E-19 7.786E-19
 7.950E-19 8.188E-19 8.258E-19 8.075E-19 7.789E-19 7.532E-19 7.418E-19 7.539E-19 7.827E-19 8.122E-19
 8.239E-19 8.142E-19 7.961E-19 7.895E-19 7.971E-19 8.149E-19 8.360E-19 8.512E-19 8.507E-19 8.251E-19
 7.822E-19 7.400E-19 7.184E-19 7.289E-19 7.670E-19 8.073E-19 8.234E-19 8.131E-19 7.926E-19 7.841E-19
 7.954E-19 8.210E-19 8.440E-19 8.517E-19 8.448E-19 8.317E-19 8.180E-19 8.047E-19 8.011E-19 8.110E-19
 8.235E-19 8.243E-19 8.124E-19 7.977E-19 7.947E-19 8.127E-19 8.498E-19 8.969E-19 9.272E-19 9.171E-19
 8.719E-19 8.223E-19 7.925E-19 7.848E-19 7.936E-19 8.148E-19 8.400E-19 8.480E-19 8.325E-19 8.082E-19
 8.012E-19 8.261E-19 8.734E-19 9.196E-19 9.306E-19 9.026E-19 8.575E-19 8.297E-19 8.283E-19 8.357E-19
 8.325E-19 8.257E-19 8.279E-19 8.339E-19 8.355E-19 8.261E-19 8.100E-19 8.025E-19 8.083E-19 8.207E-19
 8.330E-19 8.437E-19 8.531E-19 8.588E-19 8.561E-19 8.398E-19 8.264E-19 8.257E-19 8.362E-19 8.389E-19
 8.306E-19 8.224E-19 8.207E-19 8.164E-19 8.118E-19 8.100E-19 8.135E-19 8.198E-19 8.215E-19 8.221E-19
 8.260E-19 8.347E-19 8.472E-19 8.580E-19 8.619E-19 8.571E-19 8.459E-19 8.401E-19 8.427E-19 8.452E-19
 8.463E-19 8.526E-19 8.655E-19 8.783E-19 8.772E-19 8.638E-19 8.467E-19 8.364E-19 8.417E-19 8.692E-19
 9.027E-19 9.123E-19 8.903E-19 8.647E-19 8.637E-19 8.850E-19 9.026E-19 9.088E-19 9.079E-19 9.000E-19
 8.718E-19 8.317E-19 7.965E-19 7.895E-19 8.135E-19 8.528E-19 8.811E-19 8.851E-19 8.649E-19 8.433E-19
 8.414E-19 8.572E-19 8.780E-19 8.891E-19 8.903E-19 8.851E-19 8.750E-19 8.637E-19 8.568E-19 8.482E-19
 8.336E-19 8.164E-19 8.064E-19 8.079E-19 8.139E-19 8.199E-19 8.287E-19 8.453E-19 8.631E-19 8.857E-19
 9.076E-19 9.162E-19 8.973E-19 8.607E-19 8.303E-19 8.260E-19 8.354E-19 8.486E-19 8.593E-19 8.596E-19
 8.485E-19 8.371E-19 8.432E-19 8.678E-19 8.902E-19 8.925E-19 8.869E-19 8.832E-19 8.742E-19 8.491E-19
 8.188E-19 7.991E-19 7.891E-19 7.910E-19 8.061E-19 8.294E-19 8.453E-19 8.406E-19 8.287E-19 8.306E-19
 8.449E-19 8.584E-19 8.736E-19 8.944E-19 9.118E-19 9.068E-19 8.819E-19 8.533E-19 8.399E-19 8.333E-19
 8.328E-19 8.418E-19 8.616E-19 8.779E-19 8.750E-19 8.548E-19 8.255E-19 8.031E-19 8.040E-19 8.274E-19
 8.514E-19 8.574E-19 8.470E-19 8.371E-19 8.374E-19 8.460E-19 8.589E-19 8.726E-19 8.793E-19 8.750E-19
 8.591E-19 8.399E-19 8.223E-19 8.041E-19 7.960E-19 8.149E-19 8.510E-19 8.742E-19 8.549E-19 8.077E-19
 7.757E-19 7.906E-19 8.507E-19 9.207E-19 9.603E-19 9.418E-19 8.807E-19 8.153E-19 7.833E-19 7.923E-19
 8.221E-19 8.543E-19 8.672E-19 8.506E-19 8.064E-19 7.587E-19 7.418E-19 7.641E-19 8.070E-19 8.447E-19
 8.702E-19 8.922E-19 9.127E-19 9.191E-19 9.029E-19 8.728E-19 8.481E-19 8.351E-19 8.293E-19 8.193E-19
 8.012E-19 7.834E-19 7.776E-19 7.842E-19 7.962E-19 8.138E-19 8.268E-19 8.220E-19 7.989E-19 7.804E-19
 7.999E-19 8.601E-19 9.124E-19 9.141E-19 8.689E-19 8.124E-19 7.754E-19 7.707E-19 7.946E-19 8.302E-19
 8.452E-19 8.229E-19 7.818E-19 7.514E-19 7.479E-19 7.627E-19 7.820E-19 7.989E-19 8.121E-19 8.279E-19
 8.494E-19 8.754E-19 8.902E-19 8.834E-19 8.639E-19 8.479E-19 8.372E-19 8.250E-19 8.129E-19 8.077E-19
 8.092E-19 8.088E-19 7.997E-19 7.865E-19 7.713E-19 7.539E-19 7.422E-19 7.518E-19 7.893E-19 8.403E-19
 8.719E-19 8.692E-19 8.464E-19 8.257E-19 8.231E-19 8.384E-19 8.550E-19 8.593E-19 8.438E-19 8.126E-19
 7.736E-19 7.398E-19 7.278E-19 7.361E-19 7.523E-19 7.580E-19 7.586E-19 7.714E-19 8.020E-19 8.359E-19
 8.584E-19 8.668E-19 8.614E-19 8.415E-19 8.093E-19 7.691E-19 7.367E-19 7.258E-19 7.376E-19 7.563E-19
 7.606E-19 7.421E-19 7.196E-19 7.149E-19 7.358E-19 7.762E-19 8.252E-19 8.714E-19 8.907E-19 8.646E-19
 8.106E-19 7.701E-19 7.632E-19 7.742E-19 7.672E-19 7.404E-19 7.163E-19 7.136E-19 7.210E-19 7.337E-19
 7.533E-19 7.784E-19 8.018E-19 8.140E-19 8.153E-19 8.141E-19 8.182E-19 8.182E-19 8.043E-19 7.838E-19
 7.649E-19 7.487E-19 7.285E-19 7.064E-19 6.948E-19 7.043E-19 7.274E-19 7.487E-19 7.585E-19 7.549E-19
 7.403E-19 7.213E-19 7.163E-19 7.362E-19 7.681E-19 7.883E-19 7.884E-19 7.836E-19 7.829E-19 7.774E-19
 7.642E-19 7.584E-19 7.709E-19 7.894E-19 7.851E-19 7.488E-19 7.056E-19 6.861E-19 6.947E-19 7.156E-19
 7.245E-19 7.149E-19 7.038E-19 7.135E-19 7.485E-19 7.936E-19 8.315E-19 8.535E-19 8.550E-19 8.301E-19
 7.813E-19 7.341E-19 7.045E-19 6.866E-19 6.667E-19 6.492E-19 6.362E-19 6.294E-19 6.283E-19 6.431E-19
 6.872E-19 7.570E-19 8.283E-19 8.725E-19 8.747E-19 8.362E-19 7.786E-19 7.266E-19 6.880E-19 6.532E-19
 6.085E-19 5.678E-19 5.563E-19 5.763E-19 6.100E-19 6.498E-19 6.944E-19 7.366E-19 7.674E-19 7.799E-19
 7.789E-19 7.757E-19 7.697E-19 7.512E-19 7.160E-19 6.659E-19 6.148E-19 5.826E-19 5.855E-19 6.155E-19
 6.571E-19 6.933E-19 7.157E-19 7.207E-19 7.159E-19 7.129E-19 7.173E-19 7.226E-19 7.196E-19 7.123E-19
 7.033E-19 6.922E-19 6.694E-19 6.404E-19 6.224E-19 6.312E-19 6.680E-19 7.179E-19 7.529E-19 7.511E-19
 7.077E-19 6.538E-19 6.211E-19 6.167E-19 6.253E-19 6.355E-19 6.463E-19 6.661E-19 6.897E-19 7.056E-19
 7.089E-19 7.079E-19 7.102E-19 7.119E-19 7.053E-19 6.827E-19 6.544E-19 6.339E-19 6.253E-19 6.248E-19
 6.264E-19 6.259E-19 6.165E-19 6.025E-19 5.939E-19 6.025E-19 6.358E-19 6.852E-19 7.291E-19 7.539E-19
 7.533E-19 7.239E-19 6.801E-19 6.405E-19 6.163E-19 6.024E-19 5.920E-19 5.838E-19 5.838E-19 5.960E-19
 6.163E-19 6.356E-19 6.514E-19 6.693E-19 6.875E-19 7.012E-19 7.023E-19 6.833E-19 6.420E-19 5.974E-19
 5.696E-19 5.683E-19 5.842E-19 5.990E-19 6.053E-19 5.993E-19 5.887E-19 5.828E-19 5.873E-19 6.038E-19
 6.163E-19 6.152E-19 5.999E-19 5.875E-19 5.922E-19 6.062E-19 6.102E-19 5.911E-19 5.633E-19 5.473E-19
 5.576E-19 5.886E-19 6.254E-19 6.569E-19 6.774E-19 6.804E-19 6.586E-19 6.187E-19 5.825E-19 5.677E-19
 5.717E-19 5.819E-19 5.911E-19 5.993E-19 6.055E-19 6.028E-19 5.929E-19 5.872E-19 5.894E-19 5.953E-19
 6.007E-19 6.042E-19 6.048E-19 5.941E-19 5.668E-19 5.334E-19 5.128E-19 5.119E-19 5.226E-19 5.356E-19
 5.501E-19 5.772E-19 6.062E-19 6.266E-19 6.351E-19 6.291E-19 6.130E-19 5.881E-19 5.524E-19 5.198E-19
 4.992E-19 4.939E-19 5.027E-19 5.180E-19 5.310E-19 5.347E-19 5.330E-19 5.431E-19 5.739E-19 6.109E-19
 6.313E-19 6.226E-19 5.890E-19 5.491E-19 5.186E-19 5.044E-19 5.061E-19 5.111E-19 5.111E-19 5.043E-19
 4.947E-19 4.900E-19 4.948E-19 5.138E-19 5.362E-19 5.485E-19 5.510E-19 5.591E-19 5.705E-19 5.698E-19
 5.454E-19 5.130E-19 5.005E-19 5.089E-19 5.146E-19 5.064E-19 4.964E-19 4.936E-19 4.937E-19 4.870E-19
 4.830E-19 4.894E-19 5.011E-19 5.081E-19 5.111E-19 5.219E-19 5.447E-19 5.669E-19 5.737E-19 5.597E-19
 5.363E-19 5.171E-19 5.057E-19 5.003E-19 5.041E-19 5.162E-19 5.230E-19 5.145E-19 4.900E-19 4.697E-19
 4.637E-19 4.653E-19 4.687E-19 4.777E-19 4.968E-19 5.171E-19 5.230E-19 5.149E-19 5.029E-19 4.976E-19
 5.006E-19 5.063E-19 5.096E-19 5.007E-19 4.837E-19 4.660E-19 4.536E-19 4.458E-19 4.396E-19 4.382E-19
 4.493E-19 4.687E-19 4.828E-19 4.901E-19 4.981E-19 5.089E-19 5.102E-19 4.938E-19 4.665E-19 4.346E-19
 4.106E-19 4.024E-19 4.073E-19 4.167E-19 4.222E-19 4.243E-19 4.241E-19 4.264E-19 4.381E-19 4.598E-19
 4.816E-19 4.927E-19 4.871E-19 4.724E-19 4.553E-19 4.370E-19 4.133E-19 3.933E-19 3.850E-19 3.961E-19
 4.227E-19 4.474E-19 4.548E-19 4.430E-19 4.310E-19 4.302E-19 4.355E-19 4.390E-19 4.352E-19 4.287E-19
 4.176E-19 4.081E-19 4.045E-19 4.116E-19 4.254E-19 4.297E-19 4.220E-19 4.147E-19 4.174E-19 4.221E-19
 4.236E-19 4.268E-19 4.339E-19 4.363E-19 4.267E-19 4.087E-19 3.969E-19 3.947E-19 3.960E-19 3.913E-19
 3.822E-19 3.763E-19 3.797E-19 3.904E-19 4.046E-19 4.153E-19 4.172E-19 4.136E-19 4.070E-19 3.988E-19
 3.883E-19 3.768E-19 3.709E-19 3.750E-19 3.859E-19 3.939E-19 3.938E-19 3.858E-19 3.786E-19 3.799E-19
 3.873E-19 3.979E-19 4.149E-19 4.383E-19 4.546E-19 4.481E-19 4.170E-19 3.783E-19 3.534E-19 3.480E-19
 3.546E-19 3.686E-19 3.883E-19 4.051E-19 4.118E-19 4.040E-19 3.846E-19 3.694E-19 3.616E-19 3.569E-19
 3.584E-19 3.689E-19 3.869E-19 4.009E-19 4.048E-19 4.023E-19 3.913E-19 3.717E-19 3.527E-19 3.530E-19
 3.795E-19 4.067E-19 4.066E-19 3.855E-19 3.692E-19 3.703E-19 3.732E-19 3.647E-19 3.504E-19 3.474E-19
 3.540E-19 3.630E-19 3.650E-19 3.599E-19 3.509E-19 3.420E-19 3.445E-19 3.519E-19 3.508E-19 3.368E-19
 3.238E-19 3.209E-19 3.260E-19 3.309E-19 3.374E-19 3.492E-19 3.565E-19 3.505E-19 3.407E-19 3.424E-19
 3.540E-19 3.577E-19 3.504E-19 3.383E-19 3.335E-19 3.369E-19 3.410E-19 3.442E-19 3.470E-19 3.462E-19
 3.393E-19 3.293E-19 3.190E-19 3.120E-19 3.071E-19 3.048E-19 3.093E-19 3.182E-19 3.240E-19 3.260E-19
 3.266E-19 3.258E-19 3.264E-19 3.302E-19 3.353E-19 3.393E-19 3.342E-19 3.285E-19 3.301E-19 3.396E-19
 3.443E-19 3.365E-19 3.211E-19 3.098E-19 3.105E-19 3.219E-19 3.391E-19 3.503E-19 3.487E-19 3.394E-19
 3.321E-19 3.304E-19 3.327E-19 3.341E-19 3.351E-19 3.319E-19 3.216E-19 3.090E-19 3.020E-19 2.980E-19
 2.885E-19 2.760E-19 2.709E-19 2.785E-19 2.890E-19 2.904E-19 2.825E-19 2.729E-19 2.766E-19 2.921E-19
 3.064E-19 3.074E-19 2.978E-19 2.899E-19 2.955E-19 3.030E-19 2.981E-19 2.814E-19 2.631E-19 2.538E-19
 2.501E-19 2.513E-19 2.560E-19 2.637E-19 2.702E-19 2.722E-19 2.768E-19 2.797E-19 2.766E-19 2.660E-19
 2.559E-19 2.492E-19 2.444E-19 2.434E-19 2.491E-19 2.577E-19 2.661E-19 2.739E-19 2.800E-19 2.815E-19
 2.755E-19 2.657E-19 2.590E-19 2.552E-19 2.542E-19 2.527E-19 2.517E-19 2.455E-19 2.315E-19 2.119E-19
 1.993E-19 1.990E-19 2.079E-19 2.209E-19 2.360E-19 2.438E-19 2.402E-19 2.301E-19 2.230E-19 2.209E-19
 2.248E-19 2.290E-19 2.307E-19 2.302E-19 2.291E-19 2.272E-19 2.256E-19 2.220E-19 2.153E-19 2.115E-19
 2.140E-19 2.171E-19 2.214E-19 2.283E-19 2.433E-19 2.558E-19 2.619E-19 2.645E-19 2.669E-19 2.683E-19
 2.635E-19 2.513E-19 2.380E-19 2.268E-19 2.168E-19 2.068E-19 2.009E-19 1.988E-19 2.036E-19 2.145E-19
 2.290E-19 2.426E-19 2.510E-19 2.508E-19 2.433E-19 2.297E-19 2.171E-19 2.094E-19 2.062E-19 2.073E-19
 2.063E-19 2.069E-19 2.070E-19 2.027E-19 1.972E-19 1.952E-19 1.937E-19 1.898E-19 1.868E-19 1.881E-19
 1.946E-19 2.031E-19 2.061E-19 2.040E-19 2.003E-19 1.954E-19 1.946E-19 1.996E-19 2.047E-19 2.072E-19
 2.040E-19 1.995E-19 1.984E-19 1.995E-19 1.965E-19 1.908E-19 1.837E-19 1.844E-19 2.022E-19 2.257E-19
 2.392E-19 2.418E-19 2.371E-19 2.337E-19 2.285E-19 2.183E-19 2.075E-19 2.015E-19 2.030E-19 2.065E-19
 2.074E-19 2.066E-19 2.118E-19 2.204E-19 2.281E-19 2.294E-19 2.227E-19 2.140E-19 2.057E-19 1.981E-19
 1.963E-19 1.967E-19 1.982E-19 1.922E-19 1.819E-19 1.776E-19 1.821E-19 1.898E-19 2.002E-19 2.125E-19
 2.215E-19 2.264E-19 2.269E-19 2.290E-19 2.275E-19 2.161E-19 1.945E-19 1.733E-19 1.659E-19 1.714E-19
 1.796E-19 1.831E-19 1.841E-19 1.869E-19 1.917E-19 1.968E-19 2.002E-19 1.960E-19 1.841E-19 1.732E-19
 1.688E-19 1.739E-19 1.837E-19 1.854E-19 1.717E-19 1.516E-19 1.406E-19 1.464E-19 1.646E-19 1.827E-19
 1.924E-19 1.912E-19 1.824E-19 1.671E-19 1.535E-19 1.494E-19 1.569E-19 1.725E-19 1.871E-19 1.948E-19
 1.977E-19 1.923E-19 1.805E-19 1.685E-19 1.635E-19 1.676E-19 1.771E-19 1.832E-19 1.828E-19 1.773E-19
 1.681E-19 1.590E-19 1.549E-19 1.558E-19 1.590E-19 1.575E-19 1.538E-19 1.544E-19 1.594E-19 1.661E-19
 1.702E-19 1.719E-19 1.759E-19 1.817E-19 1.834E-19 1.748E-19 1.642E-19 1.616E-19 1.627E-19 1.554E-19
 1.370E-19 1.218E-19 1.219E-19 1.339E-19 1.484E-19 1.539E-19 1.500E-19 1.455E-19 1.410E-19 1.362E-19
 1.334E-19 1.351E-19 1.395E-19 1.429E-19 1.372E-19 1.249E-19 1.135E-19 1.163E-19 1.268E-19 1.348E-19
 1.381E-19 1.437E-19 1.521E-19 1.575E-19 1.537E-19 1.442E-19 1.398E-19 1.453E-19 1.554E-19 1.622E-19
 1.616E-19 1.551E-19 1.480E-19 1.460E-19 1.463E-19 1.415E-19 1.348E-19 1.327E-19 1.386E-19 1.454E-19
 1.471E-19 1.432E-19 1.360E-19 1.326E-19 1.355E-19 1.445E-19 1.558E-19 1.561E-19 1.433E-19 1.282E-19
 1.257E-19 1.283E-19 1.325E-19 1.362E-19 1.413E-19 1.509E-19 1.538E-19 1.453E-19 1.302E-19 1.139E-19
 1.008E-19 9.889E-20 1.071E-19 1.184E-19 1.279E-19 1.352E-19 1.380E-19 1.350E-19 1.294E-19 1.295E-19
 1.423E-19 1.563E-19 1.596E-19 1.479E-19 1.243E-19 1.058E-19 9.909E-20 1.038E-19 1.113E-19 1.122E-19
 1.053E-19 1.006E-19 1.014E-19 1.064E-19 1.111E-19 1.191E-19 1.258E-19 1.291E-19 1.261E-19 1.229E-19
 1.269E-19 1.415E-19 1.562E-19 1.631E-19 1.567E-19 1.429E-19 1.276E-19 1.166E-19 1.112E-19 1.111E-19
 1.164E-19 1.280E-19 1.422E-19 1.551E-19 1.649E-19 1.623E-19 1.486E-19 1.343E-19 1.254E-19 1.256E-19
 1.318E-19 1.383E-19 1.392E-19 1.346E-19 1.263E-19 1.204E-19 1.189E-19 1.168E-19 1.128E-19 1.131E-19
 1.190E-19 1.226E-19 1.192E-19 1.171E-19 1.233E-19 1.344E-19 1.420E-19 1.452E-19 1.499E-19 1.523E-19
 1.423E-19 1.183E-19 1.003E-19 1.012E-19 1.095E-19 1.144E-19 1.209E-19 1.371E-19 1.534E-19 1.542E-19
 1.408E-19 1.312E-19 1.317E-19 1.286E-19 1.152E-19 1.111E-19 1.233E-19 1.377E-19 1.421E-19 1.405E-19
 1.418E-19 1.467E-19 1.457E-19 1.409E-19 1.433E-19 1.540E-19 1.671E-19 1.805E-19 1.928E-19 1.931E-19
 1.789E-19 1.632E-19 1.612E-19 1.775E-19 1.965E-19 2.025E-19 1.958E-19 1.774E-19 1.535E-19 1.329E-19
 1.207E-19 1.125E-19 1.072E-19 1.105E-19 1.323E-19 1.618E-19 1.809E-19 1.870E-19 1.919E-19 2.019E-19
 2.067E-19 1.976E-19 1.840E-19 1.764E-19 1.718E-19 1.654E-19 1.587E-19 1.556E-19 1.493E-19 1.385E-19
 1.349E-19 1.440E-19 1.571E-19 1.622E-19 1.572E-19 1.497E-19 1.502E-19 1.559E-19 1.615E-19 1.598E-19
 1.526E-19 1.450E-19 1.463E-19 1.558E-19 1.641E-19 1.684E-19 1.720E-19 1.761E-19 1.797E-19 1.820E-19
 1.777E-19 1.734E-19 1.722E-19 1.751E-19 1.789E-19 1.846E-19 1.898E-19 1.951E-19 1.959E-19 1.870E-19
 1.681E-19 1.492E-19 1.397E-19 1.414E-19 1.465E-19 1.458E-19 1.401E-19 1.377E-19 1.389E-19 1.393E-19
 1.341E-19 1.261E-19 1.186E-19 1.110E-19 1.022E-19 9.603E-20 9.154E-20 8.686E-20 8.354E-20 8.114E-20
 8.076E-20 8.080E-20 8.067E-20 7.837E-20 7.328E-20 6.447E-20 5.882E-20 6.536E-20 8.021E-20 9.300E-20
 9.721E-20 9.721E-20 9.959E-20 1.025E-19 9.882E-20 8.738E-20 7.272E-20 5.946E-20 4.714E-20 4.212E-20
 4.880E-20 6.465E-20 8.250E-20 9.852E-20 1.102E-19 1.161E-19 1.131E-19 1.039E-19 9.525E-20 8.837E-20
 8.624E-20 8.965E-20 9.480E-20 9.530E-20 9.301E-20 9.483E-20 1.003E-19 1.006E-19 9.307E-20 8.906E-20
 9.433E-20 1.049E-19 1.061E-19 9.430E-20 7.951E-20 7.392E-20 8.090E-20 9.513E-20 1.081E-19 1.144E-19
 1.121E-19 1.063E-19 1.031E-19 1.020E-19 1.015E-19 1.015E-19 1.053E-19 1.081E-19 1.099E-19 1.081E-19
 1.060E-19 1.010E-19 9.552E-20 9.046E-20 8.775E-20 8.824E-20 9.074E-20 9.554E-20 1.043E-19 1.136E-19
 1.179E-19 1.148E-19 1.082E-19 9.755E-20 8.722E-20 7.966E-20 7.812E-20 8.258E-20 8.408E-20 7.891E-20
 6.816E-20 6.012E-20 5.961E-20 6.685E-20 7.704E-20 8.436E-20 8.843E-20 8.573E-20 7.665E-20 6.682E-20
 6.571E-20 7.311E-20 8.167E-20 8.088E-20 7.232E-20 6.211E-20 5.379E-20 5.026E-20 5.169E-20 6.340E-20
 7.636E-20 7.991E-20 7.642E-20 7.635E-20 8.176E-20 8.946E-20 9.427E-20 8.978E-20 7.970E-20 7.105E-20
 6.645E-20 6.626E-20 6.215E-20 5.123E-20 3.910E-20 3.233E-20 3.294E-20 3.893E-20 5.070E-20 6.996E-20
 8.390E-20 8.625E-20 8.662E-20 9.336E-20 1.018E-19 9.798E-20 8.085E-20 6.194E-20 5.196E-20 4.990E-20
 5.433E-20 6.390E-20 7.419E-20 7.573E-20 6.780E-20 5.804E-20 5.239E-20 5.054E-20 4.489E-20 3.746E-20
 3.625E-20 4.221E-20 5.318E-20 6.324E-20 6.714E-20 6.298E-20 5.659E-20 5.542E-20 6.147E-20 7.159E-20
 8.134E-20 8.800E-20 8.956E-20 8.110E-20 6.593E-20 5.923E-20 6.490E-20 7.170E-20 7.318E-20 6.995E-20
 6.677E-20 6.382E-20 5.934E-20 5.240E-20 4.686E-20 4.541E-20 4.910E-20 5.394E-20 5.843E-20 6.115E-20
 6.462E-20 6.895E-20 7.238E-20 7.149E-20 6.864E-20 7.022E-20 7.565E-20 8.066E-20 8.475E-20 8.670E-20
 8.499E-20 8.130E-20 7.702E-20 7.347E-20 6.987E-20 6.473E-20 6.029E-20 6.153E-20 6.811E-20 7.742E-20
 8.878E-20 9.569E-20 9.368E-20 8.119E-20 6.482E-20 5.603E-20 5.440E-20 5.681E-20 5.769E-20 5.405E-20
 4.753E-20 4.068E-20 3.616E-20 3.250E-20 2.773E-20 2.989E-20 3.975E-20 5.711E-20 8.232E-20 1.024E-19
 1.097E-19 1.079E-19 9.905E-20 8.791E-20 7.931E-20 7.122E-20 6.114E-20 5.131E-20 4.482E-20 4.421E-20
 5.002E-20 6.020E-20 6.895E-20 6.933E-20 5.987E-20 5.241E-20 5.524E-20 6.615E-20 7.364E-20 7.057E-20
 6.305E-20 5.880E-20 5.686E-20 5.573E-20 5.332E-20 5.038E-20 4.918E-20 5.286E-20 5.958E-20 6.453E-20
 6.376E-20 5.939E-20 6.018E-20 6.748E-20 7.670E-20 7.898E-20 7.686E-20 7.451E-20 7.130E-20 6.673E-20
 6.607E-20 6.798E-20 6.907E-20 7.025E-20 7.306E-20 7.908E-20 8.270E-20 8.319E-20 8.411E-20 9.101E-20
 1.014E-19 1.058E-19 9.838E-20 8.062E-20 6.261E-20 5.332E-20 5.708E-20 6.683E-20 7.414E-20 7.323E-20
 6.422E-20 5.465E-20 5.096E-20 5.288E-20 5.877E-20 6.156E-20 5.691E-20 5.012E-20 4.941E-20 5.580E-20
 6.564E-20 7.206E-20 6.908E-20 6.041E-20 4.727E-20 3.445E-20 3.054E-20 3.786E-20 5.076E-20 6.010E-20
 5.765E-20 5.047E-20 4.817E-20 5.709E-20 7.487E-20 8.894E-20 9.461E-20 9.596E-20 9.787E-20 9.886E-20
 9.674E-20 8.905E-20 7.979E-20 6.902E-20 6.001E-20 5.919E-20 6.753E-20 7.533E-20 7.460E-20 6.541E-20
 5.435E-20 4.845E-20 5.324E-20 6.266E-20 7.184E-20 7.892E-20 8.214E-20 8.435E-20 8.761E-20 9.078E-20
 9.446E-20 9.827E-20 1.012E-19 9.848E-20 8.642E-20 6.963E-20 5.745E-20 5.499E-20 6.079E-20 6.790E-20
 7.340E-20 7.561E-20 7.732E-20 8.272E-20 9.074E-20 9.338E-20 8.589E-20 7.590E-20 7.123E-20 7.398E-20
 8.002E-20 8.466E-20 8.418E-20 8.336E-20 8.702E-20 9.186E-20 9.918E-20 1.060E-19 1.134E-19 1.192E-19
 1.192E-19 1.154E-19 1.096E-19 1.021E-19 9.905E-20 1.017E-19 1.057E-19 1.072E-19 1.013E-19 9.513E-20
 9.168E-20 9.057E-20 8.834E-20 8.815E-20 9.398E-20 9.987E-20 1.006E-19 9.920E-20 9.829E-20 9.310E-20
 8.357E-20 7.819E-20 8.701E-20 1.021E-19 1.129E-19 1.140E-19 1.087E-19 1.038E-19 1.013E-19 1.008E-19
 1.000E-19 9.637E-20 8.864E-20 7.799E-20 7.015E-20 7.197E-20 8.034E-20 9.460E-20 1.098E-19 1.184E-19
 1.182E-19 1.095E-19 9.730E-20 8.916E-20 9.271E-20 1.051E-19 1.178E-19 1.195E-19 1.131E-19 1.097E-19
 1.111E-19 1.089E-19 9.958E-20 8.607E-20 8.584E-20 1.043E-19 1.278E-19 1.372E-19 1.303E-19 1.201E-19
 1.166E-19 1.162E-19 1.159E-19 1.139E-19 1.115E-19 1.153E-19 1.242E-19 1.347E-19 1.431E-19 1.415E-19
 1.300E-19 1.175E-19 1.118E-19 1.157E-19 1.238E-19 1.276E-19 1.231E-19 1.146E-19 1.098E-19 1.161E-19
 1.324E-19 1.465E-19 1.515E-19 1.476E-19 1.372E-19 1.178E-19 9.425E-20 7.959E-20 8.496E-20 1.095E-19
 1.396E-19 1.614E-19 1.705E-19 1.629E-19 1.442E-19 1.285E-19 1.236E-19 1.302E-19 1.386E-19 1.403E-19
 1.372E-19 1.365E-19 1.426E-19 1.559E-19 1.708E-19 1.771E-19 1.663E-19 1.413E-19 1.093E-19 8.843E-20
 8.651E-20 9.380E-20 1.054E-19 1.186E-19 1.293E-19 1.335E-19 1.282E-19 1.220E-19 1.168E-19 1.054E-19
 8.319E-20 5.967E-20 4.809E-20 5.204E-20 6.315E-20 7.220E-20 7.045E-20 5.522E-20 3.525E-20 2.130E-20
 2.308E-20 3.323E-20 4.372E-20 4.945E-20 5.121E-20 5.464E-20 5.511E-20 5.566E-20 5.618E-20 5.790E-20
 5.775E-20 5.882E-20 6.270E-20 6.816E-20 7.568E-20 8.524E-20 9.317E-20 8.922E-20 7.437E-20 5.840E-20
 5.043E-20 4.655E-20 4.114E-20 3.644E-20 4.136E-20 5.410E-20 6.278E-20 6.126E-20 5.465E-20 5.317E-20
 6.226E-20 7.499E-20 7.798E-20 6.949E-20 5.739E-20 5.264E-20 5.859E-20 6.718E-20 7.232E-20 7.738E-20
 8.473E-20 8.813E-20 8.105E-20 7.077E-20 6.851E-20 6.894E-20 6.533E-20 5.659E-20 4.903E-20 4.936E-20
 5.279E-20 5.161E-20 4.840E-20 5.061E-20 5.767E-20 6.780E-20 7.581E-20 8.245E-20 8.893E-20 9.466E-20
 9.060E-20 8.042E-20 7.229E-20 6.876E-20 6.680E-20 6.476E-20 6.815E-20 7.673E-20 8.435E-20 8.320E-20
 7.437E-20 6.344E-20 5.349E-20 4.692E-20 4.454E-20 4.843E-20 5.644E-20 6.608E-20 7.412E-20 7.230E-20
 5.941E-20 4.770E-20 4.679E-20 5.613E-20 6.578E-20 7.007E-20 7.517E-20 8.309E-20 8.771E-20 8.454E-20
 7.436E-20 6.365E-20 6.216E-20 6.904E-20 7.551E-20 7.488E-20 6.987E-20 6.358E-20 6.142E-20 6.500E-20
 7.479E-20 8.751E-20 9.976E-20 1.057E-19 1.005E-19 8.711E-20 7.356E-20 6.364E-20 5.764E-20 5.419E-20
 5.374E-20 5.989E-20 6.824E-20 7.058E-20 6.377E-20 4.896E-20 3.545E-20 3.008E-20 2.823E-20 2.414E-20
 2.029E-20 2.875E-20 4.861E-20 6.063E-20 5.721E-20 4.852E-20 4.863E-20 5.894E-20 7.050E-20 7.114E-20
 6.138E-20 4.438E-20 2.883E-20 2.727E-20 4.032E-20 5.195E-20 4.723E-20 3.055E-20 1.884E-20 2.039E-20
 2.894E-20 3.756E-20 4.671E-20 5.903E-20 7.396E-20 8.386E-20 8.118E-20 6.262E-20 3.769E-20 1.932E-20
 1.638E-20 2.356E-20 2.819E-20 2.329E-20 1.247E-20 6.470E-21 1.717E-20 4.278E-20 6.550E-20 7.763E-20
 8.742E-20 1.006E-19 1.142E-19 1.143E-19 9.691E-20 7.432E-20 6.115E-20 5.642E-20 5.776E-20 6.118E-20
 6.331E-20 5.865E-20 4.295E-20 2.777E-20 2.303E-20 2.789E-20 3.793E-20 4.899E-20 5.873E-20 6.484E-20
 6.544E-20 5.898E-20 4.904E-20 3.891E-20 3.611E-20 4.295E-20 5.567E-20 6.734E-20 7.315E-20 7.430E-20
 7.525E-20 7.479E-20 7.132E-20 6.839E-20 6.984E-20 6.861E-20 5.943E-20 4.499E-20 2.904E-20 1.467E-20
 7.768E-21 1.463E-20 3.274E-20 4.923E-20 5.535E-20 5.185E-20 4.366E-20 3.816E-20 3.641E-20 3.535E-20
 3.539E-20 3.750E-20 4.022E-20 4.411E-20 4.572E-20 4.443E-20 3.998E-20 3.407E-20 3.299E-20 3.572E-20
 4.064E-20 4.482E-20 4.905E-20 5.535E-20 6.340E-20 6.661E-20 6.373E-20 5.552E-20 4.583E-20 3.939E-20
 3.554E-20 3.789E-20 4.837E-20 6.162E-20 6.921E-20 7.061E-20 7.047E-20 7.210E-20 7.531E-20 7.654E-20
 7.502E-20 7.401E-20 7.434E-20 7.464E-20 7.218E-20 6.668E-20 5.998E-20 5.365E-20 5.005E-20 4.810E-20
 4.752E-20 5.177E-20 6.062E-20 6.977E-20 6.996E-20 5.875E-20 4.396E-20 3.544E-20 3.626E-20 4.080E-20
 4.769E-20 5.977E-20 7.405E-20 8.331E-20 8.156E-20 6.865E-20 4.802E-20 2.989E-20 2.310E-20 2.918E-20
 3.997E-20 4.777E-20 5.104E-20 4.605E-20 3.214E-20 1.766E-20 1.585E-20 2.714E-20 4.119E-20 4.935E-20
 5.243E-20 5.746E-20 6.075E-20 5.433E-20 4.461E-20 4.263E-20 4.986E-20 5.531E-20 5.509E-20 5.628E-20
 6.234E-20 6.894E-20 7.082E-20 6.616E-20 5.496E-20 4.412E-20 3.708E-20 3.527E-20 3.419E-20 3.106E-20
 3.010E-20 3.729E-20 4.813E-20 5.534E-20 5.514E-20 4.885E-20 4.381E-20 4.723E-20 5.787E-20 6.682E-20
 6.424E-20 5.168E-20 4.040E-20 3.575E-20 3.372E-20 3.181E-20 3.074E-20 3.593E-20 4.513E-20 4.851E-20
 4.243E-20 3.483E-20 3.085E-20 3.278E-20 3.746E-20 3.879E-20 3.861E-20 4.089E-20 4.629E-20 4.923E-20
 4.921E-20 4.526E-20 3.945E-20 3.266E-20 2.579E-20 2.082E-20 2.067E-20 2.234E-20 2.925E-20 4.231E-20
 5.347E-20 5.308E-20 4.427E-20 3.970E-20 4.113E-20 3.825E-20 2.668E-20 1.675E-20 2.137E-20 3.660E-20
 4.907E-20 5.867E-20 7.168E-20 9.017E-20 1.041E-19 1.049E-19 9.424E-20 8.083E-20 6.522E-20 5.167E-20
 4.444E-20 4.301E-20 4.483E-20 4.815E-20 4.771E-20 4.299E-20 3.757E-20 3.652E-20 4.283E-20 5.137E-20
 5.180E-20 4.891E-20 4.972E-20 4.871E-20 4.370E-20 3.350E-20 2.391E-20 1.844E-20 1.431E-20 1.254E-20
 1.418E-20 1.633E-20 2.102E-20 2.786E-20 3.428E-20 3.686E-20 3.431E-20 2.567E-20 1.931E-20 2.246E-20
 3.401E-20 4.518E-20 4.903E-20 4.663E-20 4.710E-20 5.385E-20 5.924E-20 5.782E-20 4.352E-20 3.250E-20
 3.811E-20 5.690E-20 7.696E-20 8.779E-20 8.733E-20 7.822E-20 6.559E-20 5.385E-20 5.127E-20 5.803E-20
 6.122E-20 5.734E-20 5.025E-20 4.795E-20 5.222E-20 5.840E-20 6.098E-20 5.755E-20 5.179E-20 4.437E-20
 4.043E-20 4.423E-20 5.422E-20 6.046E-20 5.389E-20 3.747E-20 2.263E-20 2.255E-20 3.399E-20 4.264E-20
 4.332E-20 3.930E-20 3.383E-20 2.650E-20 1.846E-20 1.280E-20 1.767E-20 3.009E-20 3.961E-20 4.103E-20
 4.094E-20 4.796E-20 5.782E-20 6.537E-20 6.528E-20 5.687E-20 4.584E-20 3.611E-20 3.342E-20 3.930E-20
 4.784E-20 5.140E-20 5.127E-20 5.061E-20 4.776E-20 4.313E-20 3.873E-20 3.781E-20 4.245E-20 4.973E-20
 5.641E-20 6.367E-20 6.691E-20 6.684E-20 6.002E-20 4.485E-20 2.656E-20 1.593E-20 1.842E-20 2.826E-20
 3.913E-20 5.018E-20 6.004E-20 6.373E-20 5.582E-20 4.180E-20 3.219E-20 2.929E-20 2.863E-20 2.491E-20
 1.788E-20 1.101E-20 6.592E-21 7.946E-21 1.205E-20 1.528E-20 2.164E-20 3.041E-20 3.545E-20 3.166E-20
 2.078E-20 1.349E-20 1.595E-20 1.991E-20 1.646E-20 1.006E-20 1.197E-20 2.432E-20 3.656E-20 4.021E-20
 3.901E-20 4.336E-20 5.237E-20 5.999E-20 5.784E-20 4.545E-20 3.178E-20 2.974E-20 4.084E-20 5.373E-20
 5.756E-20 5.573E-20 5.494E-20 5.939E-20 6.299E-20 6.069E-20 5.526E-20 4.746E-20 4.346E-20 4.485E-20
 4.596E-20 4.285E-20 3.663E-20 3.133E-20 3.293E-20 3.741E-20 3.898E-20 3.784E-20 4.125E-20 4.691E-20
 5.147E-20 5.100E-20 4.395E-20 3.055E-20 1.296E-20 1.684E-21 6.513E-21 2.280E-20 4.171E-20 6.152E-20
 8.066E-20 9.491E-20 9.837E-20 9.142E-20 8.110E-20 7.079E-20 6.431E-20 5.938E-20 5.413E-20 4.810E-20
 4.099E-20 3.735E-20 4.191E-20 5.453E-20 6.325E-20 5.966E-20 4.780E-20 3.694E-20 3.479E-20 3.932E-20
 4.277E-20 4.434E-20 4.916E-20 5.730E-20 6.042E-20 5.194E-20 3.271E-20 1.348E-20 7.863E-21 1.440E-20
 2.311E-20 2.706E-20 2.894E-20 3.462E-20 4.129E-20 4.575E-20 5.053E-20 5.521E-20 5.539E-20 4.949E-20
 4.788E-20 5.634E-20 7.079E-20 8.190E-20 7.892E-20 6.610E-20 5.041E-20 4.066E-20 4.154E-20 5.181E-20
 6.542E-20 7.669E-20 8.130E-20 7.677E-20 6.599E-20 5.881E-20 6.272E-20 7.762E-20 9.033E-20 9.232E-20
 8.916E-20 8.768E-20 8.590E-20 7.735E-20 6.023E-20 4.120E-20 3.008E-20 2.610E-20 2.169E-20 1.698E-20
 1.578E-20 2.209E-20 3.388E-20 3.944E-20 3.643E-20 3.157E-20 3.418E-20 4.099E-20 4.371E-20 3.821E-20
 3.250E-20 3.641E-20 4.616E-20 5.751E-20 7.041E-20 8.221E-20 8.968E-20 8.932E-20 7.989E-20 6.329E-20
 4.868E-20 4.322E-20 4.810E-20 5.513E-20 6.025E-20 6.255E-20 6.282E-20 5.948E-20 5.475E-20 5.249E-20
 5.695E-20 6.491E-20 7.009E-20 6.612E-20 5.351E-20 3.873E-20 3.261E-20 4.042E-20 5.825E-20 7.158E-20
 7.380E-20 7.162E-20 7.020E-20 6.789E-20 6.147E-20 5.483E-20 5.460E-20 5.962E-20 6.488E-20 6.482E-20
 5.923E-20 4.791E-20 3.973E-20 4.034E-20 4.691E-20 5.180E-20 5.257E-20 5.668E-20 6.447E-20 6.528E-20
 5.124E-20 3.478E-20 3.150E-20 3.942E-20 4.324E-20 3.933E-20 3.560E-20 3.422E-20 3.573E-20 3.967E-20
 4.733E-20 5.719E-20 6.089E-20 6.073E-20 6.254E-20 6.860E-20 7.640E-20 8.298E-20 8.669E-20 8.820E-20
 8.736E-20 8.600E-20 8.440E-20 8.465E-20 8.934E-20 9.583E-20 9.903E-20 9.549E-20 8.339E-20 6.925E-20
 6.010E-20 5.616E-20 5.802E-20 6.481E-20 7.043E-20 7.116E-20 6.686E-20 6.111E-20 5.855E-20 5.700E-20
 5.624E-20 5.983E-20 6.605E-20 7.358E-20 7.995E-20 8.110E-20 7.518E-20 6.232E-20 4.878E-20 3.798E-20
 3.234E-20 3.475E-20 4.282E-20 5.190E-20 5.767E-20 6.001E-20 6.004E-20 5.830E-20 5.482E-20 5.171E-20
 4.924E-20 4.518E-20 3.763E-20 2.999E-20 2.927E-20 3.798E-20 4.554E-20 4.062E-20 2.915E-20 2.015E-20
 1.836E-20 1.607E-20 1.154E-20 1.095E-20 2.079E-20 4.061E-20 6.147E-20 7.368E-20 7.281E-20 6.353E-20
 5.517E-20 4.949E-20 4.704E-20 4.442E-20 4.390E-20 4.537E-20 4.560E-20 4.592E-20 4.556E-20 4.163E-20
 3.372E-20 2.319E-20 1.620E-20 1.810E-20 2.855E-20 4.048E-20 4.917E-20 5.377E-20 5.070E-20 4.007E-20
 3.097E-20 3.026E-20 3.529E-20 3.565E-20 2.942E-20 2.483E-20 3.166E-20 4.591E-20 5.655E-20 5.633E-20
 4.760E-20 4.011E-20 3.616E-20 3.369E-20 3.247E-20 3.517E-20 3.927E-20 3.907E-20 3.557E-20 3.895E-20
 4.999E-20 5.421E-20 4.495E-20 3.288E-20 2.765E-20 2.958E-20 3.357E-20 3.512E-20 3.281E-20 2.740E-20
 2.194E-20 2.433E-20 3.868E-20 5.376E-20 5.670E-20 5.066E-20 4.713E-20 5.156E-20 5.767E-20 5.685E-20
 5.054E-20 4.710E-20 4.738E-20 4.962E-20 5.309E-20 5.111E-20 4.747E-20 5.071E-20 5.800E-20 5.850E-20
 4.734E-20 2.910E-20 1.790E-20 1.762E-20 2.110E-20 2.398E-20 2.928E-20 3.827E-20 4.427E-20 4.329E-20
 3.887E-20 3.856E-20 4.373E-20 5.288E-20 6.141E-20 6.480E-20 6.089E-20 5.435E-20 5.060E-20 4.500E-20
 3.734E-20 3.301E-20 3.255E-20 3.754E-20 4.304E-20 4.553E-20 4.666E-20 4.594E-20 4.078E-20 3.300E-20
 2.917E-20 3.103E-20 3.481E-20 3.889E-20 4.127E-20 4.321E-20 4.298E-20 4.247E-20 4.161E-20 3.698E-20
 2.758E-20 1.747E-20 1.457E-20 2.283E-20 3.869E-20 5.677E-20 7.159E-20 7.916E-20 7.612E-20 6.551E-20
 5.500E-20 4.915E-20 4.679E-20 4.406E-20 4.673E-20 5.218E-20 5.285E-20 4.446E-20 3.508E-20 3.807E-20
 5.228E-20 6.509E-20 6.687E-20 6.458E-20 6.467E-20 6.376E-20 5.588E-20 4.217E-20 2.960E-20 2.256E-20
 2.038E-20 2.279E-20 3.124E-20 4.637E-20 6.416E-20 7.635E-20 7.559E-20 6.325E-20 4.863E-20 3.974E-20
 3.923E-20 4.419E-20 4.505E-20 3.875E-20 2.865E-20 1.782E-20 1.565E-20 2.550E-20 4.294E-20 6.384E-20
 7.994E-20 7.817E-20 5.736E-20 2.936E-20 1.335E-20 1.635E-20 2.751E-20 3.117E-20 2.650E-20 2.147E-20
 2.180E-20 2.727E-20 3.299E-20 3.579E-20 3.654E-20 3.864E-20 4.098E-20 4.514E-20 4.970E-20 4.980E-20
 4.260E-20 2.928E-20 1.716E-20 1.453E-20 2.382E-20 4.024E-20 5.754E-20 7.093E-20 7.755E-20 7.974E-20
 7.894E-20 7.427E-20 7.252E-20 7.627E-20 7.934E-20 7.667E-20 6.908E-20 5.755E-20 4.226E-20 2.584E-20
 1.342E-20 8.152E-21 9.522E-21 1.080E-20 1.089E-20 1.155E-20 1.400E-20 1.694E-20 1.985E-20 2.073E-20
 1.868E-20 1.423E-20 1.150E-20 1.564E-20 2.667E-20 3.587E-20 3.790E-20 3.427E-20 3.025E-20 2.998E-20
 3.512E-20 4.446E-20 5.531E-20 6.195E-20 6.140E-20 5.547E-20 5.201E-20 5.438E-20 5.618E-20 5.295E-20
 4.429E-20 3.296E-20 2.400E-20 1.809E-20 1.300E-20 6.756E-21 2.875E-21 6.599E-21 1.470E-20 2.184E-20
 2.481E-20 2.534E-20 2.519E-20 2.739E-20 2.790E-20 2.724E-20 2.550E-20 2.080E-20 1.416E-20 1.358E-20
 2.328E-20 3.822E-20 4.939E-20 5.114E-20 4.671E-20 4.373E-20 4.175E-20 3.688E-20 3.098E-20 3.098E-20
 3.828E-20 5.157E-20 6.414E-20 6.783E-20 6.274E-20 5.427E-20 4.252E-20 2.864E-20 1.706E-20 1.354E-20
 1.932E-20 2.633E-20 3.048E-20 3.690E-20 5.051E-20 6.402E-20 6.876E-20 6.557E-20 5.985E-20 5.911E-20
 6.010E-20 5.776E-20 5.434E-20 5.501E-20 5.734E-20 5.651E-20 5.626E-20 6.003E-20 6.901E-20 7.698E-20
 7.449E-20 6.148E-20 4.646E-20 3.656E-20 2.871E-20 2.410E-20 2.805E-20 3.887E-20 5.081E-20 5.658E-20
 5.384E-20 4.934E-20 4.597E-20 4.373E-20 4.457E-20 4.512E-20 4.174E-20 4.011E-20 4.128E-20 4.563E-20
 4.824E-20 4.717E-20 4.592E-20 4.312E-20 3.898E-20 3.730E-20 4.441E-20 6.034E-20 7.528E-20 7.749E-20
 6.527E-20 4.031E-20 1.289E-20 0.000E+00 2.220E-21 1.394E-20 3.129E-20 3.496E-20 2.847E-20 2.666E-20
 2.897E-20 2.767E-20 2.114E-20 1.561E-20 1.552E-20 2.218E-20 3.061E-20 3.331E-20 2.869E-20 2.153E-20
 1.499E-20 9.640E-21 3.695E-21 0.000E+00 0.000E+00 0.000E+00 4.504E-22 2.558E-21 6.275E-21 9.765E-21
 1.178E-20 1.135E-20 1.081E-20 1.550E-20 2.586E-20 3.884E-20 4.995E-20 5.411E-20 4.917E-20 3.996E-20
 3.589E-20 4.110E-20 4.809E-20 4.834E-20 4.261E-20 3.669E-20 3.701E-20 4.200E-20 4.366E-20 3.765E-20
 2.765E-20 2.240E-20 2.282E-20 2.115E-20 1.395E-20 6.671E-21 4.481E-21 5.872E-21 6.045E-21 8.490E-21
 1.665E-20 2.208E-20 1.605E-20 4.748E-21 0.000E+00 1.038E-23 4.622E-21 1.703E-20 2.862E-20 3.748E-20
 4.414E-20 4.840E-20 4.735E-20 3.811E-20 2.364E-20 1.504E-20 2.380E-20 4.279E-20 5.586E-20 5.556E-20
 4.722E-20 3.717E-20 2.958E-20 2.600E-20 3.215E-20 4.432E-20 5.113E-20 4.812E-20 4.190E-20 3.986E-20
 3.980E-20 3.523E-20 2.663E-20 2.046E-20 1.851E-20 1.684E-20 1.371E-20 9.540E-21 3.967E-21 0.000E+00
 0.000E+00 1.290E-21 7.624E-21 1.945E-20 3.042E-20 3.577E-20 3.180E-20 1.486E-20 8.474E-23 0.000E+00
 0.000E+00 4.552E-21 1.486E-20 2.039E-20 2.261E-20 2.238E-20 1.885E-20 1.832E-20 2.241E-20 2.863E-20
 3.491E-20 4.187E-20 5.001E-20 5.530E-20 4.945E-20 3.523E-20 2.463E-20 2.416E-20 2.900E-20 3.367E-20
 3.934E-20 5.212E-20 6.731E-20 7.245E-20 6.221E-20 4.471E-20 3.309E-20 3.484E-20 4.631E-20 5.825E-20
 6.240E-20 5.560E-20 4.434E-20 4.005E-20 4.511E-20 5.220E-20 5.001E-20 3.684E-20 2.163E-20 8.641E-21
 9.793E-22 0.000E+00 0.000E+00 0.000E+00 5.464E-21 1.914E-20 2.763E-20 2.591E-20 1.954E-20 1.645E-20
 2.101E-20 3.403E-20 4.567E-20 4.496E-20 3.016E-20 1.061E-20 5.719E-23 2.466E-21 1.228E-20 2.450E-20
 3.123E-20 3.701E-20 4.219E-20 4.450E-20 4.353E-20 4.142E-20 3.675E-20 2.995E-20 2.546E-20 2.361E-20
 2.408E-20 2.603E-20 2.401E-20 1.780E-20 1.284E-20 1.254E-20 1.557E-20 1.592E-20 1.268E-20 6.734E-21
 2.433E-21 4.581E-21 1.030E-20 1.255E-20 8.431E-21 3.493E-21 8.583E-21 2.838E-20 5.262E-20 6.323E-20
 5.413E-20 3.566E-20 2.236E-20 1.593E-20 8.992E-21 2.333E-21 2.868E-21 1.509E-20 3.643E-20 5.633E-20
 6.474E-20 6.172E-20 5.093E-20 3.414E-20 1.887E-20 1.043E-20 9.392E-21 1.402E-20 1.810E-20 1.912E-20
 1.845E-20 1.740E-20 1.638E-20 1.695E-20 1.936E-20 2.093E-20 2.025E-20 1.841E-20 1.535E-20 1.622E-20
 2.240E-20 3.100E-20 3.547E-20 3.279E-20 2.561E-20 1.992E-20 1.654E-20 1.422E-20 1.358E-20 1.590E-20
 1.912E-20 2.150E-20 2.344E-20 2.535E-20 2.662E-20 2.892E-20 3.150E-20 3.402E-20 3.843E-20 4.206E-20
 4.042E-20 3.390E-20 2.548E-20 1.545E-20 7.922E-21 5.348E-21 1.276E-20 3.210E-20 5.491E-20 6.943E-20
 7.013E-20 5.614E-20 3.726E-20 2.275E-20 1.283E-20 9.851E-21 1.723E-20 2.766E-20 2.909E-20 1.479E-20
 7.571E-22 0.000E+00 4.774E-21 1.678E-20 2.259E-20 1.569E-20 5.015E-21 1.405E-22 2.116E-21 6.579E-21
 1.059E-20 1.253E-20 1.143E-20 8.087E-21 3.255E-21 0.000E+00 0.000E+00 1.483E-21 9.524E-21 1.689E-20
 8.861E-21 0.000E+00 0.000E+00 0.000E+00 9.797E-22 5.207E-21 1.012E-20 1.107E-20 1.103E-20 1.451E-20
 2.311E-20 3.214E-20 3.786E-20 3.920E-20 3.858E-20 3.509E-20 2.613E-20 1.349E-20 8.606E-21 1.408E-20
 2.368E-20 2.714E-20 2.443E-20 2.276E-20 2.244E-20 2.315E-20 2.638E-20 3.427E-20 4.066E-20 3.285E-20
 1.268E-20 2.938E-22 7.309E-21 2.307E-20 3.447E-20 4.080E-20 4.273E-20 4.273E-20 4.076E-20 3.839E-20
 4.164E-20 4.933E-20 5.469E-20 5.290E-20 4.406E-20 3.354E-20 2.585E-20 1.970E-20 1.060E-20 2.104E-21
 1.817E-21 9.137E-21 1.848E-20 2.143E-20 1.909E-20 2.008E-20 2.774E-20 3.465E-20 3.741E-20 3.719E-20
 3.503E-20 3.019E-20 2.541E-20 2.387E-20 2.615E-20 2.910E-20 2.974E-20 2.775E-20 2.460E-20 2.304E-20
 2.501E-20 3.059E-20 3.735E-20 3.950E-20 3.347E-20 2.379E-20 1.780E-20 1.626E-20 1.491E-20 8.341E-21
 1.825E-21 0.000E+00 0.000E+00 0.000E+00 3.616E-21 1.598E-20 2.967E-20 3.280E-20 2.322E-20 7.723E-21
 0.000E+00 2.900E-21 1.618E-20 3.520E-20 4.244E-20 3.634E-20 2.755E-20 2.523E-20 2.884E-20 3.098E-20
 2.781E-20 2.491E-20 2.824E-20 3.270E-20 3.388E-20 2.940E-20 2.037E-20 8.227E-21 6.760E-22 0.000E+00
 0.000E+00 0.000E+00 0.000E+00 0.000E+00 0.000E+00 3.467E-21 1.357E-20 2.182E-20 1.890E-20 8.197E-21
 3.681E-21 1.140E-20 1.960E-20 1.849E-20 1.107E-20 6.036E-21 5.571E-21 8.268E-21 1.316E-20 2.070E-20
 2.924E-20 3.822E-20 4.752E-20 5.123E-20 4.777E-20 4.117E-20 3.748E-20 3.351E-20 2.197E-20 6.557E-21
 0.000E+00 0.000E+00 3.555E-21 1.033E-20 1.607E-20 2.333E-20 2.489E-20 1.815E-20 1.006E-20 5.768E-21
 3.540E-21 4.170E-21 8.372E-21 1.440E-20 2.033E-20 2.636E-20 3.470E-20 4.105E-20 3.994E-20 3.188E-20
 2.276E-20 1.687E-20 1.251E-20 9.774E-21 9.256E-21 1.218E-20 1.422E-20 1.441E-20 1.779E-20 2.353E-20
 2.968E-20 3.518E-20 3.875E-20 3.984E-20 3.629E-20 2.908E-20 2.090E-20 1.547E-20 1.204E-20 7.134E-21
 2.387E-21 0.000E+00 0.000E+00 0.000E+00 2.139E-21 1.187E-20 2.262E-20 2.271E-20 1.807E-20 1.437E-20
 1.332E-20 1.079E-20 6.126E-21 3.812E-21 9.122E-21 1.825E-20 1.836E-20 7.708E-21 0.000E+00 0.000E+00
 0.000E+00 0.000E+00 3.053E-21 1.263E-20 1.826E-20 9.212E-21 0.000E+00 0.000E+00 0.000E+00 8.309E-22
 5.955E-21 1.292E-20 1.436E-20 1.466E-20 1.794E-20 2.245E-20 2.591E-20 2.433E-20 1.719E-20 1.098E-20
 8.932E-21 1.044E-20 1.622E-20 2.460E-20 2.663E-20 1.981E-20 1.533E-20 2.018E-20 2.983E-20 3.541E-20
 3.161E-20 2.246E-20 1.452E-20 1.127E-20 1.241E-20 1.507E-20 1.768E-20 2.069E-20 2.453E-20 2.796E-20
 2.479E-20 1.170E-20 5.686E-22 0.000E+00 0.000E+00 2.226E-21 1.013E-20 1.901E-20 2.180E-20 1.852E-20
 1.160E-20 5.447E-21 1.395E-21 3.520E-22 3.909E-21 1.106E-20 1.642E-20 1.883E-20 2.056E-20 2.115E-20
 1.507E-20 4.731E-21 0.000E+00 0.000E+00 0.000E+00 0.000E+00 0.000E+00 0.000E+00
