  CHClFCF3  675.1546  715.0071      4630    287.00     0.000 1.200E-18  HITRAN    HCFC-124    air 31
 0.000E+00 0.000E+00 3.664E-21 6.877E-21 0.000E+00 0.000E+00 0.000E+00 0.000E+00 6.193E-21 1.235E-20
 6.570E-21 1.510E-21 0.000E+00 0.000E+00 0.000E+00 0.000E+00 0.000E+00 0.000E+00 0.000E+00 0.000E+00
 0.000E+00 0.000E+00 0.000E+00 0.000E+00 0.000E+00 0.000E+00 0.000E+00 0.000E+00 5.301E-21 9.637E-21
 7.363E-21 1.751E-21 3.758E-21 1.219E-20 1.773E-20 1.431E-20 6.462E-21 1.607E-21 5.585E-21 1.179E-20
 9.637E-21 0.000E+00 0.000E+00 0.000E+00 0.000E+00 0.000E+00 0.000E+00 0.000E+00 0.000E+00 0.000E+00
 0.000E+00 0.000E+00 0.000E+00 0.000E+00 0.000E+00 0.000E+00 0.000E+00 0.000E+00 0.000E+00 0.000E+00
 0.000E+00 0.000E+00 6.291E-21 9.896E-21 6.298E-21 0.000E+00 0.000E+00 0.000E+00 0.000E+00 0.000E+00
 0.000E+00 0.000E+00 0.000E+00 0.000E+00 0.000E+00 0.000E+00 0.000E+00 0.000E+00 2.205E-22 0.000E+00
 0.000E+00 0.000E+00 0.000E+00 0.000E+00 5.171E-21 9.089E-21 6.713E-21 4.386E-21 2.178E-21 0.000E+00
 0.000E+00 0.000E+00 0.000E+00 0.000E+00 2.596E-22 1.585E-20 2.724E-20 2.452E-20 1.360E-20 7.863E-21
 5.464E-21 7.671E-22 0.000E+00 0.000E+00 0.000E+00 0.000E+00 0.000E+00 0.000E+00 0.000E+00 0.000E+00
 0.000E+00 0.000E+00 0.000E+00 0.000E+00 0.000E+00 0.000E+00 0.000E+00 0.000E+00 0.000E+00 0.000E+00
 0.000E+00 0.000E+00 0.000E+00 2.090E-21 9.090E-21 9.433E-21 3.505E-21 0.000E+00 0.000E+00 4.215E-21
 1.594E-21 0.000E+00 0.000E+00 0.000E+00 0.000E+00 0.000E+00 1.225E-20 2.627E-20 3.450E-20 3.491E-20
 2.921E-20 1.962E-20 4.116E-21 0.000E+00 0.000E+00 0.000E+00 0.000E+00 0.000E+00 0.000E+00 0.000E+00
 0.000E+00 0.000E+00 0.000E+00 0.000E+00 0.000E+00 2.378E-21 1.226E-20 1.636E-20 1.381E-20 7.024E-21
 8.387E-22 6.317E-22 5.829E-21 1.717E-20 2.942E-20 3.211E-20 2.490E-20 1.868E-20 1.618E-20 1.450E-20
 9.993E-21 6.865E-21 5.458E-21 2.990E-21 0.000E+00 0.000E+00 0.000E+00 0.000E+00 0.000E+00 0.000E+00
 0.000E+00 0.000E+00 0.000E+00 0.000E+00 0.000E+00 0.000E+00 0.000E+00 0.000E+00 0.000E+00 0.000E+00
 0.000E+00 1.589E-21 1.615E-20 2.640E-20 2.744E-20 2.239E-20 1.396E-20 0.000E+00 0.000E+00 0.000E+00
 0.000E+00 0.000E+00 0.000E+00 8.638E-21 1.870E-20 2.124E-20 1.996E-20 1.623E-20 1.410E-20 9.459E-21
 4.837E-21 3.549E-21 3.426E-21 1.931E-21 0.000E+00 0.000E+00 0.000E+00 0.000E+00 9.968E-21 2.122E-20
 2.025E-20 1.274E-20 4.627E-21 1.894E-21 2.951E-21 3.967E-21 4.475E-21 5.938E-21 7.379E-21 3.830E-21
 0.000E+00 0.000E+00 0.000E+00 1.524E-20 2.517E-20 1.954E-20 4.172E-21 0.000E+00 0.000E+00 0.000E+00
 0.000E+00 5.320E-21 1.191E-20 1.315E-20 9.868E-21 7.543E-21 5.535E-21 6.005E-21 7.407E-21 1.302E-20
 1.749E-20 1.632E-20 5.156E-21 0.000E+00 0.000E+00 0.000E+00 0.000E+00 0.000E+00 0.000E+00 0.000E+00
 0.000E+00 0.000E+00 0.000E+00 0.000E+00 0.000E+00 0.000E+00 0.000E+00 0.000E+00 0.000E+00 0.000E+00
 0.000E+00 0.000E+00 0.000E+00 0.000E+00 0.000E+00 0.000E+00 0.000E+00 0.000E+00 0.000E+00 0.000E+00
 0.000E+00 0.000E+00 0.000E+00 0.000E+00 6.402E-21 1.373E-20 1.367E-20 7.658E-21 2.556E-21 6.995E-21
 1.932E-20 3.456E-20 4.419E-20 4.700E-20 4.206E-20 3.136E-20 2.374E-20 2.489E-20 3.001E-20 3.211E-20
 2.485E-20 1.179E-20 2.028E-21 1.069E-21 3.257E-21 1.754E-21 0.000E+00 0.000E+00 0.000E+00 4.556E-21
 7.030E-21 2.205E-21 0.000E+00 0.000E+00 0.000E+00 1.656E-21 0.000E+00 0.000E+00 0.000E+00 8.183E-21
 2.157E-20 2.862E-20 2.393E-20 1.229E-20 0.000E+00 0.000E+00 0.000E+00 0.000E+00 1.856E-21 3.490E-21
 5.169E-21 1.259E-20 2.379E-20 2.883E-20 2.141E-20 7.942E-21 0.000E+00 4.193E-21 1.976E-20 3.245E-20
 3.296E-20 2.524E-20 1.674E-20 9.935E-21 5.099E-21 1.697E-21 4.168E-21 3.992E-21 0.000E+00 0.000E+00
 0.000E+00 0.000E+00 7.027E-21 1.337E-20 1.116E-20 9.032E-21 1.334E-20 1.516E-20 1.344E-20 1.250E-20
 1.912E-20 2.488E-20 2.092E-20 8.435E-21 0.000E+00 1.180E-22 9.271E-21 1.402E-20 7.736E-21 0.000E+00
 0.000E+00 0.000E+00 0.000E+00 0.000E+00 0.000E+00 0.000E+00 1.204E-20 2.344E-20 2.857E-20 2.778E-20
 1.766E-20 1.912E-21 0.000E+00 0.000E+00 0.000E+00 0.000E+00 0.000E+00 0.000E+00 0.000E+00 0.000E+00
 1.841E-21 8.185E-21 1.255E-20 1.190E-20 6.751E-21 1.947E-21 2.955E-21 7.426E-21 1.254E-20 9.741E-21
 3.230E-21 0.000E+00 0.000E+00 1.418E-22 7.793E-21 1.287E-20 1.688E-20 1.698E-20 1.106E-20 9.003E-22
 0.000E+00 6.736E-21 2.062E-20 2.489E-20 1.976E-20 1.114E-20 4.866E-21 2.214E-22 0.000E+00 0.000E+00
 1.092E-20 2.372E-20 3.184E-20 3.349E-20 2.768E-20 1.835E-20 1.052E-20 1.038E-20 2.125E-20 3.147E-20
 3.121E-20 2.376E-20 1.595E-20 8.567E-21 0.000E+00 0.000E+00 0.000E+00 0.000E+00 2.977E-21 1.066E-20
 4.112E-21 0.000E+00 0.000E+00 0.000E+00 0.000E+00 0.000E+00 1.907E-20 4.141E-20 5.415E-20 5.309E-20
 4.296E-20 2.949E-20 1.943E-20 1.280E-20 1.473E-20 2.001E-20 1.670E-20 0.000E+00 0.000E+00 0.000E+00
 0.000E+00 0.000E+00 9.086E-21 2.189E-20 2.341E-20 1.961E-20 1.365E-20 1.245E-20 1.406E-20 1.275E-20
 5.552E-21 0.000E+00 0.000E+00 0.000E+00 0.000E+00 0.000E+00 0.000E+00 0.000E+00 0.000E+00 0.000E+00
 7.032E-21 2.075E-20 2.211E-20 1.462E-20 1.061E-20 1.641E-20 2.266E-20 1.927E-20 6.319E-21 0.000E+00
 0.000E+00 0.000E+00 0.000E+00 0.000E+00 0.000E+00 5.759E-21 2.869E-21 0.000E+00 0.000E+00 0.000E+00
 0.000E+00 0.000E+00 0.000E+00 1.864E-21 3.070E-21 0.000E+00 0.000E+00 0.000E+00 0.000E+00 0.000E+00
 5.146E-21 1.226E-20 1.318E-20 7.904E-21 8.583E-22 0.000E+00 0.000E+00 0.000E+00 2.208E-21 1.080E-20
 1.232E-20 3.498E-21 0.000E+00 4.260E-21 2.088E-20 3.098E-20 2.364E-20 3.143E-21 0.000E+00 0.000E+00
 0.000E+00 0.000E+00 0.000E+00 0.000E+00 0.000E+00 9.401E-21 1.535E-20 1.173E-20 1.197E-21 0.000E+00
 0.000E+00 4.846E-21 1.743E-20 2.779E-20 3.385E-20 2.666E-20 3.622E-21 0.000E+00 0.000E+00 0.000E+00
 0.000E+00 0.000E+00 0.000E+00 0.000E+00 6.929E-21 1.030E-20 4.456E-21 0.000E+00 0.000E+00 0.000E+00
 0.000E+00 0.000E+00 0.000E+00 0.000E+00 8.697E-21 3.099E-20 4.157E-20 3.350E-20 1.647E-20 4.590E-21
 0.000E+00 0.000E+00 0.000E+00 0.000E+00 0.000E+00 0.000E+00 0.000E+00 0.000E+00 1.462E-21 3.071E-21
 6.467E-21 1.191E-20 1.617E-20 1.306E-20 3.021E-21 0.000E+00 5.695E-21 1.254E-20 1.120E-20 4.067E-21
 4.160E-22 5.389E-21 1.548E-20 2.250E-20 2.603E-20 2.548E-20 2.131E-20 1.059E-20 0.000E+00 0.000E+00
 0.000E+00 0.000E+00 0.000E+00 0.000E+00 0.000E+00 0.000E+00 0.000E+00 4.876E-21 1.415E-20 1.698E-20
 1.379E-20 1.197E-20 1.656E-20 2.500E-20 2.654E-20 1.529E-20 1.730E-22 0.000E+00 0.000E+00 3.682E-21
 1.186E-20 1.613E-20 1.545E-20 1.220E-20 9.395E-21 5.035E-21 0.000E+00 0.000E+00 0.000E+00 0.000E+00
 0.000E+00 4.741E-22 5.875E-21 3.944E-21 0.000E+00 0.000E+00 1.437E-21 5.714E-21 2.779E-21 0.000E+00
 0.000E+00 0.000E+00 0.000E+00 4.967E-21 1.343E-20 2.261E-20 3.008E-20 3.381E-20 3.965E-20 4.623E-20
 5.132E-20 5.032E-20 4.264E-20 3.093E-20 1.814E-20 8.923E-21 6.188E-21 9.474E-21 1.668E-20 2.006E-20
 1.861E-20 1.519E-20 1.281E-20 7.995E-21 7.537E-22 0.000E+00 0.000E+00 0.000E+00 7.741E-22 4.885E-21
 8.693E-21 1.187E-20 1.738E-20 2.726E-20 3.712E-20 4.311E-20 4.120E-20 3.404E-20 3.335E-20 4.067E-20
 4.464E-20 3.782E-20 2.485E-20 1.093E-20 3.538E-21 1.491E-21 9.787E-21 2.758E-20 4.156E-20 4.230E-20
 3.035E-20 1.626E-20 3.704E-21 0.000E+00 0.000E+00 0.000E+00 0.000E+00 0.000E+00 1.618E-21 8.875E-21
 1.694E-20 2.591E-20 2.928E-20 2.849E-20 2.895E-20 3.349E-20 3.703E-20 4.106E-20 3.944E-20 2.980E-20
 1.887E-20 1.129E-20 1.184E-20 1.728E-20 2.215E-20 2.295E-20 1.888E-20 9.313E-21 0.000E+00 0.000E+00
 1.575E-21 1.295E-20 1.475E-20 7.459E-21 1.199E-22 0.000E+00 2.131E-22 0.000E+00 1.729E-21 1.074E-20
 2.275E-20 2.779E-20 2.611E-20 2.328E-20 2.253E-20 2.460E-20 2.705E-20 2.962E-20 3.565E-20 4.077E-20
 4.171E-20 4.142E-20 4.066E-20 3.803E-20 3.123E-20 2.347E-20 1.936E-20 2.158E-20 2.926E-20 4.201E-20
 5.306E-20 5.997E-20 5.795E-20 5.377E-20 5.182E-20 5.556E-20 5.865E-20 5.128E-20 2.940E-20 3.767E-21
 0.000E+00 5.591E-21 2.340E-20 3.151E-20 2.833E-20 2.650E-20 2.921E-20 3.226E-20 2.908E-20 2.008E-20
 1.293E-20 8.354E-21 8.456E-21 1.374E-20 2.314E-20 2.972E-20 3.319E-20 3.397E-20 3.502E-20 4.058E-20
 4.912E-20 5.513E-20 5.265E-20 4.134E-20 2.710E-20 1.588E-20 9.699E-21 1.082E-20 1.725E-20 2.291E-20
 2.026E-20 1.336E-20 1.318E-20 2.693E-20 4.380E-20 5.258E-20 5.175E-20 4.506E-20 3.331E-20 1.812E-20
 5.457E-21 5.476E-21 1.751E-20 2.941E-20 3.293E-20 2.688E-20 2.017E-20 1.487E-20 7.072E-21 2.090E-21
 1.756E-21 9.997E-21 2.004E-20 2.655E-20 2.505E-20 1.464E-20 6.797E-21 5.901E-21 1.563E-20 3.110E-20
 4.556E-20 5.024E-20 4.456E-20 3.804E-20 4.301E-20 5.023E-20 4.941E-20 3.814E-20 2.627E-20 1.951E-20
 1.960E-20 1.645E-20 1.151E-20 1.483E-20 3.009E-20 4.707E-20 5.215E-20 4.430E-20 3.321E-20 2.524E-20
 2.038E-20 1.720E-20 1.869E-20 3.030E-20 4.393E-20 5.461E-20 5.653E-20 5.499E-20 5.443E-20 5.283E-20
 4.705E-20 3.797E-20 2.753E-20 1.843E-20 1.394E-20 1.276E-20 1.487E-20 1.728E-20 1.469E-20 9.778E-21
 7.252E-21 1.254E-20 2.434E-20 3.716E-20 4.642E-20 4.951E-20 4.862E-20 4.562E-20 3.763E-20 2.482E-20
 9.468E-21 1.919E-21 5.910E-21 1.633E-20 2.529E-20 3.387E-20 4.402E-20 5.322E-20 5.544E-20 5.234E-20
 4.598E-20 3.700E-20 2.812E-20 2.184E-20 2.320E-20 3.018E-20 3.653E-20 3.887E-20 4.043E-20 4.454E-20
 4.668E-20 4.569E-20 4.286E-20 4.129E-20 4.318E-20 4.274E-20 3.973E-20 3.643E-20 3.360E-20 2.998E-20
 2.535E-20 2.251E-20 2.723E-20 3.711E-20 4.383E-20 4.417E-20 4.059E-20 3.415E-20 3.227E-20 3.310E-20
 3.491E-20 3.471E-20 3.313E-20 3.398E-20 3.648E-20 3.944E-20 4.146E-20 4.119E-20 3.936E-20 3.841E-20
 3.953E-20 3.901E-20 3.867E-20 3.494E-20 3.232E-20 2.736E-20 2.438E-20 2.225E-20 2.393E-20 3.159E-20
 4.329E-20 4.824E-20 4.660E-20 4.459E-20 3.984E-20 3.649E-20 3.766E-20 4.302E-20 5.169E-20 5.875E-20
 5.878E-20 5.064E-20 3.532E-20 2.594E-20 3.293E-20 5.111E-20 6.801E-20 7.201E-20 6.305E-20 5.326E-20
 4.527E-20 3.769E-20 2.968E-20 2.445E-20 2.647E-20 3.512E-20 4.540E-20 5.517E-20 6.148E-20 6.499E-20
 6.307E-20 6.015E-20 5.616E-20 5.311E-20 5.019E-20 5.022E-20 5.016E-20 4.478E-20 3.608E-20 2.725E-20
 2.114E-20 1.349E-20 3.656E-21 1.210E-21 7.574E-21 2.064E-20 3.394E-20 4.224E-20 4.349E-20 3.928E-20
 3.469E-20 3.287E-20 3.617E-20 3.964E-20 4.225E-20 4.526E-20 4.778E-20 4.764E-20 4.535E-20 4.752E-20
 5.537E-20 6.553E-20 7.370E-20 7.559E-20 7.244E-20 6.300E-20 4.976E-20 3.718E-20 3.172E-20 3.422E-20
 4.178E-20 4.824E-20 4.541E-20 3.809E-20 3.123E-20 3.289E-20 4.524E-20 5.401E-20 5.293E-20 4.656E-20
 4.458E-20 4.895E-20 5.758E-20 6.345E-20 6.389E-20 6.588E-20 6.876E-20 7.342E-20 7.650E-20 7.639E-20
 6.986E-20 5.701E-20 4.520E-20 4.137E-20 4.393E-20 5.235E-20 6.523E-20 8.158E-20 9.400E-20 9.464E-20
 8.816E-20 8.102E-20 7.543E-20 6.727E-20 5.823E-20 5.233E-20 5.113E-20 5.278E-20 5.149E-20 4.632E-20
 4.613E-20 5.341E-20 6.542E-20 7.709E-20 8.150E-20 7.720E-20 6.867E-20 6.414E-20 6.117E-20 5.624E-20
 4.980E-20 4.949E-20 5.380E-20 6.069E-20 6.022E-20 5.639E-20 5.871E-20 6.636E-20 7.005E-20 6.743E-20
 6.032E-20 5.368E-20 5.283E-20 5.319E-20 5.505E-20 5.963E-20 5.894E-20 5.379E-20 4.830E-20 4.396E-20
 4.530E-20 5.134E-20 5.866E-20 6.811E-20 7.033E-20 6.689E-20 5.822E-20 4.939E-20 4.548E-20 4.825E-20
 5.832E-20 7.006E-20 7.509E-20 7.286E-20 6.843E-20 7.120E-20 7.867E-20 8.482E-20 8.588E-20 7.836E-20
 6.687E-20 5.619E-20 5.112E-20 5.205E-20 5.175E-20 4.423E-20 3.764E-20 4.177E-20 5.416E-20 6.464E-20
 6.799E-20 6.886E-20 7.234E-20 7.796E-20 8.159E-20 7.938E-20 7.230E-20 6.054E-20 5.336E-20 5.386E-20
 5.794E-20 6.177E-20 6.485E-20 7.232E-20 7.692E-20 7.354E-20 6.230E-20 5.154E-20 4.955E-20 5.034E-20
 4.751E-20 5.386E-20 6.793E-20 8.005E-20 8.494E-20 8.444E-20 8.468E-20 8.425E-20 7.827E-20 6.923E-20
 6.512E-20 6.604E-20 6.613E-20 6.152E-20 6.131E-20 7.025E-20 8.374E-20 9.454E-20 9.267E-20 8.314E-20
 7.418E-20 6.748E-20 6.652E-20 7.284E-20 8.228E-20 9.150E-20 9.706E-20 9.578E-20 9.128E-20 8.776E-20
 8.769E-20 8.692E-20 8.409E-20 7.680E-20 7.172E-20 7.128E-20 7.361E-20 7.934E-20 8.262E-20 8.213E-20
 7.387E-20 6.181E-20 5.291E-20 5.720E-20 7.391E-20 9.353E-20 1.023E-19 9.893E-20 9.276E-20 9.000E-20
 9.225E-20 9.513E-20 9.754E-20 1.021E-19 1.083E-19 1.087E-19 1.013E-19 8.917E-20 8.479E-20 8.990E-20
 9.753E-20 9.720E-20 8.724E-20 7.846E-20 7.732E-20 8.021E-20 7.695E-20 7.164E-20 7.189E-20 7.721E-20
 8.101E-20 7.882E-20 7.698E-20 7.983E-20 8.192E-20 7.872E-20 7.316E-20 7.037E-20 7.661E-20 8.490E-20
 9.041E-20 8.936E-20 8.708E-20 8.521E-20 8.344E-20 8.116E-20 8.073E-20 8.216E-20 8.472E-20 8.421E-20
 8.326E-20 8.622E-20 9.348E-20 9.730E-20 9.575E-20 9.486E-20 1.006E-19 1.109E-19 1.164E-19 1.167E-19
 1.144E-19 1.118E-19 1.065E-19 9.701E-20 9.036E-20 8.888E-20 8.983E-20 9.598E-20 1.019E-19 1.015E-19
 9.084E-20 7.609E-20 6.811E-20 7.040E-20 7.633E-20 8.084E-20 8.176E-20 8.164E-20 7.956E-20 8.017E-20
 8.535E-20 9.350E-20 9.819E-20 9.655E-20 8.786E-20 7.768E-20 7.451E-20 7.804E-20 8.381E-20 8.910E-20
 8.983E-20 9.095E-20 9.412E-20 9.245E-20 8.632E-20 8.000E-20 7.432E-20 7.149E-20 7.418E-20 8.205E-20
 8.876E-20 8.977E-20 8.422E-20 8.025E-20 8.270E-20 8.439E-20 8.222E-20 7.618E-20 7.182E-20 7.397E-20
 8.638E-20 1.030E-19 1.159E-19 1.218E-19 1.215E-19 1.202E-19 1.165E-19 1.061E-19 9.501E-20 9.069E-20
 9.426E-20 9.937E-20 9.865E-20 9.677E-20 1.005E-19 1.038E-19 1.014E-19 9.877E-20 9.833E-20 1.003E-19
 9.952E-20 9.660E-20 9.901E-20 1.049E-19 1.079E-19 1.089E-19 1.100E-19 1.104E-19 1.067E-19 9.793E-20
 8.960E-20 8.774E-20 9.515E-20 1.081E-19 1.202E-19 1.299E-19 1.324E-19 1.275E-19 1.211E-19 1.127E-19
 1.055E-19 1.042E-19 1.099E-19 1.185E-19 1.262E-19 1.235E-19 1.155E-19 1.106E-19 1.109E-19 1.118E-19
 1.107E-19 1.081E-19 1.095E-19 1.128E-19 1.156E-19 1.161E-19 1.157E-19 1.157E-19 1.164E-19 1.146E-19
 1.097E-19 1.078E-19 1.136E-19 1.245E-19 1.384E-19 1.444E-19 1.383E-19 1.201E-19 1.011E-19 9.271E-20
 9.802E-20 1.061E-19 1.125E-19 1.140E-19 1.125E-19 1.120E-19 1.128E-19 1.135E-19 1.122E-19 1.081E-19
 1.009E-19 9.622E-20 9.449E-20 9.639E-20 1.056E-19 1.157E-19 1.200E-19 1.187E-19 1.206E-19 1.238E-19
 1.218E-19 1.124E-19 1.057E-19 1.118E-19 1.277E-19 1.337E-19 1.233E-19 1.103E-19 1.077E-19 1.151E-19
 1.152E-19 1.060E-19 9.895E-20 1.032E-19 1.170E-19 1.342E-19 1.445E-19 1.419E-19 1.315E-19 1.265E-19
 1.355E-19 1.521E-19 1.582E-19 1.488E-19 1.393E-19 1.417E-19 1.513E-19 1.556E-19 1.493E-19 1.385E-19
 1.312E-19 1.320E-19 1.379E-19 1.438E-19 1.481E-19 1.482E-19 1.419E-19 1.395E-19 1.426E-19 1.509E-19
 1.603E-19 1.652E-19 1.622E-19 1.564E-19 1.513E-19 1.426E-19 1.293E-19 1.164E-19 1.150E-19 1.211E-19
 1.299E-19 1.339E-19 1.377E-19 1.394E-19 1.405E-19 1.386E-19 1.420E-19 1.444E-19 1.380E-19 1.236E-19
 1.114E-19 1.111E-19 1.190E-19 1.297E-19 1.401E-19 1.497E-19 1.600E-19 1.657E-19 1.652E-19 1.587E-19
 1.516E-19 1.491E-19 1.547E-19 1.601E-19 1.549E-19 1.449E-19 1.377E-19 1.356E-19 1.350E-19 1.395E-19
 1.493E-19 1.621E-19 1.670E-19 1.630E-19 1.550E-19 1.468E-19 1.412E-19 1.400E-19 1.455E-19 1.515E-19
 1.470E-19 1.362E-19 1.315E-19 1.351E-19 1.383E-19 1.353E-19 1.303E-19 1.315E-19 1.338E-19 1.353E-19
 1.366E-19 1.423E-19 1.499E-19 1.503E-19 1.501E-19 1.539E-19 1.609E-19 1.645E-19 1.658E-19 1.640E-19
 1.595E-19 1.523E-19 1.470E-19 1.468E-19 1.530E-19 1.613E-19 1.664E-19 1.667E-19 1.627E-19 1.562E-19
 1.514E-19 1.506E-19 1.494E-19 1.479E-19 1.483E-19 1.488E-19 1.521E-19 1.558E-19 1.552E-19 1.512E-19
 1.484E-19 1.475E-19 1.513E-19 1.546E-19 1.530E-19 1.536E-19 1.555E-19 1.576E-19 1.543E-19 1.489E-19
 1.511E-19 1.601E-19 1.668E-19 1.654E-19 1.578E-19 1.486E-19 1.438E-19 1.471E-19 1.601E-19 1.741E-19
 1.778E-19 1.671E-19 1.506E-19 1.440E-19 1.516E-19 1.664E-19 1.768E-19 1.786E-19 1.745E-19 1.737E-19
 1.776E-19 1.845E-19 1.912E-19 1.913E-19 1.847E-19 1.784E-19 1.752E-19 1.800E-19 1.836E-19 1.825E-19
 1.802E-19 1.817E-19 1.842E-19 1.833E-19 1.807E-19 1.767E-19 1.718E-19 1.658E-19 1.653E-19 1.715E-19
 1.774E-19 1.802E-19 1.792E-19 1.765E-19 1.728E-19 1.692E-19 1.702E-19 1.719E-19 1.712E-19 1.662E-19
 1.625E-19 1.616E-19 1.605E-19 1.547E-19 1.527E-19 1.580E-19 1.685E-19 1.755E-19 1.735E-19 1.711E-19
 1.734E-19 1.734E-19 1.763E-19 1.806E-19 1.850E-19 1.849E-19 1.830E-19 1.817E-19 1.796E-19 1.794E-19
 1.770E-19 1.747E-19 1.743E-19 1.796E-19 1.886E-19 1.930E-19 1.875E-19 1.762E-19 1.685E-19 1.628E-19
 1.546E-19 1.458E-19 1.476E-19 1.563E-19 1.626E-19 1.585E-19 1.585E-19 1.732E-19 1.898E-19 1.922E-19
 1.847E-19 1.766E-19 1.787E-19 1.864E-19 1.910E-19 1.907E-19 1.865E-19 1.840E-19 1.808E-19 1.806E-19
 1.820E-19 1.823E-19 1.811E-19 1.797E-19 1.749E-19 1.725E-19 1.755E-19 1.794E-19 1.799E-19 1.843E-19
 1.900E-19 1.911E-19 1.836E-19 1.672E-19 1.535E-19 1.535E-19 1.633E-19 1.742E-19 1.819E-19 1.865E-19
 1.893E-19 1.869E-19 1.823E-19 1.792E-19 1.809E-19 1.891E-19 1.964E-19 2.018E-19 2.027E-19 2.002E-19
 1.965E-19 1.924E-19 1.889E-19 1.878E-19 1.869E-19 1.823E-19 1.764E-19 1.722E-19 1.741E-19 1.804E-19
 1.872E-19 1.878E-19 1.817E-19 1.766E-19 1.802E-19 1.885E-19 1.941E-19 1.922E-19 1.877E-19 1.885E-19
 1.918E-19 1.938E-19 1.943E-19 1.995E-19 2.072E-19 2.137E-19 2.149E-19 2.178E-19 2.248E-19 2.330E-19
 2.299E-19 2.149E-19 1.942E-19 1.803E-19 1.816E-19 1.939E-19 2.082E-19 2.124E-19 2.040E-19 1.931E-19
 1.888E-19 1.895E-19 1.884E-19 1.811E-19 1.770E-19 1.804E-19 1.902E-19 1.953E-19 1.940E-19 1.888E-19
 1.880E-19 1.873E-19 1.869E-19 1.915E-19 1.977E-19 2.025E-19 2.005E-19 1.973E-19 1.953E-19 1.955E-19
 1.975E-19 2.017E-19 2.042E-19 2.026E-19 1.979E-19 1.996E-19 2.076E-19 2.133E-19 2.080E-19 1.991E-19
 1.927E-19 1.890E-19 1.863E-19 1.861E-19 1.906E-19 2.039E-19 2.184E-19 2.313E-19 2.444E-19 2.506E-19
 2.480E-19 2.371E-19 2.271E-19 2.223E-19 2.217E-19 2.183E-19 2.117E-19 2.040E-19 1.991E-19 2.002E-19
 2.044E-19 2.099E-19 2.136E-19 2.128E-19 2.087E-19 2.044E-19 2.036E-19 2.086E-19 2.133E-19 2.158E-19
 2.171E-19 2.190E-19 2.202E-19 2.202E-19 2.200E-19 2.254E-19 2.343E-19 2.368E-19 2.329E-19 2.280E-19
 2.238E-19 2.184E-19 2.132E-19 2.103E-19 2.163E-19 2.269E-19 2.323E-19 2.303E-19 2.215E-19 2.119E-19
 2.024E-19 1.949E-19 1.909E-19 1.909E-19 1.961E-19 2.026E-19 2.082E-19 2.091E-19 2.060E-19 2.066E-19
 2.147E-19 2.300E-19 2.423E-19 2.460E-19 2.395E-19 2.256E-19 2.118E-19 2.047E-19 2.041E-19 2.097E-19
 2.230E-19 2.360E-19 2.419E-19 2.447E-19 2.464E-19 2.541E-19 2.601E-19 2.543E-19 2.399E-19 2.250E-19
 2.163E-19 2.137E-19 2.161E-19 2.211E-19 2.233E-19 2.210E-19 2.144E-19 2.072E-19 2.087E-19 2.141E-19
 2.170E-19 2.169E-19 2.142E-19 2.162E-19 2.239E-19 2.313E-19 2.321E-19 2.242E-19 2.124E-19 2.067E-19
 2.097E-19 2.197E-19 2.298E-19 2.353E-19 2.342E-19 2.289E-19 2.218E-19 2.160E-19 2.133E-19 2.135E-19
 2.135E-19 2.137E-19 2.180E-19 2.271E-19 2.356E-19 2.356E-19 2.268E-19 2.179E-19 2.101E-19 2.041E-19
 2.043E-19 2.110E-19 2.188E-19 2.195E-19 2.106E-19 2.084E-19 2.154E-19 2.254E-19 2.293E-19 2.334E-19
 2.377E-19 2.437E-19 2.420E-19 2.312E-19 2.212E-19 2.144E-19 2.063E-19 1.988E-19 1.988E-19 2.068E-19
 2.166E-19 2.197E-19 2.174E-19 2.158E-19 2.162E-19 2.147E-19 2.127E-19 2.095E-19 2.066E-19 2.095E-19
 2.159E-19 2.248E-19 2.307E-19 2.273E-19 2.203E-19 2.148E-19 2.140E-19 2.183E-19 2.242E-19 2.253E-19
 2.178E-19 2.073E-19 2.036E-19 2.092E-19 2.184E-19 2.250E-19 2.284E-19 2.318E-19 2.316E-19 2.259E-19
 2.176E-19 2.106E-19 2.072E-19 2.059E-19 2.071E-19 2.097E-19 2.077E-19 1.999E-19 1.947E-19 2.039E-19
 2.213E-19 2.340E-19 2.340E-19 2.287E-19 2.245E-19 2.187E-19 2.144E-19 2.109E-19 2.105E-19 2.097E-19
 2.116E-19 2.221E-19 2.368E-19 2.406E-19 2.255E-19 2.020E-19 1.894E-19 1.941E-19 2.015E-19 1.995E-19
 1.928E-19 1.854E-19 1.826E-19 1.868E-19 2.002E-19 2.180E-19 2.300E-19 2.268E-19 2.116E-19 2.012E-19
 2.029E-19 2.106E-19 2.140E-19 2.153E-19 2.171E-19 2.184E-19 2.171E-19 2.168E-19 2.214E-19 2.290E-19
 2.294E-19 2.202E-19 2.047E-19 1.935E-19 1.897E-19 1.911E-19 1.983E-19 2.087E-19 2.165E-19 2.205E-19
 2.175E-19 2.088E-19 1.997E-19 1.936E-19 1.897E-19 1.932E-19 2.022E-19 2.136E-19 2.204E-19 2.226E-19
 2.187E-19 2.150E-19 2.177E-19 2.257E-19 2.334E-19 2.347E-19 2.282E-19 2.165E-19 2.085E-19 2.075E-19
 2.059E-19 1.998E-19 1.899E-19 1.868E-19 1.927E-19 2.041E-19 2.144E-19 2.200E-19 2.200E-19 2.164E-19
 2.108E-19 2.081E-19 2.057E-19 2.056E-19 2.074E-19 2.131E-19 2.203E-19 2.227E-19 2.223E-19 2.257E-19
 2.303E-19 2.300E-19 2.195E-19 2.041E-19 1.937E-19 1.897E-19 1.883E-19 1.819E-19 1.757E-19 1.741E-19
 1.791E-19 1.894E-19 2.047E-19 2.195E-19 2.293E-19 2.313E-19 2.250E-19 2.165E-19 2.090E-19 2.028E-19
 1.994E-19 1.973E-19 1.928E-19 1.898E-19 1.911E-19 1.975E-19 2.075E-19 2.114E-19 2.134E-19 2.170E-19
 2.188E-19 2.145E-19 2.100E-19 2.132E-19 2.225E-19 2.271E-19 2.200E-19 2.087E-19 1.997E-19 1.928E-19
 1.878E-19 1.867E-19 1.920E-19 1.997E-19 2.002E-19 1.975E-19 1.931E-19 1.840E-19 1.737E-19 1.696E-19
 1.771E-19 1.908E-19 1.958E-19 1.959E-19 1.966E-19 2.037E-19 2.109E-19 2.109E-19 2.022E-19 1.908E-19
 1.793E-19 1.745E-19 1.797E-19 1.899E-19 1.984E-19 2.024E-19 1.987E-19 1.908E-19 1.837E-19 1.835E-19
 1.914E-19 2.000E-19 2.048E-19 2.033E-19 1.963E-19 1.883E-19 1.862E-19 1.893E-19 1.913E-19 1.864E-19
 1.801E-19 1.774E-19 1.859E-19 1.992E-19 2.082E-19 2.073E-19 1.994E-19 1.933E-19 1.977E-19 2.043E-19
 2.051E-19 2.000E-19 1.928E-19 1.917E-19 1.936E-19 1.918E-19 1.878E-19 1.864E-19 1.844E-19 1.797E-19
 1.681E-19 1.562E-19 1.562E-19 1.670E-19 1.797E-19 1.878E-19 1.867E-19 1.834E-19 1.853E-19 1.893E-19
 1.922E-19 1.923E-19 1.925E-19 1.939E-19 1.960E-19 1.962E-19 1.955E-19 1.954E-19 1.947E-19 1.917E-19
 1.890E-19 1.882E-19 1.883E-19 1.865E-19 1.874E-19 1.902E-19 1.934E-19 1.923E-19 1.887E-19 1.912E-19
 1.987E-19 1.995E-19 1.956E-19 1.904E-19 1.867E-19 1.841E-19 1.818E-19 1.856E-19 1.978E-19 2.070E-19
 2.089E-19 2.052E-19 2.022E-19 1.989E-19 1.884E-19 1.738E-19 1.638E-19 1.627E-19 1.662E-19 1.696E-19
 1.756E-19 1.779E-19 1.772E-19 1.753E-19 1.768E-19 1.828E-19 1.849E-19 1.814E-19 1.810E-19 1.836E-19
 1.817E-19 1.715E-19 1.631E-19 1.619E-19 1.693E-19 1.804E-19 1.887E-19 1.933E-19 1.930E-19 1.883E-19
 1.812E-19 1.794E-19 1.822E-19 1.844E-19 1.855E-19 1.861E-19 1.833E-19 1.830E-19 1.846E-19 1.868E-19
 1.886E-19 1.887E-19 1.894E-19 1.887E-19 1.873E-19 1.828E-19 1.766E-19 1.741E-19 1.823E-19 1.953E-19
 2.008E-19 1.937E-19 1.816E-19 1.764E-19 1.791E-19 1.792E-19 1.740E-19 1.700E-19 1.694E-19 1.683E-19
 1.686E-19 1.763E-19 1.866E-19 1.912E-19 1.880E-19 1.814E-19 1.838E-19 1.890E-19 1.956E-19 2.005E-19
 2.031E-19 2.005E-19 1.915E-19 1.832E-19 1.813E-19 1.874E-19 1.920E-19 1.896E-19 1.793E-19 1.636E-19
 1.462E-19 1.371E-19 1.393E-19 1.502E-19 1.629E-19 1.732E-19 1.801E-19 1.796E-19 1.720E-19 1.635E-19
 1.618E-19 1.673E-19 1.750E-19 1.782E-19 1.778E-19 1.761E-19 1.725E-19 1.688E-19 1.688E-19 1.736E-19
 1.785E-19 1.806E-19 1.806E-19 1.819E-19 1.818E-19 1.731E-19 1.607E-19 1.532E-19 1.571E-19 1.642E-19
 1.660E-19 1.652E-19 1.639E-19 1.626E-19 1.624E-19 1.715E-19 1.833E-19 1.916E-19 1.880E-19 1.767E-19
 1.673E-19 1.625E-19 1.580E-19 1.556E-19 1.560E-19 1.617E-19 1.700E-19 1.755E-19 1.760E-19 1.753E-19
 1.742E-19 1.739E-19 1.702E-19 1.621E-19 1.539E-19 1.496E-19 1.475E-19 1.423E-19 1.355E-19 1.353E-19
 1.431E-19 1.524E-19 1.574E-19 1.608E-19 1.640E-19 1.656E-19 1.637E-19 1.630E-19 1.674E-19 1.718E-19
 1.707E-19 1.641E-19 1.540E-19 1.440E-19 1.369E-19 1.392E-19 1.458E-19 1.515E-19 1.553E-19 1.593E-19
 1.672E-19 1.748E-19 1.797E-19 1.826E-19 1.819E-19 1.749E-19 1.655E-19 1.600E-19 1.616E-19 1.658E-19
 1.673E-19 1.635E-19 1.563E-19 1.489E-19 1.419E-19 1.370E-19 1.350E-19 1.342E-19 1.345E-19 1.356E-19
 1.405E-19 1.503E-19 1.599E-19 1.633E-19 1.559E-19 1.408E-19 1.274E-19 1.212E-19 1.222E-19 1.262E-19
 1.340E-19 1.408E-19 1.455E-19 1.474E-19 1.478E-19 1.493E-19 1.551E-19 1.593E-19 1.584E-19 1.490E-19
 1.382E-19 1.330E-19 1.388E-19 1.531E-19 1.658E-19 1.701E-19 1.664E-19 1.623E-19 1.638E-19 1.685E-19
 1.696E-19 1.663E-19 1.658E-19 1.676E-19 1.692E-19 1.665E-19 1.657E-19 1.686E-19 1.697E-19 1.661E-19
 1.597E-19 1.534E-19 1.488E-19 1.467E-19 1.417E-19 1.397E-19 1.409E-19 1.418E-19 1.440E-19 1.467E-19
 1.416E-19 1.313E-19 1.236E-19 1.269E-19 1.425E-19 1.557E-19 1.581E-19 1.515E-19 1.458E-19 1.442E-19
 1.465E-19 1.480E-19 1.482E-19 1.485E-19 1.491E-19 1.491E-19 1.522E-19 1.588E-19 1.679E-19 1.759E-19
 1.740E-19 1.679E-19 1.615E-19 1.598E-19 1.598E-19 1.578E-19 1.562E-19 1.577E-19 1.627E-19 1.680E-19
 1.775E-19 1.877E-19 1.946E-19 1.899E-19 1.764E-19 1.655E-19 1.622E-19 1.629E-19 1.635E-19 1.653E-19
 1.684E-19 1.737E-19 1.805E-19 1.849E-19 1.796E-19 1.665E-19 1.556E-19 1.561E-19 1.651E-19 1.734E-19
 1.754E-19 1.727E-19 1.709E-19 1.715E-19 1.742E-19 1.754E-19 1.747E-19 1.740E-19 1.798E-19 1.911E-19
 2.024E-19 2.025E-19 1.936E-19 1.850E-19 1.860E-19 1.911E-19 1.945E-19 1.973E-19 2.014E-19 2.090E-19
 2.133E-19 2.108E-19 2.026E-19 1.928E-19 1.848E-19 1.802E-19 1.810E-19 1.889E-19 1.999E-19 2.095E-19
 2.163E-19 2.199E-19 2.186E-19 2.148E-19 2.094E-19 2.034E-19 2.020E-19 2.060E-19 2.173E-19 2.290E-19
 2.379E-19 2.440E-19 2.491E-19 2.564E-19 2.596E-19 2.563E-19 2.545E-19 2.618E-19 2.731E-19 2.841E-19
 2.927E-19 2.986E-19 2.977E-19 2.899E-19 2.833E-19 2.821E-19 2.889E-19 2.940E-19 2.995E-19 3.056E-19
 3.163E-19 3.257E-19 3.312E-19 3.321E-19 3.315E-19 3.342E-19 3.444E-19 3.614E-19 3.809E-19 3.945E-19
 3.982E-19 3.947E-19 3.876E-19 3.827E-19 3.832E-19 3.863E-19 3.909E-19 3.942E-19 3.976E-19 4.049E-19
 4.138E-19 4.250E-19 4.344E-19 4.428E-19 4.504E-19 4.638E-19 4.850E-19 5.043E-19 5.145E-19 5.179E-19
 5.226E-19 5.297E-19 5.342E-19 5.369E-19 5.456E-19 5.594E-19 5.756E-19 5.893E-19 6.013E-19 6.170E-19
 6.404E-19 6.631E-19 6.814E-19 6.934E-19 7.037E-19 7.136E-19 7.273E-19 7.440E-19 7.619E-19 7.815E-19
 8.004E-19 8.182E-19 8.368E-19 8.587E-19 8.810E-19 9.014E-19 9.174E-19 9.350E-19 9.547E-19 9.703E-19
 9.731E-19 9.646E-19 9.626E-19 9.775E-19 1.010E-18 1.050E-18 1.088E-18 1.108E-18 1.105E-18 1.081E-18
 1.051E-18 1.036E-18 1.041E-18 1.058E-18 1.080E-18 1.106E-18 1.136E-18 1.162E-18 1.184E-18 1.199E-18
 1.200E-18 1.174E-18 1.114E-18 1.032E-18 9.537E-19 8.937E-19 8.534E-19 8.277E-19 8.132E-19 8.043E-19
 8.003E-19 8.055E-19 8.236E-19 8.491E-19 8.695E-19 8.830E-19 8.953E-19 9.057E-19 9.140E-19 9.290E-19
 9.544E-19 9.851E-19 1.007E-18 1.011E-18 9.970E-19 9.649E-19 9.073E-19 8.329E-19 7.636E-19 7.080E-19
 6.623E-19 6.211E-19 5.921E-19 5.851E-19 5.974E-19 6.147E-19 6.232E-19 6.234E-19 6.190E-19 6.140E-19
 6.101E-19 6.114E-19 6.201E-19 6.339E-19 6.469E-19 6.492E-19 6.307E-19 5.947E-19 5.599E-19 5.429E-19
 5.429E-19 5.464E-19 5.453E-19 5.397E-19 5.327E-19 5.266E-19 5.173E-19 5.033E-19 4.822E-19 4.610E-19
 4.491E-19 4.538E-19 4.674E-19 4.798E-19 4.836E-19 4.771E-19 4.648E-19 4.480E-19 4.270E-19 4.049E-19
 3.840E-19 3.645E-19 3.485E-19 3.360E-19 3.253E-19 3.124E-19 2.972E-19 2.794E-19 2.624E-19 2.474E-19
 2.383E-19 2.350E-19 2.395E-19 2.399E-19 2.335E-19 2.254E-19 2.187E-19 2.121E-19 2.024E-19 1.898E-19
 1.819E-19 1.799E-19 1.804E-19 1.805E-19 1.823E-19 1.836E-19 1.843E-19 1.829E-19 1.803E-19 1.756E-19
 1.655E-19 1.540E-19 1.476E-19 1.476E-19 1.538E-19 1.621E-19 1.635E-19 1.569E-19 1.438E-19 1.324E-19
 1.305E-19 1.373E-19 1.421E-19 1.403E-19 1.358E-19 1.335E-19 1.364E-19 1.423E-19 1.444E-19 1.459E-19
 1.459E-19 1.462E-19 1.456E-19 1.439E-19 1.386E-19 1.316E-19 1.235E-19 1.156E-19 1.128E-19 1.161E-19
 1.258E-19 1.351E-19 1.379E-19 1.342E-19 1.264E-19 1.209E-19 1.189E-19 1.208E-19 1.217E-19 1.232E-19
 1.259E-19 1.313E-19 1.355E-19 1.333E-19 1.268E-19 1.151E-19 1.047E-19 9.618E-20 9.163E-20 9.400E-20
 1.055E-19 1.208E-19 1.307E-19 1.334E-19 1.252E-19 1.149E-19 1.096E-19 1.098E-19 1.077E-19 1.025E-19
 9.832E-20 1.041E-19 1.150E-19 1.232E-19 1.229E-19 1.191E-19 1.142E-19 1.070E-19 1.001E-19 9.482E-20
 9.786E-20 1.053E-19 1.081E-19 1.087E-19 1.107E-19 1.107E-19 1.100E-19 1.073E-19 1.074E-19 1.111E-19
 1.166E-19 1.227E-19 1.288E-19 1.303E-19 1.290E-19 1.296E-19 1.322E-19 1.327E-19 1.309E-19 1.243E-19
 1.162E-19 1.101E-19 1.093E-19 1.115E-19 1.126E-19 1.116E-19 1.099E-19 1.096E-19 1.123E-19 1.191E-19
 1.300E-19 1.394E-19 1.421E-19 1.363E-19 1.272E-19 1.250E-19 1.308E-19 1.408E-19 1.474E-19 1.480E-19
 1.427E-19 1.331E-19 1.231E-19 1.165E-19 1.146E-19 1.159E-19 1.156E-19 1.171E-19 1.213E-19 1.263E-19
 1.324E-19 1.377E-19 1.399E-19 1.376E-19 1.348E-19 1.311E-19 1.265E-19 1.249E-19 1.234E-19 1.261E-19
 1.304E-19 1.389E-19 1.524E-19 1.670E-19 1.736E-19 1.691E-19 1.586E-19 1.516E-19 1.498E-19 1.494E-19
 1.475E-19 1.432E-19 1.404E-19 1.404E-19 1.412E-19 1.421E-19 1.428E-19 1.397E-19 1.339E-19 1.296E-19
 1.305E-19 1.378E-19 1.479E-19 1.563E-19 1.622E-19 1.614E-19 1.598E-19 1.597E-19 1.589E-19 1.551E-19
 1.468E-19 1.388E-19 1.392E-19 1.453E-19 1.520E-19 1.578E-19 1.634E-19 1.716E-19 1.787E-19 1.766E-19
 1.683E-19 1.591E-19 1.504E-19 1.430E-19 1.340E-19 1.280E-19 1.286E-19 1.309E-19 1.333E-19 1.386E-19
 1.455E-19 1.570E-19 1.655E-19 1.660E-19 1.651E-19 1.636E-19 1.626E-19 1.583E-19 1.548E-19 1.539E-19
 1.543E-19 1.514E-19 1.458E-19 1.419E-19 1.467E-19 1.619E-19 1.777E-19 1.850E-19 1.826E-19 1.744E-19
 1.664E-19 1.582E-19 1.538E-19 1.539E-19 1.586E-19 1.627E-19 1.631E-19 1.621E-19 1.649E-19 1.722E-19
 1.774E-19 1.753E-19 1.688E-19 1.667E-19 1.711E-19 1.807E-19 1.863E-19 1.830E-19 1.773E-19 1.764E-19
 1.798E-19 1.801E-19 1.740E-19 1.632E-19 1.552E-19 1.550E-19 1.593E-19 1.649E-19 1.648E-19 1.629E-19
 1.667E-19 1.769E-19 1.878E-19 1.931E-19 1.887E-19 1.777E-19 1.660E-19 1.579E-19 1.587E-19 1.687E-19
 1.786E-19 1.835E-19 1.853E-19 1.863E-19 1.849E-19 1.820E-19 1.829E-19 1.895E-19 2.004E-19 2.015E-19
 1.955E-19 1.913E-19 1.922E-19 1.949E-19 1.955E-19 1.921E-19 1.887E-19 1.835E-19 1.739E-19 1.643E-19
 1.599E-19 1.624E-19 1.692E-19 1.738E-19 1.762E-19 1.784E-19 1.809E-19 1.849E-19 1.886E-19 1.945E-19
 1.999E-19 2.030E-19 2.002E-19 1.951E-19 1.884E-19 1.800E-19 1.705E-19 1.628E-19 1.642E-19 1.736E-19
 1.862E-19 1.966E-19 2.039E-19 2.057E-19 2.006E-19 1.935E-19 1.875E-19 1.883E-19 1.912E-19 1.918E-19
 1.917E-19 1.913E-19 1.937E-19 1.930E-19 1.886E-19 1.802E-19 1.772E-19 1.820E-19 1.906E-19 2.002E-19
 2.062E-19 2.054E-19 2.041E-19 2.058E-19 2.081E-19 2.105E-19 2.115E-19 2.128E-19 2.146E-19 2.135E-19
 2.079E-19 1.985E-19 1.924E-19 1.917E-19 1.967E-19 2.019E-19 2.013E-19 1.954E-19 1.882E-19 1.854E-19
 1.914E-19 2.049E-19 2.164E-19 2.189E-19 2.133E-19 2.069E-19 2.021E-19 1.977E-19 1.960E-19 2.022E-19
 2.156E-19 2.301E-19 2.358E-19 2.304E-19 2.223E-19 2.157E-19 2.114E-19 2.087E-19 2.104E-19 2.117E-19
 2.111E-19 2.088E-19 2.067E-19 2.102E-19 2.142E-19 2.152E-19 2.141E-19 2.132E-19 2.167E-19 2.217E-19
 2.245E-19 2.247E-19 2.291E-19 2.353E-19 2.409E-19 2.394E-19 2.318E-19 2.242E-19 2.255E-19 2.284E-19
 2.325E-19 2.363E-19 2.384E-19 2.377E-19 2.349E-19 2.301E-19 2.246E-19 2.214E-19 2.225E-19 2.251E-19
 2.238E-19 2.185E-19 2.144E-19 2.135E-19 2.163E-19 2.246E-19 2.360E-19 2.446E-19 2.497E-19 2.510E-19
 2.497E-19 2.485E-19 2.434E-19 2.340E-19 2.252E-19 2.230E-19 2.298E-19 2.402E-19 2.514E-19 2.613E-19
 2.652E-19 2.610E-19 2.510E-19 2.400E-19 2.317E-19 2.282E-19 2.248E-19 2.210E-19 2.180E-19 2.197E-19
 2.227E-19 2.250E-19 2.271E-19 2.284E-19 2.316E-19 2.349E-19 2.376E-19 2.405E-19 2.478E-19 2.598E-19
 2.688E-19 2.673E-19 2.551E-19 2.438E-19 2.399E-19 2.396E-19 2.412E-19 2.433E-19 2.491E-19 2.536E-19
 2.516E-19 2.458E-19 2.419E-19 2.447E-19 2.545E-19 2.647E-19 2.674E-19 2.644E-19 2.560E-19 2.496E-19
 2.490E-19 2.494E-19 2.441E-19 2.375E-19 2.370E-19 2.438E-19 2.516E-19 2.546E-19 2.512E-19 2.449E-19
 2.419E-19 2.420E-19 2.454E-19 2.496E-19 2.473E-19 2.367E-19 2.253E-19 2.222E-19 2.280E-19 2.351E-19
 2.399E-19 2.428E-19 2.479E-19 2.492E-19 2.456E-19 2.374E-19 2.336E-19 2.361E-19 2.416E-19 2.445E-19
 2.450E-19 2.408E-19 2.363E-19 2.359E-19 2.367E-19 2.367E-19 2.339E-19 2.316E-19 2.361E-19 2.454E-19
 2.508E-19 2.469E-19 2.343E-19 2.240E-19 2.248E-19 2.356E-19 2.493E-19 2.555E-19 2.528E-19 2.449E-19
 2.420E-19 2.459E-19 2.543E-19 2.588E-19 2.639E-19 2.670E-19 2.631E-19 2.543E-19 2.447E-19 2.449E-19
 2.535E-19 2.617E-19 2.634E-19 2.611E-19 2.569E-19 2.548E-19 2.558E-19 2.591E-19 2.614E-19 2.623E-19
 2.629E-19 2.662E-19 2.731E-19 2.782E-19 2.795E-19 2.746E-19 2.695E-19 2.656E-19 2.647E-19 2.646E-19
 2.645E-19 2.631E-19 2.627E-19 2.645E-19 2.669E-19 2.700E-19 2.681E-19 2.659E-19 2.666E-19 2.712E-19
 2.761E-19 2.734E-19 2.637E-19 2.553E-19 2.526E-19 2.530E-19 2.528E-19 2.522E-19 2.537E-19 2.603E-19
 2.679E-19 2.704E-19 2.646E-19 2.523E-19 2.421E-19 2.410E-19 2.484E-19 2.581E-19 2.663E-19 2.696E-19
 2.690E-19 2.676E-19 2.665E-19 2.610E-19 2.516E-19 2.432E-19 2.444E-19 2.536E-19 2.621E-19 2.673E-19
 2.721E-19 2.800E-19 2.865E-19 2.872E-19 2.842E-19 2.813E-19 2.756E-19 2.674E-19 2.584E-19 2.524E-19
 2.493E-19 2.497E-19 2.536E-19 2.630E-19 2.679E-19 2.636E-19 2.540E-19 2.482E-19 2.525E-19 2.571E-19
 2.580E-19 2.580E-19 2.554E-19 2.519E-19 2.503E-19 2.539E-19 2.603E-19 2.622E-19 2.576E-19 2.564E-19
 2.607E-19 2.654E-19 2.645E-19 2.614E-19 2.610E-19 2.642E-19 2.680E-19 2.738E-19 2.747E-19 2.685E-19
 2.563E-19 2.431E-19 2.387E-19 2.446E-19 2.564E-19 2.671E-19 2.714E-19 2.692E-19 2.624E-19 2.557E-19
 2.543E-19 2.583E-19 2.616E-19 2.633E-19 2.637E-19 2.640E-19 2.612E-19 2.555E-19 2.474E-19 2.450E-19
 2.516E-19 2.590E-19 2.610E-19 2.599E-19 2.586E-19 2.590E-19 2.604E-19 2.612E-19 2.632E-19 2.676E-19
 2.715E-19 2.704E-19 2.697E-19 2.686E-19 2.701E-19 2.694E-19 2.654E-19 2.592E-19 2.556E-19 2.598E-19
 2.696E-19 2.793E-19 2.805E-19 2.765E-19 2.750E-19 2.750E-19 2.719E-19 2.644E-19 2.577E-19 2.587E-19
 2.629E-19 2.664E-19 2.687E-19 2.733E-19 2.807E-19 2.879E-19 2.917E-19 2.918E-19 2.870E-19 2.779E-19
 2.654E-19 2.531E-19 2.440E-19 2.378E-19 2.342E-19 2.344E-19 2.384E-19 2.445E-19 2.481E-19 2.517E-19
 2.561E-19 2.618E-19 2.678E-19 2.686E-19 2.665E-19 2.662E-19 2.697E-19 2.716E-19 2.682E-19 2.617E-19
 2.602E-19 2.637E-19 2.663E-19 2.664E-19 2.648E-19 2.651E-19 2.636E-19 2.602E-19 2.558E-19 2.576E-19
 2.615E-19 2.579E-19 2.474E-19 2.421E-19 2.481E-19 2.584E-19 2.647E-19 2.699E-19 2.764E-19 2.851E-19
 2.886E-19 2.804E-19 2.648E-19 2.547E-19 2.552E-19 2.610E-19 2.633E-19 2.586E-19 2.551E-19 2.569E-19
 2.618E-19 2.628E-19 2.616E-19 2.611E-19 2.594E-19 2.534E-19 2.449E-19 2.398E-19 2.421E-19 2.474E-19
 2.520E-19 2.551E-19 2.582E-19 2.609E-19 2.595E-19 2.563E-19 2.524E-19 2.513E-19 2.490E-19 2.447E-19
 2.376E-19 2.338E-19 2.367E-19 2.431E-19 2.473E-19 2.481E-19 2.470E-19 2.464E-19 2.475E-19 2.453E-19
 2.397E-19 2.362E-19 2.359E-19 2.390E-19 2.456E-19 2.537E-19 2.588E-19 2.588E-19 2.558E-19 2.526E-19
 2.552E-19 2.604E-19 2.641E-19 2.641E-19 2.582E-19 2.527E-19 2.510E-19 2.520E-19 2.490E-19 2.422E-19
 2.350E-19 2.296E-19 2.262E-19 2.243E-19 2.242E-19 2.280E-19 2.355E-19 2.425E-19 2.451E-19 2.483E-19
 2.575E-19 2.664E-19 2.620E-19 2.449E-19 2.312E-19 2.355E-19 2.509E-19 2.591E-19 2.533E-19 2.386E-19
 2.262E-19 2.218E-19 2.235E-19 2.312E-19 2.367E-19 2.352E-19 2.306E-19 2.262E-19 2.261E-19 2.329E-19
 2.447E-19 2.566E-19 2.600E-19 2.504E-19 2.364E-19 2.315E-19 2.321E-19 2.279E-19 2.165E-19 2.064E-19
 2.097E-19 2.222E-19 2.377E-19 2.498E-19 2.525E-19 2.434E-19 2.309E-19 2.202E-19 2.119E-19 2.086E-19
 2.095E-19 2.147E-19 2.212E-19 2.211E-19 2.144E-19 2.061E-19 2.020E-19 2.040E-19 2.098E-19 2.170E-19
 2.258E-19 2.349E-19 2.408E-19 2.423E-19 2.341E-19 2.234E-19 2.144E-19 2.129E-19 2.152E-19 2.200E-19
 2.241E-19 2.256E-19 2.234E-19 2.194E-19 2.142E-19 2.079E-19 2.026E-19 2.021E-19 2.075E-19 2.164E-19
 2.206E-19 2.166E-19 2.105E-19 2.089E-19 2.122E-19 2.187E-19 2.235E-19 2.273E-19 2.297E-19 2.320E-19
 2.352E-19 2.331E-19 2.259E-19 2.162E-19 2.108E-19 2.103E-19 2.130E-19 2.151E-19 2.177E-19 2.217E-19
 2.273E-19 2.307E-19 2.322E-19 2.339E-19 2.365E-19 2.376E-19 2.345E-19 2.249E-19 2.127E-19 2.066E-19
 2.076E-19 2.134E-19 2.159E-19 2.126E-19 2.092E-19 2.091E-19 2.109E-19 2.138E-19 2.183E-19 2.216E-19
 2.246E-19 2.251E-19 2.204E-19 2.124E-19 2.100E-19 2.172E-19 2.313E-19 2.410E-19 2.374E-19 2.259E-19
 2.162E-19 2.165E-19 2.202E-19 2.200E-19 2.185E-19 2.184E-19 2.192E-19 2.207E-19 2.206E-19 2.155E-19
 2.073E-19 1.983E-19 1.919E-19 1.898E-19 1.887E-19 1.858E-19 1.849E-19 1.866E-19 1.930E-19 2.066E-19
 2.173E-19 2.154E-19 2.004E-19 1.870E-19 1.890E-19 2.004E-19 2.049E-19 1.983E-19 1.909E-19 1.903E-19
 1.951E-19 2.009E-19 2.018E-19 1.986E-19 1.956E-19 1.944E-19 1.941E-19 1.945E-19 1.945E-19 1.915E-19
 1.879E-19 1.846E-19 1.825E-19 1.805E-19 1.809E-19 1.831E-19 1.889E-19 1.959E-19 1.999E-19 1.949E-19
 1.861E-19 1.791E-19 1.800E-19 1.882E-19 1.964E-19 2.020E-19 2.043E-19 2.012E-19 1.927E-19 1.846E-19
 1.828E-19 1.869E-19 1.881E-19 1.832E-19 1.765E-19 1.711E-19 1.700E-19 1.695E-19 1.709E-19 1.751E-19
 1.798E-19 1.821E-19 1.836E-19 1.861E-19 1.886E-19 1.918E-19 1.918E-19 1.910E-19 1.921E-19 1.923E-19
 1.900E-19 1.829E-19 1.761E-19 1.750E-19 1.778E-19 1.785E-19 1.723E-19 1.653E-19 1.622E-19 1.671E-19
 1.721E-19 1.739E-19 1.704E-19 1.665E-19 1.667E-19 1.705E-19 1.741E-19 1.758E-19 1.765E-19 1.780E-19
 1.783E-19 1.750E-19 1.713E-19 1.719E-19 1.764E-19 1.784E-19 1.759E-19 1.714E-19 1.704E-19 1.702E-19
 1.673E-19 1.650E-19 1.672E-19 1.699E-19 1.708E-19 1.692E-19 1.675E-19 1.632E-19 1.554E-19 1.503E-19
 1.509E-19 1.567E-19 1.618E-19 1.635E-19 1.621E-19 1.594E-19 1.544E-19 1.498E-19 1.457E-19 1.465E-19
 1.513E-19 1.587E-19 1.653E-19 1.669E-19 1.646E-19 1.617E-19 1.602E-19 1.590E-19 1.544E-19 1.486E-19
 1.466E-19 1.525E-19 1.622E-19 1.680E-19 1.679E-19 1.629E-19 1.552E-19 1.451E-19 1.378E-19 1.383E-19
 1.455E-19 1.534E-19 1.570E-19 1.548E-19 1.519E-19 1.523E-19 1.527E-19 1.508E-19 1.495E-19 1.521E-19
 1.558E-19 1.575E-19 1.545E-19 1.520E-19 1.529E-19 1.590E-19 1.631E-19 1.622E-19 1.576E-19 1.517E-19
 1.475E-19 1.475E-19 1.534E-19 1.602E-19 1.615E-19 1.552E-19 1.521E-19 1.580E-19 1.675E-19 1.720E-19
 1.682E-19 1.570E-19 1.476E-19 1.431E-19 1.431E-19 1.434E-19 1.434E-19 1.456E-19 1.551E-19 1.679E-19
 1.749E-19 1.721E-19 1.642E-19 1.593E-19 1.564E-19 1.536E-19 1.490E-19 1.449E-19 1.423E-19 1.387E-19
 1.365E-19 1.360E-19 1.367E-19 1.372E-19 1.397E-19 1.422E-19 1.424E-19 1.397E-19 1.349E-19 1.307E-19
 1.256E-19 1.215E-19 1.223E-19 1.280E-19 1.357E-19 1.397E-19 1.437E-19 1.484E-19 1.490E-19 1.437E-19
 1.393E-19 1.398E-19 1.408E-19 1.337E-19 1.210E-19 1.114E-19 1.082E-19 1.086E-19 1.125E-19 1.230E-19
 1.350E-19 1.391E-19 1.324E-19 1.228E-19 1.164E-19 1.164E-19 1.204E-19 1.284E-19 1.368E-19 1.396E-19
 1.370E-19 1.343E-19 1.317E-19 1.256E-19 1.161E-19 1.063E-19 1.014E-19 1.021E-19 1.060E-19 1.077E-19
 1.056E-19 1.001E-19 9.670E-20 9.944E-20 1.084E-19 1.183E-19 1.204E-19 1.180E-19 1.158E-19 1.207E-19
 1.286E-19 1.322E-19 1.295E-19 1.253E-19 1.217E-19 1.217E-19 1.208E-19 1.192E-19 1.157E-19 1.123E-19
 1.111E-19 1.145E-19 1.190E-19 1.184E-19 1.125E-19 1.073E-19 1.081E-19 1.102E-19 1.104E-19 1.105E-19
 1.127E-19 1.138E-19 1.096E-19 1.052E-19 1.053E-19 1.109E-19 1.163E-19 1.221E-19 1.261E-19 1.232E-19
 1.120E-19 9.712E-20 8.686E-20 8.357E-20 8.669E-20 9.547E-20 1.067E-19 1.204E-19 1.290E-19 1.344E-19
 1.380E-19 1.362E-19 1.297E-19 1.199E-19 1.137E-19 1.135E-19 1.162E-19 1.203E-19 1.194E-19 1.135E-19
 1.083E-19 1.046E-19 1.034E-19 1.002E-19 9.498E-20 9.212E-20 9.225E-20 9.043E-20 8.876E-20 8.767E-20
 8.913E-20 9.117E-20 9.066E-20 9.117E-20 9.352E-20 9.414E-20 8.974E-20 8.461E-20 8.177E-20 7.862E-20
 7.286E-20 6.786E-20 7.149E-20 8.058E-20 8.904E-20 9.040E-20 8.552E-20 8.011E-20 7.551E-20 7.877E-20
 8.790E-20 9.516E-20 9.111E-20 7.975E-20 7.237E-20 7.645E-20 8.473E-20 8.630E-20 8.279E-20 8.048E-20
 8.041E-20 8.203E-20 8.030E-20 7.717E-20 7.574E-20 7.699E-20 7.853E-20 8.097E-20 8.343E-20 8.539E-20
 8.684E-20 8.585E-20 8.220E-20 7.849E-20 7.955E-20 8.733E-20 9.625E-20 9.787E-20 9.237E-20 8.815E-20
 9.216E-20 9.817E-20 1.008E-19 9.524E-20 8.869E-20 8.544E-20 8.314E-20 8.130E-20 7.878E-20 8.094E-20
 8.647E-20 9.045E-20 8.812E-20 7.981E-20 7.154E-20 7.076E-20 7.947E-20 9.313E-20 9.953E-20 9.339E-20
 8.224E-20 7.446E-20 7.531E-20 7.813E-20 7.653E-20 7.332E-20 7.155E-20 6.978E-20 6.513E-20 6.120E-20
 6.390E-20 7.268E-20 8.183E-20 8.381E-20 7.770E-20 6.792E-20 6.071E-20 5.874E-20 6.182E-20 6.917E-20
 7.329E-20 7.262E-20 6.841E-20 6.580E-20 6.939E-20 7.533E-20 7.563E-20 7.117E-20 6.594E-20 6.926E-20
 7.743E-20 8.307E-20 8.217E-20 7.582E-20 6.544E-20 5.838E-20 6.199E-20 7.481E-20 8.990E-20 9.358E-20
 8.634E-20 7.891E-20 7.702E-20 7.519E-20 7.310E-20 6.740E-20 6.224E-20 6.302E-20 6.742E-20 7.104E-20
 7.173E-20 6.896E-20 6.708E-20 6.806E-20 7.140E-20 7.360E-20 7.494E-20 7.554E-20 7.342E-20 6.862E-20
 6.386E-20 6.191E-20 5.887E-20 5.409E-20 5.007E-20 4.960E-20 5.438E-20 6.283E-20 7.235E-20 8.004E-20
 8.334E-20 7.882E-20 6.841E-20 6.151E-20 5.878E-20 5.863E-20 5.808E-20 5.545E-20 5.119E-20 4.760E-20
 4.772E-20 5.158E-20 5.576E-20 5.861E-20 5.883E-20 5.881E-20 5.879E-20 5.552E-20 4.906E-20 4.591E-20
 4.755E-20 5.184E-20 5.711E-20 5.807E-20 5.639E-20 5.699E-20 5.919E-20 5.850E-20 5.447E-20 4.932E-20
 4.757E-20 5.169E-20 5.569E-20 5.630E-20 5.577E-20 5.721E-20 6.149E-20 6.322E-20 6.265E-20 5.790E-20
 4.870E-20 3.994E-20 3.714E-20 4.293E-20 4.977E-20 5.329E-20 5.537E-20 5.691E-20 5.479E-20 4.795E-20
 3.987E-20 3.561E-20 3.503E-20 3.286E-20 3.015E-20 3.061E-20 3.523E-20 3.728E-20 3.910E-20 4.423E-20
 5.341E-20 5.976E-20 5.407E-20 4.020E-20 3.291E-20 3.860E-20 5.096E-20 6.099E-20 6.196E-20 5.890E-20
 5.576E-20 5.052E-20 4.278E-20 3.613E-20 3.412E-20 3.815E-20 4.465E-20 5.207E-20 5.831E-20 5.967E-20
 5.584E-20 5.392E-20 5.637E-20 6.093E-20 6.087E-20 5.741E-20 5.608E-20 5.670E-20 5.592E-20 5.155E-20
 4.583E-20 4.327E-20 4.448E-20 4.282E-20 3.985E-20 3.829E-20 3.888E-20 4.192E-20 4.528E-20 4.679E-20
 4.711E-20 4.638E-20 4.392E-20 4.157E-20 4.284E-20 4.577E-20 5.159E-20 5.779E-20 6.002E-20 5.685E-20
 4.905E-20 4.049E-20 3.341E-20 3.366E-20 4.188E-20 5.195E-20 5.472E-20 5.063E-20 4.177E-20 3.596E-20
 3.103E-20 2.909E-20 3.173E-20 3.634E-20 3.915E-20 3.956E-20 4.099E-20 4.346E-20 4.427E-20 4.326E-20
 4.297E-20 4.350E-20 4.485E-20 4.598E-20 4.673E-20 4.931E-20 5.358E-20 5.541E-20 5.594E-20 5.498E-20
 5.515E-20 5.515E-20 5.219E-20 4.833E-20 4.520E-20 4.969E-20 5.794E-20 6.433E-20 6.168E-20 5.152E-20
 4.116E-20 3.616E-20 3.723E-20 4.307E-20 4.888E-20 5.068E-20 4.794E-20 4.328E-20 4.195E-20 4.201E-20
 4.400E-20 4.195E-20 3.547E-20 2.779E-20 2.512E-20 3.003E-20 3.644E-20 3.418E-20 2.332E-20 1.212E-20
 9.297E-21 1.697E-20 2.851E-20 3.613E-20 3.402E-20 2.455E-20 1.796E-20 2.121E-20 2.869E-20 3.673E-20
 4.163E-20 4.063E-20 3.339E-20 2.612E-20 2.064E-20 2.262E-20 2.653E-20 2.776E-20 2.767E-20 2.720E-20
 2.556E-20 2.014E-20 1.773E-20 2.366E-20 3.380E-20 3.404E-20 2.254E-20 1.176E-20 1.141E-20 2.101E-20
 2.663E-20 2.538E-20 2.556E-20 2.808E-20 3.632E-20 4.279E-20 4.061E-20 3.408E-20 2.932E-20 2.930E-20
 3.373E-20 3.739E-20 3.614E-20 3.225E-20 2.768E-20 2.318E-20 1.617E-20 1.309E-20 1.821E-20 2.770E-20
 3.557E-20 3.816E-20 3.854E-20 3.856E-20 3.751E-20 3.570E-20 3.690E-20 4.086E-20 4.616E-20 4.724E-20
 4.148E-20 3.141E-20 1.977E-20 9.483E-21 6.857E-21 1.465E-20 2.807E-20 3.890E-20 4.465E-20 4.606E-20
 4.413E-20 3.869E-20 3.453E-20 3.380E-20 3.465E-20 2.945E-20 2.069E-20 1.656E-20 2.263E-20 3.379E-20
 4.422E-20 4.997E-20 4.666E-20 3.414E-20 1.812E-20 4.762E-21 0.000E+00 1.517E-21 8.771E-21 1.873E-20
 2.865E-20 3.399E-20 3.098E-20 2.319E-20 2.118E-20 2.503E-20 2.794E-20 2.729E-20 2.273E-20 2.234E-20
 2.769E-20 2.979E-20 2.219E-20 1.016E-20 4.813E-21 6.896E-21 1.376E-20 1.744E-20 1.818E-20 2.091E-20
 2.384E-20 2.538E-20 2.521E-20 2.454E-20 2.220E-20 1.766E-20 1.171E-20 8.354E-21 7.202E-21 7.832E-21
 9.544E-21 1.155E-20 1.421E-20 2.118E-20 2.986E-20 3.521E-20 3.156E-20 2.297E-20 1.344E-20 9.130E-21
 8.827E-21 1.229E-20 1.612E-20 1.875E-20 1.672E-20 1.006E-20 6.127E-21 7.868E-21 1.313E-20 1.616E-20
 1.841E-20 2.110E-20 2.287E-20 1.905E-20 1.292E-20 1.240E-20 1.724E-20 2.452E-20 2.613E-20 2.620E-20
 2.788E-20 2.860E-20 3.116E-20 3.469E-20 3.523E-20 3.267E-20 2.847E-20 2.384E-20 2.046E-20 1.479E-20
 1.124E-20 1.228E-20 1.969E-20 2.490E-20 2.301E-20 1.753E-20 1.573E-20 1.404E-20 8.537E-21 4.989E-22
 0.000E+00 0.000E+00 0.000E+00 3.878E-21 1.035E-20 1.191E-20 1.255E-20 1.467E-20 1.882E-20 2.081E-20
 1.923E-20 1.463E-20 1.164E-20 1.020E-20 1.043E-20 1.624E-20 2.140E-20 2.519E-20 2.455E-20 2.022E-20
 1.695E-20 1.443E-20 1.100E-20 9.302E-21 6.912E-21 5.887E-21 9.236E-21 1.299E-20 1.392E-20 9.002E-21
 1.077E-21 0.000E+00 0.000E+00 2.735E-21 5.241E-21 9.355E-21 1.504E-20 2.065E-20 2.086E-20 1.884E-20
 1.793E-20 1.857E-20 1.513E-20 5.983E-21 0.000E+00 0.000E+00 0.000E+00 0.000E+00 0.000E+00 6.182E-21
 1.094E-20 1.101E-20 7.788E-21 3.620E-21 1.175E-21 9.879E-22 3.153E-21 2.261E-21 0.000E+00 0.000E+00
 0.000E+00 5.147E-21 1.289E-20 1.145E-20 6.069E-21 5.792E-21 1.094E-20 1.634E-20 1.905E-20 2.088E-20
 2.542E-20 2.634E-20 1.960E-20 1.004E-20 5.619E-21 5.489E-21 6.100E-21 4.174E-21 2.873E-21 2.316E-21
 2.523E-21 6.008E-22 0.000E+00 1.196E-21 9.251E-21 1.737E-20 2.228E-20 2.365E-20 2.543E-20 2.716E-20
 2.630E-20 2.385E-20 2.128E-20 1.882E-20 1.464E-20 1.126E-20 8.838E-21 1.058E-20 1.315E-20 1.507E-20
 1.511E-20 1.355E-20 1.099E-20 9.116E-21 9.677E-21 8.608E-21 2.565E-21 0.000E+00 0.000E+00 1.156E-21
 9.132E-21 1.440E-20 1.918E-20 2.235E-20 2.174E-20 1.684E-20 9.514E-21 3.442E-21 0.000E+00 0.000E+00
 0.000E+00 0.000E+00 4.098E-22 8.142E-21 1.759E-20 2.253E-20 1.992E-20 8.922E-21 9.932E-25 0.000E+00
 0.000E+00 0.000E+00 0.000E+00 0.000E+00 1.021E-22 4.774E-21 7.009E-21 1.125E-20 1.933E-20 2.818E-20
 3.259E-20 3.042E-20 2.410E-20 1.725E-20 1.067E-20 5.807E-21 1.547E-21 1.891E-21 2.335E-21 1.594E-21
 1.935E-21 5.115E-21 1.186E-20 1.672E-20 1.542E-20 1.024E-20 6.607E-21 5.989E-21 4.619E-21 2.909E-21
 0.000E+00 0.000E+00 0.000E+00 0.000E+00 0.000E+00 0.000E+00 0.000E+00 9.446E-21 1.624E-20 1.712E-20
 1.109E-20 5.750E-21 1.697E-21 5.980E-22 2.302E-21 4.525E-21 9.026E-21 1.394E-20 1.539E-20 1.099E-20
 3.044E-21 0.000E+00 0.000E+00 6.407E-21 8.696E-21 5.997E-21 2.534E-21 1.900E-21 3.741E-21 4.864E-21
 1.412E-21 0.000E+00 0.000E+00 0.000E+00 0.000E+00 3.902E-21 6.971E-21 1.067E-20 1.827E-20 2.639E-20
 2.769E-20 1.919E-20 5.583E-21 0.000E+00 0.000E+00 0.000E+00 1.806E-21 4.933E-21 8.608E-21 1.460E-20
 1.947E-20 2.528E-20 2.728E-20 1.999E-20 4.680E-21 0.000E+00 0.000E+00 0.000E+00 6.552E-22 5.637E-21
 9.265E-21 8.782E-21 4.552E-21 8.075E-22 0.000E+00 0.000E+00 0.000E+00 0.000E+00 0.000E+00 0.000E+00
 1.647E-21 4.968E-21 5.034E-21 4.787E-21 7.803E-21 1.133E-20 1.258E-20 1.288E-20 1.623E-20 2.116E-20
 2.249E-20 1.676E-20 7.995E-21 2.276E-21 0.000E+00 0.000E+00 1.781E-21 8.906E-21 1.152E-20 8.153E-21
 4.666E-21 6.359E-21 1.101E-20 1.382E-20 1.514E-20 1.355E-20 8.771E-21 1.726E-21 0.000E+00 0.000E+00
 0.000E+00 0.000E+00 0.000E+00 0.000E+00 5.568E-21 1.192E-20 1.282E-20 1.354E-20 1.608E-20 1.830E-20
 1.768E-20 1.432E-20 1.130E-20 7.736E-21 5.251E-21 6.836E-21 1.131E-20 1.493E-20 1.542E-20 1.305E-20
 8.847E-21 2.687E-21 0.000E+00 0.000E+00 0.000E+00 0.000E+00 0.000E+00 0.000E+00 0.000E+00 0.000E+00
 2.977E-21 7.683E-21 9.339E-21 5.024E-21 0.000E+00 0.000E+00 3.120E-21 5.707E-21 3.812E-21 2.410E-21
 3.497E-21 5.391E-21 6.618E-21 7.163E-21 8.693E-21 8.221E-21 5.516E-21 1.435E-21 0.000E+00 0.000E+00
 0.000E+00 0.000E+00 2.205E-21 1.331E-20 1.628E-20 1.382E-20 1.019E-20 0.000E+00 0.000E+00 0.000E+00
