   CFH2CF3  815.0172  865.0188      5808     287.0    0.0000 1.671E-19  HITRAN    HFC-134a    air 31
 0.000E+00 0.000E+00 0.000E+00 0.000E+00 0.000E+00 0.000E+00 0.000E+00 4.701E-22 2.478E-21 5.827E-21
 1.101E-20 1.616E-20 1.968E-20 1.940E-20 1.395E-20 4.508E-21 0.000E+00 0.000E+00 0.000E+00 0.000E+00
 0.000E+00 0.000E+00 0.000E+00 8.211E-21 2.396E-20 3.630E-20 4.254E-20 4.390E-20 4.006E-20 2.979E-20
 1.698E-20 7.057E-21 2.670E-21 4.331E-21 8.845E-21 1.160E-20 1.416E-20 1.966E-20 2.646E-20 2.718E-20
 1.783E-20 5.066E-21 0.000E+00 0.000E+00 0.000E+00 0.000E+00 0.000E+00 0.000E+00 0.000E+00 0.000E+00
 0.000E+00 0.000E+00 0.000E+00 0.000E+00 0.000E+00 0.000E+00 0.000E+00 4.202E-21 9.724E-21 7.261E-21
 1.760E-21 0.000E+00 0.000E+00 0.000E+00 0.000E+00 5.190E-22 1.300E-21 6.504E-22 0.000E+00 0.000E+00
 0.000E+00 0.000E+00 0.000E+00 0.000E+00 0.000E+00 0.000E+00 0.000E+00 6.472E-21 1.320E-20 1.304E-20
 9.467E-21 4.873E-21 3.200E-21 5.906E-21 1.260E-20 2.096E-20 2.526E-20 2.317E-20 2.094E-20 1.906E-20
 1.544E-20 8.948E-21 2.798E-21 4.306E-21 1.136E-20 1.878E-20 2.215E-20 1.922E-20 9.986E-21 2.112E-21
 0.000E+00 0.000E+00 0.000E+00 0.000E+00 6.401E-21 1.365E-20 1.187E-20 3.759E-21 0.000E+00 2.713E-21
 1.050E-20 1.464E-20 1.075E-20 4.863E-21 1.089E-21 0.000E+00 0.000E+00 0.000E+00 0.000E+00 6.454E-21
 1.538E-20 1.751E-20 1.072E-20 3.393E-21 5.186E-21 1.375E-20 1.822E-20 1.425E-20 1.023E-20 1.315E-20
 2.194E-20 3.170E-20 3.704E-20 3.657E-20 2.972E-20 2.017E-20 1.020E-20 2.429E-21 0.000E+00 0.000E+00
 0.000E+00 5.926E-21 1.919E-20 2.928E-20 2.842E-20 1.509E-20 3.095E-21 0.000E+00 0.000E+00 0.000E+00
 0.000E+00 1.335E-20 3.624E-20 5.168E-20 5.140E-20 3.735E-20 1.600E-20 2.703E-21 0.000E+00 0.000E+00
 0.000E+00 0.000E+00 0.000E+00 0.000E+00 0.000E+00 0.000E+00 0.000E+00 0.000E+00 0.000E+00 0.000E+00
 0.000E+00 0.000E+00 0.000E+00 0.000E+00 0.000E+00 0.000E+00 0.000E+00 0.000E+00 0.000E+00 0.000E+00
 0.000E+00 4.780E-21 1.573E-20 1.779E-20 6.212E-21 0.000E+00 0.000E+00 0.000E+00 5.576E-21 1.662E-20
 2.086E-20 1.661E-20 7.427E-21 1.224E-21 0.000E+00 0.000E+00 0.000E+00 0.000E+00 4.487E-21 1.300E-20
 2.008E-20 2.039E-20 1.005E-20 1.649E-21 0.000E+00 0.000E+00 0.000E+00 0.000E+00 0.000E+00 1.554E-21
 1.115E-20 2.152E-20 2.552E-20 2.402E-20 1.900E-20 1.276E-20 4.550E-21 3.545E-22 6.767E-21 2.138E-20
 3.360E-20 3.759E-20 3.902E-20 4.020E-20 3.782E-20 2.729E-20 1.328E-20 3.077E-21 1.279E-21 9.658E-21
 2.062E-20 2.135E-20 8.848E-21 8.728E-22 0.000E+00 1.668E-21 8.534E-21 1.526E-20 1.617E-20 1.337E-20
 1.169E-20 1.293E-20 1.552E-20 1.510E-20 1.035E-20 6.526E-21 1.180E-20 2.160E-20 2.733E-20 2.526E-20
 1.952E-20 1.490E-20 1.105E-20 9.580E-21 1.086E-20 1.463E-20 2.221E-20 2.701E-20 2.293E-20 1.382E-20
 7.321E-21 5.341E-21 6.437E-21 6.575E-21 8.028E-21 9.214E-21 4.477E-21 5.904E-22 0.000E+00 9.131E-21
 2.124E-20 1.970E-20 6.189E-21 0.000E+00 0.000E+00 0.000E+00 0.000E+00 0.000E+00 0.000E+00 0.000E+00
 0.000E+00 4.216E-21 1.110E-20 2.173E-20 3.521E-20 4.556E-20 4.303E-20 2.484E-20 5.993E-21 0.000E+00
 0.000E+00 0.000E+00 3.529E-22 3.646E-22 9.145E-23 0.000E+00 0.000E+00 0.000E+00 0.000E+00 7.521E-21
 1.277E-20 5.999E-21 6.264E-22 0.000E+00 0.000E+00 4.625E-22 3.876E-21 7.328E-21 1.354E-20 2.241E-20
 2.577E-20 2.021E-20 1.017E-20 3.097E-21 4.762E-22 0.000E+00 0.000E+00 2.866E-21 8.999E-21 1.518E-20
 1.881E-20 2.128E-20 2.370E-20 2.127E-20 1.202E-20 2.861E-21 0.000E+00 0.000E+00 0.000E+00 3.626E-22
 5.706E-21 1.079E-20 1.350E-20 1.828E-20 2.385E-20 2.744E-20 2.546E-20 1.354E-20 2.794E-21 0.000E+00
 0.000E+00 3.577E-21 3.650E-21 9.103E-22 0.000E+00 0.000E+00 5.096E-21 1.360E-20 1.833E-20 1.942E-20
 1.680E-20 1.003E-20 2.579E-21 0.000E+00 0.000E+00 0.000E+00 4.533E-21 1.004E-20 6.463E-21 1.255E-21
 0.000E+00 0.000E+00 0.000E+00 4.392E-21 1.050E-20 1.479E-20 1.197E-20 3.509E-21 0.000E+00 0.000E+00
 0.000E+00 0.000E+00 0.000E+00 0.000E+00 0.000E+00 0.000E+00 2.549E-21 9.466E-21 1.842E-20 2.275E-20
 1.580E-20 4.180E-21 0.000E+00 0.000E+00 0.000E+00 0.000E+00 0.000E+00 0.000E+00 0.000E+00 0.000E+00
 0.000E+00 0.000E+00 0.000E+00 8.329E-21 2.040E-20 2.944E-20 3.465E-20 3.629E-20 3.373E-20 2.813E-20
 1.978E-20 1.300E-20 1.344E-20 2.098E-20 3.175E-20 3.771E-20 3.200E-20 2.293E-20 2.307E-20 3.633E-20
 5.548E-20 6.438E-20 5.418E-20 2.968E-20 6.985E-21 0.000E+00 0.000E+00 0.000E+00 5.214E-21 2.931E-20
 5.266E-20 5.432E-20 4.112E-20 2.855E-20 2.864E-20 3.332E-20 3.266E-20 2.876E-20 2.714E-20 2.600E-20
 2.109E-20 1.026E-20 1.987E-21 0.000E+00 0.000E+00 4.604E-21 9.771E-21 7.681E-21 2.613E-21 1.037E-21
 5.507E-21 1.238E-20 1.393E-20 1.089E-20 6.568E-21 5.079E-21 7.887E-21 1.586E-20 2.439E-20 2.898E-20
 2.931E-20 2.752E-20 2.213E-20 1.543E-20 1.126E-20 7.205E-21 4.052E-21 1.140E-21 2.077E-21 7.583E-21
 1.585E-20 2.209E-20 2.495E-20 2.372E-20 2.142E-20 1.980E-20 1.692E-20 1.423E-20 1.248E-20 1.318E-20
 1.534E-20 1.382E-20 4.751E-21 1.887E-22 0.000E+00 6.949E-21 1.583E-20 1.707E-20 1.116E-20 8.249E-21
 9.687E-21 7.777E-21 2.202E-21 0.000E+00 0.000E+00 0.000E+00 9.508E-21 2.793E-20 4.244E-20 4.711E-20
 4.517E-20 4.268E-20 4.373E-20 4.412E-20 3.558E-20 1.866E-20 4.166E-21 0.000E+00 0.000E+00 0.000E+00
 0.000E+00 0.000E+00 0.000E+00 0.000E+00 0.000E+00 0.000E+00 0.000E+00 0.000E+00 0.000E+00 0.000E+00
 0.000E+00 0.000E+00 4.846E-21 1.375E-20 1.363E-20 5.342E-21 1.875E-21 7.364E-21 1.521E-20 2.117E-20
 2.600E-20 2.816E-20 2.678E-20 2.455E-20 2.280E-20 1.872E-20 1.362E-20 1.222E-20 1.763E-20 2.320E-20
 2.094E-20 1.666E-20 2.258E-20 3.396E-20 3.930E-20 3.569E-20 2.396E-20 1.343E-20 3.679E-21 4.807E-23
 0.000E+00 3.363E-21 8.276E-21 1.268E-20 1.758E-20 1.900E-20 1.124E-20 2.496E-21 0.000E+00 0.000E+00
 0.000E+00 0.000E+00 0.000E+00 0.000E+00 0.000E+00 0.000E+00 1.805E-22 3.207E-21 3.726E-21 3.611E-21
 6.361E-21 1.174E-20 1.739E-20 2.108E-20 2.063E-20 1.284E-20 3.113E-21 0.000E+00 0.000E+00 0.000E+00
 0.000E+00 0.000E+00 0.000E+00 0.000E+00 0.000E+00 0.000E+00 0.000E+00 4.540E-21 1.394E-20 2.004E-20
 1.918E-20 1.065E-20 2.309E-21 0.000E+00 0.000E+00 4.289E-21 1.152E-20 9.019E-21 2.165E-21 0.000E+00
 0.000E+00 0.000E+00 0.000E+00 0.000E+00 0.000E+00 0.000E+00 1.888E-21 1.357E-20 2.665E-20 2.910E-20
 1.634E-20 3.434E-21 0.000E+00 0.000E+00 4.231E-21 8.568E-21 1.506E-20 2.194E-20 2.365E-20 1.833E-20
 1.241E-20 1.101E-20 1.414E-20 1.515E-20 1.137E-20 4.132E-21 4.717E-22 0.000E+00 0.000E+00 0.000E+00
 0.000E+00 8.107E-21 2.335E-20 3.822E-20 4.480E-20 4.103E-20 3.316E-20 3.020E-20 3.335E-20 3.743E-20
 3.746E-20 3.260E-20 2.633E-20 2.004E-20 1.584E-20 1.245E-20 1.131E-20 1.097E-20 1.151E-20 1.388E-20
 1.937E-20 2.320E-20 1.958E-20 5.683E-21 0.000E+00 0.000E+00 0.000E+00 0.000E+00 8.890E-21 1.705E-20
 1.868E-20 1.521E-20 1.280E-20 1.130E-20 1.021E-20 7.699E-21 4.596E-21 6.160E-21 1.054E-20 1.028E-20
 8.210E-21 7.597E-21 1.184E-20 2.091E-20 2.991E-20 3.326E-20 2.731E-20 1.278E-20 2.346E-21 0.000E+00
 1.953E-21 1.485E-21 2.650E-22 0.000E+00 0.000E+00 8.188E-21 1.421E-20 1.240E-20 7.166E-21 1.708E-21
 0.000E+00 0.000E+00 0.000E+00 0.000E+00 4.551E-21 1.062E-20 1.172E-20 8.423E-21 7.001E-21 7.854E-21
 8.347E-21 8.029E-21 8.204E-21 1.280E-20 2.218E-20 3.158E-20 3.543E-20 3.029E-20 2.173E-20 1.422E-20
 9.163E-21 7.459E-21 6.159E-21 1.787E-21 0.000E+00 0.000E+00 5.809E-22 1.058E-20 1.968E-20 2.325E-20
 2.004E-20 1.099E-20 3.207E-21 3.628E-21 4.765E-21 1.502E-21 0.000E+00 0.000E+00 1.537E-21 5.946E-21
 5.411E-21 3.885E-21 8.479E-21 1.832E-20 2.594E-20 2.877E-20 2.622E-20 1.750E-20 6.755E-21 7.031E-21
 2.171E-20 3.797E-20 3.969E-20 2.970E-20 2.492E-20 3.726E-20 5.701E-20 7.087E-20 6.970E-20 5.373E-20
 3.019E-20 1.012E-20 1.481E-21 1.083E-21 2.487E-21 5.021E-21 8.480E-21 1.127E-20 1.023E-20 4.045E-21
 5.036E-22 0.000E+00 0.000E+00 3.781E-21 1.550E-20 2.460E-20 2.754E-20 2.915E-20 3.245E-20 3.145E-20
 2.873E-20 2.608E-20 2.521E-20 2.668E-20 3.297E-20 4.481E-20 5.664E-20 6.133E-20 5.360E-20 3.790E-20
 2.570E-20 2.115E-20 2.319E-20 2.494E-20 2.149E-20 1.511E-20 1.458E-20 2.129E-20 2.740E-20 2.620E-20
 2.051E-20 1.566E-20 1.333E-20 1.095E-20 9.432E-21 1.485E-20 2.761E-20 3.885E-20 3.960E-20 3.017E-20
 1.745E-20 1.299E-20 1.815E-20 2.624E-20 2.704E-20 1.900E-20 1.288E-20 1.739E-20 2.280E-20 2.087E-20
 1.004E-20 3.754E-21 9.593E-21 1.743E-20 1.910E-20 1.725E-20 1.910E-20 2.390E-20 3.025E-20 3.365E-20
 3.271E-20 2.575E-20 1.299E-20 3.312E-21 2.618E-21 1.127E-20 1.988E-20 1.915E-20 1.132E-20 2.553E-21
 8.489E-22 8.589E-21 1.867E-20 2.557E-20 2.903E-20 3.238E-20 3.803E-20 4.603E-20 5.022E-20 4.286E-20
 2.876E-20 1.871E-20 1.815E-20 2.250E-20 2.356E-20 2.329E-20 2.509E-20 2.776E-20 2.333E-20 1.085E-20
 1.934E-21 0.000E+00 0.000E+00 0.000E+00 0.000E+00 0.000E+00 1.594E-21 2.082E-21 5.937E-22 0.000E+00
 0.000E+00 5.105E-21 1.740E-20 2.699E-20 3.197E-20 3.228E-20 3.300E-20 3.743E-20 3.843E-20 3.130E-20
 1.934E-20 1.115E-20 1.588E-20 2.687E-20 3.494E-20 3.523E-20 3.011E-20 2.221E-20 1.461E-20 1.232E-20
 1.778E-20 3.017E-20 3.887E-20 3.578E-20 2.094E-20 4.573E-21 0.000E+00 0.000E+00 0.000E+00 0.000E+00
 0.000E+00 0.000E+00 5.477E-21 1.127E-20 8.148E-21 1.824E-21 0.000E+00 7.301E-21 2.225E-20 3.247E-20
 3.059E-20 2.474E-20 2.128E-20 1.954E-20 1.727E-20 1.791E-20 2.685E-20 4.207E-20 5.543E-20 5.555E-20
 4.511E-20 3.404E-20 2.720E-20 2.012E-20 8.010E-21 1.156E-21 0.000E+00 1.519E-21 3.878E-21 1.581E-21
 1.065E-22 2.488E-21 1.068E-20 1.716E-20 1.931E-20 1.974E-20 2.289E-20 2.789E-20 2.877E-20 2.773E-20
 2.726E-20 3.273E-20 4.341E-20 4.419E-20 3.044E-20 1.277E-20 2.994E-21 2.508E-21 7.760E-21 1.625E-20
 2.557E-20 3.388E-20 4.362E-20 5.381E-20 5.758E-20 5.128E-20 3.875E-20 2.805E-20 2.459E-20 2.647E-20
 2.952E-20 3.169E-20 3.052E-20 2.626E-20 2.342E-20 2.557E-20 2.929E-20 2.836E-20 2.044E-20 1.346E-20
 1.236E-20 1.838E-20 2.855E-20 3.718E-20 3.875E-20 3.552E-20 2.751E-20 2.072E-20 1.716E-20 1.385E-20
 1.277E-20 1.694E-20 2.425E-20 3.080E-20 3.180E-20 2.199E-20 7.361E-21 8.732E-22 0.000E+00 0.000E+00
 4.035E-21 1.537E-20 2.043E-20 1.398E-20 3.141E-21 0.000E+00 3.805E-21 1.637E-20 2.784E-20 3.044E-20
 3.045E-20 2.788E-20 1.851E-20 4.233E-21 0.000E+00 0.000E+00 0.000E+00 0.000E+00 0.000E+00 0.000E+00
 0.000E+00 2.674E-21 1.360E-20 2.409E-20 2.622E-20 2.536E-20 2.754E-20 3.077E-20 3.007E-20 2.480E-20
 2.066E-20 1.784E-20 1.091E-20 2.345E-21 0.000E+00 3.572E-21 1.493E-20 2.438E-20 2.632E-20 2.402E-20
 2.343E-20 2.860E-20 3.958E-20 4.822E-20 4.886E-20 4.390E-20 3.670E-20 2.948E-20 2.265E-20 1.736E-20
 2.006E-20 2.706E-20 2.575E-20 1.594E-20 3.455E-21 0.000E+00 1.120E-21 9.609E-21 1.999E-20 2.923E-20
 4.210E-20 5.793E-20 7.271E-20 7.480E-20 6.487E-20 5.012E-20 3.382E-20 2.085E-20 1.539E-20 1.467E-20
 1.778E-20 1.953E-20 1.688E-20 1.550E-20 1.953E-20 2.710E-20 3.729E-20 4.295E-20 3.858E-20 2.937E-20
 2.467E-20 2.775E-20 3.056E-20 2.240E-20 1.281E-20 1.360E-20 2.237E-20 3.184E-20 3.094E-20 1.909E-20
 4.091E-21 1.593E-23 0.000E+00 3.552E-21 1.061E-20 1.420E-20 1.625E-20 1.972E-20 2.545E-20 2.982E-20
 3.230E-20 3.531E-20 3.630E-20 3.411E-20 3.352E-20 3.101E-20 2.189E-20 1.036E-20 4.061E-21 6.601E-21
 1.048E-20 1.096E-20 1.057E-20 1.484E-20 2.082E-20 2.808E-20 4.059E-20 5.281E-20 5.679E-20 5.226E-20
 4.138E-20 2.714E-20 1.658E-20 1.209E-20 1.466E-20 2.015E-20 2.580E-20 2.964E-20 3.647E-20 4.314E-20
 3.779E-20 2.171E-20 7.459E-21 1.075E-21 0.000E+00 0.000E+00 7.759E-22 1.544E-20 2.883E-20 2.798E-20
 1.577E-20 7.018E-21 9.282E-21 1.699E-20 2.264E-20 2.422E-20 2.323E-20 1.976E-20 2.042E-20 2.823E-20
 3.797E-20 4.118E-20 3.955E-20 3.688E-20 3.366E-20 2.733E-20 2.215E-20 1.922E-20 1.802E-20 1.488E-20
 6.057E-21 8.619E-22 2.267E-21 1.048E-20 1.406E-20 6.496E-21 9.644E-22 0.000E+00 7.438E-21 2.015E-20
 2.631E-20 2.482E-20 2.143E-20 2.364E-20 2.994E-20 3.446E-20 3.752E-20 3.651E-20 3.325E-20 2.766E-20
 2.483E-20 2.685E-20 2.686E-20 2.585E-20 2.869E-20 3.668E-20 4.583E-20 4.405E-20 2.972E-20 1.372E-20
 1.169E-20 2.472E-20 3.717E-20 3.954E-20 3.756E-20 3.765E-20 3.919E-20 3.808E-20 3.246E-20 2.737E-20
 2.379E-20 2.110E-20 2.095E-20 2.083E-20 2.095E-20 2.512E-20 3.190E-20 3.625E-20 3.842E-20 3.977E-20
 4.415E-20 4.782E-20 4.515E-20 3.726E-20 3.465E-20 3.953E-20 4.303E-20 4.370E-20 4.331E-20 4.669E-20
 5.194E-20 5.365E-20 4.829E-20 4.128E-20 3.983E-20 3.816E-20 3.732E-20 3.973E-20 4.318E-20 3.987E-20
 2.559E-20 9.826E-21 6.907E-21 1.801E-20 2.605E-20 2.283E-20 1.037E-20 1.668E-21 0.000E+00 0.000E+00
 0.000E+00 4.466E-21 1.453E-20 2.537E-20 3.264E-20 3.324E-20 3.034E-20 2.656E-20 2.275E-20 2.195E-20
 2.204E-20 2.414E-20 2.909E-20 3.355E-20 2.973E-20 1.893E-20 1.269E-20 1.810E-20 3.075E-20 4.209E-20
 4.637E-20 4.477E-20 3.997E-20 3.262E-20 2.347E-20 1.678E-20 1.382E-20 1.213E-20 2.035E-20 3.279E-20
 3.867E-20 3.556E-20 3.044E-20 3.111E-20 3.670E-20 3.883E-20 3.321E-20 2.058E-20 5.686E-21 4.968E-22
 0.000E+00 0.000E+00 0.000E+00 8.088E-21 1.265E-20 1.484E-20 2.050E-20 2.748E-20 2.726E-20 1.557E-20
 2.869E-21 1.928E-21 1.183E-20 2.413E-20 3.235E-20 3.733E-20 3.749E-20 3.312E-20 2.087E-20 7.147E-21
 9.323E-22 7.530E-21 2.639E-20 4.636E-20 5.603E-20 5.132E-20 3.515E-20 1.678E-20 6.520E-21 8.238E-21
 1.880E-20 3.351E-20 4.514E-20 4.675E-20 4.148E-20 3.214E-20 2.613E-20 1.613E-20 9.375E-21 1.187E-20
 1.711E-20 2.080E-20 2.318E-20 2.694E-20 3.507E-20 4.481E-20 4.911E-20 5.252E-20 5.320E-20 4.754E-20
 3.685E-20 2.983E-20 3.349E-20 3.936E-20 4.580E-20 5.380E-20 5.939E-20 5.603E-20 4.376E-20 3.196E-20
 3.214E-20 4.037E-20 4.194E-20 3.703E-20 3.677E-20 4.578E-20 5.709E-20 5.495E-20 3.716E-20 1.686E-20
 8.166E-21 1.279E-20 1.920E-20 1.982E-20 2.043E-20 3.401E-20 5.970E-20 7.749E-20 7.693E-20 6.482E-20
 5.296E-20 4.948E-20 5.206E-20 5.638E-20 5.722E-20 5.308E-20 4.649E-20 3.847E-20 3.169E-20 2.381E-20
 1.517E-20 1.161E-20 1.223E-20 1.462E-20 1.725E-20 2.100E-20 3.053E-20 4.231E-20 5.128E-20 5.592E-20
 5.926E-20 5.854E-20 5.389E-20 4.675E-20 4.193E-20 3.690E-20 2.789E-20 1.513E-20 4.087E-21 1.040E-21
 5.465E-21 1.450E-20 2.779E-20 4.272E-20 5.155E-20 4.950E-20 4.181E-20 3.641E-20 4.142E-20 4.691E-20
 4.501E-20 3.561E-20 2.786E-20 2.770E-20 3.138E-20 3.042E-20 2.208E-20 1.500E-20 1.335E-20 2.204E-20
 3.467E-20 4.398E-20 4.990E-20 5.398E-20 5.800E-20 5.849E-20 5.081E-20 4.073E-20 3.747E-20 3.924E-20
 3.948E-20 3.635E-20 3.189E-20 3.077E-20 3.283E-20 3.459E-20 3.700E-20 4.099E-20 4.484E-20 4.339E-20
 3.650E-20 3.334E-20 3.510E-20 3.536E-20 2.895E-20 2.123E-20 2.059E-20 3.088E-20 4.527E-20 5.378E-20
 5.303E-20 4.639E-20 4.286E-20 4.349E-20 4.506E-20 4.118E-20 3.297E-20 2.729E-20 2.788E-20 3.268E-20
 3.252E-20 2.376E-20 1.222E-20 8.088E-21 1.346E-20 2.540E-20 3.882E-20 4.698E-20 4.783E-20 4.286E-20
 3.836E-20 3.931E-20 4.320E-20 4.541E-20 4.332E-20 3.968E-20 3.819E-20 4.184E-20 4.690E-20 4.972E-20
 4.846E-20 4.611E-20 4.347E-20 4.012E-20 3.573E-20 2.883E-20 1.822E-20 7.527E-21 5.187E-21 1.181E-20
 1.944E-20 2.212E-20 1.990E-20 2.108E-20 2.942E-20 3.936E-20 4.400E-20 4.250E-20 3.830E-20 3.465E-20
 3.400E-20 3.294E-20 3.398E-20 3.945E-20 4.534E-20 4.532E-20 3.555E-20 2.309E-20 1.277E-20 1.126E-20
 1.692E-20 2.829E-20 4.243E-20 4.949E-20 4.471E-20 3.062E-20 1.501E-20 7.499E-21 1.464E-20 3.362E-20
 5.222E-20 5.621E-20 4.618E-20 3.534E-20 3.679E-20 5.062E-20 6.347E-20 6.997E-20 6.979E-20 6.402E-20
 5.460E-20 4.560E-20 4.049E-20 3.729E-20 3.384E-20 2.915E-20 2.072E-20 1.331E-20 7.020E-21 7.094E-21
 1.771E-20 3.512E-20 5.005E-20 5.573E-20 5.346E-20 4.920E-20 4.687E-20 4.497E-20 4.762E-20 5.465E-20
 6.012E-20 5.590E-20 4.751E-20 3.886E-20 3.620E-20 3.947E-20 4.910E-20 6.023E-20 6.718E-20 6.749E-20
 6.644E-20 6.550E-20 6.317E-20 6.250E-20 6.398E-20 6.570E-20 5.943E-20 4.479E-20 2.578E-20 1.392E-20
 1.485E-20 2.918E-20 4.812E-20 6.332E-20 6.500E-20 5.271E-20 3.997E-20 3.715E-20 4.177E-20 5.031E-20
 6.043E-20 6.788E-20 6.996E-20 6.490E-20 5.633E-20 5.018E-20 4.712E-20 4.513E-20 4.438E-20 3.919E-20
 2.468E-20 5.925E-21 4.220E-22 4.585E-22 1.321E-20 2.768E-20 3.827E-20 4.172E-20 3.717E-20 2.935E-20
 2.524E-20 2.904E-20 3.451E-20 3.743E-20 4.384E-20 5.386E-20 5.873E-20 5.266E-20 3.657E-20 2.146E-20
 1.586E-20 2.010E-20 2.888E-20 3.345E-20 2.977E-20 2.298E-20 2.289E-20 2.936E-20 3.426E-20 3.675E-20
 4.291E-20 5.236E-20 5.475E-20 5.449E-20 5.692E-20 6.361E-20 6.676E-20 6.326E-20 5.825E-20 5.433E-20
 4.464E-20 2.723E-20 1.098E-20 6.723E-21 1.200E-20 2.547E-20 4.320E-20 5.902E-20 6.619E-20 6.582E-20
 6.430E-20 6.207E-20 5.401E-20 3.848E-20 2.060E-20 1.094E-20 1.020E-20 1.070E-20 1.112E-20 1.403E-20
 2.009E-20 2.658E-20 3.207E-20 3.647E-20 3.578E-20 3.387E-20 3.461E-20 4.152E-20 4.895E-20 5.672E-20
 6.172E-20 6.497E-20 6.556E-20 6.928E-20 7.940E-20 8.747E-20 8.578E-20 7.386E-20 5.792E-20 4.762E-20
 4.512E-20 3.750E-20 2.957E-20 3.258E-20 4.658E-20 6.678E-20 7.629E-20 7.300E-20 6.536E-20 6.006E-20
 5.514E-20 5.219E-20 5.200E-20 5.434E-20 5.840E-20 5.837E-20 5.165E-20 4.421E-20 3.775E-20 3.681E-20
 4.160E-20 5.023E-20 6.063E-20 6.905E-20 7.126E-20 6.772E-20 6.464E-20 6.531E-20 6.829E-20 6.670E-20
 5.977E-20 5.363E-20 5.644E-20 6.572E-20 7.743E-20 8.643E-20 8.462E-20 7.598E-20 6.783E-20 7.091E-20
 8.214E-20 8.852E-20 7.764E-20 5.545E-20 3.780E-20 3.135E-20 3.477E-20 4.092E-20 4.435E-20 4.759E-20
 5.335E-20 6.042E-20 6.599E-20 6.367E-20 5.623E-20 4.896E-20 4.222E-20 3.310E-20 2.480E-20 2.494E-20
 3.703E-20 5.443E-20 6.815E-20 7.685E-20 8.111E-20 7.505E-20 6.009E-20 4.631E-20 4.026E-20 4.292E-20
 4.615E-20 4.769E-20 5.105E-20 5.322E-20 5.208E-20 4.753E-20 4.378E-20 4.515E-20 5.266E-20 5.946E-20
 5.888E-20 5.380E-20 4.866E-20 4.655E-20 4.647E-20 4.425E-20 4.137E-20 3.995E-20 4.338E-20 5.107E-20
 6.553E-20 7.967E-20 8.897E-20 8.675E-20 7.567E-20 6.515E-20 6.037E-20 6.281E-20 6.439E-20 6.465E-20
 6.463E-20 6.354E-20 6.421E-20 6.924E-20 7.720E-20 7.908E-20 6.711E-20 4.612E-20 3.111E-20 2.806E-20
 3.664E-20 4.846E-20 6.214E-20 7.483E-20 8.337E-20 7.530E-20 5.319E-20 2.802E-20 1.800E-20 2.332E-20
 3.057E-20 3.431E-20 3.609E-20 3.765E-20 3.689E-20 3.670E-20 4.163E-20 5.044E-20 5.777E-20 6.138E-20
 5.892E-20 5.546E-20 4.998E-20 4.398E-20 4.190E-20 4.243E-20 4.494E-20 4.650E-20 4.926E-20 5.299E-20
 4.822E-20 3.483E-20 1.960E-20 1.493E-20 2.010E-20 2.712E-20 2.996E-20 2.843E-20 3.005E-20 3.531E-20
 4.167E-20 4.532E-20 4.098E-20 3.492E-20 2.963E-20 2.658E-20 2.749E-20 2.852E-20 2.913E-20 3.518E-20
 4.584E-20 5.889E-20 6.945E-20 7.208E-20 6.670E-20 5.772E-20 5.273E-20 5.387E-20 5.348E-20 4.183E-20
 2.612E-20 2.162E-20 3.352E-20 5.146E-20 6.129E-20 5.965E-20 5.421E-20 5.290E-20 5.901E-20 6.560E-20
 7.062E-20 7.319E-20 7.143E-20 6.579E-20 5.714E-20 4.682E-20 3.597E-20 3.087E-20 3.345E-20 3.693E-20
 4.019E-20 4.436E-20 5.081E-20 5.670E-20 6.618E-20 7.496E-20 7.876E-20 7.276E-20 5.708E-20 4.089E-20
 2.995E-20 2.575E-20 2.985E-20 4.216E-20 5.772E-20 6.646E-20 6.978E-20 7.215E-20 7.508E-20 7.503E-20
 6.323E-20 4.785E-20 3.860E-20 4.159E-20 5.214E-20 6.099E-20 6.494E-20 6.830E-20 6.922E-20 6.799E-20
 6.276E-20 5.421E-20 5.273E-20 5.879E-20 6.282E-20 6.175E-20 5.757E-20 5.342E-20 4.484E-20 3.154E-20
 2.797E-20 3.910E-20 5.266E-20 5.529E-20 4.582E-20 3.657E-20 3.521E-20 3.335E-20 2.234E-20 9.453E-21
 8.426E-21 1.879E-20 3.299E-20 4.422E-20 5.531E-20 6.948E-20 7.785E-20 7.431E-20 6.256E-20 5.017E-20
 4.112E-20 3.348E-20 2.868E-20 2.819E-20 3.036E-20 3.026E-20 2.471E-20 2.006E-20 2.651E-20 4.249E-20
 5.963E-20 6.766E-20 6.505E-20 6.245E-20 6.221E-20 6.161E-20 5.654E-20 5.014E-20 4.820E-20 5.127E-20
 5.393E-20 5.161E-20 5.270E-20 5.364E-20 4.683E-20 2.865E-20 1.811E-20 2.994E-20 5.829E-20 8.045E-20
 8.489E-20 7.165E-20 5.777E-20 5.131E-20 5.764E-20 6.800E-20 6.949E-20 5.900E-20 4.766E-20 4.512E-20
 4.983E-20 5.473E-20 5.875E-20 6.773E-20 7.942E-20 8.244E-20 8.104E-20 8.054E-20 7.644E-20 6.640E-20
 5.196E-20 4.209E-20 3.868E-20 3.400E-20 2.379E-20 1.802E-20 2.515E-20 4.073E-20 5.869E-20 7.345E-20
 7.690E-20 7.699E-20 8.100E-20 9.310E-20 1.017E-19 1.048E-19 1.017E-19 1.039E-19 1.022E-19 9.037E-20
 6.755E-20 4.674E-20 3.512E-20 3.142E-20 3.157E-20 3.732E-20 4.614E-20 4.966E-20 5.189E-20 5.739E-20
 6.699E-20 7.604E-20 7.403E-20 5.938E-20 3.991E-20 3.142E-20 3.549E-20 4.611E-20 5.200E-20 4.627E-20
 3.794E-20 3.595E-20 4.053E-20 4.715E-20 5.263E-20 5.358E-20 5.255E-20 4.393E-20 3.096E-20 2.549E-20
 3.249E-20 5.036E-20 7.298E-20 8.580E-20 8.013E-20 5.756E-20 3.644E-20 3.169E-20 4.301E-20 5.457E-20
 5.964E-20 6.153E-20 6.237E-20 6.721E-20 7.179E-20 8.258E-20 9.607E-20 1.079E-19 1.111E-19 1.057E-19
 9.188E-20 7.807E-20 6.788E-20 6.240E-20 5.928E-20 5.772E-20 5.852E-20 5.843E-20 5.793E-20 5.824E-20
 6.332E-20 7.036E-20 7.661E-20 7.874E-20 7.660E-20 6.831E-20 5.898E-20 5.693E-20 6.353E-20 7.182E-20
 7.699E-20 7.739E-20 7.450E-20 6.958E-20 6.678E-20 7.110E-20 8.394E-20 9.649E-20 9.815E-20 9.472E-20
 9.298E-20 8.698E-20 7.256E-20 5.604E-20 4.487E-20 4.106E-20 4.231E-20 4.523E-20 4.749E-20 4.511E-20
 4.078E-20 4.035E-20 4.379E-20 5.440E-20 6.289E-20 6.418E-20 6.049E-20 5.727E-20 5.775E-20 5.976E-20
 5.913E-20 5.446E-20 5.364E-20 5.858E-20 6.417E-20 6.099E-20 5.406E-20 4.710E-20 4.461E-20 4.304E-20
 4.100E-20 3.930E-20 4.391E-20 4.884E-20 5.318E-20 5.710E-20 6.055E-20 6.451E-20 7.041E-20 7.435E-20
 7.123E-20 6.052E-20 4.844E-20 4.782E-20 5.423E-20 5.796E-20 5.464E-20 5.050E-20 5.170E-20 5.980E-20
 6.422E-20 6.101E-20 5.653E-20 5.923E-20 7.100E-20 8.598E-20 9.787E-20 1.039E-19 1.039E-19 1.009E-19
 8.856E-20 6.775E-20 4.618E-20 3.195E-20 2.712E-20 2.758E-20 3.444E-20 4.850E-20 6.524E-20 7.868E-20
 8.076E-20 7.617E-20 7.221E-20 7.185E-20 6.761E-20 5.918E-20 5.043E-20 4.614E-20 5.148E-20 6.304E-20
 7.094E-20 7.300E-20 7.268E-20 7.499E-20 7.688E-20 7.969E-20 7.818E-20 7.481E-20 7.312E-20 7.180E-20
 7.289E-20 7.703E-20 7.687E-20 6.598E-20 4.870E-20 3.733E-20 3.845E-20 4.236E-20 4.200E-20 4.075E-20
 4.281E-20 5.028E-20 5.685E-20 5.632E-20 5.331E-20 5.746E-20 6.880E-20 8.028E-20 8.279E-20 7.924E-20
 8.242E-20 9.101E-20 9.344E-20 8.155E-20 6.436E-20 5.153E-20 4.259E-20 3.472E-20 3.503E-20 4.765E-20
 6.609E-20 7.723E-20 7.619E-20 7.553E-20 8.486E-20 9.399E-20 9.474E-20 8.804E-20 7.987E-20 7.378E-20
 7.034E-20 6.945E-20 6.569E-20 5.901E-20 5.051E-20 4.690E-20 5.338E-20 6.413E-20 6.506E-20 5.642E-20
 4.534E-20 4.263E-20 4.243E-20 3.626E-20 3.011E-20 3.366E-20 4.646E-20 6.019E-20 6.588E-20 6.184E-20
 5.410E-20 4.601E-20 4.037E-20 4.395E-20 5.613E-20 6.613E-20 6.549E-20 5.859E-20 5.412E-20 5.761E-20
 6.250E-20 6.485E-20 6.395E-20 6.342E-20 5.972E-20 5.725E-20 5.744E-20 5.868E-20 6.324E-20 6.742E-20
 6.898E-20 6.247E-20 4.841E-20 3.060E-20 1.996E-20 1.614E-20 2.091E-20 3.021E-20 4.644E-20 6.423E-20
 7.678E-20 7.615E-20 6.699E-20 6.098E-20 5.821E-20 5.154E-20 4.242E-20 3.674E-20 4.018E-20 5.296E-20
 6.261E-20 6.589E-20 6.478E-20 6.253E-20 6.371E-20 7.048E-20 7.960E-20 8.566E-20 8.615E-20 8.624E-20
 9.347E-20 9.779E-20 9.018E-20 7.319E-20 6.346E-20 6.786E-20 7.911E-20 8.321E-20 7.616E-20 7.443E-20
 8.431E-20 1.022E-19 1.082E-19 9.264E-20 6.316E-20 4.398E-20 4.300E-20 5.376E-20 6.491E-20 6.320E-20
 5.556E-20 4.720E-20 4.649E-20 5.452E-20 6.602E-20 7.441E-20 7.316E-20 6.161E-20 5.292E-20 4.834E-20
 4.439E-20 3.840E-20 3.056E-20 2.964E-20 4.128E-20 5.276E-20 5.484E-20 4.546E-20 3.861E-20 4.236E-20
 5.225E-20 5.903E-20 5.811E-20 5.573E-20 5.365E-20 5.685E-20 6.125E-20 6.208E-20 6.070E-20 5.488E-20
 4.915E-20 5.060E-20 6.044E-20 7.377E-20 7.603E-20 6.762E-20 5.958E-20 6.149E-20 7.342E-20 7.975E-20
 7.647E-20 7.013E-20 6.775E-20 6.854E-20 6.746E-20 6.177E-20 5.801E-20 6.051E-20 6.867E-20 7.902E-20
 9.096E-20 1.027E-19 1.106E-19 1.087E-19 9.888E-20 8.964E-20 8.397E-20 8.239E-20 8.149E-20 7.881E-20
 7.396E-20 6.880E-20 6.147E-20 5.074E-20 4.447E-20 4.864E-20 6.028E-20 7.357E-20 8.405E-20 9.096E-20
 9.394E-20 9.592E-20 9.378E-20 9.016E-20 8.597E-20 8.465E-20 8.180E-20 7.574E-20 6.861E-20 6.349E-20
 5.789E-20 5.736E-20 6.449E-20 7.542E-20 8.155E-20 7.576E-20 5.888E-20 4.440E-20 4.082E-20 4.963E-20
 6.618E-20 8.181E-20 9.088E-20 9.161E-20 8.850E-20 8.239E-20 7.600E-20 7.297E-20 7.342E-20 7.662E-20
 7.452E-20 6.585E-20 5.678E-20 5.564E-20 6.170E-20 7.041E-20 7.922E-20 8.611E-20 8.641E-20 8.346E-20
 8.532E-20 9.352E-20 9.748E-20 9.389E-20 9.183E-20 9.620E-20 1.018E-19 9.888E-20 9.100E-20 8.615E-20
 8.418E-20 8.099E-20 7.890E-20 7.863E-20 7.887E-20 7.502E-20 6.543E-20 5.876E-20 5.870E-20 5.993E-20
 6.219E-20 6.574E-20 6.734E-20 6.145E-20 5.470E-20 5.217E-20 5.439E-20 5.105E-20 4.451E-20 4.722E-20
 6.036E-20 7.691E-20 8.767E-20 9.024E-20 8.546E-20 7.402E-20 6.375E-20 5.767E-20 5.736E-20 5.974E-20
 6.611E-20 7.448E-20 7.702E-20 7.502E-20 6.891E-20 6.653E-20 7.064E-20 8.301E-20 9.376E-20 1.015E-19
 9.844E-20 8.738E-20 7.509E-20 7.257E-20 8.041E-20 9.215E-20 1.007E-19 9.977E-20 9.360E-20 8.660E-20
 8.228E-20 7.678E-20 7.001E-20 6.269E-20 6.034E-20 6.308E-20 6.544E-20 5.928E-20 4.815E-20 3.796E-20
 2.977E-20 3.253E-20 4.644E-20 6.568E-20 7.926E-20 8.648E-20 8.597E-20 8.477E-20 8.137E-20 7.632E-20
 7.619E-20 7.862E-20 7.572E-20 6.827E-20 6.169E-20 6.254E-20 6.933E-20 7.728E-20 7.554E-20 7.155E-20
 7.062E-20 7.173E-20 6.809E-20 6.099E-20 5.987E-20 7.022E-20 8.916E-20 1.039E-19 1.019E-19 8.844E-20
 7.162E-20 6.579E-20 6.691E-20 7.334E-20 7.860E-20 7.868E-20 8.103E-20 8.440E-20 8.847E-20 8.189E-20
 6.341E-20 4.448E-20 3.730E-20 4.127E-20 4.903E-20 5.369E-20 5.560E-20 5.390E-20 4.489E-20 3.621E-20
 3.252E-20 4.069E-20 5.074E-20 5.747E-20 5.814E-20 5.899E-20 6.414E-20 7.040E-20 7.954E-20 8.866E-20
 9.334E-20 9.393E-20 9.224E-20 8.843E-20 8.645E-20 8.236E-20 7.443E-20 6.605E-20 6.160E-20 5.787E-20
 5.518E-20 5.539E-20 5.811E-20 6.402E-20 7.010E-20 7.473E-20 8.366E-20 9.638E-20 1.041E-19 1.084E-19
 1.085E-19 1.052E-19 9.165E-20 7.416E-20 6.449E-20 7.248E-20 9.487E-20 1.110E-19 1.171E-19 1.134E-19
 1.044E-19 8.455E-20 5.739E-20 3.413E-20 2.375E-20 2.317E-20 2.986E-20 4.135E-20 5.717E-20 7.439E-20
 8.621E-20 8.954E-20 8.442E-20 7.478E-20 6.368E-20 5.718E-20 5.610E-20 5.734E-20 6.426E-20 7.033E-20
 7.134E-20 6.475E-20 6.113E-20 6.049E-20 6.235E-20 5.947E-20 5.335E-20 5.383E-20 6.125E-20 6.602E-20
 6.103E-20 5.805E-20 6.650E-20 8.268E-20 8.639E-20 7.311E-20 5.682E-20 4.938E-20 5.107E-20 5.474E-20
 5.795E-20 6.359E-20 7.195E-20 7.949E-20 8.103E-20 7.577E-20 6.883E-20 6.320E-20 5.829E-20 5.589E-20
 6.082E-20 7.448E-20 9.012E-20 1.009E-19 9.682E-20 8.247E-20 7.036E-20 6.724E-20 6.884E-20 6.718E-20
 6.222E-20 5.408E-20 4.394E-20 3.517E-20 3.515E-20 4.145E-20 4.613E-20 4.766E-20 4.084E-20 3.891E-20
 4.346E-20 5.010E-20 5.966E-20 6.886E-20 7.175E-20 7.032E-20 6.395E-20 6.255E-20 6.965E-20 8.007E-20
 8.760E-20 8.772E-20 8.269E-20 8.003E-20 7.945E-20 7.520E-20 6.432E-20 5.402E-20 4.963E-20 5.683E-20
 7.038E-20 8.380E-20 9.563E-20 1.011E-19 9.711E-20 8.216E-20 6.596E-20 6.513E-20 8.517E-20 1.126E-19
 1.236E-19 1.121E-19 8.755E-20 7.129E-20 6.803E-20 6.975E-20 6.995E-20 6.788E-20 6.523E-20 6.282E-20
 5.377E-20 4.735E-20 5.130E-20 6.553E-20 7.702E-20 7.987E-20 7.655E-20 7.645E-20 7.690E-20 7.434E-20
 7.074E-20 6.977E-20 7.245E-20 7.669E-20 7.995E-20 8.016E-20 8.337E-20 8.903E-20 9.910E-20 1.066E-19
 1.034E-19 8.761E-20 7.077E-20 5.677E-20 5.304E-20 6.344E-20 8.616E-20 1.108E-19 1.212E-19 1.154E-19
 1.047E-19 1.016E-19 1.051E-19 1.031E-19 9.208E-20 8.090E-20 7.364E-20 6.718E-20 6.674E-20 6.882E-20
 7.460E-20 7.465E-20 6.303E-20 5.386E-20 5.408E-20 6.392E-20 7.382E-20 8.186E-20 8.454E-20 8.891E-20
 9.080E-20 9.651E-20 1.029E-19 1.077E-19 1.038E-19 9.387E-20 8.458E-20 8.379E-20 8.581E-20 8.792E-20
 9.034E-20 9.243E-20 9.118E-20 8.432E-20 7.662E-20 7.037E-20 6.640E-20 6.774E-20 6.848E-20 7.045E-20
 7.192E-20 7.642E-20 9.295E-20 1.114E-19 1.198E-19 1.091E-19 8.988E-20 7.536E-20 7.257E-20 7.856E-20
 8.435E-20 8.499E-20 8.087E-20 7.880E-20 7.917E-20 8.714E-20 9.940E-20 1.059E-19 1.066E-19 1.029E-19
 9.729E-20 9.131E-20 8.702E-20 8.364E-20 8.467E-20 8.177E-20 7.281E-20 6.846E-20 7.637E-20 9.678E-20
 1.134E-19 1.201E-19 1.141E-19 1.082E-19 1.008E-19 9.163E-20 7.874E-20 6.967E-20 6.599E-20 6.297E-20
 6.508E-20 7.137E-20 7.727E-20 8.274E-20 8.221E-20 8.346E-20 8.937E-20 9.863E-20 1.009E-19 9.809E-20
 9.334E-20 8.679E-20 7.766E-20 7.150E-20 7.204E-20 7.495E-20 6.991E-20 6.421E-20 6.121E-20 6.586E-20
 6.457E-20 5.530E-20 4.450E-20 3.986E-20 4.365E-20 5.646E-20 7.151E-20 8.485E-20 8.728E-20 7.488E-20
 6.080E-20 5.000E-20 4.295E-20 3.918E-20 4.118E-20 5.038E-20 6.147E-20 6.685E-20 6.948E-20 8.039E-20
 9.636E-20 1.005E-19 9.224E-20 8.928E-20 9.586E-20 1.040E-19 1.016E-19 8.840E-20 7.143E-20 6.140E-20
 5.860E-20 6.710E-20 8.315E-20 9.563E-20 1.018E-19 1.028E-19 1.041E-19 1.093E-19 1.106E-19 1.091E-19
 1.044E-19 9.948E-20 9.040E-20 8.363E-20 8.166E-20 8.669E-20 8.824E-20 8.520E-20 8.234E-20 8.236E-20
 8.596E-20 9.217E-20 9.333E-20 8.592E-20 7.356E-20 6.344E-20 6.386E-20 7.626E-20 9.267E-20 1.056E-19
 1.069E-19 9.544E-20 7.567E-20 5.918E-20 5.503E-20 5.925E-20 6.790E-20 8.022E-20 8.876E-20 8.935E-20
 8.017E-20 6.883E-20 6.751E-20 7.310E-20 7.657E-20 7.677E-20 7.287E-20 6.966E-20 6.721E-20 6.826E-20
 6.866E-20 7.222E-20 7.784E-20 8.047E-20 8.017E-20 7.972E-20 8.159E-20 8.114E-20 7.682E-20 6.770E-20
 5.691E-20 5.548E-20 7.066E-20 9.169E-20 1.042E-19 1.056E-19 1.024E-19 1.039E-19 1.049E-19 9.586E-20
 7.546E-20 6.286E-20 7.068E-20 8.666E-20 9.694E-20 9.313E-20 8.529E-20 7.955E-20 7.769E-20 7.800E-20
 8.140E-20 8.611E-20 8.702E-20 8.268E-20 7.732E-20 7.962E-20 8.831E-20 9.516E-20 9.323E-20 8.664E-20
 7.680E-20 6.775E-20 6.175E-20 6.063E-20 6.879E-20 8.558E-20 1.008E-19 1.138E-19 1.176E-19 1.172E-19
 1.152E-19 1.086E-19 9.784E-20 8.826E-20 8.004E-20 7.649E-20 7.890E-20 8.923E-20 9.780E-20 9.992E-20
 9.451E-20 8.308E-20 7.403E-20 7.208E-20 7.587E-20 8.130E-20 8.451E-20 8.689E-20 8.915E-20 9.414E-20
 1.005E-19 1.086E-19 1.165E-19 1.235E-19 1.233E-19 1.124E-19 9.636E-20 8.829E-20 9.221E-20 9.996E-20
 1.064E-19 1.034E-19 9.530E-20 9.416E-20 9.871E-20 1.041E-19 1.028E-19 9.297E-20 8.521E-20 8.130E-20
 8.590E-20 9.282E-20 9.814E-20 1.020E-19 1.078E-19 1.113E-19 1.148E-19 1.188E-19 1.209E-19 1.219E-19
 1.241E-19 1.215E-19 1.158E-19 1.105E-19 1.096E-19 1.106E-19 1.063E-19 9.318E-20 8.210E-20 7.933E-20
 8.124E-20 8.897E-20 9.717E-20 1.048E-19 1.094E-19 1.099E-19 1.075E-19 1.044E-19 1.013E-19 1.004E-19
 1.036E-19 1.120E-19 1.200E-19 1.233E-19 1.227E-19 1.163E-19 1.077E-19 9.793E-20 9.361E-20 8.651E-20
 7.427E-20 6.204E-20 6.108E-20 7.372E-20 8.528E-20 8.506E-20 7.519E-20 7.013E-20 7.264E-20 8.020E-20
 8.955E-20 9.363E-20 9.220E-20 8.791E-20 8.273E-20 8.471E-20 9.151E-20 1.000E-19 1.095E-19 1.142E-19
 1.124E-19 1.049E-19 9.799E-20 9.326E-20 9.414E-20 9.514E-20 9.581E-20 9.558E-20 9.561E-20 9.537E-20
 9.946E-20 1.065E-19 1.119E-19 1.126E-19 1.092E-19 1.055E-19 1.069E-19 1.094E-19 1.069E-19 1.016E-19
 8.688E-20 7.481E-20 7.311E-20 8.090E-20 9.317E-20 1.079E-19 1.115E-19 1.092E-19 1.040E-19 9.987E-20
 9.930E-20 9.589E-20 8.702E-20 7.730E-20 7.180E-20 7.383E-20 8.243E-20 8.993E-20 8.813E-20 7.965E-20
 7.775E-20 8.888E-20 1.045E-19 1.110E-19 1.042E-19 9.088E-20 7.967E-20 7.381E-20 7.734E-20 8.655E-20
 9.504E-20 9.518E-20 8.956E-20 8.468E-20 7.993E-20 7.754E-20 8.138E-20 9.126E-20 1.047E-19 1.109E-19
 1.066E-19 9.885E-20 9.238E-20 8.930E-20 8.604E-20 8.708E-20 8.949E-20 8.836E-20 8.778E-20 8.858E-20
 9.500E-20 9.891E-20 9.459E-20 8.975E-20 8.877E-20 9.270E-20 9.597E-20 9.085E-20 8.074E-20 7.493E-20
 8.079E-20 9.081E-20 1.038E-19 1.152E-19 1.183E-19 1.132E-19 1.070E-19 1.069E-19 1.113E-19 1.126E-19
 1.109E-19 1.087E-19 1.095E-19 1.102E-19 1.063E-19 1.014E-19 1.063E-19 1.138E-19 1.151E-19 1.109E-19
 1.082E-19 1.083E-19 1.048E-19 9.582E-20 9.185E-20 9.491E-20 9.851E-20 9.471E-20 8.421E-20 7.779E-20
 7.751E-20 7.986E-20 8.513E-20 9.549E-20 1.064E-19 1.099E-19 1.070E-19 1.028E-19 1.045E-19 1.037E-19
 9.587E-20 8.728E-20 8.097E-20 8.265E-20 9.135E-20 1.016E-19 1.118E-19 1.204E-19 1.246E-19 1.295E-19
 1.326E-19 1.352E-19 1.395E-19 1.472E-19 1.527E-19 1.475E-19 1.323E-19 1.109E-19 9.649E-20 9.339E-20
 9.978E-20 1.109E-19 1.183E-19 1.214E-19 1.246E-19 1.290E-19 1.329E-19 1.253E-19 1.103E-19 9.933E-20
 9.806E-20 1.025E-19 1.048E-19 1.072E-19 1.117E-19 1.227E-19 1.303E-19 1.309E-19 1.241E-19 1.155E-19
 1.062E-19 1.076E-19 1.180E-19 1.278E-19 1.291E-19 1.257E-19 1.280E-19 1.401E-19 1.492E-19 1.494E-19
 1.412E-19 1.327E-19 1.259E-19 1.198E-19 1.153E-19 1.211E-19 1.311E-19 1.417E-19 1.454E-19 1.429E-19
 1.395E-19 1.330E-19 1.191E-19 1.036E-19 9.392E-20 9.437E-20 9.417E-20 9.325E-20 9.120E-20 8.432E-20
 7.456E-20 6.952E-20 7.207E-20 8.676E-20 1.021E-19 1.024E-19 9.380E-20 8.976E-20 9.087E-20 9.544E-20
 1.012E-19 1.093E-19 1.201E-19 1.287E-19 1.344E-19 1.360E-19 1.396E-19 1.423E-19 1.427E-19 1.392E-19
 1.356E-19 1.351E-19 1.369E-19 1.357E-19 1.275E-19 1.154E-19 1.083E-19 1.114E-19 1.173E-19 1.252E-19
 1.270E-19 1.291E-19 1.329E-19 1.320E-19 1.240E-19 1.120E-19 1.039E-19 1.031E-19 1.086E-19 1.183E-19
 1.231E-19 1.232E-19 1.190E-19 1.160E-19 1.153E-19 1.136E-19 1.116E-19 1.108E-19 1.151E-19 1.178E-19
 1.166E-19 1.133E-19 1.088E-19 1.057E-19 1.091E-19 1.188E-19 1.269E-19 1.273E-19 1.239E-19 1.254E-19
 1.298E-19 1.308E-19 1.260E-19 1.249E-19 1.349E-19 1.451E-19 1.453E-19 1.338E-19 1.166E-19 1.046E-19
 9.530E-20 8.894E-20 8.303E-20 8.354E-20 9.121E-20 1.005E-19 1.087E-19 1.142E-19 1.141E-19 1.136E-19
 1.183E-19 1.253E-19 1.312E-19 1.321E-19 1.314E-19 1.297E-19 1.283E-19 1.304E-19 1.354E-19 1.459E-19
 1.597E-19 1.670E-19 1.635E-19 1.540E-19 1.441E-19 1.361E-19 1.283E-19 1.203E-19 1.167E-19 1.212E-19
 1.220E-19 1.138E-19 1.044E-19 1.004E-19 1.062E-19 1.169E-19 1.257E-19 1.288E-19 1.260E-19 1.264E-19
 1.319E-19 1.404E-19 1.406E-19 1.322E-19 1.237E-19 1.254E-19 1.339E-19 1.343E-19 1.278E-19 1.185E-19
 1.179E-19 1.268E-19 1.403E-19 1.475E-19 1.421E-19 1.257E-19 1.094E-19 1.036E-19 1.112E-19 1.260E-19
 1.354E-19 1.353E-19 1.315E-19 1.295E-19 1.359E-19 1.445E-19 1.463E-19 1.381E-19 1.301E-19 1.267E-19
 1.272E-19 1.284E-19 1.310E-19 1.334E-19 1.323E-19 1.263E-19 1.173E-19 1.139E-19 1.132E-19 1.115E-19
 1.092E-19 1.074E-19 1.052E-19 1.050E-19 1.071E-19 1.123E-19 1.167E-19 1.193E-19 1.150E-19 1.065E-19
 1.011E-19 1.069E-19 1.188E-19 1.298E-19 1.294E-19 1.280E-19 1.306E-19 1.345E-19 1.345E-19 1.276E-19
 1.215E-19 1.200E-19 1.232E-19 1.248E-19 1.240E-19 1.248E-19 1.259E-19 1.223E-19 1.172E-19 1.234E-19
 1.410E-19 1.607E-19 1.637E-19 1.501E-19 1.323E-19 1.190E-19 1.101E-19 1.068E-19 1.095E-19 1.186E-19
 1.297E-19 1.334E-19 1.272E-19 1.164E-19 1.028E-19 9.362E-20 8.943E-20 8.990E-20 9.507E-20 1.032E-19
 1.105E-19 1.088E-19 9.505E-20 7.467E-20 6.371E-20 6.884E-20 8.282E-20 9.793E-20 1.000E-19 9.047E-20
 8.016E-20 8.001E-20 8.632E-20 9.168E-20 9.326E-20 9.033E-20 8.844E-20 8.354E-20 7.708E-20 7.534E-20
 7.565E-20 7.853E-20 7.751E-20 7.795E-20 7.758E-20 7.526E-20 7.539E-20 8.358E-20 9.427E-20 9.269E-20
 7.590E-20 6.131E-20 6.550E-20 8.347E-20 9.941E-20 1.058E-19 1.021E-19 9.370E-20 8.254E-20 7.581E-20
 8.016E-20 8.894E-20 9.034E-20 8.508E-20 8.486E-20 9.017E-20 9.085E-20 8.688E-20 8.573E-20 9.161E-20
 9.929E-20 9.806E-20 8.956E-20 8.038E-20 7.356E-20 7.178E-20 7.228E-20 7.360E-20 7.212E-20 7.191E-20
 7.669E-20 8.651E-20 9.236E-20 9.034E-20 8.337E-20 7.327E-20 6.511E-20 5.926E-20 5.611E-20 5.934E-20
 7.125E-20 8.257E-20 8.989E-20 9.355E-20 9.515E-20 9.744E-20 9.536E-20 8.785E-20 7.568E-20 6.608E-20
 6.307E-20 6.439E-20 6.603E-20 6.784E-20 7.042E-20 7.681E-20 8.620E-20 8.957E-20 8.515E-20 7.598E-20
 7.118E-20 7.416E-20 7.998E-20 7.976E-20 7.333E-20 6.418E-20 6.049E-20 6.372E-20 7.109E-20 7.562E-20
 7.503E-20 7.356E-20 7.323E-20 7.575E-20 7.606E-20 7.132E-20 6.507E-20 5.820E-20 5.247E-20 5.221E-20
 5.558E-20 6.101E-20 6.843E-20 7.603E-20 9.006E-20 1.025E-19 1.094E-19 1.049E-19 9.436E-20 8.296E-20
 7.540E-20 7.423E-20 7.211E-20 6.921E-20 6.939E-20 8.040E-20 9.621E-20 1.093E-19 1.122E-19 1.100E-19
 1.078E-19 1.045E-19 9.574E-20 8.808E-20 8.811E-20 9.369E-20 9.724E-20 9.300E-20 8.497E-20 7.752E-20
 7.565E-20 8.069E-20 8.788E-20 9.219E-20 9.194E-20 8.324E-20 6.643E-20 4.901E-20 3.874E-20 4.102E-20
 5.097E-20 5.913E-20 6.499E-20 7.162E-20 7.711E-20 7.624E-20 7.502E-20 7.755E-20 8.089E-20 8.239E-20
 8.161E-20 8.115E-20 8.305E-20 8.364E-20 7.802E-20 7.123E-20 6.512E-20 6.083E-20 5.931E-20 5.965E-20
 6.439E-20 7.059E-20 7.222E-20 6.967E-20 6.930E-20 7.080E-20 7.249E-20 7.405E-20 7.518E-20 7.872E-20
 8.105E-20 8.187E-20 8.135E-20 7.567E-20 6.408E-20 5.631E-20 5.464E-20 5.979E-20 6.383E-20 6.293E-20
 6.375E-20 6.993E-20 7.609E-20 7.413E-20 6.586E-20 6.079E-20 6.403E-20 7.351E-20 8.316E-20 8.867E-20
 8.591E-20 7.420E-20 6.264E-20 6.358E-20 7.680E-20 9.258E-20 1.029E-19 1.078E-19 1.065E-19 1.012E-19
 9.509E-20 9.102E-20 8.309E-20 7.396E-20 7.167E-20 8.305E-20 9.786E-20 1.041E-19 9.837E-20 8.805E-20
 8.149E-20 7.929E-20 8.078E-20 8.702E-20 9.370E-20 9.578E-20 9.467E-20 9.429E-20 9.621E-20 9.726E-20
 9.556E-20 9.168E-20 8.648E-20 7.883E-20 7.341E-20 7.335E-20 7.642E-20 8.160E-20 8.274E-20 7.958E-20
 7.251E-20 6.598E-20 6.562E-20 7.266E-20 7.964E-20 7.955E-20 7.375E-20 6.955E-20 7.034E-20 7.529E-20
 8.188E-20 8.432E-20 8.060E-20 7.677E-20 7.850E-20 8.607E-20 9.418E-20 9.507E-20 9.204E-20 8.755E-20
 8.119E-20 7.472E-20 7.267E-20 7.583E-20 7.920E-20 7.529E-20 6.627E-20 5.931E-20 5.874E-20 6.567E-20
 7.147E-20 6.888E-20 5.575E-20 4.525E-20 5.085E-20 7.010E-20 8.640E-20 9.187E-20 8.620E-20 7.761E-20
 7.295E-20 7.163E-20 7.375E-20 7.498E-20 7.336E-20 7.111E-20 7.030E-20 7.227E-20 7.400E-20 6.984E-20
 6.537E-20 6.265E-20 6.305E-20 6.274E-20 6.307E-20 6.345E-20 6.746E-20 7.383E-20 8.068E-20 8.205E-20
 7.791E-20 7.471E-20 7.774E-20 8.496E-20 8.835E-20 8.663E-20 8.719E-20 8.995E-20 9.021E-20 8.437E-20
 7.209E-20 6.125E-20 5.439E-20 5.174E-20 5.302E-20 5.769E-20 6.275E-20 6.658E-20 6.808E-20 6.504E-20
 6.253E-20 6.298E-20 6.845E-20 7.541E-20 7.875E-20 8.006E-20 8.151E-20 7.917E-20 6.948E-20 5.719E-20
 5.221E-20 5.806E-20 6.658E-20 6.818E-20 6.968E-20 7.768E-20 8.879E-20 9.453E-20 9.261E-20 9.069E-20
 9.224E-20 9.556E-20 9.585E-20 9.665E-20 9.794E-20 9.348E-20 8.611E-20 8.295E-20 8.129E-20 7.631E-20
 6.871E-20 6.307E-20 6.271E-20 6.493E-20 6.268E-20 5.863E-20 5.592E-20 5.691E-20 5.874E-20 6.124E-20
 6.111E-20 5.995E-20 6.207E-20 7.360E-20 8.838E-20 9.792E-20 9.497E-20 8.035E-20 6.152E-20 4.870E-20
 4.752E-20 5.880E-20 7.363E-20 7.530E-20 6.075E-20 4.496E-20 3.959E-20 4.513E-20 5.478E-20 6.624E-20
 7.953E-20 9.086E-20 9.273E-20 8.836E-20 8.667E-20 9.102E-20 9.234E-20 8.837E-20 8.318E-20 7.929E-20
 7.504E-20 7.133E-20 6.520E-20 6.272E-20 6.928E-20 8.453E-20 1.036E-19 1.144E-19 1.087E-19 9.418E-20
 8.699E-20 9.191E-20 9.980E-20 1.029E-19 9.628E-20 8.586E-20 7.303E-20 6.576E-20 6.720E-20 7.442E-20
 7.934E-20 8.403E-20 8.889E-20 8.853E-20 8.344E-20 7.816E-20 7.991E-20 8.473E-20 8.413E-20 7.479E-20
 6.207E-20 5.193E-20 4.716E-20 4.991E-20 6.505E-20 8.557E-20 9.872E-20 1.046E-19 1.072E-19 1.066E-19
 9.861E-20 8.415E-20 7.092E-20 6.893E-20 7.817E-20 8.608E-20 8.752E-20 8.028E-20 7.370E-20 7.260E-20
 7.716E-20 8.295E-20 8.316E-20 7.791E-20 7.810E-20 8.267E-20 8.639E-20 8.643E-20 8.534E-20 8.562E-20
 8.627E-20 8.323E-20 8.038E-20 8.030E-20 7.841E-20 7.333E-20 6.983E-20 7.155E-20 7.484E-20 7.381E-20
 6.353E-20 4.898E-20 4.357E-20 5.053E-20 6.500E-20 7.707E-20 8.090E-20 7.513E-20 6.836E-20 6.575E-20
 6.759E-20 7.373E-20 7.506E-20 7.012E-20 6.035E-20 5.264E-20 5.292E-20 6.096E-20 6.849E-20 7.232E-20
 7.219E-20 6.915E-20 6.654E-20 6.700E-20 7.027E-20 7.209E-20 6.986E-20 6.128E-20 5.321E-20 4.989E-20
 4.966E-20 5.137E-20 5.072E-20 5.028E-20 5.241E-20 5.579E-20 5.658E-20 5.447E-20 5.342E-20 5.773E-20
 6.793E-20 7.756E-20 8.141E-20 7.942E-20 7.633E-20 7.634E-20 7.770E-20 7.560E-20 7.019E-20 6.652E-20
 7.073E-20 7.309E-20 7.084E-20 6.433E-20 6.410E-20 7.098E-20 7.571E-20 7.189E-20 6.460E-20 6.389E-20
 7.155E-20 7.759E-20 7.626E-20 6.957E-20 6.581E-20 6.898E-20 7.712E-20 8.444E-20 8.730E-20 8.638E-20
 8.344E-20 7.927E-20 7.385E-20 7.372E-20 7.844E-20 8.333E-20 8.519E-20 8.421E-20 8.420E-20 8.474E-20
 8.075E-20 7.633E-20 7.591E-20 7.810E-20 7.981E-20 7.933E-20 7.664E-20 7.295E-20 7.160E-20 6.961E-20
 6.322E-20 5.564E-20 4.886E-20 4.973E-20 5.840E-20 6.868E-20 7.570E-20 7.807E-20 8.085E-20 8.388E-20
 8.603E-20 8.360E-20 7.554E-20 6.299E-20 5.312E-20 4.831E-20 4.736E-20 4.680E-20 4.551E-20 4.560E-20
 4.937E-20 5.621E-20 6.464E-20 6.923E-20 7.091E-20 7.046E-20 6.931E-20 6.718E-20 6.507E-20 6.335E-20
 6.333E-20 6.377E-20 6.426E-20 6.335E-20 6.123E-20 6.145E-20 6.450E-20 6.933E-20 7.221E-20 7.208E-20
 6.840E-20 6.849E-20 7.433E-20 8.422E-20 9.095E-20 8.820E-20 7.933E-20 6.732E-20 5.888E-20 5.880E-20
 6.213E-20 6.843E-20 7.783E-20 9.221E-20 1.016E-19 9.897E-20 8.357E-20 7.099E-20 7.164E-20 8.237E-20
 9.070E-20 9.037E-20 8.398E-20 7.379E-20 6.200E-20 5.513E-20 5.680E-20 6.337E-20 6.655E-20 6.564E-20
 6.714E-20 6.873E-20 6.777E-20 6.256E-20 5.745E-20 5.522E-20 5.198E-20 4.786E-20 5.032E-20 6.328E-20
 7.254E-20 6.995E-20 6.000E-20 5.579E-20 6.401E-20 7.532E-20 7.937E-20 8.019E-20 8.026E-20 7.745E-20
 7.143E-20 6.407E-20 6.081E-20 6.345E-20 6.851E-20 7.029E-20 6.774E-20 6.564E-20 6.548E-20 6.806E-20
 7.167E-20 7.330E-20 7.426E-20 7.283E-20 6.923E-20 6.554E-20 7.130E-20 8.320E-20 9.358E-20 9.652E-20
 8.630E-20 7.146E-20 6.087E-20 6.052E-20 6.394E-20 6.270E-20 5.629E-20 4.796E-20 4.629E-20 5.150E-20
 5.755E-20 6.003E-20 6.207E-20 6.631E-20 7.177E-20 7.407E-20 7.219E-20 6.244E-20 4.864E-20 3.733E-20
 3.245E-20 3.832E-20 5.263E-20 6.644E-20 7.742E-20 8.411E-20 8.608E-20 8.668E-20 8.663E-20 8.650E-20
 8.493E-20 8.334E-20 8.124E-20 7.880E-20 7.419E-20 6.785E-20 5.878E-20 5.013E-20 4.514E-20 4.365E-20
 4.607E-20 5.098E-20 5.538E-20 5.968E-20 6.377E-20 6.199E-20 5.422E-20 4.886E-20 5.209E-20 6.112E-20
 6.272E-20 5.476E-20 4.275E-20 3.966E-20 4.602E-20 5.587E-20 6.649E-20 7.825E-20 8.720E-20 8.888E-20
 8.600E-20 8.173E-20 7.843E-20 7.628E-20 7.589E-20 7.720E-20 8.122E-20 8.793E-20 9.480E-20 1.032E-19
 1.050E-19 9.492E-20 7.739E-20 6.633E-20 6.814E-20 7.396E-20 7.244E-20 6.980E-20 7.139E-20 7.640E-20
 8.100E-20 7.999E-20 7.573E-20 7.237E-20 6.903E-20 6.184E-20 4.983E-20 4.391E-20 5.053E-20 6.618E-20
 7.787E-20 7.940E-20 7.174E-20 6.373E-20 6.172E-20 6.695E-20 7.145E-20 7.087E-20 6.581E-20 6.031E-20
 5.978E-20 6.201E-20 6.170E-20 6.304E-20 6.678E-20 6.887E-20 6.723E-20 6.491E-20 6.914E-20 7.982E-20
 8.684E-20 8.493E-20 8.033E-20 8.036E-20 8.381E-20 8.456E-20 8.481E-20 8.527E-20 8.654E-20 8.505E-20
 8.381E-20 8.455E-20 8.547E-20 8.392E-20 7.900E-20 7.498E-20 7.343E-20 6.870E-20 5.984E-20 5.342E-20
 5.260E-20 5.724E-20 6.291E-20 6.539E-20 6.237E-20 5.969E-20 6.060E-20 6.968E-20 8.162E-20 9.082E-20
 9.881E-20 1.042E-19 1.054E-19 1.015E-19 9.994E-20 1.054E-19 1.087E-19 1.013E-19 8.623E-20 7.280E-20
 6.911E-20 7.252E-20 7.349E-20 7.088E-20 6.715E-20 6.540E-20 6.800E-20 7.444E-20 7.879E-20 8.313E-20
 8.915E-20 9.331E-20 8.910E-20 7.624E-20 6.510E-20 6.333E-20 7.043E-20 7.801E-20 8.119E-20 7.950E-20
 7.469E-20 7.014E-20 6.616E-20 6.185E-20 5.930E-20 5.878E-20 6.406E-20 7.031E-20 7.355E-20 7.198E-20
 6.776E-20 6.593E-20 6.689E-20 6.866E-20 7.113E-20 7.480E-20 7.832E-20 8.115E-20 8.009E-20 7.787E-20
 7.716E-20 7.919E-20 8.146E-20 8.399E-20 8.791E-20 9.328E-20 9.966E-20 1.046E-19 1.061E-19 1.037E-19
 9.996E-20 9.241E-20 8.224E-20 7.263E-20 6.928E-20 6.749E-20 6.347E-20 5.707E-20 5.265E-20 5.311E-20
 5.695E-20 6.208E-20 6.662E-20 6.964E-20 6.897E-20 6.386E-20 5.711E-20 5.114E-20 4.476E-20 4.453E-20
 4.867E-20 5.943E-20 7.226E-20 8.189E-20 8.318E-20 7.929E-20 7.476E-20 7.476E-20 8.019E-20 8.678E-20
 8.994E-20 8.966E-20 8.911E-20 8.552E-20 8.045E-20 7.639E-20 7.474E-20 7.022E-20 6.139E-20 5.234E-20
 4.886E-20 5.357E-20 6.244E-20 7.063E-20 7.862E-20 8.168E-20 7.919E-20 7.118E-20 6.417E-20 6.321E-20
 6.648E-20 7.093E-20 7.798E-20 8.691E-20 9.511E-20 9.654E-20 8.743E-20 7.343E-20 6.018E-20 5.438E-20
 5.491E-20 6.268E-20 7.260E-20 7.723E-20 7.438E-20 6.995E-20 6.919E-20 7.175E-20 7.345E-20 7.248E-20
 7.358E-20 7.966E-20 8.593E-20 8.776E-20 7.975E-20 6.833E-20 6.239E-20 6.403E-20 7.041E-20 7.880E-20
 8.742E-20 9.051E-20 8.596E-20 7.502E-20 6.299E-20 5.600E-20 5.877E-20 6.496E-20 6.766E-20 6.973E-20
 7.431E-20 7.951E-20 8.407E-20 8.343E-20 7.648E-20 6.922E-20 6.675E-20 7.259E-20 8.384E-20 8.982E-20
 8.562E-20 7.480E-20 6.750E-20 7.047E-20 7.749E-20 8.289E-20 8.244E-20 7.610E-20 6.748E-20 6.036E-20
 5.672E-20 5.691E-20 5.848E-20 6.239E-20 6.970E-20 7.777E-20 8.114E-20 7.743E-20 6.940E-20 6.520E-20
 6.717E-20 7.306E-20 7.697E-20 7.105E-20 5.717E-20 4.289E-20 3.763E-20 4.434E-20 5.395E-20 6.221E-20
 6.824E-20 7.193E-20 7.391E-20 7.608E-20 7.719E-20 7.630E-20 7.382E-20 7.064E-20 6.927E-20 6.810E-20
 6.877E-20 7.003E-20 6.878E-20 6.545E-20 6.350E-20 6.240E-20 5.990E-20 5.512E-20 5.233E-20 5.378E-20
 6.158E-20 7.156E-20 7.935E-20 8.437E-20 8.650E-20 8.484E-20 8.281E-20 8.053E-20 7.702E-20 7.376E-20
 7.096E-20 7.268E-20 7.538E-20 7.533E-20 7.104E-20 6.427E-20 6.219E-20 6.534E-20 6.887E-20 6.502E-20
 6.013E-20 6.217E-20 7.369E-20 8.769E-20 9.260E-20 8.892E-20 8.481E-20 8.414E-20 8.316E-20 7.859E-20
 7.175E-20 6.783E-20 7.000E-20 7.691E-20 8.347E-20 7.905E-20 6.429E-20 4.888E-20 4.176E-20 4.619E-20
 5.704E-20 6.857E-20 7.610E-20 7.826E-20 7.422E-20 6.871E-20 6.621E-20 6.603E-20 6.853E-20 7.071E-20
 6.854E-20 6.281E-20 5.625E-20 5.513E-20 6.438E-20 7.635E-20 7.916E-20 7.470E-20 6.914E-20 6.504E-20
 6.498E-20 6.977E-20 7.739E-20 8.232E-20 7.998E-20 7.370E-20 6.754E-20 6.683E-20 6.923E-20 7.545E-20
 8.147E-20 8.100E-20 7.087E-20 5.702E-20 4.684E-20 4.211E-20 3.843E-20 3.838E-20 4.243E-20 4.798E-20
 5.139E-20 5.860E-20 7.172E-20 8.611E-20 9.089E-20 8.609E-20 7.675E-20 7.004E-20 6.742E-20 6.653E-20
 6.760E-20 6.634E-20 5.714E-20 4.832E-20 5.016E-20 5.791E-20 6.213E-20 5.852E-20 5.596E-20 6.030E-20
 6.400E-20 6.135E-20 5.442E-20 5.016E-20 5.204E-20 5.853E-20 6.744E-20 7.655E-20 8.070E-20 7.856E-20
 7.189E-20 6.443E-20 5.979E-20 5.914E-20 5.497E-20 4.989E-20 4.663E-20 4.697E-20 4.734E-20 4.453E-20
 4.051E-20 4.170E-20 4.815E-20 5.335E-20 5.399E-20 5.363E-20 5.391E-20 5.489E-20 5.294E-20 4.642E-20
 3.648E-20 2.722E-20 2.487E-20 3.329E-20 4.776E-20 5.837E-20 6.281E-20 6.414E-20 6.337E-20 6.147E-20
 5.979E-20 5.926E-20 6.128E-20 6.193E-20 5.978E-20 5.879E-20 5.865E-20 5.722E-20 5.470E-20 5.448E-20
 5.858E-20 6.380E-20 6.567E-20 6.361E-20 6.022E-20 5.946E-20 6.152E-20 6.617E-20 7.296E-20 8.340E-20
 9.266E-20 9.661E-20 9.267E-20 8.171E-20 6.951E-20 6.294E-20 6.170E-20 6.185E-20 6.109E-20 5.685E-20
 4.711E-20 3.599E-20 2.874E-20 2.538E-20 2.738E-20 3.259E-20 3.722E-20 3.710E-20 3.171E-20 2.571E-20
 2.559E-20 3.287E-20 4.232E-20 4.985E-20 5.348E-20 5.184E-20 4.334E-20 3.009E-20 2.029E-20 1.970E-20
 2.496E-20 2.855E-20 3.020E-20 3.465E-20 3.984E-20 4.249E-20 3.832E-20 3.307E-20 3.255E-20 3.946E-20
 5.163E-20 6.442E-20 7.243E-20 7.275E-20 6.864E-20 6.535E-20 6.510E-20 6.766E-20 7.017E-20 6.729E-20
 6.035E-20 5.353E-20 5.012E-20 5.046E-20 5.453E-20 6.202E-20 6.960E-20 7.218E-20 7.280E-20 7.533E-20
 8.012E-20 8.454E-20 8.198E-20 7.720E-20 7.293E-20 6.769E-20 6.008E-20 5.400E-20 5.255E-20 5.724E-20
 5.935E-20 5.514E-20 4.991E-20 4.574E-20 4.531E-20 4.773E-20 5.211E-20 5.899E-20 6.428E-20 6.577E-20
 6.409E-20 6.211E-20 5.722E-20 4.988E-20 4.139E-20 3.390E-20 2.532E-20 1.801E-20 1.191E-20 1.189E-20
 1.948E-20 2.908E-20 3.448E-20 3.562E-20 3.658E-20 3.754E-20 3.789E-20 3.892E-20 4.485E-20 5.562E-20
 6.540E-20 6.773E-20 6.355E-20 6.061E-20 5.977E-20 5.885E-20 5.585E-20 4.937E-20 4.343E-20 4.118E-20
 4.455E-20 4.950E-20 5.015E-20 4.597E-20 4.393E-20 4.490E-20 4.648E-20 4.725E-20 4.879E-20 5.439E-20
 6.242E-20 6.929E-20 7.293E-20 7.253E-20 7.000E-20 6.677E-20 6.202E-20 5.634E-20 5.039E-20 4.501E-20
 4.453E-20 4.493E-20 4.499E-20 4.519E-20 5.058E-20 6.102E-20 6.621E-20 6.755E-20 6.739E-20 7.139E-20
 7.991E-20 8.594E-20 8.677E-20 8.262E-20 7.291E-20 6.277E-20 5.911E-20 5.887E-20 5.606E-20 5.208E-20
 4.941E-20 4.928E-20 4.945E-20 4.812E-20 4.584E-20 4.614E-20 4.794E-20 5.376E-20 6.548E-20 7.369E-20
 6.934E-20 5.371E-20 3.706E-20 2.660E-20 2.579E-20 2.741E-20 2.615E-20 2.367E-20 2.241E-20 2.339E-20
 2.719E-20 3.153E-20 3.526E-20 3.956E-20 4.402E-20 4.525E-20 4.460E-20 4.630E-20 5.380E-20 6.208E-20
 6.376E-20 6.044E-20 5.747E-20 5.589E-20 5.129E-20 4.105E-20 3.119E-20 2.776E-20 2.857E-20 3.002E-20
 3.341E-20 3.751E-20 3.883E-20 3.766E-20 3.632E-20 3.918E-20 4.467E-20 4.735E-20 4.679E-20 4.498E-20
 4.669E-20 5.225E-20 5.772E-20 5.661E-20 4.984E-20 3.902E-20 2.997E-20 2.437E-20 2.172E-20 2.250E-20
 2.610E-20 3.046E-20 3.612E-20 4.523E-20 5.568E-20 6.209E-20 6.111E-20 5.510E-20 5.130E-20 4.814E-20
 4.634E-20 4.832E-20 5.272E-20 5.514E-20 4.932E-20 3.809E-20 3.016E-20 2.772E-20 2.774E-20 2.727E-20
 2.987E-20 3.715E-20 4.277E-20 4.024E-20 3.213E-20 2.786E-20 2.989E-20 3.446E-20 3.283E-20 2.223E-20
 1.008E-20 5.675E-21 7.774E-21 1.368E-20 1.988E-20 2.731E-20 3.883E-20 4.990E-20 5.584E-20 5.705E-20
 5.669E-20 5.916E-20 6.256E-20 6.711E-20 7.302E-20 7.966E-20 8.511E-20 8.455E-20 7.568E-20 6.246E-20
 5.689E-20 6.114E-20 6.805E-20 6.958E-20 6.317E-20 5.272E-20 4.273E-20 3.414E-20 3.012E-20 3.241E-20
 4.296E-20 5.333E-20 5.696E-20 5.680E-20 5.713E-20 5.893E-20 6.027E-20 6.035E-20 5.964E-20 6.339E-20
 6.798E-20 6.543E-20 5.442E-20 4.024E-20 3.103E-20 2.672E-20 2.448E-20 2.570E-20 3.113E-20 4.097E-20
 5.362E-20 6.431E-20 7.003E-20 7.067E-20 6.857E-20 6.595E-20 6.280E-20 5.675E-20 4.944E-20 4.669E-20
 4.987E-20 5.483E-20 5.555E-20 4.834E-20 3.818E-20 3.146E-20 2.976E-20 3.322E-20 3.883E-20 4.233E-20
 4.352E-20 4.171E-20 3.827E-20 3.877E-20 4.573E-20 5.610E-20 6.369E-20 6.108E-20 5.096E-20 4.113E-20
 3.435E-20 2.975E-20 2.766E-20 2.805E-20 3.006E-20 2.794E-20 2.250E-20 1.851E-20 1.824E-20 2.019E-20
 2.410E-20 3.097E-20 3.912E-20 4.476E-20 4.557E-20 4.511E-20 4.671E-20 4.884E-20 4.839E-20 4.527E-20
 4.251E-20 4.104E-20 3.987E-20 3.900E-20 3.965E-20 4.028E-20 4.012E-20 3.961E-20 3.921E-20 3.936E-20
 4.018E-20 3.991E-20 3.679E-20 3.261E-20 3.136E-20 3.360E-20 3.651E-20 3.626E-20 3.531E-20 3.619E-20
 4.084E-20 4.754E-20 4.966E-20 4.449E-20 3.662E-20 3.264E-20 3.582E-20 4.433E-20 5.425E-20 6.244E-20
 6.672E-20 6.450E-20 5.975E-20 5.729E-20 5.892E-20 5.935E-20 5.282E-20 4.171E-20 3.374E-20 3.050E-20
 2.942E-20 2.903E-20 3.080E-20 3.494E-20 3.985E-20 4.298E-20 4.645E-20 5.177E-20 5.785E-20 5.894E-20
 5.488E-20 5.291E-20 5.687E-20 6.087E-20 5.608E-20 4.085E-20 2.536E-20 1.695E-20 1.852E-20 2.675E-20
 3.598E-20 4.150E-20 4.110E-20 3.528E-20 3.011E-20 2.971E-20 3.194E-20 3.396E-20 3.621E-20 4.291E-20
 5.111E-20 5.636E-20 5.603E-20 5.288E-20 5.042E-20 4.961E-20 4.773E-20 4.448E-20 3.717E-20 2.732E-20
 1.929E-20 1.632E-20 2.104E-20 2.792E-20 3.055E-20 2.844E-20 2.609E-20 2.665E-20 2.739E-20 2.508E-20
 1.884E-20 1.191E-20 8.639E-21 9.966E-21 1.474E-20 2.622E-20 4.154E-20 5.077E-20 4.583E-20 3.343E-20
 2.682E-20 2.866E-20 3.324E-20 3.377E-20 2.997E-20 2.940E-20 3.528E-20 4.530E-20 5.684E-20 6.675E-20
 6.827E-20 5.948E-20 4.378E-20 3.100E-20 2.585E-20 2.501E-20 2.292E-20 1.986E-20 1.648E-20 1.281E-20
 1.392E-20 2.204E-20 3.376E-20 4.324E-20 4.646E-20 4.513E-20 4.439E-20 4.507E-20 4.485E-20 4.440E-20
 4.496E-20 4.763E-20 5.035E-20 4.800E-20 4.186E-20 3.643E-20 3.550E-20 3.551E-20 3.231E-20 2.522E-20
 1.699E-20 1.278E-20 1.760E-20 2.988E-20 4.118E-20 4.516E-20 4.115E-20 3.432E-20 3.126E-20 3.255E-20
 3.422E-20 3.508E-20 3.580E-20 3.626E-20 3.705E-20 3.416E-20 2.746E-20 2.146E-20 2.080E-20 2.403E-20
 2.453E-20 2.198E-20 2.251E-20 3.111E-20 4.114E-20 4.634E-20 4.507E-20 4.114E-20 3.697E-20 3.157E-20
 2.668E-20 2.376E-20 2.326E-20 2.267E-20 2.000E-20 1.856E-20 2.206E-20 2.808E-20 3.275E-20 3.520E-20
 3.547E-20 3.741E-20 4.378E-20 5.175E-20 5.902E-20 6.239E-20 5.885E-20 4.835E-20 3.411E-20 2.241E-20
 2.071E-20 2.678E-20 3.415E-20 3.861E-20 4.189E-20 4.052E-20 2.917E-20 1.080E-20 0.000E+00 0.000E+00
 1.824E-21 7.259E-21 1.170E-20 1.605E-20 2.011E-20 2.000E-20 1.755E-20 1.802E-20 2.144E-20 2.475E-20
 2.331E-20 1.988E-20 2.095E-20 2.374E-20 2.186E-20 1.263E-20 2.584E-21 0.000E+00 0.000E+00 2.251E-21
 9.649E-21 1.736E-20 2.451E-20 3.186E-20 3.608E-20 3.374E-20 2.868E-20 2.674E-20 2.756E-20 2.730E-20
 2.203E-20 1.297E-20 5.019E-21 3.013E-21 1.017E-20 2.284E-20 3.583E-20 4.259E-20 4.353E-20 4.058E-20
 3.683E-20 3.460E-20 3.591E-20 3.827E-20 3.764E-20 3.409E-20 2.890E-20 2.426E-20 2.238E-20 2.177E-20
 2.075E-20 2.071E-20 2.119E-20 2.006E-20 1.661E-20 9.969E-21 4.793E-21 5.267E-21 1.147E-20 1.995E-20
 2.589E-20 2.566E-20 1.886E-20 1.083E-20 7.580E-21 9.769E-21 1.397E-20 1.835E-20 1.909E-20 1.521E-20
 9.718E-21 5.271E-21 4.062E-21 8.568E-21 1.827E-20 2.935E-20 3.838E-20 4.507E-20 5.063E-20 5.243E-20
 4.869E-20 4.204E-20 3.272E-20 2.525E-20 2.406E-20 3.117E-20 4.253E-20 4.951E-20 4.576E-20 3.501E-20
 2.422E-20 1.780E-20 1.722E-20 2.153E-20 2.853E-20 3.332E-20 3.312E-20 3.019E-20 3.002E-20 3.037E-20
 2.593E-20 1.770E-20 9.869E-21 5.759E-21 4.510E-21 9.069E-21 2.138E-20 3.465E-20 4.140E-20 3.758E-20
 3.027E-20 2.824E-20 2.955E-20 2.885E-20 2.457E-20 2.101E-20 2.064E-20 2.188E-20 2.112E-20 1.850E-20
 1.413E-20 1.138E-20 1.425E-20 1.945E-20 2.371E-20 2.298E-20 2.058E-20 2.118E-20 2.343E-20 2.433E-20
 2.220E-20 1.952E-20 1.838E-20 1.721E-20 1.538E-20 1.754E-20 2.575E-20 3.564E-20 4.208E-20 4.002E-20
 3.199E-20 2.669E-20 3.050E-20 4.211E-20 4.987E-20 4.594E-20 3.703E-20 3.178E-20 3.077E-20 2.936E-20
 2.821E-20 2.901E-20 3.169E-20 3.197E-20 2.895E-20 2.666E-20 2.957E-20 3.524E-20 3.755E-20 3.324E-20
 2.555E-20 1.865E-20 1.741E-20 2.233E-20 2.825E-20 3.183E-20 3.457E-20 3.627E-20 3.472E-20 2.943E-20
 2.280E-20 1.855E-20 1.817E-20 2.325E-20 3.278E-20 4.293E-20 4.586E-20 3.980E-20 3.015E-20 2.318E-20
 1.720E-20 7.417E-21 0.000E+00 0.000E+00 5.498E-22 3.395E-21 7.618E-21 1.039E-20 1.425E-20 1.820E-20
 2.159E-20 2.540E-20 3.079E-20 3.520E-20 3.303E-20 2.640E-20 1.684E-20 7.291E-21 6.720E-22 2.451E-21
 9.332E-21 1.385E-20 1.349E-20 1.264E-20 1.713E-20 2.439E-20 2.843E-20 2.903E-20 3.100E-20 3.410E-20
 3.607E-20 3.381E-20 3.001E-20 2.936E-20 3.333E-20 4.136E-20 4.619E-20 4.203E-20 3.080E-20 1.960E-20
 1.340E-20 1.267E-20 1.689E-20 2.115E-20 2.396E-20 2.588E-20 2.878E-20 3.000E-20 2.754E-20 2.319E-20
 2.231E-20 2.914E-20 3.846E-20 4.332E-20 3.855E-20 3.158E-20 2.937E-20 2.935E-20 2.577E-20 1.654E-20
 5.015E-21 0.000E+00 0.000E+00 0.000E+00 0.000E+00 0.000E+00 1.067E-22 2.977E-21 1.030E-20 1.429E-20
 1.230E-20 1.081E-20 1.439E-20 2.071E-20 2.470E-20 2.202E-20 1.588E-20 9.395E-21 3.391E-21 0.000E+00
 0.000E+00 3.785E-22 2.719E-21 7.131E-21 1.100E-20 1.574E-20 2.366E-20 3.440E-20 4.555E-20 5.254E-20
 5.307E-20 5.235E-20 5.075E-20 4.546E-20 3.479E-20 2.425E-20 1.745E-20 1.372E-20 9.418E-21 5.946E-21
 6.130E-21 9.603E-21 1.309E-20 1.669E-20 2.250E-20 2.842E-20 3.277E-20 3.346E-20 3.134E-20 2.824E-20
 2.399E-20 1.975E-20 1.717E-20 1.517E-20 1.267E-20 9.910E-21 9.085E-21 1.010E-20 9.186E-21 7.199E-21
 6.850E-21 1.126E-20 2.093E-20 2.930E-20 3.075E-20 2.754E-20 2.360E-20 2.266E-20 2.454E-20 2.666E-20
 2.579E-20 2.067E-20 1.716E-20 1.804E-20 2.187E-20 2.432E-20 2.195E-20 1.699E-20 1.357E-20 1.173E-20
 7.496E-21 2.950E-21 9.019E-22 2.023E-21 4.840E-21 7.455E-21 1.038E-20 1.332E-20 1.248E-20 8.946E-21
 7.283E-21 1.079E-20 1.614E-20 1.834E-20 1.546E-20 1.168E-20 1.199E-20 1.627E-20 1.978E-20 1.906E-20
 1.574E-20 1.263E-20 1.240E-20 1.275E-20 9.630E-21 3.277E-21 0.000E+00 0.000E+00 0.000E+00 0.000E+00
 0.000E+00 0.000E+00 0.000E+00 1.351E-21 3.941E-21 3.431E-21 1.440E-21 5.378E-22 0.000E+00 0.000E+00
 0.000E+00 0.000E+00 2.803E-21 1.087E-20 1.746E-20 2.003E-20 2.270E-20 2.573E-20 2.712E-20 2.505E-20
 1.931E-20 1.188E-20 5.694E-21 6.150E-21 1.356E-20 2.240E-20 2.568E-20 2.454E-20 2.052E-20 1.421E-20
 9.683E-21 1.066E-20 1.428E-20 1.491E-20 1.173E-20 9.934E-21 1.059E-20 1.129E-20 1.025E-20 1.005E-20
 1.250E-20 1.418E-20 1.273E-20 1.172E-20 1.343E-20 1.663E-20 2.024E-20 2.599E-20 3.305E-20 3.823E-20
 3.629E-20 2.584E-20 1.169E-20 2.156E-21 0.000E+00 0.000E+00 0.000E+00 0.000E+00 0.000E+00 2.316E-21
 7.859E-21 9.758E-21 5.883E-21 1.206E-21 0.000E+00 0.000E+00 0.000E+00 0.000E+00 0.000E+00 0.000E+00
 5.574E-22 5.890E-21 1.464E-20 1.588E-20 1.354E-20 1.504E-20 2.002E-20 2.240E-20 2.221E-20 1.958E-20
 1.568E-20 1.326E-20 1.403E-20 1.621E-20 1.662E-20 1.687E-20 2.171E-20 3.010E-20 3.654E-20 3.532E-20
 2.571E-20 1.326E-20 3.460E-21 0.000E+00 0.000E+00 1.282E-21 7.463E-21 1.735E-20 2.501E-20 2.902E-20
 2.857E-20 2.724E-20 2.766E-20 2.952E-20 3.030E-20 3.187E-20 3.612E-20 3.967E-20 3.694E-20 3.006E-20
 2.540E-20 2.478E-20 2.360E-20 1.916E-20 1.095E-20 2.517E-21 0.000E+00 0.000E+00 0.000E+00 0.000E+00
 0.000E+00 4.309E-21 1.494E-20 2.082E-20 1.900E-20 1.632E-20 1.816E-20 2.213E-20 2.327E-20 1.949E-20
 1.291E-20 5.478E-21 0.000E+00 0.000E+00 1.301E-21 6.342E-21 1.308E-20 1.789E-20 2.202E-20 2.428E-20
 2.163E-20 1.606E-20 1.370E-20 1.689E-20 2.177E-20 2.448E-20 2.441E-20 2.370E-20 2.495E-20 2.868E-20
 3.072E-20 2.626E-20 1.477E-20 3.266E-21 0.000E+00 0.000E+00 7.963E-22 4.214E-21 8.497E-21 1.072E-20
 1.231E-20 1.339E-20 1.508E-20 1.610E-20 1.461E-20 1.062E-20 7.299E-21 9.491E-21 1.977E-20 3.205E-20
 3.710E-20 3.104E-20 2.089E-20 1.547E-20 1.505E-20 1.345E-20 1.105E-20 1.379E-20 2.053E-20 2.442E-20
 2.072E-20 1.149E-20 3.156E-21 0.000E+00 0.000E+00 0.000E+00 2.767E-21 8.635E-21 1.060E-20 9.135E-21
 9.156E-21 1.378E-20 2.077E-20 2.405E-20 1.994E-20 1.016E-20 1.969E-21 0.000E+00 0.000E+00 3.778E-21
 1.340E-20 1.994E-20 1.854E-20 1.318E-20 1.259E-20 1.914E-20 2.596E-20 2.534E-20 1.461E-20 2.928E-21
 0.000E+00 0.000E+00 0.000E+00 2.795E-21 8.224E-21 9.606E-21 8.548E-21 9.328E-21 1.305E-20 1.513E-20
 1.127E-20 3.635E-21 0.000E+00 0.000E+00 0.000E+00 2.584E-21 7.394E-21 7.198E-21 3.964E-21 5.879E-21
 1.409E-20 2.048E-20 2.092E-20 1.556E-20 7.889E-21 1.924E-21 0.000E+00 0.000E+00 3.430E-21 1.029E-20
 1.303E-20 1.546E-20 2.327E-20 3.260E-20 3.273E-20 1.902E-20 4.048E-21 0.000E+00 0.000E+00 0.000E+00
 0.000E+00 2.613E-21 1.135E-20 2.076E-20 2.307E-20 1.786E-20 7.710E-21 6.175E-22 0.000E+00 0.000E+00
 1.140E-21 4.339E-21 5.220E-21 1.920E-21 0.000E+00 0.000E+00 2.666E-22 1.740E-21 6.760E-21 1.733E-20
 2.947E-20 3.434E-20 2.697E-20 1.142E-20 6.976E-22 0.000E+00 0.000E+00 0.000E+00 2.116E-21 7.761E-21
 1.328E-20 1.659E-20 1.803E-20 1.855E-20 1.637E-20 1.121E-20 7.368E-21 6.938E-21 7.835E-21 6.563E-21
 3.187E-21 1.787E-21 4.016E-21 9.422E-21 1.743E-20 2.503E-20 2.888E-20 2.644E-20 2.006E-20 1.739E-20
 2.009E-20 2.558E-20 2.797E-20 2.550E-20 2.068E-20 1.459E-20 6.857E-21 9.319E-22 0.000E+00 0.000E+00
 0.000E+00 0.000E+00 1.050E-21 5.433E-21 1.099E-20 1.182E-20 6.505E-21 8.238E-22 0.000E+00 0.000E+00
 0.000E+00 0.000E+00 0.000E+00 0.000E+00 0.000E+00 0.000E+00 3.555E-21 1.055E-20 1.171E-20 7.167E-21
 4.491E-21 7.999E-21 1.418E-20 1.783E-20 1.715E-20 1.304E-20 9.273E-21 1.086E-20 1.776E-20 2.484E-20
 2.817E-20 2.622E-20 2.095E-20 1.629E-20 1.301E-20 1.179E-20 1.363E-20 1.655E-20 1.807E-20 1.818E-20
 1.867E-20 1.806E-20 1.318E-20 4.753E-21 0.000E+00 1.146E-21 4.808E-21 8.808E-21 1.147E-20 1.369E-20
 1.579E-20 1.769E-20 1.578E-20 7.273E-21 0.000E+00 0.000E+00 0.000E+00 0.000E+00
