   CFH2CF3  815.0172  865.0188      5808     270.0    0.0000 1.610E-19  HITRAN    HFC-134a    air 31
 0.000E+00 0.000E+00 0.000E+00 0.000E+00 0.000E+00 1.791E-21 7.053E-21 1.369E-20 2.006E-20 2.223E-20
 1.803E-20 1.103E-20 8.290E-21 1.218E-20 1.614E-20 1.775E-20 1.716E-20 1.295E-20 6.336E-21 1.404E-21
 0.000E+00 0.000E+00 0.000E+00 0.000E+00 0.000E+00 0.000E+00 0.000E+00 0.000E+00 6.509E-21 1.465E-20
 1.694E-20 1.485E-20 9.558E-21 3.938E-21 2.019E-21 3.920E-21 4.221E-21 1.455E-21 0.000E+00 0.000E+00
 0.000E+00 0.000E+00 0.000E+00 0.000E+00 0.000E+00 0.000E+00 0.000E+00 0.000E+00 0.000E+00 8.353E-22
 1.067E-20 2.582E-20 3.390E-20 2.961E-20 1.491E-20 3.049E-21 1.088E-21 8.193E-21 1.594E-20 1.449E-20
 5.039E-21 1.152E-22 0.000E+00 0.000E+00 0.000E+00 0.000E+00 0.000E+00 0.000E+00 0.000E+00 4.098E-22
 1.051E-21 5.313E-22 0.000E+00 0.000E+00 1.234E-21 8.523E-22 0.000E+00 0.000E+00 0.000E+00 2.186E-21
 1.053E-20 1.901E-20 2.012E-20 1.315E-20 3.691E-21 0.000E+00 7.527E-22 4.179E-21 7.059E-21 8.692E-21
 1.101E-20 1.456E-20 1.419E-20 5.190E-21 0.000E+00 0.000E+00 0.000E+00 0.000E+00 0.000E+00 5.939E-21
 1.607E-20 2.214E-20 2.152E-20 1.468E-20 4.526E-21 7.027E-23 0.000E+00 0.000E+00 0.000E+00 0.000E+00
 0.000E+00 1.355E-21 6.144E-21 1.210E-20 1.378E-20 1.063E-20 7.561E-21 6.728E-21 2.917E-21 1.453E-22
 0.000E+00 0.000E+00 0.000E+00 7.164E-22 8.161E-21 1.794E-20 2.476E-20 2.682E-20 2.153E-20 1.298E-20
 8.375E-21 8.659E-21 7.532E-21 3.610E-21 2.026E-21 1.613E-21 7.326E-22 1.564E-22 0.000E+00 3.806E-21
 9.228E-21 1.146E-20 1.225E-20 1.579E-20 1.935E-20 1.526E-20 4.738E-21 0.000E+00 0.000E+00 3.927E-22
 2.593E-22 0.000E+00 0.000E+00 1.424E-21 9.350E-21 1.993E-20 2.384E-20 1.612E-20 4.384E-21 0.000E+00
 0.000E+00 0.000E+00 2.798E-21 9.465E-21 1.340E-20 1.191E-20 7.911E-21 5.030E-21 6.503E-21 9.352E-21
 7.804E-21 2.445E-21 0.000E+00 3.856E-21 9.210E-21 6.051E-21 1.101E-21 0.000E+00 1.024E-21 1.137E-20
 2.106E-20 2.225E-20 1.965E-20 1.500E-20 5.030E-21 0.000E+00 0.000E+00 0.000E+00 0.000E+00 4.944E-21
 1.081E-20 1.225E-20 1.233E-20 1.485E-20 1.691E-20 1.378E-20 4.957E-21 2.857E-22 0.000E+00 0.000E+00
 0.000E+00 0.000E+00 0.000E+00 0.000E+00 6.755E-21 1.671E-20 2.167E-20 1.926E-20 1.139E-20 2.997E-21
 0.000E+00 0.000E+00 0.000E+00 0.000E+00 0.000E+00 0.000E+00 0.000E+00 0.000E+00 0.000E+00 0.000E+00
 0.000E+00 0.000E+00 1.699E-21 2.515E-21 1.063E-21 9.676E-23 0.000E+00 0.000E+00 0.000E+00 0.000E+00
 0.000E+00 0.000E+00 0.000E+00 0.000E+00 0.000E+00 0.000E+00 7.397E-22 7.456E-21 1.544E-20 1.600E-20
 8.192E-21 1.571E-21 0.000E+00 0.000E+00 0.000E+00 0.000E+00 0.000E+00 0.000E+00 2.284E-21 5.876E-21
 7.238E-21 8.045E-21 8.712E-21 6.106E-21 1.692E-21 0.000E+00 0.000E+00 0.000E+00 0.000E+00 0.000E+00
 0.000E+00 0.000E+00 0.000E+00 0.000E+00 0.000E+00 0.000E+00 0.000E+00 0.000E+00 0.000E+00 0.000E+00
 0.000E+00 0.000E+00 0.000E+00 4.189E-21 9.983E-21 1.224E-20 1.082E-20 5.494E-21 1.073E-21 0.000E+00
 0.000E+00 0.000E+00 0.000E+00 0.000E+00 0.000E+00 0.000E+00 6.687E-22 4.625E-21 1.086E-20 1.492E-20
 1.251E-20 3.946E-21 0.000E+00 0.000E+00 0.000E+00 0.000E+00 4.845E-21 1.485E-20 2.155E-20 2.046E-20
 1.538E-20 9.439E-21 3.267E-21 3.491E-22 0.000E+00 0.000E+00 0.000E+00 0.000E+00 0.000E+00 0.000E+00
 0.000E+00 0.000E+00 0.000E+00 0.000E+00 0.000E+00 0.000E+00 0.000E+00 0.000E+00 0.000E+00 0.000E+00
 0.000E+00 0.000E+00 0.000E+00 0.000E+00 0.000E+00 0.000E+00 0.000E+00 0.000E+00 0.000E+00 3.690E-21
 6.892E-21 3.742E-21 5.659E-22 0.000E+00 0.000E+00 0.000E+00 0.000E+00 0.000E+00 0.000E+00 1.757E-21
 2.859E-21 4.728E-21 9.727E-21 1.279E-20 1.119E-20 4.549E-21 5.041E-22 0.000E+00 0.000E+00 4.555E-22
 2.661E-22 0.000E+00 0.000E+00 0.000E+00 0.000E+00 0.000E+00 9.084E-22 2.825E-21 8.355E-21 1.310E-20
 1.072E-20 3.629E-21 2.613E-22 0.000E+00 0.000E+00 0.000E+00 0.000E+00 0.000E+00 0.000E+00 0.000E+00
 0.000E+00 0.000E+00 0.000E+00 0.000E+00 0.000E+00 0.000E+00 1.683E-21 5.817E-21 2.785E-21 0.000E+00
 0.000E+00 0.000E+00 1.626E-21 3.531E-21 1.488E-21 0.000E+00 0.000E+00 0.000E+00 0.000E+00 4.637E-21
 1.027E-20 1.389E-20 1.555E-20 1.619E-20 1.833E-20 2.101E-20 2.058E-20 1.706E-20 1.494E-20 1.558E-20
 1.744E-20 1.663E-20 9.827E-21 2.341E-21 0.000E+00 0.000E+00 3.432E-21 1.206E-20 1.795E-20 1.661E-20
 6.130E-21 3.718E-22 0.000E+00 0.000E+00 0.000E+00 4.363E-21 1.111E-20 1.547E-20 1.842E-20 1.987E-20
 1.654E-20 9.801E-21 2.864E-21 1.692E-22 0.000E+00 3.272E-22 1.351E-21 6.508E-22 0.000E+00 0.000E+00
 0.000E+00 0.000E+00 4.023E-21 9.507E-21 9.029E-21 2.768E-21 0.000E+00 0.000E+00 0.000E+00 0.000E+00
 0.000E+00 0.000E+00 0.000E+00 0.000E+00 3.954E-21 1.845E-20 3.119E-20 2.700E-20 8.116E-21 0.000E+00
 0.000E+00 0.000E+00 0.000E+00 0.000E+00 0.000E+00 0.000E+00 0.000E+00 0.000E+00 0.000E+00 0.000E+00
 0.000E+00 0.000E+00 0.000E+00 0.000E+00 0.000E+00 7.522E-22 4.841E-21 8.750E-21 1.090E-20 9.824E-21
 4.882E-21 9.469E-22 0.000E+00 0.000E+00 0.000E+00 0.000E+00 0.000E+00 0.000E+00 0.000E+00 0.000E+00
 0.000E+00 0.000E+00 0.000E+00 0.000E+00 0.000E+00 2.874E-21 5.592E-21 2.171E-21 0.000E+00 0.000E+00
 0.000E+00 0.000E+00 0.000E+00 0.000E+00 0.000E+00 2.783E-21 3.976E-21 1.401E-21 3.907E-23 0.000E+00
 0.000E+00 0.000E+00 0.000E+00 0.000E+00 0.000E+00 0.000E+00 0.000E+00 1.012E-22 5.684E-21 1.090E-20
 1.026E-20 9.349E-21 8.613E-21 7.903E-21 1.026E-20 1.629E-20 2.263E-20 2.562E-20 2.184E-20 1.561E-20
 1.140E-20 1.078E-20 9.159E-21 5.748E-21 5.236E-21 8.110E-21 9.439E-21 5.489E-21 1.460E-21 4.125E-21
 1.005E-20 1.130E-20 3.997E-21 1.429E-22 0.000E+00 0.000E+00 0.000E+00 0.000E+00 1.698E-21 3.293E-21
 3.668E-21 3.517E-21 3.483E-21 3.200E-21 3.266E-21 2.722E-21 1.254E-21 2.289E-22 0.000E+00 0.000E+00
 1.276E-21 4.340E-21 1.035E-20 1.770E-20 2.210E-20 2.118E-20 1.529E-20 7.468E-21 1.986E-21 1.928E-22
 0.000E+00 0.000E+00 0.000E+00 2.232E-21 1.034E-20 1.601E-20 1.130E-20 2.819E-21 0.000E+00 0.000E+00
 0.000E+00 0.000E+00 0.000E+00 1.329E-22 3.672E-21 8.118E-21 8.393E-21 2.635E-21 0.000E+00 0.000E+00
 0.000E+00 0.000E+00 0.000E+00 2.120E-21 5.570E-21 8.662E-21 7.585E-21 2.663E-21 1.703E-21 8.121E-21
 1.488E-20 1.584E-20 7.751E-21 1.312E-21 0.000E+00 3.370E-21 1.138E-20 1.840E-20 1.956E-20 1.708E-20
 1.469E-20 1.251E-20 9.404E-21 5.009E-21 1.132E-21 0.000E+00 0.000E+00 0.000E+00 0.000E+00 0.000E+00
 0.000E+00 2.587E-21 1.081E-20 1.515E-20 9.042E-21 1.919E-21 0.000E+00 5.494E-21 1.188E-20 1.295E-20
 1.179E-20 1.171E-20 1.311E-20 1.211E-20 9.366E-21 1.087E-20 1.375E-20 1.152E-20 5.709E-21 3.711E-21
 6.327E-21 6.711E-21 2.062E-21 0.000E+00 0.000E+00 5.153E-22 2.509E-22 0.000E+00 0.000E+00 0.000E+00
 9.492E-22 9.515E-22 2.380E-22 6.654E-22 7.612E-21 1.635E-20 2.117E-20 1.935E-20 1.153E-20 2.893E-21
 1.509E-21 4.189E-21 2.649E-21 4.647E-22 0.000E+00 0.000E+00 0.000E+00 0.000E+00 1.681E-21 2.678E-21
 8.970E-22 0.000E+00 0.000E+00 0.000E+00 0.000E+00 3.460E-21 9.599E-21 1.412E-20 1.678E-20 1.896E-20
 1.795E-20 1.123E-20 2.714E-21 0.000E+00 0.000E+00 0.000E+00 6.282E-22 3.673E-21 6.412E-21 5.760E-21
 2.038E-21 1.851E-22 0.000E+00 0.000E+00 0.000E+00 0.000E+00 0.000E+00 0.000E+00 1.281E-21 4.951E-21
 6.409E-21 2.050E-21 0.000E+00 0.000E+00 0.000E+00 1.441E-21 6.980E-21 1.467E-20 2.374E-20 2.976E-20
 2.817E-20 2.137E-20 1.239E-20 3.841E-21 3.998E-22 0.000E+00 0.000E+00 0.000E+00 0.000E+00 0.000E+00
 0.000E+00 0.000E+00 1.356E-21 6.272E-22 0.000E+00 0.000E+00 3.501E-21 9.622E-21 1.802E-20 2.282E-20
 2.181E-20 1.849E-20 1.659E-20 1.666E-20 1.457E-20 8.464E-21 1.932E-21 0.000E+00 0.000E+00 0.000E+00
 0.000E+00 0.000E+00 3.389E-22 6.960E-21 1.426E-20 1.470E-20 7.440E-21 1.393E-21 0.000E+00 0.000E+00
 0.000E+00 0.000E+00 0.000E+00 0.000E+00 0.000E+00 0.000E+00 0.000E+00 0.000E+00 0.000E+00 5.422E-21
 1.072E-20 1.196E-20 1.362E-20 1.924E-20 2.672E-20 2.899E-20 2.501E-20 1.474E-20 3.383E-21 0.000E+00
 0.000E+00 0.000E+00 0.000E+00 0.000E+00 7.008E-21 1.825E-20 2.269E-20 1.527E-20 3.635E-21 0.000E+00
 0.000E+00 0.000E+00 0.000E+00 1.259E-21 5.138E-21 7.500E-21 6.659E-21 5.310E-21 3.371E-21 8.187E-22
 0.000E+00 0.000E+00 0.000E+00 0.000E+00 0.000E+00 8.121E-23 4.720E-21 1.240E-20 2.250E-20 3.484E-20
 4.372E-20 4.383E-20 3.546E-20 2.528E-20 1.904E-20 1.178E-20 2.805E-21 0.000E+00 0.000E+00 0.000E+00
 0.000E+00 0.000E+00 0.000E+00 0.000E+00 0.000E+00 2.501E-21 7.036E-21 1.002E-20 1.103E-20 1.457E-20
 1.857E-20 1.716E-20 7.881E-21 1.309E-21 0.000E+00 2.832E-22 1.343E-21 5.266E-22 0.000E+00 0.000E+00
 0.000E+00 0.000E+00 6.965E-22 6.339E-21 1.022E-20 6.571E-21 1.414E-21 0.000E+00 0.000E+00 2.271E-21
 9.728E-21 1.641E-20 1.977E-20 2.096E-20 2.211E-20 2.301E-20 1.990E-20 1.140E-20 2.501E-21 0.000E+00
 1.112E-21 1.056E-20 2.181E-20 2.590E-20 2.088E-20 1.223E-20 4.324E-21 6.932E-22 1.366E-21 4.159E-21
 6.844E-21 1.221E-20 2.209E-20 3.250E-20 3.346E-20 2.373E-20 1.433E-20 1.241E-20 1.479E-20 1.564E-20
 1.284E-20 9.307E-21 7.962E-21 6.057E-21 2.121E-21 2.310E-22 0.000E+00 0.000E+00 1.383E-21 1.452E-20
 2.750E-20 2.556E-20 9.082E-21 9.180E-22 0.000E+00 0.000E+00 0.000E+00 0.000E+00 4.213E-21 4.212E-21
 1.020E-21 1.195E-21 7.110E-21 1.538E-20 1.837E-20 1.337E-20 4.509E-21 5.084E-22 0.000E+00 0.000E+00
 2.041E-21 1.855E-21 4.174E-22 0.000E+00 0.000E+00 0.000E+00 0.000E+00 0.000E+00 1.223E-21 1.111E-20
 2.526E-20 3.191E-20 2.620E-20 1.267E-20 2.839E-21 4.346E-21 8.747E-21 1.243E-20 1.337E-20 9.820E-21
 4.359E-21 3.745E-21 9.609E-21 1.747E-20 1.984E-20 1.561E-20 8.493E-21 1.813E-21 0.000E+00 0.000E+00
 0.000E+00 6.758E-21 1.744E-20 2.320E-20 2.202E-20 1.665E-20 8.383E-21 1.654E-21 0.000E+00 0.000E+00
 0.000E+00 3.509E-21 8.386E-21 9.786E-21 7.156E-21 1.948E-21 8.403E-23 0.000E+00 0.000E+00 0.000E+00
 0.000E+00 0.000E+00 0.000E+00 6.999E-21 1.446E-20 1.445E-20 5.901E-21 7.978E-22 0.000E+00 0.000E+00
 0.000E+00 4.295E-21 8.699E-21 9.395E-21 5.929E-21 2.134E-21 3.253E-22 3.292E-22 1.882E-21 5.514E-21
 7.087E-21 5.173E-21 1.600E-21 9.029E-22 2.642E-21 5.264E-21 9.455E-21 1.448E-20 1.492E-20 7.676E-21
 1.401E-21 0.000E+00 0.000E+00 5.140E-21 8.028E-21 2.332E-21 0.000E+00 0.000E+00 7.270E-23 8.253E-21
 1.463E-20 1.678E-20 1.928E-20 2.110E-20 1.946E-20 1.206E-20 5.328E-21 6.084E-21 1.237E-20 1.755E-20
 1.592E-20 6.100E-21 7.623E-22 2.144E-21 1.114E-20 1.637E-20 1.182E-20 5.493E-21 8.463E-21 1.821E-20
 2.427E-20 2.095E-20 1.151E-20 3.504E-21 4.353E-22 0.000E+00 1.001E-21 4.183E-21 7.969E-21 1.044E-20
 1.118E-20 1.238E-20 1.521E-20 2.194E-20 3.119E-20 3.636E-20 3.762E-20 3.508E-20 3.062E-20 2.817E-20
 3.223E-20 4.204E-20 5.224E-20 5.358E-20 4.273E-20 2.487E-20 6.664E-21 4.958E-22 0.000E+00 0.000E+00
 1.688E-21 4.027E-21 3.995E-21 4.916E-21 8.229E-21 1.084E-20 9.634E-21 5.712E-21 1.488E-21 1.011E-22
 0.000E+00 4.846E-21 9.898E-21 1.082E-20 5.013E-21 1.623E-21 5.840E-21 1.587E-20 2.161E-20 1.885E-20
 7.018E-21 8.546E-22 0.000E+00 1.272E-21 6.222E-21 1.075E-20 1.394E-20 1.373E-20 9.414E-21 3.941E-21
 6.591E-22 2.233E-21 6.116E-21 1.161E-20 1.952E-20 2.611E-20 2.468E-20 1.491E-20 3.515E-21 1.426E-22
 5.001E-21 1.271E-20 1.354E-20 3.886E-21 1.550E-22 0.000E+00 0.000E+00 0.000E+00 0.000E+00 3.300E-21
 1.396E-20 2.086E-20 1.574E-20 4.036E-21 1.776E-22 0.000E+00 0.000E+00 0.000E+00 0.000E+00 0.000E+00
 0.000E+00 4.548E-21 1.659E-20 2.553E-20 2.397E-20 1.535E-20 9.062E-21 8.471E-21 7.872E-21 6.272E-21
 9.006E-21 1.637E-20 2.489E-20 2.844E-20 2.371E-20 1.528E-20 9.723E-21 9.467E-21 1.144E-20 1.103E-20
 6.060E-21 1.392E-21 2.161E-21 7.308E-21 1.677E-20 2.809E-20 3.673E-20 3.641E-20 2.756E-20 1.656E-20
 1.050E-20 1.183E-20 1.630E-20 1.882E-20 1.556E-20 6.622E-21 1.020E-21 0.000E+00 3.374E-21 9.664E-21
 9.746E-21 7.750E-21 1.018E-20 1.707E-20 2.424E-20 2.708E-20 2.821E-20 2.906E-20 3.006E-20 3.055E-20
 2.818E-20 2.387E-20 1.739E-20 1.425E-20 1.593E-20 1.538E-20 9.646E-21 5.187E-21 6.141E-21 1.342E-20
 2.060E-20 2.449E-20 2.280E-20 1.915E-20 1.559E-20 1.366E-20 1.291E-20 1.451E-20 2.060E-20 2.779E-20
 2.887E-20 2.459E-20 2.092E-20 2.284E-20 2.752E-20 3.042E-20 3.101E-20 3.158E-20 2.996E-20 2.284E-20
 1.258E-20 6.420E-21 5.603E-21 1.090E-20 1.873E-20 2.420E-20 2.445E-20 2.207E-20 2.528E-20 3.263E-20
 4.028E-20 4.351E-20 4.404E-20 4.409E-20 4.036E-20 2.845E-20 1.316E-20 5.384E-21 6.916E-21 1.232E-20
 1.920E-20 2.437E-20 2.833E-20 2.709E-20 2.249E-20 1.676E-20 1.463E-20 1.470E-20 1.278E-20 1.058E-20
 8.635E-21 7.647E-21 3.347E-21 4.916E-22 0.000E+00 0.000E+00 0.000E+00 0.000E+00 2.137E-21 2.076E-21
 3.357E-21 7.383E-21 1.380E-20 1.793E-20 1.533E-20 1.086E-20 1.218E-20 1.924E-20 2.767E-20 3.327E-20
 3.309E-20 3.093E-20 3.151E-20 3.321E-20 3.176E-20 2.639E-20 2.292E-20 2.523E-20 3.060E-20 2.985E-20
 1.647E-20 3.002E-21 0.000E+00 0.000E+00 4.076E-21 1.565E-20 2.415E-20 2.398E-20 1.711E-20 9.815E-21
 9.018E-21 1.339E-20 1.492E-20 1.037E-20 5.091E-21 2.465E-21 1.735E-21 3.937E-22 0.000E+00 0.000E+00
 0.000E+00 3.636E-21 1.581E-20 1.985E-20 1.409E-20 6.173E-21 1.018E-21 0.000E+00 0.000E+00 0.000E+00
 4.247E-21 7.555E-21 5.771E-21 5.508E-21 9.926E-21 1.498E-20 1.427E-20 8.634E-21 5.130E-21 8.915E-21
 1.781E-20 2.891E-20 3.728E-20 3.920E-20 3.676E-20 3.314E-20 3.102E-20 3.008E-20 2.706E-20 2.212E-20
 1.958E-20 1.934E-20 1.761E-20 1.389E-20 1.294E-20 1.821E-20 2.386E-20 2.551E-20 2.205E-20 1.708E-20
 1.667E-20 2.057E-20 2.327E-20 2.117E-20 1.623E-20 1.316E-20 1.470E-20 1.952E-20 2.520E-20 3.061E-20
 3.141E-20 2.764E-20 2.277E-20 1.932E-20 1.806E-20 1.907E-20 1.888E-20 1.621E-20 9.930E-21 4.382E-21
 4.341E-21 1.051E-20 1.794E-20 2.112E-20 1.945E-20 1.794E-20 1.541E-20 1.673E-20 2.209E-20 2.936E-20
 3.387E-20 3.187E-20 2.534E-20 1.944E-20 1.602E-20 1.560E-20 1.686E-20 1.959E-20 2.560E-20 3.443E-20
 4.205E-20 4.216E-20 3.308E-20 1.947E-20 1.533E-20 2.139E-20 2.665E-20 2.688E-20 2.136E-20 1.368E-20
 8.262E-21 8.406E-21 1.584E-20 2.893E-20 4.028E-20 4.450E-20 4.050E-20 3.360E-20 2.830E-20 2.531E-20
 2.172E-20 1.616E-20 8.338E-21 1.448E-21 4.510E-22 7.240E-21 1.366E-20 1.653E-20 1.762E-20 2.037E-20
 2.331E-20 2.366E-20 1.961E-20 1.218E-20 1.039E-20 1.794E-20 3.153E-20 4.053E-20 4.261E-20 4.020E-20
 3.447E-20 2.242E-20 7.257E-21 8.417E-22 5.069E-22 6.256E-21 1.203E-20 1.706E-20 1.728E-20 1.428E-20
 9.760E-21 1.152E-20 2.177E-20 3.345E-20 3.925E-20 4.072E-20 4.129E-20 3.762E-20 2.962E-20 2.363E-20
 2.724E-20 3.391E-20 3.835E-20 3.656E-20 2.777E-20 1.864E-20 1.511E-20 1.999E-20 3.176E-20 4.226E-20
 4.788E-20 4.776E-20 4.309E-20 3.345E-20 1.872E-20 6.439E-21 4.642E-21 1.524E-20 2.873E-20 3.713E-20
 3.764E-20 3.303E-20 2.590E-20 2.241E-20 2.338E-20 2.334E-20 1.947E-20 1.789E-20 2.383E-20 3.596E-20
 4.743E-20 5.336E-20 5.374E-20 5.084E-20 4.486E-20 4.081E-20 3.875E-20 3.601E-20 3.252E-20 2.968E-20
 3.306E-20 3.867E-20 3.405E-20 2.230E-20 1.590E-20 1.808E-20 2.476E-20 2.351E-20 1.311E-20 3.745E-21
 2.417E-21 6.378E-21 1.377E-20 1.943E-20 2.072E-20 2.181E-20 2.717E-20 3.416E-20 3.575E-20 3.032E-20
 2.686E-20 3.040E-20 3.783E-20 3.958E-20 3.111E-20 2.303E-20 1.927E-20 1.927E-20 2.407E-20 3.538E-20
 4.750E-20 5.202E-20 4.821E-20 4.504E-20 4.794E-20 5.242E-20 5.100E-20 4.439E-20 3.745E-20 3.422E-20
 3.588E-20 3.980E-20 3.986E-20 3.487E-20 2.775E-20 2.261E-20 2.096E-20 2.004E-20 2.005E-20 2.356E-20
 2.954E-20 3.340E-20 3.411E-20 3.411E-20 3.455E-20 3.647E-20 4.151E-20 4.862E-20 5.212E-20 4.848E-20
 4.108E-20 3.339E-20 2.710E-20 2.433E-20 2.920E-20 3.934E-20 4.497E-20 3.895E-20 2.717E-20 2.131E-20
 2.588E-20 3.522E-20 4.041E-20 4.265E-20 4.075E-20 3.522E-20 2.790E-20 2.639E-20 2.962E-20 3.322E-20
 3.646E-20 3.944E-20 4.237E-20 4.258E-20 3.764E-20 3.027E-20 2.341E-20 1.889E-20 1.571E-20 1.534E-20
 2.271E-20 3.572E-20 4.552E-20 4.489E-20 3.735E-20 3.175E-20 3.296E-20 3.874E-20 3.954E-20 3.378E-20
 2.515E-20 1.529E-20 9.042E-21 8.599E-21 1.397E-20 2.354E-20 3.189E-20 3.606E-20 3.948E-20 4.493E-20
 5.132E-20 5.473E-20 5.181E-20 4.468E-20 3.628E-20 3.104E-20 2.812E-20 2.397E-20 2.269E-20 2.705E-20
 3.214E-20 3.346E-20 2.810E-20 2.247E-20 2.246E-20 2.759E-20 3.614E-20 4.708E-20 5.588E-20 5.616E-20
 4.973E-20 4.495E-20 4.206E-20 3.596E-20 2.591E-20 1.715E-20 1.329E-20 8.234E-21 2.723E-21 3.208E-22
 2.744E-21 4.657E-21 9.530E-22 0.000E+00 0.000E+00 0.000E+00 6.613E-21 1.726E-20 2.844E-20 3.373E-20
 3.169E-20 2.758E-20 2.767E-20 3.069E-20 3.224E-20 3.320E-20 3.557E-20 3.815E-20 3.729E-20 3.281E-20
 2.824E-20 2.502E-20 2.428E-20 2.590E-20 2.991E-20 3.567E-20 3.929E-20 4.226E-20 4.328E-20 4.211E-20
 4.127E-20 4.305E-20 4.428E-20 4.111E-20 3.419E-20 2.833E-20 2.648E-20 2.738E-20 2.946E-20 3.311E-20
 3.566E-20 3.513E-20 2.879E-20 1.833E-20 9.240E-21 8.260E-21 1.534E-20 2.794E-20 4.153E-20 5.151E-20
 5.439E-20 5.190E-20 4.571E-20 3.545E-20 2.369E-20 1.845E-20 2.022E-20 2.254E-20 2.230E-20 2.129E-20
 2.569E-20 3.484E-20 4.187E-20 4.475E-20 4.642E-20 4.609E-20 4.030E-20 3.058E-20 1.921E-20 1.149E-20
 7.549E-21 1.144E-20 2.179E-20 3.445E-20 4.302E-20 4.549E-20 4.259E-20 3.663E-20 2.924E-20 2.390E-20
 2.598E-20 3.254E-20 3.723E-20 3.415E-20 2.496E-20 1.897E-20 2.255E-20 3.412E-20 4.826E-20 5.519E-20
 4.975E-20 3.668E-20 2.468E-20 2.083E-20 2.543E-20 3.108E-20 3.337E-20 3.352E-20 3.379E-20 3.911E-20
 4.470E-20 4.603E-20 4.266E-20 3.619E-20 3.273E-20 3.368E-20 3.860E-20 4.737E-20 5.172E-20 4.833E-20
 4.056E-20 3.326E-20 3.157E-20 3.739E-20 4.520E-20 5.075E-20 5.076E-20 4.363E-20 3.190E-20 2.197E-20
 1.597E-20 1.595E-20 2.004E-20 2.868E-20 4.234E-20 5.351E-20 5.811E-20 5.623E-20 5.345E-20 5.284E-20
 5.356E-20 5.518E-20 5.855E-20 6.361E-20 6.343E-20 5.507E-20 3.905E-20 2.430E-20 1.667E-20 1.723E-20
 2.055E-20 2.423E-20 2.941E-20 3.494E-20 3.772E-20 3.868E-20 4.200E-20 4.777E-20 5.205E-20 4.961E-20
 3.833E-20 2.194E-20 6.537E-21 6.767E-22 0.000E+00 5.562E-21 1.751E-20 2.865E-20 3.865E-20 4.554E-20
 4.786E-20 4.940E-20 5.149E-20 5.417E-20 5.289E-20 4.719E-20 4.463E-20 5.006E-20 5.678E-20 5.768E-20
 4.780E-20 3.354E-20 2.131E-20 1.423E-20 1.197E-20 1.464E-20 1.593E-20 1.585E-20 1.616E-20 1.809E-20
 2.236E-20 2.803E-20 3.311E-20 3.572E-20 3.706E-20 3.903E-20 3.966E-20 4.103E-20 4.083E-20 3.839E-20
 3.810E-20 3.264E-20 2.002E-20 7.967E-21 7.532E-21 1.906E-20 3.256E-20 3.764E-20 3.619E-20 3.908E-20
 4.712E-20 5.134E-20 4.719E-20 4.111E-20 3.548E-20 3.461E-20 3.595E-20 4.015E-20 4.650E-20 5.145E-20
 5.047E-20 4.802E-20 4.638E-20 4.261E-20 3.823E-20 3.520E-20 3.454E-20 3.743E-20 4.018E-20 3.947E-20
 3.355E-20 2.729E-20 2.570E-20 2.853E-20 3.374E-20 3.695E-20 3.847E-20 4.207E-20 4.911E-20 5.577E-20
 5.741E-20 5.288E-20 4.610E-20 3.514E-20 2.552E-20 2.683E-20 4.072E-20 5.795E-20 6.698E-20 6.498E-20
 5.712E-20 4.866E-20 4.023E-20 3.306E-20 3.078E-20 3.669E-20 4.783E-20 5.654E-20 5.832E-20 5.512E-20
 5.393E-20 5.600E-20 5.496E-20 5.223E-20 5.181E-20 5.406E-20 5.828E-20 6.494E-20 6.866E-20 6.342E-20
 5.054E-20 4.026E-20 3.922E-20 4.646E-20 5.516E-20 5.774E-20 5.327E-20 4.836E-20 4.498E-20 4.071E-20
 3.822E-20 3.870E-20 4.190E-20 4.707E-20 5.377E-20 6.085E-20 6.482E-20 6.302E-20 5.590E-20 4.786E-20
 4.421E-20 4.639E-20 5.455E-20 6.249E-20 6.243E-20 5.299E-20 3.972E-20 2.948E-20 2.218E-20 1.982E-20
 2.097E-20 2.687E-20 3.243E-20 3.589E-20 3.829E-20 4.336E-20 4.831E-20 5.043E-20 5.070E-20 5.088E-20
 4.959E-20 4.482E-20 3.972E-20 3.860E-20 4.232E-20 4.439E-20 4.163E-20 3.633E-20 2.934E-20 2.272E-20
 1.700E-20 1.683E-20 2.382E-20 3.620E-20 5.008E-20 5.505E-20 4.904E-20 3.321E-20 1.895E-20 1.656E-20
 2.461E-20 3.508E-20 4.001E-20 3.958E-20 3.839E-20 4.206E-20 5.252E-20 6.427E-20 6.829E-20 5.902E-20
 3.996E-20 2.703E-20 3.120E-20 4.220E-20 4.626E-20 4.246E-20 3.714E-20 3.557E-20 3.600E-20 3.578E-20
 3.282E-20 2.703E-20 1.836E-20 9.703E-21 3.945E-21 4.683E-21 1.108E-20 2.264E-20 3.280E-20 3.970E-20
 3.949E-20 3.697E-20 3.955E-20 4.468E-20 4.477E-20 4.004E-20 3.784E-20 4.030E-20 4.638E-20 4.905E-20
 4.716E-20 4.317E-20 3.943E-20 3.778E-20 3.578E-20 2.995E-20 1.782E-20 5.179E-21 1.328E-21 6.400E-21
 1.712E-20 3.170E-20 4.644E-20 5.441E-20 5.425E-20 4.779E-20 4.548E-20 5.064E-20 5.915E-20 6.726E-20
 7.384E-20 7.565E-20 7.381E-20 6.811E-20 6.168E-20 5.941E-20 5.629E-20 5.020E-20 4.681E-20 4.481E-20
 4.646E-20 4.815E-20 5.080E-20 4.914E-20 4.064E-20 3.297E-20 3.187E-20 4.010E-20 5.075E-20 6.033E-20
 6.644E-20 6.891E-20 6.529E-20 6.173E-20 6.561E-20 7.161E-20 7.149E-20 6.044E-20 4.501E-20 3.643E-20
 3.343E-20 3.029E-20 2.869E-20 3.115E-20 3.333E-20 2.805E-20 2.051E-20 1.927E-20 2.470E-20 3.213E-20
 3.747E-20 3.671E-20 3.570E-20 3.990E-20 4.834E-20 6.009E-20 6.822E-20 6.738E-20 5.621E-20 4.065E-20
 2.975E-20 3.094E-20 3.924E-20 4.833E-20 5.096E-20 4.853E-20 4.457E-20 4.310E-20 4.790E-20 5.224E-20
 5.253E-20 4.910E-20 4.452E-20 4.013E-20 3.812E-20 3.934E-20 4.353E-20 5.289E-20 6.320E-20 6.701E-20
 6.660E-20 6.309E-20 5.773E-20 5.033E-20 4.353E-20 4.020E-20 4.230E-20 4.868E-20 5.136E-20 4.683E-20
 4.258E-20 4.352E-20 5.321E-20 6.129E-20 5.742E-20 4.634E-20 4.249E-20 4.693E-20 5.324E-20 5.700E-20
 5.831E-20 5.980E-20 5.904E-20 5.610E-20 5.287E-20 5.631E-20 6.558E-20 7.167E-20 7.398E-20 7.131E-20
 6.629E-20 5.703E-20 4.712E-20 4.268E-20 4.381E-20 4.385E-20 3.748E-20 3.181E-20 2.976E-20 2.820E-20
 2.448E-20 2.590E-20 3.611E-20 4.884E-20 5.690E-20 5.818E-20 5.411E-20 4.931E-20 4.476E-20 4.163E-20
 3.841E-20 3.631E-20 3.520E-20 3.908E-20 4.681E-20 5.257E-20 5.245E-20 4.936E-20 4.404E-20 3.707E-20
 3.098E-20 3.201E-20 4.150E-20 5.607E-20 6.467E-20 6.421E-20 5.571E-20 4.873E-20 5.128E-20 6.451E-20
 7.573E-20 7.562E-20 6.320E-20 4.880E-20 4.609E-20 4.766E-20 4.730E-20 4.279E-20 3.913E-20 3.935E-20
 3.726E-20 3.203E-20 3.078E-20 3.423E-20 4.032E-20 5.031E-20 6.411E-20 7.911E-20 9.259E-20 9.893E-20
 1.010E-19 9.466E-20 7.842E-20 6.078E-20 5.233E-20 5.548E-20 6.343E-20 6.779E-20 6.959E-20 6.949E-20
 6.529E-20 5.452E-20 4.275E-20 4.000E-20 4.449E-20 4.595E-20 4.268E-20 4.113E-20 4.293E-20 4.367E-20
 4.393E-20 4.504E-20 4.905E-20 5.226E-20 5.176E-20 4.901E-20 4.553E-20 4.137E-20 3.671E-20 2.879E-20
 2.460E-20 2.581E-20 3.051E-20 3.768E-20 4.584E-20 5.137E-20 5.378E-20 5.187E-20 4.959E-20 5.478E-20
 6.551E-20 7.145E-20 6.645E-20 5.923E-20 5.708E-20 6.211E-20 6.747E-20 6.982E-20 7.567E-20 8.234E-20
 8.188E-20 7.110E-20 5.769E-20 4.969E-20 4.723E-20 4.506E-20 4.241E-20 3.695E-20 3.012E-20 2.483E-20
 2.374E-20 2.635E-20 2.774E-20 2.503E-20 1.949E-20 1.807E-20 2.492E-20 4.201E-20 5.998E-20 7.205E-20
 7.112E-20 5.958E-20 5.263E-20 5.342E-20 6.183E-20 7.262E-20 7.899E-20 7.491E-20 6.775E-20 5.957E-20
 5.519E-20 5.389E-20 5.409E-20 5.598E-20 5.807E-20 5.944E-20 6.166E-20 6.215E-20 5.974E-20 5.701E-20
 5.869E-20 6.526E-20 6.896E-20 6.532E-20 5.975E-20 6.170E-20 7.032E-20 7.476E-20 6.749E-20 5.901E-20
 5.701E-20 6.017E-20 6.146E-20 6.088E-20 5.705E-20 5.295E-20 5.050E-20 5.153E-20 5.382E-20 5.091E-20
 4.387E-20 3.725E-20 3.291E-20 3.246E-20 3.154E-20 3.127E-20 3.136E-20 3.197E-20 3.569E-20 4.637E-20
 5.732E-20 6.197E-20 6.149E-20 5.700E-20 5.160E-20 4.725E-20 5.000E-20 6.230E-20 7.344E-20 7.592E-20
 6.856E-20 5.694E-20 4.793E-20 4.576E-20 5.146E-20 6.308E-20 7.383E-20 7.524E-20 7.180E-20 7.228E-20
 7.638E-20 7.989E-20 8.231E-20 8.441E-20 8.242E-20 7.195E-20 5.753E-20 4.691E-20 4.299E-20 3.996E-20
 3.597E-20 3.220E-20 3.067E-20 3.319E-20 4.300E-20 5.744E-20 6.603E-20 6.722E-20 6.543E-20 6.812E-20
 7.409E-20 7.588E-20 7.627E-20 7.745E-20 7.878E-20 7.964E-20 8.071E-20 8.239E-20 8.124E-20 7.746E-20
 7.493E-20 7.404E-20 7.361E-20 7.144E-20 6.619E-20 5.813E-20 4.624E-20 3.390E-20 2.907E-20 3.604E-20
 4.460E-20 4.737E-20 4.932E-20 5.514E-20 6.294E-20 6.665E-20 6.517E-20 6.278E-20 6.264E-20 6.144E-20
 6.023E-20 5.756E-20 5.253E-20 4.591E-20 4.293E-20 4.367E-20 4.493E-20 4.679E-20 5.062E-20 5.571E-20
 5.970E-20 6.335E-20 6.921E-20 7.000E-20 6.312E-20 5.207E-20 4.614E-20 5.290E-20 6.372E-20 7.032E-20
 7.081E-20 7.083E-20 7.303E-20 6.885E-20 5.653E-20 3.995E-20 2.861E-20 2.799E-20 3.831E-20 4.922E-20
 5.377E-20 5.405E-20 5.288E-20 5.501E-20 5.867E-20 5.956E-20 6.423E-20 6.945E-20 6.996E-20 6.547E-20
 5.669E-20 4.955E-20 5.140E-20 5.849E-20 6.598E-20 6.922E-20 6.525E-20 6.372E-20 6.178E-20 5.600E-20
 4.836E-20 4.303E-20 4.195E-20 4.091E-20 3.671E-20 3.294E-20 3.606E-20 4.387E-20 4.786E-20 4.796E-20
 4.435E-20 4.173E-20 4.316E-20 5.116E-20 6.178E-20 7.175E-20 8.324E-20 9.356E-20 1.013E-19 1.010E-19
 8.706E-20 6.885E-20 5.432E-20 4.638E-20 4.406E-20 4.166E-20 4.338E-20 5.097E-20 6.086E-20 6.626E-20
 6.682E-20 6.296E-20 6.048E-20 6.283E-20 6.789E-20 7.351E-20 8.158E-20 8.668E-20 8.587E-20 8.183E-20
 7.559E-20 7.405E-20 7.444E-20 7.113E-20 6.529E-20 5.936E-20 5.080E-20 4.102E-20 3.463E-20 3.315E-20
 3.592E-20 3.544E-20 3.597E-20 4.208E-20 4.605E-20 4.442E-20 4.134E-20 4.555E-20 5.702E-20 6.763E-20
 7.250E-20 7.280E-20 7.030E-20 6.538E-20 6.141E-20 6.159E-20 6.734E-20 7.397E-20 7.760E-20 8.166E-20
 8.402E-20 8.438E-20 8.317E-20 8.053E-20 7.987E-20 8.026E-20 7.824E-20 7.517E-20 7.486E-20 7.594E-20
 7.398E-20 6.815E-20 6.221E-20 5.829E-20 6.003E-20 6.595E-20 7.385E-20 8.294E-20 9.151E-20 9.383E-20
 8.755E-20 7.621E-20 6.569E-20 6.018E-20 6.064E-20 5.879E-20 5.272E-20 4.270E-20 3.500E-20 3.204E-20
 3.323E-20 3.733E-20 4.213E-20 4.555E-20 4.673E-20 5.547E-20 6.988E-20 8.312E-20 8.428E-20 6.970E-20
 5.633E-20 5.428E-20 6.420E-20 7.042E-20 7.254E-20 6.625E-20 5.270E-20 3.956E-20 3.486E-20 3.944E-20
 4.545E-20 4.597E-20 4.359E-20 4.642E-20 5.410E-20 6.054E-20 6.181E-20 6.655E-20 7.206E-20 7.228E-20
 6.198E-20 5.094E-20 4.639E-20 5.003E-20 5.319E-20 5.699E-20 5.964E-20 5.916E-20 5.529E-20 5.104E-20
 5.143E-20 5.525E-20 5.862E-20 6.351E-20 6.583E-20 6.466E-20 6.116E-20 5.844E-20 6.335E-20 7.360E-20
 7.917E-20 8.110E-20 7.713E-20 6.680E-20 5.463E-20 5.014E-20 5.849E-20 7.454E-20 8.678E-20 8.604E-20
 7.796E-20 7.161E-20 7.045E-20 6.590E-20 5.879E-20 5.262E-20 5.591E-20 6.919E-20 7.824E-20 7.548E-20
 6.829E-20 6.584E-20 6.507E-20 6.207E-20 6.197E-20 6.651E-20 7.349E-20 7.639E-20 7.544E-20 7.689E-20
 7.851E-20 7.601E-20 6.912E-20 6.497E-20 6.799E-20 7.293E-20 7.513E-20 7.327E-20 6.951E-20 6.371E-20
 5.574E-20 4.809E-20 4.714E-20 5.443E-20 6.794E-20 8.123E-20 8.855E-20 8.677E-20 8.247E-20 7.758E-20
 7.358E-20 7.116E-20 7.188E-20 7.455E-20 7.812E-20 7.593E-20 6.677E-20 5.568E-20 5.235E-20 5.475E-20
 6.102E-20 6.846E-20 7.570E-20 8.193E-20 8.561E-20 8.518E-20 8.202E-20 7.869E-20 7.086E-20 6.249E-20
 6.054E-20 6.683E-20 7.915E-20 8.645E-20 8.453E-20 7.839E-20 7.551E-20 6.942E-20 5.848E-20 4.794E-20
 4.265E-20 4.613E-20 5.148E-20 5.553E-20 5.934E-20 6.025E-20 5.765E-20 5.380E-20 5.660E-20 6.753E-20
 8.198E-20 8.556E-20 7.793E-20 6.677E-20 5.743E-20 5.212E-20 5.224E-20 5.906E-20 6.749E-20 7.768E-20
 8.653E-20 9.098E-20 9.072E-20 7.996E-20 6.442E-20 5.285E-20 5.117E-20 5.373E-20 6.062E-20 6.754E-20
 7.419E-20 7.669E-20 7.930E-20 8.382E-20 9.010E-20 9.370E-20 9.504E-20 9.127E-20 8.410E-20 8.031E-20
 8.242E-20 8.871E-20 9.156E-20 8.231E-20 6.964E-20 6.166E-20 6.183E-20 6.569E-20 6.854E-20 6.917E-20
 6.676E-20 6.285E-20 6.403E-20 6.960E-20 7.647E-20 7.505E-20 6.569E-20 5.758E-20 5.660E-20 6.133E-20
 6.783E-20 7.389E-20 7.911E-20 8.577E-20 9.470E-20 9.878E-20 9.276E-20 8.182E-20 7.074E-20 6.324E-20
 5.775E-20 5.048E-20 4.144E-20 3.877E-20 4.677E-20 5.912E-20 6.779E-20 6.666E-20 6.013E-20 5.504E-20
 5.511E-20 6.022E-20 6.706E-20 7.463E-20 8.139E-20 8.322E-20 7.893E-20 7.549E-20 7.307E-20 6.891E-20
 6.307E-20 5.353E-20 4.772E-20 4.576E-20 4.727E-20 5.148E-20 5.578E-20 6.058E-20 6.745E-20 7.377E-20
 8.134E-20 8.547E-20 8.396E-20 7.830E-20 7.512E-20 7.312E-20 7.570E-20 8.262E-20 8.888E-20 8.736E-20
 7.568E-20 6.487E-20 6.299E-20 6.576E-20 6.478E-20 6.011E-20 5.625E-20 5.658E-20 5.800E-20 5.957E-20
 6.327E-20 6.441E-20 6.448E-20 6.607E-20 7.287E-20 8.475E-20 9.580E-20 1.014E-19 9.917E-20 9.021E-20
 7.905E-20 7.301E-20 7.291E-20 7.262E-20 6.920E-20 6.350E-20 5.903E-20 5.508E-20 5.374E-20 5.795E-20
 6.676E-20 7.051E-20 6.266E-20 5.323E-20 5.279E-20 6.066E-20 6.908E-20 7.351E-20 7.367E-20 7.482E-20
 7.796E-20 7.967E-20 8.046E-20 8.341E-20 8.888E-20 9.312E-20 8.996E-20 7.900E-20 6.943E-20 6.974E-20
 7.176E-20 7.260E-20 6.673E-20 6.285E-20 6.443E-20 6.709E-20 6.645E-20 6.222E-20 6.130E-20 6.219E-20
 6.378E-20 6.274E-20 6.425E-20 6.994E-20 7.758E-20 8.295E-20 8.576E-20 8.747E-20 8.706E-20 8.415E-20
 7.572E-20 6.940E-20 7.142E-20 8.126E-20 9.058E-20 9.180E-20 8.335E-20 7.322E-20 6.483E-20 6.207E-20
 6.123E-20 5.759E-20 5.173E-20 4.883E-20 5.481E-20 6.683E-20 7.766E-20 8.392E-20 8.828E-20 8.786E-20
 8.128E-20 6.943E-20 6.162E-20 6.072E-20 6.108E-20 5.596E-20 4.670E-20 4.446E-20 5.173E-20 6.296E-20
 6.960E-20 6.859E-20 6.101E-20 5.346E-20 5.549E-20 6.696E-20 8.122E-20 9.080E-20 9.606E-20 9.572E-20
 8.964E-20 7.943E-20 7.299E-20 6.852E-20 6.137E-20 4.795E-20 3.498E-20 3.395E-20 4.330E-20 5.047E-20
 5.296E-20 5.303E-20 5.348E-20 5.294E-20 5.235E-20 5.435E-20 6.018E-20 6.542E-20 6.894E-20 7.271E-20
 7.726E-20 8.077E-20 8.436E-20 8.893E-20 9.182E-20 9.378E-20 9.200E-20 9.136E-20 9.699E-20 9.906E-20
 9.159E-20 8.448E-20 7.529E-20 6.701E-20 5.895E-20 5.075E-20 4.484E-20 4.363E-20 4.625E-20 5.519E-20
 6.797E-20 7.597E-20 7.339E-20 6.700E-20 6.757E-20 7.778E-20 9.022E-20 9.820E-20 9.555E-20 8.660E-20
 7.873E-20 7.340E-20 7.041E-20 7.066E-20 7.462E-20 7.969E-20 7.925E-20 7.240E-20 6.622E-20 6.542E-20
 7.096E-20 7.675E-20 7.481E-20 6.756E-20 5.909E-20 5.575E-20 5.992E-20 7.111E-20 8.822E-20 1.064E-19
 1.198E-19 1.228E-19 1.109E-19 9.488E-20 8.298E-20 7.700E-20 7.474E-20 7.359E-20 7.205E-20 7.142E-20
 6.986E-20 6.826E-20 6.997E-20 7.625E-20 8.496E-20 9.262E-20 9.704E-20 9.781E-20 9.796E-20 9.416E-20
 8.796E-20 8.350E-20 8.218E-20 8.276E-20 8.157E-20 7.755E-20 7.445E-20 7.259E-20 7.548E-20 8.029E-20
 8.595E-20 8.966E-20 9.014E-20 9.121E-20 9.634E-20 1.015E-19 1.017E-19 1.004E-19 1.007E-19 9.975E-20
 9.314E-20 8.024E-20 7.066E-20 7.047E-20 7.272E-20 7.249E-20 6.895E-20 6.820E-20 6.957E-20 6.887E-20
 5.987E-20 5.389E-20 5.774E-20 7.080E-20 8.343E-20 8.921E-20 8.657E-20 7.919E-20 7.069E-20 6.546E-20
 6.760E-20 7.251E-20 7.471E-20 7.491E-20 7.676E-20 8.402E-20 9.795E-20 1.067E-19 1.035E-19 9.099E-20
 7.621E-20 6.938E-20 7.400E-20 8.661E-20 9.908E-20 1.079E-19 1.112E-19 1.126E-19 1.118E-19 1.080E-19
 1.030E-19 9.780E-20 9.301E-20 8.678E-20 8.094E-20 7.770E-20 8.091E-20 8.611E-20 8.924E-20 9.261E-20
 9.901E-20 1.011E-19 9.577E-20 9.179E-20 9.389E-20 1.017E-19 1.064E-19 1.045E-19 9.902E-20 9.039E-20
 7.975E-20 7.261E-20 7.433E-20 8.520E-20 9.827E-20 1.033E-19 9.951E-20 9.047E-20 8.250E-20 8.157E-20
 8.733E-20 9.544E-20 1.001E-19 9.959E-20 9.430E-20 8.761E-20 8.229E-20 7.615E-20 7.072E-20 6.718E-20
 6.908E-20 7.825E-20 8.716E-20 9.341E-20 9.344E-20 9.093E-20 8.710E-20 8.025E-20 7.800E-20 8.448E-20
 9.523E-20 1.035E-19 1.053E-19 1.049E-19 1.036E-19 9.977E-20 9.031E-20 7.971E-20 7.498E-20 7.384E-20
 7.350E-20 7.090E-20 6.661E-20 6.190E-20 5.740E-20 5.800E-20 6.347E-20 7.286E-20 8.342E-20 8.881E-20
 9.192E-20 9.454E-20 9.793E-20 9.996E-20 9.907E-20 9.633E-20 9.207E-20 8.466E-20 7.624E-20 7.108E-20
 7.087E-20 7.444E-20 7.900E-20 8.144E-20 8.304E-20 8.433E-20 8.590E-20 8.704E-20 8.765E-20 8.959E-20
 9.534E-20 1.043E-19 1.146E-19 1.191E-19 1.139E-19 1.010E-19 9.110E-20 8.666E-20 8.115E-20 7.466E-20
 7.444E-20 8.982E-20 1.106E-19 1.231E-19 1.188E-19 1.070E-19 9.355E-20 8.227E-20 7.485E-20 7.324E-20
 7.508E-20 7.582E-20 7.430E-20 7.466E-20 8.356E-20 9.850E-20 1.058E-19 1.100E-19 1.107E-19 1.103E-19
 1.087E-19 1.026E-19 9.222E-20 8.597E-20 8.697E-20 8.900E-20 8.891E-20 8.620E-20 8.057E-20 7.732E-20
 7.896E-20 8.751E-20 9.843E-20 1.060E-19 1.085E-19 1.102E-19 1.107E-19 1.126E-19 1.138E-19 1.127E-19
 1.107E-19 1.094E-19 1.075E-19 1.046E-19 1.024E-19 1.028E-19 1.028E-19 1.037E-19 1.001E-19 9.770E-20
 9.967E-20 1.090E-19 1.153E-19 1.153E-19 1.107E-19 1.100E-19 1.095E-19 1.077E-19 1.048E-19 1.032E-19
 1.055E-19 1.070E-19 1.066E-19 1.097E-19 1.167E-19 1.215E-19 1.197E-19 1.139E-19 1.101E-19 1.080E-19
 1.047E-19 1.010E-19 9.889E-20 1.024E-19 1.070E-19 1.086E-19 1.071E-19 1.133E-19 1.246E-19 1.355E-19
 1.341E-19 1.239E-19 1.144E-19 1.118E-19 1.132E-19 1.107E-19 1.008E-19 8.952E-20 8.603E-20 8.889E-20
 9.831E-20 1.062E-19 1.080E-19 1.047E-19 9.875E-20 9.302E-20 9.305E-20 9.494E-20 1.014E-19 1.088E-19
 1.170E-19 1.261E-19 1.321E-19 1.334E-19 1.340E-19 1.329E-19 1.345E-19 1.403E-19 1.451E-19 1.449E-19
 1.413E-19 1.359E-19 1.282E-19 1.230E-19 1.238E-19 1.291E-19 1.292E-19 1.227E-19 1.168E-19 1.156E-19
 1.167E-19 1.152E-19 1.096E-19 1.063E-19 1.082E-19 1.076E-19 1.038E-19 9.899E-20 9.733E-20 1.016E-19
 1.113E-19 1.239E-19 1.279E-19 1.231E-19 1.166E-19 1.142E-19 1.136E-19 1.089E-19 1.017E-19 9.268E-20
 8.535E-20 8.251E-20 8.644E-20 9.626E-20 1.114E-19 1.266E-19 1.364E-19 1.393E-19 1.351E-19 1.270E-19
 1.189E-19 1.154E-19 1.171E-19 1.211E-19 1.256E-19 1.277E-19 1.269E-19 1.264E-19 1.257E-19 1.218E-19
 1.135E-19 1.045E-19 1.006E-19 9.844E-20 9.249E-20 8.382E-20 7.736E-20 8.235E-20 9.377E-20 1.031E-19
 1.062E-19 1.059E-19 1.055E-19 1.068E-19 1.082E-19 1.118E-19 1.168E-19 1.219E-19 1.270E-19 1.333E-19
 1.384E-19 1.381E-19 1.322E-19 1.265E-19 1.248E-19 1.253E-19 1.209E-19 1.132E-19 1.080E-19 1.113E-19
 1.202E-19 1.286E-19 1.328E-19 1.329E-19 1.265E-19 1.157E-19 1.071E-19 1.071E-19 1.127E-19 1.222E-19
 1.313E-19 1.349E-19 1.334E-19 1.289E-19 1.203E-19 1.161E-19 1.183E-19 1.238E-19 1.265E-19 1.269E-19
 1.229E-19 1.198E-19 1.195E-19 1.201E-19 1.191E-19 1.159E-19 1.153E-19 1.189E-19 1.234E-19 1.298E-19
 1.363E-19 1.400E-19 1.387E-19 1.320E-19 1.250E-19 1.228E-19 1.231E-19 1.197E-19 1.151E-19 1.164E-19
 1.202E-19 1.239E-19 1.282E-19 1.323E-19 1.346E-19 1.318E-19 1.238E-19 1.189E-19 1.165E-19 1.139E-19
 1.099E-19 1.074E-19 1.104E-19 1.203E-19 1.314E-19 1.416E-19 1.505E-19 1.528E-19 1.454E-19 1.398E-19
 1.397E-19 1.436E-19 1.457E-19 1.453E-19 1.476E-19 1.517E-19 1.517E-19 1.485E-19 1.438E-19 1.425E-19
 1.452E-19 1.503E-19 1.574E-19 1.607E-19 1.554E-19 1.457E-19 1.413E-19 1.454E-19 1.490E-19 1.437E-19
 1.330E-19 1.259E-19 1.278E-19 1.319E-19 1.247E-19 1.055E-19 8.590E-20 7.818E-20 8.888E-20 1.067E-19
 1.174E-19 1.197E-19 1.203E-19 1.222E-19 1.240E-19 1.246E-19 1.232E-19 1.215E-19 1.217E-19 1.215E-19
 1.225E-19 1.253E-19 1.284E-19 1.301E-19 1.326E-19 1.333E-19 1.326E-19 1.316E-19 1.271E-19 1.227E-19
 1.233E-19 1.290E-19 1.390E-19 1.461E-19 1.474E-19 1.438E-19 1.427E-19 1.427E-19 1.417E-19 1.415E-19
 1.454E-19 1.484E-19 1.463E-19 1.408E-19 1.346E-19 1.262E-19 1.193E-19 1.165E-19 1.194E-19 1.199E-19
 1.159E-19 1.097E-19 1.103E-19 1.176E-19 1.162E-19 1.048E-19 9.379E-20 8.692E-20 8.449E-20 7.957E-20
 6.937E-20 5.783E-20 5.239E-20 5.563E-20 6.750E-20 7.900E-20 8.421E-20 8.382E-20 7.467E-20 6.372E-20
 6.054E-20 7.071E-20 9.015E-20 1.071E-19 1.140E-19 1.121E-19 1.053E-19 9.621E-20 8.662E-20 7.961E-20
 7.814E-20 7.535E-20 6.947E-20 6.641E-20 6.973E-20 7.561E-20 8.041E-20 8.181E-20 8.055E-20 7.561E-20
 6.759E-20 6.168E-20 6.127E-20 6.638E-20 7.182E-20 7.851E-20 8.497E-20 9.185E-20 9.793E-20 1.055E-19
 1.147E-19 1.216E-19 1.192E-19 1.055E-19 8.486E-20 6.876E-20 6.518E-20 7.090E-20 7.901E-20 8.443E-20
 8.861E-20 9.144E-20 9.242E-20 8.656E-20 7.729E-20 6.772E-20 6.152E-20 6.077E-20 6.430E-20 6.884E-20
 6.877E-20 6.726E-20 6.905E-20 7.660E-20 8.145E-20 7.571E-20 6.586E-20 6.046E-20 6.096E-20 6.370E-20
 6.330E-20 6.223E-20 6.454E-20 7.187E-20 7.906E-20 8.374E-20 8.454E-20 8.648E-20 8.927E-20 9.097E-20
 9.020E-20 8.410E-20 7.401E-20 6.514E-20 5.910E-20 5.589E-20 5.851E-20 6.612E-20 7.499E-20 7.855E-20
 7.840E-20 7.988E-20 8.489E-20 9.014E-20 9.174E-20 8.852E-20 8.546E-20 8.264E-20 7.894E-20 7.595E-20
 7.124E-20 6.288E-20 5.524E-20 5.162E-20 5.668E-20 6.795E-20 7.719E-20 7.818E-20 7.396E-20 7.177E-20
 7.213E-20 7.177E-20 6.765E-20 6.346E-20 6.010E-20 5.669E-20 5.449E-20 5.462E-20 5.876E-20 6.213E-20
 6.693E-20 7.446E-20 8.201E-20 8.449E-20 7.982E-20 7.677E-20 7.841E-20 8.158E-20 7.943E-20 7.606E-20
 7.564E-20 7.572E-20 7.108E-20 6.466E-20 6.343E-20 7.125E-20 8.283E-20 9.260E-20 9.887E-20 1.021E-19
 9.970E-20 9.278E-20 8.456E-20 7.867E-20 7.407E-20 6.942E-20 6.337E-20 5.930E-20 6.037E-20 6.495E-20
 7.075E-20 7.859E-20 8.201E-20 8.002E-20 7.330E-20 6.928E-20 7.013E-20 7.703E-20 8.478E-20 9.095E-20
 9.517E-20 9.637E-20 9.352E-20 8.746E-20 8.183E-20 7.844E-20 7.628E-20 7.216E-20 6.900E-20 6.936E-20
 7.194E-20 7.577E-20 7.772E-20 7.934E-20 8.334E-20 8.561E-20 8.808E-20 9.073E-20 8.847E-20 8.145E-20
 7.025E-20 6.471E-20 6.675E-20 6.978E-20 6.926E-20 6.405E-20 6.099E-20 6.194E-20 6.685E-20 7.300E-20
 7.900E-20 8.396E-20 8.470E-20 8.138E-20 7.545E-20 6.950E-20 6.570E-20 6.473E-20 6.798E-20 7.140E-20
 7.005E-20 6.460E-20 6.067E-20 6.078E-20 6.264E-20 6.335E-20 6.383E-20 6.763E-20 7.497E-20 8.188E-20
 8.764E-20 9.466E-20 1.010E-19 1.002E-19 9.091E-20 7.955E-20 6.914E-20 6.380E-20 5.967E-20 5.900E-20
 6.498E-20 7.589E-20 8.218E-20 8.156E-20 7.625E-20 7.062E-20 6.444E-20 6.329E-20 6.735E-20 7.388E-20
 8.062E-20 8.428E-20 8.495E-20 8.223E-20 7.713E-20 7.330E-20 7.269E-20 7.120E-20 6.891E-20 6.960E-20
 7.448E-20 7.841E-20 7.595E-20 6.868E-20 6.302E-20 6.196E-20 6.367E-20 6.694E-20 7.013E-20 7.084E-20
 6.908E-20 6.658E-20 6.783E-20 7.187E-20 7.578E-20 7.547E-20 7.392E-20 7.321E-20 7.214E-20 6.963E-20
 6.653E-20 6.508E-20 6.801E-20 7.195E-20 7.326E-20 6.958E-20 6.294E-20 5.618E-20 5.290E-20 5.312E-20
 5.742E-20 6.599E-20 7.403E-20 7.995E-20 7.940E-20 7.437E-20 6.614E-20 5.761E-20 5.334E-20 5.423E-20
 5.750E-20 6.145E-20 6.185E-20 5.873E-20 5.584E-20 5.690E-20 6.357E-20 7.403E-20 8.057E-20 8.042E-20
 7.650E-20 7.261E-20 7.038E-20 6.672E-20 5.921E-20 5.273E-20 5.384E-20 6.062E-20 6.671E-20 6.901E-20
 6.761E-20 6.413E-20 6.282E-20 6.348E-20 6.456E-20 6.663E-20 7.115E-20 7.537E-20 7.463E-20 7.078E-20
 6.915E-20 6.911E-20 7.472E-20 8.114E-20 8.502E-20 8.709E-20 8.362E-20 7.398E-20 6.321E-20 5.785E-20
 5.857E-20 6.428E-20 6.663E-20 6.517E-20 6.353E-20 6.052E-20 5.757E-20 5.772E-20 6.248E-20 7.052E-20
 7.915E-20 8.248E-20 8.421E-20 8.624E-20 8.546E-20 7.881E-20 6.931E-20 6.495E-20 6.980E-20 7.534E-20
 7.892E-20 7.793E-20 7.523E-20 7.368E-20 7.137E-20 6.609E-20 6.024E-20 5.507E-20 5.236E-20 5.024E-20
 5.022E-20 5.224E-20 5.657E-20 6.133E-20 6.760E-20 7.507E-20 8.028E-20 8.528E-20 8.852E-20 8.875E-20
 8.649E-20 8.110E-20 7.444E-20 7.200E-20 7.623E-20 8.323E-20 8.424E-20 7.473E-20 6.133E-20 5.229E-20
 4.791E-20 4.886E-20 5.480E-20 6.204E-20 6.621E-20 6.549E-20 6.356E-20 6.242E-20 6.172E-20 5.835E-20
 5.381E-20 5.197E-20 5.534E-20 6.051E-20 6.523E-20 6.894E-20 7.135E-20 6.761E-20 5.817E-20 5.141E-20
 5.277E-20 5.847E-20 6.096E-20 6.125E-20 6.320E-20 6.794E-20 7.226E-20 7.285E-20 6.721E-20 6.277E-20
 6.156E-20 6.252E-20 6.462E-20 6.547E-20 6.864E-20 7.552E-20 8.258E-20 8.373E-20 7.856E-20 7.196E-20
 6.901E-20 6.871E-20 6.840E-20 6.621E-20 6.446E-20 6.633E-20 7.434E-20 8.330E-20 9.041E-20 9.155E-20
 8.593E-20 7.567E-20 6.967E-20 7.359E-20 8.262E-20 9.031E-20 9.220E-20 8.762E-20 8.226E-20 7.290E-20
 6.042E-20 4.884E-20 4.102E-20 3.844E-20 4.067E-20 4.498E-20 5.049E-20 5.434E-20 5.650E-20 6.199E-20
 7.297E-20 8.249E-20 8.147E-20 7.486E-20 7.101E-20 7.558E-20 8.397E-20 9.206E-20 9.583E-20 9.136E-20
 8.123E-20 7.009E-20 5.963E-20 5.435E-20 5.464E-20 5.891E-20 6.442E-20 7.092E-20 7.390E-20 7.284E-20
 7.121E-20 7.165E-20 7.464E-20 7.950E-20 8.154E-20 7.912E-20 7.432E-20 6.935E-20 6.528E-20 6.085E-20
 5.700E-20 5.534E-20 5.540E-20 5.668E-20 6.055E-20 6.814E-20 7.591E-20 8.276E-20 8.865E-20 9.411E-20
 9.393E-20 8.428E-20 6.980E-20 6.001E-20 5.917E-20 6.508E-20 7.107E-20 7.311E-20 7.161E-20 6.733E-20
 6.135E-20 5.761E-20 5.833E-20 6.044E-20 6.381E-20 6.626E-20 6.869E-20 7.248E-20 7.706E-20 8.121E-20
 8.270E-20 8.350E-20 8.598E-20 8.837E-20 8.877E-20 8.682E-20 8.296E-20 7.735E-20 7.225E-20 7.086E-20
 7.174E-20 6.985E-20 6.289E-20 5.342E-20 4.931E-20 5.223E-20 5.906E-20 6.484E-20 6.751E-20 6.818E-20
 6.791E-20 6.832E-20 6.638E-20 6.387E-20 5.956E-20 5.878E-20 6.175E-20 6.233E-20 5.925E-20 5.532E-20
 5.570E-20 5.900E-20 6.278E-20 6.878E-20 7.965E-20 9.118E-20 9.625E-20 9.535E-20 9.136E-20 8.594E-20
 7.871E-20 6.953E-20 6.238E-20 6.056E-20 6.212E-20 6.469E-20 6.746E-20 7.038E-20 7.384E-20 7.645E-20
 7.461E-20 7.093E-20 6.753E-20 6.356E-20 5.823E-20 5.256E-20 5.377E-20 6.255E-20 7.279E-20 7.736E-20
 7.671E-20 7.777E-20 8.196E-20 8.342E-20 7.970E-20 7.693E-20 8.093E-20 8.743E-20 8.921E-20 8.466E-20
 7.599E-20 6.735E-20 6.338E-20 6.493E-20 6.949E-20 7.317E-20 7.488E-20 7.698E-20 7.948E-20 7.952E-20
 7.639E-20 6.962E-20 6.241E-20 5.483E-20 4.968E-20 5.178E-20 6.153E-20 7.271E-20 7.944E-20 8.092E-20
 7.910E-20 7.588E-20 7.218E-20 7.016E-20 6.595E-20 5.932E-20 5.433E-20 5.752E-20 6.617E-20 6.960E-20
 6.636E-20 6.225E-20 6.137E-20 6.497E-20 7.025E-20 7.220E-20 7.105E-20 6.933E-20 7.126E-20 7.926E-20
 8.537E-20 8.480E-20 7.951E-20 7.633E-20 7.857E-20 8.446E-20 8.663E-20 8.443E-20 7.923E-20 7.305E-20
 7.129E-20 7.649E-20 8.235E-20 8.214E-20 7.518E-20 6.985E-20 6.684E-20 6.162E-20 5.699E-20 5.548E-20
 5.752E-20 5.958E-20 5.960E-20 5.916E-20 6.037E-20 6.090E-20 6.252E-20 6.877E-20 7.519E-20 7.626E-20
 7.377E-20 7.519E-20 8.128E-20 8.661E-20 8.761E-20 8.446E-20 7.849E-20 7.192E-20 6.581E-20 6.630E-20
 7.167E-20 7.323E-20 6.955E-20 6.389E-20 5.766E-20 5.404E-20 5.635E-20 6.490E-20 7.625E-20 8.295E-20
 8.371E-20 8.538E-20 9.285E-20 9.681E-20 9.159E-20 7.680E-20 6.052E-20 4.886E-20 4.539E-20 5.307E-20
 6.909E-20 8.254E-20 8.876E-20 8.877E-20 8.679E-20 8.445E-20 8.136E-20 7.777E-20 7.343E-20 6.512E-20
 5.681E-20 5.262E-20 5.656E-20 6.514E-20 7.112E-20 7.268E-20 6.853E-20 6.436E-20 6.400E-20 6.540E-20
 6.425E-20 6.095E-20 6.009E-20 6.370E-20 6.583E-20 6.568E-20 6.482E-20 6.826E-20 7.527E-20 8.082E-20
 8.074E-20 7.935E-20 8.028E-20 8.459E-20 9.009E-20 8.928E-20 8.172E-20 7.315E-20 7.166E-20 7.643E-20
 8.169E-20 8.238E-20 8.082E-20 8.099E-20 8.244E-20 8.001E-20 7.314E-20 6.553E-20 6.199E-20 6.471E-20
 7.364E-20 8.120E-20 8.404E-20 8.097E-20 7.623E-20 7.329E-20 7.229E-20 7.496E-20 7.984E-20 8.208E-20
 7.822E-20 6.742E-20 5.533E-20 5.014E-20 5.030E-20 5.147E-20 5.298E-20 5.357E-20 5.321E-20 5.796E-20
 7.094E-20 8.879E-20 1.013E-19 1.055E-19 1.016E-19 9.410E-20 8.765E-20 8.493E-20 8.606E-20 8.507E-20
 8.185E-20 7.939E-20 7.897E-20 8.081E-20 8.372E-20 8.589E-20 8.603E-20 8.182E-20 7.633E-20 7.243E-20
 7.069E-20 7.246E-20 7.733E-20 8.239E-20 8.436E-20 8.197E-20 7.659E-20 7.360E-20 7.329E-20 7.382E-20
 7.119E-20 6.728E-20 6.435E-20 6.296E-20 5.992E-20 5.632E-20 5.368E-20 5.471E-20 6.030E-20 6.929E-20
 7.888E-20 8.371E-20 8.072E-20 7.637E-20 7.477E-20 7.556E-20 7.628E-20 7.452E-20 7.276E-20 7.495E-20
 7.957E-20 8.174E-20 8.248E-20 8.485E-20 8.903E-20 8.923E-20 8.362E-20 7.666E-20 7.105E-20 6.606E-20
 6.209E-20 6.075E-20 6.490E-20 7.506E-20 8.555E-20 9.359E-20 9.407E-20 8.170E-20 6.079E-20 4.424E-20
 4.101E-20 4.869E-20 5.539E-20 5.504E-20 5.315E-20 5.588E-20 6.299E-20 7.063E-20 7.377E-20 7.441E-20
 7.480E-20 7.861E-20 8.312E-20 8.427E-20 8.343E-20 7.999E-20 7.368E-20 6.244E-20 4.972E-20 4.359E-20
 4.362E-20 4.748E-20 5.179E-20 5.719E-20 6.360E-20 6.865E-20 6.717E-20 6.416E-20 6.195E-20 5.973E-20
 5.607E-20 5.643E-20 5.841E-20 6.190E-20 6.420E-20 6.654E-20 7.029E-20 7.187E-20 7.194E-20 7.449E-20
 7.823E-20 7.838E-20 7.204E-20 6.402E-20 5.976E-20 6.095E-20 6.457E-20 6.888E-20 7.099E-20 7.014E-20
 6.458E-20 5.802E-20 5.514E-20 5.805E-20 6.806E-20 7.780E-20 8.112E-20 7.819E-20 7.468E-20 7.492E-20
 7.256E-20 6.259E-20 5.072E-20 4.548E-20 5.095E-20 6.249E-20 7.368E-20 8.040E-20 8.240E-20 8.037E-20
 8.024E-20 8.417E-20 8.890E-20 9.087E-20 9.120E-20 8.943E-20 8.262E-20 7.399E-20 7.026E-20 7.273E-20
 7.323E-20 6.691E-20 5.782E-20 5.508E-20 6.084E-20 6.796E-20 6.841E-20 6.267E-20 5.536E-20 4.724E-20
 4.413E-20 4.710E-20 5.315E-20 5.803E-20 6.594E-20 7.816E-20 8.946E-20 9.160E-20 8.550E-20 7.851E-20
 7.732E-20 7.762E-20 7.668E-20 7.350E-20 6.965E-20 6.684E-20 6.511E-20 6.225E-20 5.717E-20 5.281E-20
 5.399E-20 5.903E-20 6.510E-20 7.046E-20 7.530E-20 8.017E-20 8.221E-20 7.973E-20 7.343E-20 6.754E-20
 6.185E-20 5.704E-20 5.415E-20 5.297E-20 5.278E-20 5.296E-20 5.222E-20 5.174E-20 4.955E-20 4.272E-20
 3.523E-20 3.526E-20 4.931E-20 6.806E-20 8.011E-20 7.855E-20 6.557E-20 5.380E-20 4.986E-20 5.297E-20
 5.812E-20 6.197E-20 6.429E-20 6.395E-20 6.387E-20 6.499E-20 6.832E-20 7.389E-20 7.806E-20 8.106E-20
 8.411E-20 8.359E-20 8.170E-20 8.137E-20 8.238E-20 8.200E-20 7.936E-20 7.651E-20 7.529E-20 7.360E-20
 7.024E-20 6.922E-20 6.860E-20 6.666E-20 6.240E-20 5.957E-20 5.984E-20 6.184E-20 5.999E-20 5.373E-20
 4.673E-20 4.349E-20 4.481E-20 5.040E-20 6.033E-20 7.208E-20 8.138E-20 8.205E-20 7.641E-20 7.172E-20
 7.243E-20 7.446E-20 7.508E-20 7.358E-20 7.305E-20 7.458E-20 7.551E-20 7.674E-20 7.988E-20 8.193E-20
 8.006E-20 7.336E-20 6.478E-20 6.083E-20 6.049E-20 6.106E-20 6.253E-20 6.505E-20 6.739E-20 6.931E-20
 7.014E-20 6.874E-20 6.605E-20 6.346E-20 6.200E-20 5.964E-20 5.582E-20 5.123E-20 4.948E-20 5.221E-20
 5.597E-20 5.820E-20 6.025E-20 6.557E-20 7.148E-20 7.333E-20 6.866E-20 5.996E-20 5.237E-20 4.882E-20
 5.075E-20 5.294E-20 5.123E-20 4.594E-20 4.092E-20 4.129E-20 4.701E-20 5.578E-20 6.226E-20 6.356E-20
 6.204E-20 6.275E-20 6.420E-20 6.442E-20 6.184E-20 5.567E-20 5.323E-20 5.772E-20 6.271E-20 6.526E-20
 6.276E-20 5.717E-20 5.460E-20 6.004E-20 7.217E-20 8.219E-20 8.530E-20 8.358E-20 8.092E-20 7.958E-20
 7.478E-20 6.808E-20 6.088E-20 5.471E-20 5.040E-20 5.021E-20 5.602E-20 6.595E-20 7.419E-20 7.637E-20
 7.096E-20 6.135E-20 5.311E-20 5.166E-20 5.629E-20 6.252E-20 6.561E-20 6.438E-20 6.078E-20 5.938E-20
 6.286E-20 6.876E-20 7.365E-20 7.506E-20 7.223E-20 6.614E-20 6.125E-20 6.147E-20 6.705E-20 7.476E-20
 8.072E-20 8.285E-20 8.372E-20 7.971E-20 6.935E-20 5.533E-20 4.637E-20 4.514E-20 4.823E-20 4.763E-20
 4.254E-20 3.756E-20 3.532E-20 3.714E-20 4.340E-20 4.709E-20 4.759E-20 5.044E-20 5.723E-20 6.211E-20
 5.816E-20 4.998E-20 4.749E-20 5.433E-20 6.232E-20 6.346E-20 6.187E-20 6.070E-20 5.897E-20 5.308E-20
 4.351E-20 3.791E-20 3.957E-20 4.615E-20 5.497E-20 6.529E-20 7.209E-20 7.497E-20 7.275E-20 6.851E-20
 6.660E-20 7.106E-20 7.880E-20 8.137E-20 7.340E-20 6.295E-20 6.163E-20 6.954E-20 7.480E-20 7.188E-20
 6.493E-20 6.187E-20 6.445E-20 6.792E-20 6.621E-20 6.174E-20 5.687E-20 5.496E-20 5.652E-20 5.938E-20
 6.278E-20 6.892E-20 7.833E-20 8.801E-20 9.209E-20 8.848E-20 7.975E-20 6.937E-20 5.972E-20 5.104E-20
 4.708E-20 4.742E-20 4.770E-20 4.723E-20 4.598E-20 4.527E-20 4.808E-20 5.349E-20 5.512E-20 5.093E-20
 4.682E-20 4.809E-20 5.638E-20 6.493E-20 6.748E-20 6.336E-20 5.934E-20 5.712E-20 5.412E-20 4.847E-20
 4.202E-20 3.924E-20 4.304E-20 5.206E-20 6.104E-20 6.146E-20 5.320E-20 4.453E-20 4.234E-20 4.369E-20
 4.494E-20 4.688E-20 5.280E-20 6.349E-20 7.390E-20 7.808E-20 7.421E-20 6.531E-20 5.553E-20 4.854E-20
 4.415E-20 4.025E-20 3.821E-20 4.123E-20 4.873E-20 5.653E-20 5.822E-20 5.811E-20 6.104E-20 6.595E-20
 6.746E-20 6.156E-20 5.474E-20 5.666E-20 6.516E-20 7.022E-20 6.591E-20 5.488E-20 4.713E-20 4.702E-20
 4.877E-20 4.979E-20 5.144E-20 5.465E-20 5.648E-20 5.518E-20 5.416E-20 5.716E-20 6.112E-20 6.451E-20
 6.726E-20 7.056E-20 7.217E-20 6.920E-20 6.269E-20 5.448E-20 4.614E-20 3.911E-20 3.651E-20 3.733E-20
 3.966E-20 4.092E-20 4.360E-20 5.197E-20 6.147E-20 6.336E-20 5.655E-20 4.780E-20 4.329E-20 4.449E-20
 4.784E-20 5.261E-20 5.660E-20 5.787E-20 5.510E-20 5.004E-20 4.754E-20 4.902E-20 5.156E-20 5.108E-20
 4.765E-20 4.202E-20 3.612E-20 3.461E-20 4.024E-20 5.296E-20 6.529E-20 7.481E-20 7.868E-20 7.468E-20
 6.577E-20 5.692E-20 5.297E-20 5.258E-20 5.205E-20 4.902E-20 4.389E-20 3.649E-20 2.706E-20 1.762E-20
 1.532E-20 2.166E-20 3.378E-20 4.480E-20 5.096E-20 5.209E-20 5.364E-20 5.547E-20 5.887E-20 5.980E-20
 5.666E-20 5.182E-20 4.895E-20 4.715E-20 4.682E-20 4.762E-20 4.914E-20 4.949E-20 4.791E-20 4.540E-20
 4.529E-20 4.681E-20 4.740E-20 4.743E-20 4.737E-20 4.748E-20 4.799E-20 4.987E-20 5.138E-20 5.135E-20
 5.061E-20 4.981E-20 4.964E-20 4.848E-20 4.726E-20 5.083E-20 5.682E-20 5.896E-20 5.488E-20 4.708E-20
 3.966E-20 3.530E-20 3.323E-20 3.321E-20 3.534E-20 3.750E-20 3.923E-20 4.086E-20 4.066E-20 3.924E-20
 3.819E-20 3.770E-20 3.910E-20 4.086E-20 4.488E-20 5.075E-20 5.494E-20 5.346E-20 4.938E-20 4.818E-20
 5.078E-20 5.426E-20 5.808E-20 6.116E-20 6.172E-20 5.888E-20 5.498E-20 5.272E-20 5.392E-20 5.289E-20
 4.912E-20 4.387E-20 4.167E-20 3.991E-20 3.757E-20 3.478E-20 3.143E-20 2.701E-20 2.584E-20 2.742E-20
 3.068E-20 3.258E-20 3.420E-20 3.715E-20 4.128E-20 4.269E-20 4.182E-20 4.417E-20 4.940E-20 5.190E-20
 4.996E-20 4.798E-20 4.705E-20 4.591E-20 4.482E-20 4.510E-20 4.841E-20 5.014E-20 4.791E-20 4.478E-20
 4.399E-20 4.431E-20 4.225E-20 3.847E-20 3.464E-20 3.323E-20 3.602E-20 4.242E-20 4.642E-20 4.689E-20
 4.675E-20 4.987E-20 5.602E-20 5.760E-20 5.083E-20 4.010E-20 3.090E-20 2.467E-20 1.901E-20 1.368E-20
 1.503E-20 2.375E-20 3.538E-20 4.252E-20 4.458E-20 4.526E-20 4.720E-20 4.574E-20 3.811E-20 2.862E-20
 2.164E-20 2.051E-20 2.273E-20 2.599E-20 2.605E-20 2.130E-20 1.542E-20 1.351E-20 1.737E-20 2.526E-20
 3.258E-20 3.609E-20 3.672E-20 3.707E-20 3.713E-20 3.861E-20 4.103E-20 4.271E-20 4.138E-20 3.853E-20
 3.742E-20 3.794E-20 4.079E-20 4.234E-20 4.028E-20 3.576E-20 2.750E-20 1.585E-20 6.026E-21 2.907E-21
 8.799E-21 2.008E-20 3.196E-20 4.147E-20 4.757E-20 5.095E-20 5.225E-20 5.066E-20 4.688E-20 4.271E-20
 3.902E-20 3.312E-20 2.557E-20 1.895E-20 1.570E-20 2.102E-20 3.143E-20 3.992E-20 4.303E-20 4.226E-20
 4.253E-20 4.313E-20 4.095E-20 3.626E-20 3.388E-20 3.722E-20 4.404E-20 4.826E-20 4.711E-20 4.233E-20
 3.581E-20 2.759E-20 1.907E-20 1.604E-20 1.938E-20 2.555E-20 3.078E-20 3.405E-20 3.589E-20 3.731E-20
 3.934E-20 4.239E-20 4.583E-20 4.687E-20 4.327E-20 3.942E-20 4.019E-20 4.341E-20 4.255E-20 3.716E-20
 3.078E-20 2.560E-20 2.077E-20 1.629E-20 1.551E-20 1.803E-20 2.106E-20 2.426E-20 2.806E-20 3.458E-20
 4.155E-20 4.537E-20 4.609E-20 4.555E-20 4.227E-20 3.810E-20 3.422E-20 3.132E-20 2.925E-20 2.420E-20
 1.929E-20 1.707E-20 1.800E-20 1.842E-20 1.923E-20 2.122E-20 2.468E-20 2.963E-20 3.347E-20 3.525E-20
 3.669E-20 3.849E-20 3.958E-20 3.975E-20 3.824E-20 3.697E-20 3.811E-20 4.232E-20 4.486E-20 4.106E-20
 3.257E-20 2.521E-20 2.029E-20 1.804E-20 1.865E-20 2.386E-20 3.185E-20 3.761E-20 3.618E-20 3.290E-20
 3.487E-20 4.406E-20 5.440E-20 5.954E-20 5.710E-20 4.821E-20 3.839E-20 3.252E-20 3.285E-20 3.633E-20
 3.567E-20 3.098E-20 2.833E-20 2.869E-20 2.993E-20 2.883E-20 2.414E-20 1.881E-20 1.568E-20 1.817E-20
 2.647E-20 3.668E-20 4.245E-20 4.197E-20 3.541E-20 2.677E-20 1.850E-20 1.188E-20 8.965E-21 1.125E-20
 1.652E-20 2.239E-20 2.815E-20 3.236E-20 3.465E-20 3.743E-20 4.270E-20 4.804E-20 4.873E-20 4.523E-20
 3.990E-20 3.855E-20 4.093E-20 4.216E-20 3.990E-20 3.642E-20 3.349E-20 3.209E-20 3.063E-20 2.922E-20
 2.774E-20 2.529E-20 2.322E-20 2.151E-20 1.903E-20 1.879E-20 2.076E-20 2.461E-20 2.527E-20 2.034E-20
 1.393E-20 9.203E-21 6.335E-21 5.649E-21 7.010E-21 1.199E-20 1.707E-20 1.770E-20 1.684E-20 1.873E-20
 2.226E-20 2.619E-20 2.776E-20 2.799E-20 2.702E-20 2.460E-20 2.473E-20 2.933E-20 3.523E-20 3.529E-20
 2.902E-20 2.325E-20 2.427E-20 2.854E-20 2.966E-20 2.733E-20 2.292E-20 1.931E-20 1.962E-20 2.359E-20
 2.980E-20 3.231E-20 2.762E-20 2.024E-20 1.731E-20 2.280E-20 3.180E-20 3.712E-20 3.966E-20 4.226E-20
 4.449E-20 4.285E-20 3.695E-20 3.006E-20 2.243E-20 1.404E-20 8.241E-21 8.461E-21 1.654E-20 2.703E-20
 3.315E-20 3.210E-20 2.477E-20 1.692E-20 1.475E-20 1.796E-20 2.502E-20 3.089E-20 3.172E-20 2.878E-20
 2.628E-20 2.451E-20 2.588E-20 2.911E-20 3.054E-20 2.900E-20 2.806E-20 3.357E-20 4.566E-20 5.592E-20
 5.623E-20 4.583E-20 3.316E-20 2.686E-20 3.048E-20 4.008E-20 4.771E-20 4.711E-20 3.972E-20 3.213E-20
 2.781E-20 2.512E-20 1.944E-20 1.276E-20 1.048E-20 1.360E-20 1.929E-20 2.133E-20 2.140E-20 2.521E-20
 3.308E-20 3.857E-20 3.873E-20 3.833E-20 4.064E-20 4.622E-20 5.139E-20 4.768E-20 3.681E-20 2.609E-20
 2.215E-20 2.543E-20 2.968E-20 2.868E-20 2.308E-20 1.611E-20 1.065E-20 8.144E-21 5.420E-21 4.594E-21
 9.489E-21 1.927E-20 2.996E-20 3.500E-20 3.139E-20 2.408E-20 1.737E-20 1.276E-20 7.752E-21 2.791E-21
 0.000E+00 6.140E-22 3.191E-21 8.393E-21 1.716E-20 2.649E-20 2.996E-20 2.544E-20 1.924E-20 1.875E-20
 2.380E-20 2.983E-20 3.390E-20 3.705E-20 3.816E-20 3.430E-20 2.750E-20 2.387E-20 2.322E-20 2.050E-20
 1.509E-20 1.418E-20 2.095E-20 2.755E-20 2.808E-20 2.303E-20 1.843E-20 1.825E-20 2.089E-20 2.093E-20
 1.800E-20 1.442E-20 1.409E-20 1.668E-20 1.950E-20 2.174E-20 2.336E-20 2.325E-20 2.162E-20 2.111E-20
 2.536E-20 3.234E-20 3.701E-20 3.687E-20 3.144E-20 2.230E-20 1.252E-20 5.573E-21 3.492E-21 6.172E-21
 1.021E-20 1.186E-20 1.172E-20 1.223E-20 1.364E-20 1.471E-20 1.510E-20 1.383E-20 8.003E-21 1.447E-21
 0.000E+00 0.000E+00 1.380E-21 4.716E-21 7.146E-21 1.306E-20 2.117E-20 2.450E-20 2.077E-20 1.478E-20
 1.089E-20 9.897E-21 1.041E-20 1.355E-20 1.723E-20 1.789E-20 1.343E-20 7.291E-21 4.546E-21 7.230E-21
 1.496E-20 2.291E-20 2.767E-20 2.761E-20 2.194E-20 1.106E-20 1.239E-21 0.000E+00 0.000E+00 4.462E-21
 1.691E-20 2.493E-20 2.691E-20 2.494E-20 2.002E-20 1.180E-20 3.340E-21 0.000E+00 0.000E+00 0.000E+00
 9.245E-22 7.413E-21 1.893E-20 2.234E-20 1.803E-20 1.294E-20 1.403E-20 1.985E-20 2.170E-20 1.588E-20
 7.477E-21 3.472E-21 6.747E-21 1.297E-20 1.728E-20 1.859E-20 1.818E-20 1.865E-20 2.087E-20 2.374E-20
 2.401E-20 2.083E-20 1.801E-20 1.997E-20 2.261E-20 1.973E-20 1.386E-20 1.097E-20 1.202E-20 1.247E-20
 8.388E-21 2.522E-21 0.000E+00 0.000E+00 1.235E-21 5.374E-21 1.098E-20 1.718E-20 2.132E-20 2.433E-20
 2.902E-20 3.122E-20 2.895E-20 2.437E-20 1.981E-20 1.773E-20 1.756E-20 1.758E-20 1.955E-20 2.388E-20
 2.639E-20 2.236E-20 1.278E-20 3.878E-21 2.799E-21 9.440E-21 1.813E-20 2.377E-20 2.291E-20 1.690E-20
 8.830E-21 2.179E-21 0.000E+00 1.962E-21 7.914E-21 1.256E-20 1.249E-20 8.986E-21 4.859E-21 2.554E-21
 2.286E-21 3.889E-21 7.374E-21 9.924E-21 9.091E-21 4.172E-21 0.000E+00 0.000E+00 0.000E+00 1.298E-21
 5.390E-21 8.577E-21 8.233E-21 7.870E-21 1.136E-20 1.671E-20 1.807E-20 1.317E-20 4.866E-21 0.000E+00
 2.044E-21 7.714E-21 1.021E-20 6.476E-21 2.060E-21 2.584E-21 7.862E-21 1.444E-20 1.996E-20 2.146E-20
 1.914E-20 1.733E-20 1.867E-20 2.073E-20 1.898E-20 1.417E-20 1.191E-20 1.400E-20 1.257E-20 5.536E-21
 0.000E+00 0.000E+00 3.662E-21 1.567E-20 2.709E-20 2.897E-20 2.328E-20 1.522E-20 9.355E-21 6.224E-21
 4.490E-21 4.234E-21 6.366E-21 9.596E-21 9.930E-21 6.751E-21 2.074E-21 0.000E+00 0.000E+00 0.000E+00
 0.000E+00 0.000E+00 0.000E+00 0.000E+00 0.000E+00 0.000E+00 3.302E-21 1.238E-20 1.933E-20 2.332E-20
 2.732E-20 3.197E-20 3.493E-20 3.303E-20 2.949E-20 2.814E-20 2.664E-20 2.513E-20 2.424E-20 2.414E-20
 2.467E-20 2.298E-20 1.800E-20 1.187E-20 5.279E-21 3.479E-22 1.713E-21 8.580E-21 1.830E-20 2.394E-20
 2.325E-20 1.915E-20 1.473E-20 1.073E-20 8.289E-21 9.916E-21 1.473E-20 1.848E-20 1.660E-20 9.382E-21
 2.187E-21 0.000E+00 0.000E+00 2.602E-22 5.132E-21 1.668E-20 2.449E-20 2.681E-20 2.751E-20 3.026E-20
 3.271E-20 2.993E-20 2.079E-20 1.194E-20 8.797E-21 8.428E-21 8.660E-21 9.544E-21 1.179E-20 1.159E-20
 8.119E-21 5.324E-21 7.981E-21 1.425E-20 1.873E-20 1.946E-20 1.892E-20 2.067E-20 2.430E-20 2.634E-20
 2.448E-20 1.891E-20 9.906E-21 1.920E-21 0.000E+00 0.000E+00 0.000E+00 1.694E-21 3.971E-21 1.730E-21
 0.000E+00 0.000E+00 1.264E-21 6.937E-21 1.255E-20 9.906E-21 6.305E-21 6.244E-21 6.947E-21 7.891E-21
 1.375E-20 2.294E-20 2.757E-20 2.224E-20 8.854E-21 0.000E+00 0.000E+00 1.045E-21 6.951E-21 1.628E-20
 1.964E-20 1.734E-20 1.389E-20 1.106E-20 8.049E-21 5.711E-21 4.164E-21 3.180E-21 1.781E-21 2.516E-22
 0.000E+00 0.000E+00 0.000E+00 0.000E+00 1.316E-21 3.686E-21 4.543E-21 7.195E-21 1.058E-20 1.258E-20
 1.382E-20 1.636E-20 2.117E-20 2.236E-20 1.668E-20 7.845E-21 3.533E-21 5.235E-21 9.679E-21 1.240E-20
 1.184E-20 1.154E-20 1.242E-20 1.373E-20 1.407E-20 1.144E-20 6.106E-21 1.332E-21 0.000E+00 0.000E+00
 3.761E-22 4.045E-21 1.016E-20 1.156E-20 9.954E-21 7.020E-21 5.227E-21 5.802E-21 8.813E-21 9.983E-21
 5.423E-21 1.947E-22 0.000E+00 1.733E-21 1.051E-20 2.223E-20 2.274E-20 1.353E-20 3.452E-21 0.000E+00
 0.000E+00 0.000E+00 4.418E-22 4.793E-21 1.245E-20 1.456E-20 1.233E-20 8.393E-21 3.319E-21 0.000E+00
 0.000E+00 0.000E+00 0.000E+00 0.000E+00 0.000E+00 0.000E+00 0.000E+00 0.000E+00 5.344E-21 1.924E-20
 3.004E-20 3.212E-20 2.456E-20 1.419E-20 7.219E-21 3.661E-21 1.069E-21 0.000E+00 0.000E+00 0.000E+00
 0.000E+00 0.000E+00 0.000E+00 1.207E-21 5.282E-21 1.068E-20 1.521E-20 1.746E-20 1.681E-20 1.449E-20
 1.136E-20 7.067E-21 2.810E-21 2.669E-22 1.513E-21 7.045E-21 1.358E-20 1.604E-20 1.614E-20 1.735E-20
 1.970E-20 2.077E-20 1.918E-20 1.711E-20 1.721E-20 1.864E-20 1.842E-20 1.773E-20 1.823E-20 1.732E-20
 1.363E-20 9.713E-21 9.182E-21 1.219E-20 1.734E-20 2.086E-20 2.074E-20 1.784E-20 1.262E-20 8.557E-21
 1.003E-20 1.728E-20 2.465E-20 2.652E-20 2.306E-20 1.801E-20 1.129E-20 3.465E-21 0.000E+00 0.000E+00
 0.000E+00 0.000E+00 0.000E+00 0.000E+00 0.000E+00 0.000E+00 0.000E+00 0.000E+00 0.000E+00 0.000E+00
 0.000E+00 3.150E-21 8.793E-21 8.493E-21 6.738E-21 8.759E-21 1.181E-20 9.897E-21 3.124E-21 0.000E+00
 0.000E+00 0.000E+00 2.356E-21 7.388E-21 9.655E-21 9.470E-21 7.765E-21 5.759E-21 7.282E-21 1.444E-20
 2.147E-20 2.323E-20 2.062E-20 1.719E-20 1.509E-20 1.291E-20 9.122E-21 4.937E-21 1.512E-21 2.942E-23
 0.000E+00 0.000E+00 0.000E+00 0.000E+00 0.000E+00 2.308E-21 1.225E-20 2.546E-20 2.974E-20 2.632E-20
 2.169E-20 1.835E-20 1.499E-20 1.121E-20 8.693E-21 6.364E-21 2.895E-21 0.000E+00 0.000E+00 2.276E-21
 6.337E-21 4.358E-21 0.000E+00 0.000E+00 0.000E+00 0.000E+00 0.000E+00 0.000E+00 0.000E+00 0.000E+00
 3.083E-23 4.719E-23 0.000E+00 0.000E+00 0.000E+00 0.000E+00 0.000E+00 0.000E+00 0.000E+00 0.000E+00
 0.000E+00 0.000E+00 0.000E+00 0.000E+00 0.000E+00 2.403E-22 2.374E-21 8.464E-21 1.747E-20 2.608E-20
 3.037E-20 2.825E-20 2.115E-20 1.136E-20 3.038E-21 0.000E+00 3.512E-22 4.272E-21 1.189E-20 1.659E-20
 1.780E-20 1.728E-20 1.669E-20 1.712E-20 2.042E-20 2.467E-20 2.537E-20 2.129E-20 1.493E-20 1.044E-20
 7.609E-21 5.086E-21 3.052E-21 3.280E-21 4.915E-21 4.979E-21 2.228E-21 0.000E+00 0.000E+00 0.000E+00
 0.000E+00 0.000E+00 2.888E-21 9.737E-21 1.212E-20 8.619E-21 4.980E-21 1.591E-21 0.000E+00 0.000E+00
 0.000E+00 0.000E+00 0.000E+00 0.000E+00 0.000E+00 0.000E+00 0.000E+00 0.000E+00 1.797E-21 6.390E-21
 9.267E-21 8.753E-21 6.886E-21 4.485E-21 5.151E-21 1.096E-20 1.527E-20 9.086E-21 3.758E-22 0.000E+00
 0.000E+00 0.000E+00 0.000E+00 0.000E+00 0.000E+00 2.495E-22 3.628E-22 0.000E+00 0.000E+00 2.115E-21
 9.023E-21 1.591E-20 1.728E-20 1.517E-20 1.276E-20 1.156E-20 9.060E-21 3.867E-21 0.000E+00 0.000E+00
 1.402E-22 2.305E-21 5.212E-21 4.657E-21 3.540E-21 2.934E-21 1.406E-21 0.000E+00 0.000E+00 0.000E+00
 0.000E+00 0.000E+00 1.660E-22 1.820E-21 2.676E-21 5.895E-22 0.000E+00 0.000E+00 0.000E+00 0.000E+00
 2.103E-21 6.266E-21 7.299E-21 5.179E-21 3.100E-21 2.525E-21 2.891E-21 5.179E-21 1.010E-20 1.646E-20
 2.311E-20 2.928E-20 3.157E-20 2.893E-20 2.264E-20 1.655E-20 1.381E-20 1.223E-20 1.003E-20 7.557E-21
 6.803E-21 7.056E-21 5.588E-21 2.293E-21 0.000E+00 0.000E+00 0.000E+00 0.000E+00 2.267E-22 4.472E-21
 1.007E-20 9.316E-21 7.556E-21 7.301E-21 8.914E-21 1.153E-20 1.399E-20 1.378E-20 8.924E-21 2.619E-21
 0.000E+00 0.000E+00 0.000E+00 0.000E+00 0.000E+00 0.000E+00 0.000E+00 0.000E+00
