   CFH2CF3  815.0172  865.0188      5808     253.0    0.0000 1.763E-19  HITRAN    HFC-134a    air 31
 2.597E-20 2.757E-20 2.016E-20 9.277E-21 4.670E-21 8.348E-21 1.472E-20 1.679E-20 1.219E-20 4.328E-21
 3.550E-22 0.000E+00 0.000E+00 0.000E+00 0.000E+00 0.000E+00 0.000E+00 0.000E+00 4.836E-22 5.536E-21
 1.131E-20 1.409E-20 1.545E-20 1.413E-20 8.570E-21 2.284E-21 0.000E+00 0.000E+00 0.000E+00 4.540E-21
 8.807E-21 7.446E-21 3.925E-21 1.030E-21 0.000E+00 0.000E+00 0.000E+00 0.000E+00 0.000E+00 2.127E-21
 1.052E-20 2.205E-20 2.892E-20 2.597E-20 1.341E-20 2.805E-21 0.000E+00 0.000E+00 1.233E-21 1.100E-21
 1.665E-22 9.640E-22 3.666E-21 4.502E-21 1.683E-21 0.000E+00 0.000E+00 0.000E+00 0.000E+00 0.000E+00
 0.000E+00 0.000E+00 0.000E+00 0.000E+00 0.000E+00 0.000E+00 0.000E+00 0.000E+00 5.700E-21 1.243E-20
 1.378E-20 1.311E-20 1.219E-20 7.703E-21 2.021E-21 0.000E+00 0.000E+00 1.367E-21 4.009E-21 6.187E-21
 9.264E-21 1.352E-20 1.528E-20 1.400E-20 1.178E-20 1.122E-20 1.199E-20 9.485E-21 3.057E-21 0.000E+00
 0.000E+00 0.000E+00 2.116E-21 6.032E-21 8.716E-21 1.343E-20 2.326E-20 3.022E-20 2.691E-20 1.802E-20
 1.209E-20 1.288E-20 1.769E-20 2.194E-20 2.353E-20 2.258E-20 2.176E-20 2.185E-20 1.953E-20 1.298E-20
 3.893E-21 0.000E+00 0.000E+00 0.000E+00 0.000E+00 0.000E+00 0.000E+00 2.025E-21 6.964E-21 1.067E-20
 9.779E-21 3.445E-21 0.000E+00 0.000E+00 0.000E+00 1.856E-21 7.266E-21 1.171E-20 1.397E-20 1.429E-20
 1.515E-20 1.770E-20 1.792E-20 1.347E-20 8.780E-21 8.227E-21 1.054E-20 9.542E-21 3.235E-21 0.000E+00
 0.000E+00 0.000E+00 0.000E+00 2.361E-21 6.462E-21 1.071E-20 1.510E-20 1.769E-20 1.544E-20 9.462E-21
 3.543E-21 2.213E-21 5.009E-21 7.959E-21 9.437E-21 8.989E-21 8.588E-21 8.283E-21 7.273E-21 5.945E-21
 6.389E-21 8.519E-21 1.076E-20 1.308E-20 1.558E-20 1.588E-20 1.258E-20 7.665E-21 4.785E-21 5.792E-21
 6.647E-21 3.629E-21 6.857E-22 0.000E+00 0.000E+00 0.000E+00 1.610E-22 3.079E-21 7.190E-21 9.129E-21
 3.890E-21 1.231E-22 0.000E+00 0.000E+00 0.000E+00 0.000E+00 0.000E+00 0.000E+00 0.000E+00 0.000E+00
 0.000E+00 0.000E+00 0.000E+00 1.033E-21 4.020E-21 7.474E-21 9.706E-21 9.625E-21 7.316E-21 2.388E-21
 0.000E+00 0.000E+00 1.218E-21 4.892E-21 6.546E-21 2.498E-21 0.000E+00 6.536E-22 9.105E-21 2.244E-20
 3.124E-20 3.192E-20 2.506E-20 1.510E-20 6.399E-21 1.767E-21 2.729E-21 6.929E-21 1.219E-20 1.647E-20
 1.564E-20 1.385E-20 1.718E-20 2.431E-20 2.877E-20 2.655E-20 2.181E-20 1.983E-20 1.996E-20 1.701E-20
 1.027E-20 2.797E-21 0.000E+00 0.000E+00 8.682E-22 5.802E-21 1.041E-20 7.861E-21 2.130E-21 0.000E+00
 0.000E+00 0.000E+00 0.000E+00 0.000E+00 0.000E+00 0.000E+00 0.000E+00 0.000E+00 0.000E+00 0.000E+00
 0.000E+00 0.000E+00 0.000E+00 0.000E+00 0.000E+00 1.225E-23 1.627E-21 1.254E-21 1.573E-22 0.000E+00
 0.000E+00 0.000E+00 0.000E+00 0.000E+00 0.000E+00 0.000E+00 4.289E-21 1.144E-20 1.639E-20 1.946E-20
 1.968E-20 1.680E-20 1.306E-20 1.042E-20 8.244E-21 8.158E-21 7.697E-21 6.206E-21 4.869E-21 4.751E-21
 8.159E-21 1.423E-20 1.966E-20 1.914E-20 1.182E-20 3.101E-21 0.000E+00 0.000E+00 0.000E+00 6.937E-23
 4.375E-21 1.162E-20 1.475E-20 1.389E-20 1.296E-20 1.568E-20 2.038E-20 2.200E-20 1.830E-20 1.108E-20
 4.619E-21 1.828E-21 2.185E-21 5.663E-21 1.283E-20 2.134E-20 2.646E-20 2.665E-20 2.588E-20 2.493E-20
 2.077E-20 1.322E-20 6.561E-21 4.887E-21 7.453E-21 9.098E-21 8.125E-21 7.426E-21 6.316E-21 2.111E-21
 0.000E+00 0.000E+00 0.000E+00 1.566E-21 5.562E-21 1.077E-20 1.385E-20 1.327E-20 7.268E-21 1.540E-21
 0.000E+00 0.000E+00 0.000E+00 0.000E+00 4.351E-21 1.447E-20 2.169E-20 2.233E-20 1.833E-20 1.227E-20
 5.475E-21 1.370E-21 2.367E-21 6.688E-21 1.207E-20 1.702E-20 1.796E-20 1.383E-20 5.011E-21 4.134E-22
 0.000E+00 0.000E+00 0.000E+00 0.000E+00 2.866E-21 4.243E-21 1.496E-21 0.000E+00 0.000E+00 5.718E-21
 1.638E-20 2.290E-20 2.143E-20 1.602E-20 1.073E-20 8.573E-21 9.407E-21 1.052E-20 1.004E-20 5.668E-21
 1.246E-21 0.000E+00 0.000E+00 0.000E+00 0.000E+00 0.000E+00 3.974E-21 1.427E-20 1.756E-20 9.117E-21
 1.716E-21 0.000E+00 5.299E-21 1.493E-20 2.268E-20 2.589E-20 2.377E-20 1.793E-20 1.021E-20 2.616E-21
 0.000E+00 0.000E+00 0.000E+00 4.999E-21 1.076E-20 1.030E-20 4.206E-21 5.201E-22 2.675E-21 5.749E-21
 6.175E-21 7.624E-21 1.304E-20 1.767E-20 1.382E-20 3.957E-21 0.000E+00 0.000E+00 2.423E-21 6.007E-21
 6.622E-21 3.511E-21 7.058E-22 0.000E+00 0.000E+00 0.000E+00 3.335E-21 9.165E-21 1.266E-20 1.485E-20
 1.622E-20 1.737E-20 1.753E-20 1.811E-20 2.024E-20 2.334E-20 2.514E-20 2.438E-20 2.288E-20 2.235E-20
 2.306E-20 2.444E-20 2.386E-20 2.205E-20 1.977E-20 1.634E-20 1.128E-20 5.855E-21 4.440E-21 6.326E-21
 7.492E-21 5.047E-21 1.284E-21 0.000E+00 0.000E+00 0.000E+00 0.000E+00 0.000E+00 0.000E+00 0.000E+00
 4.862E-21 1.031E-20 1.075E-20 8.556E-21 8.109E-21 1.213E-20 1.939E-20 2.469E-20 2.467E-20 1.920E-20
 1.195E-20 7.456E-21 6.038E-21 4.174E-21 1.149E-21 4.777E-22 2.875E-21 5.631E-21 5.058E-21 2.366E-21
 1.927E-21 3.295E-21 3.866E-21 3.278E-21 3.197E-21 2.434E-21 6.835E-22 0.000E+00 9.517E-22 4.637E-21
 6.826E-21 6.096E-21 6.118E-21 7.742E-21 8.819E-21 8.715E-21 7.196E-21 4.043E-21 9.561E-22 0.000E+00
 1.870E-21 2.005E-21 5.369E-22 0.000E+00 0.000E+00 2.588E-21 8.187E-21 1.197E-20 1.220E-20 1.096E-20
 6.700E-21 1.628E-21 0.000E+00 4.590E-23 2.318E-21 5.917E-21 1.061E-20 1.609E-20 1.770E-20 1.124E-20
 2.735E-21 0.000E+00 0.000E+00 0.000E+00 0.000E+00 7.739E-21 1.640E-20 1.866E-20 1.537E-20 1.094E-20
 6.797E-21 2.961E-21 2.869E-21 9.466E-21 1.784E-20 2.052E-20 1.610E-20 8.359E-21 3.918E-21 3.691E-21
 3.570E-21 2.331E-21 1.989E-21 4.109E-21 7.452E-21 1.211E-20 1.565E-20 1.857E-20 2.251E-20 2.607E-20
 2.798E-20 2.786E-20 2.946E-20 3.376E-20 3.837E-20 3.908E-20 3.271E-20 2.146E-20 9.755E-21 3.932E-21
 4.757E-21 8.999E-21 1.466E-20 2.045E-20 2.652E-20 3.054E-20 2.978E-20 2.654E-20 2.556E-20 2.746E-20
 3.050E-20 2.968E-20 2.431E-20 1.989E-20 2.006E-20 2.052E-20 1.646E-20 6.112E-21 6.347E-22 0.000E+00
 0.000E+00 0.000E+00 0.000E+00 0.000E+00 3.830E-21 6.758E-21 4.959E-21 1.273E-21 0.000E+00 0.000E+00
 0.000E+00 0.000E+00 4.679E-21 1.208E-20 1.862E-20 2.320E-20 2.271E-20 1.419E-20 3.456E-21 0.000E+00
 0.000E+00 5.209E-22 6.099E-21 1.421E-20 1.926E-20 1.496E-20 4.073E-21 0.000E+00 0.000E+00 0.000E+00
 6.671E-21 1.491E-20 1.820E-20 1.675E-20 1.328E-20 1.057E-20 9.830E-21 7.521E-21 2.111E-21 0.000E+00
 0.000E+00 0.000E+00 0.000E+00 0.000E+00 0.000E+00 0.000E+00 0.000E+00 0.000E+00 0.000E+00 0.000E+00
 0.000E+00 0.000E+00 0.000E+00 0.000E+00 0.000E+00 0.000E+00 0.000E+00 0.000E+00 5.172E-22 2.625E-21
 3.523E-21 2.334E-21 5.750E-22 2.449E-21 8.405E-21 1.430E-20 1.441E-20 1.030E-20 8.300E-21 1.244E-20
 1.993E-20 2.648E-20 2.728E-20 2.303E-20 1.703E-20 1.299E-20 1.313E-20 1.590E-20 1.664E-20 1.484E-20
 1.403E-20 1.386E-20 1.165E-20 4.866E-21 6.823E-22 0.000E+00 0.000E+00 0.000E+00 0.000E+00 0.000E+00
 0.000E+00 2.848E-21 1.357E-20 2.750E-20 3.223E-20 2.625E-20 1.695E-20 1.375E-20 1.555E-20 1.624E-20
 1.399E-20 1.042E-20 5.062E-21 9.950E-22 0.000E+00 0.000E+00 2.579E-21 8.921E-21 1.131E-20 9.887E-21
 6.997E-21 4.521E-21 4.335E-21 6.869E-21 1.252E-20 1.854E-20 2.310E-20 2.649E-20 2.780E-20 2.894E-20
 2.904E-20 2.555E-20 1.694E-20 5.104E-21 3.550E-22 0.000E+00 0.000E+00 0.000E+00 1.900E-21 7.927E-21
 9.027E-21 2.674E-21 0.000E+00 0.000E+00 0.000E+00 1.681E-21 1.743E-21 1.272E-21 3.282E-21 6.958E-21
 8.719E-21 8.190E-21 8.422E-21 1.034E-20 1.493E-20 2.009E-20 2.223E-20 2.040E-20 1.917E-20 2.045E-20
 2.403E-20 2.783E-20 2.951E-20 2.738E-20 2.204E-20 1.701E-20 1.620E-20 1.782E-20 1.307E-20 3.327E-21
 0.000E+00 0.000E+00 0.000E+00 0.000E+00 0.000E+00 0.000E+00 0.000E+00 0.000E+00 0.000E+00 1.317E-21
 1.058E-20 2.017E-20 2.080E-20 1.365E-20 4.446E-21 4.886E-22 0.000E+00 0.000E+00 0.000E+00 0.000E+00
 0.000E+00 9.244E-21 2.638E-20 3.868E-20 4.030E-20 3.093E-20 1.796E-20 8.995E-21 4.007E-21 8.528E-22
 4.856E-22 2.046E-21 1.229E-21 1.842E-22 0.000E+00 0.000E+00 7.882E-22 2.076E-21 1.736E-21 1.886E-21
 4.914E-21 7.791E-21 7.409E-21 6.279E-21 9.548E-21 1.603E-20 1.932E-20 1.745E-20 1.261E-20 1.040E-20
 9.671E-21 6.348E-21 1.522E-21 0.000E+00 0.000E+00 2.599E-21 9.244E-21 1.559E-20 1.931E-20 1.820E-20
 9.743E-21 1.954E-21 0.000E+00 0.000E+00 4.579E-21 7.717E-21 5.957E-21 3.460E-21 1.594E-21 1.834E-21
 6.120E-21 1.519E-20 2.580E-20 3.265E-20 3.147E-20 2.685E-20 2.376E-20 2.374E-20 2.466E-20 2.617E-20
 2.869E-20 2.919E-20 2.623E-20 2.220E-20 1.859E-20 1.534E-20 1.322E-20 1.558E-20 2.126E-20 2.625E-20
 2.587E-20 1.983E-20 1.473E-20 1.528E-20 2.089E-20 2.452E-20 2.308E-20 1.699E-20 1.088E-20 8.558E-21
 1.097E-20 1.236E-20 1.067E-20 6.933E-21 3.056E-21 5.796E-22 0.000E+00 0.000E+00 0.000E+00 0.000E+00
 4.338E-21 1.286E-20 2.081E-20 2.204E-20 1.446E-20 4.013E-21 2.626E-22 0.000E+00 0.000E+00 0.000E+00
 0.000E+00 3.755E-22 6.555E-21 1.113E-20 1.135E-20 8.308E-21 3.015E-21 3.792E-22 0.000E+00 0.000E+00
 1.034E-21 2.018E-21 2.889E-21 3.708E-21 3.948E-21 1.957E-21 2.513E-21 7.869E-21 1.562E-20 2.232E-20
 2.686E-20 3.024E-20 3.268E-20 3.398E-20 3.624E-20 3.833E-20 3.835E-20 3.232E-20 1.824E-20 3.917E-21
 0.000E+00 1.974E-22 5.284E-21 8.908E-21 7.983E-21 7.977E-21 1.328E-20 2.163E-20 2.825E-20 3.101E-20
 3.052E-20 2.811E-20 2.284E-20 1.458E-20 7.382E-21 3.359E-21 3.691E-21 6.528E-21 9.315E-21 1.249E-20
 1.575E-20 1.885E-20 2.303E-20 2.726E-20 3.110E-20 3.376E-20 3.248E-20 2.632E-20 1.922E-20 1.773E-20
 2.177E-20 2.591E-20 2.781E-20 2.753E-20 2.687E-20 2.444E-20 1.990E-20 1.571E-20 1.114E-20 5.863E-21
 5.099E-21 1.205E-20 2.306E-20 3.149E-20 3.155E-20 2.818E-20 2.694E-20 2.813E-20 2.893E-20 3.207E-20
 3.639E-20 3.676E-20 2.914E-20 1.497E-20 2.976E-21 0.000E+00 0.000E+00 0.000E+00 3.718E-21 4.375E-21
 1.931E-21 1.790E-21 6.320E-21 1.086E-20 1.261E-20 1.402E-20 1.833E-20 2.133E-20 2.011E-20 1.455E-20
 8.318E-21 3.872E-21 2.585E-21 4.369E-21 8.340E-21 8.882E-21 5.968E-21 6.370E-21 1.189E-20 1.992E-20
 2.505E-20 2.511E-20 2.266E-20 2.035E-20 2.064E-20 2.410E-20 2.791E-20 2.964E-20 2.854E-20 2.693E-20
 2.858E-20 3.109E-20 2.931E-20 2.351E-20 1.843E-20 1.593E-20 1.441E-20 1.366E-20 1.424E-20 2.020E-20
 3.142E-20 4.303E-20 4.856E-20 4.424E-20 3.180E-20 1.871E-20 1.040E-20 8.256E-21 1.258E-20 1.911E-20
 2.175E-20 2.213E-20 2.387E-20 2.646E-20 2.428E-20 1.583E-20 6.485E-21 3.993E-21 8.685E-21 1.604E-20
 2.138E-20 2.600E-20 3.066E-20 3.451E-20 3.714E-20 3.813E-20 3.990E-20 4.459E-20 4.600E-20 3.852E-20
 2.264E-20 7.921E-21 3.577E-21 1.077E-20 2.090E-20 2.587E-20 2.715E-20 2.887E-20 3.111E-20 3.389E-20
 3.299E-20 2.464E-20 1.011E-20 1.563E-21 0.000E+00 0.000E+00 4.979E-22 3.768E-21 5.656E-21 7.137E-21
 1.174E-20 1.760E-20 2.190E-20 2.116E-20 1.814E-20 1.473E-20 1.218E-20 1.051E-20 1.094E-20 1.474E-20
 1.894E-20 1.771E-20 1.364E-20 1.161E-20 1.435E-20 1.840E-20 1.820E-20 1.439E-20 9.858E-21 9.278E-21
 1.287E-20 1.823E-20 2.051E-20 1.963E-20 1.896E-20 1.908E-20 1.922E-20 1.694E-20 9.944E-21 2.049E-21
 0.000E+00 0.000E+00 0.000E+00 0.000E+00 0.000E+00 3.611E-21 1.109E-20 1.652E-20 2.116E-20 2.475E-20
 2.644E-20 2.658E-20 2.536E-20 2.311E-20 1.950E-20 1.348E-20 8.192E-21 7.994E-21 1.383E-20 1.971E-20
 2.244E-20 2.318E-20 2.402E-20 2.461E-20 2.407E-20 2.345E-20 2.451E-20 2.609E-20 2.599E-20 2.607E-20
 2.874E-20 3.108E-20 3.005E-20 2.556E-20 2.043E-20 1.602E-20 1.129E-20 5.357E-21 9.674E-22 1.476E-21
 8.971E-21 1.953E-20 2.730E-20 2.801E-20 2.301E-20 1.756E-20 1.679E-20 1.830E-20 1.912E-20 1.836E-20
 1.827E-20 1.788E-20 1.503E-20 8.591E-21 1.721E-21 0.000E+00 0.000E+00 0.000E+00 0.000E+00 0.000E+00
 0.000E+00 4.413E-21 1.543E-20 2.286E-20 2.180E-20 1.474E-20 8.571E-21 7.486E-21 1.149E-20 1.849E-20
 2.392E-20 2.572E-20 2.057E-20 1.095E-20 3.344E-21 3.069E-21 9.201E-21 1.456E-20 1.339E-20 7.252E-21
 4.602E-21 1.024E-20 2.080E-20 2.999E-20 3.627E-20 4.120E-20 4.547E-20 4.862E-20 4.994E-20 4.749E-20
 3.792E-20 2.419E-20 1.541E-20 1.768E-20 2.597E-20 2.891E-20 2.181E-20 1.233E-20 9.503E-21 1.225E-20
 1.611E-20 1.617E-20 1.142E-20 6.200E-21 1.240E-21 1.205E-22 4.590E-21 1.311E-20 1.934E-20 2.079E-20
 2.035E-20 2.112E-20 2.362E-20 2.705E-20 3.067E-20 2.842E-20 2.060E-20 7.612E-21 1.009E-21 0.000E+00
 0.000E+00 4.890E-21 1.888E-20 3.169E-20 3.552E-20 3.174E-20 2.727E-20 2.635E-20 2.633E-20 2.317E-20
 1.760E-20 1.226E-20 7.566E-21 3.250E-21 1.712E-21 7.681E-21 2.090E-20 3.285E-20 3.612E-20 3.272E-20
 2.947E-20 3.016E-20 3.280E-20 3.075E-20 2.388E-20 1.661E-20 1.249E-20 1.366E-20 1.727E-20 1.970E-20
 1.995E-20 2.134E-20 2.402E-20 2.446E-20 1.845E-20 1.122E-20 1.093E-20 1.879E-20 2.522E-20 2.389E-20
 1.894E-20 1.610E-20 1.713E-20 1.913E-20 2.185E-20 2.529E-20 2.831E-20 2.814E-20 2.466E-20 2.133E-20
 1.894E-20 1.605E-20 1.257E-20 8.947E-21 9.962E-21 1.488E-20 2.091E-20 2.575E-20 2.777E-20 2.754E-20
 2.452E-20 1.777E-20 6.452E-21 8.301E-22 0.000E+00 2.118E-21 4.207E-21 4.343E-21 4.476E-21 9.554E-21
 1.734E-20 2.251E-20 2.439E-20 2.589E-20 2.908E-20 3.356E-20 4.036E-20 4.823E-20 5.085E-20 4.410E-20
 3.272E-20 2.395E-20 2.049E-20 2.123E-20 2.301E-20 2.273E-20 2.188E-20 1.738E-20 1.032E-20 5.811E-21
 5.799E-21 9.279E-21 1.395E-20 1.835E-20 2.178E-20 2.417E-20 2.442E-20 2.436E-20 2.456E-20 2.767E-20
 3.443E-20 4.141E-20 4.355E-20 3.887E-20 2.943E-20 2.155E-20 1.791E-20 1.623E-20 1.570E-20 1.622E-20
 1.442E-20 9.725E-21 6.519E-21 6.437E-21 1.044E-20 1.419E-20 1.350E-20 8.929E-21 3.753E-21 5.939E-22
 4.143E-21 1.539E-20 2.764E-20 3.349E-20 3.012E-20 2.293E-20 1.778E-20 1.510E-20 1.431E-20 1.321E-20
 1.151E-20 9.367E-21 8.859E-21 1.169E-20 1.776E-20 2.391E-20 2.884E-20 3.443E-20 4.180E-20 4.390E-20
 3.979E-20 3.060E-20 2.002E-20 1.201E-20 8.019E-21 8.946E-21 1.622E-20 2.716E-20 3.547E-20 3.586E-20
 2.900E-20 2.108E-20 1.959E-20 2.542E-20 3.414E-20 3.991E-20 4.409E-20 4.899E-20 5.216E-20 5.017E-20
 4.164E-20 3.016E-20 2.148E-20 1.582E-20 1.137E-20 6.315E-21 1.151E-21 0.000E+00 0.000E+00 6.467E-21
 1.471E-20 1.573E-20 1.116E-20 5.710E-21 1.618E-21 1.761E-22 3.274E-21 1.163E-20 2.117E-20 2.925E-20
 3.283E-20 3.314E-20 3.269E-20 2.954E-20 2.338E-20 1.613E-20 1.376E-20 1.965E-20 3.143E-20 4.380E-20
 5.174E-20 5.253E-20 4.938E-20 4.568E-20 4.331E-20 4.182E-20 3.860E-20 3.257E-20 2.678E-20 2.542E-20
 3.020E-20 3.515E-20 3.361E-20 2.608E-20 1.881E-20 1.649E-20 2.031E-20 2.706E-20 3.011E-20 2.913E-20
 2.836E-20 2.914E-20 2.987E-20 2.671E-20 1.902E-20 1.061E-20 8.064E-21 1.102E-20 1.538E-20 1.914E-20
 2.272E-20 2.377E-20 2.162E-20 1.832E-20 1.444E-20 1.428E-20 1.703E-20 2.282E-20 2.847E-20 2.984E-20
 2.465E-20 1.590E-20 1.098E-20 1.279E-20 2.156E-20 3.265E-20 4.032E-20 3.867E-20 2.782E-20 1.557E-20
 1.086E-20 1.598E-20 2.528E-20 3.146E-20 2.908E-20 2.194E-20 1.494E-20 1.471E-20 2.136E-20 2.684E-20
 2.423E-20 1.785E-20 1.574E-20 2.070E-20 2.815E-20 3.088E-20 2.645E-20 1.895E-20 1.483E-20 1.635E-20
 2.331E-20 2.840E-20 3.066E-20 2.889E-20 2.635E-20 2.552E-20 2.714E-20 2.934E-20 2.887E-20 2.477E-20
 2.184E-20 2.533E-20 3.379E-20 3.824E-20 3.168E-20 1.927E-20 1.111E-20 1.134E-20 1.772E-20 2.530E-20
 2.999E-20 3.237E-20 3.524E-20 3.684E-20 3.732E-20 3.629E-20 3.458E-20 3.169E-20 3.079E-20 3.016E-20
 2.784E-20 2.613E-20 2.539E-20 2.618E-20 2.938E-20 3.189E-20 3.124E-20 2.790E-20 2.266E-20 1.961E-20
 2.190E-20 2.846E-20 3.596E-20 4.217E-20 4.287E-20 3.959E-20 3.829E-20 4.278E-20 4.956E-20 5.354E-20
 5.092E-20 4.626E-20 4.393E-20 4.265E-20 3.764E-20 2.952E-20 2.154E-20 1.866E-20 2.005E-20 2.332E-20
 2.775E-20 3.053E-20 2.859E-20 2.558E-20 2.661E-20 3.360E-20 4.215E-20 4.890E-20 5.174E-20 4.977E-20
 4.538E-20 4.243E-20 4.169E-20 3.895E-20 3.240E-20 2.510E-20 2.542E-20 3.351E-20 4.455E-20 5.131E-20
 5.234E-20 4.665E-20 3.585E-20 2.267E-20 1.690E-20 1.988E-20 2.531E-20 2.732E-20 2.404E-20 1.885E-20
 1.266E-20 9.824E-21 1.333E-20 2.285E-20 3.339E-20 3.922E-20 4.046E-20 3.816E-20 3.503E-20 3.184E-20
 3.076E-20 3.346E-20 3.725E-20 3.915E-20 3.857E-20 3.767E-20 3.715E-20 3.560E-20 3.161E-20 2.460E-20
 1.896E-20 1.902E-20 2.489E-20 3.142E-20 3.332E-20 3.093E-20 3.084E-20 3.461E-20 3.836E-20 4.257E-20
 4.751E-20 5.145E-20 5.222E-20 5.268E-20 5.296E-20 5.097E-20 4.424E-20 3.358E-20 2.534E-20 2.398E-20
 2.590E-20 2.656E-20 2.562E-20 2.804E-20 3.557E-20 4.419E-20 4.705E-20 4.507E-20 4.388E-20 4.661E-20
 4.989E-20 4.836E-20 4.048E-20 2.946E-20 2.048E-20 1.967E-20 2.731E-20 3.866E-20 4.764E-20 5.195E-20
 5.086E-20 4.843E-20 4.588E-20 4.293E-20 3.906E-20 3.477E-20 3.350E-20 3.655E-20 4.215E-20 4.603E-20
 4.749E-20 4.910E-20 4.972E-20 4.815E-20 4.436E-20 3.830E-20 3.230E-20 2.945E-20 3.162E-20 3.856E-20
 4.519E-20 4.352E-20 3.742E-20 3.161E-20 3.217E-20 3.769E-20 4.162E-20 4.029E-20 3.859E-20 3.828E-20
 3.781E-20 3.764E-20 3.824E-20 3.685E-20 3.225E-20 2.722E-20 2.233E-20 2.019E-20 2.048E-20 2.592E-20
 3.647E-20 4.805E-20 5.519E-20 5.677E-20 5.555E-20 4.992E-20 4.237E-20 3.814E-20 4.112E-20 4.700E-20
 4.687E-20 3.870E-20 3.046E-20 2.706E-20 2.798E-20 2.894E-20 2.902E-20 2.914E-20 2.949E-20 2.891E-20
 3.118E-20 3.849E-20 4.637E-20 5.090E-20 4.976E-20 4.518E-20 4.160E-20 4.318E-20 4.899E-20 5.582E-20
 5.844E-20 5.725E-20 5.159E-20 4.312E-20 3.066E-20 2.114E-20 2.124E-20 2.786E-20 3.320E-20 3.488E-20
 3.594E-20 3.955E-20 4.612E-20 5.021E-20 5.226E-20 5.145E-20 5.151E-20 5.138E-20 5.290E-20 5.565E-20
 5.727E-20 5.617E-20 5.411E-20 5.313E-20 5.598E-20 5.965E-20 5.911E-20 5.578E-20 5.275E-20 4.875E-20
 4.347E-20 3.661E-20 3.137E-20 3.074E-20 3.361E-20 3.928E-20 4.826E-20 5.694E-20 6.011E-20 5.458E-20
 4.599E-20 4.219E-20 4.552E-20 5.161E-20 5.631E-20 5.890E-20 5.950E-20 5.687E-20 5.298E-20 5.275E-20
 5.895E-20 6.499E-20 6.210E-20 4.977E-20 3.678E-20 2.741E-20 2.548E-20 2.715E-20 3.133E-20 3.649E-20
 4.011E-20 4.060E-20 4.018E-20 4.093E-20 4.696E-20 5.435E-20 5.762E-20 5.465E-20 4.732E-20 4.021E-20
 3.518E-20 3.194E-20 3.100E-20 3.390E-20 3.822E-20 4.053E-20 4.020E-20 4.104E-20 4.474E-20 4.771E-20
 4.361E-20 3.585E-20 3.275E-20 3.859E-20 4.783E-20 5.160E-20 4.822E-20 4.525E-20 4.614E-20 4.867E-20
 5.099E-20 5.194E-20 5.031E-20 4.735E-20 4.508E-20 4.564E-20 4.840E-20 5.130E-20 5.360E-20 5.606E-20
 5.961E-20 6.075E-20 6.078E-20 6.110E-20 6.096E-20 6.272E-20 6.641E-20 6.630E-20 6.208E-20 5.597E-20
 4.952E-20 4.463E-20 3.798E-20 2.942E-20 2.752E-20 3.705E-20 4.979E-20 5.879E-20 5.786E-20 5.123E-20
 4.613E-20 4.684E-20 5.059E-20 5.512E-20 5.617E-20 5.037E-20 4.137E-20 3.269E-20 2.828E-20 3.004E-20
 3.574E-20 4.132E-20 4.337E-20 4.262E-20 4.225E-20 4.217E-20 3.876E-20 3.417E-20 3.505E-20 4.135E-20
 5.007E-20 5.614E-20 5.700E-20 5.265E-20 4.201E-20 3.194E-20 2.851E-20 3.129E-20 3.635E-20 3.860E-20
 3.907E-20 3.823E-20 4.007E-20 4.412E-20 4.832E-20 5.278E-20 5.501E-20 5.332E-20 4.728E-20 3.983E-20
 3.320E-20 3.066E-20 3.434E-20 4.283E-20 4.922E-20 5.034E-20 4.679E-20 4.238E-20 4.294E-20 4.812E-20
 5.332E-20 5.677E-20 5.736E-20 5.574E-20 5.089E-20 4.512E-20 4.189E-20 4.492E-20 5.210E-20 5.775E-20
 5.726E-20 5.257E-20 4.925E-20 5.026E-20 5.446E-20 5.913E-20 5.886E-20 5.827E-20 5.915E-20 5.655E-20
 4.983E-20 4.253E-20 3.634E-20 3.679E-20 4.009E-20 4.288E-20 4.523E-20 4.340E-20 3.709E-20 2.846E-20
 2.594E-20 3.217E-20 4.459E-20 5.576E-20 6.310E-20 6.619E-20 6.482E-20 5.980E-20 5.357E-20 4.979E-20
 4.774E-20 4.685E-20 4.628E-20 4.686E-20 4.823E-20 4.857E-20 5.076E-20 5.560E-20 5.964E-20 6.113E-20
 6.080E-20 6.143E-20 6.230E-20 6.066E-20 5.860E-20 5.908E-20 6.017E-20 5.911E-20 5.694E-20 5.720E-20
 6.190E-20 6.249E-20 5.765E-20 5.316E-20 5.502E-20 6.112E-20 6.188E-20 5.586E-20 5.028E-20 4.993E-20
 5.216E-20 5.334E-20 5.466E-20 5.786E-20 6.279E-20 6.587E-20 6.493E-20 6.327E-20 6.362E-20 6.307E-20
 5.962E-20 5.389E-20 4.763E-20 4.255E-20 4.119E-20 4.445E-20 4.951E-20 5.068E-20 4.578E-20 3.922E-20
 3.821E-20 4.406E-20 5.387E-20 6.303E-20 6.731E-20 6.966E-20 7.263E-20 7.091E-20 6.168E-20 4.882E-20
 3.701E-20 3.252E-20 3.558E-20 4.344E-20 5.094E-20 5.676E-20 6.120E-20 6.598E-20 7.217E-20 7.695E-20
 7.612E-20 7.429E-20 7.373E-20 7.228E-20 6.468E-20 5.060E-20 3.950E-20 3.813E-20 4.210E-20 4.564E-20
 4.574E-20 4.418E-20 4.341E-20 4.444E-20 4.681E-20 4.997E-20 5.019E-20 5.034E-20 5.192E-20 4.924E-20
 4.219E-20 3.535E-20 3.403E-20 3.757E-20 4.163E-20 4.539E-20 4.802E-20 5.272E-20 5.787E-20 6.136E-20
 6.373E-20 6.327E-20 6.007E-20 5.869E-20 6.164E-20 6.751E-20 7.145E-20 6.907E-20 6.438E-20 5.634E-20
 4.671E-20 3.670E-20 3.338E-20 3.698E-20 4.200E-20 4.632E-20 5.053E-20 5.589E-20 6.142E-20 6.442E-20
 6.202E-20 5.559E-20 4.617E-20 3.897E-20 3.677E-20 4.032E-20 4.830E-20 5.921E-20 6.783E-20 7.007E-20
 6.626E-20 5.919E-20 5.364E-20 4.871E-20 4.401E-20 4.143E-20 4.240E-20 4.661E-20 5.100E-20 5.118E-20
 4.604E-20 4.312E-20 4.720E-20 5.573E-20 6.352E-20 6.554E-20 6.283E-20 6.086E-20 6.058E-20 6.070E-20
 6.162E-20 6.405E-20 6.551E-20 6.501E-20 6.160E-20 5.775E-20 5.393E-20 4.808E-20 4.207E-20 4.003E-20
 4.515E-20 5.564E-20 6.768E-20 7.543E-20 7.880E-20 7.826E-20 7.498E-20 7.189E-20 7.091E-20 7.340E-20
 7.953E-20 8.347E-20 8.126E-20 7.562E-20 7.185E-20 6.866E-20 6.397E-20 5.560E-20 4.891E-20 4.591E-20
 4.437E-20 4.131E-20 3.683E-20 3.663E-20 4.352E-20 5.409E-20 6.271E-20 6.340E-20 5.658E-20 4.926E-20
 4.819E-20 5.241E-20 5.776E-20 6.292E-20 6.698E-20 6.865E-20 6.850E-20 7.144E-20 7.687E-20 7.789E-20
 7.059E-20 6.009E-20 5.518E-20 5.598E-20 5.746E-20 5.620E-20 5.415E-20 5.222E-20 4.739E-20 4.171E-20
 3.972E-20 4.467E-20 5.367E-20 6.184E-20 6.427E-20 6.360E-20 6.314E-20 6.415E-20 6.560E-20 6.784E-20
 7.224E-20 7.850E-20 8.328E-20 8.115E-20 7.423E-20 6.708E-20 6.484E-20 6.481E-20 6.495E-20 6.371E-20
 6.413E-20 6.391E-20 6.324E-20 6.142E-20 5.888E-20 5.610E-20 5.507E-20 5.459E-20 5.380E-20 5.173E-20
 5.238E-20 6.144E-20 7.132E-20 7.820E-20 7.724E-20 7.136E-20 6.290E-20 5.599E-20 5.328E-20 5.731E-20
 5.969E-20 5.704E-20 5.021E-20 4.358E-20 3.881E-20 3.379E-20 3.032E-20 3.593E-20 5.006E-20 6.010E-20
 6.012E-20 5.884E-20 5.943E-20 6.355E-20 6.846E-20 7.077E-20 7.302E-20 7.630E-20 7.605E-20 7.290E-20
 6.839E-20 6.065E-20 5.236E-20 4.963E-20 5.335E-20 6.253E-20 7.156E-20 7.356E-20 6.735E-20 5.807E-20
 5.471E-20 6.105E-20 6.959E-20 7.302E-20 7.155E-20 6.872E-20 6.736E-20 6.852E-20 7.374E-20 7.997E-20
 8.208E-20 7.981E-20 7.718E-20 7.577E-20 7.305E-20 6.482E-20 5.579E-20 5.045E-20 5.047E-20 5.477E-20
 6.055E-20 6.520E-20 6.560E-20 6.045E-20 5.267E-20 4.731E-20 4.670E-20 4.956E-20 5.417E-20 5.528E-20
 5.150E-20 4.911E-20 5.462E-20 6.603E-20 7.539E-20 7.683E-20 7.321E-20 6.744E-20 6.629E-20 6.483E-20
 6.086E-20 5.439E-20 4.935E-20 5.071E-20 5.729E-20 6.146E-20 6.103E-20 5.981E-20 5.970E-20 6.243E-20
 6.495E-20 6.784E-20 7.140E-20 7.566E-20 7.834E-20 8.321E-20 8.859E-20 9.026E-20 8.380E-20 7.435E-20
 6.819E-20 6.849E-20 7.067E-20 6.914E-20 6.558E-20 6.314E-20 6.358E-20 6.562E-20 6.579E-20 6.625E-20
 6.885E-20 7.452E-20 7.674E-20 7.376E-20 7.100E-20 7.517E-20 8.341E-20 8.899E-20 8.704E-20 8.139E-20
 7.742E-20 7.284E-20 6.625E-20 6.207E-20 6.451E-20 6.768E-20 6.823E-20 6.710E-20 6.565E-20 6.255E-20
 5.517E-20 4.609E-20 4.220E-20 4.762E-20 5.721E-20 6.572E-20 7.027E-20 7.081E-20 6.851E-20 6.531E-20
 6.628E-20 7.381E-20 8.478E-20 9.067E-20 8.979E-20 8.330E-20 7.578E-20 6.935E-20 6.169E-20 5.227E-20
 4.665E-20 4.631E-20 5.309E-20 5.982E-20 6.020E-20 5.396E-20 4.683E-20 4.605E-20 5.223E-20 6.251E-20
 7.084E-20 7.955E-20 8.852E-20 9.513E-20 9.899E-20 9.960E-20 9.961E-20 9.436E-20 8.366E-20 6.955E-20
 5.707E-20 4.703E-20 4.210E-20 4.463E-20 5.491E-20 6.544E-20 7.077E-20 6.873E-20 6.601E-20 6.593E-20
 6.580E-20 6.373E-20 6.040E-20 5.942E-20 6.423E-20 7.028E-20 7.630E-20 7.669E-20 7.282E-20 6.616E-20
 6.311E-20 6.415E-20 6.542E-20 6.427E-20 6.225E-20 6.255E-20 6.396E-20 6.212E-20 5.899E-20 5.760E-20
 5.874E-20 6.082E-20 5.976E-20 6.075E-20 6.461E-20 7.207E-20 7.444E-20 7.116E-20 6.834E-20 7.340E-20
 7.921E-20 8.173E-20 7.898E-20 7.544E-20 7.587E-20 7.392E-20 6.791E-20 6.399E-20 6.331E-20 6.295E-20
 5.982E-20 5.441E-20 5.402E-20 6.071E-20 6.957E-20 7.491E-20 7.290E-20 6.705E-20 6.189E-20 5.778E-20
 5.431E-20 5.746E-20 6.562E-20 7.462E-20 7.910E-20 7.892E-20 7.744E-20 7.717E-20 7.617E-20 7.391E-20
 7.018E-20 6.337E-20 5.568E-20 5.101E-20 5.189E-20 5.552E-20 5.768E-20 5.587E-20 5.376E-20 5.280E-20
 5.418E-20 5.815E-20 6.423E-20 6.775E-20 6.693E-20 6.598E-20 6.655E-20 6.940E-20 7.480E-20 8.390E-20
 9.366E-20 9.625E-20 8.743E-20 7.418E-20 6.493E-20 5.514E-20 4.411E-20 3.778E-20 4.004E-20 4.935E-20
 6.007E-20 6.785E-20 7.255E-20 7.391E-20 7.201E-20 6.880E-20 6.730E-20 6.946E-20 7.334E-20 7.706E-20
 8.105E-20 8.256E-20 7.888E-20 7.330E-20 7.180E-20 7.259E-20 7.167E-20 6.656E-20 6.261E-20 6.366E-20
 6.891E-20 7.601E-20 7.934E-20 7.892E-20 7.422E-20 6.549E-20 5.582E-20 4.640E-20 4.144E-20 4.572E-20
 5.732E-20 7.119E-20 7.750E-20 7.888E-20 8.231E-20 8.790E-20 9.078E-20 8.872E-20 8.216E-20 7.613E-20
 6.864E-20 5.786E-20 4.998E-20 5.052E-20 5.985E-20 7.158E-20 8.109E-20 8.434E-20 8.550E-20 8.116E-20
 7.624E-20 7.307E-20 7.278E-20 7.501E-20 7.944E-20 8.211E-20 8.446E-20 8.376E-20 8.121E-20 8.018E-20
 8.053E-20 8.068E-20 7.683E-20 6.981E-20 6.216E-20 5.683E-20 5.582E-20 5.946E-20 6.657E-20 6.990E-20
 6.492E-20 5.817E-20 5.544E-20 5.842E-20 6.012E-20 5.996E-20 5.813E-20 5.441E-20 5.194E-20 5.560E-20
 6.395E-20 7.591E-20 8.326E-20 8.496E-20 7.958E-20 7.268E-20 6.792E-20 6.986E-20 7.579E-20 8.062E-20
 7.903E-20 7.214E-20 6.904E-20 7.228E-20 7.755E-20 8.053E-20 8.126E-20 8.151E-20 8.020E-20 7.648E-20
 7.150E-20 6.950E-20 7.160E-20 7.592E-20 7.658E-20 7.614E-20 8.007E-20 8.386E-20 8.284E-20 7.586E-20
 6.782E-20 6.541E-20 6.819E-20 6.912E-20 6.514E-20 6.025E-20 5.814E-20 5.975E-20 6.423E-20 6.996E-20
 7.596E-20 7.960E-20 8.152E-20 8.034E-20 7.907E-20 7.639E-20 7.325E-20 7.239E-20 7.553E-20 8.025E-20
 8.252E-20 7.976E-20 7.411E-20 7.206E-20 7.178E-20 7.168E-20 7.242E-20 7.144E-20 6.839E-20 6.303E-20
 5.832E-20 5.583E-20 5.912E-20 6.571E-20 7.256E-20 7.703E-20 7.822E-20 7.851E-20 8.086E-20 8.835E-20
 9.687E-20 9.549E-20 8.528E-20 7.373E-20 7.079E-20 7.494E-20 7.802E-20 7.735E-20 8.113E-20 8.835E-20
 9.379E-20 9.146E-20 8.535E-20 8.205E-20 8.252E-20 8.086E-20 7.573E-20 7.137E-20 7.004E-20 7.238E-20
 7.714E-20 8.376E-20 8.781E-20 8.948E-20 8.903E-20 8.819E-20 8.621E-20 8.349E-20 8.075E-20 7.454E-20
 6.489E-20 5.599E-20 5.143E-20 4.915E-20 4.713E-20 4.579E-20 4.691E-20 5.412E-20 5.922E-20 5.697E-20
 5.017E-20 5.074E-20 6.042E-20 7.470E-20 8.661E-20 9.285E-20 9.359E-20 8.662E-20 7.273E-20 5.625E-20
 4.466E-20 4.126E-20 4.817E-20 5.939E-20 6.878E-20 6.853E-20 5.967E-20 4.962E-20 4.737E-20 5.228E-20
 5.819E-20 6.293E-20 6.475E-20 6.825E-20 7.147E-20 7.619E-20 8.064E-20 8.451E-20 8.668E-20 8.843E-20
 8.847E-20 8.657E-20 8.128E-20 7.426E-20 7.107E-20 7.159E-20 7.186E-20 7.018E-20 6.802E-20 6.864E-20
 7.260E-20 7.487E-20 7.317E-20 7.061E-20 7.181E-20 7.610E-20 8.019E-20 8.017E-20 7.825E-20 7.634E-20
 7.843E-20 8.279E-20 8.414E-20 8.011E-20 7.115E-20 6.155E-20 5.918E-20 6.122E-20 6.008E-20 5.156E-20
 4.125E-20 3.953E-20 4.704E-20 5.641E-20 6.420E-20 6.727E-20 6.673E-20 6.643E-20 7.087E-20 7.859E-20
 8.643E-20 8.598E-20 7.971E-20 7.714E-20 8.161E-20 8.778E-20 8.699E-20 8.306E-20 8.159E-20 8.164E-20
 7.751E-20 6.589E-20 5.573E-20 4.984E-20 4.762E-20 4.680E-20 4.835E-20 5.371E-20 6.111E-20 6.794E-20
 7.395E-20 7.900E-20 8.209E-20 8.253E-20 8.278E-20 8.347E-20 8.684E-20 9.348E-20 9.979E-20 9.963E-20
 9.259E-20 8.126E-20 7.115E-20 6.428E-20 6.013E-20 5.770E-20 6.016E-20 6.552E-20 7.293E-20 7.899E-20
 8.052E-20 7.728E-20 7.457E-20 7.442E-20 7.631E-20 7.631E-20 7.260E-20 7.026E-20 7.240E-20 7.561E-20
 7.634E-20 7.562E-20 7.411E-20 7.200E-20 6.851E-20 6.387E-20 5.907E-20 5.259E-20 4.655E-20 4.336E-20
 4.580E-20 4.970E-20 5.352E-20 5.629E-20 5.731E-20 5.736E-20 6.064E-20 6.612E-20 7.073E-20 7.033E-20
 6.756E-20 7.019E-20 8.133E-20 9.105E-20 9.287E-20 8.488E-20 7.528E-20 6.442E-20 5.485E-20 5.446E-20
 6.343E-20 7.318E-20 7.645E-20 7.467E-20 6.950E-20 6.361E-20 6.102E-20 6.403E-20 7.379E-20 8.247E-20
 8.763E-20 8.967E-20 9.015E-20 9.323E-20 9.747E-20 1.000E-19 1.009E-19 9.637E-20 8.808E-20 8.201E-20
 7.974E-20 7.903E-20 7.602E-20 7.168E-20 6.809E-20 6.493E-20 6.187E-20 6.365E-20 7.037E-20 7.630E-20
 7.949E-20 8.102E-20 8.399E-20 8.607E-20 8.833E-20 9.320E-20 9.996E-20 1.031E-19 9.730E-20 8.722E-20
 8.092E-20 7.956E-20 7.638E-20 7.159E-20 6.725E-20 6.449E-20 6.229E-20 6.086E-20 6.284E-20 6.652E-20
 7.101E-20 7.624E-20 8.064E-20 8.539E-20 8.690E-20 8.301E-20 7.579E-20 6.732E-20 6.353E-20 6.648E-20
 7.431E-20 8.219E-20 8.568E-20 8.377E-20 8.037E-20 7.937E-20 7.825E-20 7.457E-20 7.041E-20 6.421E-20
 5.791E-20 5.281E-20 5.347E-20 5.906E-20 6.778E-20 7.801E-20 8.438E-20 8.333E-20 7.799E-20 7.335E-20
 7.371E-20 7.874E-20 7.999E-20 7.389E-20 6.604E-20 6.440E-20 7.100E-20 8.103E-20 8.757E-20 8.879E-20
 8.483E-20 8.023E-20 7.726E-20 7.649E-20 7.649E-20 7.645E-20 7.452E-20 7.139E-20 6.891E-20 7.026E-20
 7.722E-20 8.273E-20 8.280E-20 8.126E-20 8.191E-20 8.417E-20 8.631E-20 8.865E-20 8.891E-20 8.866E-20
 8.742E-20 8.633E-20 8.629E-20 8.411E-20 7.975E-20 7.561E-20 7.617E-20 7.967E-20 8.509E-20 8.740E-20
 8.903E-20 9.091E-20 9.058E-20 8.649E-20 8.163E-20 7.990E-20 8.166E-20 8.661E-20 9.262E-20 9.622E-20
 9.332E-20 8.658E-20 8.171E-20 7.639E-20 6.863E-20 6.051E-20 5.450E-20 5.397E-20 6.029E-20 6.954E-20
 8.229E-20 9.433E-20 1.006E-19 1.000E-19 9.540E-20 9.313E-20 9.193E-20 9.026E-20 8.835E-20 8.571E-20
 8.384E-20 8.288E-20 8.159E-20 8.096E-20 8.117E-20 8.029E-20 7.863E-20 7.773E-20 7.804E-20 7.766E-20
 7.210E-20 6.268E-20 5.892E-20 6.705E-20 7.877E-20 8.703E-20 8.647E-20 7.970E-20 7.486E-20 7.684E-20
 8.505E-20 9.602E-20 1.031E-19 1.027E-19 9.431E-20 8.217E-20 7.238E-20 6.505E-20 6.216E-20 6.043E-20
 5.793E-20 5.519E-20 5.625E-20 6.203E-20 7.052E-20 7.983E-20 8.770E-20 9.218E-20 9.190E-20 8.970E-20
 9.057E-20 9.563E-20 1.020E-19 1.072E-19 1.081E-19 1.028E-19 9.059E-20 7.780E-20 7.389E-20 7.757E-20
 8.095E-20 7.846E-20 7.494E-20 7.433E-20 7.483E-20 7.349E-20 7.022E-20 6.750E-20 6.915E-20 7.405E-20
 8.016E-20 8.892E-20 9.726E-20 1.063E-19 1.142E-19 1.224E-19 1.256E-19 1.197E-19 1.054E-19 9.142E-20
 8.409E-20 8.270E-20 8.143E-20 7.757E-20 7.226E-20 7.048E-20 7.389E-20 7.807E-20 7.903E-20 7.995E-20
 8.565E-20 9.566E-20 1.032E-19 1.024E-19 9.850E-20 9.567E-20 9.787E-20 1.022E-19 1.086E-19 1.129E-19
 1.101E-19 1.022E-19 9.230E-20 8.050E-20 6.978E-20 6.510E-20 6.987E-20 8.133E-20 9.381E-20 1.028E-19
 1.057E-19 1.053E-19 1.003E-19 9.407E-20 9.008E-20 9.054E-20 9.352E-20 9.953E-20 1.064E-19 1.115E-19
 1.127E-19 1.116E-19 1.089E-19 1.031E-19 9.549E-20 8.975E-20 8.697E-20 8.592E-20 8.408E-20 8.387E-20
 8.862E-20 9.357E-20 9.548E-20 9.483E-20 9.525E-20 1.005E-19 1.102E-19 1.159E-19 1.139E-19 1.041E-19
 9.122E-20 8.617E-20 9.186E-20 9.989E-20 1.012E-19 9.503E-20 8.691E-20 8.055E-20 7.466E-20 6.823E-20
 6.311E-20 6.372E-20 7.059E-20 8.042E-20 8.619E-20 8.504E-20 8.102E-20 8.037E-20 8.362E-20 8.878E-20
 9.176E-20 9.271E-20 9.424E-20 9.529E-20 9.989E-20 1.061E-19 1.086E-19 1.031E-19 9.254E-20 8.239E-20
 7.623E-20 7.317E-20 7.350E-20 7.801E-20 8.341E-20 8.907E-20 9.631E-20 9.991E-20 9.698E-20 8.689E-20
 7.895E-20 7.833E-20 8.353E-20 8.985E-20 9.445E-20 9.924E-20 1.022E-19 1.017E-19 9.856E-20 9.755E-20
 9.973E-20 1.046E-19 1.076E-19 1.047E-19 9.699E-20 9.230E-20 9.146E-20 9.607E-20 1.016E-19 1.040E-19
 1.048E-19 1.057E-19 1.065E-19 1.072E-19 1.076E-19 1.052E-19 1.017E-19 1.027E-19 1.114E-19 1.233E-19
 1.275E-19 1.192E-19 1.044E-19 9.261E-20 8.651E-20 8.581E-20 8.565E-20 8.558E-20 8.688E-20 8.769E-20
 8.844E-20 8.894E-20 9.023E-20 9.474E-20 1.013E-19 1.040E-19 1.016E-19 9.839E-20 9.915E-20 1.023E-19
 1.071E-19 1.129E-19 1.218E-19 1.298E-19 1.284E-19 1.195E-19 1.118E-19 1.081E-19 1.091E-19 1.132E-19
 1.181E-19 1.215E-19 1.202E-19 1.175E-19 1.150E-19 1.138E-19 1.087E-19 1.016E-19 9.935E-20 1.057E-19
 1.170E-19 1.248E-19 1.255E-19 1.197E-19 1.143E-19 1.144E-19 1.193E-19 1.231E-19 1.203E-19 1.147E-19
 1.091E-19 1.063E-19 1.044E-19 1.029E-19 1.040E-19 1.068E-19 1.117E-19 1.187E-19 1.251E-19 1.296E-19
 1.288E-19 1.239E-19 1.181E-19 1.146E-19 1.134E-19 1.139E-19 1.144E-19 1.158E-19 1.174E-19 1.181E-19
 1.212E-19 1.255E-19 1.283E-19 1.277E-19 1.224E-19 1.148E-19 1.080E-19 1.067E-19 1.109E-19 1.181E-19
 1.272E-19 1.342E-19 1.397E-19 1.451E-19 1.480E-19 1.456E-19 1.392E-19 1.377E-19 1.400E-19 1.437E-19
 1.448E-19 1.454E-19 1.474E-19 1.503E-19 1.497E-19 1.420E-19 1.311E-19 1.248E-19 1.254E-19 1.281E-19
 1.267E-19 1.168E-19 1.072E-19 1.059E-19 1.109E-19 1.113E-19 1.019E-19 8.988E-20 8.902E-20 9.737E-20
 1.034E-19 1.019E-19 9.579E-20 8.678E-20 8.050E-20 8.036E-20 8.580E-20 9.589E-20 1.057E-19 1.102E-19
 1.132E-19 1.196E-19 1.251E-19 1.290E-19 1.308E-19 1.325E-19 1.347E-19 1.369E-19 1.351E-19 1.324E-19
 1.317E-19 1.332E-19 1.350E-19 1.343E-19 1.309E-19 1.292E-19 1.289E-19 1.293E-19 1.287E-19 1.260E-19
 1.229E-19 1.200E-19 1.182E-19 1.174E-19 1.160E-19 1.124E-19 1.062E-19 1.006E-19 1.023E-19 1.121E-19
 1.256E-19 1.345E-19 1.326E-19 1.203E-19 1.064E-19 1.014E-19 1.075E-19 1.193E-19 1.276E-19 1.310E-19
 1.315E-19 1.322E-19 1.304E-19 1.263E-19 1.230E-19 1.203E-19 1.163E-19 1.107E-19 1.086E-19 1.146E-19
 1.257E-19 1.329E-19 1.308E-19 1.240E-19 1.194E-19 1.232E-19 1.319E-19 1.348E-19 1.315E-19 1.260E-19
 1.225E-19 1.205E-19 1.165E-19 1.132E-19 1.131E-19 1.179E-19 1.233E-19 1.261E-19 1.291E-19 1.335E-19
 1.392E-19 1.415E-19 1.377E-19 1.322E-19 1.276E-19 1.264E-19 1.306E-19 1.379E-19 1.424E-19 1.418E-19
 1.372E-19 1.335E-19 1.337E-19 1.373E-19 1.415E-19 1.451E-19 1.463E-19 1.474E-19 1.500E-19 1.535E-19
 1.511E-19 1.428E-19 1.339E-19 1.301E-19 1.302E-19 1.303E-19 1.277E-19 1.258E-19 1.291E-19 1.366E-19
 1.417E-19 1.411E-19 1.360E-19 1.339E-19 1.387E-19 1.490E-19 1.594E-19 1.680E-19 1.742E-19 1.762E-19
 1.751E-19 1.723E-19 1.699E-19 1.678E-19 1.648E-19 1.607E-19 1.571E-19 1.580E-19 1.608E-19 1.629E-19
 1.619E-19 1.590E-19 1.585E-19 1.635E-19 1.703E-19 1.732E-19 1.721E-19 1.696E-19 1.675E-19 1.642E-19
 1.600E-19 1.614E-19 1.694E-19 1.761E-19 1.735E-19 1.625E-19 1.485E-19 1.345E-19 1.214E-19 1.134E-19
 1.154E-19 1.245E-19 1.313E-19 1.301E-19 1.271E-19 1.304E-19 1.386E-19 1.468E-19 1.527E-19 1.536E-19
 1.493E-19 1.432E-19 1.386E-19 1.373E-19 1.412E-19 1.444E-19 1.445E-19 1.428E-19 1.402E-19 1.379E-19
 1.368E-19 1.375E-19 1.396E-19 1.453E-19 1.561E-19 1.655E-19 1.687E-19 1.660E-19 1.636E-19 1.639E-19
 1.629E-19 1.588E-19 1.540E-19 1.537E-19 1.579E-19 1.645E-19 1.693E-19 1.702E-19 1.666E-19 1.589E-19
 1.526E-19 1.497E-19 1.468E-19 1.391E-19 1.242E-19 1.054E-19 8.897E-20 7.892E-20 7.594E-20 7.785E-20
 7.796E-20 7.479E-20 6.779E-20 6.269E-20 6.556E-20 7.233E-20 8.003E-20 8.283E-20 7.952E-20 7.735E-20
 8.180E-20 9.001E-20 1.014E-19 1.151E-19 1.256E-19 1.307E-19 1.304E-19 1.257E-19 1.206E-19 1.156E-19
 1.060E-19 9.646E-20 8.845E-20 8.334E-20 7.654E-20 6.891E-20 6.464E-20 6.661E-20 7.166E-20 7.741E-20
 8.289E-20 8.700E-20 9.061E-20 9.286E-20 9.323E-20 9.064E-20 8.759E-20 8.625E-20 8.879E-20 9.629E-20
 1.060E-19 1.116E-19 1.105E-19 1.037E-19 9.358E-20 8.577E-20 8.326E-20 8.757E-20 9.411E-20 9.899E-20
 1.023E-19 1.038E-19 1.012E-19 9.283E-20 8.217E-20 7.686E-20 7.697E-20 8.017E-20 8.249E-20 8.318E-20
 8.144E-20 7.800E-20 7.513E-20 7.469E-20 7.854E-20 8.233E-20 8.388E-20 8.437E-20 8.719E-20 9.073E-20
 9.235E-20 9.161E-20 9.062E-20 8.858E-20 8.594E-20 8.240E-20 8.004E-20 8.303E-20 8.994E-20 9.504E-20
 9.669E-20 9.530E-20 9.320E-20 8.905E-20 8.457E-20 7.910E-20 7.554E-20 7.686E-20 8.122E-20 8.655E-20
 8.922E-20 9.142E-20 9.424E-20 9.400E-20 9.078E-20 8.581E-20 8.268E-20 7.964E-20 7.526E-20 7.067E-20
 7.246E-20 8.156E-20 9.076E-20 9.264E-20 8.677E-20 7.801E-20 7.294E-20 7.296E-20 7.679E-20 8.175E-20
 8.723E-20 9.159E-20 9.377E-20 9.321E-20 9.007E-20 8.403E-20 7.704E-20 7.297E-20 7.354E-20 7.542E-20
 7.844E-20 8.045E-20 7.926E-20 7.504E-20 7.084E-20 6.835E-20 6.765E-20 6.404E-20 6.307E-20 6.809E-20
 7.511E-20 7.635E-20 6.939E-20 6.006E-20 5.535E-20 5.575E-20 5.865E-20 6.285E-20 6.586E-20 6.580E-20
 6.341E-20 6.529E-20 7.431E-20 8.185E-20 8.263E-20 7.712E-20 7.083E-20 6.813E-20 7.084E-20 7.950E-20
 8.999E-20 9.544E-20 9.298E-20 8.519E-20 8.193E-20 8.727E-20 9.748E-20 1.067E-19 1.094E-19 1.008E-19
 8.456E-20 7.229E-20 6.985E-20 7.678E-20 8.418E-20 9.010E-20 9.615E-20 9.896E-20 9.646E-20 8.890E-20
 7.940E-20 7.278E-20 6.772E-20 6.609E-20 6.801E-20 7.346E-20 8.184E-20 8.982E-20 9.189E-20 8.691E-20
 8.026E-20 7.649E-20 7.434E-20 6.933E-20 6.372E-20 6.562E-20 7.466E-20 8.203E-20 8.089E-20 7.612E-20
 7.533E-20 8.061E-20 8.835E-20 9.319E-20 9.262E-20 8.774E-20 8.445E-20 8.655E-20 9.201E-20 9.440E-20
 9.220E-20 8.759E-20 8.256E-20 7.611E-20 6.935E-20 6.435E-20 6.449E-20 6.763E-20 6.949E-20 7.107E-20
 7.329E-20 7.500E-20 7.585E-20 7.788E-20 8.161E-20 8.606E-20 8.862E-20 8.914E-20 9.027E-20 9.118E-20
 9.327E-20 9.345E-20 9.045E-20 8.229E-20 7.508E-20 7.487E-20 8.086E-20 8.829E-20 9.136E-20 8.935E-20
 8.667E-20 8.252E-20 7.870E-20 7.602E-20 7.772E-20 8.246E-20 8.549E-20 8.430E-20 8.089E-20 8.047E-20
 8.097E-20 7.878E-20 7.152E-20 6.183E-20 5.600E-20 5.509E-20 5.837E-20 6.459E-20 7.147E-20 7.640E-20
 7.796E-20 7.462E-20 7.159E-20 7.205E-20 7.673E-20 8.100E-20 7.915E-20 7.084E-20 6.316E-20 6.128E-20
 6.531E-20 6.995E-20 7.240E-20 7.315E-20 7.403E-20 7.631E-20 7.866E-20 8.088E-20 8.138E-20 8.351E-20
 8.474E-20 8.362E-20 7.863E-20 7.383E-20 7.282E-20 7.616E-20 8.099E-20 8.548E-20 8.769E-20 8.707E-20
 8.321E-20 7.859E-20 7.682E-20 7.541E-20 7.078E-20 6.412E-20 5.857E-20 5.787E-20 5.874E-20 5.874E-20
 5.969E-20 6.551E-20 7.346E-20 7.730E-20 7.444E-20 7.132E-20 7.167E-20 7.406E-20 7.626E-20 7.763E-20
 7.649E-20 7.149E-20 6.615E-20 6.526E-20 7.101E-20 7.597E-20 7.378E-20 6.599E-20 5.962E-20 6.032E-20
 6.881E-20 7.897E-20 8.565E-20 8.497E-20 7.799E-20 6.858E-20 6.197E-20 5.957E-20 6.419E-20 7.507E-20
 8.866E-20 9.744E-20 9.846E-20 9.284E-20 8.555E-20 8.029E-20 7.845E-20 7.714E-20 7.320E-20 6.827E-20
 6.448E-20 6.468E-20 7.119E-20 7.775E-20 8.115E-20 7.936E-20 7.512E-20 7.355E-20 7.445E-20 7.598E-20
 7.899E-20 8.120E-20 8.166E-20 7.854E-20 7.538E-20 7.400E-20 7.418E-20 7.270E-20 6.857E-20 6.201E-20
 5.665E-20 5.601E-20 6.067E-20 6.784E-20 7.285E-20 7.181E-20 6.622E-20 6.193E-20 6.276E-20 6.816E-20
 7.280E-20 7.434E-20 7.380E-20 7.308E-20 7.198E-20 7.152E-20 7.390E-20 7.984E-20 8.815E-20 9.259E-20
 9.130E-20 8.551E-20 8.060E-20 7.843E-20 7.860E-20 8.093E-20 8.437E-20 8.684E-20 8.669E-20 8.328E-20
 7.893E-20 7.668E-20 7.674E-20 7.734E-20 7.765E-20 7.857E-20 8.005E-20 8.195E-20 8.383E-20 8.361E-20
 8.179E-20 7.990E-20 7.958E-20 8.036E-20 8.178E-20 8.238E-20 8.288E-20 8.268E-20 8.035E-20 7.839E-20
 7.660E-20 7.512E-20 7.120E-20 6.509E-20 6.149E-20 6.055E-20 6.312E-20 6.634E-20 7.081E-20 7.479E-20
 7.914E-20 8.465E-20 9.058E-20 9.417E-20 8.959E-20 7.991E-20 7.418E-20 7.649E-20 8.235E-20 8.403E-20
 8.097E-20 7.604E-20 7.302E-20 7.282E-20 7.477E-20 7.757E-20 7.961E-20 7.662E-20 7.217E-20 6.746E-20
 6.236E-20 5.948E-20 5.907E-20 6.013E-20 6.119E-20 6.836E-20 8.166E-20 9.482E-20 9.781E-20 9.124E-20
 8.128E-20 7.210E-20 6.305E-20 5.564E-20 5.407E-20 5.846E-20 6.118E-20 5.900E-20 5.753E-20 6.033E-20
 6.502E-20 6.711E-20 6.853E-20 7.191E-20 7.442E-20 7.287E-20 7.092E-20 7.340E-20 8.054E-20 8.643E-20
 8.525E-20 8.150E-20 8.265E-20 8.906E-20 9.588E-20 9.734E-20 9.131E-20 8.119E-20 7.312E-20 7.000E-20
 7.077E-20 7.173E-20 6.956E-20 6.337E-20 5.861E-20 5.813E-20 6.352E-20 7.438E-20 8.507E-20 9.077E-20
 9.039E-20 8.678E-20 8.424E-20 8.466E-20 8.418E-20 7.942E-20 7.285E-20 6.879E-20 6.906E-20 7.053E-20
 7.202E-20 7.653E-20 8.301E-20 8.734E-20 8.502E-20 8.068E-20 8.008E-20 8.465E-20 8.889E-20 8.969E-20
 8.914E-20 8.778E-20 8.446E-20 7.997E-20 7.773E-20 7.963E-20 8.414E-20 8.749E-20 8.813E-20 8.622E-20
 8.434E-20 8.163E-20 7.906E-20 7.588E-20 7.199E-20 6.982E-20 7.449E-20 8.385E-20 9.376E-20 1.002E-19
 1.014E-19 9.638E-20 8.685E-20 7.808E-20 7.514E-20 7.781E-20 7.857E-20 7.447E-20 7.009E-20 7.157E-20
 7.431E-20 7.628E-20 7.515E-20 7.354E-20 7.169E-20 6.773E-20 6.488E-20 6.784E-20 7.761E-20 8.750E-20
 9.392E-20 9.756E-20 1.006E-19 9.964E-20 9.448E-20 9.012E-20 8.988E-20 9.111E-20 8.806E-20 8.496E-20
 8.349E-20 8.565E-20 8.725E-20 8.357E-20 7.633E-20 7.017E-20 6.880E-20 7.299E-20 7.745E-20 7.826E-20
 7.655E-20 7.534E-20 7.576E-20 7.585E-20 7.471E-20 7.458E-20 7.477E-20 7.439E-20 7.166E-20 6.834E-20
 7.006E-20 7.622E-20 7.920E-20 7.479E-20 6.466E-20 5.608E-20 5.442E-20 5.899E-20 6.454E-20 6.934E-20
 7.428E-20 8.165E-20 8.970E-20 9.131E-20 8.165E-20 6.761E-20 5.910E-20 6.025E-20 6.811E-20 7.695E-20
 8.410E-20 9.013E-20 9.316E-20 9.223E-20 8.913E-20 8.659E-20 8.551E-20 8.298E-20 8.394E-20 9.098E-20
 1.023E-19 1.118E-19 1.148E-19 1.106E-19 1.025E-19 9.109E-20 7.896E-20 7.152E-20 7.158E-20 7.736E-20
 8.356E-20 8.695E-20 8.731E-20 8.287E-20 7.440E-20 6.689E-20 6.583E-20 7.005E-20 7.479E-20 7.476E-20
 7.074E-20 6.856E-20 6.825E-20 6.936E-20 6.781E-20 6.497E-20 6.467E-20 6.631E-20 6.741E-20 6.603E-20
 6.234E-20 6.028E-20 6.211E-20 6.618E-20 7.068E-20 7.146E-20 7.056E-20 7.217E-20 7.713E-20 8.432E-20
 8.939E-20 9.343E-20 9.808E-20 1.022E-19 1.006E-19 9.256E-20 8.183E-20 7.386E-20 7.383E-20 7.745E-20
 7.808E-20 7.548E-20 7.127E-20 6.720E-20 6.770E-20 6.989E-20 7.084E-20 6.872E-20 6.687E-20 7.122E-20
 8.199E-20 9.563E-20 1.059E-19 1.077E-19 1.031E-19 9.600E-20 8.855E-20 8.301E-20 7.985E-20 7.895E-20
 7.997E-20 8.054E-20 8.097E-20 8.353E-20 8.756E-20 8.904E-20 8.571E-20 8.022E-20 7.666E-20 7.870E-20
 8.457E-20 9.287E-20 1.014E-19 1.088E-19 1.132E-19 1.155E-19 1.113E-19 9.894E-20 8.464E-20 7.668E-20
 7.802E-20 8.295E-20 8.318E-20 7.765E-20 7.089E-20 6.729E-20 6.812E-20 6.979E-20 7.049E-20 7.134E-20
 7.363E-20 7.708E-20 7.997E-20 8.066E-20 7.865E-20 7.655E-20 7.548E-20 7.458E-20 7.292E-20 7.156E-20
 7.043E-20 7.060E-20 7.309E-20 7.665E-20 8.002E-20 8.027E-20 7.668E-20 7.126E-20 6.780E-20 6.846E-20
 7.012E-20 7.006E-20 6.723E-20 6.602E-20 6.884E-20 7.540E-20 7.905E-20 7.948E-20 8.080E-20 8.332E-20
 8.232E-20 7.776E-20 7.664E-20 8.043E-20 8.363E-20 8.143E-20 7.640E-20 7.436E-20 7.715E-20 8.162E-20
 8.588E-20 8.914E-20 8.917E-20 8.599E-20 8.009E-20 7.339E-20 6.727E-20 6.396E-20 6.379E-20 6.662E-20
 6.978E-20 7.243E-20 7.019E-20 6.530E-20 6.117E-20 6.172E-20 6.837E-20 7.738E-20 8.333E-20 8.572E-20
 8.651E-20 8.558E-20 8.459E-20 8.488E-20 8.885E-20 9.324E-20 9.442E-20 9.091E-20 8.653E-20 8.475E-20
 8.646E-20 8.950E-20 9.178E-20 9.233E-20 9.039E-20 8.463E-20 7.915E-20 7.847E-20 8.228E-20 8.555E-20
 8.272E-20 7.462E-20 6.954E-20 7.142E-20 7.820E-20 8.488E-20 8.932E-20 8.964E-20 8.512E-20 7.724E-20
 6.965E-20 6.661E-20 7.062E-20 7.774E-20 8.343E-20 8.629E-20 8.469E-20 7.954E-20 7.257E-20 6.714E-20
 6.524E-20 6.666E-20 7.015E-20 7.232E-20 7.358E-20 7.644E-20 7.883E-20 7.767E-20 7.167E-20 6.444E-20
 5.910E-20 5.794E-20 5.753E-20 5.890E-20 6.643E-20 7.655E-20 8.384E-20 8.387E-20 7.744E-20 7.141E-20
 6.841E-20 6.822E-20 7.027E-20 7.473E-20 7.871E-20 8.205E-20 8.318E-20 8.211E-20 8.103E-20 8.296E-20
 8.634E-20 8.884E-20 8.736E-20 8.388E-20 8.269E-20 8.405E-20 8.397E-20 8.042E-20 7.613E-20 7.427E-20
 7.504E-20 7.506E-20 7.247E-20 6.976E-20 7.237E-20 7.829E-20 8.100E-20 7.616E-20 6.593E-20 5.638E-20
 5.212E-20 5.159E-20 5.328E-20 5.508E-20 5.664E-20 5.604E-20 5.445E-20 5.419E-20 5.558E-20 5.932E-20
 6.281E-20 6.546E-20 6.777E-20 7.070E-20 7.439E-20 7.932E-20 8.338E-20 8.235E-20 7.763E-20 7.371E-20
 7.406E-20 7.763E-20 8.199E-20 8.579E-20 8.723E-20 8.358E-20 7.705E-20 7.355E-20 7.579E-20 8.052E-20
 8.527E-20 8.941E-20 9.068E-20 8.821E-20 8.423E-20 8.090E-20 7.909E-20 7.642E-20 7.260E-20 7.105E-20
 7.286E-20 7.287E-20 6.687E-20 6.114E-20 6.108E-20 6.822E-20 7.741E-20 8.117E-20 7.695E-20 6.720E-20
 5.719E-20 5.318E-20 5.743E-20 6.636E-20 7.756E-20 8.650E-20 8.963E-20 8.742E-20 8.197E-20 7.637E-20
 6.993E-20 6.333E-20 5.970E-20 6.049E-20 6.073E-20 5.779E-20 5.298E-20 5.237E-20 5.608E-20 6.073E-20
 6.324E-20 6.392E-20 6.548E-20 6.983E-20 7.639E-20 8.450E-20 8.866E-20 8.607E-20 7.830E-20 7.050E-20
 6.691E-20 6.754E-20 6.983E-20 7.182E-20 7.403E-20 7.698E-20 8.040E-20 8.481E-20 8.803E-20 8.648E-20
 8.165E-20 7.751E-20 7.655E-20 7.834E-20 7.886E-20 7.534E-20 6.931E-20 6.356E-20 5.974E-20 5.994E-20
 6.295E-20 6.654E-20 6.889E-20 7.119E-20 7.289E-20 7.347E-20 7.043E-20 6.336E-20 5.786E-20 5.724E-20
 6.117E-20 6.494E-20 6.614E-20 6.868E-20 7.490E-20 7.991E-20 7.897E-20 7.244E-20 6.620E-20 6.456E-20
 6.434E-20 6.382E-20 6.404E-20 6.632E-20 7.061E-20 7.687E-20 8.363E-20 8.702E-20 8.412E-20 7.906E-20
 7.744E-20 8.067E-20 8.532E-20 8.845E-20 8.962E-20 8.893E-20 8.389E-20 7.647E-20 7.262E-20 7.474E-20
 7.978E-20 8.319E-20 8.375E-20 8.122E-20 7.744E-20 7.287E-20 6.914E-20 6.860E-20 6.927E-20 6.760E-20
 6.225E-20 5.772E-20 6.037E-20 7.078E-20 8.407E-20 9.231E-20 9.100E-20 8.250E-20 7.322E-20 6.415E-20
 5.609E-20 5.194E-20 5.556E-20 6.624E-20 7.666E-20 8.204E-20 8.320E-20 8.026E-20 7.268E-20 6.323E-20
 5.612E-20 5.437E-20 5.743E-20 6.056E-20 6.555E-20 7.209E-20 7.792E-20 7.990E-20 7.754E-20 7.244E-20
 6.838E-20 6.713E-20 6.894E-20 7.140E-20 7.244E-20 6.988E-20 6.507E-20 6.026E-20 5.846E-20 6.103E-20
 6.798E-20 7.448E-20 7.765E-20 7.526E-20 7.039E-20 6.750E-20 6.642E-20 6.719E-20 7.071E-20 7.737E-20
 8.513E-20 9.014E-20 9.152E-20 8.945E-20 8.634E-20 8.090E-20 7.536E-20 6.932E-20 6.289E-20 5.866E-20
 5.934E-20 6.283E-20 6.850E-20 7.469E-20 7.788E-20 7.695E-20 7.268E-20 6.567E-20 5.785E-20 5.227E-20
 5.049E-20 5.293E-20 5.852E-20 6.426E-20 6.767E-20 6.771E-20 6.627E-20 6.680E-20 7.034E-20 7.348E-20
 7.441E-20 7.165E-20 6.776E-20 6.500E-20 6.580E-20 6.499E-20 6.165E-20 5.645E-20 5.263E-20 5.194E-20
 5.377E-20 5.626E-20 5.765E-20 5.748E-20 5.587E-20 5.487E-20 5.460E-20 5.619E-20 6.048E-20 6.335E-20
 6.271E-20 5.822E-20 5.435E-20 5.591E-20 6.150E-20 6.595E-20 6.678E-20 6.633E-20 6.458E-20 5.940E-20
 5.328E-20 5.082E-20 5.482E-20 5.880E-20 5.705E-20 5.111E-20 4.779E-20 4.762E-20 4.941E-20 5.184E-20
 5.305E-20 5.224E-20 4.937E-20 4.611E-20 4.558E-20 4.857E-20 5.258E-20 5.791E-20 6.262E-20 6.484E-20
 6.523E-20 6.593E-20 6.501E-20 5.969E-20 5.064E-20 4.250E-20 4.055E-20 4.525E-20 5.184E-20 5.667E-20
 5.911E-20 5.965E-20 5.878E-20 5.698E-20 5.377E-20 5.181E-20 5.267E-20 5.619E-20 6.124E-20 6.458E-20
 6.490E-20 6.361E-20 6.316E-20 6.421E-20 6.276E-20 5.854E-20 5.737E-20 6.026E-20 6.372E-20 6.247E-20
 5.529E-20 4.977E-20 5.001E-20 5.376E-20 5.648E-20 6.005E-20 6.631E-20 7.183E-20 7.070E-20 6.410E-20
 6.088E-20 6.366E-20 6.729E-20 6.680E-20 6.337E-20 5.914E-20 5.453E-20 4.833E-20 4.346E-20 4.453E-20
 4.954E-20 5.586E-20 6.229E-20 6.758E-20 7.083E-20 6.871E-20 6.102E-20 5.197E-20 4.487E-20 4.134E-20
 4.294E-20 4.775E-20 5.342E-20 5.774E-20 5.823E-20 5.580E-20 5.233E-20 4.840E-20 4.457E-20 4.258E-20
 4.405E-20 4.742E-20 5.179E-20 5.870E-20 6.818E-20 7.687E-20 7.989E-20 7.635E-20 7.020E-20 6.503E-20
 6.223E-20 6.075E-20 5.941E-20 5.722E-20 5.627E-20 6.075E-20 6.769E-20 7.390E-20 7.452E-20 6.984E-20
 6.181E-20 5.299E-20 4.604E-20 4.410E-20 4.766E-20 5.397E-20 5.722E-20 5.584E-20 5.127E-20 4.731E-20
 4.641E-20 4.945E-20 5.466E-20 5.771E-20 5.675E-20 5.501E-20 5.574E-20 5.631E-20 5.270E-20 4.467E-20
 3.755E-20 3.522E-20 3.604E-20 3.746E-20 4.033E-20 4.555E-20 4.976E-20 5.169E-20 5.475E-20 6.081E-20
 6.618E-20 6.633E-20 6.135E-20 5.555E-20 5.413E-20 5.974E-20 6.762E-20 7.164E-20 6.921E-20 6.403E-20
 6.097E-20 5.880E-20 5.380E-20 4.686E-20 4.218E-20 4.097E-20 4.122E-20 4.114E-20 4.561E-20 5.567E-20
 6.427E-20 6.494E-20 6.089E-20 5.988E-20 6.292E-20 6.407E-20 6.141E-20 5.787E-20 5.581E-20 5.275E-20
 4.746E-20 4.401E-20 4.695E-20 5.466E-20 6.218E-20 6.460E-20 6.175E-20 5.724E-20 5.524E-20 5.677E-20
 6.013E-20 6.139E-20 5.792E-20 4.960E-20 4.009E-20 3.488E-20 3.557E-20 3.799E-20 3.903E-20 4.019E-20
 4.021E-20 3.852E-20 3.538E-20 3.521E-20 3.992E-20 4.475E-20 4.516E-20 4.349E-20 4.353E-20 4.803E-20
 5.424E-20 5.859E-20 6.230E-20 6.320E-20 5.890E-20 5.024E-20 4.359E-20 4.061E-20 4.254E-20 4.815E-20
 5.251E-20 5.390E-20 5.372E-20 5.377E-20 5.671E-20 6.007E-20 5.985E-20 5.668E-20 5.721E-20 6.122E-20
 6.657E-20 6.880E-20 6.537E-20 5.656E-20 4.655E-20 3.959E-20 3.681E-20 3.559E-20 3.226E-20 2.950E-20
 3.105E-20 3.424E-20 3.557E-20 3.695E-20 4.064E-20 4.672E-20 5.231E-20 5.611E-20 5.653E-20 5.357E-20
 4.756E-20 4.295E-20 4.043E-20 4.056E-20 4.048E-20 3.850E-20 3.563E-20 3.393E-20 3.362E-20 3.550E-20
 3.875E-20 4.103E-20 4.269E-20 4.588E-20 5.134E-20 5.866E-20 6.394E-20 6.528E-20 6.262E-20 5.603E-20
 5.039E-20 5.058E-20 5.540E-20 5.814E-20 5.537E-20 5.027E-20 4.838E-20 4.728E-20 4.279E-20 3.712E-20
 3.658E-20 4.045E-20 4.340E-20 4.318E-20 4.270E-20 4.493E-20 4.971E-20 5.381E-20 5.274E-20 4.914E-20
 4.461E-20 3.902E-20 3.502E-20 3.478E-20 3.798E-20 4.269E-20 4.664E-20 5.100E-20 5.640E-20 5.759E-20
 5.393E-20 4.602E-20 3.826E-20 3.548E-20 4.038E-20 4.825E-20 5.174E-20 4.786E-20 4.146E-20 4.018E-20
 4.430E-20 4.703E-20 4.359E-20 3.620E-20 3.026E-20 2.882E-20 2.817E-20 2.659E-20 2.573E-20 2.634E-20
 2.975E-20 3.504E-20 4.176E-20 4.956E-20 5.650E-20 5.930E-20 5.689E-20 5.094E-20 4.396E-20 3.953E-20
 3.862E-20 3.966E-20 4.041E-20 3.870E-20 3.559E-20 3.430E-20 3.823E-20 4.346E-20 4.396E-20 3.938E-20
 3.683E-20 4.132E-20 5.018E-20 5.865E-20 6.380E-20 6.474E-20 6.128E-20 5.336E-20 4.528E-20 4.251E-20
 4.467E-20 4.582E-20 4.304E-20 3.773E-20 3.252E-20 2.828E-20 2.439E-20 2.435E-20 3.151E-20 4.406E-20
 5.470E-20 5.611E-20 5.036E-20 4.521E-20 4.517E-20 4.725E-20 4.567E-20 4.014E-20 3.558E-20 3.473E-20
 3.561E-20 3.487E-20 3.544E-20 3.956E-20 4.416E-20 4.617E-20 4.508E-20 4.213E-20 3.985E-20 3.774E-20
 3.664E-20 3.961E-20 4.479E-20 4.865E-20 4.828E-20 4.270E-20 3.467E-20 2.807E-20 2.697E-20 3.218E-20
 3.906E-20 4.177E-20 3.954E-20 3.475E-20 3.005E-20 2.680E-20 2.316E-20 2.338E-20 2.804E-20 3.203E-20
 3.243E-20 3.059E-20 3.264E-20 3.928E-20 4.442E-20 4.423E-20 4.178E-20 4.016E-20 3.867E-20 3.509E-20
 3.073E-20 2.789E-20 2.659E-20 2.446E-20 2.166E-20 2.062E-20 2.212E-20 2.637E-20 3.296E-20 3.969E-20
 4.372E-20 4.495E-20 4.362E-20 4.111E-20 3.704E-20 3.059E-20 2.511E-20 2.426E-20 2.788E-20 3.159E-20
 3.330E-20 3.380E-20 3.433E-20 3.169E-20 2.491E-20 1.780E-20 1.657E-20 2.259E-20 3.196E-20 3.912E-20
 4.185E-20 4.171E-20 3.993E-20 3.844E-20 3.747E-20 3.567E-20 3.412E-20 3.489E-20 3.584E-20 3.336E-20
 2.701E-20 2.289E-20 2.496E-20 3.107E-20 3.666E-20 3.679E-20 3.042E-20 2.353E-20 2.250E-20 2.880E-20
 3.812E-20 4.608E-20 4.847E-20 4.648E-20 4.435E-20 4.263E-20 3.864E-20 3.404E-20 3.080E-20 3.170E-20
 3.511E-20 3.572E-20 3.332E-20 3.162E-20 3.375E-20 3.901E-20 4.088E-20 3.831E-20 3.378E-20 3.109E-20
 2.995E-20 2.983E-20 3.041E-20 3.179E-20 3.504E-20 3.775E-20 3.783E-20 3.412E-20 3.064E-20 2.930E-20
 2.889E-20 2.933E-20 3.094E-20 3.311E-20 3.542E-20 3.834E-20 4.252E-20 4.590E-20 4.694E-20 4.529E-20
 4.327E-20 4.020E-20 3.465E-20 2.652E-20 1.996E-20 1.761E-20 1.909E-20 2.126E-20 2.166E-20 1.981E-20
 1.575E-20 1.174E-20 1.066E-20 1.253E-20 1.522E-20 1.737E-20 1.962E-20 2.382E-20 2.992E-20 3.525E-20
 3.718E-20 3.437E-20 2.827E-20 2.172E-20 1.926E-20 2.016E-20 2.005E-20 1.770E-20 1.570E-20 1.723E-20
 2.264E-20 3.072E-20 3.800E-20 4.137E-20 3.964E-20 3.620E-20 3.702E-20 4.173E-20 4.676E-20 4.906E-20
 4.845E-20 4.478E-20 3.822E-20 3.162E-20 2.691E-20 2.219E-20 1.628E-20 1.025E-20 7.611E-21 1.081E-20
 1.752E-20 2.236E-20 2.378E-20 2.369E-20 2.452E-20 2.884E-20 3.526E-20 3.830E-20 3.602E-20 3.301E-20
 3.320E-20 3.566E-20 3.548E-20 3.184E-20 2.842E-20 2.652E-20 2.430E-20 2.140E-20 1.897E-20 1.777E-20
 1.826E-20 2.080E-20 2.732E-20 3.554E-20 3.973E-20 3.850E-20 3.554E-20 3.319E-20 3.097E-20 2.771E-20
 2.420E-20 2.164E-20 2.063E-20 2.325E-20 2.566E-20 2.705E-20 2.757E-20 2.847E-20 2.886E-20 2.488E-20
 1.811E-20 1.380E-20 1.455E-20 1.931E-20 2.534E-20 3.032E-20 3.076E-20 2.584E-20 1.787E-20 1.421E-20
 1.706E-20 2.169E-20 2.444E-20 2.619E-20 2.845E-20 2.935E-20 2.691E-20 2.240E-20 1.885E-20 1.690E-20
 1.627E-20 1.797E-20 2.315E-20 2.910E-20 3.468E-20 3.935E-20 4.219E-20 4.295E-20 4.090E-20 3.734E-20
 3.396E-20 2.940E-20 2.269E-20 1.495E-20 9.238E-21 7.678E-21 9.082E-21 1.174E-20 1.524E-20 2.082E-20
 2.830E-20 3.776E-20 4.558E-20 4.631E-20 3.855E-20 2.594E-20 1.398E-20 6.295E-21 3.109E-21 4.588E-21
 9.769E-21 1.546E-20 1.771E-20 1.632E-20 1.493E-20 1.527E-20 1.685E-20 1.880E-20 1.997E-20 1.975E-20
 1.920E-20 2.024E-20 2.216E-20 2.192E-20 1.900E-20 1.708E-20 2.002E-20 2.447E-20 2.427E-20 1.898E-20
 1.394E-20 1.377E-20 1.737E-20 2.226E-20 2.542E-20 2.539E-20 2.346E-20 2.191E-20 2.247E-20 2.690E-20
 3.293E-20 3.732E-20 3.864E-20 3.620E-20 2.999E-20 2.141E-20 1.461E-20 1.167E-20 1.332E-20 1.568E-20
 1.517E-20 1.395E-20 1.434E-20 1.653E-20 1.898E-20 2.043E-20 1.972E-20 1.738E-20 1.553E-20 1.745E-20
 2.395E-20 3.143E-20 3.441E-20 3.110E-20 2.539E-20 1.863E-20 1.027E-20 2.412E-21 0.000E+00 1.750E-21
 6.200E-21 5.788E-21 8.729E-22 0.000E+00 0.000E+00 1.008E-21 6.095E-21 1.456E-20 2.015E-20 2.139E-20
 1.817E-20 1.315E-20 1.105E-20 1.214E-20 1.478E-20 1.707E-20 1.639E-20 1.434E-20 1.429E-20 1.771E-20
 2.270E-20 2.469E-20 2.265E-20 1.986E-20 1.844E-20 1.963E-20 2.266E-20 2.636E-20 2.885E-20 2.878E-20
 2.520E-20 2.110E-20 1.737E-20 1.427E-20 1.030E-20 4.404E-21 0.000E+00 1.175E-23 3.271E-21 1.276E-20
 1.967E-20 2.012E-20 1.657E-20 1.470E-20 1.656E-20 1.873E-20 1.774E-20 1.672E-20 1.892E-20 2.456E-20
 3.069E-20 3.412E-20 3.309E-20 2.804E-20 1.883E-20 9.254E-21 2.550E-21 1.653E-22 2.260E-21 8.276E-21
 1.621E-20 2.438E-20 3.000E-20 3.171E-20 3.064E-20 2.805E-20 2.477E-20 2.057E-20 1.587E-20 1.268E-20
 1.414E-20 1.917E-20 2.407E-20 2.548E-20 2.249E-20 1.806E-20 1.647E-20 1.835E-20 2.165E-20 2.445E-20
 2.501E-20 2.438E-20 2.397E-20 2.274E-20 1.934E-20 1.453E-20 1.155E-20 1.072E-20 9.881E-21 8.397E-21
 6.845E-21 6.345E-21 5.993E-21 7.001E-21 1.045E-20 1.658E-20 2.261E-20 2.349E-20 1.836E-20 1.262E-20
 9.179E-21 8.942E-21 9.206E-21 6.619E-21 2.704E-21 1.328E-22 0.000E+00 0.000E+00 0.000E+00 2.197E-21
 8.633E-21 1.430E-20 1.813E-20 2.194E-20 2.423E-20 2.073E-20 1.310E-20 6.543E-21 7.329E-21 1.392E-20
 1.842E-20 1.764E-20 1.576E-20 1.820E-20 2.584E-20 3.268E-20 3.234E-20 2.396E-20 1.285E-20 5.793E-21
 7.118E-21 1.402E-20 2.168E-20 2.666E-20 2.842E-20 3.018E-20 3.413E-20 3.819E-20 3.900E-20 3.439E-20
 2.813E-20 2.386E-20 2.217E-20 2.032E-20 1.667E-20 1.279E-20 1.024E-20 9.817E-21 1.191E-20 1.479E-20
 1.767E-20 1.854E-20 1.626E-20 1.332E-20 1.334E-20 1.650E-20 1.978E-20 2.013E-20 1.835E-20 1.673E-20
 1.559E-20 1.390E-20 1.014E-20 4.350E-21 3.545E-22 0.000E+00 0.000E+00 0.000E+00 0.000E+00 0.000E+00
 0.000E+00 0.000E+00 1.732E-21 8.329E-21 1.725E-20 2.307E-20 2.445E-20 2.277E-20 1.974E-20 1.691E-20
 1.749E-20 2.168E-20 2.426E-20 2.277E-20 1.898E-20 1.625E-20 1.564E-20 1.319E-20 9.573E-21 7.516E-21
 7.414E-21 8.173E-21 7.351E-21 4.557E-21 2.008E-21 1.384E-21 2.654E-21 4.261E-21 6.523E-21 1.132E-20
 1.645E-20 1.845E-20 1.456E-20 7.907E-21 4.786E-21 8.394E-21 1.493E-20 1.812E-20 1.593E-20 1.105E-20
 7.028E-21 6.280E-21 8.458E-21 1.290E-20 1.620E-20 1.558E-20 1.263E-20 1.087E-20 1.135E-20 1.015E-20
 7.209E-21 6.393E-21 8.896E-21 1.227E-20 1.184E-20 8.545E-21 5.634E-21 5.676E-21 6.992E-21 7.883E-21
 8.943E-21 1.130E-20 1.486E-20 1.796E-20 1.992E-20 2.078E-20 2.027E-20 1.616E-20 1.028E-20 5.373E-21
 3.000E-21 2.218E-21 2.176E-21 3.863E-21 8.175E-21 1.274E-20 1.360E-20 1.104E-20 1.114E-20 1.604E-20
 2.175E-20 2.217E-20 1.805E-20 1.409E-20 1.281E-20 1.270E-20 1.064E-20 7.015E-21 5.085E-21 5.887E-21
 7.676E-21 8.820E-21 8.423E-21 6.936E-21 6.564E-21 7.874E-21 8.787E-21 7.534E-21 5.517E-21 4.472E-21
 5.415E-21 8.177E-21 1.238E-20 1.544E-20 1.687E-20 1.929E-20 2.313E-20 2.399E-20 2.086E-20 1.617E-20
 1.244E-20 1.035E-20 8.275E-21 7.550E-21 9.196E-21 9.911E-21 7.098E-21 3.440E-21 2.150E-21 3.702E-21
 6.275E-21 9.283E-21 1.560E-20 2.588E-20 3.473E-20 3.865E-20 3.749E-20 3.422E-20 3.172E-20 3.014E-20
 2.933E-20 2.787E-20 2.453E-20 1.828E-20 1.259E-20 9.199E-21 7.978E-21 9.157E-21 1.256E-20 1.530E-20
 1.479E-20 9.151E-21 1.932E-21 0.000E+00 0.000E+00 0.000E+00 1.250E-21 4.539E-21 7.627E-21 9.880E-21
 9.930E-21 6.599E-21 1.854E-21 0.000E+00 0.000E+00 2.908E-21 1.092E-20 1.851E-20 2.245E-20 2.095E-20
 1.621E-20 1.125E-20 5.999E-21 1.271E-21 0.000E+00 0.000E+00 0.000E+00 8.952E-22 5.569E-21 1.302E-20
 1.705E-20 1.599E-20 9.915E-21 2.958E-21 0.000E+00 0.000E+00 0.000E+00 1.191E-21 6.061E-21 1.243E-20
 1.512E-20 1.384E-20 1.019E-20 6.549E-21 2.968E-21 7.953E-22 1.435E-21 4.573E-21 6.397E-21 4.722E-21
 1.438E-21 1.549E-21 6.716E-21 1.208E-20 1.284E-20 1.015E-20 7.818E-21 7.061E-21 6.737E-21 4.426E-21
 1.195E-21 0.000E+00 0.000E+00 0.000E+00 1.387E-21 4.829E-21 7.023E-21 7.244E-21 6.946E-21 7.459E-21
 8.072E-21 6.649E-21 4.347E-21 3.332E-21 3.063E-21 3.027E-21 5.018E-21 1.065E-20 1.736E-20 2.001E-20
 1.685E-20 1.155E-20 7.967E-21 9.222E-21 1.484E-20 1.863E-20 1.772E-20 1.380E-20 1.115E-20 1.299E-20
 1.640E-20 1.743E-20 1.432E-20 9.098E-21 6.745E-21 8.790E-21 1.277E-20 1.351E-20 8.638E-21 3.139E-21
 3.616E-21 1.179E-20 2.226E-20 2.871E-20 2.891E-20 2.477E-20 2.007E-20 1.456E-20 7.485E-21 1.757E-21
 0.000E+00 0.000E+00 1.474E-21 5.971E-21 1.009E-20 1.102E-20 1.145E-20 1.394E-20 1.623E-20 1.355E-20
 5.715E-21 0.000E+00 0.000E+00 0.000E+00 0.000E+00 0.000E+00 0.000E+00 5.975E-22 3.579E-21 7.613E-21
 8.573E-21 7.846E-21 8.688E-21 1.148E-20 1.368E-20 1.390E-20 1.101E-20 7.194E-21 6.986E-21 9.775E-21
 1.179E-20 1.038E-20 5.152E-21 7.361E-22 0.000E+00 2.178E-21 8.331E-21 1.451E-20 1.633E-20 1.276E-20
 8.614E-21 7.604E-21 1.049E-20 1.435E-20 1.718E-20 1.970E-20 2.246E-20 2.299E-20 1.879E-20 1.230E-20
 5.976E-21 2.779E-21 2.670E-21 4.299E-21 7.669E-21 1.264E-20 1.565E-20 1.553E-20 1.323E-20 1.115E-20
 1.071E-20 8.865E-21 3.720E-21 0.000E+00 0.000E+00 0.000E+00 0.000E+00 0.000E+00 0.000E+00 0.000E+00
 0.000E+00 0.000E+00 0.000E+00 0.000E+00 0.000E+00 0.000E+00 7.310E-23 1.722E-21 6.393E-21 1.067E-20
 9.764E-21 4.555E-21 7.365E-22 0.000E+00 0.000E+00 0.000E+00 0.000E+00 0.000E+00 1.790E-21 7.077E-21
 1.151E-20 1.072E-20 5.646E-21 9.382E-22 0.000E+00 2.207E-21 8.497E-21 1.428E-20 1.725E-20 1.971E-20
 2.219E-20 2.478E-20 2.509E-20 2.090E-20 1.549E-20 1.331E-20 1.526E-20 1.869E-20 1.892E-20 1.319E-20
 4.952E-21 6.322E-22 2.202E-21 6.538E-21 8.612E-21 6.427E-21 3.018E-21 2.845E-21 6.439E-21 1.045E-20
 1.034E-20 4.771E-21 9.726E-23 0.000E+00 7.037E-22 4.108E-21 7.905E-21 7.403E-21 5.426E-21 5.121E-21
 5.721E-21 4.603E-21 1.877E-21 0.000E+00 0.000E+00 0.000E+00 0.000E+00 1.378E-21 6.230E-21 1.135E-20
 1.219E-20 1.076E-20 1.036E-20 1.140E-20 1.230E-20 1.284E-20 1.278E-20 1.107E-20 7.392E-21 3.667E-21
 2.300E-21 4.540E-21 9.968E-21 1.649E-20 2.089E-20 2.063E-20 1.713E-20 1.281E-20 8.038E-21 2.829E-21
 0.000E+00 0.000E+00 0.000E+00 0.000E+00 0.000E+00 0.000E+00 0.000E+00 0.000E+00 4.223E-23 3.108E-21
 9.434E-21 1.236E-20 1.154E-20 8.653E-21 4.041E-21 5.471E-22 0.000E+00 0.000E+00 0.000E+00 8.184E-22
 1.590E-21 1.281E-21 2.557E-21 4.972E-21 6.288E-21 6.006E-21 6.146E-21 5.076E-21 1.897E-21 0.000E+00
 0.000E+00 0.000E+00 0.000E+00 0.000E+00 0.000E+00 0.000E+00 0.000E+00 7.783E-22 3.477E-21 7.303E-21
 9.013E-21 6.361E-21 2.723E-21 8.627E-22 0.000E+00 0.000E+00 0.000E+00 0.000E+00
