    CF3CH3  580.0000  630.0000      3320     213.0    0.0000 8.895E-18  HITRAN    HFC-143a    air 31
 0.000E+00 0.000E+00 0.000E+00 3.131E-20 5.516E-20 1.903E-20 1.263E-20 1.011E-20 4.814E-21 0.000E+00
 0.000E+00 2.844E-20 8.316E-20 7.886E-20 2.617E-20 0.000E+00 0.000E+00 0.000E+00 0.000E+00 0.000E+00
 0.000E+00 0.000E+00 0.000E+00 0.000E+00 0.000E+00 0.000E+00 1.315E-20 3.902E-20 3.929E-21 0.000E+00
 0.000E+00 1.635E-20 9.668E-20 1.106E-19 8.007E-20 6.688E-20 1.601E-20 0.000E+00 0.000E+00 2.247E-20
 1.048E-19 1.223E-19 1.019E-19 7.316E-20 3.335E-20 0.000E+00 0.000E+00 0.000E+00 8.249E-21 1.779E-20
 0.000E+00 0.000E+00 4.609E-20 2.510E-20 0.000E+00 0.000E+00 0.000E+00 1.453E-20 3.807E-21 4.098E-20
 5.258E-20 2.337E-20 4.755E-20 4.886E-20 0.000E+00 0.000E+00 0.000E+00 0.000E+00 0.000E+00 0.000E+00
 1.832E-20 5.647E-20 3.632E-20 2.481E-20 5.321E-21 0.000E+00 0.000E+00 0.000E+00 0.000E+00 1.435E-20
 3.822E-20 6.448E-20 6.826E-20 4.950E-20 4.029E-20 6.963E-20 6.957E-20 4.807E-20 7.170E-20 7.298E-20
 3.838E-20 2.781E-20 1.757E-20 1.131E-20 6.522E-21 0.000E+00 0.000E+00 0.000E+00 0.000E+00 0.000E+00
 0.000E+00 0.000E+00 0.000E+00 0.000E+00 0.000E+00 2.128E-20 4.338E-20 2.587E-21 0.000E+00 0.000E+00
 0.000E+00 0.000E+00 0.000E+00 2.265E-21 4.649E-20 2.621E-20 2.654E-20 6.473E-20 6.419E-20 4.514E-20
 5.438E-20 5.026E-20 5.104E-21 9.974E-21 6.822E-20 8.376E-20 4.170E-20 2.170E-21 0.000E+00 0.000E+00
 0.000E+00 0.000E+00 5.084E-21 1.611E-20 2.571E-21 0.000E+00 0.000E+00 2.295E-20 2.645E-20 3.014E-20
 6.006E-20 4.404E-20 3.065E-20 2.251E-20 0.000E+00 0.000E+00 0.000E+00 3.065E-20 7.670E-20 6.678E-20
 4.892E-20 7.399E-20 9.716E-20 6.719E-20 0.000E+00 0.000E+00 0.000E+00 0.000E+00 0.000E+00 2.655E-20
 4.268E-21 0.000E+00 4.746E-20 6.854E-20 2.952E-20 3.348E-20 6.623E-20 3.132E-20 1.627E-20 4.803E-20
 7.326E-20 8.146E-20 3.707E-20 1.777E-20 3.257E-20 1.131E-20 0.000E+00 0.000E+00 0.000E+00 0.000E+00
 0.000E+00 0.000E+00 0.000E+00 9.377E-21 5.991E-20 2.892E-20 2.592E-20 8.581E-20 9.014E-20 2.305E-21
 0.000E+00 0.000E+00 8.344E-20 1.469E-19 1.030E-19 0.000E+00 0.000E+00 0.000E+00 0.000E+00 0.000E+00
 1.163E-20 0.000E+00 0.000E+00 0.000E+00 1.931E-21 2.564E-20 4.590E-20 3.956E-20 0.000E+00 0.000E+00
 3.314E-20 3.298E-20 0.000E+00 1.190E-20 4.938E-20 5.181E-20 1.529E-20 0.000E+00 0.000E+00 0.000E+00
 0.000E+00 2.125E-20 3.380E-20 0.000E+00 0.000E+00 0.000E+00 0.000E+00 0.000E+00 2.283E-20 6.500E-20
 6.587E-20 3.206E-20 3.482E-20 4.841E-20 4.876E-21 0.000E+00 1.493E-20 7.970E-20 1.035E-19 1.106E-19
 9.462E-20 6.736E-20 7.522E-20 5.995E-20 0.000E+00 0.000E+00 0.000E+00 0.000E+00 3.534E-20 9.836E-20
 8.421E-20 4.444E-20 3.870E-20 2.688E-20 3.013E-20 3.573E-20 1.787E-20 4.547E-21 8.001E-21 3.408E-20
 7.123E-20 5.996E-20 4.015E-20 2.107E-20 1.181E-21 8.231E-21 0.000E+00 0.000E+00 0.000E+00 0.000E+00
 1.855E-20 0.000E+00 0.000E+00 5.017E-20 1.294E-19 9.895E-20 1.937E-20 3.849E-21 5.511E-20 7.051E-20
 6.152E-20 8.192E-20 9.487E-20 7.310E-20 6.986E-20 9.505E-20 5.069E-20 5.316E-21 0.000E+00 0.000E+00
 3.120E-20 5.604E-20 4.432E-20 1.957E-20 0.000E+00 0.000E+00 0.000E+00 2.457E-21 7.259E-21 7.593E-21
 0.000E+00 0.000E+00 0.000E+00 0.000E+00 7.021E-20 9.720E-20 4.317E-20 2.064E-20 5.097E-20 6.464E-20
 5.284E-20 2.002E-20 0.000E+00 0.000E+00 4.126E-20 9.996E-20 6.608E-20 0.000E+00 0.000E+00 0.000E+00
 0.000E+00 0.000E+00 0.000E+00 5.812E-20 4.748E-20 0.000E+00 0.000E+00 8.741E-21 7.449E-21 4.930E-22
 1.510E-20 4.088E-20 7.489E-20 7.176E-20 1.606E-21 0.000E+00 0.000E+00 0.000E+00 0.000E+00 0.000E+00
 0.000E+00 0.000E+00 0.000E+00 0.000E+00 0.000E+00 5.227E-21 0.000E+00 1.074E-20 3.951E-20 2.786E-20
 0.000E+00 0.000E+00 5.528E-20 1.488E-19 1.578E-19 5.757E-20 0.000E+00 0.000E+00 0.000E+00 4.457E-20
 7.985E-20 3.522E-21 0.000E+00 0.000E+00 0.000E+00 0.000E+00 0.000E+00 0.000E+00 0.000E+00 1.270E-20
 8.103E-20 7.433E-20 2.282E-20 1.284E-20 2.889E-20 6.533E-20 1.395E-19 1.551E-19 7.243E-20 3.970E-20
 5.654E-20 5.840E-20 6.228E-20 3.745E-20 0.000E+00 0.000E+00 0.000E+00 0.000E+00 0.000E+00 0.000E+00
 0.000E+00 0.000E+00 0.000E+00 3.389E-21 7.287E-20 1.011E-19 8.657E-20 9.505E-20 9.762E-20 1.061E-19
 1.076E-19 7.921E-20 6.307E-20 5.386E-20 5.535E-20 2.647E-20 0.000E+00 0.000E+00 1.144E-20 5.044E-20
 5.728E-20 7.439E-20 6.237E-20 2.558E-20 0.000E+00 0.000E+00 2.136E-20 7.356E-20 1.064E-19 1.267E-19
 1.249E-19 1.206E-19 1.587E-19 1.252E-19 0.000E+00 0.000E+00 8.540E-22 2.797E-20 1.026E-20 3.017E-20
 5.676E-20 7.841E-20 1.183E-19 1.082E-19 4.523E-20 0.000E+00 0.000E+00 0.000E+00 3.540E-20 7.744E-20
 4.092E-20 1.508E-20 7.664E-20 1.115E-19 1.240E-19 1.410E-19 8.151E-20 3.002E-20 2.738E-20 1.872E-20
 3.132E-21 0.000E+00 0.000E+00 0.000E+00 0.000E+00 1.009E-20 1.565E-20 4.707E-20 4.999E-20 1.040E-20
 0.000E+00 2.549E-20 8.021E-20 7.962E-20 7.876E-20 1.036E-19 1.226E-19 1.794E-19 2.407E-19 1.530E-19
 4.295E-20 4.018E-20 4.099E-20 1.460E-20 0.000E+00 0.000E+00 3.106E-20 4.465E-20 1.899E-20 8.011E-21
 5.836E-20 8.479E-20 8.330E-20 1.017E-19 7.038E-20 3.408E-20 7.622E-20 1.089E-19 1.157E-19 1.498E-19
 2.072E-19 1.975E-19 6.052E-20 0.000E+00 0.000E+00 0.000E+00 0.000E+00 0.000E+00 0.000E+00 0.000E+00
 1.983E-20 0.000E+00 0.000E+00 0.000E+00 0.000E+00 0.000E+00 0.000E+00 5.690E-20 5.103E-20 6.744E-20
 8.793E-20 9.495E-20 1.399E-19 2.291E-19 2.499E-19 1.631E-19 1.302E-19 1.180E-19 7.102E-20 5.507E-20
 6.942E-20 6.638E-20 4.487E-20 5.272E-20 7.511E-20 5.687E-20 1.535E-20 1.597E-20 5.148E-20 8.766E-20
 7.522E-20 3.726E-20 2.222E-20 2.510E-20 6.406E-20 1.211E-19 1.940E-19 1.935E-19 9.414E-20 3.408E-20
 4.558E-20 7.176E-20 5.145E-20 1.415E-20 1.047E-20 2.266E-20 1.288E-20 0.000E+00 0.000E+00 2.122E-21
 0.000E+00 0.000E+00 0.000E+00 2.208E-20 4.954E-20 3.509E-20 6.042E-20 9.648E-20 9.609E-20 1.997E-19
 2.620E-19 1.707E-19 9.502E-20 5.861E-20 4.752E-20 4.646E-20 4.997E-20 6.048E-20 6.845E-20 7.154E-20
 4.669E-20 2.858E-20 2.801E-20 3.134E-20 2.963E-20 8.041E-21 0.000E+00 0.000E+00 9.388E-21 1.082E-19
 1.491E-19 1.651E-19 2.328E-19 2.121E-19 7.693E-20 0.000E+00 0.000E+00 0.000E+00 0.000E+00 0.000E+00
 0.000E+00 0.000E+00 7.850E-21 5.383E-20 8.662E-20 5.216E-20 2.360E-22 9.697E-21 6.260E-20 7.549E-20
 6.627E-20 7.118E-20 5.274E-20 8.369E-20 2.087E-19 3.146E-19 2.541E-19 1.425E-19 9.571E-20 3.463E-20
 1.087E-20 3.377E-20 4.015E-20 2.136E-20 2.855E-21 0.000E+00 0.000E+00 0.000E+00 0.000E+00 1.969E-20
 1.765E-20 4.728E-21 4.140E-22 2.374E-20 4.041E-20 4.640E-20 9.853E-20 2.019E-19 3.200E-19 2.713E-19
 9.925E-20 2.774E-20 2.366E-20 2.961E-20 2.572E-20 0.000E+00 0.000E+00 1.162E-20 3.613E-20 5.756E-20
 5.981E-20 5.898E-20 5.918E-20 5.666E-20 5.728E-20 4.681E-20 4.621E-20 6.524E-20 1.184E-19 1.866E-19
 2.722E-19 2.888E-19 1.402E-19 2.687E-20 0.000E+00 0.000E+00 1.582E-20 2.500E-20 0.000E+00 0.000E+00
 0.000E+00 0.000E+00 2.202E-20 3.363E-20 1.288E-20 0.000E+00 0.000E+00 8.063E-21 0.000E+00 6.226E-21
 5.538E-20 9.009E-20 1.533E-19 2.733E-19 3.246E-19 1.679E-19 2.050E-20 2.402E-20 4.000E-20 3.593E-20
 4.150E-20 5.220E-20 6.627E-20 7.687E-20 5.834E-20 4.622E-20 7.316E-20 1.000E-19 8.313E-20 4.075E-20
 3.246E-20 3.064E-20 2.143E-20 5.077E-20 1.072E-19 1.698E-19 2.850E-19 3.327E-19 1.651E-19 1.130E-20
 1.656E-20 4.008E-20 0.000E+00 0.000E+00 0.000E+00 0.000E+00 1.881E-20 2.405E-20 1.946E-20 2.164E-20
 2.568E-20 3.492E-20 2.344E-20 2.830E-20 6.812E-20 7.164E-20 6.674E-20 1.287E-19 2.465E-19 3.588E-19
 3.216E-19 1.449E-19 4.681E-20 3.919E-20 3.347E-20 4.130E-20 4.002E-20 3.573E-20 4.677E-20 3.314E-20
 1.258E-20 1.160E-20 4.365E-21 0.000E+00 1.594E-21 4.976E-20 6.578E-20 4.787E-20 5.191E-20 7.178E-20
 1.209E-19 2.512E-19 3.915E-19 3.225E-19 1.132E-19 3.586E-20 3.510E-20 5.182E-21 0.000E+00 0.000E+00
 0.000E+00 0.000E+00 0.000E+00 0.000E+00 0.000E+00 3.378E-20 7.011E-20 8.269E-20 9.045E-20 6.764E-20
 5.915E-20 8.330E-20 1.269E-19 1.738E-19 2.705E-19 4.164E-19 3.657E-19 1.716E-19 1.228E-19 1.193E-19
 8.034E-20 5.028E-20 0.000E+00 0.000E+00 2.411E-20 1.784E-20 2.053E-21 2.884E-20 5.955E-20 1.583E-20
 0.000E+00 0.000E+00 2.183E-20 3.391E-20 4.432E-20 7.177E-20 1.185E-19 2.763E-19 4.802E-19 4.384E-19
 2.234E-19 1.050E-19 5.972E-20 2.110E-20 0.000E+00 0.000E+00 0.000E+00 3.431E-21 4.039E-20 6.452E-20
 5.203E-20 3.006E-20 4.311E-20 4.768E-20 3.605E-20 3.254E-20 1.441E-20 6.983E-21 4.461E-20 1.310E-19
 3.041E-19 4.411E-19 3.228E-19 1.279E-19 8.357E-20 9.571E-20 7.408E-20 1.838E-20 0.000E+00 9.740E-22
 4.790E-20 2.586E-20 0.000E+00 2.590E-20 6.661E-20 5.572E-20 5.210E-20 7.954E-20 7.236E-20 5.830E-20
 7.058E-20 1.123E-19 2.053E-19 3.724E-19 4.748E-19 3.500E-19 1.818E-19 1.141E-19 9.681E-20 8.485E-20
 6.337E-20 6.292E-20 5.466E-20 5.790E-20 8.124E-20 6.520E-20 4.096E-20 2.679E-20 1.031E-20 2.716E-21
 5.130E-22 2.379E-20 4.468E-20 1.570E-20 2.132E-20 1.337E-19 3.433E-19 4.596E-19 2.994E-19 1.324E-19
 1.128E-19 1.082E-19 1.127E-19 7.354E-20 5.858E-21 3.220E-22 1.647E-20 1.871E-20 2.453E-20 3.272E-20
 3.997E-20 5.660E-20 8.019E-20 9.706E-20 1.144E-19 1.202E-19 7.673E-20 5.981E-20 1.506E-19 3.662E-19
 4.930E-19 3.187E-19 1.469E-19 1.390E-19 1.390E-19 1.052E-19 6.374E-20 2.911E-20 0.000E+00 0.000E+00
 0.000E+00 2.060E-22 4.668E-20 5.967E-20 2.220E-20 4.853E-21 5.202E-21 0.000E+00 0.000E+00 0.000E+00
 5.588E-20 1.914E-19 3.802E-19 4.339E-19 2.274E-19 7.182E-20 3.611E-20 1.722E-20 1.328E-20 9.898E-21
 5.427E-21 1.185E-20 2.843E-20 2.126E-20 5.444E-21 4.355E-21 3.017E-20 4.903E-20 7.001E-20 9.022E-20
 7.207E-20 5.231E-20 4.519E-20 6.950E-20 1.954E-19 4.314E-19 4.682E-19 2.247E-19 7.231E-20 7.181E-20
 7.084E-20 5.098E-20 1.105E-20 0.000E+00 0.000E+00 0.000E+00 1.299E-20 2.020E-20 1.189E-20 0.000E+00
 0.000E+00 0.000E+00 0.000E+00 4.181E-20 7.615E-20 5.609E-20 4.431E-20 1.799E-19 4.749E-19 5.120E-19
 2.337E-19 1.036E-19 1.383E-19 1.631E-19 1.465E-19 1.037E-19 7.772E-20 7.005E-20 5.276E-20 4.371E-20
 7.577E-20 8.610E-20 4.915E-20 1.218E-20 2.826E-20 8.397E-20 1.230E-19 1.138E-19 9.876E-20 1.380E-19
 2.484E-19 4.321E-19 4.051E-19 1.617E-19 8.134E-20 1.366E-19 1.510E-19 7.492E-20 3.099E-21 0.000E+00
 0.000E+00 0.000E+00 0.000E+00 7.161E-21 1.432E-20 5.981E-21 5.120E-21 3.611E-20 6.909E-20 6.525E-20
 5.484E-20 4.723E-20 6.297E-20 2.259E-19 4.993E-19 4.453E-19 1.551E-19 8.931E-20 1.214E-19 9.988E-20
 5.604E-20 2.508E-20 1.417E-20 1.138E-20 2.775E-20 2.104E-20 3.480E-21 7.994E-21 1.467E-20 2.228E-20
 5.711E-20 7.405E-20 4.976E-20 9.913E-21 0.000E+00 3.376E-20 1.971E-19 4.240E-19 3.621E-19 1.241E-19
 5.444E-20 7.493E-20 8.263E-20 7.478E-20 6.469E-20 2.435E-20 0.000E+00 0.000E+00 1.752E-20 4.246E-20
 5.729E-20 7.165E-20 7.414E-20 7.964E-20 6.760E-20 3.042E-20 0.000E+00 0.000E+00 1.055E-20 1.775E-19
 4.418E-19 3.933E-19 1.415E-19 7.037E-20 8.301E-20 5.874E-20 2.494E-20 1.450E-20 2.285E-20 3.992E-20
 3.970E-20 3.474E-20 3.440E-20 3.620E-20 3.651E-20 1.082E-20 1.781E-20 5.170E-20 6.023E-20 4.848E-20
 4.135E-20 3.613E-20 1.630E-19 3.960E-19 3.503E-19 1.323E-19 7.135E-20 9.754E-20 1.150E-19 9.512E-20
 6.164E-20 6.148E-20 6.889E-20 6.906E-20 6.508E-20 5.262E-20 4.524E-20 4.513E-20 5.547E-20 5.371E-20
 4.034E-20 3.458E-20 3.547E-20 6.294E-20 8.848E-20 2.238E-19 4.318E-19 3.774E-19 1.748E-19 8.906E-20
 6.116E-20 5.537E-20 5.779E-20 3.162E-20 0.000E+00 0.000E+00 0.000E+00 0.000E+00 0.000E+00 0.000E+00
 2.420E-20 2.576E-20 3.465E-20 5.136E-20 2.409E-20 0.000E+00 2.312E-20 7.012E-20 2.169E-19 4.042E-19
 3.203E-19 1.327E-19 9.801E-20 1.212E-19 1.353E-19 1.021E-19 4.337E-20 1.152E-20 4.400E-22 0.000E+00
 6.025E-21 5.583E-20 4.278E-20 2.783E-20 3.162E-20 3.261E-20 2.988E-20 1.257E-20 0.000E+00 0.000E+00
 2.299E-20 1.832E-19 3.497E-19 2.030E-19 1.668E-20 5.088E-20 1.011E-19 9.023E-20 5.436E-20 2.050E-20
 1.047E-20 3.897E-20 3.163E-20 1.846E-20 3.333E-20 1.680E-20 1.934E-21 1.934E-20 6.126E-20 6.558E-20
 5.875E-20 8.207E-20 8.738E-20 8.677E-20 2.158E-19 3.423E-19 2.059E-19 6.667E-20 7.085E-20 7.074E-20
 5.307E-20 2.264E-20 4.849E-21 1.139E-20 1.847E-20 4.716E-21 2.172E-21 4.896E-21 0.000E+00 0.000E+00
 1.254E-20 2.103E-20 9.598E-21 0.000E+00 0.000E+00 9.094E-21 4.706E-20 1.825E-19 2.958E-19 1.472E-19
 2.097E-21 6.861E-21 5.052E-20 5.528E-20 1.414E-20 2.760E-21 1.299E-20 5.007E-20 7.277E-20 4.804E-20
 1.435E-20 0.000E+00 0.000E+00 2.554E-20 7.848E-20 1.029E-19 8.885E-20 3.420E-20 0.000E+00 0.000E+00
 1.861E-19 3.205E-19 1.727E-19 3.128E-20 3.202E-20 6.111E-20 4.826E-20 0.000E+00 0.000E+00 0.000E+00
 7.795E-21 2.198E-20 4.510E-20 3.194E-20 0.000E+00 0.000E+00 0.000E+00 0.000E+00 1.472E-20 7.087E-21
 0.000E+00 0.000E+00 3.803E-20 1.972E-19 2.977E-19 1.749E-19 9.647E-20 1.079E-19 9.755E-20 7.123E-20
 3.376E-20 1.348E-20 3.321E-20 6.934E-20 5.903E-20 4.603E-20 4.307E-20 3.487E-20 2.834E-20 3.097E-20
 3.739E-20 1.798E-20 1.269E-20 3.458E-20 4.934E-20 4.655E-20 1.382E-19 2.154E-19 1.094E-19 1.875E-20
 2.868E-20 6.394E-20 4.300E-20 0.000E+00 0.000E+00 4.298E-21 4.603E-20 4.877E-20 1.601E-20 0.000E+00
 2.923E-21 7.584E-21 0.000E+00 0.000E+00 0.000E+00 2.789E-20 2.498E-20 2.068E-21 2.837E-21 1.228E-19
 2.146E-19 1.346E-19 9.276E-20 1.171E-19 1.001E-19 4.736E-20 2.660E-20 2.817E-20 0.000E+00 0.000E+00
 2.433E-20 5.770E-20 6.423E-20 7.200E-20 7.455E-20 5.773E-20 3.757E-20 4.626E-20 4.180E-20 2.805E-20
 6.706E-20 7.474E-20 1.169E-19 1.735E-19 1.111E-19 5.396E-20 4.552E-20 2.749E-20 0.000E+00 0.000E+00
 1.557E-20 1.030E-20 8.294E-21 1.053E-20 1.155E-20 4.297E-20 8.887E-20 8.601E-20 2.547E-20 0.000E+00
 1.608E-20 5.647E-20 4.325E-20 3.165E-20 4.683E-20 1.293E-19 1.773E-19 1.083E-19 5.152E-20 6.725E-20
 8.926E-20 3.712E-20 0.000E+00 0.000E+00 1.789E-20 4.599E-20 3.705E-20 0.000E+00 0.000E+00 0.000E+00
 0.000E+00 0.000E+00 7.327E-21 3.739E-20 3.857E-20 1.582E-20 8.175E-21 8.522E-21 7.191E-20 1.241E-19
 8.526E-20 4.232E-20 4.484E-20 4.584E-20 2.321E-20 5.771E-20 8.846E-20 6.229E-20 5.011E-20 5.024E-20
 7.220E-20 7.747E-20 5.217E-20 3.616E-20 3.574E-20 5.149E-20 6.365E-20 5.882E-20 3.297E-20 1.155E-20
 2.400E-20 8.822E-20 1.264E-19 9.476E-20 8.040E-20 8.214E-20 7.076E-20 4.442E-20 3.985E-20 5.382E-20
 3.752E-20 3.048E-20 5.217E-20 8.920E-20 1.357E-19 1.881E-19 2.184E-19 2.031E-19 1.649E-19 1.341E-19
 1.012E-19 5.364E-20 1.621E-20 1.366E-20 7.460E-20 1.035E-19 7.448E-20 8.620E-20 1.133E-19 1.181E-19
 9.116E-20 9.313E-20 1.348E-19 1.868E-19 3.155E-19 5.277E-19 6.710E-19 5.561E-19 3.096E-19 1.576E-19
 1.006E-19 8.531E-20 6.601E-20 2.544E-20 1.146E-21 1.407E-20 4.355E-20 8.686E-20 9.269E-20 4.114E-20
 2.009E-20 4.711E-20 7.364E-20 6.479E-20 2.091E-20 0.000E+00 0.000E+00 1.285E-20 4.122E-20 6.203E-20
 9.421E-20 1.021E-19 6.732E-20 3.126E-20 2.236E-20 2.737E-20 3.088E-20 2.363E-20 1.832E-20 3.219E-20
 5.103E-20 6.089E-20 5.769E-20 4.470E-20 3.765E-20 2.300E-20 1.342E-20 3.203E-20 6.789E-20 9.935E-20
 8.601E-20 3.331E-20 1.592E-20 4.886E-20 7.032E-20 7.457E-20 6.600E-20 5.684E-20 7.377E-20 1.044E-19
 1.075E-19 6.202E-20 4.626E-20 1.073E-19 1.803E-19 2.148E-19 2.623E-19 2.852E-19 1.861E-19 6.011E-20
 1.902E-20 2.738E-20 2.403E-20 3.279E-20 4.138E-20 2.615E-20 2.532E-20 5.165E-20 5.883E-20 2.970E-20
 2.173E-20 3.327E-20 4.564E-20 5.000E-20 3.828E-20 2.748E-20 4.138E-20 5.379E-20 5.085E-20 5.614E-20
 5.014E-20 4.945E-20 3.959E-20 2.999E-20 3.731E-20 3.877E-20 3.798E-20 3.723E-20 3.456E-20 1.450E-20
 0.000E+00 0.000E+00 0.000E+00 0.000E+00 0.000E+00 0.000E+00 0.000E+00 0.000E+00 0.000E+00 0.000E+00
 1.757E-20 6.248E-20 7.085E-20 7.395E-20 8.897E-20 1.133E-19 1.329E-19 1.252E-19 1.835E-19 2.751E-19
 4.006E-19 5.177E-19 6.394E-19 8.437E-19 1.157E-18 1.580E-18 2.123E-18 2.735E-18 3.421E-18 4.628E-18
 6.582E-18 8.895E-18 8.331E-18 3.855E-18 5.663E-19 0.000E+00 0.000E+00 0.000E+00 0.000E+00 0.000E+00
 0.000E+00 0.000E+00 0.000E+00 0.000E+00 0.000E+00 0.000E+00 0.000E+00 0.000E+00 0.000E+00 0.000E+00
 5.902E-21 2.803E-20 1.572E-20 0.000E+00 0.000E+00 0.000E+00 0.000E+00 0.000E+00 1.969E-20 2.575E-20
 1.661E-20 2.438E-20 4.181E-20 5.641E-20 4.753E-20 1.692E-20 1.029E-20 2.508E-20 3.602E-20 1.505E-20
 0.000E+00 0.000E+00 0.000E+00 7.445E-21 1.677E-20 1.725E-20 2.427E-20 8.992E-21 0.000E+00 2.819E-20
 5.850E-20 4.689E-20 3.605E-20 4.297E-20 7.201E-20 6.491E-20 1.263E-20 0.000E+00 0.000E+00 0.000E+00
 5.910E-21 2.992E-20 1.614E-20 0.000E+00 0.000E+00 1.718E-20 4.560E-20 7.347E-20 6.840E-20 3.063E-20
 1.301E-20 3.207E-20 6.638E-20 8.138E-20 8.328E-20 7.134E-20 5.656E-20 4.707E-20 4.310E-20 4.249E-20
 3.533E-20 2.483E-20 8.704E-21 0.000E+00 0.000E+00 0.000E+00 0.000E+00 4.350E-21 7.319E-21 0.000E+00
 0.000E+00 0.000E+00 0.000E+00 0.000E+00 2.740E-20 3.868E-20 1.462E-20 0.000E+00 0.000E+00 2.063E-20
 3.220E-20 2.104E-20 3.186E-20 4.666E-20 6.282E-20 8.530E-20 9.791E-20 1.117E-19 1.445E-19 1.818E-19
 2.460E-19 3.281E-19 4.033E-19 4.818E-19 6.168E-19 8.522E-19 1.153E-18 1.363E-18 1.391E-18 1.469E-18
 1.353E-18 7.416E-19 1.881E-19 6.357E-21 1.294E-20 3.541E-20 1.265E-20 0.000E+00 0.000E+00 0.000E+00
 4.052E-21 1.106E-20 0.000E+00 9.282E-21 4.076E-20 4.954E-20 2.780E-20 8.526E-21 2.099E-20 7.177E-20
 1.234E-19 9.440E-20 5.911E-20 5.945E-20 4.892E-20 5.860E-20 7.672E-20 6.887E-20 5.983E-20 8.636E-20
 1.028E-19 9.054E-20 8.196E-20 9.307E-20 1.058E-19 1.045E-19 1.067E-19 9.294E-20 6.940E-20 5.622E-20
 6.827E-20 9.043E-20 1.311E-19 1.869E-19 1.648E-19 1.081E-19 8.987E-20 1.057E-19 1.313E-19 1.136E-19
 6.928E-20 4.501E-20 6.069E-20 7.039E-20 4.625E-20 4.412E-20 7.942E-20 1.500E-19 2.326E-19 2.242E-19
 1.210E-19 5.105E-20 3.636E-20 4.834E-20 8.165E-20 1.306E-19 1.637E-19 1.072E-19 4.501E-20 4.062E-20
 3.152E-20 2.913E-20 2.882E-20 2.006E-20 3.466E-20 6.278E-20 6.145E-20 4.245E-20 3.585E-20 3.415E-20
 3.179E-20 4.116E-20 5.357E-20 4.678E-20 3.353E-20 2.021E-20 8.903E-21 2.548E-20 1.290E-19 2.186E-19
 1.605E-19 8.188E-20 6.634E-20 9.493E-20 1.403E-19 1.434E-19 8.169E-20 3.475E-20 4.519E-20 2.385E-20
 0.000E+00 0.000E+00 1.106E-20 4.443E-20 5.269E-20 5.648E-20 4.451E-20 3.215E-20 3.212E-20 2.388E-20
 8.114E-21 1.105E-19 2.407E-19 1.757E-19 7.326E-20 5.822E-20 7.712E-20 5.313E-20 0.000E+00 1.121E-20
 3.005E-20 1.710E-20 1.932E-20 1.586E-20 0.000E+00 2.415E-20 9.084E-20 1.165E-19 1.006E-19 5.445E-20
 2.535E-20 6.541E-21 0.000E+00 9.043E-21 1.073E-19 2.021E-19 1.450E-19 5.919E-20 3.063E-20 1.964E-20
 2.902E-20 4.190E-20 4.326E-20 4.826E-20 7.242E-20 6.839E-20 5.497E-20 6.896E-20 8.514E-20 1.064E-19
 1.257E-19 1.298E-19 1.412E-19 1.481E-19 1.285E-19 1.105E-19 1.233E-19 2.376E-19 3.230E-19 2.369E-19
 1.628E-19 1.478E-19 9.987E-20 5.092E-20 5.220E-20 5.842E-20 4.497E-20 4.353E-20 4.188E-20 4.736E-20
 3.431E-20 1.777E-20 2.677E-20 3.812E-20 4.050E-20 2.851E-20 1.865E-20 1.611E-20 1.692E-20 4.696E-20
 1.774E-19 2.570E-19 1.501E-19 4.658E-20 2.586E-20 3.093E-20 3.961E-20 6.348E-20 6.888E-20 3.884E-20
 3.454E-20 5.545E-20 7.068E-20 6.106E-20 4.959E-20 5.076E-20 6.422E-20 7.259E-20 6.473E-20 4.360E-20
 2.483E-20 4.053E-20 8.625E-20 2.411E-19 3.264E-19 1.697E-19 5.546E-20 6.202E-20 5.309E-20 1.274E-20
 0.000E+00 2.710E-20 4.981E-20 6.019E-20 5.641E-20 5.336E-20 6.048E-20 6.137E-20 4.759E-20 3.204E-20
 1.330E-20 8.392E-21 2.786E-20 3.283E-20 1.763E-20 6.902E-20 2.742E-19 3.550E-19 1.783E-19 5.152E-20
 4.682E-20 6.420E-20 4.887E-20 4.136E-20 7.147E-20 7.892E-20 6.186E-20 5.393E-20 6.153E-20 5.794E-20
 5.836E-20 5.521E-20 4.084E-20 2.904E-20 3.397E-20 3.994E-20 2.448E-20 1.303E-20 7.743E-20 2.903E-19
 3.457E-19 1.303E-19 4.792E-21 1.604E-20 3.262E-20 1.687E-20 8.090E-22 1.024E-20 3.145E-20 4.204E-20
 4.095E-20 4.921E-20 3.970E-20 3.969E-20 6.585E-20 9.182E-20 8.942E-20 9.023E-20 9.839E-20 8.147E-20
 6.240E-20 1.278E-19 3.602E-19 4.230E-19 1.970E-19 6.070E-20 5.996E-20 6.780E-20 5.565E-20 5.050E-20
 4.667E-20 2.175E-20 1.230E-20 1.559E-20 2.595E-20 1.892E-20 0.000E+00 0.000E+00 4.684E-21 3.628E-20
 7.414E-20 5.942E-20 5.684E-21 0.000E+00 8.275E-20 3.488E-19 3.981E-19 1.656E-19 7.464E-20 9.716E-20
 9.342E-20 8.246E-20 5.530E-20 5.187E-20 6.674E-20 5.874E-20 5.121E-20 5.414E-20 3.402E-20 1.235E-20
 9.877E-21 1.200E-20 3.977E-21 7.130E-21 2.843E-20 4.605E-20 5.590E-20 1.697E-19 4.351E-19 4.518E-19
 1.808E-19 5.831E-20 6.685E-20 5.799E-20 3.953E-20 3.019E-20 2.551E-20 1.734E-20 2.147E-20 3.048E-20
 2.915E-20 2.306E-20 2.147E-20 1.270E-21 0.000E+00 8.837E-21 1.742E-20 2.855E-20 3.660E-20 6.630E-20
 1.954E-19 4.403E-19 4.350E-19 1.905E-19 1.038E-19 1.105E-19 9.442E-20 6.484E-20 4.836E-20 4.748E-20
 3.682E-20 3.607E-20 4.906E-20 6.054E-20 6.256E-20 7.109E-20 5.650E-20 3.182E-20 2.759E-20 4.143E-20
 4.497E-20 3.991E-20 7.348E-20 2.135E-19 4.593E-19 4.594E-19 1.956E-19 5.824E-20 3.610E-20 1.639E-21
 0.000E+00 0.000E+00 1.456E-21 3.537E-20 4.994E-20 3.228E-20 1.076E-20 1.154E-20 2.299E-20 2.923E-20
 5.298E-20 7.932E-20 6.500E-20 3.016E-20 3.101E-20 6.351E-20 2.270E-19 5.151E-19 4.878E-19 1.933E-19
 8.800E-20 8.884E-20 2.870E-20 0.000E+00 1.012E-20 1.831E-20 1.178E-20 3.092E-21 7.321E-21 3.113E-20
 3.344E-20 2.319E-20 6.841E-21 0.000E+00 0.000E+00 3.711E-20 4.819E-20 2.053E-20 3.884E-20 2.200E-19
 4.709E-19 4.034E-19 1.466E-19 7.596E-20 5.969E-20 7.547E-21 0.000E+00 5.922E-21 3.236E-20 1.725E-20
 8.692E-21 3.416E-20 5.513E-20 5.845E-20 6.869E-20 7.982E-20 5.749E-20 2.321E-20 5.052E-20 6.673E-20
 4.491E-20 9.868E-20 3.005E-19 5.409E-19 4.539E-19 1.808E-19 9.874E-20 8.526E-20 4.699E-20 1.849E-20
 2.166E-21 1.207E-21 1.557E-20 2.401E-20 2.782E-20 4.138E-20 3.022E-20 1.227E-20 8.557E-21 2.541E-20
 4.215E-20 4.192E-20 3.363E-20 4.651E-20 1.139E-19 3.172E-19 5.485E-19 4.390E-19 1.829E-19 9.006E-20
 4.520E-20 2.972E-20 3.249E-20 2.356E-20 1.532E-20 3.646E-20 6.859E-20 7.146E-20 5.031E-20 3.628E-20
 5.737E-20 5.622E-20 4.899E-20 5.918E-20 6.730E-20 5.387E-20 5.035E-20 1.277E-19 3.350E-19 5.453E-19
 4.196E-19 1.584E-19 9.435E-20 7.482E-20 2.043E-20 0.000E+00 2.597E-20 1.911E-20 0.000E+00 0.000E+00
 3.049E-20 3.149E-20 1.353E-20 1.690E-20 4.430E-20 7.586E-20 7.544E-20 6.171E-20 2.895E-20 3.978E-20
 1.580E-19 3.819E-19 5.970E-19 4.777E-19 2.033E-19 9.936E-20 6.377E-20 4.472E-20 5.003E-20 4.847E-20
 1.771E-20 2.724E-21 2.175E-20 3.908E-20 3.423E-20 3.146E-20 5.347E-20 5.391E-20 4.477E-20 4.625E-20
 4.135E-20 2.580E-20 5.361E-20 1.437E-19 3.462E-19 5.306E-19 3.611E-19 1.038E-19 5.771E-20 4.360E-20
 8.104E-21 0.000E+00 3.095E-21 0.000E+00 0.000E+00 3.849E-20 7.742E-20 7.746E-20 6.127E-20 4.588E-20
 4.025E-20 5.112E-20 4.991E-20 4.782E-20 5.450E-20 9.270E-20 1.797E-19 3.702E-19 5.504E-19 4.223E-19
 2.053E-19 1.491E-19 1.041E-19 5.029E-20 3.993E-20 3.192E-20 5.747E-21 2.071E-20 6.043E-20 6.606E-20
 3.478E-20 1.191E-20 1.782E-20 1.815E-20 2.018E-20 1.274E-20 1.147E-20 3.502E-20 9.131E-20 1.884E-19
 3.742E-19 5.279E-19 3.879E-19 1.832E-19 1.184E-19 6.288E-20 8.609E-21 0.000E+00 0.000E+00 2.560E-20
 5.050E-20 2.994E-20 1.388E-20 2.872E-20 2.778E-20 1.573E-20 1.247E-20 3.032E-20 6.695E-20 9.909E-20
 1.000E-19 1.349E-19 2.105E-19 3.652E-19 5.039E-19 3.722E-19 1.798E-19 1.009E-19 3.768E-20 1.958E-21
 0.000E+00 9.720E-22 1.026E-20 3.289E-21 0.000E+00 5.220E-21 2.862E-21 7.150E-21 2.368E-20 4.570E-20
 4.189E-20 2.134E-20 3.543E-20 5.804E-20 1.244E-19 2.286E-19 4.043E-19 5.234E-19 3.579E-19 1.676E-19
 9.383E-20 2.231E-20 0.000E+00 0.000E+00 1.849E-20 3.591E-20 3.770E-20 2.512E-20 2.486E-20 3.908E-20
 4.238E-20 3.463E-20 4.171E-20 6.115E-20 6.321E-20 6.430E-20 9.388E-20 1.514E-19 2.293E-19 3.871E-19
 4.876E-19 3.216E-19 1.217E-19 5.150E-20 0.000E+00 0.000E+00 1.055E-20 4.373E-20 4.110E-20 3.555E-20
 3.855E-20 3.196E-20 3.618E-20 4.404E-20 3.181E-20 7.547E-21 0.000E+00 2.739E-21 4.316E-20 7.492E-20
 1.140E-19 2.075E-19 3.809E-19 4.815E-19 3.278E-19 1.441E-19 5.799E-20 0.000E+00 0.000E+00 5.198E-21
 3.162E-20 3.286E-20 3.132E-20 3.101E-20 2.040E-20 1.860E-20 2.117E-20 3.033E-20 2.868E-20 1.984E-20
 2.400E-20 5.805E-20 9.577E-20 1.440E-19 2.435E-19 3.996E-19 4.539E-19 2.773E-19 1.261E-19 8.267E-20
 4.057E-20 1.861E-20 8.534E-21 1.101E-20 3.286E-21 9.358E-21 2.912E-20 3.574E-20 3.871E-20 4.665E-20
 4.119E-20 1.898E-20 2.223E-20 3.140E-20 4.655E-20 7.551E-20 1.380E-19 2.472E-19 4.114E-19 4.789E-19
 2.868E-19 1.029E-19 6.125E-20 4.141E-20 2.100E-20 0.000E+00 0.000E+00 0.000E+00 2.054E-20 2.479E-20
 2.687E-20 5.264E-20 4.351E-20 1.618E-20 2.224E-20 4.392E-20 6.268E-20 9.100E-20 1.155E-19 1.506E-19
 2.269E-19 3.753E-19 4.249E-19 2.493E-19 1.044E-19 5.608E-20 2.496E-20 2.019E-20 1.563E-20 5.121E-21
 0.000E+00 3.189E-20 5.848E-20 5.787E-20 5.051E-20 3.067E-20 1.032E-20 4.593E-21 2.637E-20 6.371E-20
 9.753E-20 1.155E-19 1.586E-19 2.495E-19 3.871E-19 4.306E-19 2.664E-19 9.178E-20 0.000E+00 0.000E+00
 0.000E+00 0.000E+00 7.278E-21 1.408E-20 1.664E-20 2.706E-20 3.425E-20 5.854E-21 0.000E+00 0.000E+00
 2.081E-20 5.354E-20 5.827E-20 4.013E-20 5.833E-20 1.574E-19 2.597E-19 3.710E-19 3.943E-19 2.243E-19
 9.870E-20 6.190E-20 3.355E-20 2.144E-20 1.125E-20 9.592E-21 2.344E-20 4.915E-20 4.041E-20 2.936E-20
 2.420E-20 1.836E-20 3.060E-20 1.713E-20 0.000E+00 1.316E-20 4.354E-20 6.863E-20 1.158E-19 2.133E-19
 3.460E-19 3.505E-19 1.970E-19 7.375E-20 2.110E-20 2.059E-20 2.815E-20 2.330E-21 0.000E+00 2.116E-21
 2.658E-20 1.207E-20 0.000E+00 0.000E+00 1.969E-20 2.309E-20 7.066E-21 2.103E-20 6.674E-20 1.237E-19
 1.585E-19 1.996E-19 2.867E-19 4.006E-19 3.777E-19 1.921E-19 6.770E-20 3.021E-20 2.491E-20 4.409E-20
 6.419E-20 8.504E-20 7.989E-20 5.518E-20 4.060E-20 5.083E-20 7.060E-20 6.454E-20 5.590E-20 6.804E-20
 6.145E-20 5.054E-20 6.242E-20 8.837E-20 1.268E-19 1.901E-19 3.021E-19 3.033E-19 1.460E-19 3.565E-20
 2.217E-21 7.233E-21 2.431E-20 2.693E-20 4.155E-20 6.161E-20 6.251E-20 4.633E-20 4.321E-20 4.231E-20
 3.850E-20 2.358E-20 0.000E+00 1.053E-20 5.676E-20 9.171E-20 1.143E-19 1.489E-19 2.196E-19 3.203E-19
 3.050E-19 1.446E-19 2.584E-20 0.000E+00 2.212E-20 5.356E-20 3.672E-20 1.902E-21 0.000E+00 0.000E+00
 0.000E+00 0.000E+00 0.000E+00 0.000E+00 0.000E+00 6.449E-21 5.253E-21 1.554E-20 5.004E-20 1.042E-19
 1.613E-19 2.283E-19 2.984E-19 2.468E-19 1.218E-19 5.731E-20 2.139E-20 9.267E-21 2.108E-20 2.101E-20
 1.372E-20 3.570E-20 5.424E-20 4.778E-20 5.326E-20 5.031E-20 3.495E-20 2.091E-20 2.182E-20 5.758E-20
 1.057E-19 1.312E-19 1.447E-19 1.495E-19 1.909E-19 2.737E-19 2.210E-19 6.969E-20 0.000E+00 1.622E-21
 1.087E-20 0.000E+00 0.000E+00 0.000E+00 5.193E-21 2.542E-20 3.561E-20 4.827E-20 3.698E-20 1.560E-20
 1.823E-20 2.353E-20 2.639E-20 6.002E-20 8.703E-20 8.704E-20 1.139E-19 2.012E-19 2.852E-19 2.272E-19
 9.459E-20 3.125E-20 3.039E-20 3.442E-20 2.030E-20 2.589E-20 3.612E-20 3.599E-20 3.620E-20 3.494E-20
 2.238E-20 0.000E+00 2.739E-21 2.585E-20 3.478E-20 4.622E-20 7.002E-20 9.480E-20 1.256E-19 1.510E-19
 1.879E-19 2.363E-19 1.632E-19 3.876E-20 4.404E-21 9.784E-21 5.001E-21 0.000E+00 0.000E+00 0.000E+00
 0.000E+00 3.800E-22 2.216E-20 3.125E-20 2.095E-20 1.349E-20 1.581E-20 4.529E-20 8.488E-20 8.914E-20
 7.930E-20 1.041E-19 1.583E-19 2.290E-19 2.816E-19 2.120E-19 8.488E-20 2.272E-20 1.428E-20 2.754E-20
 4.351E-20 6.062E-20 6.478E-20 4.707E-20 2.471E-20 1.005E-20 0.000E+00 7.873E-21 4.061E-20 6.016E-20
 8.512E-20 8.776E-20 7.204E-20 6.284E-20 6.425E-20 8.232E-20 1.565E-19 2.358E-19 1.781E-19 6.292E-20
 9.046E-21 3.495E-21 1.101E-20 1.459E-20 1.705E-20 1.076E-20 7.935E-21 3.793E-21 0.000E+00 0.000E+00
 0.000E+00 0.000E+00 1.217E-20 5.446E-20 8.914E-20 9.383E-20 7.676E-20 9.248E-20 1.314E-19 1.778E-19
 2.054E-19 1.466E-19 6.270E-20 1.268E-20 0.000E+00 1.589E-20 4.096E-20 3.914E-20 1.839E-21 0.000E+00
 3.841E-20 3.654E-20 6.796E-21 1.220E-20 2.920E-20 3.249E-20 3.853E-20 5.685E-20 6.688E-20 6.691E-20
 8.221E-20 1.118E-19 1.491E-19 1.561E-19 1.082E-19 4.072E-20 0.000E+00 0.000E+00 0.000E+00 0.000E+00
 2.042E-20 3.387E-20 3.231E-20 6.040E-20 7.334E-20 5.944E-20 6.764E-20 6.009E-20 4.012E-20 3.936E-20
 5.398E-20 6.958E-20 5.452E-20 3.416E-20 4.446E-20 1.060E-19 1.416E-19 9.600E-20 5.184E-20 2.806E-20
 1.278E-20 0.000E+00 0.000E+00 2.474E-20 3.875E-20 1.557E-20 0.000E+00 0.000E+00 0.000E+00 7.946E-21
 1.503E-20 2.045E-20 2.209E-20 1.287E-20 2.287E-20 5.606E-20 8.314E-20 9.051E-20 1.175E-19 1.361E-19
 9.803E-20 4.567E-20 1.351E-20 0.000E+00 0.000E+00 0.000E+00 0.000E+00 0.000E+00 8.368E-21 3.734E-20
 4.719E-20 4.582E-20 3.850E-20 2.088E-20 1.898E-20 3.038E-20 4.360E-20 7.046E-20 8.812E-20 7.878E-20
 7.259E-20 9.171E-20 7.436E-20 9.285E-21 0.000E+00 0.000E+00 0.000E+00 0.000E+00 0.000E+00 0.000E+00
 0.000E+00 0.000E+00 0.000E+00 0.000E+00 0.000E+00 3.203E-20 4.136E-20 4.577E-20 6.028E-20 7.683E-20
 9.535E-20 7.984E-20 6.393E-20 8.751E-20 1.240E-19 1.099E-19 5.199E-20 2.737E-20 2.476E-20 1.330E-20
 0.000E+00 0.000E+00 9.088E-21 1.144E-20 1.807E-20 3.473E-20 4.498E-20 3.648E-20 4.110E-20 5.359E-20
 3.609E-20 1.248E-20 2.051E-20 3.947E-20 3.351E-20 3.067E-20 5.871E-20 9.945E-20 9.470E-20 2.912E-20
 0.000E+00 0.000E+00 0.000E+00 1.659E-20 5.280E-20 6.394E-20 3.826E-20 2.165E-20 4.032E-20 6.912E-20
 6.988E-20 5.586E-20 4.279E-20 3.155E-20 2.262E-20 1.244E-20 1.908E-20 4.815E-20 8.096E-20 1.071E-19
 1.164E-19 8.899E-20 4.462E-20 1.304E-20 0.000E+00 0.000E+00 0.000E+00 0.000E+00 0.000E+00 4.290E-22
 4.315E-21 0.000E+00 1.255E-21 3.860E-21 0.000E+00 0.000E+00 1.883E-20 4.030E-20 1.630E-20 0.000E+00
 8.888E-21 3.564E-20 6.616E-20 9.829E-20 8.225E-20 5.028E-20 3.824E-20 2.427E-20 1.618E-20 2.199E-20
 3.013E-20 8.333E-21 0.000E+00 2.996E-20 4.998E-20 4.297E-20 1.923E-20 1.063E-20 2.193E-20 3.474E-20
 2.862E-20 1.878E-20 2.355E-20 3.926E-20 5.042E-20 4.992E-20 7.950E-20 9.487E-20 6.944E-20 5.792E-20
 5.834E-20 4.737E-20 3.286E-20 6.718E-21 0.000E+00 0.000E+00 8.116E-21 7.508E-21 0.000E+00 8.100E-22
 3.491E-20 5.681E-20 4.360E-20 1.912E-20 1.576E-20 3.768E-20 4.699E-20 4.484E-20 6.997E-20 9.008E-20
 7.508E-20 6.490E-20 5.566E-20 4.328E-20 3.545E-20 2.085E-20 0.000E+00 0.000E+00 1.227E-20 2.449E-20
 2.486E-20 2.153E-20 1.636E-20 8.734E-21 5.818E-21 1.327E-20 2.155E-20 2.946E-20 3.457E-20 3.277E-20
 3.123E-20 5.028E-20 5.696E-20 2.469E-20 0.000E+00 0.000E+00 0.000E+00 6.387E-21 1.182E-20 6.644E-21
 1.031E-20 2.331E-20 1.847E-20 2.537E-20 2.791E-20 1.395E-20 1.168E-20 1.239E-20 2.258E-20 4.374E-20
 5.580E-20 5.195E-20 4.687E-20 6.146E-20 7.846E-20 6.136E-20 1.931E-20 0.000E+00 0.000E+00 0.000E+00
 0.000E+00 2.270E-21 0.000E+00 0.000E+00 0.000E+00 1.238E-21 0.000E+00 0.000E+00 0.000E+00 0.000E+00
 0.000E+00 0.000E+00 7.894E-21 2.116E-20 3.606E-20 3.972E-20 3.713E-20 3.980E-20 2.270E-20 0.000E+00
 0.000E+00 0.000E+00 9.270E-22 0.000E+00 2.673E-21 1.680E-20 1.866E-20 1.187E-20 1.330E-20 4.353E-20
 6.122E-20 4.567E-20 1.819E-20 3.726E-21 1.903E-20 4.138E-20 6.565E-20 8.713E-20 8.324E-20 6.349E-20
 5.508E-20 5.218E-20 2.744E-20 0.000E+00 0.000E+00 0.000E+00 1.492E-20 1.999E-20 0.000E+00 0.000E+00
 4.250E-23 1.144E-21 0.000E+00 0.000E+00 1.666E-20 3.357E-20 1.556E-20 1.045E-21 1.303E-20 2.029E-20
 2.438E-20 2.751E-20 2.943E-20 5.349E-20 4.593E-20 1.842E-20 3.654E-20 5.999E-20 4.173E-20 0.000E+00
 0.000E+00 1.807E-20 6.171E-21 1.584E-20 4.832E-20 4.552E-20 2.243E-20 3.488E-20 3.729E-20 0.000E+00
 0.000E+00 0.000E+00 0.000E+00 1.318E-20 2.154E-20 2.875E-20 4.360E-20 3.412E-20 9.932E-21 7.072E-21
 9.430E-22 0.000E+00 0.000E+00 0.000E+00 0.000E+00 3.556E-21 1.547E-21 0.000E+00 0.000E+00 0.000E+00
 0.000E+00 0.000E+00 2.082E-21 0.000E+00 0.000E+00 4.276E-20 6.445E-20 6.192E-20 6.535E-20 7.405E-20
 4.837E-20 1.389E-20 1.561E-20 2.500E-20 1.914E-20 6.710E-21 0.000E+00 0.000E+00 0.000E+00 0.000E+00
 0.000E+00 1.762E-20 3.331E-20 3.604E-20 3.185E-20 3.155E-20 2.530E-20 3.118E-21 0.000E+00 1.146E-20
 2.477E-20 3.512E-20 5.036E-20 4.424E-20 2.891E-20 2.110E-22 0.000E+00 0.000E+00 0.000E+00 9.605E-21
 2.822E-20 2.287E-20 1.421E-20 2.443E-20 4.889E-20 6.036E-20 4.864E-20 4.697E-20 3.147E-20 0.000E+00
 0.000E+00 2.669E-20 4.249E-20 4.685E-20 5.591E-20 6.241E-20 5.239E-20 2.627E-20 0.000E+00 0.000E+00
 3.020E-20 5.839E-20 2.334E-20 0.000E+00 0.000E+00 0.000E+00 1.456E-20 1.737E-20 6.784E-21 0.000E+00
 5.667E-21 2.592E-20 4.164E-20 3.047E-20 0.000E+00 0.000E+00 0.000E+00 2.642E-20 3.051E-20 1.547E-20
 1.233E-20 2.779E-20 3.087E-20 1.570E-20 1.667E-20 2.226E-20 1.500E-20 1.261E-20 1.376E-20 1.312E-20
 2.900E-20 3.823E-20 1.500E-20 1.537E-21 2.401E-20 2.930E-20 0.000E+00 0.000E+00 9.310E-23 9.983E-21
 1.515E-20 2.311E-20 2.446E-20 3.370E-20 3.147E-20 3.770E-22 0.000E+00 1.052E-20 2.921E-20 2.712E-20
 2.063E-20 6.885E-21 0.000E+00 0.000E+00 0.000E+00 0.000E+00 0.000E+00 0.000E+00 0.000E+00 0.000E+00
 0.000E+00 0.000E+00 1.671E-20 2.392E-20 4.246E-20 4.201E-20 0.000E+00 0.000E+00 0.000E+00 0.000E+00
 0.000E+00 1.930E-20 2.555E-20 5.848E-21 0.000E+00 0.000E+00 2.158E-21 0.000E+00 0.000E+00 0.000E+00
 0.000E+00 0.000E+00 0.000E+00 0.000E+00 0.000E+00 0.000E+00 0.000E+00 3.304E-21 1.951E-21 1.914E-20
 1.698E-20 5.199E-21 0.000E+00 0.000E+00 0.000E+00 2.970E-21 7.789E-21 6.579E-21 7.691E-21 1.599E-20
 1.815E-20 4.362E-21 0.000E+00 1.457E-20 3.165E-20 3.240E-20 2.000E-20 1.097E-20 5.400E-22 0.000E+00
 0.000E+00 0.000E+00 0.000E+00 3.487E-21 0.000E+00 0.000E+00 0.000E+00 8.518E-21 0.000E+00 0.000E+00
 0.000E+00 1.374E-20 1.674E-20 2.521E-20 2.603E-20 1.470E-21 0.000E+00 2.785E-21 2.805E-20 5.679E-20
 6.679E-20 4.799E-20 3.729E-20 2.354E-20 9.870E-21 0.000E+00 0.000E+00 3.244E-21 0.000E+00 0.000E+00
 0.000E+00 1.367E-20 2.655E-20 2.108E-20 1.131E-20 1.042E-20 1.535E-20 1.264E-21 0.000E+00 1.714E-21
 4.711E-21 0.000E+00 1.175E-20 2.970E-20 1.934E-20 6.967E-21 3.100E-20 4.095E-20 1.232E-20 6.097E-21
 1.883E-20 3.620E-20 3.796E-20 1.980E-20 9.592E-21 0.000E+00 0.000E+00 0.000E+00 0.000E+00 0.000E+00
 0.000E+00 0.000E+00 8.691E-21 1.581E-20 7.800E-21 1.568E-20 1.750E-22 0.000E+00 0.000E+00 2.460E-20
 4.382E-20 2.530E-20 0.000E+00 0.000E+00 1.920E-20 1.894E-20 3.785E-21 4.424E-21 2.498E-20 4.522E-20
 4.462E-20 2.808E-20 2.992E-20 4.622E-20 4.159E-20 3.884E-20 4.828E-20 3.138E-20 0.000E+00 0.000E+00
 0.000E+00 0.000E+00 1.107E-20 0.000E+00 0.000E+00 0.000E+00 0.000E+00 0.000E+00 0.000E+00 4.650E-22
