    CF3CH3  580.0000  630.0000      3320     253.0    0.0000 6.354E-18  HITRAN    HFC-143a    air 31
 0.000E+00 0.000E+00 0.000E+00 7.210E-21 0.000E+00 0.000E+00 0.000E+00 0.000E+00 0.000E+00 0.000E+00
 0.000E+00 0.000E+00 2.577E-20 4.380E-20 1.208E-20 5.831E-21 1.980E-20 4.892E-21 0.000E+00 0.000E+00
 2.499E-20 0.000E+00 0.000E+00 0.000E+00 0.000E+00 0.000E+00 0.000E+00 0.000E+00 0.000E+00 1.285E-20
 2.849E-21 5.663E-21 3.336E-20 5.676E-20 6.254E-20 5.308E-20 3.190E-20 2.226E-20 3.242E-20 5.066E-20
 3.345E-20 0.000E+00 0.000E+00 3.298E-21 4.654E-21 9.869E-21 1.070E-20 0.000E+00 0.000E+00 3.053E-20
 1.652E-20 0.000E+00 0.000E+00 1.612E-20 3.504E-20 6.575E-21 0.000E+00 0.000E+00 0.000E+00 0.000E+00
 0.000E+00 7.050E-22 2.083E-20 0.000E+00 0.000E+00 0.000E+00 3.922E-21 0.000E+00 0.000E+00 0.000E+00
 2.177E-20 1.468E-20 2.378E-20 5.532E-20 3.667E-20 0.000E+00 3.735E-21 3.885E-20 1.601E-20 0.000E+00
 0.000E+00 0.000E+00 0.000E+00 0.000E+00 0.000E+00 1.193E-20 4.341E-20 3.429E-20 4.430E-23 7.207E-21
 2.077E-20 0.000E+00 0.000E+00 0.000E+00 1.785E-20 1.491E-20 0.000E+00 1.239E-20 2.151E-20 1.848E-21
 0.000E+00 0.000E+00 0.000E+00 1.748E-20 5.889E-20 2.990E-20 2.135E-21 0.000E+00 0.000E+00 2.388E-20
 4.695E-20 7.740E-20 7.764E-20 3.396E-20 4.104E-20 5.210E-20 2.275E-20 2.927E-21 1.269E-21 7.292E-21
 1.695E-20 1.980E-20 1.356E-20 2.483E-21 0.000E+00 0.000E+00 4.107E-21 2.103E-20 0.000E+00 0.000E+00
 0.000E+00 2.583E-20 2.144E-20 0.000E+00 0.000E+00 0.000E+00 0.000E+00 0.000E+00 0.000E+00 0.000E+00
 0.000E+00 0.000E+00 0.000E+00 0.000E+00 1.235E-20 4.042E-20 0.000E+00 0.000E+00 3.000E-20 4.480E-20
 2.296E-20 0.000E+00 7.357E-21 3.965E-20 1.109E-20 0.000E+00 3.481E-21 8.202E-21 0.000E+00 0.000E+00
 0.000E+00 5.214E-21 0.000E+00 0.000E+00 0.000E+00 3.741E-21 2.482E-20 1.161E-20 2.210E-21 2.131E-20
 3.198E-20 4.591E-20 5.580E-20 4.494E-20 1.930E-20 0.000E+00 0.000E+00 0.000E+00 3.097E-20 3.876E-20
 3.250E-22 0.000E+00 0.000E+00 1.043E-20 0.000E+00 3.757E-21 3.496E-20 3.008E-20 1.900E-20 2.252E-20
 7.832E-21 1.029E-20 5.307E-20 1.025E-19 1.281E-19 1.012E-19 6.242E-20 4.636E-20 4.977E-20 3.249E-20
 0.000E+00 0.000E+00 0.000E+00 0.000E+00 0.000E+00 3.372E-20 4.782E-20 4.138E-20 2.382E-20 1.623E-20
 3.999E-20 3.818E-20 1.552E-20 9.510E-22 0.000E+00 4.317E-21 5.027E-20 4.339E-20 0.000E+00 0.000E+00
 0.000E+00 0.000E+00 0.000E+00 0.000E+00 0.000E+00 0.000E+00 0.000E+00 0.000E+00 6.913E-21 3.160E-20
 4.395E-20 3.657E-20 2.096E-20 0.000E+00 0.000E+00 0.000E+00 0.000E+00 0.000E+00 4.320E-22 1.090E-20
 1.418E-20 0.000E+00 0.000E+00 3.149E-20 3.334E-20 3.174E-21 0.000E+00 0.000E+00 0.000E+00 0.000E+00
 0.000E+00 0.000E+00 0.000E+00 0.000E+00 0.000E+00 1.167E-20 2.400E-20 1.311E-20 0.000E+00 2.298E-21
 3.652E-20 6.983E-20 1.236E-19 1.226E-19 3.950E-20 0.000E+00 0.000E+00 0.000E+00 1.193E-20 8.386E-21
 0.000E+00 0.000E+00 0.000E+00 1.134E-20 9.625E-21 8.809E-21 2.982E-20 3.933E-20 2.447E-20 0.000E+00
 5.178E-21 3.306E-20 2.008E-20 0.000E+00 0.000E+00 5.469E-20 5.733E-20 2.104E-21 0.000E+00 7.124E-21
 0.000E+00 0.000E+00 0.000E+00 0.000E+00 0.000E+00 2.120E-20 5.202E-20 3.583E-20 1.042E-21 0.000E+00
 0.000E+00 1.492E-20 9.390E-22 0.000E+00 1.849E-21 2.089E-20 6.155E-20 1.020E-19 1.464E-19 1.265E-19
 4.259E-20 6.481E-21 3.263E-21 0.000E+00 0.000E+00 4.649E-21 5.331E-20 4.947E-20 3.194E-20 4.680E-20
 4.765E-20 4.432E-20 4.329E-20 7.266E-21 1.275E-21 2.812E-20 2.920E-20 4.015E-20 6.823E-20 8.404E-20
 1.012E-19 9.427E-20 2.688E-20 8.911E-21 5.471E-20 5.467E-20 3.247E-20 1.343E-20 0.000E+00 0.000E+00
 1.876E-20 7.372E-20 8.447E-20 5.851E-20 1.895E-20 1.798E-20 5.169E-20 2.985E-20 0.000E+00 0.000E+00
 1.572E-20 5.768E-20 8.809E-20 1.303E-19 1.346E-19 4.376E-20 0.000E+00 0.000E+00 0.000E+00 0.000E+00
 1.804E-21 1.559E-20 6.604E-21 0.000E+00 0.000E+00 0.000E+00 0.000E+00 2.103E-20 4.946E-20 2.274E-20
 0.000E+00 0.000E+00 0.000E+00 5.723E-20 9.790E-20 1.090E-19 1.401E-19 1.291E-19 5.915E-20 0.000E+00
 0.000E+00 0.000E+00 0.000E+00 3.386E-21 3.888E-20 1.787E-20 0.000E+00 8.373E-21 4.815E-20 1.633E-20
 0.000E+00 7.376E-21 3.729E-20 5.435E-20 5.159E-20 7.476E-20 7.280E-20 5.905E-20 7.921E-20 1.091E-19
 1.201E-19 8.237E-20 2.565E-20 0.000E+00 0.000E+00 0.000E+00 0.000E+00 0.000E+00 6.605E-21 3.780E-20
 3.954E-20 8.555E-21 0.000E+00 2.712E-21 4.494E-21 4.460E-22 2.597E-20 7.404E-20 8.153E-20 4.014E-20
 4.290E-20 9.166E-20 1.336E-19 1.163E-19 5.254E-20 2.338E-20 1.934E-20 2.422E-20 2.725E-20 2.173E-20
 3.261E-20 4.686E-20 3.631E-20 8.243E-21 4.770E-22 2.942E-21 0.000E+00 0.000E+00 1.737E-20 4.710E-20
 2.552E-20 0.000E+00 2.093E-20 8.191E-20 1.333E-19 1.507E-19 1.122E-19 5.095E-20 2.840E-20 1.538E-20
 0.000E+00 0.000E+00 0.000E+00 0.000E+00 0.000E+00 0.000E+00 1.409E-20 3.128E-20 2.043E-20 2.020E-20
 3.260E-20 3.153E-20 2.827E-20 5.432E-20 8.701E-20 9.185E-20 7.346E-20 1.124E-19 1.783E-19 1.265E-19
 2.516E-20 0.000E+00 2.484E-21 2.373E-20 1.807E-20 2.245E-21 0.000E+00 0.000E+00 0.000E+00 0.000E+00
 0.000E+00 1.619E-20 3.220E-20 4.026E-20 3.962E-20 2.925E-20 3.483E-20 3.824E-20 4.742E-20 9.256E-20
 1.543E-19 1.540E-19 4.801E-20 0.000E+00 0.000E+00 2.959E-20 4.243E-20 1.058E-20 0.000E+00 2.798E-21
 1.649E-20 3.188E-21 3.435E-21 2.593E-20 2.110E-20 0.000E+00 0.000E+00 1.898E-20 3.649E-20 7.168E-20
 7.779E-20 5.357E-20 7.515E-20 1.587E-19 1.918E-19 1.183E-19 5.440E-20 2.132E-20 7.573E-21 1.837E-20
 0.000E+00 0.000E+00 0.000E+00 5.052E-21 0.000E+00 1.634E-21 1.718E-20 0.000E+00 0.000E+00 1.227E-20
 1.669E-20 1.356E-20 3.009E-20 7.312E-20 9.557E-20 1.189E-19 1.915E-19 2.147E-19 1.305E-19 6.573E-20
 6.642E-20 5.041E-20 1.327E-20 1.085E-21 9.796E-21 0.000E+00 0.000E+00 0.000E+00 1.532E-20 2.219E-20
 0.000E+00 0.000E+00 0.000E+00 1.427E-20 2.626E-20 3.317E-20 3.445E-20 7.336E-20 1.495E-19 2.102E-19
 1.860E-19 7.971E-20 2.729E-20 3.098E-20 4.638E-20 7.196E-20 5.650E-20 2.818E-20 2.691E-20 1.646E-20
 0.000E+00 0.000E+00 0.000E+00 0.000E+00 1.748E-20 6.357E-20 8.823E-20 6.906E-20 3.329E-20 5.505E-20
 1.218E-19 1.915E-19 2.334E-19 1.581E-19 3.400E-20 1.325E-21 3.691E-20 7.477E-20 4.668E-20 0.000E+00
 0.000E+00 0.000E+00 0.000E+00 1.671E-21 0.000E+00 6.638E-21 1.099E-20 3.147E-21 3.185E-20 5.877E-20
 4.534E-20 3.302E-20 5.768E-20 1.040E-19 1.802E-19 2.515E-19 2.034E-19 1.049E-19 5.277E-20 2.447E-20
 1.834E-20 2.692E-21 0.000E+00 0.000E+00 1.287E-21 0.000E+00 0.000E+00 3.789E-20 5.826E-20 3.776E-20
 3.615E-20 4.713E-20 3.737E-20 3.010E-20 2.833E-20 2.005E-21 2.657E-20 1.564E-19 2.588E-19 1.796E-19
 5.264E-20 2.283E-20 3.472E-20 2.967E-20 0.000E+00 0.000E+00 0.000E+00 0.000E+00 0.000E+00 0.000E+00
 0.000E+00 0.000E+00 2.574E-21 1.713E-20 0.000E+00 0.000E+00 0.000E+00 4.411E-20 5.621E-20 8.311E-20
 1.673E-19 2.166E-19 1.227E-19 2.472E-20 2.761E-20 4.848E-20 6.268E-20 3.832E-20 0.000E+00 0.000E+00
 6.672E-21 2.059E-20 1.969E-20 2.474E-20 3.857E-20 4.418E-20 2.898E-20 3.723E-20 5.267E-20 5.557E-20
 8.514E-20 1.225E-19 1.537E-19 2.295E-19 2.416E-19 1.004E-19 1.916E-21 2.623E-21 1.798E-20 4.079E-20
 4.022E-20 1.017E-20 0.000E+00 0.000E+00 0.000E+00 2.464E-20 5.003E-20 5.795E-20 4.184E-20 2.247E-20
 1.968E-20 4.014E-20 5.880E-20 6.179E-20 9.922E-20 1.653E-19 2.519E-19 2.578E-19 1.298E-19 6.010E-20
 7.723E-20 7.978E-20 5.064E-20 1.684E-20 2.761E-21 2.750E-22 0.000E+00 0.000E+00 0.000E+00 3.852E-20
 5.059E-20 1.696E-20 1.867E-20 4.214E-20 2.171E-20 3.500E-22 2.764E-20 8.615E-20 1.575E-19 2.720E-19
 2.720E-19 1.155E-19 3.759E-20 4.178E-20 4.455E-20 4.304E-20 2.106E-20 0.000E+00 0.000E+00 0.000E+00
 0.000E+00 2.507E-20 4.876E-20 3.117E-20 1.743E-20 3.795E-20 6.318E-20 4.619E-20 3.839E-20 7.092E-20
 9.662E-20 1.407E-19 2.194E-19 1.818E-19 7.254E-20 5.442E-20 6.763E-20 7.145E-20 5.699E-20 7.307E-21
 0.000E+00 2.599E-20 2.136E-20 1.439E-20 3.589E-20 4.222E-20 4.326E-20 3.427E-20 1.000E-20 8.071E-21
 1.817E-20 1.581E-20 5.269E-20 1.120E-19 1.880E-19 2.769E-19 2.209E-19 1.017E-19 8.399E-20 1.090E-19
 9.802E-20 4.383E-20 3.210E-20 5.199E-20 4.034E-20 8.655E-21 0.000E+00 0.000E+00 1.796E-20 3.071E-20
 2.614E-20 1.766E-20 2.445E-20 2.843E-20 2.619E-20 5.683E-20 1.143E-19 2.093E-19 3.139E-19 2.596E-19
 1.281E-19 9.566E-20 8.641E-20 5.108E-20 3.023E-20 1.601E-20 0.000E+00 0.000E+00 8.651E-21 1.419E-20
 3.880E-20 6.223E-20 4.200E-20 1.378E-20 1.173E-20 2.489E-20 3.208E-20 3.383E-20 6.556E-20 1.422E-19
 2.577E-19 3.127E-19 1.893E-19 5.993E-20 4.941E-20 6.283E-20 6.973E-20 6.803E-20 6.123E-20 3.839E-20
 2.677E-20 3.834E-20 2.350E-20 1.202E-20 1.090E-20 4.590E-22 1.664E-20 4.515E-20 3.475E-20 8.324E-21
 5.600E-22 2.769E-20 1.067E-19 2.402E-19 3.201E-19 2.149E-19 9.488E-20 8.827E-20 9.968E-20 9.856E-20
 6.049E-20 1.054E-20 0.000E+00 0.000E+00 0.000E+00 1.760E-20 1.474E-20 0.000E+00 0.000E+00 9.198E-21
 5.616E-20 8.025E-20 7.837E-20 4.744E-20 2.443E-20 8.193E-20 2.190E-19 2.820E-19 1.644E-19 7.303E-20
 9.377E-20 8.343E-20 4.218E-20 1.614E-20 1.184E-20 1.388E-20 1.998E-20 4.569E-20 5.066E-20 3.099E-20
 3.555E-20 4.862E-20 4.613E-20 5.444E-20 6.676E-20 4.205E-20 2.426E-20 6.228E-20 1.327E-19 2.744E-19
 3.373E-19 1.800E-19 4.746E-20 4.586E-20 6.777E-20 5.792E-20 2.015E-20 0.000E+00 0.000E+00 0.000E+00
 0.000E+00 1.914E-20 5.623E-20 4.537E-20 0.000E+00 0.000E+00 2.729E-20 2.393E-20 1.057E-20 2.600E-20
 7.225E-20 1.585E-19 3.184E-19 3.813E-19 2.196E-19 1.050E-19 1.118E-19 9.784E-20 6.598E-20 4.053E-20
 1.862E-20 1.809E-20 2.822E-20 1.581E-20 2.115E-20 3.746E-20 4.743E-20 4.964E-20 1.689E-20 0.000E+00
 1.716E-20 2.206E-20 0.000E+00 2.953E-20 1.372E-19 3.006E-19 3.391E-19 1.707E-19 5.599E-20 6.402E-20
 7.540E-20 3.841E-20 0.000E+00 0.000E+00 0.000E+00 9.840E-21 3.588E-20 4.822E-20 4.941E-20 6.053E-20
 6.304E-20 5.755E-20 5.786E-20 4.730E-20 2.588E-20 2.053E-20 4.313E-20 1.374E-19 3.131E-19 3.124E-19
 1.212E-19 3.684E-20 4.726E-20 4.836E-20 3.068E-20 0.000E+00 0.000E+00 0.000E+00 0.000E+00 0.000E+00
 4.381E-21 3.737E-20 5.821E-20 6.564E-20 7.058E-20 6.566E-20 6.615E-20 7.633E-20 9.124E-20 1.206E-19
 1.910E-19 3.188E-19 3.042E-19 1.215E-19 3.319E-20 5.157E-20 7.071E-20 6.131E-20 3.038E-20 1.288E-20
 1.078E-20 4.297E-21 0.000E+00 0.000E+00 1.258E-20 2.826E-20 1.381E-20 0.000E+00 1.338E-20 5.542E-20
 4.685E-20 3.663E-20 5.509E-20 1.374E-19 2.875E-19 2.514E-19 8.459E-20 4.708E-20 7.117E-20 6.127E-20
 3.130E-20 3.681E-20 4.541E-20 2.578E-20 2.356E-20 2.158E-20 4.317E-21 0.000E+00 0.000E+00 5.060E-22
 1.485E-20 3.782E-20 4.119E-20 3.352E-20 4.315E-20 5.081E-20 1.217E-19 2.632E-19 2.352E-19 9.891E-20
 8.014E-20 1.090E-19 8.842E-20 3.539E-20 2.018E-20 3.919E-20 3.778E-20 2.620E-20 1.900E-20 1.335E-20
 3.357E-20 6.412E-20 6.533E-20 7.271E-20 9.258E-20 8.866E-20 5.401E-20 3.087E-20 4.865E-20 1.395E-19
 2.641E-19 2.138E-19 7.118E-20 4.602E-20 6.546E-20 5.784E-20 2.321E-20 0.000E+00 9.048E-21 1.777E-20
 7.730E-21 1.392E-21 1.135E-20 3.040E-20 5.348E-20 4.306E-20 3.042E-20 4.998E-20 5.004E-20 1.286E-20
 0.000E+00 2.994E-20 1.368E-19 2.648E-19 2.060E-19 7.911E-20 6.894E-20 6.906E-20 3.915E-20 5.470E-21
 6.008E-21 2.366E-20 1.232E-20 0.000E+00 0.000E+00 0.000E+00 0.000E+00 5.805E-21 0.000E+00 0.000E+00
 2.089E-20 3.468E-20 2.786E-20 4.098E-20 7.386E-20 1.665E-19 2.805E-19 2.055E-19 6.269E-20 4.948E-20
 8.987E-20 9.081E-20 3.213E-20 0.000E+00 0.000E+00 0.000E+00 1.948E-21 3.959E-20 4.821E-20 1.025E-20
 0.000E+00 8.639E-21 1.514E-20 2.776E-20 2.186E-20 0.000E+00 1.707E-21 2.774E-20 1.416E-19 2.729E-19
 2.013E-19 7.370E-20 4.442E-20 6.521E-20 7.425E-20 2.348E-20 0.000E+00 0.000E+00 0.000E+00 0.000E+00
 4.800E-21 1.303E-20 3.926E-21 0.000E+00 1.611E-21 2.941E-20 5.190E-20 4.734E-20 7.732E-21 0.000E+00
 2.022E-20 1.268E-19 2.420E-19 1.885E-19 8.034E-20 4.920E-20 3.947E-20 1.957E-20 1.117E-20 8.870E-21
 4.352E-21 1.712E-20 2.792E-20 3.784E-20 3.160E-20 1.358E-20 4.180E-22 0.000E+00 0.000E+00 2.241E-20
 1.798E-20 0.000E+00 1.348E-20 5.182E-20 1.407E-19 2.252E-19 1.530E-19 4.824E-20 1.832E-20 2.615E-20
 2.353E-20 1.000E-23 0.000E+00 0.000E+00 1.652E-20 9.833E-21 1.083E-20 3.417E-20 3.328E-20 1.633E-20
 1.189E-20 1.447E-20 3.130E-20 6.233E-20 6.935E-20 5.403E-20 4.293E-20 1.269E-19 2.326E-19 1.511E-19
 3.078E-20 3.448E-20 7.217E-20 6.411E-20 3.331E-20 3.484E-20 3.076E-20 2.309E-20 3.231E-20 4.111E-20
 5.331E-20 5.377E-20 4.634E-20 5.208E-20 6.641E-20 5.450E-20 2.630E-20 1.741E-20 9.470E-21 8.106E-21
 9.165E-20 1.645E-19 8.777E-20 2.780E-20 5.862E-20 6.811E-20 2.944E-20 0.000E+00 0.000E+00 1.847E-20
 2.754E-20 2.502E-20 2.123E-20 2.054E-20 1.566E-20 1.721E-20 3.650E-20 4.870E-20 2.982E-20 4.024E-21
 0.000E+00 2.430E-20 5.885E-20 1.538E-19 2.368E-19 1.603E-19 7.940E-20 6.638E-20 4.081E-20 1.686E-20
 2.784E-20 4.720E-20 3.157E-20 7.349E-21 0.000E+00 0.000E+00 0.000E+00 5.887E-21 2.214E-20 2.818E-20
 3.150E-20 3.928E-20 4.358E-20 2.812E-20 1.128E-20 2.533E-20 9.381E-20 1.390E-19 9.103E-20 3.523E-20
 2.040E-20 3.704E-20 3.958E-20 2.427E-20 3.263E-20 3.638E-20 4.208E-20 3.686E-20 3.248E-21 0.000E+00
 2.368E-20 3.361E-20 1.940E-20 1.935E-20 3.100E-20 3.285E-20 3.114E-20 3.138E-20 4.836E-20 1.052E-19
 1.303E-19 7.269E-20 3.871E-20 4.156E-20 3.199E-20 1.778E-20 0.000E+00 0.000E+00 0.000E+00 0.000E+00
 1.191E-20 6.181E-21 0.000E+00 0.000E+00 0.000E+00 6.745E-21 1.900E-20 3.151E-20 3.589E-20 2.715E-20
 8.640E-21 1.717E-20 8.543E-20 1.179E-19 6.560E-20 4.187E-20 5.683E-20 6.339E-20 5.165E-20 3.247E-20
 9.131E-21 0.000E+00 4.858E-21 1.023E-20 5.260E-22 7.430E-22 1.597E-20 2.291E-20 9.463E-21 9.017E-21
 1.847E-20 1.499E-20 1.306E-20 2.873E-20 4.239E-20 8.157E-20 1.027E-19 5.514E-20 2.828E-20 3.446E-20
 4.908E-20 4.577E-20 0.000E+00 0.000E+00 0.000E+00 4.701E-21 1.929E-20 1.886E-20 1.182E-20 8.476E-21
 2.682E-20 4.500E-20 3.914E-20 3.804E-20 3.369E-20 2.177E-20 2.189E-20 3.946E-20 8.525E-20 1.026E-19
 9.802E-20 1.059E-19 9.539E-20 8.202E-20 5.665E-20 2.478E-20 1.780E-20 3.552E-20 6.088E-20 8.764E-20
 1.248E-19 1.114E-19 4.072E-20 6.125E-21 1.372E-20 4.674E-21 0.000E+00 0.000E+00 0.000E+00 0.000E+00
 0.000E+00 3.974E-20 4.971E-20 2.589E-20 2.383E-20 5.590E-20 7.703E-20 5.382E-20 4.129E-20 5.471E-20
 5.487E-20 5.747E-20 9.006E-20 1.374E-19 1.713E-19 1.906E-19 2.176E-19 2.475E-19 2.334E-19 1.838E-19
 1.311E-19 7.940E-20 4.989E-20 5.312E-20 7.683E-20 8.497E-20 6.982E-20 6.659E-20 7.691E-20 6.678E-20
 4.835E-20 6.447E-20 1.026E-19 1.739E-19 3.175E-19 5.184E-19 6.525E-19 5.432E-19 2.829E-19 1.231E-19
 8.044E-20 5.641E-20 3.432E-20 1.671E-20 2.751E-21 7.455E-21 3.068E-20 5.332E-20 4.738E-20 2.538E-20
 3.185E-20 5.817E-20 6.168E-20 3.777E-20 3.378E-20 4.713E-20 4.213E-20 2.862E-20 2.250E-20 3.779E-20
 6.248E-20 7.814E-20 6.715E-20 3.485E-20 2.568E-20 3.203E-20 3.331E-20 3.436E-20 2.917E-20 3.318E-20
 5.948E-20 7.656E-20 6.792E-20 4.915E-20 4.048E-20 3.889E-20 2.069E-20 9.517E-21 3.011E-20 4.714E-20
 4.051E-20 3.655E-20 3.530E-20 2.814E-20 3.823E-20 6.143E-20 6.378E-20 5.447E-20 6.323E-20 8.472E-20
 1.202E-19 1.548E-19 1.733E-19 2.022E-19 2.578E-19 3.298E-19 3.922E-19 3.988E-19 2.833E-19 1.016E-19
 1.676E-21 5.422E-21 4.278E-20 5.132E-20 2.496E-20 0.000E+00 0.000E+00 0.000E+00 1.009E-20 2.598E-20
 3.286E-20 3.540E-20 3.147E-20 2.636E-20 2.553E-20 1.391E-20 3.549E-21 1.436E-21 6.259E-21 2.688E-20
 3.860E-20 3.713E-20 3.037E-20 2.663E-20 1.635E-20 4.433E-21 2.409E-21 0.000E+00 1.172E-20 3.344E-20
 5.422E-20 7.000E-20 6.147E-20 4.216E-20 3.236E-20 1.594E-20 1.536E-20 4.631E-20 6.641E-20 8.162E-20
 9.461E-20 1.127E-19 1.251E-19 1.309E-19 1.420E-19 1.485E-19 1.764E-19 2.211E-19 2.772E-19 3.714E-19
 4.993E-19 6.130E-19 7.439E-19 9.483E-19 1.273E-18 1.691E-18 2.148E-18 2.544E-18 2.931E-18 3.706E-18
 4.966E-18 6.354E-18 5.751E-18 2.620E-18 3.619E-19 0.000E+00 0.000E+00 0.000E+00 0.000E+00 0.000E+00
 0.000E+00 0.000E+00 0.000E+00 0.000E+00 0.000E+00 0.000E+00 0.000E+00 0.000E+00 0.000E+00 0.000E+00
 0.000E+00 0.000E+00 3.703E-21 0.000E+00 0.000E+00 0.000E+00 0.000E+00 1.219E-20 0.000E+00 0.000E+00
 1.373E-20 2.236E-20 1.778E-20 9.827E-21 5.715E-21 6.471E-21 6.400E-21 2.407E-21 0.000E+00 0.000E+00
 0.000E+00 0.000E+00 4.678E-21 7.655E-21 7.284E-21 1.264E-20 1.993E-20 2.797E-20 3.923E-20 6.185E-20
 7.753E-20 7.106E-20 5.574E-20 5.118E-20 6.294E-20 6.697E-20 4.559E-20 2.191E-20 2.217E-20 1.955E-20
 8.788E-21 7.674E-21 2.210E-20 2.681E-20 1.695E-20 1.736E-20 6.128E-21 0.000E+00 0.000E+00 0.000E+00
 0.000E+00 0.000E+00 0.000E+00 0.000E+00 0.000E+00 0.000E+00 0.000E+00 1.373E-21 8.108E-21 0.000E+00
 0.000E+00 0.000E+00 4.098E-21 1.300E-20 8.515E-21 6.568E-21 1.386E-20 1.169E-20 7.910E-21 1.313E-20
 8.562E-21 0.000E+00 1.820E-20 5.679E-20 8.033E-20 6.200E-20 4.005E-20 4.312E-20 3.645E-20 2.562E-20
 3.279E-20 6.211E-20 8.238E-20 8.657E-20 9.925E-20 1.157E-19 1.379E-19 1.755E-19 2.134E-19 2.369E-19
 2.900E-19 3.757E-19 4.624E-19 5.716E-19 7.247E-19 9.217E-19 1.152E-18 1.277E-18 1.244E-18 1.292E-18
 1.178E-18 6.415E-19 1.823E-19 1.894E-20 0.000E+00 0.000E+00 0.000E+00 0.000E+00 0.000E+00 0.000E+00
 0.000E+00 0.000E+00 3.964E-21 3.232E-20 4.658E-20 1.476E-20 0.000E+00 0.000E+00 0.000E+00 2.266E-20
 5.890E-20 4.739E-20 1.439E-20 2.063E-20 3.914E-20 3.831E-20 3.590E-20 3.767E-20 4.242E-20 5.678E-20
 5.684E-20 4.941E-20 4.011E-20 3.941E-20 5.338E-20 4.344E-20 3.457E-20 4.634E-20 6.244E-20 6.689E-20
 6.430E-20 9.474E-20 1.517E-19 1.831E-19 1.560E-19 1.097E-19 9.695E-20 1.304E-19 1.472E-19 1.026E-19
 7.850E-20 8.877E-20 9.248E-20 9.716E-20 1.059E-19 1.227E-19 1.616E-19 2.617E-19 3.700E-19 3.379E-19
 1.803E-19 5.625E-20 2.488E-20 3.584E-20 4.191E-20 6.735E-20 1.165E-19 1.048E-19 4.564E-20 2.386E-20
 2.681E-20 2.151E-20 1.915E-20 1.958E-20 2.249E-20 3.583E-20 4.402E-20 4.166E-20 3.900E-20 4.897E-20
 5.664E-20 4.628E-20 3.851E-20 3.547E-20 4.066E-20 5.908E-20 6.472E-20 6.571E-20 1.167E-19 1.637E-19
 1.407E-19 1.091E-19 8.945E-20 9.091E-20 1.395E-19 1.649E-19 1.030E-19 2.928E-20 1.168E-20 2.299E-20
 3.015E-20 1.153E-20 0.000E+00 7.777E-21 2.940E-20 4.038E-20 3.605E-20 2.972E-20 1.781E-20 1.940E-20
 3.396E-20 8.536E-20 1.243E-19 6.969E-20 2.567E-20 2.500E-20 1.424E-20 5.692E-21 1.695E-20 2.633E-20
 1.114E-21 0.000E+00 1.318E-20 2.474E-20 2.872E-20 4.090E-20 8.210E-20 1.166E-19 9.761E-20 7.097E-20
 7.003E-20 5.835E-20 2.549E-20 1.137E-20 8.191E-20 1.619E-19 1.272E-19 6.734E-20 6.217E-20 6.788E-20
 5.945E-20 4.795E-20 5.592E-20 8.283E-20 9.992E-20 1.004E-19 1.045E-19 1.024E-19 9.051E-20 8.523E-20
 7.774E-20 6.355E-20 8.211E-20 1.225E-19 1.263E-19 9.683E-20 9.514E-20 1.896E-19 2.442E-19 1.458E-19
 6.175E-20 6.737E-20 8.583E-20 6.557E-20 5.077E-20 7.546E-20 8.466E-20 6.822E-20 5.260E-20 6.038E-20
 6.093E-20 2.562E-20 6.904E-21 2.981E-20 5.695E-20 7.376E-20 7.216E-20 5.115E-20 3.417E-20 4.023E-20
 1.272E-19 1.799E-19 8.497E-20 2.123E-20 4.679E-20 6.995E-20 6.585E-20 4.792E-20 2.682E-20 1.195E-20
 1.190E-20 1.170E-20 3.096E-20 4.333E-20 2.592E-20 1.855E-20 2.051E-20 2.535E-20 4.710E-20 6.791E-20
 5.621E-20 3.450E-20 6.403E-20 1.902E-19 2.502E-19 1.448E-19 7.001E-20 7.386E-20 7.155E-20 3.589E-20
 1.538E-20 4.009E-20 7.134E-20 9.902E-20 9.740E-20 7.584E-20 5.381E-20 4.558E-20 5.218E-20 4.886E-20
 4.294E-20 5.106E-20 5.617E-20 3.922E-20 3.263E-20 7.291E-20 1.836E-19 2.202E-19 1.102E-19 4.163E-20
 5.020E-20 5.349E-20 2.510E-20 0.000E+00 0.000E+00 1.279E-20 3.550E-20 2.195E-20 1.113E-20 2.859E-20
 4.115E-20 4.899E-20 5.033E-20 2.152E-20 1.610E-20 2.763E-20 1.940E-20 5.014E-20 1.179E-19 2.416E-19
 2.582E-19 1.020E-19 3.797E-20 6.291E-20 5.255E-20 2.534E-20 3.056E-20 4.757E-20 4.470E-20 3.717E-20
 3.443E-20 4.206E-20 3.381E-20 3.282E-20 3.458E-20 1.946E-20 1.046E-20 1.712E-20 2.918E-20 3.021E-20
 1.833E-20 4.849E-20 1.844E-19 2.134E-19 8.986E-20 3.578E-20 2.781E-20 2.946E-20 2.474E-20 5.824E-21
 5.796E-21 2.535E-20 4.576E-20 4.422E-20 4.760E-20 3.879E-20 2.718E-20 2.473E-20 2.365E-20 3.634E-20
 4.940E-20 4.945E-20 4.886E-20 5.480E-20 9.542E-20 2.375E-19 2.774E-19 1.270E-19 4.666E-20 6.669E-20
 7.902E-20 5.645E-20 3.874E-20 4.171E-20 3.868E-20 3.718E-20 4.275E-20 5.188E-20 5.046E-20 4.102E-20
 3.747E-21 0.000E+00 0.000E+00 2.733E-20 5.626E-20 5.295E-20 5.575E-20 1.157E-19 2.831E-19 3.100E-19
 1.258E-19 4.763E-20 8.067E-20 7.214E-20 3.376E-20 2.611E-20 4.140E-20 3.306E-20 1.116E-21 0.000E+00
 1.096E-20 1.752E-20 6.984E-21 0.000E+00 0.000E+00 2.727E-21 4.085E-20 5.996E-20 3.341E-20 1.749E-20
 1.078E-19 2.847E-19 2.807E-19 1.199E-19 6.254E-20 5.483E-20 1.935E-20 0.000E+00 0.000E+00 1.181E-20
 1.809E-20 3.908E-21 8.143E-21 2.524E-20 2.176E-20 1.776E-20 8.774E-21 6.700E-22 6.326E-21 2.086E-20
 2.865E-20 2.911E-20 3.949E-20 1.251E-19 2.947E-19 2.907E-19 1.207E-19 5.621E-20 6.015E-20 3.932E-20
 2.624E-20 4.787E-20 5.991E-20 4.150E-20 2.519E-20 2.117E-20 2.318E-20 2.607E-20 4.671E-20 5.846E-20
 5.301E-20 4.874E-20 4.779E-20 3.867E-20 2.811E-20 6.011E-20 1.794E-19 3.371E-19 3.128E-19 1.613E-19
 9.996E-20 7.820E-20 4.311E-20 1.022E-20 0.000E+00 0.000E+00 0.000E+00 3.462E-21 2.810E-20 3.212E-20
 2.137E-20 1.984E-20 2.846E-20 3.927E-20 2.837E-20 2.433E-20 2.246E-20 2.043E-20 6.962E-20 2.068E-19
 3.657E-19 2.939E-19 1.077E-19 5.591E-20 4.324E-20 2.223E-20 1.598E-20 1.776E-20 1.729E-20 2.276E-20
 2.913E-20 3.220E-20 2.490E-20 1.630E-20 3.941E-20 5.222E-20 3.967E-20 2.734E-20 3.804E-20 3.449E-20
 1.601E-20 4.435E-20 1.777E-19 3.512E-19 3.014E-19 1.405E-19 1.114E-19 9.856E-20 4.551E-20 1.348E-20
 0.000E+00 0.000E+00 0.000E+00 4.197E-21 1.031E-20 2.139E-20 3.205E-20 4.744E-20 4.640E-20 4.254E-20
 5.063E-20 6.143E-20 3.343E-20 1.435E-20 5.519E-20 1.774E-19 3.394E-19 2.968E-19 1.356E-19 8.427E-20
 6.491E-20 3.379E-20 2.145E-20 2.312E-20 1.882E-20 1.101E-20 1.285E-20 2.167E-20 1.751E-20 9.432E-21
 2.107E-20 3.032E-20 2.968E-20 3.249E-20 4.495E-20 4.643E-20 6.378E-20 1.247E-19 2.579E-19 3.979E-19
 3.160E-19 1.451E-19 1.122E-19 1.061E-19 5.778E-20 1.523E-20 8.044E-21 1.274E-20 1.853E-20 3.364E-20
 5.011E-20 6.002E-20 5.783E-20 4.718E-20 2.868E-20 2.621E-20 4.582E-20 5.267E-20 2.213E-20 1.367E-20
 7.686E-20 2.304E-19 3.788E-19 3.031E-19 1.457E-19 1.085E-19 9.347E-20 5.118E-20 2.042E-20 1.551E-20
 1.425E-20 1.796E-20 2.389E-20 3.455E-20 3.279E-20 1.190E-20 1.310E-20 2.060E-20 2.803E-20 4.033E-20
 6.051E-20 6.239E-20 6.179E-20 1.116E-19 2.414E-19 3.700E-19 2.881E-19 1.360E-19 9.738E-20 6.681E-20
 2.367E-20 1.010E-20 1.623E-20 0.000E+00 0.000E+00 3.944E-20 5.560E-20 4.473E-20 5.415E-20 6.624E-20
 4.530E-20 3.359E-20 5.545E-20 7.066E-20 6.141E-20 6.722E-20 1.134E-19 2.454E-19 3.755E-19 2.956E-19
 1.439E-19 8.738E-20 5.100E-20 2.328E-20 1.910E-20 1.795E-20 1.725E-20 2.534E-20 3.528E-20 3.412E-20
 2.415E-20 2.895E-20 3.666E-20 3.362E-20 3.538E-20 4.845E-20 7.772E-20 8.390E-20 8.556E-20 1.473E-19
 3.059E-19 4.316E-19 3.271E-19 1.648E-19 1.081E-19 6.263E-20 1.713E-20 1.778E-20 2.692E-20 3.169E-21
 0.000E+00 2.206E-20 3.659E-20 3.116E-20 3.875E-20 4.389E-20 3.477E-20 4.389E-20 5.438E-20 7.434E-20
 9.045E-20 9.442E-20 1.372E-19 2.738E-19 3.856E-19 2.784E-19 1.260E-19 6.613E-20 1.817E-20 0.000E+00
 7.343E-21 1.617E-20 1.500E-20 2.748E-20 4.663E-20 4.199E-20 3.547E-20 4.428E-20 4.553E-20 3.250E-20
 3.135E-20 4.620E-20 7.087E-20 7.301E-20 8.093E-20 1.469E-19 2.910E-19 3.999E-19 3.017E-19 1.594E-19
 1.008E-19 5.651E-20 3.366E-20 2.228E-20 1.476E-20 1.590E-20 2.767E-20 3.362E-20 2.779E-20 2.717E-20
 2.417E-20 2.410E-20 3.879E-20 4.837E-20 4.025E-20 5.181E-20 8.600E-20 1.320E-19 2.035E-19 3.338E-19
 4.045E-19 2.628E-19 1.211E-19 8.812E-20 4.617E-20 1.630E-20 1.083E-20 5.586E-21 8.362E-21 3.521E-20
 5.665E-20 5.498E-20 5.152E-20 4.718E-20 5.146E-20 6.709E-20 7.435E-20 6.979E-20 7.858E-20 9.612E-20
 1.250E-19 1.860E-19 3.097E-19 3.782E-19 2.516E-19 1.248E-19 8.097E-20 3.298E-20 1.050E-20 8.992E-21
 1.884E-20 3.015E-20 3.818E-20 3.931E-20 3.133E-20 3.434E-20 5.257E-20 6.120E-20 5.067E-20 3.952E-20
 3.460E-20 5.482E-20 7.939E-20 1.098E-19 1.783E-19 3.124E-19 3.854E-19 2.463E-19 1.001E-19 5.875E-20
 2.731E-20 3.553E-21 1.510E-20 4.234E-20 4.732E-20 5.750E-20 5.942E-20 5.015E-20 4.814E-20 4.603E-20
 3.640E-20 2.102E-20 3.790E-20 7.037E-20 8.698E-20 9.160E-20 1.089E-19 1.755E-19 3.106E-19 3.694E-19
 2.485E-19 1.287E-19 7.491E-20 3.376E-20 2.449E-20 3.798E-20 3.868E-20 3.070E-20 4.567E-20 6.176E-20
 5.196E-20 3.746E-20 4.314E-20 4.760E-20 5.055E-20 5.091E-20 5.560E-20 8.223E-20 9.456E-20 1.155E-19
 1.795E-19 3.007E-19 3.456E-19 2.151E-19 1.017E-19 6.623E-20 5.301E-20 5.527E-20 5.246E-20 3.695E-20
 1.498E-20 2.193E-20 4.509E-20 5.439E-20 5.293E-20 5.472E-20 5.679E-20 5.886E-20 6.246E-20 7.184E-20
 9.783E-20 1.194E-19 1.497E-19 2.070E-19 3.008E-19 3.170E-19 1.811E-19 6.598E-20 2.076E-20 0.000E+00
 3.925E-21 2.449E-20 3.736E-20 3.205E-20 4.563E-20 4.991E-20 2.101E-20 1.532E-20 3.221E-20 2.169E-20
 2.317E-20 4.256E-20 5.762E-20 8.832E-20 1.072E-19 1.440E-19 2.160E-19 3.007E-19 3.057E-19 1.862E-19
 9.103E-20 5.337E-20 3.082E-20 2.997E-20 4.478E-20 5.700E-20 5.210E-20 3.825E-20 2.750E-20 3.993E-20
 5.625E-20 5.845E-20 4.396E-20 2.789E-20 4.367E-20 7.886E-20 9.755E-20 1.089E-19 1.455E-19 1.961E-19
 2.728E-19 2.836E-19 1.645E-19 6.593E-20 2.508E-20 1.110E-20 2.706E-20 3.883E-20 3.391E-20 2.325E-20
 2.184E-20 2.757E-20 4.269E-20 4.696E-20 3.579E-20 3.935E-20 4.782E-20 4.451E-20 6.473E-20 1.117E-19
 1.402E-19 1.706E-19 2.266E-19 3.065E-19 3.098E-19 1.879E-19 9.851E-20 6.877E-20 4.048E-20 3.092E-20
 4.021E-20 4.055E-20 3.361E-20 2.824E-20 1.486E-20 2.697E-20 4.827E-20 5.123E-20 4.318E-20 3.801E-20
 5.505E-20 8.353E-20 1.174E-19 1.481E-19 1.766E-19 2.372E-19 3.358E-19 3.260E-19 1.859E-19 7.873E-20
 2.334E-20 1.053E-20 3.157E-20 5.057E-20 5.334E-20 5.443E-20 6.263E-20 6.329E-20 5.966E-20 4.116E-20
 3.066E-20 2.386E-20 2.435E-20 5.137E-20 8.314E-20 1.040E-19 1.121E-19 1.402E-19 2.063E-19 2.900E-19
 2.579E-19 1.180E-19 4.625E-20 2.869E-20 2.163E-20 1.334E-20 2.093E-21 1.681E-20 4.171E-20 5.117E-20
 4.866E-20 3.972E-20 2.135E-20 2.546E-20 3.435E-20 3.195E-20 4.806E-20 8.747E-20 1.159E-19 1.158E-19
 1.385E-19 2.173E-19 3.144E-19 2.804E-19 1.320E-19 4.678E-20 2.567E-20 3.136E-20 3.805E-20 3.167E-20
 3.263E-20 4.496E-20 4.903E-20 3.249E-20 1.833E-20 1.941E-20 4.164E-20 4.807E-20 4.756E-20 7.009E-20
 8.864E-20 1.060E-19 1.340E-19 1.655E-19 2.127E-19 2.792E-19 2.430E-19 1.049E-19 2.307E-20 1.457E-20
 3.197E-20 3.321E-20 2.463E-20 2.655E-20 2.058E-20 1.617E-20 2.979E-20 5.035E-20 5.370E-20 3.989E-20
 3.294E-20 3.407E-20 4.031E-20 7.396E-20 1.047E-19 1.244E-19 1.559E-19 2.170E-19 2.909E-19 2.472E-19
 1.230E-19 6.018E-20 3.910E-20 2.056E-20 1.406E-20 2.512E-20 2.960E-20 2.037E-20 1.677E-20 2.373E-20
 3.593E-20 5.384E-20 6.177E-20 5.428E-20 4.829E-20 4.417E-20 6.060E-20 8.847E-20 1.183E-19 1.619E-19
 2.217E-19 2.641E-19 2.019E-19 9.701E-20 5.172E-20 3.979E-20 4.121E-20 5.320E-20 6.805E-20 5.940E-20
 3.331E-20 3.020E-20 3.194E-20 3.532E-20 5.138E-20 3.829E-20 1.775E-20 3.355E-20 4.796E-20 5.805E-20
 6.986E-20 8.297E-20 1.167E-19 1.730E-19 2.170E-19 1.581E-19 5.923E-20 3.853E-20 4.936E-20 3.646E-20
 9.221E-21 8.407E-21 1.702E-20 7.998E-21 1.305E-20 3.964E-20 6.427E-20 7.347E-20 6.216E-20 3.602E-20
 3.830E-20 7.164E-20 1.003E-19 1.051E-19 8.910E-20 9.557E-20 1.634E-19 2.236E-19 1.706E-19 7.538E-20
 2.137E-20 0.000E+00 0.000E+00 1.999E-20 4.519E-20 5.340E-20 4.721E-20 2.995E-20 1.711E-20 1.942E-20
 3.388E-20 4.966E-20 6.596E-20 8.869E-20 9.931E-20 1.039E-19 1.057E-19 1.243E-19 1.493E-19 1.698E-19
 1.791E-19 1.160E-19 4.375E-20 2.014E-20 2.717E-20 3.389E-20 1.811E-20 1.905E-20 1.721E-20 1.203E-20
 3.092E-20 3.970E-20 2.982E-20 3.096E-20 4.021E-20 4.337E-20 5.081E-20 6.037E-20 7.362E-20 9.539E-20
 1.167E-19 1.346E-19 1.688E-19 1.758E-19 1.099E-19 4.930E-20 3.754E-20 4.092E-20 3.549E-20 3.509E-20
 4.338E-20 2.700E-20 3.474E-21 6.044E-21 2.100E-20 3.608E-20 5.765E-20 6.184E-20 4.103E-20 3.214E-20
 4.057E-20 3.810E-20 3.895E-20 7.947E-20 1.342E-19 1.896E-19 1.961E-19 1.037E-19 2.308E-20 1.314E-20
 2.245E-20 3.131E-20 3.838E-20 3.820E-20 3.123E-20 2.799E-20 2.046E-20 1.935E-20 3.947E-20 5.880E-20
 7.029E-20 7.125E-20 6.293E-20 7.293E-20 9.916E-20 1.242E-19 1.333E-19 1.284E-19 1.552E-19 1.620E-19
 1.031E-19 5.343E-20 2.380E-20 1.183E-20 3.052E-20 3.947E-20 2.198E-20 1.264E-20 2.058E-20 2.961E-20
 3.817E-20 3.610E-20 3.830E-20 5.023E-20 5.840E-20 6.642E-20 7.721E-20 8.431E-20 8.298E-20 9.601E-20
 1.317E-19 1.738E-19 1.577E-19 8.438E-20 5.043E-20 4.580E-20 3.362E-20 1.874E-20 7.649E-21 9.636E-21
 1.680E-20 2.935E-20 3.668E-20 3.288E-20 3.277E-20 3.170E-20 3.003E-20 4.198E-20 5.359E-20 5.760E-20
 5.976E-20 6.012E-20 7.573E-20 1.098E-19 1.336E-19 1.058E-19 5.287E-20 2.396E-20 0.000E+00 0.000E+00
 0.000E+00 3.840E-22 1.285E-20 1.089E-20 0.000E+00 1.518E-20 2.663E-20 1.470E-20 1.839E-20 3.148E-20
 3.625E-20 3.134E-20 4.468E-20 6.863E-20 6.663E-20 7.251E-20 1.094E-19 1.383E-19 1.087E-19 6.071E-20
 4.714E-20 3.211E-20 1.748E-20 1.499E-20 1.180E-20 6.252E-21 1.644E-20 4.845E-20 4.745E-20 1.856E-20
 2.217E-20 3.233E-20 2.773E-20 3.454E-20 4.688E-20 7.760E-20 9.169E-20 7.132E-20 7.671E-20 9.876E-20
 1.205E-19 1.063E-19 6.175E-20 3.762E-20 1.707E-20 8.843E-21 2.303E-20 3.453E-20 2.735E-20 2.434E-20
 2.109E-20 1.287E-20 3.401E-20 5.208E-20 4.877E-20 4.674E-20 5.891E-20 7.326E-20 6.753E-20 5.754E-20
 6.274E-20 8.473E-20 1.068E-19 1.169E-19 9.768E-20 5.046E-20 1.794E-20 1.453E-20 1.898E-20 1.139E-20
 1.501E-21 7.470E-22 3.867E-21 2.077E-20 3.979E-20 4.720E-20 6.240E-20 6.084E-20 3.176E-20 2.183E-20
 2.425E-20 3.158E-20 6.029E-20 6.969E-20 6.032E-20 9.333E-20 1.264E-19 8.858E-20 3.508E-20 2.053E-20
 2.085E-20 1.640E-20 1.624E-20 2.530E-20 2.856E-20 2.954E-20 3.018E-20 2.216E-20 2.349E-20 3.402E-20
 3.414E-20 2.304E-20 9.949E-21 1.886E-20 5.286E-20 6.236E-20 4.540E-20 4.784E-20 7.055E-20 8.490E-20
 6.948E-20 4.962E-20 4.620E-20 3.601E-20 1.731E-20 1.863E-20 2.492E-20 7.455E-21 1.652E-20 3.951E-20
 2.961E-20 2.631E-20 3.253E-20 3.259E-20 3.712E-20 4.703E-20 4.984E-20 4.521E-20 4.438E-20 4.846E-20
 6.655E-20 9.055E-20 8.322E-20 4.454E-20 3.214E-20 4.523E-20 3.600E-20 1.628E-20 1.069E-20 9.292E-21
 6.830E-23 3.829E-21 1.712E-20 1.673E-20 2.196E-20 2.889E-20 2.418E-20 3.396E-20 5.496E-20 6.373E-20
 6.405E-20 6.085E-20 5.657E-20 6.544E-20 9.339E-20 9.741E-20 5.216E-20 1.004E-20 6.669E-21 2.192E-20
 2.731E-20 2.139E-20 1.527E-20 1.659E-20 2.347E-20 2.414E-20 2.821E-20 2.008E-20 0.000E+00 4.345E-21
 4.690E-20 6.215E-20 5.818E-20 5.222E-20 4.453E-20 3.384E-20 4.060E-20 7.437E-20 8.598E-20 5.916E-20
 2.189E-20 0.000E+00 0.000E+00 0.000E+00 8.958E-21 2.344E-20 2.433E-20 1.862E-20 1.798E-20 1.987E-20
 1.536E-20 6.218E-21 2.727E-20 5.803E-20 5.024E-20 4.402E-20 4.362E-20 4.556E-20 6.809E-20 7.759E-20
 7.214E-20 5.612E-20 3.183E-20 2.427E-20 2.624E-20 1.251E-20 0.000E+00 5.875E-21 5.627E-21 0.000E+00
 0.000E+00 2.367E-20 3.238E-20 1.161E-20 4.802E-21 1.737E-20 2.331E-20 3.167E-20 4.921E-20 5.574E-20
 4.232E-20 2.372E-20 2.883E-20 4.825E-20 5.444E-20 5.081E-20 3.740E-20 2.044E-20 1.342E-20 1.805E-20
 1.491E-20 9.580E-23 4.862E-21 2.561E-20 3.242E-20 2.209E-20 1.149E-20 8.783E-21 1.339E-20 1.962E-20
 2.493E-20 4.047E-20 4.658E-20 3.932E-20 5.147E-20 6.065E-20 4.806E-20 3.092E-20 8.325E-21 1.001E-21
 9.274E-21 4.554E-21 5.821E-21 1.488E-20 2.152E-20 3.376E-20 3.473E-20 2.503E-20 1.753E-20 2.359E-20
 3.151E-20 2.100E-20 1.642E-20 1.654E-20 1.212E-20 2.029E-20 3.454E-20 4.706E-20 5.909E-20 5.225E-20
 3.346E-20 2.881E-20 2.662E-20 2.571E-20 3.344E-20 3.742E-20 2.441E-20 9.387E-21 2.261E-21 0.000E+00
 0.000E+00 5.121E-21 6.649E-21 8.117E-21 1.251E-20 9.366E-21 6.590E-21 1.532E-20 2.318E-20 2.359E-20
 2.722E-20 4.842E-20 5.350E-20 2.137E-20 0.000E+00 2.476E-21 6.667E-21 0.000E+00 0.000E+00 0.000E+00
 1.115E-20 2.909E-20 3.503E-20 2.261E-20 0.000E+00 0.000E+00 4.282E-21 1.751E-20 2.569E-20 2.598E-20
 3.145E-20 4.675E-20 5.083E-20 3.487E-20 2.729E-20 2.857E-20 3.208E-20 2.204E-20 0.000E+00 4.330E-21
 1.789E-20 6.369E-21 0.000E+00 2.141E-20 3.575E-20 1.510E-20 0.000E+00 0.000E+00 0.000E+00 0.000E+00
 0.000E+00 0.000E+00 2.025E-20 3.772E-20 3.293E-20 3.786E-20 4.371E-20 3.400E-20 1.504E-20 1.165E-21
 1.187E-20 2.259E-20 2.565E-20 3.439E-20 2.579E-20 0.000E+00 0.000E+00 0.000E+00 1.482E-20 1.599E-20
 1.009E-20 2.132E-21 0.000E+00 0.000E+00 8.147E-21 2.402E-20 2.329E-20 1.184E-20 1.594E-20 2.612E-20
 2.408E-20 2.233E-20 2.404E-20 1.869E-20 1.360E-20 2.821E-21 0.000E+00 2.820E-23 0.000E+00 0.000E+00
 1.065E-20 3.639E-20 4.133E-20 3.216E-20 2.142E-20 2.399E-20 3.226E-20 1.700E-20 0.000E+00 0.000E+00
 6.637E-21 1.049E-20 1.434E-20 2.333E-20 1.877E-20 4.518E-21 1.292E-20 2.629E-20 2.994E-20 2.081E-20
 1.086E-20 7.579E-21 0.000E+00 0.000E+00 1.155E-20 9.888E-21 1.280E-20 2.077E-20 2.803E-20 2.405E-20
 1.710E-20 2.496E-20 2.660E-20 1.105E-20 1.392E-21 4.659E-21 3.863E-21 0.000E+00 0.000E+00 0.000E+00
 1.893E-21 1.938E-20 2.057E-20 1.308E-20 0.000E+00 0.000E+00 0.000E+00 0.000E+00 0.000E+00 0.000E+00
 1.805E-20 2.210E-20 0.000E+00 0.000E+00 1.927E-21 2.487E-20 1.188E-20 0.000E+00 0.000E+00 1.624E-20
 2.103E-20 5.038E-21 5.891E-21 1.163E-20 1.497E-20 1.642E-20 5.272E-21 0.000E+00 0.000E+00 6.717E-21
 2.230E-20 3.958E-20 4.450E-20 2.430E-20 0.000E+00 0.000E+00 0.000E+00 2.280E-20 1.429E-20 0.000E+00
 6.431E-21 1.828E-20 9.888E-21 9.110E-22 6.780E-22 8.410E-21 2.302E-20 8.391E-21 0.000E+00 0.000E+00
 9.561E-21 1.249E-20 1.352E-20 2.033E-20 3.306E-20 2.176E-20 1.138E-20 1.574E-20 1.296E-20 0.000E+00
 0.000E+00 1.007E-21 7.746E-21 1.145E-21 0.000E+00 9.344E-21 7.076E-21 0.000E+00 0.000E+00 0.000E+00
 1.180E-20 1.668E-20 5.257E-21 0.000E+00 1.678E-20 2.622E-20 3.980E-21 0.000E+00 4.070E-22 4.607E-21
 8.137E-21 2.135E-20 2.598E-20 1.869E-20 1.310E-20 1.212E-20 1.572E-20 2.207E-20 2.497E-20 1.892E-20
 0.000E+00 0.000E+00 0.000E+00 0.000E+00 0.000E+00 0.000E+00 0.000E+00 6.033E-21 1.771E-20 7.840E-22
 0.000E+00 0.000E+00 0.000E+00 0.000E+00 0.000E+00 0.000E+00 3.281E-21 1.397E-20 8.122E-21 5.633E-21
 1.144E-20 5.650E-21 3.201E-21 1.454E-20 2.382E-20 1.070E-20 0.000E+00 4.017E-21 2.041E-20 4.138E-20
