    CF3CH3  580.0000  630.0000      3320     273.0    0.0000 5.290E-18  HITRAN    HFC-143a    air 31
 0.000E+00 0.000E+00 2.403E-20 5.001E-20 6.313E-20 5.368E-20 3.771E-20 3.898E-20 2.036E-20 0.000E+00
 0.000E+00 0.000E+00 0.000E+00 0.000E+00 0.000E+00 4.058E-20 7.336E-20 7.821E-20 6.031E-20 5.737E-21
 0.000E+00 0.000E+00 0.000E+00 0.000E+00 4.585E-21 1.714E-20 1.942E-20 3.124E-20 2.268E-20 6.905E-21
 0.000E+00 3.954E-21 1.336E-20 0.000E+00 2.077E-20 5.252E-20 2.533E-20 0.000E+00 0.000E+00 2.251E-21
 2.621E-20 4.355E-20 0.000E+00 0.000E+00 0.000E+00 0.000E+00 6.058E-21 1.500E-20 0.000E+00 0.000E+00
 2.422E-20 9.026E-21 0.000E+00 0.000E+00 2.685E-21 1.354E-20 2.916E-20 4.826E-20 5.989E-20 4.962E-20
 2.148E-20 1.474E-21 1.604E-20 2.045E-20 3.103E-21 0.000E+00 0.000E+00 0.000E+00 2.148E-20 4.182E-20
 9.721E-21 0.000E+00 0.000E+00 2.817E-21 7.204E-21 0.000E+00 1.153E-20 3.407E-20 1.036E-20 0.000E+00
 0.000E+00 9.158E-21 1.135E-20 0.000E+00 0.000E+00 4.621E-20 5.911E-20 4.087E-20 5.401E-20 6.416E-20
 6.928E-20 7.795E-20 5.828E-20 3.819E-20 5.380E-20 5.472E-20 1.921E-20 0.000E+00 6.237E-21 1.389E-20
 1.047E-20 2.064E-20 2.942E-20 2.849E-20 3.148E-20 1.776E-20 2.547E-20 7.050E-20 7.473E-20 2.875E-20
 0.000E+00 0.000E+00 0.000E+00 0.000E+00 3.780E-20 6.244E-20 4.220E-20 2.491E-20 8.190E-23 1.630E-22
 3.320E-20 5.910E-21 0.000E+00 2.689E-21 1.942E-20 3.673E-20 4.785E-20 7.549E-21 1.727E-21 4.147E-20
 2.589E-20 0.000E+00 0.000E+00 0.000E+00 0.000E+00 1.459E-20 3.042E-20 2.829E-20 1.712E-20 0.000E+00
 0.000E+00 0.000E+00 0.000E+00 0.000E+00 1.021E-21 6.591E-21 0.000E+00 0.000E+00 1.976E-20 3.540E-20
 2.225E-20 0.000E+00 0.000E+00 0.000E+00 0.000E+00 2.232E-20 3.426E-20 1.448E-20 0.000E+00 0.000E+00
 0.000E+00 0.000E+00 2.483E-20 0.000E+00 0.000E+00 0.000E+00 4.987E-21 7.167E-21 3.274E-20 6.217E-20
 6.625E-20 8.545E-20 7.659E-20 1.397E-20 0.000E+00 0.000E+00 2.683E-20 9.631E-20 6.386E-20 3.475E-21
 1.757E-21 3.937E-20 7.941E-20 6.537E-20 0.000E+00 0.000E+00 0.000E+00 0.000E+00 0.000E+00 8.327E-21
 6.138E-20 8.813E-20 4.500E-20 9.808E-21 3.862E-20 2.022E-20 0.000E+00 0.000E+00 0.000E+00 0.000E+00
 0.000E+00 0.000E+00 0.000E+00 0.000E+00 0.000E+00 0.000E+00 0.000E+00 0.000E+00 5.707E-21 2.546E-20
 1.319E-20 0.000E+00 0.000E+00 0.000E+00 2.531E-20 4.909E-20 7.458E-20 7.725E-20 2.192E-20 0.000E+00
 2.104E-20 2.652E-20 0.000E+00 0.000E+00 0.000E+00 5.386E-21 2.605E-20 7.180E-21 6.588E-21 2.731E-21
 0.000E+00 4.057E-21 2.273E-20 1.400E-20 1.209E-20 2.334E-20 5.182E-20 9.954E-20 9.539E-20 7.714E-20
 9.887E-20 6.515E-20 0.000E+00 0.000E+00 0.000E+00 0.000E+00 0.000E+00 0.000E+00 0.000E+00 0.000E+00
 1.855E-21 2.369E-20 0.000E+00 0.000E+00 0.000E+00 9.691E-21 3.533E-20 6.449E-20 7.087E-20 4.609E-20
 4.094E-20 5.803E-20 9.432E-20 1.114E-19 4.750E-20 0.000E+00 0.000E+00 0.000E+00 0.000E+00 2.106E-21
 1.467E-20 3.183E-20 5.727E-20 5.006E-20 3.181E-21 0.000E+00 0.000E+00 2.702E-20 7.471E-20 5.579E-20
 2.654E-20 4.588E-20 5.002E-20 3.511E-20 4.242E-20 6.258E-20 4.450E-20 3.624E-21 1.249E-20 3.087E-20
 1.434E-20 0.000E+00 0.000E+00 0.000E+00 0.000E+00 0.000E+00 2.429E-20 2.076E-20 0.000E+00 0.000E+00
 2.809E-20 8.256E-20 8.144E-20 5.287E-20 5.386E-20 8.014E-20 8.044E-20 8.950E-20 1.407E-19 1.043E-19
 9.616E-21 0.000E+00 8.790E-22 1.371E-20 1.434E-21 0.000E+00 0.000E+00 0.000E+00 2.514E-20 1.109E-20
 1.907E-21 9.800E-21 0.000E+00 0.000E+00 1.263E-20 2.028E-20 3.418E-20 6.106E-20 7.589E-20 1.026E-19
 1.687E-19 1.553E-19 6.811E-20 1.501E-20 7.383E-21 3.675E-20 4.153E-20 3.985E-20 5.011E-20 6.652E-20
 8.653E-20 6.153E-20 4.354E-20 5.216E-20 3.859E-20 7.076E-21 0.000E+00 0.000E+00 2.845E-21 2.199E-20
 3.359E-20 3.910E-20 5.844E-20 9.614E-20 1.140E-19 7.655E-20 4.023E-20 1.469E-20 2.863E-21 3.591E-20
 6.239E-20 3.034E-20 0.000E+00 0.000E+00 6.854E-21 0.000E+00 0.000E+00 0.000E+00 2.757E-21 1.629E-20
 4.340E-20 7.457E-20 7.665E-20 5.996E-20 6.218E-20 8.422E-20 1.276E-19 1.359E-19 5.455E-20 7.631E-21
 2.541E-20 1.256E-20 0.000E+00 0.000E+00 0.000E+00 1.398E-20 8.538E-21 1.768E-20 5.325E-20 5.377E-20
 2.766E-20 3.242E-21 1.073E-20 4.049E-20 6.214E-20 7.525E-20 7.042E-20 6.157E-20 7.089E-20 1.149E-19
 1.180E-19 3.642E-20 0.000E+00 0.000E+00 4.777E-21 1.134E-20 1.752E-20 3.740E-20 2.039E-20 0.000E+00
 4.579E-21 3.771E-20 5.421E-20 3.589E-20 4.522E-20 7.759E-20 5.513E-20 3.394E-20 4.127E-20 4.915E-20
 7.029E-20 1.137E-19 1.681E-19 1.487E-19 5.637E-20 0.000E+00 0.000E+00 0.000E+00 0.000E+00 0.000E+00
 0.000E+00 6.699E-21 3.097E-20 2.120E-20 2.060E-20 4.832E-20 6.414E-20 5.627E-20 7.139E-20 7.137E-20
 3.533E-20 2.926E-20 4.886E-20 6.778E-20 1.232E-19 1.881E-19 1.542E-19 7.689E-20 4.844E-20 3.557E-20
 2.218E-20 1.585E-20 2.126E-20 2.487E-20 2.923E-20 3.038E-20 3.116E-21 0.000E+00 0.000E+00 0.000E+00
 1.641E-20 2.529E-20 2.604E-20 6.966E-20 9.456E-20 7.726E-20 5.759E-20 1.160E-19 1.962E-19 1.289E-19
 2.813E-20 2.527E-20 4.714E-20 5.087E-20 3.151E-20 3.731E-21 0.000E+00 0.000E+00 0.000E+00 2.807E-21
 4.146E-20 6.885E-20 3.398E-20 4.521E-21 1.302E-20 4.025E-20 6.139E-20 4.594E-20 4.319E-20 6.795E-20
 1.362E-19 2.064E-19 1.428E-19 3.507E-20 1.245E-20 1.927E-20 0.000E+00 0.000E+00 2.674E-21 3.424E-20
 3.579E-20 2.952E-20 3.218E-20 3.316E-20 2.795E-20 2.108E-20 3.209E-20 5.149E-20 2.712E-20 5.458E-21
 4.231E-20 9.086E-20 1.373E-19 2.058E-19 2.314E-19 1.628E-19 8.006E-20 1.863E-20 0.000E+00 0.000E+00
 0.000E+00 1.068E-20 1.933E-20 1.031E-20 2.620E-20 6.365E-20 5.585E-20 1.837E-20 3.126E-20 6.932E-20
 6.844E-20 4.593E-20 5.102E-20 8.710E-20 1.028E-19 1.063E-19 1.655E-19 1.893E-19 1.010E-19 2.891E-20
 2.198E-20 2.164E-20 2.467E-20 3.808E-20 3.240E-20 2.148E-20 2.184E-20 2.124E-20 3.341E-20 3.882E-20
 3.973E-20 4.081E-20 2.086E-20 1.645E-20 4.180E-20 5.395E-20 6.239E-20 7.727E-20 1.164E-19 2.036E-19
 2.151E-19 1.486E-19 9.905E-20 5.462E-20 3.397E-20 2.213E-20 1.961E-20 2.532E-20 2.895E-20 2.846E-20
 9.299E-21 2.443E-20 7.562E-20 1.036E-19 8.851E-20 6.140E-20 4.960E-20 5.884E-20 7.593E-20 9.461E-20
 1.191E-19 1.568E-19 2.133E-19 1.844E-19 8.499E-20 4.379E-20 5.307E-20 5.779E-20 1.213E-20 0.000E+00
 0.000E+00 0.000E+00 0.000E+00 0.000E+00 0.000E+00 3.921E-20 3.698E-20 0.000E+00 1.227E-20 4.101E-20
 4.772E-20 6.514E-20 9.112E-20 1.244E-19 1.681E-19 2.066E-19 1.591E-19 7.728E-20 6.608E-20 6.435E-20
 3.793E-20 0.000E+00 0.000E+00 0.000E+00 2.451E-20 4.123E-20 5.408E-20 5.962E-20 6.167E-20 6.362E-20
 6.987E-20 7.778E-20 8.556E-20 8.704E-20 8.849E-20 1.221E-19 1.519E-19 1.806E-19 2.195E-19 1.591E-19
 7.766E-20 6.433E-20 3.361E-20 1.574E-20 2.699E-20 2.094E-20 0.000E+00 0.000E+00 0.000E+00 3.779E-21
 2.095E-20 4.746E-20 3.853E-20 4.819E-21 0.000E+00 2.441E-20 5.340E-20 6.056E-20 6.635E-20 8.961E-20
 1.577E-19 2.145E-19 1.503E-19 7.277E-20 7.786E-20 6.870E-20 3.097E-20 3.022E-20 4.094E-20 2.696E-20
 2.564E-20 1.314E-20 3.624E-21 3.998E-20 7.604E-20 9.534E-20 8.881E-20 6.751E-20 5.327E-20 4.670E-20
 4.724E-20 7.287E-20 1.384E-19 2.251E-19 2.594E-19 1.766E-19 1.053E-19 9.834E-20 9.117E-20 9.429E-20
 8.710E-20 7.450E-20 5.674E-20 2.530E-20 0.000E+00 0.000E+00 0.000E+00 1.355E-21 6.976E-21 1.048E-20
 2.567E-20 3.984E-20 3.486E-20 4.711E-20 8.016E-20 1.201E-19 2.083E-19 2.410E-19 1.409E-19 8.750E-20
 1.027E-19 1.076E-19 8.071E-20 1.457E-20 0.000E+00 0.000E+00 8.512E-21 2.636E-20 4.161E-20 6.168E-20
 5.894E-20 2.690E-20 7.613E-21 1.791E-20 2.090E-20 3.921E-20 7.167E-20 9.347E-20 1.600E-19 2.581E-19
 2.602E-19 1.620E-19 9.569E-20 8.650E-20 9.216E-20 6.902E-20 2.270E-20 2.088E-20 3.060E-20 1.793E-20
 1.879E-20 1.671E-20 1.455E-20 3.678E-20 5.919E-20 6.243E-20 5.509E-20 7.091E-20 9.958E-20 1.167E-19
 1.373E-19 2.004E-19 2.947E-19 2.511E-19 9.627E-20 3.778E-20 5.294E-20 5.740E-20 4.112E-20 2.227E-20
 4.958E-21 0.000E+00 2.360E-20 3.911E-20 3.471E-20 3.480E-20 4.238E-20 6.654E-20 6.731E-20 3.262E-20
 3.015E-20 5.499E-20 7.114E-20 8.625E-20 1.439E-19 2.541E-19 2.337E-19 9.430E-20 5.584E-20 6.888E-20
 5.983E-20 6.955E-20 8.283E-20 6.876E-20 3.249E-20 9.827E-21 2.559E-20 5.043E-20 5.378E-20 6.287E-20
 8.355E-20 9.307E-20 7.871E-20 5.978E-20 6.809E-20 8.692E-20 8.997E-20 1.472E-19 2.417E-19 1.803E-19
 4.699E-20 2.192E-20 4.173E-20 4.347E-20 9.596E-21 0.000E+00 1.365E-20 1.753E-20 1.381E-20 1.939E-20
 1.783E-20 1.378E-20 3.110E-20 5.439E-20 6.671E-20 7.036E-20 5.642E-20 4.235E-20 4.899E-20 7.935E-20
 1.756E-19 2.777E-19 2.118E-19 8.600E-20 8.894E-20 1.284E-19 1.200E-19 8.114E-20 4.060E-20 3.404E-20
 3.403E-20 2.507E-20 2.817E-20 3.381E-20 4.547E-20 5.135E-20 3.391E-20 2.819E-20 3.553E-20 1.434E-20
 0.000E+00 2.045E-20 9.678E-20 2.272E-19 3.060E-19 1.821E-19 5.837E-20 9.102E-20 1.165E-19 7.425E-20
 3.523E-20 2.422E-20 1.636E-20 1.032E-20 2.150E-20 3.170E-20 1.838E-20 0.000E+00 1.338E-20 3.897E-20
 6.021E-20 8.253E-20 8.025E-20 6.318E-20 8.201E-20 1.502E-19 2.492E-19 2.763E-19 1.646E-19 7.695E-20
 7.624E-20 7.556E-20 6.554E-20 5.976E-20 6.090E-20 3.006E-20 0.000E+00 0.000E+00 1.497E-20 3.839E-20
 5.397E-20 6.224E-20 5.214E-20 3.451E-20 2.392E-20 3.522E-20 6.568E-20 8.018E-20 1.144E-19 2.318E-19
 2.950E-19 1.837E-19 8.140E-20 6.688E-20 5.279E-20 3.417E-20 2.289E-20 1.909E-20 2.195E-20 1.754E-20
 0.000E+00 0.000E+00 2.474E-20 4.924E-20 6.031E-20 4.195E-20 5.476E-20 8.686E-20 7.139E-20 4.025E-20
 4.535E-20 1.069E-19 2.333E-19 2.848E-19 1.596E-19 5.933E-20 8.122E-20 1.132E-19 9.323E-20 5.148E-20
 3.134E-20 1.400E-20 0.000E+00 0.000E+00 0.000E+00 0.000E+00 0.000E+00 2.126E-20 4.342E-20 5.810E-20
 8.596E-20 7.708E-20 5.036E-20 6.905E-20 1.394E-19 2.664E-19 2.939E-19 1.576E-19 8.238E-20 9.167E-20
 8.197E-20 4.951E-20 1.681E-20 3.398E-20 7.382E-20 9.399E-20 8.778E-20 4.917E-20 2.286E-20 3.179E-20
 3.548E-20 3.162E-20 5.086E-20 6.369E-20 4.015E-20 2.329E-20 2.935E-20 8.861E-20 2.342E-19 2.709E-19
 1.267E-19 4.327E-20 6.486E-20 8.226E-20 7.564E-20 4.029E-20 1.399E-21 0.000E+00 0.000E+00 0.000E+00
 1.806E-20 4.080E-20 3.688E-20 3.225E-20 6.902E-20 1.215E-19 1.384E-19 1.151E-19 9.516E-20 9.771E-20
 1.488E-19 2.511E-19 2.264E-19 7.077E-20 2.266E-20 7.616E-20 8.000E-20 4.636E-20 2.386E-20 1.050E-20
 2.268E-20 3.431E-20 4.068E-20 5.277E-20 5.358E-20 4.344E-20 3.060E-20 4.653E-20 6.571E-20 5.959E-20
 3.308E-20 1.825E-20 4.315E-20 1.328E-19 2.774E-19 2.689E-19 1.256E-19 7.943E-20 9.977E-20 9.545E-20
 7.239E-20 4.745E-20 1.148E-20 0.000E+00 1.128E-20 3.414E-20 2.601E-20 1.749E-20 3.791E-20 5.267E-20
 5.329E-20 5.401E-20 5.147E-20 4.854E-20 5.005E-20 4.196E-20 9.759E-20 2.364E-19 2.435E-19 1.283E-19
 7.174E-20 6.865E-20 8.004E-20 6.224E-20 1.657E-20 2.320E-21 1.280E-20 9.791E-21 0.000E+00 0.000E+00
 0.000E+00 0.000E+00 0.000E+00 0.000E+00 2.575E-20 4.319E-20 1.757E-20 0.000E+00 2.919E-20 1.409E-19
 2.864E-19 2.539E-19 1.318E-19 9.651E-20 8.741E-20 5.998E-20 1.165E-20 0.000E+00 2.310E-21 0.000E+00
 1.796E-20 5.370E-20 5.592E-20 3.725E-20 3.571E-20 3.250E-20 3.071E-20 5.054E-20 5.929E-20 3.903E-20
 2.891E-20 4.264E-20 1.172E-19 2.085E-19 1.351E-19 1.099E-20 2.892E-20 8.517E-20 7.547E-20 4.080E-20
 3.054E-20 2.628E-20 1.156E-20 6.636E-21 1.301E-20 9.278E-21 2.089E-20 3.539E-20 2.518E-20 3.028E-20
 4.940E-20 5.227E-20 2.431E-20 1.093E-20 3.091E-20 1.267E-19 2.464E-19 1.958E-19 1.127E-19 1.274E-19
 1.409E-19 1.269E-19 8.952E-20 6.045E-20 4.147E-20 2.720E-20 1.765E-20 1.344E-20 1.882E-20 2.233E-20
 2.107E-20 1.610E-20 3.676E-20 6.072E-20 4.730E-20 2.088E-20 1.957E-20 3.428E-20 1.109E-19 2.066E-19
 1.438E-19 5.076E-20 4.705E-20 5.081E-20 4.867E-20 2.406E-20 9.415E-21 4.838E-21 0.000E+00 9.820E-22
 0.000E+00 0.000E+00 4.439E-21 1.208E-20 3.937E-21 0.000E+00 8.188E-21 1.987E-20 7.287E-21 1.419E-20
 2.936E-20 9.336E-20 1.982E-19 1.665E-19 8.539E-20 8.908E-20 1.017E-19 7.555E-20 3.158E-20 6.425E-21
 0.000E+00 8.610E-22 5.720E-21 0.000E+00 7.137E-21 2.143E-20 3.348E-20 3.519E-20 3.062E-20 5.296E-20
 6.443E-20 2.135E-20 0.000E+00 1.171E-20 1.086E-19 1.930E-19 1.367E-19 8.244E-20 9.410E-20 8.591E-20
 4.520E-20 1.483E-20 2.001E-20 8.680E-21 0.000E+00 0.000E+00 2.767E-20 4.626E-20 4.120E-20 3.184E-20
 8.123E-21 0.000E+00 2.076E-20 2.945E-20 1.319E-20 1.307E-20 3.634E-20 1.112E-19 1.658E-19 7.127E-20
 0.000E+00 4.121E-20 7.172E-20 5.906E-20 4.737E-20 3.665E-20 0.000E+00 0.000E+00 0.000E+00 2.486E-21
 0.000E+00 0.000E+00 0.000E+00 0.000E+00 5.808E-21 1.171E-21 1.374E-20 2.226E-20 2.606E-20 2.194E-20
 7.845E-20 1.559E-19 1.045E-19 3.509E-20 3.410E-20 4.188E-20 2.558E-20 1.526E-20 2.565E-20 2.154E-20
 1.545E-20 6.560E-22 0.000E+00 3.619E-21 2.177E-20 2.867E-20 2.272E-20 2.471E-20 3.245E-20 3.484E-20
 2.365E-20 1.816E-20 3.190E-20 1.157E-19 1.935E-19 1.391E-19 5.680E-20 2.361E-20 3.006E-20 4.503E-20
 3.283E-20 2.366E-20 3.900E-20 4.243E-20 2.813E-20 2.294E-20 6.944E-21 9.532E-21 2.160E-20 6.678E-21
 8.742E-21 3.102E-20 3.603E-20 2.922E-20 2.829E-20 3.216E-20 8.660E-20 1.323E-19 9.282E-20 6.026E-20
 7.116E-20 7.677E-20 4.715E-20 2.870E-20 6.558E-20 8.997E-20 7.022E-20 5.967E-20 4.871E-20 3.463E-20
 5.099E-20 4.691E-20 2.697E-20 3.349E-20 4.573E-20 4.026E-20 3.235E-20 3.668E-20 3.118E-20 6.315E-20
 9.925E-20 6.998E-20 5.218E-20 6.297E-20 6.010E-20 4.776E-20 3.924E-20 2.247E-20 0.000E+00 0.000E+00
 9.810E-22 0.000E+00 0.000E+00 1.360E-20 2.210E-20 2.824E-20 4.025E-20 4.912E-20 2.037E-20 0.000E+00
 2.509E-20 5.363E-20 1.120E-19 1.340E-19 7.141E-20 4.177E-20 4.862E-20 5.388E-20 4.271E-20 2.974E-20
 3.889E-20 3.838E-20 1.555E-20 1.069E-20 2.544E-20 1.908E-20 8.491E-21 4.018E-21 7.015E-21 1.047E-20
 9.898E-21 2.290E-20 3.369E-20 3.664E-20 3.979E-20 5.345E-20 5.366E-20 3.542E-20 3.308E-20 4.996E-20
 6.738E-20 5.402E-20 2.615E-20 6.230E-21 0.000E+00 4.554E-21 1.311E-20 1.907E-20 1.392E-20 7.095E-21
 2.142E-20 4.842E-20 4.477E-20 3.850E-20 4.786E-20 4.912E-20 5.667E-20 6.064E-20 7.987E-20 8.013E-20
 4.151E-20 3.968E-20 6.895E-20 8.280E-20 6.185E-20 4.239E-20 4.880E-20 6.027E-20 7.279E-20 1.069E-19
 1.539E-19 1.314E-19 6.584E-20 3.215E-20 1.883E-20 2.099E-20 2.886E-20 3.220E-20 2.726E-20 2.235E-20
 4.225E-20 6.957E-20 6.201E-20 3.588E-20 1.999E-20 2.948E-20 5.040E-20 3.537E-20 3.272E-20 4.617E-20
 2.982E-20 3.851E-20 8.387E-20 1.269E-19 1.596E-19 2.115E-19 2.667E-19 2.624E-19 2.183E-19 1.658E-19
 1.174E-19 9.341E-20 8.302E-20 8.781E-20 9.889E-20 8.573E-20 6.577E-20 5.816E-20 6.691E-20 8.450E-20
 8.653E-20 1.042E-19 1.554E-19 2.276E-19 3.583E-19 5.505E-19 6.705E-19 5.473E-19 2.800E-19 1.040E-19
 4.866E-20 3.203E-20 9.196E-21 1.157E-20 3.585E-20 2.991E-20 1.826E-20 3.157E-20 5.129E-20 5.525E-20
 4.336E-20 3.067E-20 2.818E-20 2.849E-20 2.946E-20 3.355E-20 4.905E-20 6.775E-20 6.829E-20 6.985E-20
 8.128E-20 1.025E-19 9.927E-20 5.519E-20 3.018E-20 2.909E-20 2.806E-20 1.997E-20 0.000E+00 0.000E+00
 0.000E+00 2.234E-21 9.385E-21 1.935E-20 3.128E-20 4.049E-20 3.279E-20 3.928E-20 7.217E-20 1.037E-19
 1.017E-19 7.082E-20 3.809E-20 2.205E-20 3.985E-20 6.776E-20 7.853E-20 7.043E-20 7.498E-20 9.753E-20
 1.299E-19 1.702E-19 2.090E-19 2.655E-19 3.066E-19 3.263E-19 3.736E-19 3.849E-19 2.548E-19 7.784E-20
 3.677E-21 0.000E+00 0.000E+00 1.989E-20 2.188E-20 1.210E-20 7.275E-21 1.260E-20 1.888E-20 1.571E-20
 1.375E-20 8.508E-21 1.537E-20 3.206E-20 3.460E-20 2.143E-20 8.795E-21 1.566E-20 2.748E-20 1.827E-20
 9.746E-21 2.643E-20 3.492E-20 3.222E-20 3.589E-20 3.918E-20 3.620E-20 3.729E-20 5.017E-20 5.077E-20
 3.968E-20 3.385E-20 4.877E-20 6.453E-20 6.785E-20 7.173E-20 6.364E-20 4.326E-20 3.677E-20 6.060E-20
 8.414E-20 1.017E-19 9.292E-20 7.404E-20 1.106E-19 1.771E-19 2.336E-19 2.850E-19 3.535E-19 4.301E-19
 5.200E-19 6.407E-19 7.737E-19 9.503E-19 1.266E-18 1.671E-18 2.078E-18 2.383E-18 2.641E-18 3.236E-18
 4.233E-18 5.290E-18 4.696E-18 2.103E-18 2.776E-19 0.000E+00 0.000E+00 0.000E+00 0.000E+00 0.000E+00
 0.000E+00 0.000E+00 0.000E+00 0.000E+00 1.850E-20 1.405E-20 5.135E-21 0.000E+00 6.912E-21 1.800E-20
 3.224E-20 3.751E-20 2.805E-20 1.754E-20 3.151E-21 0.000E+00 8.101E-21 1.767E-20 2.544E-20 2.705E-20
 1.038E-20 0.000E+00 0.000E+00 4.051E-21 1.981E-20 1.596E-20 0.000E+00 0.000E+00 0.000E+00 1.174E-20
 3.309E-20 3.430E-20 5.607E-21 0.000E+00 2.361E-20 3.089E-20 3.176E-20 5.652E-20 6.786E-20 7.041E-20
 6.683E-20 7.098E-20 8.747E-20 1.048E-19 9.860E-20 6.201E-20 2.778E-20 3.840E-22 0.000E+00 6.249E-21
 1.332E-20 1.741E-20 3.068E-20 4.633E-20 2.987E-20 1.155E-20 0.000E+00 0.000E+00 3.455E-21 1.867E-20
 4.398E-21 1.283E-21 0.000E+00 0.000E+00 0.000E+00 0.000E+00 1.047E-20 1.625E-20 4.550E-21 0.000E+00
 0.000E+00 1.378E-20 4.054E-20 4.597E-20 3.687E-20 3.358E-20 4.282E-20 5.926E-20 6.566E-20 5.075E-20
 3.736E-20 3.678E-20 4.036E-20 4.978E-20 5.574E-20 4.603E-20 2.895E-20 2.781E-20 4.852E-20 7.215E-20
 7.618E-20 5.700E-20 4.327E-20 5.668E-20 9.051E-20 1.138E-19 1.244E-19 1.672E-19 2.292E-19 2.857E-19
 3.580E-19 4.361E-19 5.056E-19 5.815E-19 6.986E-19 8.674E-19 1.067E-18 1.171E-18 1.137E-18 1.165E-18
 1.040E-18 5.510E-19 1.549E-19 2.380E-20 0.000E+00 0.000E+00 0.000E+00 6.205E-21 9.098E-21 1.142E-20
 3.333E-20 4.770E-20 5.036E-20 3.267E-20 1.807E-20 2.501E-20 3.268E-20 3.251E-20 3.073E-20 4.747E-20
 6.609E-20 6.623E-20 6.164E-20 4.829E-20 3.517E-20 4.274E-20 5.168E-20 3.686E-20 3.049E-20 3.541E-20
 3.152E-20 3.153E-20 3.467E-20 4.618E-20 6.136E-20 7.460E-20 7.969E-20 9.705E-20 1.153E-19 9.574E-20
 8.335E-20 1.028E-19 1.558E-19 2.018E-19 1.959E-19 1.697E-19 1.468E-19 1.541E-19 1.737E-19 1.563E-19
 1.326E-19 1.245E-19 1.231E-19 1.305E-19 1.220E-19 1.157E-19 1.588E-19 2.837E-19 4.107E-19 3.639E-19
 1.900E-19 6.486E-20 4.051E-20 6.472E-20 7.200E-20 8.088E-20 9.879E-20 7.488E-20 2.540E-20 9.900E-21
 2.755E-20 3.283E-20 2.363E-20 3.113E-20 2.957E-20 9.123E-21 8.278E-21 2.687E-20 3.969E-20 3.000E-20
 2.171E-20 3.041E-20 3.966E-20 4.983E-20 4.908E-20 4.326E-20 5.433E-20 7.691E-20 1.266E-19 1.720E-19
 1.542E-19 1.169E-19 1.076E-19 1.310E-19 1.677E-19 1.703E-19 1.143E-19 4.025E-20 1.047E-20 1.835E-20
 2.685E-20 2.338E-20 3.062E-20 4.545E-20 3.673E-20 1.641E-20 1.082E-20 1.064E-20 8.074E-21 3.005E-20
 5.581E-20 8.863E-20 1.124E-19 7.003E-20 2.403E-20 1.076E-20 1.734E-20 3.487E-20 4.223E-20 4.388E-20
 2.925E-20 7.558E-21 9.653E-21 3.358E-20 4.405E-20 5.660E-20 1.102E-19 1.441E-19 1.142E-19 7.251E-20
 5.042E-20 5.513E-20 6.006E-20 4.136E-20 8.329E-20 1.458E-19 9.590E-20 2.280E-20 2.982E-20 6.177E-20
 6.331E-20 5.498E-20 6.424E-20 7.219E-20 6.853E-20 7.367E-20 8.473E-20 8.679E-20 8.915E-20 9.443E-20
 1.051E-19 1.077E-19 1.083E-19 1.284E-19 1.429E-19 1.414E-19 1.453E-19 2.005E-19 2.451E-19 1.953E-19
 1.343E-19 1.112E-19 1.060E-19 1.045E-19 1.034E-19 9.974E-20 8.763E-20 7.928E-20 8.189E-20 8.981E-20
 7.092E-20 2.856E-20 2.101E-21 1.514E-20 4.288E-20 5.025E-20 3.033E-20 7.629E-21 1.505E-20 4.048E-20
 1.113E-19 1.524E-19 8.246E-20 1.892E-20 2.345E-20 3.858E-20 1.337E-20 0.000E+00 6.376E-21 4.750E-21
 6.480E-22 8.668E-21 2.512E-20 2.782E-20 2.413E-20 1.448E-20 1.337E-20 1.604E-20 2.299E-20 5.347E-20
 7.038E-20 7.044E-20 7.423E-20 1.427E-19 2.007E-19 1.474E-19 9.388E-20 9.670E-20 1.048E-19 7.018E-20
 3.720E-20 5.911E-20 1.002E-19 1.091E-19 8.959E-20 8.383E-20 7.561E-20 5.470E-20 4.173E-20 5.325E-20
 6.601E-20 5.880E-20 3.962E-20 1.631E-20 2.029E-20 7.658E-20 1.821E-19 2.030E-19 9.372E-20 2.532E-20
 3.382E-20 3.574E-20 3.008E-20 3.277E-20 1.714E-20 1.063E-20 2.365E-20 4.227E-20 7.378E-20 7.086E-20
 4.017E-20 2.347E-20 1.772E-20 1.153E-20 2.251E-20 4.359E-20 4.363E-20 4.490E-20 8.810E-20 1.834E-19
 1.939E-19 8.767E-20 3.335E-20 5.089E-20 7.255E-20 6.764E-20 5.222E-20 4.052E-20 3.452E-20 4.043E-20
 3.623E-20 3.144E-20 2.802E-20 1.429E-20 0.000E+00 0.000E+00 1.169E-20 5.108E-20 7.334E-20 4.843E-20
 1.798E-20 4.347E-20 1.665E-19 2.120E-19 1.069E-19 4.026E-20 4.124E-20 3.670E-20 1.708E-20 1.977E-20
 3.581E-20 4.635E-20 4.567E-20 3.589E-20 4.787E-20 5.335E-20 4.975E-20 5.456E-20 4.747E-20 3.879E-20
 5.717E-20 5.604E-20 3.330E-20 3.130E-20 7.502E-20 2.065E-19 2.432E-19 1.260E-19 7.086E-20 9.360E-20
 9.260E-20 5.697E-20 4.213E-20 4.043E-20 2.923E-20 2.820E-20 3.175E-20 3.532E-20 4.069E-20 3.510E-20
 1.815E-20 1.509E-20 1.434E-20 2.986E-20 5.199E-20 4.808E-20 4.798E-20 1.152E-19 2.544E-19 2.591E-19
 1.138E-19 5.208E-20 7.397E-20 6.855E-20 4.280E-20 4.227E-20 5.645E-20 5.979E-20 4.638E-20 4.167E-20
 4.426E-20 3.124E-20 2.642E-20 3.027E-20 2.615E-20 2.069E-20 3.705E-20 4.286E-20 2.843E-20 3.204E-20
 1.008E-19 2.393E-19 2.299E-19 7.382E-20 1.944E-20 3.969E-20 3.367E-20 9.825E-21 0.000E+00 0.000E+00
 0.000E+00 2.938E-21 2.598E-20 4.108E-20 4.526E-20 4.386E-20 2.006E-20 1.370E-21 1.622E-20 4.881E-20
 6.064E-20 5.254E-20 7.020E-20 1.530E-19 2.821E-19 2.760E-19 1.513E-19 9.585E-20 8.125E-20 5.946E-20
 4.990E-20 5.518E-20 5.815E-20 6.266E-20 6.798E-20 7.038E-20 7.515E-20 6.125E-20 3.897E-20 2.192E-20
 2.987E-20 6.188E-20 8.143E-20 6.563E-20 4.061E-20 4.818E-20 1.367E-19 2.792E-19 2.526E-19 9.780E-20
 5.708E-20 7.289E-20 5.368E-20 4.051E-20 4.423E-20 3.806E-20 2.791E-20 1.653E-20 1.091E-20 1.667E-20
 2.555E-20 4.886E-20 5.946E-20 4.732E-20 4.713E-20 6.862E-20 6.075E-20 3.337E-20 5.414E-20 1.628E-19
 3.045E-19 2.669E-19 1.100E-19 5.231E-20 4.368E-20 2.663E-20 1.896E-20 1.719E-20 1.627E-20 1.923E-20
 2.064E-20 2.168E-20 3.523E-20 4.196E-20 3.399E-20 2.876E-20 3.151E-20 4.101E-20 6.135E-20 6.013E-20
 3.344E-20 3.736E-20 1.414E-19 2.828E-19 2.439E-19 1.034E-19 6.426E-20 5.753E-20 2.262E-20 3.130E-22
 2.155E-21 1.335E-20 2.683E-20 2.691E-20 3.368E-20 5.586E-20 6.036E-20 4.781E-20 2.293E-20 1.239E-20
 3.085E-20 5.154E-20 4.836E-20 4.982E-20 8.610E-20 1.902E-19 3.148E-19 2.584E-19 1.187E-19 9.599E-20
 9.157E-20 4.686E-20 2.574E-20 2.957E-20 1.099E-20 0.000E+00 1.976E-20 4.950E-20 4.556E-20 2.223E-20
 1.940E-20 1.443E-20 1.223E-20 2.622E-20 4.367E-20 3.197E-20 2.741E-20 8.865E-20 2.178E-19 3.381E-19
 2.749E-19 1.437E-19 1.049E-19 7.351E-20 3.917E-20 2.893E-20 3.910E-20 5.282E-20 6.015E-20 6.123E-20
 6.995E-20 7.247E-20 4.922E-20 4.121E-20 3.339E-20 2.170E-20 3.959E-20 6.933E-20 7.320E-20 5.833E-20
 8.053E-20 2.020E-19 3.163E-19 2.333E-19 1.090E-19 9.580E-20 7.734E-20 3.642E-20 1.784E-20 9.919E-21
 0.000E+00 0.000E+00 7.851E-21 5.238E-20 7.604E-20 5.761E-20 3.517E-20 2.278E-20 2.190E-20 2.969E-20
 4.363E-20 4.814E-20 6.653E-20 1.290E-19 2.535E-19 3.633E-19 2.896E-19 1.498E-19 1.074E-19 8.391E-20
 5.678E-20 4.573E-20 2.439E-20 1.023E-20 2.020E-20 4.369E-20 6.180E-20 4.588E-20 3.134E-20 4.398E-20
 4.571E-20 5.007E-20 7.686E-20 8.592E-20 6.374E-20 5.957E-20 1.004E-19 2.100E-19 3.041E-19 2.227E-19
 9.493E-20 7.617E-20 6.307E-20 2.090E-20 8.903E-21 9.608E-21 6.193E-21 1.892E-20 4.685E-20 5.734E-20
 4.029E-20 3.371E-20 5.014E-20 6.819E-20 6.853E-20 5.376E-20 4.819E-20 6.354E-20 9.838E-20 1.397E-19
 2.377E-19 3.291E-19 2.500E-19 1.294E-19 9.067E-20 7.115E-20 5.396E-20 2.813E-20 8.082E-21 3.350E-22
 7.505E-21 3.938E-20 5.080E-20 3.427E-20 3.850E-20 5.920E-20 6.811E-20 6.805E-20 6.093E-20 6.145E-20
 6.462E-20 7.873E-20 1.250E-19 2.321E-19 3.323E-19 2.684E-19 1.613E-19 1.178E-19 5.967E-20 2.566E-20
 3.224E-20 3.726E-20 3.107E-20 3.481E-20 5.139E-20 6.576E-20 6.955E-20 6.430E-20 5.858E-20 4.960E-20
 5.006E-20 5.815E-20 7.035E-20 8.157E-20 1.072E-19 1.671E-19 2.809E-19 3.587E-19 2.621E-19 1.384E-19
 7.461E-20 1.587E-20 8.593E-21 2.708E-20 2.395E-20 1.841E-20 3.562E-20 4.303E-20 2.790E-20 2.954E-20
 4.806E-20 4.300E-20 1.557E-20 8.485E-21 1.913E-20 3.858E-20 6.711E-20 1.111E-19 1.733E-19 2.887E-19
 3.633E-19 2.637E-19 1.478E-19 9.745E-20 6.066E-20 4.943E-20 4.614E-20 3.667E-20 2.685E-20 3.221E-20
 4.647E-20 5.962E-20 6.582E-20 7.389E-20 7.221E-20 5.447E-20 4.760E-20 5.192E-20 7.580E-20 9.155E-20
 1.092E-19 1.781E-19 3.000E-19 3.561E-19 2.459E-19 1.357E-19 8.651E-20 3.625E-20 2.284E-20 3.116E-20
 2.799E-20 1.791E-20 3.182E-20 5.338E-20 5.199E-20 5.247E-20 7.445E-20 9.382E-20 7.928E-20 5.925E-20
 7.562E-20 1.090E-19 1.106E-19 1.073E-19 1.544E-19 2.808E-19 3.527E-19 2.422E-19 1.325E-19 9.785E-20
 6.960E-20 5.157E-20 4.005E-20 3.988E-20 4.080E-20 5.110E-20 5.852E-20 5.952E-20 6.621E-20 6.965E-20
 5.422E-20 3.452E-20 3.327E-20 3.800E-20 6.753E-20 9.261E-20 1.126E-19 1.729E-19 2.868E-19 3.389E-19
 2.285E-19 1.247E-19 7.937E-20 3.545E-20 1.501E-20 2.197E-20 3.777E-20 3.683E-20 3.682E-20 3.075E-20
 2.778E-20 4.165E-20 5.512E-20 5.336E-20 5.253E-20 5.574E-20 5.949E-20 8.776E-20 9.852E-20 1.201E-19
 2.060E-19 3.187E-19 3.354E-19 2.141E-19 1.136E-19 7.322E-20 4.562E-20 3.569E-20 4.577E-20 6.006E-20
 5.732E-20 5.347E-20 5.220E-20 4.133E-20 2.678E-20 3.310E-20 4.645E-20 3.737E-20 1.852E-20 3.336E-20
 6.605E-20 9.170E-20 1.429E-19 2.066E-19 2.994E-19 3.310E-19 2.239E-19 1.323E-19 8.820E-20 4.466E-20
 2.965E-20 3.581E-20 4.723E-20 5.748E-20 4.394E-20 1.745E-20 1.089E-20 3.674E-20 7.655E-20 6.998E-20
 4.668E-20 5.514E-20 8.768E-20 1.170E-19 1.056E-19 1.089E-19 1.744E-19 2.784E-19 2.926E-19 1.842E-19
 1.121E-19 7.306E-20 2.429E-20 4.515E-21 9.459E-21 1.932E-20 3.128E-20 5.129E-20 5.270E-20 4.032E-20
 4.246E-20 4.996E-20 4.198E-20 2.608E-20 2.274E-20 5.288E-20 9.396E-20 1.039E-19 1.202E-19 1.868E-19
 2.975E-19 3.169E-19 1.914E-19 9.419E-20 7.057E-20 5.563E-20 5.493E-20 6.789E-20 5.947E-20 4.068E-20
 3.570E-20 4.379E-20 5.895E-20 5.875E-20 5.477E-20 5.279E-20 5.085E-20 5.803E-20 8.451E-20 1.112E-19
 1.167E-19 1.386E-19 1.974E-19 2.810E-19 2.725E-19 1.517E-19 7.364E-20 4.424E-20 2.318E-20 1.945E-20
 3.213E-20 5.091E-20 5.347E-20 4.180E-20 3.366E-20 4.216E-20 5.305E-20 5.188E-20 4.510E-20 5.148E-20
 5.963E-20 6.355E-20 7.996E-20 1.068E-19 1.525E-19 2.255E-19 3.039E-19 2.736E-19 1.374E-19 5.937E-20
 4.438E-20 2.836E-20 2.544E-20 4.411E-20 5.944E-20 5.631E-20 3.549E-20 1.229E-20 1.297E-20 2.694E-20
 4.033E-20 5.533E-20 6.204E-20 5.799E-20 7.427E-20 1.005E-19 1.120E-19 1.312E-19 1.867E-19 2.775E-19
 2.762E-19 1.663E-19 8.968E-20 5.863E-20 4.441E-20 4.300E-20 5.082E-20 5.675E-20 5.359E-20 4.435E-20
 3.079E-20 3.543E-20 5.472E-20 6.926E-20 6.477E-20 6.112E-20 7.126E-20 8.831E-20 1.166E-19 1.307E-19
 1.286E-19 1.678E-19 2.522E-19 2.440E-19 1.310E-19 4.662E-20 1.442E-20 1.766E-20 3.310E-20 4.778E-20
 4.974E-20 3.749E-20 3.362E-20 4.228E-20 5.981E-20 6.045E-20 4.795E-20 3.590E-20 4.776E-20 8.416E-20
 1.079E-19 1.202E-19 1.399E-19 1.702E-19 2.094E-19 2.682E-19 2.460E-19 1.190E-19 2.873E-20 9.853E-21
 2.895E-20 4.528E-20 5.935E-20 7.657E-20 7.607E-20 6.869E-20 6.053E-20 6.578E-20 6.925E-20 4.578E-20
 3.460E-20 6.051E-20 8.376E-20 1.033E-19 1.119E-19 9.194E-20 9.593E-20 1.611E-19 2.269E-19 1.757E-19
 6.313E-20 2.180E-20 3.111E-20 4.254E-20 4.098E-20 2.644E-20 2.686E-20 3.845E-20 3.673E-20 4.563E-20
 5.008E-20 4.750E-20 6.365E-20 7.040E-20 7.355E-20 8.670E-20 1.069E-19 1.203E-19 1.350E-19 1.650E-19
 2.151E-19 2.555E-19 1.949E-19 9.449E-20 4.399E-20 2.123E-20 1.924E-20 2.940E-20 3.721E-20 3.086E-20
 1.949E-20 2.444E-20 3.745E-20 3.405E-20 4.066E-20 6.459E-20 6.504E-20 6.291E-20 6.949E-20 7.697E-20
 1.003E-19 1.314E-19 1.355E-19 1.528E-19 1.960E-19 1.571E-19 7.750E-20 2.718E-20 2.028E-21 1.866E-20
 3.106E-20 3.571E-20 4.990E-20 4.886E-20 3.570E-20 4.136E-20 5.729E-20 6.415E-20 6.658E-20 5.599E-20
 5.586E-20 7.427E-20 9.188E-20 9.617E-20 1.045E-19 1.360E-19 1.878E-19 2.154E-19 1.458E-19 6.734E-20
 5.414E-20 5.252E-20 3.789E-20 2.091E-20 2.626E-20 3.426E-20 2.582E-20 1.108E-20 1.543E-20 3.823E-20
 5.130E-20 5.168E-20 4.463E-20 4.111E-20 4.813E-20 5.688E-20 6.192E-20 9.623E-20 1.436E-19 1.888E-19
 2.093E-19 1.472E-19 7.656E-20 4.151E-20 1.702E-20 1.036E-20 2.388E-20 3.402E-20 2.463E-20 2.275E-20
 2.085E-20 2.011E-20 2.415E-20 2.806E-20 4.713E-20 6.540E-20 7.562E-20 9.271E-20 1.076E-19 1.044E-19
 9.840E-20 1.105E-19 1.620E-19 1.978E-19 1.404E-19 6.094E-20 3.103E-20 2.924E-20 2.526E-20 1.571E-20
 1.929E-20 2.669E-20 2.307E-20 2.670E-20 3.788E-20 4.547E-20 4.710E-20 4.756E-20 6.896E-20 8.443E-20
 7.503E-20 7.332E-20 8.021E-20 8.907E-20 1.169E-19 1.675E-19 1.732E-19 1.049E-19 4.705E-20 3.095E-20
 2.295E-20 1.804E-20 2.749E-20 4.278E-20 5.591E-20 6.268E-20 6.347E-20 6.978E-20 7.152E-20 7.178E-20
 7.823E-20 8.013E-20 7.896E-20 8.526E-20 9.396E-20 9.109E-20 9.167E-20 1.110E-19 1.439E-19 1.411E-19
 7.489E-20 2.374E-20 2.053E-20 2.438E-20 3.606E-20 5.391E-20 5.937E-20 4.949E-20 3.328E-20 3.885E-20
 4.943E-20 4.559E-20 5.005E-20 4.610E-20 3.216E-20 3.941E-20 6.142E-20 6.790E-20 7.432E-20 9.419E-20
 1.197E-19 1.633E-19 1.599E-19 9.105E-20 4.228E-20 2.948E-20 3.443E-20 4.463E-20 3.960E-20 2.323E-20
 1.398E-20 1.456E-20 2.589E-20 4.104E-20 4.025E-20 4.086E-20 5.153E-20 4.665E-20 3.601E-20 4.513E-20
 6.595E-20 9.032E-20 1.171E-19 1.490E-19 1.819E-19 1.567E-19 8.404E-20 3.590E-20 1.089E-20 5.415E-21
 8.790E-21 1.591E-20 2.878E-20 3.825E-20 4.318E-20 2.576E-20 8.635E-21 1.944E-20 4.450E-20 5.629E-20
 4.715E-20 4.099E-20 5.574E-20 7.243E-20 8.624E-20 1.120E-19 1.280E-19 1.435E-19 1.204E-19 4.705E-20
 4.974E-21 1.426E-21 1.287E-20 1.960E-20 3.171E-20 3.956E-20 2.797E-20 2.273E-20 2.869E-20 4.013E-20
 4.200E-20 4.219E-20 3.615E-20 3.797E-20 4.768E-20 4.294E-20 4.717E-20 5.234E-20 6.547E-20 9.938E-20
 1.220E-19 9.974E-20 5.982E-20 3.194E-20 1.232E-20 2.819E-20 5.547E-20 4.972E-20 3.187E-20 3.695E-20
 4.719E-20 4.211E-20 5.489E-20 7.911E-20 6.980E-20 4.080E-20 3.498E-20 4.506E-20 5.239E-20 6.264E-20
 7.678E-20 8.832E-20 1.063E-19 1.260E-19 1.097E-19 6.088E-20 1.978E-20 4.530E-21 6.968E-21 1.219E-20
 2.040E-20 3.092E-20 3.111E-20 2.334E-20 2.424E-20 3.842E-20 5.189E-20 5.810E-20 5.981E-20 4.866E-20
 4.703E-20 6.794E-20 8.653E-20 9.669E-20 9.345E-20 9.482E-20 1.087E-19 8.925E-20 4.548E-20 2.539E-20
 2.733E-20 3.374E-20 3.436E-20 3.392E-20 3.582E-20 2.932E-20 2.960E-20 3.572E-20 2.630E-20 2.384E-20
 3.587E-20 4.402E-20 4.232E-20 2.524E-20 2.950E-20 5.479E-20 5.196E-20 4.951E-20 8.117E-20 1.012E-19
 6.484E-20 2.461E-20 2.632E-20 4.083E-20 4.237E-20 3.012E-20 2.360E-20 2.290E-20 2.940E-20 2.978E-20
 1.858E-20 2.570E-20 3.048E-20 2.454E-20 3.527E-20 4.376E-20 2.381E-20 1.696E-20 4.015E-20 4.925E-20
 5.102E-20 7.071E-20 7.887E-20 5.574E-20 4.567E-20 5.310E-20 4.147E-20 1.642E-20 4.147E-21 8.854E-21
 1.174E-20 1.374E-20 5.321E-21 0.000E+00 0.000E+00 1.630E-20 3.799E-20 3.830E-20 2.397E-20 2.543E-20
 2.810E-20 3.893E-20 6.548E-20 7.768E-20 9.067E-20 8.738E-20 5.777E-20 3.976E-20 1.536E-20 0.000E+00
 0.000E+00 0.000E+00 7.262E-21 3.615E-20 5.461E-20 4.084E-20 2.126E-20 1.466E-20 2.776E-20 3.889E-20
 3.767E-20 4.830E-20 5.707E-20 5.575E-20 5.266E-20 4.324E-20 3.911E-20 5.716E-20 6.554E-20 3.822E-20
 1.934E-20 2.203E-20 1.140E-20 0.000E+00 3.863E-21 1.706E-20 3.111E-20 1.898E-20 1.032E-20 3.123E-20
 4.049E-20 2.861E-20 1.378E-20 1.811E-20 3.428E-20 4.279E-20 4.973E-20 5.776E-20 5.822E-20 4.770E-20
 4.924E-20 4.777E-20 2.959E-20 2.374E-20 2.452E-20 1.914E-20 1.555E-20 2.648E-20 4.628E-20 5.509E-20
 4.729E-20 2.971E-20 2.219E-20 3.670E-20 4.722E-20 4.089E-20 3.351E-20 2.483E-20 2.789E-20 2.980E-20
 1.639E-20 1.934E-20 4.304E-20 6.498E-20 5.109E-20 1.440E-20 0.000E+00 3.965E-21 8.031E-21 0.000E+00
 2.521E-21 1.755E-20 2.523E-20 2.540E-20 1.932E-20 2.837E-20 4.772E-20 3.398E-20 5.261E-21 1.313E-20
 3.110E-20 3.253E-20 3.277E-20 3.868E-20 5.335E-20 6.222E-20 5.999E-20 4.698E-20 2.174E-20 1.973E-20
 3.733E-20 3.201E-20 2.271E-20 3.171E-20 3.572E-20 1.946E-20 1.425E-20 3.551E-20 4.696E-20 4.531E-20
 3.596E-20 2.035E-20 1.863E-20 2.697E-20 2.993E-20 3.298E-20 4.174E-20 3.629E-20 2.610E-20 2.781E-20
 3.628E-20 4.169E-20 3.373E-20 2.932E-20 2.240E-20 1.406E-20 1.300E-20 1.400E-20 2.465E-20 2.346E-20
 1.424E-20 4.227E-21 0.000E+00 1.306E-20 4.035E-20 5.278E-20 4.161E-20 2.308E-20 2.128E-20 3.036E-20
 5.023E-20 6.990E-20 6.699E-20 5.383E-20 4.825E-20 4.312E-20 4.195E-20 4.402E-20 2.782E-20 5.311E-21
 9.137E-21 3.001E-20 4.324E-20 4.158E-20 1.800E-20 0.000E+00 0.000E+00 5.430E-21 1.416E-20 6.816E-21
 0.000E+00 0.000E+00 8.160E-22 9.485E-21 1.432E-20 2.010E-20 2.206E-20 1.689E-20 0.000E+00 0.000E+00
 0.000E+00 1.543E-20 2.497E-20 1.129E-20 0.000E+00 4.744E-21 1.617E-20 1.767E-20 2.144E-20 2.430E-20
 2.589E-20 2.957E-20 2.712E-20 2.125E-20 1.453E-20 1.259E-20 2.480E-20 4.216E-20 3.851E-20 2.180E-20
 3.345E-20 5.838E-20 5.874E-20 4.933E-20 3.627E-20 2.857E-20 3.200E-20 1.319E-20 0.000E+00 9.819E-21
 5.603E-21 1.720E-22 7.842E-21 1.744E-20 2.063E-20 1.621E-20 7.403E-21 0.000E+00 0.000E+00 1.516E-20
 4.549E-20 4.592E-20 3.767E-20 3.031E-20 2.975E-20 4.224E-20 5.166E-20 3.861E-20 1.830E-20 9.212E-21
 1.220E-20 1.955E-20 2.246E-20 2.246E-20 1.903E-20 2.789E-20 4.399E-20 3.973E-20 4.019E-20 4.985E-20
 3.710E-20 2.376E-20 2.972E-20 4.498E-20 4.817E-20 2.242E-20 0.000E+00 0.000E+00 0.000E+00 1.132E-21
 9.806E-21 3.961E-21 0.000E+00 0.000E+00 0.000E+00 0.000E+00 2.327E-21 2.438E-20 3.157E-20 1.640E-20
 1.160E-21 0.000E+00 7.590E-21 3.769E-21 0.000E+00 2.084E-20 4.066E-20 3.627E-20 2.694E-20 1.844E-20
 1.403E-20 8.885E-21 4.470E-21 5.403E-21 9.773E-21 3.053E-20 4.159E-20 2.035E-20 4.228E-21 6.036E-21
 2.158E-20 3.069E-20 1.760E-20 6.770E-22 0.000E+00 1.305E-20 9.445E-21 0.000E+00 1.574E-20 3.931E-20
 3.526E-20 2.518E-20 1.668E-20 3.351E-21 4.702E-21 8.646E-21 1.633E-20 2.119E-20 2.047E-20 1.573E-20
 3.069E-21 0.000E+00 0.000E+00 0.000E+00 0.000E+00 0.000E+00 1.652E-20 3.483E-20 3.827E-20 2.356E-20
 1.744E-20 2.107E-20 2.520E-20 1.880E-20 0.000E+00 0.000E+00 0.000E+00 0.000E+00 1.529E-21 1.515E-20
 3.553E-21 0.000E+00 8.918E-21 1.655E-21 0.000E+00 5.232E-21 1.440E-21 0.000E+00 4.272E-21 1.613E-20
 1.842E-20 1.971E-20 2.496E-20 2.616E-20 1.519E-20 0.000E+00 0.000E+00 1.582E-20 2.750E-20 1.411E-20
 5.205E-21 0.000E+00 0.000E+00 0.000E+00 2.409E-20 3.409E-20 1.182E-20 0.000E+00 1.032E-20 1.449E-20
 1.583E-20 1.913E-20 1.982E-20 2.185E-20 2.278E-20 2.403E-20 2.382E-20 2.096E-20 1.063E-20 0.000E+00
 0.000E+00 1.581E-20 1.651E-20 6.512E-21 1.232E-20 1.363E-20 8.210E-21 7.792E-21 0.000E+00 0.000E+00
 0.000E+00 0.000E+00 0.000E+00 0.000E+00 1.109E-20 2.901E-20 2.411E-20 1.322E-20 2.363E-20 3.762E-20
 3.709E-20 2.762E-20 1.586E-20 9.816E-21 0.000E+00 0.000E+00 1.673E-21 0.000E+00 4.475E-21 8.797E-21
