    CF3CH3  580.0000  630.0000      3320     297.0    0.0000 4.361E-18  HITRAN    HFC-143a    air 31
 1.459E-21 0.000E+00 9.121E-21 1.284E-20 0.000E+00 0.000E+00 2.290E-22 1.527E-20 4.055E-20 2.887E-20
 4.486E-21 1.301E-20 3.810E-20 5.311E-20 3.976E-20 0.000E+00 0.000E+00 0.000E+00 7.880E-21 3.845E-20
 3.578E-20 9.653E-21 2.077E-20 7.353E-21 0.000E+00 0.000E+00 1.488E-20 7.384E-21 1.944E-20 3.051E-20
 4.206E-20 3.403E-20 2.014E-20 2.661E-20 4.183E-20 6.061E-20 6.279E-20 4.125E-20 1.192E-20 2.155E-21
 0.000E+00 0.000E+00 2.289E-21 1.139E-20 2.360E-23 0.000E+00 0.000E+00 0.000E+00 0.000E+00 1.272E-21
 4.418E-20 6.129E-20 4.460E-20 1.189E-20 0.000E+00 1.732E-20 4.643E-20 5.835E-20 2.480E-20 0.000E+00
 8.342E-21 1.211E-20 1.565E-20 1.698E-20 7.521E-21 0.000E+00 7.780E-22 5.238E-21 0.000E+00 0.000E+00
 0.000E+00 0.000E+00 0.000E+00 0.000E+00 6.568E-21 6.961E-21 3.829E-20 6.933E-20 5.802E-20 5.483E-20
 3.868E-20 0.000E+00 0.000E+00 0.000E+00 0.000E+00 0.000E+00 0.000E+00 0.000E+00 0.000E+00 0.000E+00
 1.694E-20 3.623E-20 4.488E-20 3.966E-20 4.295E-20 3.788E-20 4.064E-20 4.072E-20 2.279E-20 1.115E-20
 3.285E-20 5.460E-20 5.051E-20 6.736E-20 8.116E-20 6.962E-20 5.015E-20 2.603E-20 0.000E+00 0.000E+00
 0.000E+00 0.000E+00 1.341E-20 1.412E-20 0.000E+00 0.000E+00 3.320E-20 2.660E-20 3.377E-20 8.392E-20
 9.393E-20 4.605E-20 0.000E+00 0.000E+00 3.020E-20 4.205E-20 3.248E-20 4.242E-20 2.939E-20 0.000E+00
 0.000E+00 0.000E+00 0.000E+00 0.000E+00 1.968E-20 1.265E-20 9.760E-22 0.000E+00 0.000E+00 0.000E+00
 0.000E+00 0.000E+00 0.000E+00 2.769E-21 4.039E-20 6.902E-20 4.823E-20 2.643E-20 3.489E-20 5.180E-20
 8.433E-20 6.446E-20 0.000E+00 0.000E+00 0.000E+00 7.367E-21 2.305E-20 2.343E-20 2.683E-21 0.000E+00
 0.000E+00 0.000E+00 0.000E+00 6.242E-21 0.000E+00 0.000E+00 4.002E-20 5.074E-20 2.087E-20 2.215E-20
 4.112E-20 5.643E-20 4.686E-20 0.000E+00 0.000E+00 0.000E+00 8.180E-22 0.000E+00 0.000E+00 0.000E+00
 1.684E-21 9.350E-21 0.000E+00 0.000E+00 0.000E+00 3.515E-21 4.826E-20 4.946E-20 1.367E-20 8.577E-21
 5.340E-20 8.090E-20 4.240E-20 1.779E-20 4.732E-20 3.422E-20 0.000E+00 0.000E+00 5.382E-21 0.000E+00
 0.000E+00 0.000E+00 0.000E+00 1.450E-20 2.487E-20 1.663E-20 0.000E+00 0.000E+00 7.979E-21 3.337E-20
 2.841E-20 0.000E+00 0.000E+00 1.375E-20 4.494E-20 6.513E-20 6.990E-20 5.546E-20 1.094E-20 0.000E+00
 8.718E-21 3.776E-20 3.015E-20 2.287E-20 3.674E-20 1.794E-20 0.000E+00 0.000E+00 2.051E-20 3.070E-20
 2.417E-20 2.910E-20 3.312E-20 3.502E-20 3.732E-20 4.731E-20 4.272E-20 4.646E-20 8.087E-20 1.252E-19
 1.051E-19 0.000E+00 0.000E+00 1.278E-20 0.000E+00 0.000E+00 0.000E+00 0.000E+00 0.000E+00 0.000E+00
 0.000E+00 0.000E+00 3.847E-20 6.645E-20 5.495E-20 1.690E-20 0.000E+00 0.000E+00 2.484E-20 3.140E-20
 1.616E-20 3.698E-20 8.909E-20 8.027E-20 1.847E-20 4.864E-21 8.921E-21 0.000E+00 0.000E+00 0.000E+00
 0.000E+00 0.000E+00 1.736E-20 3.136E-20 3.870E-20 4.658E-20 3.884E-20 1.436E-20 1.066E-20 3.392E-20
 3.208E-20 1.289E-20 1.382E-20 3.394E-20 6.258E-20 9.140E-20 8.358E-20 4.461E-20 2.121E-20 8.430E-22
 0.000E+00 1.714E-21 1.218E-20 7.649E-21 9.530E-22 0.000E+00 0.000E+00 4.493E-20 5.953E-20 1.525E-20
 1.516E-20 4.581E-20 6.275E-20 6.431E-20 5.235E-20 5.713E-20 9.100E-20 1.193E-19 1.207E-19 8.640E-20
 3.638E-20 1.620E-20 2.783E-20 3.819E-20 1.099E-20 0.000E+00 0.000E+00 2.139E-20 3.657E-20 6.405E-20
 8.596E-20 6.122E-20 2.526E-20 8.313E-21 1.687E-20 4.314E-20 5.228E-20 5.735E-20 7.409E-20 9.815E-20
 1.158E-19 1.114E-19 5.886E-20 1.561E-20 2.603E-20 1.198E-20 5.486E-21 3.188E-20 1.918E-20 0.000E+00
 0.000E+00 1.019E-21 2.674E-20 4.513E-20 2.382E-20 0.000E+00 1.104E-20 2.634E-20 2.799E-20 3.781E-20
 3.560E-20 3.555E-20 6.535E-20 9.662E-20 9.116E-20 3.887E-20 2.028E-20 3.001E-20 2.934E-20 4.051E-20
 4.349E-20 3.798E-20 2.476E-20 2.815E-20 4.218E-20 3.349E-20 1.918E-20 3.067E-20 5.136E-20 4.345E-20
 3.956E-20 3.632E-20 2.326E-20 2.521E-20 4.819E-20 8.207E-20 1.189E-19 1.157E-19 3.523E-20 0.000E+00
 0.000E+00 6.216E-21 2.088E-20 4.195E-21 0.000E+00 0.000E+00 0.000E+00 6.869E-21 4.197E-20 6.130E-20
 5.017E-20 2.404E-20 6.169E-21 3.121E-20 5.422E-20 5.011E-20 5.265E-20 7.846E-20 1.041E-19 1.164E-19
 1.206E-19 9.240E-20 4.310E-20 1.845E-20 2.163E-20 2.842E-20 3.960E-20 4.354E-20 3.593E-20 2.922E-20
 3.468E-20 3.875E-20 1.914E-20 7.044E-21 2.575E-20 6.575E-20 6.179E-20 2.766E-20 2.878E-20 4.159E-20
 8.120E-20 1.394E-19 1.751E-19 1.357E-19 3.234E-20 0.000E+00 7.346E-21 2.836E-20 8.111E-21 0.000E+00
 0.000E+00 0.000E+00 3.234E-20 5.040E-20 3.146E-20 3.193E-20 3.452E-20 2.903E-20 5.875E-20 7.997E-20
 6.511E-20 5.897E-20 6.220E-20 6.346E-20 9.315E-20 1.433E-19 1.358E-19 8.365E-20 4.722E-20 8.744E-21
 0.000E+00 0.000E+00 0.000E+00 0.000E+00 0.000E+00 0.000E+00 0.000E+00 0.000E+00 0.000E+00 1.583E-20
 2.165E-20 4.308E-20 7.910E-20 9.053E-20 7.566E-20 6.289E-20 5.898E-20 9.787E-20 1.642E-19 1.289E-19
 3.285E-20 1.172E-20 3.143E-20 3.915E-20 3.511E-20 3.059E-20 9.557E-21 0.000E+00 0.000E+00 8.101E-21
 3.471E-20 4.229E-20 4.148E-20 4.617E-20 5.078E-20 4.111E-20 2.686E-20 2.430E-20 3.968E-20 7.929E-20
 1.319E-19 1.566E-19 1.053E-19 4.337E-20 2.942E-20 2.862E-20 2.754E-20 2.739E-20 3.240E-20 2.903E-20
 1.645E-20 1.476E-20 3.953E-20 5.214E-20 1.975E-20 2.874E-21 2.571E-20 5.242E-20 5.653E-20 5.598E-20
 7.136E-20 9.077E-20 1.162E-19 1.623E-19 1.865E-19 1.330E-19 6.535E-20 3.530E-20 3.020E-20 2.914E-20
 1.822E-20 9.337E-21 0.000E+00 0.000E+00 0.000E+00 7.334E-21 1.278E-20 0.000E+00 0.000E+00 0.000E+00
 3.500E-22 1.679E-20 3.592E-20 4.754E-20 7.187E-20 1.200E-19 1.697E-19 1.811E-19 1.286E-19 7.035E-20
 3.292E-20 9.875E-21 1.979E-20 3.063E-20 5.251E-21 0.000E+00 2.187E-20 4.029E-20 5.358E-20 6.170E-20
 4.441E-20 3.950E-20 4.768E-20 4.951E-20 4.779E-20 5.710E-20 8.287E-20 1.051E-19 1.287E-19 1.734E-19
 1.649E-19 1.003E-19 6.967E-20 5.340E-20 3.456E-20 1.167E-20 0.000E+00 3.463E-21 1.729E-20 1.020E-20
 9.620E-22 1.077E-20 2.038E-20 1.710E-20 8.824E-21 1.603E-20 3.019E-20 3.208E-20 3.157E-20 4.410E-20
 7.701E-20 1.281E-19 1.858E-19 1.868E-19 1.414E-19 1.019E-19 6.273E-20 4.534E-20 4.444E-20 3.532E-20
 1.700E-20 1.586E-20 3.503E-20 3.357E-20 1.589E-20 1.564E-20 2.688E-20 1.905E-20 0.000E+00 0.000E+00
 1.349E-20 3.515E-20 6.088E-20 7.768E-20 1.073E-19 1.677E-19 1.382E-19 4.221E-20 1.025E-20 1.920E-20
 3.632E-20 4.122E-20 1.433E-20 0.000E+00 7.962E-21 2.253E-20 2.955E-20 2.809E-20 2.062E-20 1.928E-20
 3.603E-20 6.077E-20 6.463E-20 3.402E-20 2.271E-20 4.891E-20 8.163E-20 1.520E-19 1.924E-19 1.244E-19
 5.163E-20 3.112E-20 4.807E-20 7.575E-20 4.903E-20 6.889E-21 3.396E-21 0.000E+00 0.000E+00 3.156E-20
 5.100E-20 2.325E-20 0.000E+00 0.000E+00 3.366E-20 4.566E-20 1.916E-20 7.601E-21 3.774E-20 1.007E-19
 1.868E-19 2.083E-19 1.154E-19 4.944E-20 5.658E-20 5.950E-20 5.995E-20 5.092E-20 1.520E-20 0.000E+00
 0.000E+00 2.275E-20 4.666E-20 5.525E-20 5.876E-20 5.603E-20 6.364E-20 7.487E-20 5.921E-20 3.894E-20
 4.682E-20 7.847E-20 1.127E-19 1.549E-19 1.739E-19 1.216E-19 6.766E-20 5.666E-20 5.485E-20 4.239E-20
 1.655E-20 0.000E+00 2.550E-22 1.292E-20 0.000E+00 0.000E+00 0.000E+00 1.525E-20 4.006E-20 6.658E-20
 7.181E-20 6.675E-20 7.649E-20 7.971E-20 9.025E-20 1.282E-19 1.925E-19 2.057E-19 1.303E-19 9.403E-20
 9.924E-20 8.861E-20 6.371E-20 2.618E-20 1.282E-20 2.097E-20 3.750E-20 4.891E-20 5.612E-20 6.383E-20
 4.810E-20 2.795E-20 3.292E-20 4.678E-20 4.089E-20 2.621E-20 2.919E-20 5.577E-20 1.020E-19 1.648E-19
 1.776E-19 1.144E-19 7.958E-20 7.319E-20 4.951E-20 4.492E-20 5.493E-20 4.761E-20 2.679E-20 1.233E-20
 1.649E-20 4.880E-20 7.348E-20 5.658E-20 3.180E-20 3.555E-20 5.637E-20 6.113E-20 5.466E-20 5.881E-20
 8.029E-20 1.350E-19 2.126E-19 2.072E-19 1.160E-19 8.407E-20 9.359E-20 6.406E-20 1.894E-20 3.680E-22
 2.111E-20 2.637E-20 1.426E-20 1.802E-20 1.772E-20 2.862E-20 3.670E-20 2.699E-20 4.939E-20 8.476E-20
 8.009E-20 5.651E-20 6.569E-20 8.716E-20 1.431E-19 2.347E-19 2.043E-19 1.151E-19 1.087E-19 1.142E-19
 9.325E-20 4.937E-20 0.000E+00 0.000E+00 0.000E+00 2.247E-20 4.607E-20 5.139E-20 5.756E-20 5.545E-20
 2.256E-20 1.176E-20 4.338E-20 5.677E-20 4.081E-20 5.784E-20 1.060E-19 1.741E-19 2.423E-19 1.811E-19
 5.998E-20 4.128E-20 7.998E-20 8.128E-20 4.111E-20 2.981E-20 3.380E-20 1.679E-21 0.000E+00 0.000E+00
 0.000E+00 1.608E-20 5.512E-20 7.068E-20 6.352E-20 4.712E-20 3.802E-20 3.278E-20 6.325E-20 1.189E-19
 1.785E-19 2.475E-19 1.999E-19 9.571E-20 8.476E-20 9.176E-20 6.217E-20 3.939E-20 3.504E-20 2.782E-20
 2.917E-20 2.508E-20 8.008E-21 1.431E-20 4.088E-20 4.094E-20 1.786E-20 2.815E-20 5.925E-20 7.422E-20
 6.433E-20 6.124E-20 1.064E-19 2.063E-19 2.612E-19 1.634E-19 6.518E-20 7.818E-20 9.250E-20 4.675E-20
 2.021E-21 1.473E-20 3.548E-20 2.365E-20 1.574E-20 1.720E-20 1.521E-21 7.566E-21 3.436E-20 4.747E-20
 6.847E-20 8.370E-20 6.330E-20 2.620E-20 2.652E-20 8.451E-20 1.953E-19 2.360E-19 1.324E-19 7.337E-20
 1.021E-19 1.039E-19 6.617E-20 2.996E-20 2.425E-20 2.468E-20 4.675E-21 0.000E+00 6.411E-21 8.468E-21
 8.356E-21 3.099E-20 5.018E-20 6.059E-20 6.311E-20 6.181E-20 4.696E-20 2.364E-20 5.492E-20 1.704E-19
 2.241E-19 1.331E-19 6.983E-20 7.718E-20 5.923E-20 2.547E-20 2.304E-21 0.000E+00 1.023E-20 2.223E-20
 3.405E-20 5.007E-20 7.166E-20 8.276E-20 6.236E-20 4.136E-20 4.487E-20 5.560E-20 6.096E-20 7.663E-20
 9.635E-20 1.155E-19 1.923E-19 2.361E-19 1.478E-19 8.967E-20 1.098E-19 1.082E-19 8.203E-20 5.290E-20
 3.631E-20 1.924E-20 1.011E-20 1.125E-20 0.000E+00 6.940E-21 3.484E-20 4.872E-20 4.126E-20 4.349E-20
 6.613E-20 7.209E-20 6.577E-20 7.716E-20 1.290E-19 2.160E-19 2.251E-19 1.184E-19 5.624E-20 8.307E-20
 8.971E-20 5.095E-20 1.982E-20 1.763E-20 2.507E-20 1.905E-20 0.000E+00 1.063E-20 4.306E-20 5.756E-20
 5.517E-20 4.223E-20 4.982E-20 7.135E-20 6.518E-20 6.178E-20 7.973E-20 1.283E-19 2.268E-19 2.317E-19
 1.085E-19 4.686E-20 6.802E-20 7.353E-20 3.838E-20 1.406E-20 1.990E-20 1.934E-20 1.189E-20 5.853E-21
 5.865E-21 1.683E-20 4.516E-20 7.170E-20 8.399E-20 8.764E-20 7.171E-20 4.985E-20 5.913E-20 1.033E-19
 1.661E-19 2.362E-19 1.984E-19 7.478E-20 6.052E-20 1.066E-19 9.107E-20 4.019E-20 1.261E-20 5.567E-21
 0.000E+00 2.146E-20 4.474E-20 4.081E-20 3.463E-20 3.492E-20 3.072E-20 3.851E-20 5.769E-20 4.836E-20
 3.286E-20 5.166E-20 8.059E-20 1.443E-19 2.369E-19 2.044E-19 9.109E-20 6.319E-20 7.165E-20 6.060E-20
 4.205E-20 3.193E-20 3.299E-20 2.983E-20 2.915E-20 3.433E-20 4.121E-20 4.657E-20 4.513E-20 3.065E-20
 2.786E-20 4.098E-20 3.927E-20 1.315E-20 0.000E+00 5.241E-21 8.854E-20 2.094E-19 2.017E-19 9.470E-20
 6.505E-20 9.053E-20 9.046E-20 4.954E-20 2.563E-20 3.603E-20 4.306E-20 3.221E-20 1.020E-20 9.122E-21
 1.988E-20 2.769E-20 3.901E-20 6.080E-20 7.445E-20 5.188E-20 2.379E-20 2.707E-20 3.393E-20 7.665E-20
 1.687E-19 1.553E-19 6.760E-20 4.802E-20 7.104E-20 8.085E-20 4.847E-20 1.848E-20 2.051E-20 2.715E-20
 2.591E-20 1.672E-20 1.460E-20 1.602E-20 9.262E-21 1.555E-20 2.848E-20 2.362E-20 3.052E-20 4.354E-20
 4.552E-20 4.238E-20 9.185E-20 1.833E-19 1.487E-19 5.634E-20 5.209E-20 7.426E-20 7.077E-20 4.694E-20
 2.836E-20 1.729E-20 8.150E-21 1.213E-20 3.006E-20 4.158E-20 3.439E-20 2.164E-20 1.969E-20 3.295E-20
 4.656E-20 4.957E-20 3.532E-20 3.454E-20 5.841E-20 1.203E-19 1.912E-19 1.543E-19 7.789E-20 7.365E-20
 9.786E-20 8.480E-20 3.857E-20 1.965E-20 2.498E-20 2.672E-20 2.370E-20 2.600E-20 3.491E-20 3.945E-20
 3.966E-20 3.102E-20 2.132E-20 2.293E-20 2.821E-20 2.741E-20 2.959E-20 3.695E-20 1.056E-19 1.894E-19
 1.415E-19 6.010E-20 4.621E-20 5.736E-20 5.122E-20 2.205E-20 2.255E-20 3.135E-20 2.423E-20 1.909E-20
 2.072E-20 3.231E-20 3.635E-20 2.956E-20 3.423E-20 5.435E-20 6.028E-20 4.143E-20 2.303E-20 2.556E-20
 4.715E-20 1.201E-19 1.729E-19 1.059E-19 4.752E-20 5.757E-20 7.156E-20 6.602E-20 3.788E-20 1.511E-20
 8.799E-21 1.255E-20 1.164E-20 7.505E-21 1.285E-20 2.502E-20 2.156E-20 4.569E-21 6.306E-21 2.304E-20
 2.539E-20 1.777E-20 3.738E-20 5.210E-20 8.827E-20 1.361E-19 1.077E-19 8.278E-20 7.964E-20 7.307E-20
 6.626E-20 3.156E-20 7.356E-21 0.000E+00 2.766E-21 1.817E-20 2.131E-20 2.061E-20 2.853E-20 3.491E-20
 3.283E-20 4.787E-20 6.323E-20 5.075E-20 2.649E-20 1.355E-20 2.216E-20 8.697E-20 1.541E-19 1.171E-19
 5.757E-20 5.084E-20 6.002E-20 5.380E-20 3.508E-20 3.099E-20 2.929E-20 2.267E-20 2.265E-20 3.154E-20
 3.845E-20 4.838E-20 5.320E-20 3.299E-20 1.122E-20 9.271E-21 2.207E-20 1.839E-20 1.081E-20 2.931E-20
 8.549E-20 1.339E-19 1.031E-19 6.286E-20 6.502E-20 6.408E-20 4.443E-20 3.430E-20 2.850E-20 1.628E-20
 3.202E-20 5.210E-20 5.156E-20 3.816E-20 1.975E-20 1.227E-20 2.233E-20 3.962E-20 4.125E-20 3.618E-20
 4.113E-20 4.905E-20 4.857E-20 8.059E-20 1.140E-19 8.220E-20 5.897E-20 6.305E-20 6.684E-20 6.451E-20
 5.568E-20 6.894E-20 8.062E-20 7.022E-20 5.076E-20 3.038E-20 8.559E-21 8.746E-21 2.974E-20 3.297E-20
 2.321E-20 1.582E-20 1.156E-20 1.029E-20 2.040E-20 3.306E-20 6.499E-20 9.581E-20 6.933E-20 4.492E-20
 4.760E-20 4.247E-20 3.302E-20 2.887E-20 2.997E-20 3.271E-20 3.847E-20 2.742E-20 1.867E-20 3.716E-20
 4.795E-20 3.947E-20 3.888E-20 4.509E-20 4.421E-20 3.833E-20 3.142E-20 3.341E-20 5.413E-20 1.002E-19
 1.129E-19 7.633E-20 5.879E-20 5.858E-20 6.352E-20 5.242E-20 2.180E-20 1.217E-20 1.594E-20 1.052E-20
 7.662E-21 1.775E-20 2.701E-20 3.356E-20 3.261E-20 3.884E-20 5.556E-20 5.919E-20 5.420E-20 5.065E-20
 5.469E-20 6.342E-20 9.827E-20 1.215E-19 8.884E-20 6.585E-20 6.302E-20 5.364E-20 4.173E-20 3.192E-20
 2.501E-20 1.575E-20 2.144E-20 3.644E-20 3.773E-20 4.414E-20 5.629E-20 3.889E-20 7.638E-21 0.000E+00
 3.095E-21 1.764E-20 2.232E-20 3.315E-20 3.987E-20 4.325E-20 5.127E-20 5.439E-20 6.420E-20 5.254E-20
 2.541E-20 9.997E-21 0.000E+00 6.240E-22 7.371E-21 1.445E-20 1.870E-20 1.219E-20 9.931E-21 1.855E-20
 2.610E-20 3.026E-20 3.928E-20 4.718E-20 4.411E-20 3.067E-20 3.036E-20 5.964E-20 1.074E-19 1.215E-19
 8.117E-20 4.421E-20 3.943E-20 5.782E-20 6.344E-20 5.675E-20 6.678E-20 8.610E-20 1.011E-19 1.178E-19
 1.538E-19 1.338E-19 5.179E-20 1.319E-20 2.516E-20 3.691E-20 3.030E-20 3.778E-20 5.053E-20 3.544E-20
 2.324E-20 5.321E-20 8.330E-20 5.738E-20 2.443E-20 2.931E-20 4.382E-20 4.733E-20 6.143E-20 7.834E-20
 7.905E-20 8.150E-20 9.510E-20 1.296E-19 1.717E-19 2.147E-19 2.628E-19 2.661E-19 2.129E-19 1.633E-19
 1.330E-19 1.022E-19 8.311E-20 8.609E-20 9.133E-20 7.702E-20 6.911E-20 8.015E-20 9.634E-20 1.307E-19
 1.509E-19 1.563E-19 2.011E-19 2.770E-19 3.837E-19 5.520E-19 6.712E-19 5.614E-19 3.121E-19 1.388E-19
 7.863E-20 7.243E-20 6.219E-20 4.373E-20 2.724E-20 1.207E-20 1.241E-20 2.503E-20 4.470E-20 5.654E-20
 5.776E-20 6.095E-20 6.322E-20 6.260E-20 5.616E-20 4.392E-20 3.286E-20 3.231E-20 3.774E-20 4.083E-20
 4.617E-20 5.273E-20 4.492E-20 2.086E-20 1.186E-20 3.169E-20 4.803E-20 3.492E-20 1.334E-20 9.871E-21
 2.560E-20 3.753E-20 3.460E-20 4.303E-20 4.471E-20 2.942E-20 3.274E-20 5.201E-20 8.407E-20 1.086E-19
 1.023E-19 8.111E-20 6.156E-20 6.946E-20 1.004E-19 1.258E-19 1.372E-19 1.402E-19 1.456E-19 1.640E-19
 1.998E-19 2.233E-19 2.198E-19 2.370E-19 2.939E-19 3.588E-19 4.092E-19 3.903E-19 2.600E-19 1.022E-19
 2.263E-20 2.976E-21 0.000E+00 0.000E+00 2.722E-21 1.317E-20 3.103E-20 2.788E-20 2.142E-20 3.461E-20
 4.166E-20 2.576E-20 1.063E-20 7.000E-21 1.575E-20 2.342E-20 2.381E-20 2.750E-20 3.803E-20 4.294E-20
 3.367E-20 4.074E-20 4.985E-20 3.546E-20 1.704E-20 2.201E-20 3.699E-20 3.423E-20 3.807E-20 4.486E-20
 3.699E-20 3.077E-20 3.804E-20 4.727E-20 5.672E-20 6.596E-20 7.225E-20 8.170E-20 8.653E-20 8.853E-20
 8.963E-20 1.068E-19 1.356E-19 1.528E-19 1.683E-19 2.001E-19 2.490E-19 3.110E-19 3.868E-19 4.807E-19
 5.890E-19 6.919E-19 7.945E-19 9.399E-19 1.217E-18 1.579E-18 1.937E-18 2.177E-18 2.344E-18 2.787E-18
 3.561E-18 4.361E-18 3.820E-18 1.731E-18 2.671E-19 0.000E+00 0.000E+00 0.000E+00 0.000E+00 0.000E+00
 0.000E+00 0.000E+00 7.140E-21 1.487E-20 1.340E-20 5.292E-21 1.167E-20 2.304E-20 4.177E-20 4.578E-20
 3.820E-20 3.565E-20 3.959E-20 3.190E-20 1.924E-20 2.066E-20 2.294E-20 2.088E-20 1.030E-20 1.246E-20
 2.680E-20 3.007E-20 2.458E-20 2.034E-20 1.046E-20 0.000E+00 9.952E-21 2.680E-20 2.486E-20 1.720E-20
 2.575E-20 4.415E-20 5.907E-20 5.362E-20 3.683E-20 3.546E-20 5.166E-20 7.688E-20 9.153E-20 9.017E-20
 8.744E-20 9.648E-20 1.092E-19 1.100E-19 1.015E-19 9.618E-20 8.067E-20 4.302E-20 2.307E-20 3.477E-20
 4.456E-20 3.499E-20 2.498E-20 2.686E-20 2.533E-20 2.297E-20 2.515E-20 2.334E-20 2.072E-20 2.412E-20
 2.450E-20 1.658E-20 7.255E-21 4.747E-21 8.639E-21 2.120E-20 4.737E-20 5.826E-20 4.489E-20 3.737E-20
 3.944E-20 3.616E-20 2.924E-20 2.731E-20 2.901E-20 4.008E-20 5.629E-20 5.904E-20 5.495E-20 5.529E-20
 5.407E-20 4.934E-20 3.755E-20 3.354E-20 5.188E-20 5.789E-20 5.442E-20 6.271E-20 7.085E-20 7.800E-20
 8.311E-20 8.833E-20 8.846E-20 1.018E-19 1.285E-19 1.478E-19 1.853E-19 2.405E-19 2.930E-19 3.340E-19
 3.734E-19 4.387E-19 5.210E-19 6.019E-19 7.132E-19 8.671E-19 1.031E-18 1.105E-18 1.067E-18 1.077E-18
 9.440E-19 5.071E-19 1.472E-19 3.377E-20 2.713E-20 3.060E-20 1.429E-20 0.000E+00 0.000E+00 1.656E-21
 1.867E-20 4.147E-20 4.908E-20 5.215E-20 4.657E-20 2.606E-20 2.086E-20 2.664E-20 2.099E-20 2.028E-20
 5.142E-20 8.110E-20 7.140E-20 4.108E-20 2.714E-20 4.030E-20 5.772E-20 7.359E-20 8.431E-20 7.623E-20
 7.373E-20 7.820E-20 6.829E-20 7.181E-20 8.662E-20 8.772E-20 8.917E-20 1.056E-19 1.325E-19 1.271E-19
 9.933E-20 1.239E-19 1.811E-19 2.015E-19 1.753E-19 1.520E-19 1.532E-19 1.560E-19 1.553E-19 1.431E-19
 1.261E-19 1.128E-19 1.203E-19 1.307E-19 1.230E-19 1.408E-19 1.849E-19 3.058E-19 4.499E-19 4.124E-19
 2.381E-19 1.041E-19 5.187E-20 4.579E-20 5.267E-20 7.651E-20 1.075E-19 9.154E-20 5.610E-20 5.461E-20
 6.839E-20 7.189E-20 5.728E-20 4.911E-20 5.232E-20 4.615E-20 3.338E-20 3.898E-20 5.232E-20 5.147E-20
 5.578E-20 7.217E-20 8.327E-20 6.769E-20 4.927E-20 4.806E-20 5.260E-20 7.285E-20 1.269E-19 1.694E-19
 1.444E-19 1.087E-19 1.020E-19 1.221E-19 1.690E-19 1.855E-19 1.289E-19 6.055E-20 3.266E-20 1.768E-20
 1.621E-20 2.401E-20 2.482E-20 3.157E-20 4.106E-20 3.659E-20 4.689E-20 6.943E-20 5.500E-20 3.409E-20
 2.739E-20 5.059E-20 8.706E-20 6.922E-20 3.683E-20 3.785E-20 5.503E-20 6.191E-20 5.169E-20 4.494E-20
 3.512E-20 2.335E-20 3.973E-20 6.290E-20 6.385E-20 7.664E-20 1.225E-19 1.397E-19 1.032E-19 7.467E-20
 6.523E-20 5.874E-20 3.810E-20 1.970E-20 6.096E-20 1.047E-19 8.121E-20 4.847E-20 5.932E-20 7.328E-20
 5.915E-20 5.272E-20 6.777E-20 8.203E-20 8.874E-20 9.358E-20 9.522E-20 1.004E-19 1.230E-19 1.336E-19
 1.153E-19 1.097E-19 1.350E-19 1.615E-19 1.650E-19 1.599E-19 1.647E-19 2.074E-19 2.385E-19 1.833E-19
 1.295E-19 1.238E-19 1.220E-19 1.099E-19 9.687E-20 8.856E-20 7.423E-20 6.890E-20 6.257E-20 6.320E-20
 7.648E-20 7.206E-20 6.599E-20 6.991E-20 6.429E-20 5.201E-20 4.771E-20 4.159E-20 3.389E-20 5.137E-20
 1.097E-19 1.249E-19 6.000E-20 2.515E-20 5.187E-20 7.437E-20 5.056E-20 2.413E-20 2.142E-20 2.348E-20
 3.312E-20 4.201E-20 5.002E-20 5.188E-20 4.868E-20 4.075E-20 3.641E-20 3.499E-20 3.766E-20 4.945E-20
 5.410E-20 6.441E-20 8.973E-20 1.531E-19 1.918E-19 1.396E-19 8.741E-20 8.149E-20 8.478E-20 7.192E-20
 5.166E-20 5.302E-20 8.603E-20 1.062E-19 9.405E-20 8.214E-20 7.439E-20 7.961E-20 8.956E-20 8.755E-20
 7.994E-20 7.709E-20 7.151E-20 5.782E-20 5.891E-20 9.505E-20 1.624E-19 1.693E-19 1.033E-19 6.473E-20
 5.882E-20 5.408E-20 4.369E-20 3.825E-20 3.809E-20 4.295E-20 5.323E-20 5.027E-20 3.775E-20 2.683E-20
 2.789E-20 3.611E-20 3.451E-20 3.087E-20 3.871E-20 2.963E-20 1.834E-20 3.698E-20 7.183E-20 1.473E-19
 1.753E-19 1.001E-19 5.270E-20 5.990E-20 6.306E-20 5.483E-20 4.849E-20 3.531E-20 2.777E-20 3.750E-20
 4.083E-20 4.124E-20 4.107E-20 4.043E-20 3.882E-20 3.744E-20 3.838E-20 4.838E-20 5.329E-20 3.119E-20
 2.022E-20 6.866E-20 1.663E-19 1.786E-19 9.038E-20 5.741E-20 7.874E-20 7.003E-20 3.453E-20 2.198E-20
 2.773E-20 3.535E-20 4.663E-20 4.984E-20 5.175E-20 5.113E-20 4.670E-20 4.125E-20 4.245E-20 5.028E-20
 5.956E-20 5.065E-20 3.385E-20 4.283E-20 8.306E-20 1.739E-19 1.981E-19 1.104E-19 7.145E-20 9.409E-20
 8.875E-20 5.848E-20 4.718E-20 4.475E-20 5.250E-20 6.385E-20 6.745E-20 7.525E-20 6.569E-20 5.103E-20
 4.042E-20 3.949E-20 5.609E-20 7.883E-20 7.665E-20 4.497E-20 3.546E-20 9.990E-20 2.138E-19 2.067E-19
 9.128E-20 4.512E-20 6.659E-20 7.495E-20 4.618E-20 2.654E-20 3.551E-20 5.790E-20 7.532E-20 8.216E-20
 8.052E-20 6.569E-20 4.950E-20 3.802E-20 3.261E-20 2.903E-20 5.007E-20 6.458E-20 4.986E-20 4.456E-20
 9.046E-20 1.973E-19 2.017E-19 9.945E-20 6.455E-20 7.150E-20 5.444E-20 3.273E-20 3.481E-20 4.985E-20
 6.175E-20 6.442E-20 6.191E-20 6.332E-20 5.587E-20 4.575E-20 3.585E-20 2.549E-20 2.474E-20 4.304E-20
 6.365E-20 6.197E-20 6.380E-20 1.264E-19 2.258E-19 2.190E-19 1.240E-19 8.216E-20 7.429E-20 4.605E-20
 2.348E-20 3.325E-20 4.472E-20 4.539E-20 5.188E-20 5.955E-20 6.710E-20 6.970E-20 6.332E-20 4.875E-20
 5.013E-20 6.876E-20 7.671E-20 6.464E-20 5.203E-20 6.063E-20 1.204E-19 2.262E-19 2.132E-19 1.018E-19
 7.980E-20 9.278E-20 6.841E-20 4.189E-20 3.466E-20 3.980E-20 4.359E-20 4.433E-20 5.311E-20 6.195E-20
 5.072E-20 3.675E-20 3.118E-20 3.169E-20 3.353E-20 4.218E-20 4.275E-20 3.131E-20 4.811E-20 1.352E-19
 2.527E-19 2.346E-19 1.196E-19 7.387E-20 6.506E-20 4.947E-20 4.483E-20 4.036E-20 2.811E-20 2.778E-20
 3.083E-20 3.328E-20 3.417E-20 2.192E-20 2.144E-20 3.136E-20 3.790E-20 4.699E-20 5.956E-20 5.862E-20
 5.386E-20 7.100E-20 1.502E-19 2.490E-19 1.987E-19 9.109E-20 8.049E-20 7.501E-20 4.272E-20 2.739E-20
 3.016E-20 3.190E-20 2.970E-20 3.022E-20 3.486E-20 3.936E-20 3.891E-20 4.125E-20 4.242E-20 4.810E-20
 5.782E-20 6.494E-20 5.184E-20 3.939E-20 6.816E-20 1.634E-19 2.831E-19 2.474E-19 1.224E-19 7.810E-20
 5.837E-20 3.818E-20 3.786E-20 4.713E-20 4.224E-20 3.047E-20 2.893E-20 3.564E-20 4.161E-20 3.758E-20
 3.355E-20 2.711E-20 3.629E-20 5.695E-20 6.993E-20 5.888E-20 4.615E-20 8.359E-20 1.787E-19 2.672E-19
 2.233E-19 1.216E-19 8.238E-20 5.833E-20 3.430E-20 2.574E-20 2.967E-20 3.930E-20 5.084E-20 5.727E-20
 6.536E-20 6.281E-20 4.960E-20 4.968E-20 4.427E-20 3.659E-20 4.624E-20 7.361E-20 7.985E-20 7.245E-20
 1.047E-19 1.915E-19 2.660E-19 2.076E-19 1.112E-19 9.416E-20 8.610E-20 5.181E-20 2.328E-20 2.695E-20
 3.504E-20 2.871E-20 2.878E-20 3.255E-20 3.272E-20 4.027E-20 4.432E-20 4.097E-20 5.180E-20 6.323E-20
 6.803E-20 6.062E-20 5.815E-20 9.494E-20 1.868E-19 2.756E-19 2.248E-19 1.171E-19 9.343E-20 9.143E-20
 6.809E-20 4.464E-20 2.901E-20 2.355E-20 4.134E-20 6.924E-20 7.632E-20 6.980E-20 6.851E-20 6.685E-20
 5.900E-20 5.194E-20 5.283E-20 7.463E-20 8.710E-20 8.675E-20 1.132E-19 2.059E-19 2.959E-19 2.277E-19
 1.269E-19 1.146E-19 9.442E-20 6.530E-20 5.738E-20 5.493E-20 4.926E-20 5.390E-20 6.808E-20 7.615E-20
 7.115E-20 5.753E-20 4.617E-20 3.634E-20 3.916E-20 5.842E-20 8.607E-20 9.112E-20 7.982E-20 1.051E-19
 2.033E-19 2.911E-19 2.306E-19 1.327E-19 9.530E-20 5.535E-20 2.672E-20 1.458E-20 1.320E-20 3.444E-20
 5.450E-20 5.773E-20 5.176E-20 4.410E-20 5.091E-20 5.423E-20 3.853E-20 3.501E-20 4.954E-20 7.223E-20
 7.985E-20 8.730E-20 1.276E-19 2.134E-19 2.770E-19 2.100E-19 1.260E-19 1.022E-19 6.430E-20 3.464E-20
 2.807E-20 2.258E-20 1.806E-20 1.968E-20 2.862E-20 4.762E-20 6.874E-20 7.074E-20 5.822E-20 4.662E-20
 4.328E-20 5.834E-20 8.387E-20 9.013E-20 9.657E-20 1.339E-19 2.320E-19 3.104E-19 2.285E-19 1.285E-19
 1.100E-19 7.815E-20 4.305E-20 2.914E-20 3.233E-20 3.666E-20 3.185E-20 3.592E-20 5.149E-20 6.021E-20
 5.455E-20 5.831E-20 6.781E-20 5.307E-20 4.663E-20 7.208E-20 7.194E-20 7.225E-20 1.278E-19 2.334E-19
 2.922E-19 2.000E-19 1.084E-19 9.327E-20 6.195E-20 3.505E-20 3.580E-20 4.254E-20 4.308E-20 5.527E-20
 6.993E-20 6.334E-20 4.815E-20 4.573E-20 5.627E-20 6.088E-20 6.234E-20 6.510E-20 7.668E-20 8.670E-20
 9.783E-20 1.375E-19 2.308E-19 2.924E-19 2.093E-19 1.136E-19 7.394E-20 3.297E-20 1.546E-20 2.307E-20
 3.959E-20 5.124E-20 6.310E-20 5.936E-20 4.338E-20 4.129E-20 4.811E-20 5.933E-20 6.434E-20 6.382E-20
 7.268E-20 1.038E-19 1.226E-19 1.299E-19 1.631E-19 2.478E-19 3.065E-19 2.289E-19 1.342E-19 8.537E-20
 4.617E-20 3.664E-20 4.420E-20 4.954E-20 4.879E-20 6.194E-20 5.671E-20 4.319E-20 5.669E-20 6.529E-20
 5.076E-20 3.165E-20 4.427E-20 7.739E-20 1.025E-19 1.065E-19 1.138E-19 1.651E-19 2.822E-19 3.376E-19
 2.291E-19 1.218E-19 7.039E-20 3.402E-20 2.441E-20 2.874E-20 4.045E-20 4.641E-20 5.582E-20 6.006E-20
 5.241E-20 5.028E-20 5.457E-20 5.174E-20 5.521E-20 6.830E-20 8.679E-20 1.129E-19 1.151E-19 1.313E-19
 2.000E-19 3.017E-19 3.208E-19 2.007E-19 1.027E-19 6.435E-20 3.563E-20 2.369E-20 2.736E-20 4.683E-20
 6.110E-20 6.781E-20 6.997E-20 6.377E-20 5.951E-20 5.797E-20 4.702E-20 5.355E-20 7.242E-20 8.275E-20
 9.973E-20 1.113E-19 1.322E-19 1.830E-19 2.719E-19 2.880E-19 1.791E-19 1.015E-19 6.799E-20 3.878E-20
 3.237E-20 3.716E-20 4.712E-20 6.952E-20 9.438E-20 8.504E-20 6.692E-20 5.813E-20 5.256E-20 5.051E-20
 5.531E-20 7.615E-20 9.782E-20 1.065E-19 1.088E-19 1.366E-19 1.913E-19 2.687E-19 2.779E-19 1.812E-19
 1.127E-19 7.700E-20 4.663E-20 3.902E-20 4.309E-20 4.612E-20 4.288E-20 4.086E-20 3.589E-20 4.800E-20
 6.666E-20 8.082E-20 8.983E-20 8.387E-20 7.011E-20 7.066E-20 9.095E-20 1.035E-19 1.248E-19 1.740E-19
 2.606E-19 2.902E-19 2.003E-19 1.097E-19 6.012E-20 4.048E-20 3.980E-20 4.536E-20 5.249E-20 4.971E-20
 4.935E-20 4.710E-20 5.216E-20 6.705E-20 7.525E-20 6.888E-20 5.909E-20 6.972E-20 1.039E-19 1.216E-19
 1.199E-19 1.447E-19 1.996E-19 2.751E-19 2.744E-19 1.785E-19 1.091E-19 7.624E-20 4.986E-20 3.038E-20
 3.102E-20 3.638E-20 4.188E-20 5.633E-20 5.950E-20 6.610E-20 7.561E-20 7.525E-20 6.887E-20 7.655E-20
 9.849E-20 1.139E-19 1.165E-19 1.193E-19 1.384E-19 1.794E-19 2.555E-19 2.654E-19 1.762E-19 1.030E-19
 6.017E-20 3.934E-20 3.732E-20 4.836E-20 6.772E-20 7.404E-20 6.471E-20 4.739E-20 4.447E-20 4.513E-20
 3.966E-20 4.375E-20 6.112E-20 7.824E-20 9.897E-20 1.190E-19 1.274E-19 1.533E-19 2.030E-19 2.710E-19
 2.704E-19 1.709E-19 9.634E-20 6.190E-20 3.685E-20 3.507E-20 5.295E-20 6.780E-20 7.194E-20 7.277E-20
 7.068E-20 7.351E-20 7.701E-20 8.675E-20 9.151E-20 8.542E-20 8.511E-20 8.922E-20 9.375E-20 1.014E-19
 1.293E-19 1.899E-19 2.650E-19 2.492E-19 1.397E-19 7.293E-20 5.800E-20 5.030E-20 4.499E-20 4.408E-20
 5.009E-20 5.958E-20 6.103E-20 5.593E-20 5.608E-20 5.011E-20 4.570E-20 5.816E-20 7.631E-20 8.121E-20
 1.028E-19 1.345E-19 1.385E-19 1.466E-19 1.896E-19 2.521E-19 2.253E-19 1.270E-19 7.397E-20 4.477E-20
 3.237E-20 2.869E-20 2.355E-20 3.357E-20 4.432E-20 4.324E-20 3.446E-20 2.822E-20 2.309E-20 3.102E-20
 4.598E-20 6.140E-20 8.546E-20 1.089E-19 1.173E-19 1.167E-19 1.344E-19 1.934E-19 2.620E-19 2.268E-19
 1.231E-19 7.257E-20 6.238E-20 5.849E-20 4.372E-20 3.920E-20 4.838E-20 4.096E-20 3.300E-20 4.242E-20
 5.446E-20 6.006E-20 7.010E-20 6.924E-20 6.481E-20 7.826E-20 1.028E-19 1.221E-19 1.418E-19 1.705E-19
 2.122E-19 2.532E-19 1.964E-19 8.971E-20 4.742E-20 3.447E-20 2.948E-20 3.207E-20 4.609E-20 5.951E-20
 5.267E-20 4.387E-20 4.810E-20 5.441E-20 5.532E-20 5.414E-20 4.220E-20 4.469E-20 6.714E-20 1.002E-19
 1.253E-19 1.233E-19 1.349E-19 1.868E-19 2.223E-19 1.646E-19 9.604E-20 7.944E-20 6.398E-20 5.304E-20
 4.312E-20 4.476E-20 5.339E-20 4.384E-20 4.195E-20 5.717E-20 6.637E-20 7.756E-20 8.746E-20 8.118E-20
 8.390E-20 9.634E-20 1.136E-19 1.200E-19 1.241E-19 1.510E-19 1.926E-19 2.121E-19 1.511E-19 8.013E-20
 5.475E-20 4.406E-20 4.567E-20 4.567E-20 4.946E-20 5.029E-20 4.314E-20 3.427E-20 2.259E-20 2.132E-20
 3.633E-20 4.444E-20 4.588E-20 6.778E-20 8.370E-20 9.272E-20 1.093E-19 1.179E-19 1.278E-19 1.754E-19
 2.112E-19 1.550E-19 9.001E-20 6.347E-20 3.824E-20 2.948E-20 4.126E-20 5.495E-20 5.679E-20 4.955E-20
 4.327E-20 5.413E-20 6.754E-20 7.072E-20 7.583E-20 8.314E-20 9.246E-20 1.099E-19 1.257E-19 1.186E-19
 1.125E-19 1.252E-19 1.687E-19 1.979E-19 1.475E-19 8.168E-20 5.160E-20 4.814E-20 4.383E-20 2.994E-20
 2.709E-20 2.909E-20 3.061E-20 4.133E-20 5.690E-20 6.152E-20 6.231E-20 6.418E-20 7.751E-20 9.313E-20
 9.834E-20 1.054E-19 1.125E-19 1.237E-19 1.405E-19 1.815E-19 1.933E-19 1.193E-19 4.852E-20 3.164E-20
 3.336E-20 4.086E-20 5.582E-20 5.595E-20 3.975E-20 3.473E-20 4.524E-20 6.406E-20 7.415E-20 6.612E-20
 5.984E-20 6.315E-20 6.403E-20 7.104E-20 8.439E-20 9.805E-20 1.119E-19 1.240E-19 1.530E-19 1.567E-19
 9.706E-20 4.980E-20 4.588E-20 4.708E-20 5.229E-20 5.244E-20 4.322E-20 4.465E-20 4.956E-20 5.516E-20
 6.209E-20 6.240E-20 6.049E-20 5.992E-20 5.661E-20 5.733E-20 8.396E-20 1.094E-19 1.018E-19 9.811E-20
 1.246E-19 1.647E-19 1.606E-19 9.503E-20 4.458E-20 3.432E-20 3.818E-20 4.311E-20 4.528E-20 5.066E-20
 5.152E-20 4.897E-20 4.576E-20 4.629E-20 5.439E-20 6.209E-20 6.945E-20 6.892E-20 6.747E-20 7.758E-20
 9.268E-20 1.075E-19 1.147E-19 1.287E-19 1.534E-19 1.313E-19 7.718E-20 6.171E-20 5.475E-20 3.932E-20
 4.032E-20 3.698E-20 2.399E-20 2.080E-20 2.906E-20 4.407E-20 5.888E-20 6.296E-20 6.310E-20 5.640E-20
 4.554E-20 5.643E-20 7.331E-20 7.055E-20 7.668E-20 9.695E-20 1.150E-19 1.419E-19 1.301E-19 7.320E-20
 3.452E-20 2.387E-20 3.273E-20 4.153E-20 3.592E-20 2.306E-20 3.038E-20 5.237E-20 5.834E-20 5.853E-20
 5.901E-20 6.235E-20 6.486E-20 7.165E-20 8.103E-20 8.089E-20 8.043E-20 9.196E-20 1.082E-19 1.173E-19
 1.287E-19 1.020E-19 5.241E-20 3.920E-20 3.636E-20 2.974E-20 2.729E-20 3.070E-20 2.814E-20 2.474E-20
 3.273E-20 4.232E-20 5.185E-20 5.769E-20 5.434E-20 4.901E-20 5.418E-20 5.462E-20 5.655E-20 6.955E-20
 8.515E-20 9.787E-20 1.067E-19 1.237E-19 1.030E-19 5.087E-20 3.480E-20 3.870E-20 3.293E-20 3.366E-20
 3.941E-20 3.116E-20 3.080E-20 4.505E-20 5.231E-20 4.749E-20 3.780E-20 3.158E-20 4.386E-20 5.941E-20
 4.803E-20 3.882E-20 5.303E-20 7.450E-20 8.195E-20 9.473E-20 1.105E-19 8.924E-20 5.805E-20 3.724E-20
 2.878E-20 3.172E-20 3.960E-20 4.552E-20 4.542E-20 4.839E-20 4.376E-20 4.374E-20 4.901E-20 4.252E-20
 3.740E-20 5.203E-20 6.705E-20 6.193E-20 6.447E-20 7.563E-20 7.743E-20 7.541E-20 9.084E-20 1.014E-19
 7.620E-20 5.128E-20 4.224E-20 3.608E-20 3.120E-20 3.896E-20 4.249E-20 2.919E-20 2.820E-20 3.473E-20
 3.408E-20 3.449E-20 4.427E-20 5.430E-20 6.130E-20 6.264E-20 5.746E-20 5.805E-20 5.778E-20 5.975E-20
 6.590E-20 8.611E-20 1.031E-19 7.374E-20 4.224E-20 3.977E-20 3.870E-20 4.144E-20 4.653E-20 3.971E-20
 2.859E-20 2.781E-20 4.313E-20 5.445E-20 3.852E-20 2.422E-20 3.403E-20 4.302E-20 4.612E-20 5.507E-20
 6.453E-20 7.256E-20 7.035E-20 5.596E-20 5.923E-20 6.386E-20 3.878E-20 2.199E-20 2.945E-20 3.360E-20
 3.122E-20 3.620E-20 4.560E-20 4.318E-20 4.120E-20 4.598E-20 4.306E-20 3.540E-20 2.988E-20 4.029E-20
 5.786E-20 5.760E-20 5.868E-20 6.921E-20 6.286E-20 5.165E-20 6.919E-20 1.043E-19 1.028E-19 5.344E-20
 2.139E-20 3.048E-20 4.159E-20 3.695E-20 2.887E-20 2.793E-20 2.737E-20 3.580E-20 5.115E-20 4.973E-20
 4.007E-20 3.566E-20 4.088E-20 4.989E-20 4.872E-20 4.724E-20 4.778E-20 4.222E-20 3.857E-20 4.513E-20
 6.543E-20 7.120E-20 4.569E-20 2.603E-20 1.712E-20 6.594E-21 9.113E-21 2.705E-20 3.977E-20 3.404E-20
 2.918E-20 3.177E-20 3.491E-20 4.172E-20 4.198E-20 3.696E-20 3.879E-20 3.405E-20 2.633E-20 3.838E-20
 4.627E-20 4.943E-20 7.425E-20 9.021E-20 7.086E-20 3.664E-20 2.198E-20 2.190E-20 2.037E-20 2.761E-20
 3.376E-20 3.452E-20 3.874E-20 3.681E-20 3.420E-20 4.580E-20 4.981E-20 4.245E-20 4.343E-20 4.555E-20
 4.737E-20 4.403E-20 3.932E-20 4.988E-20 6.781E-20 8.694E-20 9.223E-20 6.574E-20 4.162E-20 3.715E-20
 2.664E-20 2.356E-20 3.002E-20 2.908E-20 3.005E-20 3.179E-20 2.801E-20 2.422E-20 2.873E-20 3.201E-20
 2.896E-20 3.671E-20 5.738E-20 6.322E-20 4.273E-20 3.170E-20 3.970E-20 4.113E-20 4.072E-20 4.189E-20
 3.251E-20 1.941E-20 1.617E-21 0.000E+00 6.677E-21 2.609E-20 3.248E-20 2.495E-20 1.828E-20 8.451E-21
 0.000E+00 0.000E+00 1.067E-20 2.592E-20 2.953E-20 2.551E-20 2.544E-20 2.208E-20 2.087E-20 3.706E-20
 4.621E-20 4.686E-20 5.876E-20 5.734E-20 5.223E-20 5.233E-20 3.853E-20 2.810E-20 2.510E-20 2.392E-20
 2.568E-20 1.596E-20 2.460E-21 8.311E-21 1.481E-20 1.724E-20 3.340E-20 4.335E-20 4.019E-20 3.363E-20
 2.372E-20 2.520E-20 4.231E-20 5.393E-20 6.450E-20 7.228E-20 5.115E-20 1.870E-20 7.918E-21 1.574E-20
 2.016E-20 1.360E-20 8.146E-21 1.228E-20 1.864E-20 3.154E-20 4.333E-20 4.360E-20 5.098E-20 5.088E-20
 4.461E-20 4.920E-20 4.824E-20 4.175E-20 4.244E-20 5.066E-20 4.989E-20 4.889E-20 5.524E-20 4.423E-20
 2.724E-20 2.926E-20 2.933E-20 1.816E-20 9.553E-21 3.572E-21 1.196E-20 2.267E-20 2.119E-20 1.369E-20
 5.667E-21 1.206E-20 1.888E-20 1.643E-20 1.436E-20 1.600E-20 2.294E-20 2.406E-20 1.580E-20 1.636E-20
 3.194E-20 4.170E-20 3.950E-20 2.911E-20 1.535E-20 1.381E-20 1.671E-20 1.042E-20 1.235E-20 2.846E-20
 3.372E-20 2.704E-20 2.668E-20 2.924E-20 2.731E-20 2.822E-20 2.874E-20 1.741E-20 5.046E-21 8.741E-21
 2.311E-20 3.222E-20 3.720E-20 3.724E-20 2.589E-20 2.157E-20 3.117E-20 3.131E-20 2.143E-20 1.704E-20
 1.547E-20 1.090E-20 8.924E-21 1.879E-20 2.574E-20 2.633E-20 3.238E-20 3.315E-20 2.913E-20 2.173E-20
 1.572E-20 2.532E-20 4.103E-20 3.495E-20 2.279E-20 4.043E-20 4.875E-20 3.330E-20 2.821E-20 2.885E-20
 2.754E-20 2.496E-20 2.168E-20 2.588E-20 4.073E-20 4.256E-20 2.865E-20 3.109E-20 4.529E-20 4.469E-20
 3.090E-20 1.516E-20 3.486E-21 1.019E-20 3.385E-20 4.818E-20 2.950E-20 3.623E-21 3.048E-21 1.539E-20
 2.197E-20 1.461E-20 1.613E-20 2.467E-20 2.720E-20 2.758E-20 1.571E-20 4.090E-21 4.130E-23 1.122E-20
 2.990E-20 3.554E-20 3.199E-20 1.911E-20 7.752E-21 1.303E-20 2.378E-20 1.793E-20 1.245E-20 2.547E-20
 3.625E-20 3.961E-20 4.148E-20 2.950E-20 1.176E-20 1.474E-20 1.775E-20 8.741E-21 1.123E-20 1.905E-20
 2.299E-20 1.569E-20 7.150E-22 8.477E-21 2.302E-20 1.585E-20 4.550E-21 4.544E-21 1.754E-20 2.812E-20
 3.329E-20 4.421E-20 4.364E-20 3.488E-20 4.091E-20 5.079E-20 4.789E-20 3.392E-20 1.825E-20 1.449E-20
 1.917E-20 2.060E-20 1.969E-20 2.673E-20 3.442E-20 2.143E-20 7.056E-21 4.255E-21 7.550E-22 4.958E-21
 1.531E-20 2.157E-20 2.435E-20 2.487E-20 2.392E-20 2.204E-20 2.494E-20 3.949E-20 4.409E-20 2.478E-20
 1.862E-20 3.686E-20 3.654E-20 9.211E-21 0.000E+00 1.679E-20 2.964E-20 2.421E-20 9.701E-21 4.937E-21
 2.049E-20 2.704E-20 1.758E-20 1.486E-20 2.449E-20 3.723E-20 3.338E-20 2.296E-20 2.275E-20 2.236E-20
 2.185E-20 1.609E-20 2.982E-21 7.426E-21 2.436E-20 2.555E-20 1.331E-20 8.621E-21 1.097E-20 8.909E-21
