    CF3CH3  580.0000  630.0000      3320     203.0    0.0000 9.615E-18  HITRAN    HFC-143a    air 31
 0.000E+00 0.000E+00 1.494E-20 2.475E-20 2.109E-20 0.000E+00 0.000E+00 0.000E+00 0.000E+00 0.000E+00
 0.000E+00 0.000E+00 4.562E-20 1.202E-19 1.558E-19 1.143E-19 6.499E-20 6.557E-20 4.415E-20 2.493E-20
 0.000E+00 0.000E+00 0.000E+00 2.447E-20 0.000E+00 0.000E+00 3.243E-20 4.318E-20 2.922E-20 2.865E-20
 4.171E-20 6.059E-20 1.068E-20 0.000E+00 0.000E+00 0.000E+00 0.000E+00 2.889E-20 1.124E-19 1.478E-19
 1.132E-19 5.948E-20 4.741E-20 7.032E-20 1.082E-19 9.006E-20 5.683E-20 8.280E-20 8.462E-20 5.758E-20
 2.952E-20 1.848E-20 7.835E-21 0.000E+00 0.000E+00 0.000E+00 5.160E-22 2.748E-20 4.947E-20 7.602E-20
 1.008E-19 5.572E-20 0.000E+00 0.000E+00 0.000E+00 7.319E-21 0.000E+00 0.000E+00 0.000E+00 0.000E+00
 1.243E-20 0.000E+00 0.000E+00 0.000E+00 0.000E+00 0.000E+00 0.000E+00 0.000E+00 0.000E+00 0.000E+00
 0.000E+00 1.454E-20 0.000E+00 0.000E+00 1.901E-20 7.987E-20 6.475E-20 4.291E-21 2.237E-21 7.582E-20
 1.011E-19 5.873E-20 6.878E-20 1.051E-19 1.084E-19 7.140E-20 4.140E-21 0.000E+00 4.879E-20 6.394E-20
 2.817E-20 3.553E-20 5.747E-20 5.685E-20 0.000E+00 0.000E+00 0.000E+00 3.281E-20 2.733E-20 0.000E+00
 0.000E+00 0.000E+00 0.000E+00 2.564E-20 5.934E-20 5.023E-20 0.000E+00 0.000E+00 5.029E-20 8.294E-20
 9.674E-20 1.286E-19 1.311E-19 5.518E-20 0.000E+00 6.597E-21 7.191E-20 8.122E-20 5.318E-20 1.960E-20
 0.000E+00 0.000E+00 3.036E-20 7.465E-20 4.250E-20 1.789E-20 4.403E-21 1.467E-20 1.261E-20 0.000E+00
 0.000E+00 0.000E+00 7.089E-21 5.957E-20 6.317E-20 5.250E-20 2.431E-20 0.000E+00 1.897E-21 6.815E-21
 3.416E-20 6.870E-20 9.167E-20 9.564E-20 8.097E-20 7.156E-20 5.406E-20 2.540E-20 0.000E+00 0.000E+00
 1.545E-20 4.697E-20 5.378E-20 1.999E-20 0.000E+00 0.000E+00 1.028E-20 4.956E-20 6.975E-20 4.189E-20
 4.392E-20 7.900E-20 8.263E-20 8.940E-20 9.313E-20 7.103E-20 2.678E-20 1.531E-20 6.472E-20 9.100E-20
 4.663E-20 0.000E+00 0.000E+00 0.000E+00 0.000E+00 0.000E+00 7.958E-20 1.040E-19 8.371E-20 5.228E-20
 4.033E-20 8.594E-20 8.746E-20 3.144E-20 2.717E-21 4.249E-20 8.856E-20 4.917E-20 0.000E+00 0.000E+00
 3.872E-20 8.827E-20 5.371E-20 2.520E-20 6.294E-20 6.522E-20 3.168E-20 1.340E-20 1.143E-20 5.073E-20
 7.063E-20 2.716E-20 0.000E+00 3.346E-21 4.542E-20 7.616E-20 8.847E-20 6.247E-20 1.556E-20 9.795E-21
 3.057E-20 3.178E-20 2.418E-20 2.064E-20 1.043E-20 2.301E-20 4.899E-20 1.888E-20 0.000E+00 0.000E+00
 0.000E+00 0.000E+00 4.612E-20 3.751E-20 3.439E-20 5.425E-20 7.839E-20 1.279E-19 1.350E-19 1.152E-19
 1.014E-19 5.603E-20 3.996E-20 7.158E-20 6.883E-20 2.576E-20 4.301E-20 9.936E-20 9.334E-20 5.970E-20
 5.443E-20 2.690E-20 0.000E+00 0.000E+00 0.000E+00 0.000E+00 2.333E-20 2.206E-20 1.179E-20 0.000E+00
 0.000E+00 9.833E-21 1.305E-19 1.374E-19 3.893E-20 0.000E+00 0.000E+00 0.000E+00 0.000E+00 0.000E+00
 5.175E-21 3.080E-20 1.183E-20 0.000E+00 5.943E-21 4.171E-20 3.842E-20 2.486E-20 5.019E-20 6.406E-20
 4.048E-20 2.103E-20 0.000E+00 0.000E+00 6.475E-20 1.339E-19 1.020E-19 6.221E-20 3.083E-20 4.045E-20
 6.098E-20 5.789E-20 6.517E-20 4.807E-20 3.457E-20 3.896E-20 4.001E-20 5.185E-20 8.386E-20 7.777E-20
 1.951E-20 6.590E-21 1.893E-21 0.000E+00 1.818E-20 3.079E-20 3.627E-21 0.000E+00 2.785E-20 8.787E-20
 1.163E-19 9.123E-20 2.250E-20 0.000E+00 5.430E-21 1.352E-20 0.000E+00 0.000E+00 0.000E+00 0.000E+00
 0.000E+00 6.014E-20 6.721E-20 4.191E-20 3.897E-20 7.411E-21 0.000E+00 3.518E-20 1.077E-19 1.474E-19
 1.472E-19 1.542E-19 1.441E-19 8.452E-20 1.765E-20 0.000E+00 0.000E+00 7.437E-21 1.958E-20 0.000E+00
 0.000E+00 0.000E+00 2.741E-20 4.969E-20 8.025E-20 8.177E-20 4.055E-20 3.156E-21 0.000E+00 0.000E+00
 1.677E-20 4.255E-20 8.446E-20 1.245E-19 1.331E-19 7.006E-20 3.496E-20 3.553E-20 0.000E+00 0.000E+00
 0.000E+00 0.000E+00 0.000E+00 1.524E-20 4.050E-20 7.178E-20 7.599E-20 7.743E-20 5.577E-20 2.235E-20
 3.465E-20 2.343E-20 0.000E+00 1.071E-20 8.438E-20 1.003E-19 7.686E-20 9.184E-20 6.318E-20 8.946E-21
 0.000E+00 0.000E+00 0.000E+00 0.000E+00 1.157E-20 0.000E+00 2.209E-20 3.343E-20 1.979E-20 0.000E+00
 0.000E+00 1.342E-20 5.716E-20 6.370E-20 4.236E-20 2.163E-20 1.632E-20 2.458E-20 6.808E-20 1.497E-19
 1.294E-19 4.681E-20 2.303E-20 2.372E-20 5.298E-20 1.012E-19 1.268E-19 9.379E-20 6.287E-20 8.497E-20
 1.005E-19 5.345E-20 6.193E-21 5.318E-20 8.600E-20 6.238E-20 9.095E-20 1.374E-19 1.159E-19 9.388E-20
 7.865E-20 5.420E-20 1.137E-19 1.161E-19 8.907E-21 0.000E+00 6.790E-23 0.000E+00 0.000E+00 0.000E+00
 0.000E+00 1.859E-20 9.631E-20 7.604E-20 2.298E-20 0.000E+00 0.000E+00 1.693E-20 4.244E-20 4.443E-20
 7.991E-20 1.187E-19 1.383E-19 1.433E-19 1.579E-19 2.016E-19 1.732E-19 5.344E-20 0.000E+00 0.000E+00
 0.000E+00 0.000E+00 0.000E+00 1.133E-20 2.824E-20 1.953E-21 5.979E-21 3.443E-20 5.314E-20 6.823E-20
 7.585E-20 6.120E-20 1.884E-20 2.306E-21 5.457E-20 1.337E-19 1.950E-19 2.243E-19 2.080E-19 1.353E-19
 4.317E-20 4.063E-21 1.810E-20 3.105E-20 2.109E-20 0.000E+00 0.000E+00 0.000E+00 0.000E+00 6.975E-20
 1.194E-19 1.129E-19 1.104E-19 1.013E-19 7.582E-20 3.753E-20 2.269E-20 5.836E-20 1.117E-19 1.578E-19
 1.949E-19 1.889E-19 1.114E-19 3.910E-20 1.704E-20 1.188E-20 8.557E-21 1.275E-20 0.000E+00 0.000E+00
 0.000E+00 0.000E+00 1.772E-21 3.826E-20 2.314E-20 0.000E+00 0.000E+00 0.000E+00 1.686E-20 1.070E-20
 9.302E-21 5.039E-20 1.161E-19 2.017E-19 2.054E-19 9.484E-20 3.290E-20 2.439E-20 1.211E-20 2.650E-20
 4.413E-20 1.732E-20 0.000E+00 0.000E+00 5.200E-21 2.381E-20 4.686E-20 5.300E-20 5.408E-20 5.251E-20
 4.690E-20 7.861E-20 8.679E-20 7.127E-20 7.614E-20 8.108E-20 1.989E-19 2.642E-19 1.196E-19 0.000E+00
 0.000E+00 0.000E+00 0.000E+00 0.000E+00 2.571E-20 5.786E-20 4.332E-21 0.000E+00 0.000E+00 0.000E+00
 0.000E+00 0.000E+00 9.321E-21 4.708E-20 9.567E-20 1.148E-19 1.002E-19 1.355E-19 2.232E-19 3.188E-19
 2.832E-19 1.207E-19 1.537E-20 1.515E-20 7.505E-20 1.021E-19 7.441E-20 3.393E-20 7.784E-21 1.583E-20
 3.683E-20 5.214E-20 5.927E-20 5.096E-20 4.169E-20 3.786E-20 1.444E-20 2.406E-20 6.157E-20 6.658E-20
 7.064E-20 1.254E-19 2.120E-19 1.773E-19 7.467E-20 4.486E-20 2.226E-20 1.748E-20 3.478E-20 1.976E-20
 0.000E+00 0.000E+00 0.000E+00 0.000E+00 0.000E+00 0.000E+00 2.524E-20 7.081E-20 9.277E-20 8.231E-20
 8.140E-20 9.230E-20 1.127E-19 1.459E-19 2.294E-19 3.274E-19 2.323E-19 7.047E-20 4.719E-20 3.728E-20
 1.693E-20 2.966E-20 0.000E+00 0.000E+00 0.000E+00 2.890E-20 4.181E-20 2.704E-20 7.158E-21 1.959E-20
 4.030E-20 2.611E-20 3.800E-20 9.931E-20 1.047E-19 6.528E-20 9.220E-20 2.573E-19 4.124E-19 3.138E-19
 1.177E-19 1.915E-20 0.000E+00 0.000E+00 6.019E-21 4.492E-20 5.194E-20 1.391E-20 0.000E+00 0.000E+00
 2.947E-20 8.804E-20 1.043E-19 6.326E-20 2.469E-20 4.394E-20 1.171E-19 1.512E-19 1.565E-19 2.097E-19
 3.066E-19 3.358E-19 1.778E-19 3.794E-20 7.530E-20 1.070E-19 6.402E-20 1.033E-20 0.000E+00 0.000E+00
 2.344E-20 3.811E-20 2.935E-20 0.000E+00 0.000E+00 1.655E-20 3.048E-20 1.178E-20 1.118E-20 4.691E-20
 9.605E-20 1.603E-19 2.315E-19 2.961E-19 2.928E-19 1.459E-19 3.147E-20 4.026E-20 4.038E-20 2.475E-20
 2.571E-20 2.311E-20 2.509E-20 3.468E-20 3.965E-20 7.523E-20 1.006E-19 8.721E-20 7.160E-20 4.825E-20
 4.333E-20 4.435E-20 4.306E-20 6.898E-20 1.383E-19 2.653E-19 4.260E-19 4.171E-19 1.836E-19 2.903E-20
 1.792E-20 3.989E-20 4.015E-20 1.725E-20 9.558E-21 0.000E+00 0.000E+00 2.565E-20 2.004E-20 2.645E-20
 6.558E-20 8.201E-20 5.525E-20 3.870E-20 5.218E-20 8.069E-20 1.066E-19 1.583E-19 2.631E-19 4.218E-19
 4.195E-19 2.179E-19 1.405E-19 1.399E-19 9.028E-20 5.758E-20 2.822E-20 1.037E-20 3.339E-20 6.953E-20
 8.347E-20 8.730E-20 1.132E-19 1.374E-19 8.405E-20 1.867E-20 2.941E-20 6.034E-20 3.336E-20 3.546E-20
 1.358E-19 2.450E-19 3.812E-19 3.624E-19 1.370E-19 1.606E-20 8.826E-21 1.506E-20 1.003E-20 0.000E+00
 0.000E+00 2.447E-20 9.111E-20 9.971E-20 5.419E-20 1.421E-20 3.472E-20 4.519E-20 3.315E-21 0.000E+00
 4.896E-20 8.183E-20 6.442E-20 1.278E-19 2.770E-19 4.242E-19 3.200E-19 1.030E-19 6.153E-20 5.986E-20
 5.110E-20 6.528E-20 4.883E-20 4.614E-21 0.000E+00 2.285E-20 4.141E-20 7.472E-20 6.134E-20 1.813E-20
 3.134E-20 7.483E-20 7.196E-20 3.689E-20 3.568E-20 9.225E-20 1.704E-19 2.982E-19 4.266E-19 3.116E-19
 1.132E-19 8.393E-20 8.152E-20 6.111E-20 5.357E-20 3.073E-20 2.446E-20 4.236E-20 4.104E-20 3.035E-20
 2.789E-20 2.839E-20 4.361E-20 5.142E-20 6.774E-20 6.880E-20 3.041E-20 1.408E-20 5.632E-20 1.556E-19
 3.210E-19 4.488E-19 3.055E-19 9.817E-20 7.221E-20 4.630E-20 2.052E-20 3.410E-20 4.980E-22 0.000E+00
 0.000E+00 0.000E+00 0.000E+00 2.891E-21 6.954E-21 6.932E-21 2.450E-20 2.084E-20 1.704E-20 3.804E-20
 2.111E-20 5.261E-20 2.080E-19 4.341E-19 5.443E-19 3.320E-19 1.004E-19 8.124E-20 9.885E-20 9.101E-20
 9.125E-20 8.061E-20 3.158E-20 8.679E-21 4.018E-20 7.789E-20 8.067E-20 7.632E-20 8.015E-20 6.681E-20
 4.478E-20 3.496E-20 3.024E-20 1.599E-20 8.931E-20 2.397E-19 4.507E-19 5.645E-19 3.290E-19 7.996E-20
 5.699E-20 7.155E-20 7.208E-20 4.955E-20 1.719E-21 0.000E+00 2.560E-20 4.348E-20 5.327E-20 6.950E-20
 8.978E-20 6.922E-20 1.626E-20 0.000E+00 0.000E+00 4.670E-21 2.066E-20 5.734E-20 1.782E-19 4.160E-19
 5.248E-19 3.245E-19 1.425E-19 1.183E-19 1.018E-19 1.005E-19 1.044E-19 6.735E-20 3.393E-20 4.699E-20
 8.577E-20 1.044E-19 1.057E-19 9.429E-20 7.123E-20 4.999E-20 5.167E-20 5.771E-20 1.103E-20 0.000E+00
 6.129E-20 1.887E-19 4.173E-19 4.824E-19 2.226E-19 3.456E-20 3.463E-20 3.994E-20 6.165E-20 8.906E-20
 6.273E-20 0.000E+00 0.000E+00 0.000E+00 0.000E+00 5.838E-20 8.748E-20 8.203E-20 6.631E-20 3.965E-20
 4.995E-20 5.584E-20 2.317E-20 5.699E-20 2.328E-19 4.991E-19 5.296E-19 2.447E-19 8.691E-20 1.114E-19
 1.135E-19 6.928E-20 6.531E-21 0.000E+00 3.399E-21 1.098E-20 2.576E-21 1.404E-20 6.037E-20 7.376E-20
 3.975E-20 7.594E-21 0.000E+00 0.000E+00 1.877E-20 1.002E-20 3.903E-20 1.903E-19 4.536E-19 4.682E-19
 2.069E-19 9.073E-20 8.939E-20 8.559E-20 6.665E-20 3.019E-20 0.000E+00 0.000E+00 0.000E+00 0.000E+00
 1.935E-20 3.411E-20 5.909E-20 6.860E-20 7.743E-20 1.165E-19 1.152E-19 9.639E-20 1.220E-19 1.814E-19
 3.152E-19 5.233E-19 4.726E-19 1.873E-19 6.699E-20 5.000E-20 4.081E-20 4.682E-20 3.377E-20 0.000E+00
 0.000E+00 7.709E-21 4.708E-20 2.648E-20 3.887E-20 3.547E-20 0.000E+00 2.226E-21 8.155E-21 0.000E+00
 0.000E+00 3.246E-21 3.612E-20 1.994E-19 4.793E-19 4.470E-19 1.601E-19 7.263E-20 9.889E-20 7.360E-20
 1.996E-20 9.824E-21 5.948E-20 7.888E-20 8.643E-20 1.028E-19 8.269E-20 6.338E-20 9.498E-20 1.120E-19
 5.954E-20 3.643E-20 6.931E-20 4.235E-20 1.994E-20 5.892E-20 2.069E-19 4.398E-19 3.746E-19 9.330E-20
 0.000E+00 4.262E-20 6.820E-20 3.626E-20 0.000E+00 0.000E+00 0.000E+00 0.000E+00 0.000E+00 0.000E+00
 0.000E+00 1.108E-20 1.280E-20 3.639E-20 8.924E-20 1.321E-19 1.236E-19 8.711E-20 8.370E-20 2.590E-19
 5.271E-19 4.443E-19 1.649E-19 9.296E-20 1.294E-19 1.377E-19 1.067E-19 7.271E-20 4.007E-20 2.612E-20
 4.195E-20 4.038E-20 4.260E-20 4.972E-20 3.577E-20 1.579E-20 2.865E-20 6.739E-20 5.670E-20 3.363E-21
 0.000E+00 1.093E-20 2.092E-19 4.626E-19 3.716E-19 1.152E-19 4.130E-20 5.896E-20 7.265E-20 6.546E-20
 3.238E-20 3.782E-21 1.311E-20 5.490E-20 8.745E-20 8.418E-20 9.116E-20 1.246E-19 1.391E-19 1.237E-19
 7.997E-20 4.730E-20 3.643E-20 5.788E-20 1.061E-19 2.727E-19 4.898E-19 3.964E-19 1.651E-19 8.892E-20
 7.344E-20 6.460E-20 4.849E-20 3.395E-20 2.914E-20 3.261E-20 2.102E-20 0.000E+00 0.000E+00 0.000E+00
 1.191E-20 1.330E-20 1.481E-20 3.512E-20 4.652E-20 1.914E-20 1.860E-20 7.664E-20 2.769E-19 4.872E-19
 3.432E-19 9.983E-20 7.259E-20 1.233E-19 1.253E-19 7.757E-20 4.258E-20 3.538E-20 3.789E-20 2.555E-20
 2.638E-20 4.145E-20 6.789E-20 1.097E-19 9.805E-20 5.684E-20 4.831E-20 3.429E-20 0.000E+00 8.246E-21
 6.096E-20 2.578E-19 4.543E-19 3.065E-19 1.030E-19 6.571E-20 4.641E-20 4.343E-20 4.689E-20 9.121E-21
 0.000E+00 0.000E+00 0.000E+00 0.000E+00 2.281E-20 2.526E-20 2.000E-20 4.210E-21 0.000E+00 0.000E+00
 0.000E+00 1.612E-20 6.226E-20 1.219E-19 2.973E-19 4.603E-19 3.132E-19 1.120E-19 9.764E-20 1.334E-19
 1.086E-19 6.671E-20 7.521E-20 7.839E-20 5.746E-20 5.981E-20 9.360E-20 9.745E-20 7.010E-20 3.762E-20
 2.108E-20 3.405E-20 2.794E-20 2.037E-20 1.992E-20 5.816E-21 2.409E-20 2.161E-19 3.811E-19 2.261E-19
 4.546E-20 2.065E-20 3.643E-20 2.129E-20 0.000E+00 1.075E-20 2.468E-20 1.428E-20 6.544E-21 1.435E-20
 1.291E-20 1.888E-20 5.110E-20 5.675E-20 3.279E-20 2.006E-20 3.162E-20 9.925E-21 0.000E+00 6.544E-21
 1.679E-19 3.071E-19 1.816E-19 6.172E-20 6.784E-20 8.471E-20 8.708E-20 6.874E-20 7.350E-20 6.275E-20
 4.250E-20 3.921E-20 2.980E-20 2.060E-20 1.634E-20 7.790E-22 6.563E-21 2.181E-20 1.688E-20 3.039E-20
 2.790E-20 1.357E-20 2.002E-20 1.445E-19 2.689E-19 1.646E-19 6.654E-20 9.229E-20 1.066E-19 6.311E-20
 0.000E+00 0.000E+00 9.387E-21 2.903E-20 1.653E-20 1.648E-20 3.649E-20 4.066E-20 3.270E-20 3.545E-20
 4.622E-20 6.045E-20 6.225E-20 2.392E-20 0.000E+00 1.142E-20 1.636E-19 2.610E-19 1.461E-19 6.104E-20
 6.872E-20 5.925E-20 1.140E-20 0.000E+00 3.382E-20 4.727E-20 4.117E-20 2.702E-20 4.644E-21 1.583E-21
 9.825E-21 1.041E-20 1.982E-20 4.800E-20 5.744E-20 4.609E-20 2.414E-20 0.000E+00 0.000E+00 1.297E-19
 2.139E-19 1.050E-19 2.365E-20 4.705E-20 6.763E-20 3.623E-20 0.000E+00 0.000E+00 9.456E-21 1.403E-20
 2.135E-20 6.004E-20 6.638E-20 4.391E-20 3.705E-20 3.169E-20 3.517E-20 5.746E-20 7.621E-20 6.075E-20
 2.658E-20 3.265E-20 1.571E-19 2.261E-19 1.270E-19 6.847E-20 4.776E-20 2.695E-20 2.335E-20 1.418E-20
 8.538E-21 0.000E+00 0.000E+00 0.000E+00 3.521E-20 5.980E-20 6.658E-20 5.854E-20 5.336E-20 7.577E-20
 6.392E-20 2.970E-20 6.941E-21 2.287E-20 8.079E-20 1.813E-19 2.298E-19 1.390E-19 6.520E-20 6.876E-20
 8.377E-20 8.063E-20 5.879E-20 3.873E-20 3.327E-20 3.852E-20 4.494E-20 7.689E-20 9.839E-20 8.200E-20
 5.902E-20 3.381E-20 1.436E-20 1.542E-20 1.232E-20 1.419E-20 4.186E-20 6.723E-20 1.278E-19 1.570E-19
 1.018E-19 7.292E-20 7.483E-20 6.471E-20 2.027E-20 0.000E+00 1.930E-20 4.968E-20 5.485E-20 6.447E-20
 9.502E-20 7.959E-20 2.327E-20 0.000E+00 1.952E-21 3.689E-20 6.668E-20 7.032E-20 6.477E-20 6.645E-20
 7.520E-20 1.206E-19 1.493E-19 1.183E-19 9.391E-20 7.403E-20 6.575E-20 5.992E-20 4.332E-20 4.530E-20
 3.535E-20 2.482E-20 4.406E-20 6.193E-20 8.624E-20 1.699E-19 2.502E-19 2.173E-19 1.396E-19 1.027E-19
 5.895E-20 2.662E-20 3.293E-20 3.979E-20 6.674E-20 5.681E-20 9.388E-21 4.678E-20 1.217E-19 1.296E-19
 8.309E-20 5.659E-20 8.809E-20 1.686E-19 2.912E-19 4.837E-19 6.404E-19 5.483E-19 3.265E-19 1.891E-19
 1.232E-19 6.729E-20 2.184E-20 3.538E-20 5.409E-20 3.979E-20 5.590E-20 9.114E-20 7.017E-20 1.878E-20
 1.971E-20 4.080E-20 2.109E-20 0.000E+00 1.401E-20 2.935E-20 1.809E-20 2.214E-20 4.065E-20 8.490E-20
 1.133E-19 1.032E-19 6.738E-20 1.882E-20 6.133E-21 9.879E-21 0.000E+00 0.000E+00 0.000E+00 0.000E+00
 3.098E-20 3.715E-20 1.552E-20 1.505E-20 3.218E-20 5.679E-20 6.073E-20 2.616E-20 1.762E-20 5.972E-20
 9.024E-20 8.291E-20 6.175E-20 6.033E-20 5.502E-20 4.644E-20 6.643E-20 6.255E-20 4.399E-20 5.095E-20
 6.283E-20 7.883E-20 1.034E-19 1.366E-19 1.659E-19 1.864E-19 2.329E-19 2.606E-19 1.773E-19 5.307E-20
 0.000E+00 0.000E+00 1.031E-21 3.876E-21 0.000E+00 0.000E+00 0.000E+00 0.000E+00 7.068E-21 5.916E-20
 7.554E-20 5.446E-20 6.765E-20 6.900E-20 5.290E-20 6.145E-20 8.679E-20 8.908E-20 6.974E-20 7.133E-20
 8.693E-20 1.172E-19 1.107E-19 8.205E-20 7.846E-20 7.791E-20 5.578E-20 3.658E-20 4.222E-20 4.309E-20
 5.842E-20 5.981E-20 5.098E-20 4.982E-20 3.531E-20 5.235E-21 1.540E-20 5.611E-20 3.488E-20 2.969E-21
 5.108E-21 4.483E-20 6.255E-20 7.806E-20 1.093E-19 1.269E-19 1.499E-19 1.566E-19 2.033E-19 2.798E-19
 3.858E-19 5.030E-19 6.559E-19 8.796E-19 1.220E-18 1.665E-18 2.198E-18 2.821E-18 3.591E-18 4.967E-18
 7.109E-18 9.615E-18 8.915E-18 3.995E-18 5.220E-19 0.000E+00 0.000E+00 0.000E+00 0.000E+00 0.000E+00
 0.000E+00 0.000E+00 0.000E+00 0.000E+00 0.000E+00 0.000E+00 0.000E+00 0.000E+00 0.000E+00 0.000E+00
 0.000E+00 0.000E+00 0.000E+00 0.000E+00 0.000E+00 0.000E+00 0.000E+00 0.000E+00 0.000E+00 0.000E+00
 0.000E+00 9.814E-21 0.000E+00 1.108E-20 2.051E-20 0.000E+00 0.000E+00 1.087E-21 2.069E-20 3.240E-20
 4.192E-20 5.598E-20 4.137E-20 1.089E-21 0.000E+00 0.000E+00 1.186E-20 2.347E-20 3.734E-20 3.658E-20
 2.431E-20 1.262E-20 1.401E-20 2.210E-20 3.607E-20 3.289E-20 9.681E-21 0.000E+00 0.000E+00 0.000E+00
 0.000E+00 1.753E-21 0.000E+00 0.000E+00 0.000E+00 2.067E-20 2.488E-20 9.837E-21 0.000E+00 0.000E+00
 1.833E-20 3.972E-20 6.178E-20 7.697E-20 7.792E-20 7.164E-20 6.388E-20 4.586E-20 2.222E-20 1.105E-20
 2.971E-20 5.297E-20 4.455E-20 3.724E-20 4.655E-20 3.529E-20 0.000E+00 0.000E+00 0.000E+00 0.000E+00
 3.165E-21 1.453E-20 0.000E+00 0.000E+00 8.911E-21 3.474E-21 0.000E+00 0.000E+00 0.000E+00 0.000E+00
 7.420E-21 2.874E-20 4.622E-20 3.782E-20 2.943E-20 4.585E-20 8.149E-20 1.225E-19 1.673E-19 1.978E-19
 2.495E-19 3.137E-19 3.787E-19 4.693E-19 5.919E-19 8.316E-19 1.187E-18 1.411E-18 1.431E-18 1.518E-18
 1.397E-18 7.619E-19 2.021E-19 1.115E-20 0.000E+00 0.000E+00 0.000E+00 0.000E+00 0.000E+00 0.000E+00
 2.906E-20 2.591E-20 4.308E-21 0.000E+00 1.575E-20 8.433E-21 0.000E+00 0.000E+00 0.000E+00 0.000E+00
 2.678E-20 2.608E-20 8.469E-21 0.000E+00 0.000E+00 0.000E+00 0.000E+00 1.357E-20 3.978E-20 2.019E-20
 0.000E+00 0.000E+00 9.866E-21 4.883E-20 8.405E-20 1.032E-19 1.002E-19 7.704E-20 7.702E-20 9.168E-20
 8.746E-20 9.518E-20 1.316E-19 1.570E-19 1.239E-19 9.584E-20 9.975E-20 9.375E-20 8.285E-20 6.347E-20
 5.229E-20 4.581E-20 6.267E-20 8.084E-20 5.025E-20 5.139E-20 9.818E-20 1.444E-19 1.708E-19 1.418E-19
 7.786E-20 2.298E-20 0.000E+00 0.000E+00 1.765E-20 5.220E-20 1.047E-19 8.651E-20 3.816E-20 4.227E-20
 5.262E-20 3.825E-20 2.399E-20 3.677E-20 4.915E-20 6.078E-20 8.141E-20 7.747E-20 5.334E-20 6.012E-20
 7.163E-20 5.664E-20 5.705E-20 4.795E-20 2.746E-20 3.251E-20 5.885E-20 9.129E-20 1.593E-19 2.010E-19
 1.143E-19 2.869E-20 2.960E-20 6.346E-20 1.107E-19 1.315E-19 7.970E-20 2.008E-20 1.265E-20 7.309E-21
 7.160E-22 0.000E+00 0.000E+00 0.000E+00 0.000E+00 0.000E+00 0.000E+00 1.081E-21 8.164E-21 8.842E-21
 2.593E-20 1.390E-19 2.468E-19 1.766E-19 8.705E-20 6.174E-20 5.621E-20 5.669E-20 4.824E-20 5.084E-20
 5.146E-20 3.713E-20 4.807E-20 8.707E-20 8.149E-20 7.586E-20 1.242E-19 1.452E-19 1.136E-19 8.350E-20
 5.977E-20 2.551E-20 8.192E-21 2.838E-20 1.486E-19 2.447E-19 1.403E-19 3.266E-20 1.766E-20 2.208E-20
 3.545E-20 2.935E-20 3.445E-20 5.068E-20 6.294E-20 6.934E-20 7.104E-20 8.249E-20 9.193E-20 9.664E-20
 9.687E-20 9.446E-20 1.027E-19 1.181E-19 1.195E-19 1.077E-19 1.382E-19 2.975E-19 3.856E-19 2.226E-19
 7.915E-20 6.890E-20 7.449E-20 6.985E-20 6.442E-20 4.549E-20 3.176E-20 4.874E-20 6.600E-20 7.362E-20
 5.292E-20 2.802E-20 3.617E-21 0.000E+00 7.390E-21 0.000E+00 6.953E-21 1.283E-20 7.394E-21 3.437E-20
 1.953E-19 2.994E-19 1.514E-19 2.947E-20 2.926E-20 5.851E-20 6.835E-20 5.741E-20 5.006E-20 4.131E-20
 5.455E-20 6.525E-20 7.782E-20 7.139E-20 4.890E-20 4.311E-20 3.982E-20 4.109E-20 6.363E-20 8.012E-20
 7.236E-20 6.255E-20 9.948E-20 2.968E-19 3.870E-19 1.918E-19 5.156E-20 2.721E-20 1.392E-20 3.646E-21
 0.000E+00 1.484E-20 4.160E-20 6.938E-20 8.317E-20 7.268E-20 3.629E-20 5.739E-21 2.948E-21 1.591E-20
 8.402E-21 0.000E+00 0.000E+00 0.000E+00 2.989E-21 8.437E-20 3.130E-19 4.146E-19 2.157E-19 7.464E-20
 6.636E-20 5.363E-20 1.877E-20 0.000E+00 0.000E+00 9.708E-21 5.931E-20 7.416E-20 5.940E-20 5.864E-20
 5.456E-20 4.148E-20 5.539E-20 4.541E-20 3.716E-20 5.334E-20 3.639E-20 2.287E-20 1.131E-19 3.670E-19
 4.263E-19 1.595E-19 7.876E-21 3.858E-20 5.433E-20 2.609E-20 2.239E-20 4.852E-20 4.509E-20 2.817E-20
 5.118E-20 6.865E-20 3.841E-20 3.607E-20 5.182E-20 5.081E-20 3.759E-20 3.999E-20 5.128E-20 4.911E-20
 4.916E-20 1.434E-19 4.175E-19 4.796E-19 2.178E-19 7.730E-20 9.290E-20 7.648E-20 2.299E-20 2.869E-20
 6.034E-20 7.712E-20 9.186E-20 6.734E-20 4.854E-20 4.164E-20 2.383E-20 1.338E-21 4.686E-21 1.619E-20
 1.293E-20 2.750E-20 2.641E-20 3.458E-21 1.019E-19 3.811E-19 4.335E-19 1.720E-19 4.428E-20 6.434E-20
 6.087E-20 1.032E-20 0.000E+00 0.000E+00 0.000E+00 2.470E-20 3.844E-20 3.152E-20 2.790E-20 3.031E-20
 2.348E-20 6.078E-21 0.000E+00 3.648E-20 8.276E-20 5.881E-20 4.579E-20 1.958E-19 5.087E-19 5.368E-19
 2.470E-19 1.110E-19 1.049E-19 7.962E-20 4.529E-20 3.173E-20 4.006E-20 4.229E-20 1.393E-20 0.000E+00
 0.000E+00 5.521E-21 9.419E-21 0.000E+00 0.000E+00 0.000E+00 1.047E-20 3.421E-20 3.905E-20 5.398E-20
 2.081E-19 4.927E-19 4.666E-19 1.922E-19 1.083E-19 1.029E-19 7.616E-20 5.600E-20 5.006E-20 4.923E-20
 4.474E-20 4.980E-20 5.062E-20 5.763E-20 6.199E-20 7.241E-20 6.408E-20 3.888E-20 4.389E-20 7.679E-20
 8.311E-20 7.534E-20 8.219E-20 2.100E-19 4.859E-19 4.663E-19 1.806E-19 7.478E-20 7.342E-20 4.661E-20
 2.721E-20 2.539E-20 1.259E-20 0.000E+00 2.041E-20 3.255E-20 8.520E-23 0.000E+00 0.000E+00 0.000E+00
 2.130E-22 2.031E-21 2.562E-20 2.938E-20 8.390E-22 3.476E-20 2.553E-19 5.699E-19 5.205E-19 2.087E-19
 8.319E-20 6.668E-20 4.058E-20 2.108E-20 9.271E-21 8.365E-21 1.199E-20 1.117E-20 2.797E-20 7.056E-20
 9.796E-20 8.945E-20 5.184E-20 4.588E-20 6.810E-20 8.628E-20 7.646E-20 5.497E-20 1.011E-19 2.969E-19
 5.463E-19 4.574E-19 1.722E-19 7.981E-20 4.814E-20 0.000E+00 0.000E+00 0.000E+00 0.000E+00 0.000E+00
 0.000E+00 2.404E-20 4.812E-20 5.244E-20 5.404E-20 3.374E-20 2.483E-20 4.384E-20 5.902E-20 4.147E-20
 3.491E-20 1.080E-19 3.402E-19 6.328E-19 5.364E-19 2.097E-19 9.491E-20 7.177E-20 3.105E-20 1.432E-20
 2.630E-20 3.999E-20 6.348E-20 5.420E-20 2.521E-20 2.116E-20 1.222E-20 2.620E-20 2.435E-20 2.075E-20
 4.289E-20 5.207E-20 2.026E-20 2.135E-21 8.132E-20 3.176E-19 6.062E-19 5.252E-19 2.112E-19 9.152E-20
 7.357E-20 4.089E-20 2.177E-20 3.577E-20 4.306E-20 3.236E-20 3.162E-20 5.545E-20 6.280E-20 3.489E-20
 3.199E-20 3.376E-20 2.778E-20 3.246E-20 4.992E-20 4.912E-20 7.051E-20 1.646E-19 3.844E-19 6.247E-19
 4.902E-19 1.723E-19 7.814E-20 8.008E-20 4.854E-20 1.568E-20 1.228E-20 1.770E-20 1.761E-20 9.978E-21
 1.244E-20 1.948E-20 7.951E-21 8.868E-21 2.281E-20 2.824E-20 1.729E-20 2.759E-20 3.759E-20 5.637E-20
 1.499E-19 3.759E-19 5.819E-19 4.120E-19 1.280E-19 8.526E-20 9.771E-20 5.119E-20 8.176E-21 1.083E-20
 2.994E-20 6.823E-20 1.035E-19 9.419E-20 5.835E-20 4.574E-20 5.808E-20 4.471E-20 5.023E-20 7.140E-20
 6.983E-20 6.802E-20 1.152E-19 2.061E-19 3.925E-19 5.770E-19 4.390E-19 2.020E-19 1.264E-19 6.517E-20
 0.000E+00 0.000E+00 0.000E+00 0.000E+00 0.000E+00 1.337E-20 5.248E-20 5.896E-20 3.768E-20 4.980E-20
 5.734E-20 4.302E-20 3.283E-20 4.585E-20 5.979E-20 9.861E-20 2.095E-19 4.337E-19 6.115E-19 4.341E-19
 1.773E-19 1.074E-19 7.974E-20 7.502E-20 7.186E-20 5.181E-20 4.311E-20 5.571E-20 7.349E-20 8.577E-20
 9.214E-20 6.685E-20 3.396E-20 2.197E-20 1.414E-20 1.251E-20 4.435E-20 7.673E-20 1.081E-19 1.787E-19
 3.663E-19 5.276E-19 3.440E-19 1.060E-19 8.136E-20 5.184E-20 0.000E+00 0.000E+00 0.000E+00 0.000E+00
 1.017E-20 1.961E-20 1.769E-20 8.775E-21 0.000E+00 3.702E-21 3.097E-20 3.245E-20 1.970E-20 4.151E-20
 8.304E-20 1.475E-19 2.621E-19 4.717E-19 6.150E-19 4.262E-19 1.901E-19 1.195E-19 6.567E-20 3.976E-20
 4.394E-20 4.271E-20 3.026E-20 3.509E-20 4.776E-20 3.909E-20 2.453E-20 1.632E-20 2.084E-20 1.629E-20
 4.588E-21 0.000E+00 1.107E-20 5.085E-20 1.212E-19 2.284E-19 4.255E-19 5.729E-19 3.988E-19 1.677E-19
 9.064E-20 4.327E-20 3.615E-20 4.451E-20 3.765E-20 2.978E-20 3.398E-20 3.707E-20 3.477E-20 3.675E-20
 4.600E-20 6.584E-20 6.605E-20 5.468E-20 4.579E-20 6.275E-20 1.154E-19 1.902E-19 2.851E-19 4.443E-19
 5.413E-19 3.557E-19 1.267E-19 5.711E-20 3.596E-20 4.641E-20 5.894E-20 3.604E-20 7.890E-21 1.009E-21
 1.105E-20 3.078E-20 3.602E-20 2.740E-20 2.614E-20 1.372E-20 0.000E+00 6.312E-21 3.773E-20 6.972E-20
 1.177E-19 2.310E-19 4.458E-19 5.485E-19 3.226E-19 9.329E-20 6.151E-20 5.264E-20 2.980E-20 3.267E-20
 3.870E-20 2.846E-20 3.715E-20 5.421E-20 6.020E-20 6.552E-20 6.771E-20 5.474E-20 2.561E-20 9.641E-21
 2.904E-20 8.109E-20 1.397E-19 2.064E-19 2.836E-19 4.194E-19 4.797E-19 2.942E-19 1.239E-19 8.783E-20
 4.565E-20 4.427E-21 1.115E-20 4.703E-20 5.282E-20 2.415E-20 0.000E+00 0.000E+00 0.000E+00 7.169E-20
 8.941E-20 4.170E-20 3.453E-20 4.578E-20 6.356E-20 1.092E-19 1.782E-19 2.697E-19 4.191E-19 4.783E-19
 3.013E-19 1.363E-19 9.943E-20 9.367E-20 9.546E-20 1.014E-19 9.307E-20 5.790E-20 4.924E-20 5.301E-20
 3.909E-20 3.167E-20 3.288E-20 4.482E-20 5.778E-20 4.497E-20 2.407E-20 4.187E-20 9.243E-20 1.456E-19
 2.171E-19 3.745E-19 4.388E-19 2.562E-19 9.000E-20 2.792E-20 0.000E+00 0.000E+00 0.000E+00 0.000E+00
 0.000E+00 1.543E-20 2.742E-20 4.509E-20 7.620E-20 8.811E-20 8.352E-20 6.706E-20 6.118E-20 7.450E-20
 9.804E-20 1.168E-19 1.514E-19 2.523E-19 4.173E-19 4.606E-19 2.941E-19 1.452E-19 5.301E-20 5.847E-21
 4.057E-20 5.892E-20 6.080E-20 4.940E-20 2.276E-20 1.430E-20 3.519E-20 6.241E-20 6.439E-20 5.502E-20
 3.023E-20 1.511E-20 5.626E-20 1.187E-19 1.478E-19 1.585E-19 2.190E-19 3.761E-19 4.123E-19 2.225E-19
 8.655E-20 3.273E-20 0.000E+00 5.240E-22 2.870E-20 4.537E-20 5.017E-20 5.239E-20 6.438E-20 5.995E-20
 4.138E-20 5.648E-20 6.802E-20 6.464E-20 8.140E-20 9.501E-20 1.047E-19 1.340E-19 1.992E-19 2.802E-19
 3.852E-19 3.810E-19 2.079E-19 8.472E-20 3.703E-20 2.061E-20 2.610E-20 4.408E-21 2.160E-22 2.843E-20
 3.435E-20 2.123E-20 3.121E-20 4.566E-20 5.731E-20 5.173E-20 2.770E-20 2.628E-20 5.380E-20 8.368E-20
 1.003E-19 1.384E-19 2.187E-19 3.369E-19 3.443E-19 1.894E-19 8.083E-20 5.152E-20 3.469E-20 3.335E-20
 4.005E-20 5.089E-20 7.778E-20 8.683E-20 4.884E-20 2.334E-20 1.855E-20 1.181E-20 1.319E-21 1.377E-20
 6.007E-20 9.389E-20 1.033E-19 1.265E-19 1.754E-19 2.447E-19 3.394E-19 2.910E-19 1.021E-19 2.786E-20
 3.351E-20 7.587E-21 0.000E+00 0.000E+00 0.000E+00 7.156E-21 2.601E-20 3.935E-20 5.403E-20 5.307E-20
 4.126E-20 2.050E-20 2.772E-20 6.050E-20 1.053E-19 1.529E-19 1.494E-19 1.509E-19 2.217E-19 3.401E-19
 3.465E-19 1.921E-19 6.182E-20 2.683E-20 3.500E-20 4.271E-20 4.626E-20 4.274E-20 4.659E-20 6.189E-20
 6.700E-20 5.784E-20 3.900E-20 3.466E-20 4.301E-20 6.374E-20 7.732E-20 7.850E-20 8.003E-20 9.267E-20
 1.357E-19 1.988E-19 2.761E-19 2.568E-19 1.242E-19 3.857E-20 2.471E-20 2.654E-20 2.534E-20 2.240E-20
 1.993E-20 1.640E-20 1.022E-20 1.076E-20 1.419E-20 2.330E-20 4.395E-20 5.758E-20 8.520E-20 1.132E-19
 1.203E-19 1.117E-19 1.069E-19 1.423E-19 2.294E-19 3.293E-19 2.824E-19 1.268E-19 5.221E-20 4.065E-20
 4.448E-20 4.084E-20 2.507E-20 9.757E-21 0.000E+00 0.000E+00 0.000E+00 0.000E+00 7.892E-21 2.034E-20
 7.258E-21 1.217E-20 2.358E-20 4.404E-20 8.804E-20 1.058E-19 1.114E-19 1.641E-19 2.494E-19 2.137E-19
 8.174E-20 2.100E-20 2.161E-20 3.711E-20 2.671E-20 1.453E-21 0.000E+00 1.522E-20 3.962E-20 6.476E-20
 8.262E-20 5.859E-20 3.066E-20 2.828E-20 3.592E-20 5.253E-20 7.639E-20 9.448E-20 9.951E-20 9.592E-20
 1.492E-19 2.450E-19 2.093E-19 1.023E-19 5.269E-20 3.477E-20 2.566E-20 0.000E+00 0.000E+00 6.251E-21
 0.000E+00 0.000E+00 0.000E+00 0.000E+00 1.017E-21 2.735E-20 3.473E-20 2.662E-20 4.530E-20 8.945E-20
 1.153E-19 1.272E-19 1.338E-19 1.564E-19 1.833E-19 1.248E-19 4.798E-20 3.864E-20 4.615E-20 3.810E-20
 4.279E-20 6.460E-20 5.111E-20 1.968E-20 3.239E-20 6.241E-20 5.825E-20 4.893E-20 5.015E-20 5.170E-20
 5.260E-20 4.499E-20 4.932E-20 6.218E-20 8.128E-20 1.118E-19 1.600E-19 1.909E-19 1.288E-19 3.486E-20
 3.110E-21 4.076E-21 0.000E+00 0.000E+00 0.000E+00 0.000E+00 0.000E+00 0.000E+00 1.633E-20 4.497E-20
 5.061E-20 5.600E-20 4.977E-20 4.110E-20 4.363E-20 7.085E-20 9.829E-20 1.003E-19 1.142E-19 1.809E-19
 2.372E-19 1.736E-19 8.334E-20 5.204E-20 3.683E-20 4.755E-20 6.536E-20 6.438E-20 4.624E-20 2.145E-20
 1.151E-20 1.130E-20 2.035E-20 4.537E-20 5.003E-20 2.991E-20 4.197E-20 7.358E-20 8.655E-20 8.887E-20
 9.307E-20 1.107E-19 1.708E-19 1.930E-19 9.463E-20 1.976E-20 1.378E-20 7.376E-21 6.931E-21 7.033E-21
 6.929E-21 1.524E-21 0.000E+00 3.446E-21 1.530E-20 2.011E-20 1.370E-20 3.365E-20 5.820E-20 5.770E-20
 5.467E-20 6.154E-20 6.350E-20 1.007E-19 1.643E-19 1.957E-19 1.656E-19 8.265E-20 4.729E-20 5.693E-20
 5.458E-20 5.008E-20 3.885E-20 0.000E+00 0.000E+00 0.000E+00 2.082E-20 1.320E-20 0.000E+00 9.525E-21
 3.699E-20 2.037E-20 2.180E-21 1.237E-20 1.018E-20 0.000E+00 2.415E-20 7.812E-20 1.193E-19 1.190E-19
 5.777E-20 1.702E-20 4.827E-21 1.787E-20 4.687E-20 3.298E-20 1.397E-20 2.551E-20 5.433E-20 7.389E-20
 7.637E-20 7.260E-20 5.845E-20 4.705E-20 5.312E-20 5.681E-20 4.981E-20 6.194E-20 8.113E-20 8.017E-20
 8.849E-20 1.241E-19 1.271E-19 6.888E-20 2.806E-20 2.877E-20 3.303E-20 3.066E-20 1.170E-20 0.000E+00
 0.000E+00 2.927E-20 5.727E-20 5.256E-20 4.034E-20 2.788E-20 1.973E-20 2.039E-20 3.034E-20 6.176E-20
 7.990E-20 5.921E-20 3.334E-20 5.468E-20 1.182E-19 1.221E-19 5.050E-20 7.295E-21 1.498E-20 3.211E-20
 4.178E-20 4.013E-20 3.413E-20 3.449E-20 4.400E-20 4.060E-20 1.665E-20 1.330E-20 3.512E-20 4.443E-20
 3.501E-20 2.182E-20 1.186E-20 0.000E+00 4.914E-21 3.748E-20 8.113E-20 1.198E-19 1.058E-19 6.494E-20
 5.042E-20 3.186E-20 0.000E+00 0.000E+00 0.000E+00 0.000E+00 0.000E+00 0.000E+00 1.721E-20 3.224E-20
 5.177E-20 5.366E-20 3.390E-20 2.379E-20 2.155E-20 2.627E-20 3.884E-20 3.830E-20 4.817E-20 8.246E-20
 1.120E-19 1.102E-19 9.163E-20 7.179E-20 4.554E-20 3.780E-20 3.480E-20 2.327E-20 3.050E-20 3.593E-20
 3.772E-20 5.122E-20 4.927E-20 2.368E-20 0.000E+00 0.000E+00 8.409E-21 1.604E-20 2.610E-20 4.861E-20
 5.839E-20 4.546E-20 4.665E-20 6.733E-20 5.364E-20 2.941E-20 3.572E-20 5.174E-20 5.146E-20 4.496E-20
 4.870E-20 3.950E-20 3.533E-20 5.277E-20 7.486E-20 6.180E-20 1.074E-20 1.774E-21 2.536E-20 2.939E-20
 1.754E-20 2.171E-20 5.222E-20 8.242E-20 9.956E-20 1.056E-19 1.104E-19 9.655E-20 5.970E-20 1.916E-20
 0.000E+00 1.898E-21 2.042E-20 3.410E-20 3.112E-20 4.597E-20 5.444E-20 3.668E-20 3.333E-20 2.400E-20
 7.424E-21 1.074E-20 1.152E-20 6.225E-21 1.042E-20 1.799E-20 3.145E-20 2.995E-20 3.108E-20 5.173E-20
 5.021E-20 3.346E-20 1.134E-20 1.064E-20 3.311E-20 3.000E-20 1.425E-20 8.874E-21 1.221E-20 1.175E-20
 3.299E-21 0.000E+00 0.000E+00 2.462E-21 6.821E-21 0.000E+00 0.000E+00 0.000E+00 0.000E+00 3.433E-20
 5.749E-20 6.987E-20 5.912E-20 3.340E-20 2.146E-20 9.931E-21 0.000E+00 0.000E+00 6.448E-21 0.000E+00
 0.000E+00 0.000E+00 0.000E+00 0.000E+00 2.170E-20 3.851E-20 2.485E-20 3.555E-20 2.679E-20 2.084E-20
 5.242E-20 6.647E-20 4.404E-20 2.865E-20 4.067E-20 5.017E-20 4.872E-20 3.228E-20 2.605E-20 4.278E-20
 4.339E-20 2.877E-20 1.657E-20 2.537E-20 3.876E-20 3.697E-20 3.768E-20 4.346E-20 4.098E-20 3.128E-20
 2.701E-20 2.189E-20 2.622E-20 2.930E-20 2.202E-20 2.465E-20 4.396E-20 6.776E-20 5.278E-20 2.463E-20
 1.241E-20 5.955E-21 5.527E-21 7.045E-21 1.488E-20 8.330E-21 4.037E-21 4.031E-21 2.650E-22 8.675E-21
 2.880E-20 4.556E-20 1.539E-20 0.000E+00 0.000E+00 3.687E-21 1.437E-20 1.285E-20 1.859E-20 1.402E-20
 2.405E-20 5.174E-20 4.528E-20 1.997E-20 0.000E+00 0.000E+00 1.163E-20 1.771E-20 2.228E-20 1.905E-20
 0.000E+00 0.000E+00 0.000E+00 0.000E+00 0.000E+00 0.000E+00 9.629E-21 3.006E-20 2.427E-20 7.849E-21
 1.295E-20 1.249E-20 0.000E+00 0.000E+00 0.000E+00 1.569E-20 4.216E-20 6.051E-20 4.983E-20 2.697E-20
 1.013E-20 1.777E-21 0.000E+00 0.000E+00 0.000E+00 1.430E-20 4.171E-20 5.010E-20 3.941E-20 2.929E-20
 4.087E-20 5.743E-20 5.991E-20 6.417E-20 6.332E-20 4.172E-20 2.048E-20 5.233E-21 0.000E+00 0.000E+00
 0.000E+00 0.000E+00 2.450E-20 2.080E-20 2.951E-21 0.000E+00 0.000E+00 0.000E+00 0.000E+00 0.000E+00
 6.110E-22 5.131E-21 0.000E+00 0.000E+00 0.000E+00 0.000E+00 1.344E-20 3.173E-20 4.547E-20 4.782E-20
 2.719E-20 1.021E-20 1.612E-20 1.957E-20 1.091E-20 4.599E-21 2.607E-21 4.204E-21 5.827E-21 6.438E-21
 1.483E-21 0.000E+00 1.000E-20 3.593E-20 4.725E-20 2.333E-20 0.000E+00 0.000E+00 2.620E-20 3.948E-20
 2.585E-20 1.541E-20 3.586E-20 5.911E-20 4.309E-20 1.154E-21 0.000E+00 0.000E+00 0.000E+00 0.000E+00
 0.000E+00 9.171E-21 1.087E-20 1.984E-20 2.089E-20 5.352E-21 0.000E+00 0.000E+00 0.000E+00 6.071E-21
 8.680E-21 5.046E-21 2.090E-23 0.000E+00 0.000E+00 2.639E-20 4.445E-20 2.875E-20 1.880E-20 2.052E-20
 2.467E-20 1.458E-20 9.656E-21 2.412E-20 1.712E-20 0.000E+00 0.000E+00 0.000E+00 0.000E+00 9.079E-21
 1.361E-20 0.000E+00 0.000E+00 0.000E+00 0.000E+00 0.000E+00 0.000E+00 0.000E+00 2.930E-20 4.315E-20
 1.703E-20 6.852E-21 1.934E-20 2.794E-20 1.145E-20 0.000E+00 0.000E+00 0.000E+00 0.000E+00 5.624E-21
 8.864E-21 4.516E-21 9.406E-21 5.800E-21 5.616E-21 3.569E-20 3.728E-20 6.477E-21 0.000E+00 1.310E-21
 2.539E-20 3.981E-20 2.870E-20 1.197E-20 1.320E-20 4.652E-21 7.592E-21 4.007E-20 3.108E-20 1.128E-20
 2.727E-20 5.347E-20 5.087E-20 1.133E-20 0.000E+00 0.000E+00 0.000E+00 0.000E+00 2.179E-20 3.053E-20
 1.254E-20 7.967E-21 7.809E-21 5.563E-21 3.879E-21 1.659E-21 1.230E-20 7.130E-21 0.000E+00 1.768E-20
 4.695E-20 4.077E-20 1.366E-20 4.025E-21 2.213E-20 3.466E-20 2.277E-20 1.657E-20 1.017E-20 0.000E+00
 0.000E+00 0.000E+00 0.000E+00 2.277E-20 2.901E-20 3.114E-20 4.077E-20 3.203E-20 1.538E-20 1.355E-20
 1.209E-20 0.000E+00 0.000E+00 0.000E+00 1.083E-20 3.767E-20 4.043E-20 2.946E-20 2.193E-20 9.683E-21
 2.297E-21 0.000E+00 0.000E+00 0.000E+00 6.826E-21 8.337E-21 2.156E-20 4.790E-20 3.566E-20 0.000E+00
 0.000E+00 3.708E-20 4.498E-20 2.884E-20 1.031E-20 1.077E-20 2.560E-20 1.122E-20 1.007E-20 3.738E-20
 3.853E-20 4.107E-20 5.880E-20 5.003E-20 1.311E-20 0.000E+00 0.000E+00 6.737E-21 0.000E+00 0.000E+00
 0.000E+00 0.000E+00 0.000E+00 0.000E+00 3.191E-21 3.377E-20 4.156E-20 4.145E-20 5.146E-20 4.859E-20
 4.892E-20 3.091E-20 0.000E+00 0.000E+00 0.000E+00 8.736E-21 1.617E-20 1.454E-20 0.000E+00 0.000E+00
 0.000E+00 0.000E+00 1.235E-21 1.290E-20 1.263E-20 0.000E+00 0.000E+00 0.000E+00 0.000E+00 1.428E-20
 3.720E-20 4.735E-20 4.890E-20 4.367E-20 3.541E-20 2.535E-20 1.987E-20 2.882E-20 2.734E-20 1.213E-20
 0.000E+00 0.000E+00 0.000E+00 0.000E+00 0.000E+00 4.216E-21 9.320E-21 9.484E-21 0.000E+00 0.000E+00
 0.000E+00 0.000E+00 1.447E-21 7.269E-21 0.000E+00 0.000E+00 0.000E+00 0.000E+00 0.000E+00 1.352E-20
 1.457E-20 0.000E+00 0.000E+00 0.000E+00 0.000E+00 2.087E-20 2.455E-20 2.191E-20 6.958E-21 0.000E+00
 1.676E-20 4.077E-20 4.651E-20 3.836E-20 4.767E-20 3.556E-20 0.000E+00 0.000E+00 0.000E+00 0.000E+00
