     CH2F2 1385.0000 1475.0000      5975    243.00    0.0000 2.454E-19  HITRAN      HFC-32    air 31
 6.110E-22 2.728E-21 1.031E-21 1.377E-21 3.089E-21 2.175E-21 6.339E-22 3.449E-22 0.000E+00 0.000E+00
 0.000E+00 1.346E-21 2.889E-21 3.274E-21 4.985E-21 6.183E-21 4.128E-21 2.644E-21 1.910E-21 0.000E+00
 0.000E+00 0.000E+00 2.335E-21 4.936E-21 5.394E-21 3.265E-21 2.125E-21 2.351E-21 1.825E-22 0.000E+00
 0.000E+00 0.000E+00 0.000E+00 0.000E+00 0.000E+00 0.000E+00 0.000E+00 0.000E+00 1.842E-23 7.380E-22
 6.988E-23 4.326E-22 2.590E-21 2.549E-21 9.503E-22 5.747E-22 2.216E-21 3.689E-21 2.210E-21 1.071E-21
 7.690E-22 1.651E-21 3.123E-21 1.863E-21 7.956E-23 0.000E+00 0.000E+00 8.171E-22 9.627E-22 6.952E-22
 0.000E+00 0.000E+00 0.000E+00 0.000E+00 2.247E-21 4.663E-21 3.177E-21 9.192E-22 0.000E+00 0.000E+00
 1.361E-21 3.235E-21 2.106E-21 0.000E+00 0.000E+00 0.000E+00 2.386E-22 0.000E+00 0.000E+00 1.274E-21
 1.930E-21 1.957E-21 1.122E-21 0.000E+00 0.000E+00 1.085E-21 7.829E-21 7.951E-21 3.141E-21 0.000E+00
 0.000E+00 0.000E+00 0.000E+00 0.000E+00 5.135E-22 2.100E-21 2.883E-21 2.310E-21 8.976E-22 9.481E-22
 3.295E-21 3.567E-21 1.232E-21 0.000E+00 2.678E-22 1.025E-21 0.000E+00 0.000E+00 0.000E+00 0.000E+00
 0.000E+00 0.000E+00 0.000E+00 0.000E+00 0.000E+00 9.773E-22 4.889E-22 0.000E+00 0.000E+00 1.970E-21
 2.116E-21 6.147E-22 0.000E+00 0.000E+00 0.000E+00 1.160E-21 5.169E-21 5.558E-21 1.388E-21 0.000E+00
 6.407E-22 0.000E+00 0.000E+00 0.000E+00 1.220E-21 5.319E-21 5.004E-21 1.287E-21 0.000E+00 1.229E-21
 3.667E-21 4.485E-21 0.000E+00 0.000E+00 0.000E+00 2.154E-22 0.000E+00 0.000E+00 0.000E+00 0.000E+00
 0.000E+00 9.139E-22 5.937E-22 0.000E+00 0.000E+00 0.000E+00 1.613E-21 4.665E-21 2.036E-21 0.000E+00
 0.000E+00 5.483E-22 4.152E-21 2.945E-21 0.000E+00 0.000E+00 0.000E+00 1.246E-21 2.897E-21 0.000E+00
 0.000E+00 0.000E+00 0.000E+00 8.337E-22 1.780E-22 1.879E-21 2.855E-21 1.733E-21 8.922E-22 0.000E+00
 0.000E+00 0.000E+00 0.000E+00 0.000E+00 0.000E+00 2.818E-21 1.576E-21 0.000E+00 0.000E+00 0.000E+00
 0.000E+00 0.000E+00 1.217E-21 2.809E-21 7.433E-22 0.000E+00 0.000E+00 0.000E+00 0.000E+00 0.000E+00
 0.000E+00 0.000E+00 0.000E+00 5.655E-23 2.003E-21 1.772E-21 5.385E-22 7.960E-22 1.171E-21 2.526E-21
 6.886E-21 7.295E-21 3.399E-21 2.828E-21 2.991E-21 2.487E-21 1.041E-21 0.000E+00 0.000E+00 1.398E-21
 3.938E-21 3.264E-21 1.175E-21 1.171E-21 1.661E-21 1.333E-21 0.000E+00 3.517E-23 0.000E+00 0.000E+00
 0.000E+00 0.000E+00 0.000E+00 0.000E+00 2.098E-21 1.982E-21 0.000E+00 0.000E+00 0.000E+00 0.000E+00
 0.000E+00 0.000E+00 0.000E+00 0.000E+00 0.000E+00 0.000E+00 3.061E-21 2.708E-21 7.497E-22 1.560E-21
 8.881E-23 0.000E+00 0.000E+00 0.000E+00 8.554E-22 1.421E-21 5.452E-23 0.000E+00 0.000E+00 0.000E+00
 0.000E+00 0.000E+00 0.000E+00 0.000E+00 0.000E+00 0.000E+00 0.000E+00 1.893E-21 3.454E-21 3.281E-21
 2.001E-22 0.000E+00 0.000E+00 6.477E-22 3.943E-22 4.777E-22 2.330E-21 3.327E-21 3.791E-21 3.284E-21
 3.805E-21 5.741E-21 3.685E-21 1.083E-22 6.072E-22 0.000E+00 0.000E+00 0.000E+00 0.000E+00 0.000E+00
 2.212E-21 4.709E-21 4.748E-21 6.268E-21 5.409E-21 2.494E-21 1.232E-21 0.000E+00 0.000E+00 0.000E+00
 2.793E-21 5.311E-21 3.777E-21 2.864E-21 3.771E-21 3.107E-21 6.977E-22 0.000E+00 5.130E-22 3.721E-21
 4.630E-21 1.088E-21 0.000E+00 0.000E+00 0.000E+00 0.000E+00 0.000E+00 0.000E+00 0.000E+00 3.370E-21
 5.086E-21 2.061E-21 5.137E-22 3.823E-21 5.234E-21 6.207E-21 7.171E-21 4.565E-21 2.297E-21 1.912E-21
 1.226E-21 3.225E-22 0.000E+00 4.649E-22 3.059E-21 1.849E-21 0.000E+00 0.000E+00 2.168E-21 5.056E-21
 4.120E-21 2.867E-21 2.113E-21 0.000E+00 0.000E+00 0.000E+00 1.287E-21 0.000E+00 0.000E+00 0.000E+00
 0.000E+00 0.000E+00 1.968E-23 1.168E-21 0.000E+00 0.000E+00 0.000E+00 2.828E-22 4.883E-21 8.355E-21
 6.365E-21 3.556E-21 1.772E-21 0.000E+00 0.000E+00 0.000E+00 1.226E-21 3.473E-21 2.145E-21 0.000E+00
 0.000E+00 0.000E+00 2.197E-21 3.213E-21 2.978E-21 1.468E-21 0.000E+00 0.000E+00 1.462E-21 3.293E-21
 2.607E-21 1.278E-21 0.000E+00 0.000E+00 0.000E+00 1.184E-21 1.555E-21 0.000E+00 0.000E+00 0.000E+00
 7.856E-22 1.044E-21 6.186E-23 0.000E+00 0.000E+00 0.000E+00 1.560E-22 1.728E-21 7.856E-22 0.000E+00
 8.633E-22 3.938E-21 2.797E-21 2.524E-21 3.324E-21 4.943E-21 7.934E-21 5.095E-21 1.669E-23 0.000E+00
 4.833E-22 1.873E-21 3.380E-21 4.923E-21 3.978E-21 0.000E+00 0.000E+00 0.000E+00 0.000E+00 0.000E+00
 2.000E-21 7.487E-22 0.000E+00 0.000E+00 0.000E+00 4.147E-22 0.000E+00 0.000E+00 0.000E+00 0.000E+00
 0.000E+00 0.000E+00 1.374E-21 0.000E+00 0.000E+00 0.000E+00 3.580E-22 0.000E+00 0.000E+00 0.000E+00
 0.000E+00 0.000E+00 0.000E+00 1.608E-21 1.198E-23 0.000E+00 7.198E-22 8.929E-22 6.847E-22 2.750E-21
 2.494E-21 0.000E+00 0.000E+00 0.000E+00 3.536E-23 7.976E-23 3.644E-21 5.466E-21 3.261E-21 4.168E-21
 5.098E-21 1.495E-21 0.000E+00 0.000E+00 2.134E-21 2.887E-21 2.706E-21 3.292E-21 1.549E-21 0.000E+00
 0.000E+00 2.267E-21 1.852E-21 0.000E+00 0.000E+00 0.000E+00 1.438E-21 3.349E-21 3.397E-21 2.183E-21
 2.312E-21 3.028E-21 2.736E-21 2.971E-21 1.876E-21 0.000E+00 0.000E+00 0.000E+00 0.000E+00 0.000E+00
 0.000E+00 0.000E+00 0.000E+00 0.000E+00 4.561E-21 5.759E-21 4.258E-21 2.039E-21 8.008E-22 1.594E-21
 1.131E-21 0.000E+00 0.000E+00 0.000E+00 0.000E+00 0.000E+00 0.000E+00 0.000E+00 0.000E+00 2.544E-22
 0.000E+00 0.000E+00 1.141E-21 1.922E-21 3.511E-21 3.929E-21 1.634E-21 0.000E+00 0.000E+00 0.000E+00
 5.049E-22 1.443E-21 2.779E-21 5.803E-22 0.000E+00 0.000E+00 2.519E-21 3.394E-21 3.352E-21 5.249E-21
 6.472E-21 6.663E-21 5.182E-21 3.777E-21 5.175E-21 5.166E-21 3.253E-21 6.987E-22 0.000E+00 0.000E+00
 0.000E+00 0.000E+00 0.000E+00 0.000E+00 0.000E+00 0.000E+00 2.417E-21 3.937E-21 2.603E-21 1.354E-21
 2.208E-21 2.235E-21 8.506E-22 1.239E-21 2.677E-21 2.436E-21 6.523E-22 1.553E-21 2.790E-21 1.679E-21
 1.564E-21 1.195E-21 2.323E-21 4.890E-21 6.225E-21 6.232E-21 3.858E-21 1.070E-21 0.000E+00 1.313E-21
 5.356E-21 4.015E-21 1.359E-21 2.340E-21 5.894E-21 8.404E-21 6.245E-21 3.107E-21 2.631E-21 3.062E-21
 2.952E-21 3.207E-21 1.866E-21 0.000E+00 1.569E-22 1.975E-21 0.000E+00 2.317E-22 0.000E+00 0.000E+00
 7.887E-22 1.476E-21 3.764E-22 0.000E+00 0.000E+00 0.000E+00 0.000E+00 0.000E+00 0.000E+00 1.390E-21
 1.034E-23 0.000E+00 2.100E-21 3.657E-21 4.398E-21 5.506E-21 3.417E-21 1.016E-21 6.159E-22 0.000E+00
 5.518E-22 2.104E-21 0.000E+00 0.000E+00 0.000E+00 2.502E-21 6.853E-21 6.932E-21 4.595E-21 2.071E-21
 0.000E+00 0.000E+00 0.000E+00 1.164E-21 0.000E+00 0.000E+00 0.000E+00 5.579E-22 5.199E-22 0.000E+00
 0.000E+00 0.000E+00 0.000E+00 0.000E+00 0.000E+00 2.571E-22 0.000E+00 0.000E+00 1.817E-21 2.663E-21
 2.110E-21 1.895E-21 2.829E-21 4.201E-21 2.755E-21 0.000E+00 0.000E+00 1.169E-21 1.382E-21 0.000E+00
 0.000E+00 0.000E+00 0.000E+00 1.362E-21 3.688E-21 6.449E-21 6.952E-21 6.978E-21 5.064E-21 1.909E-21
 1.913E-21 3.001E-21 1.853E-21 9.104E-22 1.416E-21 1.126E-21 1.390E-21 1.031E-21 0.000E+00 0.000E+00
 0.000E+00 0.000E+00 0.000E+00 0.000E+00 7.580E-22 0.000E+00 2.035E-21 4.147E-21 0.000E+00 0.000E+00
 0.000E+00 0.000E+00 0.000E+00 0.000E+00 1.995E-21 2.699E-21 6.867E-22 0.000E+00 0.000E+00 0.000E+00
 0.000E+00 0.000E+00 0.000E+00 0.000E+00 2.935E-21 1.107E-21 0.000E+00 0.000E+00 1.529E-21 2.232E-21
 2.186E-21 0.000E+00 0.000E+00 3.224E-23 0.000E+00 0.000E+00 0.000E+00 1.235E-21 1.921E-21 3.981E-21
 9.152E-21 1.095E-20 5.133E-21 9.069E-23 1.422E-21 2.602E-21 7.231E-22 0.000E+00 0.000E+00 0.000E+00
 3.811E-22 0.000E+00 0.000E+00 0.000E+00 0.000E+00 8.829E-22 5.785E-22 0.000E+00 0.000E+00 3.594E-21
 4.832E-21 1.258E-21 0.000E+00 0.000E+00 0.000E+00 1.422E-21 4.686E-21 6.599E-21 5.513E-21 3.813E-21
 3.993E-21 4.477E-21 2.442E-21 1.538E-21 2.392E-21 9.161E-22 0.000E+00 0.000E+00 0.000E+00 0.000E+00
 0.000E+00 0.000E+00 0.000E+00 8.542E-22 2.343E-21 1.884E-21 1.338E-21 2.101E-21 2.840E-21 1.321E-21
 0.000E+00 0.000E+00 1.591E-21 4.521E-22 7.266E-23 1.855E-21 2.896E-21 1.172E-21 1.497E-22 1.780E-22
 9.740E-22 3.226E-21 2.003E-21 3.632E-22 1.798E-22 0.000E+00 2.812E-21 5.261E-21 2.783E-21 0.000E+00
 0.000E+00 0.000E+00 1.556E-21 1.923E-21 0.000E+00 0.000E+00 0.000E+00 1.595E-22 5.606E-22 1.390E-21
 2.278E-21 6.632E-22 0.000E+00 0.000E+00 0.000E+00 0.000E+00 3.414E-22 3.593E-21 2.091E-21 0.000E+00
 0.000E+00 0.000E+00 0.000E+00 4.598E-22 2.230E-21 4.054E-21 2.082E-21 2.306E-21 3.728E-21 3.096E-21
 4.739E-21 5.939E-21 1.701E-21 0.000E+00 0.000E+00 0.000E+00 4.746E-22 2.275E-21 1.114E-21 0.000E+00
 0.000E+00 0.000E+00 0.000E+00 0.000E+00 1.053E-21 4.624E-21 5.500E-21 4.988E-21 3.711E-21 2.054E-21
 1.359E-21 2.718E-21 3.186E-21 0.000E+00 0.000E+00 3.862E-22 2.996E-21 3.854E-21 2.110E-21 0.000E+00
 0.000E+00 1.326E-21 2.228E-21 1.043E-21 5.341E-22 2.141E-22 3.083E-22 0.000E+00 0.000E+00 1.439E-21
 2.986E-21 1.162E-21 0.000E+00 2.779E-22 2.566E-21 6.734E-21 9.539E-21 1.071E-20 9.273E-21 7.333E-21
 4.396E-21 6.176E-22 2.659E-21 4.956E-21 2.629E-21 0.000E+00 0.000E+00 0.000E+00 1.007E-21 3.279E-21
 4.699E-21 2.696E-21 0.000E+00 0.000E+00 0.000E+00 2.130E-21 2.119E-23 0.000E+00 0.000E+00 0.000E+00
 0.000E+00 0.000E+00 0.000E+00 5.333E-22 1.674E-21 1.115E-21 2.519E-21 2.927E-21 1.166E-21 4.670E-22
 9.931E-22 5.058E-21 1.143E-20 1.189E-20 8.169E-21 4.090E-21 0.000E+00 0.000E+00 0.000E+00 0.000E+00
 3.653E-21 6.657E-21 5.195E-21 4.882E-21 4.137E-21 7.088E-22 1.167E-22 2.452E-21 4.000E-21 2.681E-21
 0.000E+00 0.000E+00 4.052E-21 4.744E-21 3.740E-22 0.000E+00 0.000E+00 2.530E-21 7.441E-22 0.000E+00
 0.000E+00 0.000E+00 0.000E+00 0.000E+00 0.000E+00 1.604E-21 1.475E-21 8.194E-22 1.785E-21 1.920E-21
 5.661E-22 0.000E+00 1.840E-22 3.763E-21 5.525E-21 3.376E-21 1.162E-21 2.876E-21 5.536E-21 4.082E-21
 2.620E-21 3.066E-21 4.739E-21 7.674E-21 8.363E-21 7.396E-21 5.464E-21 2.576E-21 2.736E-22 0.000E+00
 2.242E-22 3.984E-21 9.062E-21 9.079E-21 5.383E-21 3.413E-21 3.060E-21 1.973E-21 2.406E-21 4.910E-21
 5.035E-21 1.816E-21 0.000E+00 0.000E+00 3.960E-22 1.410E-21 5.497E-21 6.500E-21 1.605E-21 0.000E+00
 1.224E-21 3.516E-21 2.396E-21 0.000E+00 0.000E+00 4.049E-21 7.364E-21 4.390E-21 1.551E-21 7.096E-22
 0.000E+00 0.000E+00 5.267E-22 2.256E-21 0.000E+00 0.000E+00 2.457E-21 3.094E-21 1.886E-21 7.507E-22
 0.000E+00 0.000E+00 0.000E+00 0.000E+00 0.000E+00 2.039E-21 4.526E-21 3.889E-21 4.248E-22 0.000E+00
 6.232E-22 3.873E-21 4.003E-21 2.173E-21 1.433E-21 0.000E+00 0.000E+00 0.000E+00 0.000E+00 0.000E+00
 7.283E-23 4.996E-21 7.771E-21 5.885E-21 2.858E-21 1.803E-21 0.000E+00 0.000E+00 3.613E-21 3.453E-21
 8.243E-22 0.000E+00 0.000E+00 0.000E+00 1.351E-21 2.629E-21 2.399E-21 4.566E-21 4.568E-21 2.496E-21
 2.862E-21 3.756E-21 2.909E-21 0.000E+00 0.000E+00 1.531E-21 9.178E-22 0.000E+00 5.566E-22 9.251E-22
 1.383E-22 2.299E-22 0.000E+00 0.000E+00 0.000E+00 7.390E-22 7.258E-22 0.000E+00 1.010E-21 2.120E-21
 0.000E+00 0.000E+00 4.425E-22 4.415E-21 6.034E-21 3.799E-21 4.463E-22 1.333E-21 4.746E-21 8.096E-21
 8.182E-21 5.348E-21 3.152E-21 1.067E-21 2.014E-21 3.748E-21 5.501E-21 7.090E-21 4.737E-21 1.256E-21
 0.000E+00 2.241E-21 6.052E-21 3.136E-21 1.199E-21 1.035E-21 0.000E+00 0.000E+00 0.000E+00 0.000E+00
 2.113E-21 7.994E-21 8.365E-21 2.054E-21 0.000E+00 0.000E+00 1.236E-21 5.161E-21 2.403E-21 0.000E+00
 0.000E+00 5.962E-22 1.145E-21 5.945E-21 6.986E-21 1.528E-21 1.434E-21 5.631E-21 6.479E-21 5.321E-21
 5.204E-21 4.665E-21 3.875E-21 3.394E-21 2.315E-21 1.848E-21 4.439E-21 6.446E-21 3.322E-21 5.569E-22
 1.568E-22 1.903E-22 0.000E+00 2.047E-22 3.802E-21 4.749E-21 4.373E-21 5.630E-21 4.579E-21 3.117E-21
 2.180E-21 1.383E-21 1.574E-21 1.721E-21 3.258E-21 3.440E-21 0.000E+00 0.000E+00 2.416E-21 6.815E-21
 1.148E-20 1.473E-20 9.066E-21 3.024E-21 4.641E-21 5.405E-21 2.771E-21 2.409E-21 2.806E-21 1.525E-21
 3.218E-21 3.941E-21 1.234E-21 1.490E-21 3.871E-21 5.036E-21 5.857E-21 5.729E-21 2.148E-21 0.000E+00
 2.721E-21 1.050E-20 1.557E-20 1.112E-20 4.004E-21 6.503E-23 0.000E+00 7.478E-22 3.857E-21 6.842E-21
 4.943E-21 6.692E-21 9.586E-21 3.750E-21 0.000E+00 5.726E-22 1.401E-21 2.126E-22 1.660E-21 3.059E-21
 2.525E-21 4.358E-21 6.009E-21 8.128E-21 9.470E-21 5.542E-21 2.593E-21 4.813E-21 6.612E-21 3.346E-21
 9.218E-22 1.139E-21 1.453E-21 2.896E-21 2.951E-21 3.077E-21 6.136E-21 7.001E-21 4.080E-21 7.058E-21
 1.079E-20 4.120E-21 0.000E+00 6.265E-22 2.617E-21 3.484E-21 4.331E-21 3.829E-21 5.228E-21 7.754E-21
 8.612E-21 5.635E-21 8.764E-22 3.032E-21 6.163E-21 2.236E-21 0.000E+00 0.000E+00 1.345E-22 6.587E-21
 1.528E-20 1.133E-20 3.549E-21 2.932E-21 3.604E-21 2.665E-21 1.663E-21 2.300E-22 0.000E+00 6.042E-22
 1.628E-21 3.876E-21 2.667E-21 1.858E-21 4.512E-21 3.048E-21 0.000E+00 2.405E-22 1.142E-21 9.613E-22
 7.483E-21 1.520E-20 1.063E-20 2.574E-21 0.000E+00 0.000E+00 0.000E+00 0.000E+00 0.000E+00 4.606E-21
 5.943E-21 2.308E-21 1.784E-21 1.955E-21 0.000E+00 0.000E+00 0.000E+00 3.525E-21 1.389E-20 1.634E-20
 9.790E-21 6.408E-21 6.701E-21 3.601E-21 4.705E-22 3.351E-21 7.316E-21 6.946E-21 3.331E-21 2.165E-21
 3.607E-21 5.184E-21 5.706E-21 3.431E-21 5.289E-21 6.706E-21 5.082E-21 1.079E-20 1.190E-20 5.951E-21
 5.481E-21 5.786E-21 5.038E-21 4.833E-21 3.951E-21 4.227E-21 4.673E-21 4.306E-21 3.627E-21 1.245E-21
 3.135E-23 0.000E+00 0.000E+00 3.630E-21 8.139E-21 6.196E-21 2.496E-21 1.815E-21 5.107E-21 3.069E-21
 0.000E+00 2.937E-21 8.489E-21 5.243E-21 1.794E-22 0.000E+00 0.000E+00 3.798E-21 3.977E-21 0.000E+00
 1.394E-22 2.476E-21 2.355E-21 1.660E-21 7.256E-22 3.175E-21 1.669E-20 2.939E-20 2.297E-20 9.568E-21
 5.262E-21 6.199E-21 6.842E-21 7.297E-21 4.749E-21 2.588E-21 5.540E-21 6.183E-21 3.160E-21 6.531E-22
 0.000E+00 1.428E-21 5.565E-21 1.232E-20 1.910E-20 1.923E-20 1.328E-20 1.300E-20 1.400E-20 7.902E-21
 2.325E-21 0.000E+00 0.000E+00 0.000E+00 0.000E+00 0.000E+00 2.296E-21 2.584E-21 0.000E+00 0.000E+00
 5.834E-22 1.159E-21 2.606E-21 8.189E-21 1.650E-20 1.823E-20 1.217E-20 5.216E-21 3.658E-21 1.141E-21
 0.000E+00 3.611E-21 7.455E-21 3.872E-21 0.000E+00 0.000E+00 0.000E+00 1.585E-21 0.000E+00 4.433E-21
 1.277E-20 1.554E-20 1.481E-20 1.246E-20 1.596E-20 1.601E-20 5.721E-21 3.020E-21 6.532E-21 4.764E-21
 2.135E-22 0.000E+00 2.534E-21 4.805E-21 7.877E-21 1.058E-20 1.087E-20 7.499E-21 4.828E-21 6.706E-21
 1.103E-20 1.912E-20 1.690E-20 3.111E-21 0.000E+00 4.489E-22 1.125E-21 3.241E-21 4.619E-21 6.254E-21
 4.637E-21 0.000E+00 0.000E+00 3.326E-21 1.751E-21 0.000E+00 0.000E+00 2.342E-21 3.748E-21 1.093E-20
 1.870E-20 1.418E-20 5.049E-21 9.965E-22 2.675E-21 3.053E-21 7.962E-22 0.000E+00 0.000E+00 0.000E+00
 3.874E-21 8.562E-21 7.202E-21 1.721E-21 1.834E-21 3.542E-21 2.871E-21 4.729E-21 1.006E-20 1.154E-20
 6.487E-21 9.156E-21 2.155E-20 2.303E-20 1.805E-20 1.658E-20 1.373E-20 1.348E-20 1.295E-20 8.241E-21
 5.093E-21 5.393E-21 4.242E-21 3.801E-21 2.879E-21 0.000E+00 0.000E+00 5.061E-21 1.408E-20 1.106E-20
 3.387E-21 8.299E-21 1.190E-20 7.468E-21 1.472E-21 0.000E+00 0.000E+00 2.227E-21 8.498E-21 1.162E-20
 6.570E-21 5.661E-21 1.168E-20 8.308E-21 5.129E-21 1.309E-20 1.882E-20 1.509E-20 1.382E-20 1.154E-20
 5.431E-21 3.780E-21 6.567E-21 1.212E-20 8.073E-21 3.480E-21 5.915E-21 5.528E-21 4.904E-21 9.772E-21
 1.948E-20 1.828E-20 6.818E-21 0.000E+00 0.000E+00 3.843E-22 6.373E-21 1.120E-20 1.456E-20 2.418E-20
 2.891E-20 2.327E-20 1.232E-20 2.051E-21 0.000E+00 3.203E-21 6.753E-21 4.858E-21 0.000E+00 1.392E-21
 6.979E-21 5.405E-21 2.458E-22 5.148E-21 2.204E-20 2.419E-20 9.109E-21 1.862E-21 8.501E-22 3.407E-22
 3.077E-21 9.273E-21 9.078E-21 5.010E-21 8.386E-21 1.185E-20 1.032E-20 8.901E-21 1.268E-20 1.399E-20
 1.286E-20 1.685E-20 1.631E-20 9.713E-21 8.482E-21 8.718E-21 3.880E-21 1.383E-21 1.464E-21 1.855E-21
 7.300E-21 1.377E-20 1.125E-20 7.106E-21 9.653E-21 7.678E-21 2.644E-21 7.811E-21 1.458E-20 1.125E-20
 7.598E-21 6.260E-21 9.523E-21 1.978E-20 1.495E-20 6.827E-21 1.970E-20 2.488E-20 1.837E-20 1.781E-20
 1.047E-20 2.006E-21 1.958E-22 6.729E-22 1.010E-21 1.613E-21 5.819E-21 7.134E-21 4.505E-21 6.766E-21
 1.857E-20 1.813E-20 5.094E-21 8.384E-21 2.154E-20 2.295E-20 1.149E-20 6.169E-21 5.273E-21 4.610E-21
 8.688E-21 7.673E-21 5.025E-21 5.082E-21 9.773E-21 1.859E-20 2.254E-20 1.497E-20 4.048E-21 1.241E-21
 5.548E-22 4.177E-21 1.226E-20 1.110E-20 5.876E-21 5.419E-21 5.212E-21 1.420E-20 2.565E-20 1.724E-20
 3.821E-21 5.375E-22 5.447E-21 1.924E-20 2.644E-20 1.528E-20 6.746E-21 1.316E-20 1.471E-20 6.122E-21
 3.903E-21 9.275E-21 1.956E-20 2.988E-20 2.053E-20 4.676E-21 1.657E-21 2.198E-21 6.827E-21 9.353E-21
 5.468E-21 3.660E-21 6.466E-21 7.742E-21 8.406E-21 2.858E-20 4.194E-20 2.097E-20 5.846E-21 8.033E-21
 9.832E-21 1.296E-20 1.222E-20 5.009E-21 3.287E-22 0.000E+00 0.000E+00 8.268E-21 2.173E-20 2.154E-20
 1.777E-20 1.545E-20 1.247E-20 1.603E-20 1.445E-20 4.898E-21 3.844E-21 7.962E-21 1.366E-20 2.322E-20
 2.607E-20 1.591E-20 6.295E-21 7.297E-21 9.765E-21 1.151E-20 1.799E-20 2.196E-20 1.515E-20 8.314E-21
 1.379E-20 1.589E-20 6.325E-21 4.960E-21 7.629E-21 3.214E-21 0.000E+00 0.000E+00 1.030E-20 3.368E-20
 3.971E-20 2.165E-20 4.957E-21 1.533E-21 4.076E-21 9.988E-21 1.309E-20 1.029E-20 4.199E-21 1.856E-21
 1.620E-20 3.057E-20 2.465E-20 1.817E-20 1.347E-20 2.701E-21 0.000E+00 1.986E-21 1.277E-20 1.991E-20
 1.304E-20 6.759E-21 1.422E-20 2.523E-20 3.135E-20 2.915E-20 1.241E-20 1.250E-21 1.812E-21 1.420E-20
 2.481E-20 1.551E-20 1.526E-20 2.331E-20 2.167E-20 1.509E-20 1.744E-20 2.515E-20 1.949E-20 9.768E-21
 3.977E-21 4.784E-22 3.388E-21 1.312E-20 1.592E-20 1.595E-20 1.639E-20 8.604E-21 5.537E-21 5.498E-21
 4.554E-21 7.437E-21 1.081E-20 7.379E-21 1.699E-20 4.183E-20 3.455E-20 1.119E-20 8.694E-21 1.099E-20
 7.612E-21 6.380E-21 7.731E-21 8.030E-21 2.014E-20 4.527E-20 4.393E-20 1.174E-20 0.000E+00 3.404E-21
 1.368E-20 1.146E-20 3.051E-21 4.480E-21 1.306E-20 2.868E-20 3.120E-20 1.872E-20 1.736E-20 2.180E-20
 2.530E-20 2.272E-20 1.268E-20 1.073E-20 1.620E-20 2.131E-20 2.475E-20 2.544E-20 1.920E-20 8.738E-21
 5.916E-21 4.621E-21 2.204E-21 2.812E-21 8.318E-21 2.338E-20 3.589E-20 3.223E-20 1.838E-20 1.050E-20
 8.943E-21 7.418E-21 5.253E-21 1.444E-20 3.033E-20 2.163E-20 1.176E-21 0.000E+00 0.000E+00 1.314E-20
 4.311E-20 4.647E-20 1.639E-20 2.365E-21 3.194E-21 1.058E-20 1.730E-20 1.037E-20 5.304E-21 2.123E-20
 4.281E-20 3.996E-20 2.123E-20 5.269E-21 0.000E+00 5.220E-21 1.881E-20 1.970E-20 1.182E-20 2.009E-20
 3.167E-20 3.835E-20 3.081E-20 1.382E-20 9.278E-21 2.569E-20 4.332E-20 3.977E-20 2.873E-20 1.429E-20
 3.968E-21 5.555E-21 1.049E-20 1.272E-20 1.449E-20 1.861E-20 2.034E-20 1.718E-20 9.042E-21 8.744E-21
 1.049E-20 5.403E-21 7.744E-21 1.609E-20 1.684E-20 1.372E-20 1.371E-20 8.028E-21 2.844E-21 1.518E-21
 2.360E-21 1.195E-20 2.036E-20 1.442E-20 1.331E-20 3.753E-20 4.999E-20 3.291E-20 1.443E-20 4.468E-21
 8.009E-22 8.113E-21 2.515E-20 3.915E-20 4.340E-20 2.840E-20 1.877E-20 2.405E-20 1.355E-20 4.722E-21
 1.229E-20 3.162E-20 3.726E-20 1.881E-20 2.153E-20 3.958E-20 4.240E-20 3.908E-20 3.465E-20 1.872E-20
 4.328E-21 2.923E-21 6.987E-21 2.092E-20 2.677E-20 1.432E-20 4.943E-21 1.558E-20 2.747E-20 1.796E-20
 1.960E-20 3.429E-20 2.516E-20 6.515E-21 3.332E-21 3.559E-21 5.290E-21 1.115E-20 1.004E-20 4.912E-21
 8.494E-22 0.000E+00 6.514E-21 1.741E-20 1.224E-20 7.657E-21 8.438E-21 6.105E-21 1.468E-20 2.969E-20
 4.837E-20 3.882E-20 1.959E-20 2.460E-20 2.093E-20 7.156E-21 1.384E-20 5.425E-20 6.054E-20 2.213E-20
 7.770E-21 2.332E-20 3.608E-20 2.801E-20 2.898E-20 3.878E-20 4.246E-20 4.097E-20 5.038E-20 5.868E-20
 2.891E-20 8.258E-21 1.317E-20 1.189E-20 4.622E-21 4.469E-21 1.054E-20 1.624E-20 2.312E-20 2.405E-20
 1.947E-20 1.124E-20 1.307E-20 1.345E-20 2.513E-21 4.187E-22 1.717E-21 5.016E-21 1.194E-20 1.444E-20
 7.606E-21 1.390E-21 1.417E-21 9.792E-21 1.981E-20 1.288E-20 2.427E-21 0.000E+00 1.001E-20 2.451E-20
 1.759E-20 3.527E-21 1.870E-21 2.242E-20 5.985E-20 5.588E-20 1.887E-20 1.494E-20 2.565E-20 2.692E-20
 3.981E-20 5.790E-20 5.058E-20 2.942E-20 1.827E-20 3.267E-20 5.280E-20 3.406E-20 3.432E-20 6.156E-20
 5.646E-20 4.068E-20 2.334E-20 6.108E-21 2.240E-21 9.988E-22 7.681E-21 4.536E-20 6.827E-20 3.484E-20
 6.711E-21 5.739E-21 7.246E-21 1.191E-20 1.284E-20 8.310E-21 4.626E-21 3.762E-21 5.272E-21 1.187E-20
 1.578E-20 5.899E-21 0.000E+00 1.488E-21 1.084E-20 1.816E-20 1.037E-20 1.630E-21 0.000E+00 8.834E-21
 1.717E-20 1.239E-20 6.149E-21 1.045E-20 2.299E-20 1.903E-20 2.330E-21 1.796E-20 7.508E-20 8.020E-20
 2.658E-20 1.694E-20 5.536E-20 7.649E-20 4.851E-20 3.752E-20 5.298E-20 5.422E-20 6.086E-20 7.117E-20
 7.174E-20 4.420E-20 1.850E-20 1.379E-20 8.760E-21 1.454E-20 2.899E-20 3.083E-20 1.773E-20 1.326E-20
 1.105E-20 4.787E-21 4.614E-21 9.683E-21 1.783E-20 2.009E-20 1.433E-20 6.076E-21 3.799E-21 5.316E-21
 1.491E-20 1.875E-20 8.394E-21 1.877E-21 2.756E-22 1.186E-20 2.018E-20 1.266E-20 3.758E-21 6.781E-21
 2.338E-20 2.511E-20 9.929E-21 5.798E-21 2.180E-20 3.094E-20 1.565E-20 4.626E-21 2.259E-20 3.585E-20
 2.585E-20 5.588E-20 9.841E-20 6.347E-20 2.980E-20 7.638E-20 9.645E-20 5.096E-20 5.149E-20 8.038E-20
 6.708E-20 4.760E-20 3.007E-20 2.381E-20 4.326E-20 5.249E-20 4.406E-20 2.454E-20 7.111E-21 7.598E-21
 1.441E-20 1.279E-20 5.008E-21 5.671E-21 1.059E-20 1.410E-20 1.397E-20 6.040E-21 0.000E+00 0.000E+00
 7.675E-21 2.007E-20 1.806E-20 6.352E-21 2.414E-21 7.676E-21 1.978E-20 1.755E-20 4.739E-21 5.115E-21
 1.908E-20 2.893E-20 1.355E-20 8.852E-22 1.154E-20 2.826E-20 2.345E-20 1.164E-20 2.623E-20 3.560E-20
 2.194E-20 1.994E-20 4.263E-20 4.215E-20 6.158E-20 1.059E-19 8.929E-20 8.942E-20 1.205E-19 1.161E-19
 7.670E-20 4.169E-20 4.169E-20 3.481E-20 3.063E-20 2.898E-20 1.455E-20 7.465E-21 4.907E-21 4.640E-21
 6.308E-21 1.249E-20 1.286E-20 9.765E-21 8.620E-21 6.537E-21 1.301E-20 1.719E-20 7.599E-21 4.830E-22
 2.322E-21 1.015E-20 1.613E-20 8.331E-21 6.303E-22 2.682E-21 1.502E-20 1.801E-20 5.000E-21 1.008E-21
 1.348E-20 2.956E-20 2.252E-20 7.418E-21 1.469E-20 3.074E-20 2.153E-20 1.054E-20 3.175E-20 4.053E-20
 2.020E-20 2.392E-20 4.483E-20 3.047E-20 3.347E-20 5.020E-20 5.088E-20 1.067E-19 1.633E-19 1.486E-19
 1.119E-19 9.550E-20 8.422E-20 5.803E-20 2.522E-20 5.814E-21 9.714E-21 1.349E-20 1.288E-20 1.064E-20
 6.811E-21 9.878E-21 1.402E-20 1.095E-20 8.233E-21 8.467E-21 9.411E-21 1.920E-20 1.562E-20 1.844E-21
 0.000E+00 4.087E-21 1.936E-20 1.845E-20 6.732E-21 3.116E-21 1.603E-20 2.411E-20 1.152E-20 9.122E-23
 8.424E-21 2.422E-20 1.747E-20 5.224E-21 1.777E-20 3.257E-20 1.875E-20 1.143E-20 3.246E-20 3.415E-20
 2.069E-20 3.606E-20 4.114E-20 2.978E-20 4.762E-20 4.969E-20 5.145E-20 6.627E-20 9.327E-20 1.958E-19
 2.353E-19 1.330E-19 4.124E-20 9.643E-21 4.118E-21 4.123E-21 8.980E-21 1.766E-20 1.631E-20 7.422E-21
 2.294E-21 2.688E-21 8.426E-21 1.235E-20 4.977E-21 0.000E+00 9.244E-22 1.217E-20 1.959E-20 1.107E-20
 4.153E-21 9.279E-21 2.005E-20 1.468E-20 2.470E-21 3.331E-21 1.520E-20 2.334E-20 1.255E-20 7.699E-21
 2.030E-20 3.126E-20 1.947E-20 8.578E-21 2.781E-20 3.652E-20 1.951E-20 2.143E-20 3.781E-20 2.196E-20
 2.330E-20 4.764E-20 4.180E-20 4.930E-20 6.036E-20 6.045E-20 7.591E-20 8.971E-20 1.131E-19 1.506E-19
 1.675E-19 1.462E-19 9.129E-20 3.249E-20 8.387E-21 8.195E-21 7.807E-21 1.037E-20 1.120E-20 5.097E-21
 0.000E+00 0.000E+00 8.822E-21 1.420E-20 7.549E-21 3.887E-22 0.000E+00 7.646E-21 1.565E-20 7.910E-21
 0.000E+00 4.869E-21 1.764E-20 1.587E-20 2.242E-21 4.270E-21 2.225E-20 2.631E-20 1.099E-20 9.844E-21
 2.841E-20 2.950E-20 1.205E-20 1.728E-20 3.534E-20 2.487E-20 1.363E-20 3.647E-20 3.739E-20 2.529E-20
 4.674E-20 4.881E-20 4.837E-20 6.368E-20 6.572E-20 8.619E-20 1.127E-19 1.249E-19 1.133E-19 8.486E-20
 8.311E-20 7.345E-20 7.229E-20 9.168E-20 5.566E-20 1.220E-20 2.638E-22 0.000E+00 6.606E-21 2.771E-21
 3.680E-22 3.262E-21 9.964E-21 1.263E-20 6.723E-21 2.892E-21 5.271E-21 1.620E-20 1.848E-20 1.029E-20
 5.832E-21 1.399E-20 2.293E-20 1.573E-20 4.140E-21 9.532E-21 2.547E-20 2.138E-20 8.448E-21 1.800E-20
 3.071E-20 1.675E-20 9.923E-21 3.173E-20 3.349E-20 1.979E-20 3.727E-20 4.280E-20 3.066E-20 5.026E-20
 5.411E-20 5.082E-20 6.696E-20 8.367E-20 1.348E-19 1.667E-19 1.314E-19 7.739E-20 4.418E-20 5.980E-20
 8.185E-20 4.987E-20 2.251E-20 6.550E-20 8.933E-20 4.301E-20 7.247E-21 2.053E-21 4.237E-21 4.433E-21
 2.745E-21 3.809E-21 6.734E-21 9.751E-21 5.947E-21 1.159E-21 6.777E-21 1.962E-20 1.862E-20 6.036E-21
 3.754E-21 1.306E-20 1.524E-20 4.428E-21 6.549E-21 2.093E-20 2.134E-20 8.762E-21 1.533E-20 3.160E-20
 2.236E-20 1.327E-20 2.929E-20 3.219E-20 1.609E-20 3.149E-20 3.628E-20 2.628E-20 4.751E-20 5.279E-20
 5.835E-20 7.771E-20 1.088E-19 1.559E-19 1.391E-19 8.115E-20 5.895E-20 4.360E-20 4.806E-20 8.461E-20
 7.375E-20 2.988E-20 1.192E-20 3.724E-20 8.562E-20 6.965E-20 1.951E-20 8.336E-21 1.219E-20 1.097E-20
 3.521E-21 3.905E-21 1.080E-20 1.142E-20 6.193E-21 5.302E-21 1.607E-20 1.721E-20 4.592E-21 0.000E+00
 1.103E-20 1.752E-20 6.728E-21 2.394E-21 1.663E-20 2.349E-20 1.118E-20 1.588E-20 3.145E-20 2.343E-20
 1.557E-20 3.412E-20 3.554E-20 2.288E-20 4.043E-20 4.005E-20 3.934E-20 5.737E-20 5.629E-20 7.036E-20
 1.271E-19 2.094E-19 1.936E-19 8.591E-20 4.339E-20 3.765E-20 3.954E-20 6.814E-20 7.385E-20 4.759E-20
 1.809E-20 7.161E-21 8.107E-21 3.710E-20 8.418E-20 6.444E-20 1.479E-20 8.116E-21 8.987E-21 1.162E-21
 8.590E-22 8.876E-21 1.078E-20 4.629E-21 5.940E-21 1.632E-20 1.998E-20 9.091E-21 2.004E-21 1.052E-20
 1.629E-20 8.227E-21 9.120E-21 2.391E-20 2.411E-20 9.923E-21 1.530E-20 2.877E-20 2.030E-20 2.114E-20
 3.846E-20 3.007E-20 2.797E-20 4.439E-20 3.699E-20 4.880E-20 6.237E-20 6.642E-20 1.189E-19 1.724E-19
 1.649E-19 1.034E-19 6.767E-20 6.228E-20 4.772E-20 4.702E-20 5.659E-20 6.634E-20 4.720E-20 1.591E-20
 3.114E-21 0.000E+00 1.096E-20 6.309E-20 9.415E-20 4.477E-20 4.110E-21 1.641E-21 8.612E-22 1.763E-21
 2.954E-21 8.035E-21 6.569E-21 5.625E-21 7.567E-21 7.979E-21 3.677E-21 7.447E-21 2.084E-20 1.891E-20
 6.736E-21 9.393E-21 2.274E-20 1.397E-20 9.383E-21 2.533E-20 2.763E-20 1.919E-20 3.300E-20 3.979E-20
 2.761E-20 4.293E-20 4.400E-20 4.550E-20 6.186E-20 8.687E-20 1.614E-19 2.028E-19 1.749E-19 1.118E-19
 5.711E-20 5.168E-20 6.806E-20 6.685E-20 4.126E-20 3.882E-20 3.381E-20 1.039E-20 1.227E-21 0.000E+00
 1.774E-21 1.017E-20 5.975E-20 9.519E-20 5.085E-20 1.022E-20 4.383E-21 2.978E-21 5.117E-21 1.064E-20
 1.032E-20 4.356E-21 6.168E-21 1.487E-20 1.332E-20 3.524E-21 3.647E-21 1.259E-20 1.060E-20 6.980E-21
 1.921E-20 1.867E-20 5.876E-21 1.526E-20 2.865E-20 1.739E-20 2.405E-20 4.022E-20 2.731E-20 3.704E-20
 4.875E-20 5.033E-20 7.317E-20 9.663E-20 1.220E-19 1.429E-19 1.510E-19 1.209E-19 8.625E-20 8.665E-20
 6.706E-20 3.037E-20 2.741E-20 5.526E-20 4.788E-20 1.177E-20 3.516E-21 4.792E-21 3.897E-21 2.522E-22
 1.812E-20 7.515E-20 8.641E-20 3.147E-20 2.516E-21 3.883E-21 4.450E-21 7.524E-21 9.124E-21 7.206E-21
 8.814E-22 3.779E-21 5.593E-21 1.265E-21 4.782E-21 1.247E-20 1.032E-20 3.118E-21 1.355E-20 1.777E-20
 8.456E-21 1.564E-20 2.909E-20 1.916E-20 2.138E-20 3.565E-20 2.713E-20 3.671E-20 4.055E-20 5.432E-20
 1.053E-19 1.225E-19 1.305E-19 1.695E-19 1.736E-19 1.278E-19 1.091E-19 8.537E-20 3.098E-20 1.070E-20
 2.355E-20 3.821E-20 2.484E-20 6.252E-21 5.396E-21 4.500E-21 2.805E-21 0.000E+00 1.595E-20 6.758E-20
 7.988E-20 3.229E-20 5.246E-21 3.434E-21 2.888E-21 2.900E-21 2.135E-21 7.893E-22 0.000E+00 0.000E+00
 4.418E-21 4.744E-21 5.309E-21 1.109E-20 9.806E-21 4.045E-21 1.466E-20 1.974E-20 1.035E-20 1.386E-20
 2.371E-20 1.455E-20 2.273E-20 2.999E-20 2.586E-20 4.072E-20 4.765E-20 7.240E-20 9.166E-20 8.681E-20
 1.146E-19 1.586E-19 1.737E-19 1.491E-19 9.240E-20 3.437E-20 9.117E-21 2.049E-20 5.258E-20 4.504E-20
 9.147E-21 0.000E+00 0.000E+00 0.000E+00 0.000E+00 3.145E-21 2.770E-20 7.405E-20 8.150E-20 3.456E-20
 5.938E-21 7.551E-22 0.000E+00 0.000E+00 0.000E+00 0.000E+00 0.000E+00 4.441E-23 9.331E-22 0.000E+00
 0.000E+00 0.000E+00 2.618E-22 2.825E-21 1.404E-20 1.717E-20 1.136E-20 1.809E-20 2.039E-20 1.909E-20
 3.229E-20 2.735E-20 3.199E-20 4.806E-20 7.894E-20 1.137E-19 9.759E-20 9.548E-20 1.715E-19 2.436E-19
 1.840E-19 7.666E-20 2.849E-20 1.020E-20 1.781E-20 3.285E-20 2.648E-20 5.803E-21 0.000E+00 0.000E+00
 0.000E+00 0.000E+00 4.068E-21 3.827E-20 7.214E-20 6.462E-20 3.188E-20 8.253E-21 0.000E+00 0.000E+00
 0.000E+00 0.000E+00 8.347E-22 0.000E+00 0.000E+00 0.000E+00 0.000E+00 3.119E-22 3.859E-21 4.544E-21
 2.383E-21 5.895E-21 9.719E-21 8.011E-21 1.255E-20 1.773E-20 1.088E-20 2.021E-20 2.468E-20 2.733E-20
 4.112E-20 5.621E-20 8.366E-20 8.321E-20 8.828E-20 1.424E-19 1.857E-19 1.650E-19 1.022E-19 4.306E-20
 1.008E-20 2.790E-20 5.657E-20 3.631E-20 2.732E-21 0.000E+00 0.000E+00 0.000E+00 0.000E+00 8.032E-21
 3.331E-20 5.390E-20 6.605E-20 4.572E-20 1.280E-20 1.707E-21 1.322E-22 1.868E-21 3.632E-21 2.111E-21
 0.000E+00 0.000E+00 2.316E-21 3.452E-21 1.200E-21 0.000E+00 0.000E+00 0.000E+00 0.000E+00 3.845E-21
 5.026E-21 5.130E-21 9.498E-21 8.497E-21 2.027E-20 2.390E-20 2.255E-20 3.135E-20 5.109E-20 9.612E-20
 1.234E-19 1.379E-19 1.534E-19 1.770E-19 1.675E-19 8.530E-20 2.176E-20 1.204E-20 2.887E-20 2.988E-20
 9.371E-21 4.953E-22 0.000E+00 0.000E+00 0.000E+00 1.289E-20 4.763E-20 5.156E-20 3.510E-20 2.872E-20
 1.203E-20 0.000E+00 0.000E+00 0.000E+00 0.000E+00 0.000E+00 0.000E+00 0.000E+00 1.700E-21 2.501E-21
 1.353E-22 9.395E-23 2.079E-21 1.989E-21 0.000E+00 0.000E+00 0.000E+00 2.384E-22 4.746E-21 7.323E-21
 7.234E-21 1.511E-20 1.658E-20 1.604E-20 2.292E-20 3.367E-20 7.483E-20 1.135E-19 1.080E-19 1.052E-19
 1.424E-19 1.478E-19 7.965E-20 2.648E-20 3.768E-20 5.054E-20 2.246E-20 1.767E-21 8.695E-22 2.017E-21
 7.797E-21 2.261E-20 3.629E-20 2.531E-20 3.542E-20 5.743E-20 3.336E-20 4.688E-21 0.000E+00 0.000E+00
 1.338E-21 1.989E-21 1.858E-21 3.155E-21 3.466E-21 2.349E-21 2.526E-22 0.000E+00 0.000E+00 0.000E+00
 7.051E-22 0.000E+00 0.000E+00 0.000E+00 0.000E+00 1.520E-21 2.839E-21 4.364E-21 7.130E-21 1.101E-20
 2.034E-20 2.876E-20 5.476E-20 1.144E-19 1.321E-19 9.910E-20 1.106E-19 1.501E-19 1.148E-19 3.896E-20
 2.188E-20 2.856E-20 1.323E-20 2.026E-21 1.844E-21 1.478E-22 1.932E-20 5.031E-20 3.734E-20 1.232E-20
 2.200E-20 3.232E-20 1.652E-20 2.806E-21 4.388E-21 4.699E-21 3.721E-21 3.763E-21 5.335E-21 4.687E-21
 6.860E-22 0.000E+00 0.000E+00 7.917E-22 2.169E-21 3.606E-21 1.110E-21 0.000E+00 0.000E+00 0.000E+00
 0.000E+00 2.245E-21 2.056E-21 1.199E-22 0.000E+00 0.000E+00 5.047E-21 1.210E-20 3.097E-20 5.552E-20
 6.994E-20 8.424E-20 9.504E-20 1.162E-19 1.135E-19 6.148E-20 4.243E-20 4.519E-20 1.903E-20 2.456E-21
 1.152E-21 1.338E-20 2.616E-20 1.406E-20 1.823E-21 1.644E-20 4.367E-20 3.650E-20 9.256E-21 9.759E-22
 2.600E-21 4.007E-21 2.647E-21 1.063E-21 0.000E+00 0.000E+00 2.612E-22 1.687E-21 0.000E+00 0.000E+00
 2.233E-22 1.501E-21 1.893E-21 1.889E-21 2.867E-21 2.625E-21 1.373E-21 0.000E+00 0.000E+00 0.000E+00
 0.000E+00 1.473E-21 0.000E+00 5.143E-21 3.635E-20 6.414E-20 5.507E-20 6.743E-20 9.929E-20 1.121E-19
 1.021E-19 5.893E-20 2.869E-20 1.737E-20 6.066E-21 1.066E-20 3.558E-20 4.239E-20 1.450E-20 0.000E+00
 5.144E-21 2.415E-20 2.616E-20 1.003E-20 1.049E-21 0.000E+00 0.000E+00 0.000E+00 0.000E+00 0.000E+00
 0.000E+00 0.000E+00 0.000E+00 2.139E-21 1.877E-21 0.000E+00 0.000E+00 1.459E-21 3.439E-21 2.592E-21
 0.000E+00 0.000E+00 0.000E+00 0.000E+00 0.000E+00 0.000E+00 0.000E+00 0.000E+00 2.250E-21 6.190E-21
 1.870E-20 2.891E-20 2.568E-20 3.598E-20 7.284E-20 1.068E-19 9.734E-20 6.550E-20 4.251E-20 1.960E-20
 1.564E-20 2.641E-20 1.871E-20 6.123E-21 3.395E-21 1.611E-20 3.538E-20 2.554E-20 5.295E-21 2.828E-21
 2.888E-21 8.044E-22 0.000E+00 0.000E+00 0.000E+00 0.000E+00 0.000E+00 0.000E+00 5.447E-22 1.288E-21
 1.079E-21 3.936E-22 3.036E-21 3.873E-21 3.811E-21 5.927E-21 2.768E-21 0.000E+00 0.000E+00 0.000E+00
 0.000E+00 3.751E-21 6.230E-21 4.927E-21 1.483E-21 6.145E-21 3.157E-20 3.869E-20 1.988E-20 2.212E-20
 6.210E-20 9.544E-20 7.386E-20 3.426E-20 2.014E-20 3.310E-20 3.305E-20 1.086E-20 5.183E-21 9.653E-21
 1.947E-20 2.092E-20 8.100E-21 3.754E-21 4.123E-21 1.460E-21 0.000E+00 1.180E-21 6.414E-21 6.998E-21
 5.226E-21 5.980E-21 5.871E-21 4.646E-21 2.982E-21 5.412E-22 1.599E-21 4.929E-21 7.532E-21 6.184E-21
 4.624E-21 4.180E-21 2.249E-21 5.966E-22 1.117E-21 5.274E-21 6.828E-21 3.911E-21 2.326E-21 4.952E-21
 8.770E-21 1.480E-20 2.312E-20 1.935E-20 8.115E-21 1.708E-20 5.177E-20 7.273E-20 5.617E-20 3.919E-20
 3.249E-20 2.129E-20 1.148E-20 8.066E-21 2.320E-20 3.565E-20 2.265E-20 1.467E-20 2.090E-20 1.871E-20
 9.760E-21 8.046E-21 9.721E-21 8.688E-21 6.806E-21 4.765E-21 3.835E-21 1.403E-20 2.566E-20 1.940E-20
 6.349E-21 0.000E+00 7.713E-22 9.081E-21 1.380E-20 1.531E-20 2.254E-20 2.764E-20 2.012E-20 1.283E-20
 1.316E-20 1.248E-20 7.364E-21 6.750E-21 1.484E-20 2.253E-20 2.426E-20 3.311E-20 4.184E-20 2.739E-20
 1.453E-20 3.433E-20 6.274E-20 6.898E-20 6.058E-20 3.978E-20 2.007E-20 1.903E-20 2.497E-20 2.892E-20
 2.698E-20 2.352E-20 2.034E-20 2.077E-20 2.051E-20 1.845E-20 1.818E-20 1.770E-20 2.289E-20 2.122E-20
 1.867E-20 2.132E-20 2.222E-20 2.173E-20 2.174E-20 2.760E-20 2.708E-20 2.372E-20 2.365E-20 2.386E-20
 2.578E-20 3.114E-20 3.435E-20 3.114E-20 3.070E-20 2.957E-20 2.862E-20 2.611E-20 2.232E-20 2.495E-20
 2.737E-20 2.128E-20 1.543E-20 2.292E-20 2.996E-20 3.114E-20 3.719E-20 4.799E-20 4.847E-20 3.348E-20
 2.666E-20 4.069E-20 5.206E-20 4.146E-20 2.974E-20 2.409E-20 1.837E-20 1.981E-20 2.946E-20 4.222E-20
 4.172E-20 3.260E-20 3.121E-20 3.257E-20 3.625E-20 3.859E-20 3.786E-20 4.101E-20 3.816E-20 3.440E-20
 4.377E-20 5.687E-20 5.577E-20 4.457E-20 4.392E-20 4.706E-20 5.137E-20 5.501E-20 5.097E-20 4.660E-20
 4.268E-20 4.941E-20 6.329E-20 6.400E-20 5.498E-20 5.504E-20 5.801E-20 5.569E-20 6.067E-20 6.987E-20
 6.860E-20 6.590E-20 8.057E-20 8.545E-20 7.676E-20 7.716E-20 7.194E-20 6.506E-20 7.147E-20 8.021E-20
 7.959E-20 8.442E-20 9.075E-20 8.803E-20 8.845E-20 8.891E-20 7.996E-20 7.489E-20 8.971E-20 1.037E-19
 1.060E-19 9.926E-20 9.536E-20 1.088E-19 1.148E-19 9.947E-20 9.148E-20 1.136E-19 1.360E-19 1.328E-19
 1.205E-19 1.249E-19 1.336E-19 1.211E-19 1.108E-19 1.255E-19 1.518E-19 1.504E-19 1.327E-19 1.470E-19
 1.612E-19 1.372E-19 1.298E-19 1.676E-19 1.843E-19 1.561E-19 1.573E-19 1.808E-19 1.527E-19 1.401E-19
 1.910E-19 2.034E-19 1.647E-19 1.779E-19 1.891E-19 1.595E-19 2.030E-19 2.411E-19 1.981E-19 1.975E-19
 2.082E-19 1.670E-19 2.094E-19 2.454E-19 1.988E-19 2.114E-19 1.939E-19 1.989E-19 2.373E-19 2.114E-19
 2.100E-19 2.028E-19 2.217E-19 2.412E-19 2.129E-19 2.012E-19 2.097E-19 2.248E-19 2.085E-19 2.141E-19
 2.443E-19 2.195E-19 1.824E-19 1.913E-19 1.892E-19 1.646E-19 1.593E-19 1.387E-19 1.199E-19 1.018E-19
 5.633E-20 1.412E-20 3.639E-21 1.420E-20 1.564E-20 1.035E-20 5.391E-21 4.433E-21 6.058E-21 8.811E-21
 5.975E-21 0.000E+00 0.000E+00 0.000E+00 9.419E-22 4.763E-21 8.952E-21 9.916E-21 6.516E-21 6.198E-22
 0.000E+00 1.804E-22 1.120E-21 2.113E-21 1.252E-21 1.710E-21 4.811E-21 5.810E-21 3.530E-21 3.193E-21
 4.360E-21 5.150E-21 5.832E-21 3.875E-21 2.333E-21 1.250E-21 2.319E-21 2.287E-21 1.488E-21 3.514E-21
 3.411E-21 5.694E-22 0.000E+00 2.620E-21 8.047E-21 7.404E-21 0.000E+00 0.000E+00 0.000E+00 0.000E+00
 0.000E+00 0.000E+00 1.455E-21 3.971E-21 4.908E-21 5.008E-21 5.404E-21 2.828E-21 4.470E-22 2.636E-21
 3.896E-21 3.390E-21 4.852E-21 5.445E-21 4.755E-21 6.095E-21 5.309E-21 1.821E-21 0.000E+00 0.000E+00
 0.000E+00 0.000E+00 0.000E+00 6.537E-22 5.482E-21 6.273E-21 2.991E-21 0.000E+00 0.000E+00 0.000E+00
 0.000E+00 0.000E+00 3.437E-22 4.944E-21 1.103E-20 9.817E-21 6.270E-21 8.911E-21 1.124E-20 7.506E-21
 3.685E-21 2.806E-21 2.194E-21 1.105E-21 0.000E+00 0.000E+00 6.696E-22 4.528E-21 5.301E-21 1.450E-21
 0.000E+00 0.000E+00 4.969E-22 2.946E-21 3.662E-21 4.055E-21 3.508E-21 5.753E-22 0.000E+00 0.000E+00
 0.000E+00 1.694E-21 8.492E-22 0.000E+00 6.257E-22 1.250E-21 0.000E+00 0.000E+00 0.000E+00 2.567E-21
 0.000E+00 0.000E+00 2.081E-22 0.000E+00 0.000E+00 7.955E-21 1.017E-20 1.242E-21 0.000E+00 3.969E-21
 2.802E-20 3.734E-20 1.752E-20 2.439E-21 9.247E-23 8.068E-21 1.898E-20 1.445E-20 1.821E-21 0.000E+00
 0.000E+00 0.000E+00 0.000E+00 8.288E-22 1.180E-21 3.827E-21 6.853E-21 5.991E-21 6.116E-21 4.735E-21
 8.172E-22 0.000E+00 1.908E-21 3.495E-21 3.111E-21 3.406E-21 3.186E-21 3.357E-21 8.356E-22 0.000E+00
 6.762E-22 1.251E-21 2.374E-22 0.000E+00 7.900E-22 8.095E-21 2.152E-20 1.818E-20 2.552E-21 0.000E+00
 0.000E+00 5.033E-21 2.718E-20 5.704E-20 4.710E-20 1.496E-20 3.803E-21 1.964E-21 3.920E-22 6.926E-22
 5.001E-21 1.047E-20 9.263E-21 5.755E-21 4.566E-21 1.665E-21 0.000E+00 2.121E-21 4.150E-21 1.162E-21
 0.000E+00 0.000E+00 1.140E-21 3.072E-21 3.274E-21 1.950E-22 0.000E+00 0.000E+00 0.000E+00 7.217E-22
 3.536E-21 3.314E-21 9.536E-22 7.048E-22 1.387E-22 1.043E-21 1.280E-20 1.946E-20 9.235E-21 1.743E-21
 5.631E-22 6.518E-22 0.000E+00 6.127E-21 4.036E-20 7.693E-20 6.870E-20 4.039E-20 2.761E-20 1.030E-20
 0.000E+00 2.685E-21 6.139E-21 3.262E-21 4.738E-21 2.324E-20 2.948E-20 1.191E-20 3.204E-21 1.899E-21
 0.000E+00 0.000E+00 4.750E-24 1.417E-21 2.661E-21 3.828E-21 2.138E-21 2.361E-22 0.000E+00 0.000E+00
 0.000E+00 2.803E-21 3.660E-21 2.066E-21 0.000E+00 6.804E-21 3.037E-20 3.463E-20 1.050E-20 0.000E+00
 0.000E+00 0.000E+00 6.163E-22 2.249E-21 7.681E-21 2.837E-20 4.773E-20 6.673E-20 9.080E-20 6.825E-20
 2.485E-20 1.501E-20 1.468E-20 5.265E-21 0.000E+00 1.995E-21 3.647E-21 2.286E-21 2.970E-21 1.442E-20
 2.287E-20 1.009E-20 0.000E+00 0.000E+00 0.000E+00 0.000E+00 0.000E+00 4.355E-21 2.679E-21 3.682E-22
 9.590E-22 1.545E-21 2.463E-21 2.643E-21 3.063E-21 1.742E-20 2.876E-20 1.565E-20 3.001E-21 2.156E-21
 5.028E-21 7.173E-21 7.138E-21 5.217E-21 9.677E-21 3.615E-20 5.343E-20 4.070E-20 3.958E-20 6.615E-20
 9.283E-20 8.274E-20 4.182E-20 1.260E-20 6.492E-21 2.305E-20 3.613E-20 1.692E-20 6.233E-22 1.060E-21
 0.000E+00 8.892E-22 8.707E-21 3.114E-20 4.479E-20 2.311E-20 2.425E-21 0.000E+00 7.142E-22 2.608E-21
 2.992E-21 3.651E-21 3.789E-21 1.062E-20 3.665E-20 4.535E-20 1.746E-20 1.886E-21 3.031E-21 2.572E-21
 2.312E-21 2.523E-21 2.690E-21 5.624E-21 2.343E-20 2.902E-20 1.840E-20 1.761E-20 2.489E-20 3.415E-20
 5.544E-20 9.869E-20 1.166E-19 9.764E-20 6.287E-20 2.154E-20 5.510E-21 4.717E-21 3.058E-21 1.022E-20
 2.584E-20 2.460E-20 1.000E-20 5.501E-21 4.543E-21 4.683E-21 9.512E-21 2.541E-20 2.787E-20 1.220E-20
 4.174E-21 4.586E-21 2.203E-20 3.437E-20 1.963E-20 3.612E-21 0.000E+00 2.363E-21 4.347E-21 4.104E-21
 5.064E-21 1.406E-20 4.018E-20 4.801E-20 1.988E-20 5.123E-21 5.155E-21 9.057E-21 2.002E-20 2.687E-20
 3.421E-20 5.204E-20 8.226E-20 1.007E-19 9.254E-20 7.788E-20 6.691E-20 3.890E-20 8.950E-21 2.440E-21
 3.135E-21 4.513E-21 4.737E-21 5.678E-21 2.230E-20 4.566E-20 3.099E-20 3.910E-21 0.000E+00 2.104E-20
 8.548E-20 9.431E-20 3.597E-20 8.357E-21 5.505E-21 3.924E-21 3.267E-21 5.075E-21 9.208E-21 2.742E-20
 3.725E-20 1.519E-20 0.000E+00 0.000E+00 3.222E-21 8.153E-21 9.235E-21 1.478E-20 2.255E-20 2.827E-20
 3.594E-20 4.219E-20 7.057E-20 1.069E-19 9.863E-20 8.161E-20 8.862E-20 8.117E-20 5.657E-20 3.414E-20
 1.152E-20 1.145E-21 3.068E-21 3.485E-21 4.938E-21 6.298E-21 1.395E-20 3.326E-20 3.519E-20 2.704E-20
 3.401E-20 2.151E-20 1.744E-20 3.490E-20 2.861E-20 4.105E-20 5.917E-20 3.029E-20 9.882E-22 0.000E+00
 3.362E-21 9.636E-21 8.965E-21 5.279E-21 7.414E-21 7.984E-21 1.530E-20 1.774E-20 2.054E-20 2.887E-20
 2.982E-20 3.667E-20 5.501E-20 7.818E-20 8.007E-20 7.162E-20 7.389E-20 7.933E-20 8.547E-20 5.934E-20
 2.950E-20 4.170E-20 5.461E-20 6.069E-20 6.017E-20 2.935E-20 5.809E-21 5.593E-21 3.040E-21 2.669E-21
 1.594E-20 4.020E-20 3.803E-20 1.644E-20 5.612E-20 1.087E-19 7.206E-20 1.649E-20 6.757E-21 5.864E-21
 5.668E-21 9.481E-21 1.260E-20 1.107E-20 1.043E-20 1.568E-20 1.254E-20 2.136E-20 2.674E-20 2.480E-20
 3.449E-20 4.047E-20 8.221E-20 1.073E-19 8.206E-20 6.595E-20 6.397E-20 7.025E-20 7.297E-20 1.165E-19
 1.375E-19 7.310E-20 1.809E-20 6.684E-21 2.872E-20 5.966E-20 7.483E-20 4.623E-20 6.767E-21 0.000E+00
 0.000E+00 0.000E+00 9.043E-22 4.277E-21 5.203E-21 1.866E-20 3.251E-20 1.706E-20 4.364E-21 2.102E-20
 4.337E-20 3.291E-20 1.991E-20 1.233E-20 4.458E-21 1.334E-20 1.954E-20 2.000E-20 3.278E-20 3.169E-20
 3.304E-20 6.670E-20 7.184E-20 6.887E-20 9.396E-20 1.206E-19 9.992E-20 6.500E-20 7.635E-20 7.373E-20
 1.046E-19 1.402E-19 8.617E-20 2.405E-20 2.412E-21 0.000E+00 2.906E-21 3.265E-20 5.489E-20 2.892E-20
 3.777E-21 0.000E+00 0.000E+00 0.000E+00 5.704E-21 3.499E-20 6.672E-20 4.298E-20 9.506E-21 6.352E-21
 1.260E-20 1.423E-20 1.836E-20 2.318E-20 4.058E-20 7.677E-20 6.694E-20 2.910E-20 3.576E-20 9.006E-20
 1.202E-19 9.539E-20 5.921E-20 7.157E-20 1.191E-19 9.170E-20 6.413E-20 6.704E-20 5.321E-20 7.304E-20
 6.132E-20 6.167E-20 1.245E-19 1.160E-19 4.015E-20 1.607E-21 0.000E+00 1.693E-21 4.881E-21 3.660E-21
 8.110E-21 2.696E-20 3.261E-20 1.765E-20 2.532E-20 4.296E-20 3.175E-20 1.136E-20 7.176E-21 1.390E-20
 1.704E-20 1.377E-20 2.832E-20 7.399E-20 7.518E-20 3.378E-20 4.108E-20 7.810E-20 9.872E-20 9.646E-20
 6.273E-20 3.938E-20 4.704E-20 3.441E-20 4.262E-20 5.926E-20 4.555E-20 6.327E-20 5.817E-20 4.766E-20
 7.634E-20 5.906E-20 4.516E-20 9.560E-20 1.073E-19 4.962E-20 9.796E-21 3.250E-21 4.848E-21 5.066E-21
 4.710E-21 8.820E-21 4.054E-20 6.887E-20 4.781E-20 5.637E-20 8.481E-20 6.730E-20 3.723E-20 5.004E-20
 8.021E-20 5.157E-20 2.578E-20 2.551E-20 3.437E-20 7.866E-20 8.292E-20 3.387E-20 1.787E-20 3.920E-20
 3.416E-20 2.868E-20 6.060E-20 8.758E-20 9.585E-20 8.140E-20 4.681E-20 4.776E-20 6.792E-20 3.885E-20
 4.243E-20 7.468E-20 5.787E-20 7.832E-20 1.054E-19 7.514E-20 4.115E-20 1.755E-20 1.405E-20 6.191E-20
 1.037E-19 7.345E-20 4.912E-20 3.859E-20 1.568E-20 1.316E-20 6.969E-21 1.249E-21 1.295E-20 3.779E-20
 5.426E-20 6.406E-20 6.880E-20 3.744E-20 8.646E-21 2.070E-20 3.465E-20 2.140E-20 2.436E-20 4.090E-20
 2.653E-20 2.641E-20 5.272E-20 4.203E-20 3.191E-20 6.130E-20 6.632E-20 7.202E-20 8.985E-20 5.773E-20
 2.661E-20 6.909E-20 1.249E-19 1.229E-19 1.400E-19 1.579E-19 1.007E-19 6.233E-20 4.952E-20 1.761E-20
 6.423E-21 8.743E-21 9.339E-21 1.253E-20 1.609E-20 1.413E-20 1.462E-20 5.353E-20 7.826E-20 3.880E-20
 1.036E-20 2.196E-20 2.646E-20 9.998E-21 3.425E-20 8.868E-20 6.792E-20 1.951E-20 3.066E-20 4.416E-20
 2.544E-20 3.242E-20 5.348E-20 4.797E-20 8.595E-20 1.397E-19 1.012E-19 4.797E-20 7.694E-20 1.363E-19
 1.171E-19 7.802E-20 1.221E-19 1.158E-19 4.886E-20 5.235E-20 6.382E-20 3.231E-20 1.992E-20 3.774E-20
 3.106E-20 1.092E-20 3.232E-20 5.777E-20 3.484E-20 8.409E-21 1.590E-20 2.564E-20 1.713E-20 7.138E-21
 1.912E-20 2.783E-20 1.225E-20 1.158E-20 3.958E-20 6.607E-20 8.734E-20 1.046E-19 8.391E-20 4.335E-20
 4.285E-20 7.231E-20 8.945E-20 8.964E-20 8.060E-20 6.811E-20 3.527E-20 1.949E-20 6.184E-20 7.020E-20
 4.277E-20 6.724E-20 1.126E-19 1.034E-19 4.753E-20 1.974E-20 5.023E-20 9.059E-20 7.347E-20 2.437E-20
 1.366E-20 5.021E-20 6.764E-20 3.207E-20 9.623E-21 2.467E-20 7.035E-20 1.026E-19 6.889E-20 2.929E-20
 2.136E-20 1.239E-20 1.292E-20 3.428E-20 4.525E-20 4.064E-20 4.068E-20 4.912E-20 4.055E-20 1.892E-20
 3.169E-20 5.388E-20 3.188E-20 1.640E-20 5.156E-20 9.165E-20 8.528E-20 5.342E-20 7.422E-20 1.094E-19
 8.961E-20 7.539E-20 1.149E-19 1.350E-19 7.991E-20 3.623E-20 6.425E-20 1.165E-19 1.057E-19 5.080E-20
 2.608E-20 1.361E-20 6.448E-21 1.959E-20 5.216E-20 5.381E-20 4.268E-20 6.747E-20 6.595E-20 3.023E-20
 1.476E-21 2.772E-21 2.714E-20 3.065E-20 8.707E-21 1.006E-20 3.713E-20 3.958E-20 1.888E-20 2.016E-20
 4.265E-20 3.409E-20 1.330E-20 4.391E-20 1.072E-19 1.022E-19 7.246E-20 1.348E-19 1.707E-19 9.624E-20
 3.161E-20 4.545E-20 8.080E-20 9.508E-20 8.478E-20 4.732E-20 3.358E-20 5.508E-20 6.243E-20 3.267E-20
 1.587E-21 9.977E-22 1.523E-20 1.857E-20 7.599E-21 6.459E-21 2.845E-20 6.920E-20 6.819E-20 2.740E-20
 2.130E-20 3.506E-20 2.487E-20 2.518E-21 1.851E-20 5.356E-20 9.421E-20 1.246E-19 9.440E-20 6.313E-20
 4.308E-20 1.137E-20 1.265E-20 6.495E-20 1.001E-19 6.167E-20 1.835E-20 3.608E-20 9.893E-20 1.043E-19
 7.148E-20 7.339E-20 5.093E-20 4.602E-20 6.050E-20 6.905E-20 1.100E-19 1.040E-19 3.825E-20 8.364E-21
 2.130E-20 2.287E-20 1.337E-20 4.635E-21 1.648E-20 7.241E-20 9.960E-20 4.579E-20 2.154E-20 7.355E-20
 8.766E-20 5.480E-20 2.628E-20 2.204E-20 3.187E-20 1.779E-20 8.701E-21 3.187E-20 7.229E-20 7.549E-20
 4.765E-20 3.852E-20 5.376E-20 6.256E-20 2.958E-20 5.730E-21 1.153E-20 5.811E-20 1.078E-19 7.078E-20
 1.641E-20 2.676E-21 1.084E-20 5.004E-20 1.054E-19 1.299E-19 9.794E-20 4.404E-20 2.499E-20 2.544E-20
 3.252E-20 5.449E-20 4.970E-20 3.373E-20 1.945E-20 3.488E-21 3.750E-21 3.489E-20 8.266E-20 6.819E-20
 1.979E-20 1.253E-20 3.331E-20 3.411E-20 2.267E-20 6.112E-20 1.132E-19 9.759E-20 3.670E-20 1.287E-20
 1.949E-20 5.120E-20 1.098E-19 1.159E-19 8.360E-20 5.315E-20 3.849E-20 5.717E-20 5.112E-20 1.830E-20
 2.474E-20 5.479E-20 5.592E-20 4.812E-20 6.109E-20 7.344E-20 7.344E-20 6.213E-20 4.061E-20 1.663E-20
 1.482E-20 3.153E-20 2.638E-20 1.351E-20 1.254E-20 4.457E-20 7.511E-20 4.077E-20 5.371E-21 2.284E-20
 9.426E-20 1.211E-19 5.432E-20 1.039E-20 1.056E-20 3.736E-20 5.021E-20 2.748E-20 2.117E-20 3.615E-20
 6.977E-20 9.536E-20 7.124E-20 2.844E-20 1.040E-20 1.234E-20 5.752E-20 1.058E-19 7.419E-20 2.019E-20
 3.831E-21 2.077E-21 1.609E-20 5.617E-20 6.310E-20 2.384E-20 1.473E-20 7.098E-20 1.142E-19 7.045E-20
 1.762E-20 4.841E-21 5.864E-21 1.964E-20 3.730E-20 4.975E-20 4.579E-20 2.357E-20 3.337E-20 6.479E-20
 6.229E-20 7.932E-20 9.138E-20 5.724E-20 4.858E-20 4.576E-20 2.439E-20 7.413E-21 1.187E-20 4.732E-20
 5.811E-20 2.367E-20 0.000E+00 1.361E-20 6.111E-20 1.087E-19 1.125E-19 6.877E-20 2.028E-20 3.713E-21
 1.387E-20 4.224E-20 6.533E-20 5.740E-20 3.119E-20 1.857E-20 2.897E-20 2.521E-20 2.314E-20 4.701E-20
 5.772E-20 5.369E-20 4.932E-20 5.689E-20 6.016E-20 3.029E-20 2.233E-20 3.486E-20 2.085E-20 1.039E-20
 3.098E-20 8.520E-20 1.091E-19 6.466E-20 2.028E-20 1.045E-20 1.127E-20 1.255E-20 3.164E-20 3.623E-20
 1.219E-20 7.178E-21 1.439E-20 7.149E-21 2.140E-21 2.218E-20 5.036E-20 5.118E-20 4.414E-20 6.074E-20
 6.336E-20 7.383E-20 1.059E-19 1.011E-19 7.536E-20 3.601E-20 2.540E-20 5.051E-20 4.609E-20 3.262E-20
 2.690E-20 3.522E-20 3.416E-20 1.467E-20 2.299E-20 3.940E-20 2.556E-20 7.378E-21 6.385E-21 7.266E-21
 2.216E-20 3.407E-20 3.105E-20 3.195E-20 2.167E-20 5.259E-21 1.726E-20 6.100E-20 7.478E-20 5.428E-20
 3.149E-20 1.398E-20 3.715E-20 7.513E-20 8.644E-20 8.444E-20 7.639E-20 4.757E-20 1.278E-20 3.289E-21
 1.682E-20 3.921E-20 4.490E-20 2.575E-20 6.753E-21 4.959E-21 2.266E-20 4.876E-20 4.728E-20 1.765E-20
 3.452E-21 1.328E-20 3.249E-20 4.135E-20 3.833E-20 3.874E-20 3.825E-20 4.947E-20 7.769E-20 6.798E-20
 2.513E-20 2.364E-20 5.076E-20 5.770E-20 5.182E-20 6.725E-20 7.600E-20 3.753E-20 5.492E-21 2.422E-21
 6.915E-21 1.548E-20 2.244E-20 2.863E-20 2.815E-20 3.022E-20 3.461E-20 2.871E-20 2.223E-20 1.344E-20
 1.140E-20 2.571E-20 5.502E-20 8.708E-20 7.369E-20 3.070E-20 1.530E-20 1.558E-20 1.151E-20 2.428E-20
 4.321E-20 2.723E-20 2.789E-21 1.036E-20 2.595E-20 2.700E-20 5.025E-20 7.428E-20 4.000E-20 3.430E-21
 1.348E-21 1.541E-20 2.863E-20 2.582E-20 3.489E-20 3.939E-20 2.737E-20 4.364E-20 7.051E-20 6.845E-20
 4.249E-20 1.397E-20 7.774E-21 2.783E-20 4.489E-20 4.059E-20 4.127E-20 4.348E-20 2.557E-20 2.264E-20
 4.055E-20 4.256E-20 2.423E-20 5.870E-21 1.126E-21 1.463E-20 3.557E-20 4.238E-20 3.286E-20 1.944E-20
 1.918E-20 3.030E-20 2.935E-20 1.479E-20 2.032E-20 4.492E-20 5.198E-20 3.661E-20 2.207E-20 4.802E-20
 7.885E-20 5.142E-20 2.389E-20 5.335E-20 7.043E-20 3.204E-20 2.690E-21 0.000E+00 0.000E+00 0.000E+00
 7.748E-22 1.024E-20 1.420E-20 1.258E-20 1.741E-20 4.666E-20 5.985E-20 4.420E-20 4.465E-20 3.288E-20
 9.578E-21 1.525E-20 2.710E-20 1.869E-20 2.127E-20 3.694E-20 2.588E-20 6.789E-21 2.307E-21 9.154E-21
 2.436E-20 2.554E-20 2.572E-20 3.609E-20 2.613E-20 1.774E-20 1.941E-20 2.396E-20 4.397E-20 4.042E-20
 2.578E-20 3.280E-20 3.392E-20 2.319E-20 3.401E-20 5.649E-20 5.117E-20 4.702E-20 3.992E-20 1.350E-20
 1.010E-21 1.104E-20 2.279E-20 1.330E-20 8.989E-21 2.469E-20 4.839E-20 5.303E-20 2.378E-20 3.765E-21
 7.407E-21 2.613E-20 3.939E-20 2.750E-20 1.050E-20 4.079E-21 2.886E-21 2.280E-21 9.559E-21 3.301E-20
 5.416E-20 5.658E-20 5.762E-20 4.414E-20 1.522E-20 3.596E-21 7.276E-21 1.189E-20 9.187E-21 8.949E-21
 1.856E-20 2.555E-20 2.440E-20 2.925E-20 3.610E-20 2.301E-20 6.046E-21 2.942E-21 1.852E-21 1.208E-20
 4.400E-20 5.492E-20 2.998E-20 9.629E-21 1.216E-20 1.587E-20 2.434E-20 4.558E-20 3.820E-20 2.635E-20
 3.145E-20 2.694E-20 2.319E-20 2.234E-20 2.954E-20 3.270E-20 2.507E-20 2.789E-20 3.610E-20 2.813E-20
 7.519E-21 3.125E-21 1.143E-20 1.348E-20 7.549E-21 3.339E-21 0.000E+00 0.000E+00 1.035E-20 2.286E-20
 2.670E-20 2.777E-20 1.894E-20 4.108E-21 0.000E+00 0.000E+00 9.984E-22 1.344E-20 2.974E-20 3.529E-20
 3.124E-20 3.459E-20 4.097E-20 5.100E-20 4.808E-20 2.766E-20 4.117E-20 5.530E-20 3.482E-20 2.194E-20
 1.684E-20 6.194E-21 0.000E+00 0.000E+00 5.566E-21 2.286E-20 3.506E-20 2.366E-20 1.103E-20 9.074E-21
 9.294E-21 5.844E-21 5.666E-22 5.163E-21 1.028E-20 8.293E-21 1.622E-20 2.686E-20 2.895E-20 2.356E-20
 1.046E-20 7.995E-21 1.299E-20 5.863E-21 1.006E-21 7.739E-21 1.125E-20 2.299E-20 4.487E-20 4.086E-20
 1.880E-20 1.157E-20 1.106E-20 1.273E-20 2.050E-20 2.304E-20 2.686E-20 2.349E-20 7.878E-21 7.575E-21
 1.972E-20 1.664E-20 8.003E-21 3.037E-20 4.786E-20 2.624E-20 4.196E-21 0.000E+00 3.412E-21 1.653E-20
 2.296E-20 2.067E-20 2.852E-20 2.809E-20 1.036E-20 6.838E-21 1.148E-20 1.408E-20 1.273E-20 4.958E-21
 4.681E-21 1.489E-20 1.587E-20 1.133E-20 1.564E-20 1.668E-20 1.503E-20 1.239E-20 8.734E-21 1.220E-20
 2.004E-20 1.978E-20 1.136E-20 1.061E-20 1.556E-20 1.980E-20 2.034E-20 1.545E-20 1.178E-20 8.634E-21
 7.729E-21 1.328E-20 1.758E-20 1.254E-20 5.281E-21 4.274E-21 4.042E-21 1.151E-20 2.226E-20 2.191E-20
 2.425E-20 2.027E-20 1.197E-20 1.997E-20 2.359E-20 1.622E-20 1.646E-20 2.376E-20 2.144E-20 8.392E-21
 2.015E-21 9.370E-21 1.494E-20 7.030E-21 4.741E-21 1.337E-20 1.270E-20 1.081E-20 1.253E-20 3.872E-21
 0.000E+00 0.000E+00 0.000E+00 4.239E-21 9.715E-21 1.409E-20 1.361E-20 1.896E-20 2.820E-20 3.227E-20
 2.529E-20 1.173E-20 8.401E-21 1.091E-20 1.237E-20 1.320E-20 1.868E-20 1.811E-20 8.206E-21 6.981E-21
 6.563E-21 3.550E-21 8.991E-21 2.281E-20 2.666E-20 1.384E-20 7.802E-21 1.092E-20 9.203E-21 7.586E-21
 1.439E-20 2.123E-20 1.949E-20 1.687E-20 1.966E-20 1.717E-20 4.685E-21 0.000E+00 3.922E-21 8.646E-21
 1.354E-20 9.208E-21 3.261E-21 6.898E-22 0.000E+00 8.807E-22 1.631E-20 2.083E-20 9.493E-21 3.903E-21
 6.527E-21 3.231E-21 4.622E-21 1.649E-20 1.971E-20 1.053E-20 3.436E-21 7.939E-21 1.225E-20 1.166E-20
 2.018E-20 2.088E-20 1.153E-20 1.020E-20 1.179E-20 1.476E-20 1.253E-20 2.630E-21 0.000E+00 0.000E+00
 5.901E-21 1.210E-20 7.945E-21 5.256E-21 1.485E-20 1.426E-20 7.501E-21 8.812E-21 8.887E-21 7.539E-21
 5.081E-21 3.854E-21 9.755E-21 1.181E-20 1.004E-20 1.393E-20 1.626E-20 1.121E-20 1.394E-21 1.019E-21
 9.815E-21 1.433E-20 1.184E-20 5.102E-21 3.686E-21 5.850E-21 6.946E-21 4.008E-21 3.545E-21 1.264E-20
 1.354E-20 2.586E-21 0.000E+00 0.000E+00 3.228E-21 1.348E-20 1.367E-20 8.071E-21 1.396E-20 1.564E-20
 1.037E-20 5.852E-21 1.444E-22 0.000E+00 0.000E+00 1.282E-21 7.837E-21 8.566E-21 6.160E-21 3.566E-21
 1.038E-20 1.766E-20 1.894E-20 1.892E-20 8.364E-21 0.000E+00 0.000E+00 0.000E+00 0.000E+00 2.038E-21
 6.167E-21 8.693E-21 1.301E-20 1.220E-20 6.315E-21 5.624E-21 4.648E-21 4.492E-21 4.883E-21 1.714E-21
 1.559E-21 5.488E-21 7.538E-21 7.039E-21 1.211E-20 2.035E-20 1.633E-20 4.790E-21 5.772E-22 6.383E-21
 1.382E-20 1.319E-20 7.793E-21 1.769E-22 0.000E+00 8.326E-21 1.109E-20 6.233E-21 2.643E-21 4.138E-21
 3.705E-21 0.000E+00 0.000E+00 0.000E+00 1.916E-21 7.955E-21 1.581E-20 1.593E-20 1.117E-20 7.392E-21
 2.241E-21 0.000E+00 0.000E+00 0.000E+00 2.007E-21 7.345E-21 4.699E-21 3.713E-21 6.289E-21 5.319E-21
 9.859E-21 1.495E-20 1.090E-20 2.681E-21 0.000E+00 4.430E-21 6.836E-21 4.673E-21 5.237E-21 5.187E-21
 4.656E-21 6.310E-21 4.790E-21 1.771E-21 0.000E+00 0.000E+00 0.000E+00 2.187E-21 8.358E-21 5.633E-21
 0.000E+00 0.000E+00 0.000E+00 0.000E+00 2.074E-21 3.702E-21 1.378E-21 0.000E+00 9.233E-22 8.365E-21
 1.026E-20 3.637E-21 0.000E+00 2.552E-21 1.153E-20 1.459E-20 7.341E-21 2.193E-21 5.731E-21 5.900E-21
 1.160E-21 0.000E+00 3.211E-21 4.740E-21 2.473E-21 1.135E-21 2.172E-21 2.374E-21 1.986E-21 4.733E-21
 4.800E-21 1.254E-21 0.000E+00 0.000E+00 2.735E-22 4.052E-21 5.583E-21 4.763E-21 6.751E-21 9.399E-21
 8.729E-21 5.192E-21 1.844E-21 2.299E-21 6.726E-21 5.903E-21 0.000E+00 0.000E+00 0.000E+00 0.000E+00
 3.293E-21 9.555E-21 1.443E-20 1.440E-20 9.644E-21 2.265E-21 0.000E+00 0.000E+00 0.000E+00 0.000E+00
 2.272E-21 1.125E-20 1.445E-20 9.100E-21 5.181E-21 3.435E-21 1.262E-21 1.197E-21 2.341E-21 5.752E-22
 0.000E+00 5.174E-21 1.064E-20 6.103E-21 0.000E+00 0.000E+00 3.579E-21 3.326E-21 0.000E+00 0.000E+00
 2.518E-22 5.066E-22 8.032E-22 3.338E-21 6.661E-21 4.580E-21 3.645E-22 0.000E+00 1.469E-21 1.568E-21
 4.519E-22 1.205E-21 5.541E-21 8.575E-21 6.418E-21 6.177E-21 7.095E-21 6.702E-21 4.052E-21 1.570E-21
 2.355E-21 2.796E-21 2.897E-21 3.296E-21 3.277E-21 1.678E-21 4.119E-21 7.427E-21 4.487E-21 4.172E-21
 7.265E-21 7.281E-21 4.465E-21 3.430E-21 5.194E-21 5.801E-21 3.920E-21 1.862E-21 0.000E+00 0.000E+00
 0.000E+00 1.668E-21 3.787E-21 3.620E-21 3.147E-21 5.396E-21 1.062E-20 1.404E-20 1.044E-20 8.495E-21
 8.341E-21 2.710E-21 0.000E+00 3.327E-21 9.742E-21 1.046E-20 3.846E-21 0.000E+00 4.779E-22 3.244E-21
 3.079E-21 4.621E-21 6.059E-21 5.029E-21 5.585E-21 3.849E-21 0.000E+00 0.000E+00 3.545E-21 5.819E-21
 4.334E-21 3.010E-21 2.629E-21 1.658E-21 1.344E-21 1.449E-21 2.651E-22 0.000E+00 0.000E+00 0.000E+00
 8.016E-22 6.245E-22 2.026E-21 1.521E-21 0.000E+00 0.000E+00 1.424E-21 2.286E-21 1.355E-21 1.765E-21
 3.391E-21 4.054E-21 3.613E-21 4.424E-21 3.140E-21 7.365E-22 0.000E+00 0.000E+00 0.000E+00 0.000E+00
 2.560E-22 2.522E-21 1.858E-21 1.222E-21 2.552E-21 4.372E-21 6.761E-21 6.361E-21 5.145E-21 7.001E-21
 4.705E-21 0.000E+00 0.000E+00 0.000E+00 4.856E-22 0.000E+00 0.000E+00 0.000E+00 0.000E+00 0.000E+00
 0.000E+00 0.000E+00 2.624E-21 5.816E-21 5.871E-21 2.723E-21 9.672E-22 0.000E+00 0.000E+00 4.820E-21
 6.055E-21 2.148E-21 1.671E-21 2.469E-21 1.359E-21 0.000E+00 0.000E+00 0.000E+00 0.000E+00 0.000E+00
 0.000E+00 0.000E+00 0.000E+00 0.000E+00 0.000E+00 0.000E+00 7.142E-22 0.000E+00 0.000E+00 1.647E-21
 3.894E-21 4.027E-21 2.348E-21 1.311E-21 1.247E-21 3.635E-22 1.831E-22 1.047E-22 6.407E-22 2.540E-21
 4.263E-21 4.073E-21 1.233E-21 0.000E+00 0.000E+00 0.000E+00 0.000E+00 0.000E+00 0.000E+00 0.000E+00
 6.929E-22 3.267E-21 2.087E-21 0.000E+00 0.000E+00 0.000E+00 1.819E-21 3.718E-21 4.817E-21 4.028E-21
 8.005E-22 0.000E+00 0.000E+00 5.117E-22 7.974E-22 0.000E+00 1.567E-21 3.081E-21 4.385E-23 0.000E+00
 0.000E+00 2.166E-21 3.599E-21 4.748E-22 9.492E-22 1.715E-21 1.847E-22 0.000E+00 0.000E+00 0.000E+00
 0.000E+00 0.000E+00 0.000E+00 0.000E+00 1.222E-21 7.372E-22 0.000E+00 0.000E+00 0.000E+00 1.125E-21
 8.773E-22 1.621E-21 1.931E-21 0.000E+00 0.000E+00 0.000E+00 0.000E+00 0.000E+00 0.000E+00 0.000E+00
 0.000E+00 0.000E+00 0.000E+00 2.845E-22 1.276E-21 0.000E+00 0.000E+00 1.294E-21 3.709E-21 4.708E-21
 0.000E+00 0.000E+00 0.000E+00 2.522E-21 1.493E-21 0.000E+00 7.223E-22 6.337E-21 6.486E-21 2.552E-21
 0.000E+00 0.000E+00 0.000E+00 0.000E+00 3.914E-21 5.768E-21 3.916E-21 1.556E-22 0.000E+00 8.752E-22
 3.535E-21 3.331E-21 1.135E-21 9.922E-22 2.047E-21 1.222E-21 0.000E+00 0.000E+00 0.000E+00 2.298E-21
 5.040E-21 5.581E-21 4.078E-21 3.032E-21 3.038E-21 3.609E-21 3.306E-21 8.236E-22 0.000E+00 0.000E+00
 2.312E-22 2.624E-21 2.051E-21 0.000E+00 0.000E+00 0.000E+00 3.755E-22 0.000E+00 0.000E+00 0.000E+00
 2.434E-22 0.000E+00 3.360E-22 2.216E-21 2.161E-21 9.001E-22 0.000E+00 0.000E+00 0.000E+00 0.000E+00
 0.000E+00 0.000E+00 0.000E+00 0.000E+00 0.000E+00 0.000E+00 0.000E+00 0.000E+00 0.000E+00 0.000E+00
 0.000E+00 0.000E+00 9.591E-22 5.816E-22 0.000E+00 0.000E+00 0.000E+00 0.000E+00 0.000E+00 0.000E+00
 0.000E+00 1.166E-21 1.071E-21 0.000E+00 0.000E+00 0.000E+00 0.000E+00 3.619E-22 1.969E-21 5.653E-22
 0.000E+00 0.000E+00 0.000E+00 2.871E-21 3.741E-21 0.000E+00 0.000E+00 0.000E+00 8.747E-22 0.000E+00
 0.000E+00 0.000E+00 0.000E+00 0.000E+00 0.000E+00 0.000E+00 0.000E+00 0.000E+00 0.000E+00 0.000E+00
 4.864E-22 0.000E+00 0.000E+00 0.000E+00 0.000E+00 0.000E+00 8.175E-22 7.487E-22 1.153E-21 3.039E-21
 3.704E-21 1.715E-21 2.788E-22 0.000E+00 0.000E+00 0.000E+00 0.000E+00 0.000E+00 0.000E+00 0.000E+00
 0.000E+00 1.552E-22 0.000E+00 0.000E+00 0.000E+00 0.000E+00 0.000E+00 0.000E+00 0.000E+00 0.000E+00
 0.000E+00 0.000E+00 1.802E-21 1.450E-21 1.537E-21 2.127E-21 8.778E-22 0.000E+00 6.112E-22 6.821E-22
 0.000E+00 0.000E+00 0.000E+00 0.000E+00 0.000E+00 0.000E+00 0.000E+00 0.000E+00 1.737E-21 2.935E-21
 1.393E-21 1.800E-21 5.026E-21 5.231E-21 1.633E-23 0.000E+00 1.852E-21 1.997E-21 0.000E+00 0.000E+00
 0.000E+00 0.000E+00 0.000E+00 0.000E+00 0.000E+00 0.000E+00 0.000E+00 0.000E+00 0.000E+00 0.000E+00
 0.000E+00 9.012E-22 2.429E-21 3.866E-21 3.228E-21 1.509E-22 0.000E+00 0.000E+00 7.371E-22 2.051E-21
 1.992E-21 3.815E-21 3.529E-21 1.894E-22 0.000E+00 8.708E-22 1.851E-21 2.603E-21 4.636E-21 3.604E-21
 2.979E-22 0.000E+00 0.000E+00 0.000E+00 0.000E+00 0.000E+00 0.000E+00 3.767E-22 0.000E+00 0.000E+00
 1.206E-21 1.134E-21 0.000E+00 0.000E+00 0.000E+00 1.674E-21 1.052E-21 0.000E+00 0.000E+00 0.000E+00
 0.000E+00 0.000E+00 1.357E-21 3.534E-22 0.000E+00 0.000E+00 0.000E+00 0.000E+00 0.000E+00 0.000E+00
 0.000E+00 0.000E+00 7.634E-22 4.093E-22 1.538E-21 2.649E-21 2.323E-22 0.000E+00 0.000E+00 1.979E-21
 0.000E+00 0.000E+00 0.000E+00 0.000E+00 0.000E+00 0.000E+00 2.532E-21 2.009E-21 0.000E+00 0.000E+00
 3.862E-22 6.324E-23 1.919E-21 2.975E-21 1.362E-21 5.985E-22 0.000E+00 0.000E+00 4.557E-22 0.000E+00
 0.000E+00 0.000E+00 1.510E-21 0.000E+00 0.000E+00 0.000E+00 1.899E-21 4.085E-21 1.882E-21 0.000E+00
 0.000E+00 3.196E-22 0.000E+00 0.000E+00 5.715E-23 1.563E-21 1.382E-21 0.000E+00 0.000E+00 0.000E+00
 0.000E+00 0.000E+00 0.000E+00 0.000E+00 0.000E+00 0.000E+00 0.000E+00 0.000E+00 0.000E+00 0.000E+00
 6.536E-22 9.076E-22 0.000E+00 0.000E+00 6.363E-23 0.000E+00 0.000E+00 0.000E+00 0.000E+00 0.000E+00
 0.000E+00 0.000E+00 0.000E+00 0.000E+00 1.104E-21 0.000E+00 0.000E+00 0.000E+00 2.126E-22 4.654E-21
 6.048E-21 3.858E-21 1.914E-21 0.000E+00 0.000E+00 0.000E+00 0.000E+00 0.000E+00 0.000E+00 0.000E+00
 0.000E+00 0.000E+00 0.000E+00 2.746E-21 4.546E-21 1.246E-21 0.000E+00 0.000E+00 0.000E+00 0.000E+00
 0.000E+00 0.000E+00 0.000E+00 5.901E-22 0.000E+00 0.000E+00 0.000E+00 0.000E+00 0.000E+00 0.000E+00
 0.000E+00 0.000E+00 0.000E+00 0.000E+00 1.346E-22 0.000E+00 0.000E+00 0.000E+00 0.000E+00 0.000E+00
 1.142E-21 2.951E-21 1.141E-21 2.232E-22 3.058E-21 5.150E-21 3.482E-21 2.728E-21 2.586E-21 0.000E+00
 0.000E+00 0.000E+00 9.000E-22 2.673E-21 5.134E-21 3.647E-21 0.000E+00 0.000E+00 0.000E+00 0.000E+00
 0.000E+00 0.000E+00 3.543E-21 2.443E-21 0.000E+00 0.000E+00 0.000E+00 0.000E+00 0.000E+00 0.000E+00
 0.000E+00 0.000E+00 0.000E+00 0.000E+00 0.000E+00 0.000E+00 0.000E+00 0.000E+00 0.000E+00 0.000E+00
 2.647E-21 5.654E-22 0.000E+00 7.957E-22 0.000E+00 0.000E+00 0.000E+00 0.000E+00 0.000E+00 0.000E+00
 0.000E+00 0.000E+00 1.006E-21 0.000E+00 0.000E+00 0.000E+00 0.000E+00 0.000E+00 1.237E-21 3.238E-22
 0.000E+00 0.000E+00 0.000E+00 0.000E+00 0.000E+00 7.135E-22 1.958E-21 1.758E-21 8.725E-22 0.000E+00
 0.000E+00 0.000E+00 0.000E+00 4.528E-23 3.367E-21 2.319E-21 0.000E+00 0.000E+00 0.000E+00 0.000E+00
 0.000E+00 0.000E+00 0.000E+00 8.460E-22 0.000E+00 0.000E+00 0.000E+00 1.551E-21 2.131E-21 1.347E-22
 0.000E+00 0.000E+00 0.000E+00 0.000E+00 0.000E+00 0.000E+00 0.000E+00 0.000E+00 0.000E+00 0.000E+00
 0.000E+00 0.000E+00 0.000E+00 0.000E+00 0.000E+00 0.000E+00 0.000E+00 0.000E+00 0.000E+00 0.000E+00
 0.000E+00 0.000E+00 0.000E+00 0.000E+00 0.000E+00 0.000E+00 0.000E+00 0.000E+00 0.000E+00 0.000E+00
 1.745E-22 1.303E-21 0.000E+00 0.000E+00 0.000E+00 0.000E+00 0.000E+00 1.212E-21 0.000E+00 0.000E+00
 0.000E+00 0.000E+00 0.000E+00 0.000E+00 0.000E+00 1.006E-21 3.073E-21 1.238E-21 0.000E+00 0.000E+00
 0.000E+00 0.000E+00 0.000E+00 0.000E+00 0.000E+00 0.000E+00 0.000E+00 9.332E-22 3.740E-21 1.180E-21
 0.000E+00 0.000E+00 0.000E+00 0.000E+00 0.000E+00 7.927E-22 1.793E-21 1.235E-21 0.000E+00 0.000E+00
 0.000E+00 0.000E+00 1.204E-21 0.000E+00 0.000E+00 0.000E+00 0.000E+00 0.000E+00 0.000E+00 0.000E+00
 7.912E-22 2.195E-21 2.192E-21 1.798E-21 1.854E-21 3.307E-21 4.979E-21 2.935E-21 1.252E-22 2.487E-21
 5.759E-21 4.291E-21 2.340E-21 3.517E-21 3.550E-21 2.459E-22 0.000E+00 0.000E+00 0.000E+00 6.837E-22
 3.224E-21 2.413E-21 1.779E-21 2.151E-21 0.000E+00 0.000E+00 0.000E+00 6.277E-22 1.009E-21 0.000E+00
 1.680E-21 1.638E-21 0.000E+00 3.891E-22 1.702E-21 4.298E-21 6.632E-21 3.380E-21 0.000E+00 0.000E+00
 0.000E+00 0.000E+00 0.000E+00 0.000E+00 4.970E-22 0.000E+00 0.000E+00 0.000E+00 0.000E+00 3.709E-22
 1.103E-22 1.112E-21 1.770E-21 1.516E-21 1.828E-21 1.176E-21 2.630E-22 0.000E+00 0.000E+00 0.000E+00
 0.000E+00 0.000E+00 0.000E+00 0.000E+00 0.000E+00 0.000E+00 2.264E-21 1.871E-21 0.000E+00 0.000E+00
 0.000E+00 0.000E+00 0.000E+00 0.000E+00 0.000E+00 5.731E-22 3.788E-21 3.276E-21 0.000E+00 0.000E+00
 0.000E+00 0.000E+00 1.115E-21 2.097E-21 1.735E-21
