     CH2F2 1385.0000 1475.0000      5975    297.00    0.0000 2.119E-19  HITRAN      HFC-32    air 31
 0.000E+00 0.000E+00 0.000E+00 1.678E-21 8.406E-22 0.000E+00 0.000E+00 0.000E+00 0.000E+00 5.151E-22
 3.978E-21 6.473E-21 4.300E-21 0.000E+00 3.718E-22 4.442E-21 5.666E-21 3.463E-21 3.427E-22 0.000E+00
 0.000E+00 0.000E+00 2.708E-21 7.864E-21 8.973E-21 5.056E-21 1.731E-21 2.226E-21 3.800E-21 1.045E-21
 0.000E+00 0.000E+00 1.401E-21 5.583E-21 2.855E-21 9.085E-22 1.583E-21 7.864E-22 0.000E+00 0.000E+00
 0.000E+00 0.000E+00 0.000E+00 0.000E+00 1.701E-21 2.467E-21 0.000E+00 0.000E+00 0.000E+00 0.000E+00
 5.760E-22 1.587E-21 0.000E+00 0.000E+00 0.000E+00 5.393E-22 3.569E-21 0.000E+00 0.000E+00 0.000E+00
 1.693E-21 1.619E-21 6.228E-23 0.000E+00 0.000E+00 1.661E-21 3.773E-21 3.029E-21 2.202E-21 1.033E-21
 9.492E-22 1.140E-21 0.000E+00 5.862E-22 7.917E-22 0.000E+00 0.000E+00 0.000E+00 8.745E-22 3.200E-21
 2.713E-21 0.000E+00 0.000E+00 2.582E-21 5.396E-21 4.971E-21 3.422E-21 1.557E-21 7.740E-24 0.000E+00
 9.225E-23 7.208E-22 5.246E-22 6.974E-22 0.000E+00 0.000E+00 1.214E-21 3.524E-22 0.000E+00 0.000E+00
 1.745E-21 3.237E-21 3.827E-21 3.357E-21 1.333E-21 0.000E+00 0.000E+00 1.619E-21 3.992E-21 5.905E-21
 8.035E-21 7.676E-21 5.081E-21 2.072E-21 0.000E+00 0.000E+00 0.000E+00 0.000E+00 0.000E+00 3.111E-21
 3.623E-21 6.305E-22 0.000E+00 0.000E+00 2.105E-21 0.000E+00 0.000E+00 0.000E+00 0.000E+00 0.000E+00
 0.000E+00 1.266E-22 2.910E-21 0.000E+00 0.000E+00 1.236E-21 3.481E-21 7.574E-22 1.717E-22 2.275E-21
 2.223E-21 2.487E-21 3.726E-21 4.307E-21 4.516E-21 3.440E-21 2.349E-22 0.000E+00 5.716E-22 7.699E-22
 6.711E-22 1.499E-21 0.000E+00 0.000E+00 0.000E+00 0.000E+00 6.153E-23 0.000E+00 0.000E+00 0.000E+00
 0.000E+00 0.000E+00 0.000E+00 0.000E+00 0.000E+00 1.015E-21 1.586E-21 1.495E-21 2.341E-21 2.196E-21
 2.758E-21 4.217E-21 6.081E-22 0.000E+00 0.000E+00 4.398E-22 1.890E-21 1.316E-21 0.000E+00 0.000E+00
 0.000E+00 3.050E-21 6.167E-22 0.000E+00 0.000E+00 0.000E+00 0.000E+00 0.000E+00 0.000E+00 0.000E+00
 0.000E+00 0.000E+00 0.000E+00 0.000E+00 5.727E-22 1.539E-21 2.038E-21 7.723E-22 0.000E+00 0.000E+00
 0.000E+00 1.012E-21 8.657E-22 0.000E+00 4.414E-23 1.988E-21 4.018E-22 4.595E-22 2.487E-21 7.578E-22
 0.000E+00 3.796E-21 4.881E-21 2.381E-21 1.944E-21 1.792E-21 1.477E-21 8.536E-22 1.074E-22 5.744E-22
 0.000E+00 0.000E+00 0.000E+00 0.000E+00 0.000E+00 0.000E+00 0.000E+00 0.000E+00 0.000E+00 1.147E-21
 4.959E-22 0.000E+00 1.445E-21 2.725E-21 1.619E-21 1.233E-21 2.611E-22 0.000E+00 0.000E+00 0.000E+00
 0.000E+00 0.000E+00 0.000E+00 0.000E+00 0.000E+00 0.000E+00 0.000E+00 0.000E+00 0.000E+00 0.000E+00
 0.000E+00 0.000E+00 0.000E+00 0.000E+00 0.000E+00 0.000E+00 9.112E-22 2.262E-21 2.653E-21 9.456E-22
 0.000E+00 0.000E+00 0.000E+00 0.000E+00 0.000E+00 0.000E+00 0.000E+00 0.000E+00 0.000E+00 1.126E-22
 8.605E-22 2.093E-21 6.871E-22 1.424E-21 3.357E-21 2.528E-21 3.496E-22 0.000E+00 0.000E+00 3.836E-21
 4.314E-21 7.825E-22 0.000E+00 2.555E-22 0.000E+00 0.000E+00 0.000E+00 0.000E+00 0.000E+00 0.000E+00
 1.136E-21 0.000E+00 0.000E+00 0.000E+00 6.299E-22 3.110E-21 2.306E-21 0.000E+00 0.000E+00 0.000E+00
 0.000E+00 0.000E+00 0.000E+00 0.000E+00 0.000E+00 4.699E-21 6.674E-21 1.751E-21 0.000E+00 0.000E+00
 0.000E+00 2.311E-21 3.310E-21 0.000E+00 0.000E+00 0.000E+00 0.000E+00 0.000E+00 0.000E+00 0.000E+00
 1.773E-21 1.063E-22 0.000E+00 0.000E+00 0.000E+00 0.000E+00 0.000E+00 0.000E+00 5.532E-23 1.510E-21
 0.000E+00 0.000E+00 2.373E-22 2.681E-22 1.995E-22 2.080E-21 2.929E-21 0.000E+00 0.000E+00 2.276E-21
 4.053E-21 3.590E-21 2.593E-21 2.263E-21 0.000E+00 0.000E+00 0.000E+00 0.000E+00 0.000E+00 0.000E+00
 0.000E+00 0.000E+00 0.000E+00 0.000E+00 7.918E-22 1.470E-21 2.524E-22 5.632E-22 5.724E-22 5.192E-22
 1.150E-21 2.213E-21 1.211E-21 0.000E+00 3.054E-22 1.235E-21 0.000E+00 0.000E+00 0.000E+00 1.338E-22
 4.371E-21 3.932E-21 0.000E+00 0.000E+00 0.000E+00 9.590E-22 2.952E-21 1.476E-21 0.000E+00 0.000E+00
 0.000E+00 0.000E+00 0.000E+00 0.000E+00 5.564E-23 2.215E-21 4.551E-21 4.508E-21 4.438E-21 4.233E-21
 7.090E-22 1.781E-22 4.058E-21 4.864E-21 1.855E-21 8.636E-22 2.841E-21 4.248E-21 5.140E-21 4.929E-21
 1.859E-21 3.760E-22 8.328E-22 0.000E+00 0.000E+00 0.000E+00 0.000E+00 0.000E+00 0.000E+00 0.000E+00
 1.498E-21 3.208E-21 0.000E+00 0.000E+00 0.000E+00 0.000E+00 0.000E+00 0.000E+00 0.000E+00 0.000E+00
 1.214E-21 2.296E-22 0.000E+00 0.000E+00 6.561E-22 2.474E-21 3.523E-21 1.671E-21 1.204E-21 1.190E-21
 4.612E-22 0.000E+00 0.000E+00 8.124E-22 1.785E-21 8.031E-22 1.065E-22 0.000E+00 0.000E+00 0.000E+00
 9.423E-22 4.952E-21 6.686E-21 4.028E-21 2.879E-22 0.000E+00 0.000E+00 0.000E+00 0.000E+00 0.000E+00
 0.000E+00 0.000E+00 1.747E-21 2.199E-21 1.369E-21 1.207E-21 1.116E-21 0.000E+00 2.582E-22 4.659E-21
 4.283E-21 0.000E+00 0.000E+00 5.799E-21 1.045E-20 1.077E-20 5.589E-21 0.000E+00 0.000E+00 0.000E+00
 3.468E-21 1.766E-21 0.000E+00 0.000E+00 1.814E-21 4.711E-21 6.301E-21 3.814E-21 2.895E-21 4.136E-21
 4.555E-21 4.320E-21 2.493E-21 1.249E-21 6.954E-22 0.000E+00 5.080E-22 2.253E-21 2.385E-21 3.550E-21
 5.480E-21 6.174E-21 6.769E-21 6.608E-21 5.297E-21 6.852E-22 0.000E+00 2.101E-21 5.505E-21 4.418E-21
 2.460E-21 0.000E+00 0.000E+00 0.000E+00 0.000E+00 0.000E+00 0.000E+00 2.764E-22 2.423E-21 2.620E-21
 2.794E-21 3.457E-21 1.932E-21 0.000E+00 3.826E-22 3.455E-21 2.074E-21 1.812E-22 0.000E+00 0.000E+00
 0.000E+00 0.000E+00 1.996E-21 1.946E-21 1.477E-21 3.782E-21 6.903E-21 5.924E-21 3.094E-21 0.000E+00
 0.000E+00 0.000E+00 5.290E-22 0.000E+00 0.000E+00 0.000E+00 0.000E+00 1.140E-21 6.813E-22 0.000E+00
 0.000E+00 0.000E+00 0.000E+00 0.000E+00 3.839E-21 5.046E-21 9.843E-22 0.000E+00 0.000E+00 0.000E+00
 0.000E+00 0.000E+00 0.000E+00 1.936E-22 3.205E-21 5.679E-21 3.664E-21 6.691E-22 0.000E+00 8.313E-22
 4.189E-21 3.137E-21 0.000E+00 0.000E+00 0.000E+00 0.000E+00 0.000E+00 0.000E+00 0.000E+00 0.000E+00
 0.000E+00 2.238E-21 3.359E-21 3.705E-21 2.996E-21 1.222E-21 0.000E+00 0.000E+00 0.000E+00 0.000E+00
 0.000E+00 0.000E+00 0.000E+00 0.000E+00 0.000E+00 5.955E-22 8.014E-21 1.164E-20 6.101E-21 0.000E+00
 0.000E+00 7.113E-22 1.846E-21 1.548E-21 1.612E-21 2.358E-21 1.278E-21 1.853E-22 0.000E+00 0.000E+00
 0.000E+00 0.000E+00 0.000E+00 0.000E+00 2.801E-21 4.840E-21 2.506E-21 6.326E-22 0.000E+00 0.000E+00
 0.000E+00 0.000E+00 0.000E+00 0.000E+00 0.000E+00 0.000E+00 7.488E-22 2.312E-21 6.305E-22 2.483E-21
 7.126E-21 5.192E-21 0.000E+00 0.000E+00 2.714E-21 5.895E-23 0.000E+00 1.031E-21 3.817E-21 4.281E-21
 1.395E-21 0.000E+00 0.000E+00 0.000E+00 0.000E+00 0.000E+00 0.000E+00 0.000E+00 1.014E-22 1.926E-21
 2.213E-21 4.845E-22 1.146E-23 0.000E+00 0.000E+00 4.496E-21 5.533E-21 0.000E+00 0.000E+00 3.141E-21
 4.747E-22 0.000E+00 0.000E+00 0.000E+00 1.520E-21 2.001E-21 3.827E-22 1.332E-21 4.047E-21 2.324E-21
 0.000E+00 0.000E+00 0.000E+00 3.673E-22 3.469E-21 3.268E-21 4.322E-21 6.455E-21 2.162E-21 0.000E+00
 0.000E+00 0.000E+00 1.504E-21 1.596E-21 9.750E-22 2.116E-21 5.834E-21 4.822E-21 1.030E-21 3.135E-22
 7.267E-22 4.836E-22 0.000E+00 0.000E+00 0.000E+00 0.000E+00 0.000E+00 0.000E+00 1.848E-22 1.463E-21
 5.308E-22 0.000E+00 0.000E+00 0.000E+00 3.221E-21 5.058E-21 3.480E-21 3.101E-21 4.382E-21 2.226E-21
 0.000E+00 0.000E+00 0.000E+00 0.000E+00 0.000E+00 2.055E-21 4.007E-21 5.279E-21 4.474E-21 3.564E-21
 5.952E-21 5.824E-21 4.719E-21 6.180E-21 5.278E-21 1.334E-21 0.000E+00 0.000E+00 2.456E-21 2.789E-21
 0.000E+00 0.000E+00 0.000E+00 0.000E+00 2.186E-21 2.724E-21 3.170E-21 3.478E-21 1.203E-22 0.000E+00
 0.000E+00 3.654E-22 2.582E-21 3.019E-21 1.365E-21 9.716E-22 4.116E-21 7.122E-21 6.834E-21 5.208E-21
 4.935E-21 5.067E-21 1.193E-21 0.000E+00 0.000E+00 0.000E+00 0.000E+00 0.000E+00 0.000E+00 0.000E+00
 3.695E-21 3.855E-21 1.564E-21 2.550E-21 3.872E-21 2.895E-21 2.130E-21 4.572E-21 6.287E-21 3.679E-21
 0.000E+00 0.000E+00 1.341E-21 2.077E-21 3.540E-21 5.934E-21 9.265E-21 6.737E-21 3.188E-21 4.934E-21
 7.488E-21 7.197E-21 1.712E-21 0.000E+00 0.000E+00 0.000E+00 1.212E-21 6.624E-21 5.726E-21 1.342E-21
 0.000E+00 0.000E+00 0.000E+00 9.651E-22 3.408E-21 9.667E-22 0.000E+00 0.000E+00 0.000E+00 0.000E+00
 7.528E-22 5.694E-23 4.337E-22 1.322E-21 3.038E-22 8.329E-22 3.344E-21 3.949E-21 2.930E-22 0.000E+00
 0.000E+00 9.395E-22 2.508E-21 3.078E-21 3.507E-21 9.644E-22 0.000E+00 1.359E-21 5.042E-21 5.611E-21
 2.168E-21 0.000E+00 4.801E-22 3.047E-21 0.000E+00 0.000E+00 0.000E+00 0.000E+00 0.000E+00 0.000E+00
 0.000E+00 0.000E+00 0.000E+00 0.000E+00 0.000E+00 9.560E-22 4.553E-21 4.415E-21 5.286E-21 3.436E-21
 1.091E-21 5.449E-21 6.538E-21 7.594E-22 4.438E-23 5.625E-22 4.850E-22 3.939E-22 0.000E+00 0.000E+00
 4.590E-22 3.584E-21 1.865E-21 0.000E+00 0.000E+00 0.000E+00 2.421E-22 1.453E-21 2.466E-22 0.000E+00
 0.000E+00 8.341E-22 8.713E-22 1.171E-21 5.110E-21 5.202E-21 3.156E-21 5.208E-21 7.720E-21 5.660E-21
 9.784E-22 0.000E+00 0.000E+00 1.398E-21 3.201E-21 1.535E-21 6.302E-22 1.586E-21 1.176E-21 2.098E-21
 2.384E-21 0.000E+00 0.000E+00 0.000E+00 0.000E+00 1.315E-22 2.411E-21 5.302E-22 0.000E+00 0.000E+00
 8.196E-23 2.973E-21 0.000E+00 0.000E+00 6.448E-21 7.630E-21 3.708E-21 1.520E-21 1.019E-21 2.580E-21
 4.584E-21 7.989E-21 1.166E-20 1.003E-20 6.310E-21 5.348E-21 2.919E-21 0.000E+00 0.000E+00 1.480E-21
 3.548E-21 2.248E-21 0.000E+00 0.000E+00 0.000E+00 2.305E-21 0.000E+00 1.721E-22 5.847E-21 7.136E-21
 2.940E-21 1.371E-21 3.488E-21 6.322E-21 6.409E-21 3.130E-21 5.016E-21 9.168E-21 5.725E-21 2.981E-21
 3.489E-21 2.820E-21 4.180E-21 2.513E-21 0.000E+00 0.000E+00 8.727E-22 8.557E-22 0.000E+00 0.000E+00
 0.000E+00 0.000E+00 0.000E+00 3.333E-21 6.847E-21 4.894E-21 2.867E-21 3.276E-21 2.197E-21 0.000E+00
 1.137E-21 5.007E-21 6.857E-21 8.218E-21 6.440E-21 3.081E-21 1.664E-21 3.290E-21 2.733E-21 1.011E-21
 0.000E+00 3.280E-22 8.104E-21 1.104E-20 7.141E-21 4.552E-21 5.082E-21 6.942E-21 5.819E-21 4.241E-21
 4.774E-22 0.000E+00 0.000E+00 5.132E-21 3.677E-21 0.000E+00 5.065E-22 3.191E-22 3.304E-22 1.286E-21
 0.000E+00 0.000E+00 7.129E-22 4.549E-22 1.564E-21 9.592E-21 1.424E-20 7.508E-21 2.450E-21 3.113E-21
 2.585E-21 1.132E-21 9.963E-22 1.942E-21 3.485E-21 5.034E-21 4.004E-21 2.195E-21 1.386E-21 7.421E-22
 4.957E-22 3.432E-22 0.000E+00 0.000E+00 0.000E+00 0.000E+00 6.107E-21 7.728E-21 2.094E-21 2.018E-21
 8.462E-21 1.103E-20 4.688E-21 0.000E+00 0.000E+00 0.000E+00 8.517E-22 2.336E-21 3.738E-21 5.730E-21
 7.097E-21 1.076E-20 1.590E-20 1.256E-20 5.256E-21 2.923E-21 4.657E-22 0.000E+00 2.581E-21 3.939E-21
 1.283E-21 0.000E+00 0.000E+00 0.000E+00 0.000E+00 0.000E+00 2.941E-21 5.515E-21 6.681E-21 3.578E-21
 0.000E+00 0.000E+00 0.000E+00 1.838E-21 5.196E-21 9.992E-21 6.676E-21 2.963E-21 5.350E-21 4.515E-21
 8.241E-22 0.000E+00 2.675E-21 2.830E-21 0.000E+00 6.217E-22 2.998E-21 2.610E-21 4.448E-21 6.093E-21
 4.137E-21 4.808E-21 5.135E-21 3.017E-21 3.935E-21 5.553E-21 3.262E-21 1.931E-21 8.875E-21 1.601E-20
 1.372E-20 8.743E-21 5.275E-21 1.290E-21 0.000E+00 1.410E-21 1.076E-20 1.671E-20 1.071E-20 2.693E-21
 3.548E-21 1.469E-20 1.862E-20 7.194E-21 0.000E+00 0.000E+00 0.000E+00 0.000E+00 8.650E-22 5.390E-21
 6.186E-21 1.718E-21 0.000E+00 0.000E+00 0.000E+00 7.396E-22 3.974E-21 6.545E-21 7.978E-22 0.000E+00
 4.771E-21 8.804E-21 9.034E-21 1.240E-20 1.128E-20 3.589E-21 0.000E+00 1.865E-22 1.953E-21 4.255E-21
 6.372E-21 5.668E-21 1.709E-21 0.000E+00 0.000E+00 0.000E+00 9.442E-22 6.607E-21 8.020E-21 3.555E-21
 5.537E-22 1.220E-21 2.195E-21 2.465E-21 3.037E-21 4.800E-22 1.739E-21 8.110E-21 9.286E-21 5.234E-21
 0.000E+00 0.000E+00 3.491E-21 6.630E-21 1.092E-20 1.201E-20 6.340E-21 2.503E-21 4.312E-21 5.486E-21
 8.868E-21 1.269E-20 4.315E-21 0.000E+00 0.000E+00 0.000E+00 0.000E+00 0.000E+00 0.000E+00 0.000E+00
 1.913E-21 3.759E-21 1.266E-21 7.229E-21 1.047E-20 2.432E-21 0.000E+00 5.526E-21 8.206E-21 3.616E-21
 4.264E-22 9.214E-21 2.208E-20 1.546E-20 1.059E-21 0.000E+00 0.000E+00 0.000E+00 2.356E-21 6.045E-21
 5.920E-21 1.032E-20 1.177E-20 7.216E-21 5.548E-21 5.095E-21 2.323E-21 1.236E-21 2.966E-21 5.409E-21
 5.374E-21 4.142E-21 5.013E-21 7.390E-21 1.146E-20 9.671E-21 4.876E-21 7.187E-21 6.851E-21 1.636E-21
 3.466E-21 8.051E-21 3.500E-21 0.000E+00 0.000E+00 4.721E-22 3.330E-21 4.384E-21 2.619E-21 7.822E-21
 1.311E-20 5.864E-21 0.000E+00 5.550E-23 0.000E+00 1.478E-21 8.093E-21 1.123E-20 8.038E-21 5.449E-21
 8.112E-21 1.010E-20 8.183E-21 6.484E-21 6.643E-21 4.077E-21 5.874E-22 1.441E-21 2.836E-21 8.403E-21
 1.730E-20 1.625E-20 9.318E-21 7.214E-21 6.216E-21 1.593E-21 0.000E+00 1.581E-21 1.301E-21 9.435E-22
 3.048E-21 8.012E-21 7.170E-21 1.438E-21 0.000E+00 0.000E+00 2.815E-21 5.713E-21 2.720E-21 0.000E+00
 7.107E-21 1.824E-20 1.139E-20 1.008E-21 0.000E+00 0.000E+00 0.000E+00 3.849E-21 4.161E-21 2.526E-21
 1.479E-21 1.722E-21 1.895E-21 3.400E-21 4.935E-21 4.532E-21 2.312E-21 6.117E-21 1.916E-20 2.354E-20
 1.510E-20 7.673E-21 5.212E-21 3.002E-21 1.222E-21 3.781E-21 7.709E-21 9.320E-21 6.127E-21 0.000E+00
 0.000E+00 7.291E-22 3.056E-21 2.241E-21 1.034E-20 1.498E-20 8.890E-21 1.076E-20 1.094E-20 7.362E-21
 6.175E-21 2.804E-21 5.598E-21 5.940E-21 1.828E-21 4.844E-21 1.157E-20 1.342E-20 9.522E-21 6.083E-21
 2.749E-21 5.203E-22 8.515E-22 5.529E-21 1.019E-20 8.070E-21 4.705E-21 6.300E-21 9.623E-21 5.204E-21
 2.166E-21 7.485E-21 9.644E-21 5.150E-21 1.777E-21 0.000E+00 0.000E+00 1.001E-21 1.729E-21 1.992E-21
 8.186E-21 7.011E-21 3.483E-21 4.398E-21 6.944E-21 7.870E-21 1.461E-20 2.756E-20 2.765E-20 1.324E-20
 4.846E-21 5.443E-21 6.969E-21 1.270E-20 1.061E-20 5.120E-21 6.570E-21 5.952E-21 5.748E-21 3.518E-21
 7.774E-22 9.503E-22 3.186E-21 9.635E-21 1.841E-20 1.992E-20 1.415E-20 1.648E-20 1.371E-20 1.712E-21
 0.000E+00 4.458E-22 2.842E-21 3.947E-21 3.482E-21 6.111E-21 1.016E-20 6.928E-21 1.460E-23 2.593E-22
 1.688E-21 2.284E-21 4.831E-21 1.204E-20 2.437E-20 2.775E-20 1.845E-20 7.664E-21 1.348E-21 0.000E+00
 0.000E+00 4.989E-23 1.122E-20 1.216E-20 6.402E-21 5.360E-21 4.310E-21 0.000E+00 0.000E+00 5.527E-21
 1.579E-20 1.566E-20 1.714E-20 1.628E-20 1.889E-20 2.395E-20 1.906E-20 1.749E-20 1.251E-20 3.835E-21
 1.024E-21 9.270E-22 2.560E-21 3.198E-21 6.630E-21 1.150E-20 1.630E-20 1.378E-20 5.401E-21 6.125E-21
 1.139E-20 2.227E-20 2.567E-20 1.016E-20 0.000E+00 0.000E+00 0.000E+00 0.000E+00 0.000E+00 6.646E-21
 7.607E-21 4.321E-21 6.012E-21 8.204E-21 6.345E-21 3.232E-21 5.048E-21 8.748E-21 9.103E-21 1.378E-20
 1.801E-20 1.155E-20 3.391E-21 3.872E-21 1.209E-20 1.163E-20 1.453E-21 0.000E+00 0.000E+00 1.248E-21
 6.337E-21 1.065E-20 9.298E-21 2.981E-21 2.736E-21 6.935E-21 1.133E-20 1.506E-20 1.739E-20 1.416E-20
 6.385E-21 8.903E-21 2.278E-20 2.652E-20 2.250E-20 1.786E-20 1.189E-20 1.203E-20 1.010E-20 6.320E-21
 5.391E-21 6.535E-21 7.355E-21 6.705E-21 5.855E-21 2.785E-21 2.646E-21 8.705E-21 1.941E-20 1.633E-20
 6.621E-21 1.192E-20 1.419E-20 6.831E-21 3.644E-23 0.000E+00 0.000E+00 3.702E-21 1.163E-20 1.577E-20
 1.228E-20 8.287E-21 8.270E-21 4.525E-21 8.033E-21 2.046E-20 2.439E-20 1.864E-20 1.769E-20 1.583E-20
 7.337E-21 2.604E-21 3.514E-21 9.830E-21 1.014E-20 5.964E-21 4.691E-21 5.223E-21 8.061E-21 1.275E-20
 2.139E-20 2.283E-20 1.503E-20 8.215E-21 7.148E-21 8.874E-21 1.412E-20 2.045E-20 2.278E-20 3.010E-20
 3.257E-20 2.571E-20 1.765E-20 7.167E-21 9.730E-22 2.152E-21 6.801E-21 7.391E-21 3.911E-21 5.061E-21
 6.195E-21 3.416E-21 1.256E-21 1.154E-20 3.429E-20 3.357E-20 1.252E-20 3.036E-21 2.069E-22 0.000E+00
 2.596E-21 1.289E-20 1.259E-20 5.040E-21 6.998E-21 8.636E-21 7.399E-21 8.932E-21 1.038E-20 8.824E-21
 1.358E-20 2.168E-20 1.603E-20 5.993E-21 1.165E-20 1.918E-20 9.397E-21 0.000E+00 0.000E+00 3.199E-22
 8.925E-21 2.329E-20 2.046E-20 6.616E-21 8.282E-21 1.100E-20 5.185E-21 8.691E-21 1.613E-20 1.227E-20
 8.015E-21 1.098E-20 2.200E-20 3.477E-20 2.414E-20 1.271E-20 2.847E-20 3.472E-20 2.721E-20 2.467E-20
 1.119E-20 3.117E-22 1.307E-21 3.811E-21 8.708E-21 1.095E-20 1.387E-20 1.338E-20 6.928E-21 1.021E-20
 2.635E-20 2.704E-20 1.129E-20 1.145E-20 2.382E-20 2.979E-20 1.753E-20 9.467E-22 0.000E+00 5.628E-21
 1.320E-20 9.090E-21 1.158E-21 0.000E+00 6.371E-21 2.125E-20 3.000E-20 1.845E-20 1.751E-21 0.000E+00
 0.000E+00 4.065E-21 2.124E-20 2.406E-20 1.371E-20 1.003E-20 8.119E-21 1.453E-20 3.098E-20 2.726E-20
 9.774E-21 9.349E-22 7.346E-21 2.443E-20 3.087E-20 1.900E-20 8.431E-21 1.526E-20 1.865E-20 8.969E-21
 8.193E-21 1.649E-20 2.757E-20 3.559E-20 2.365E-20 8.383E-21 5.372E-21 4.624E-21 9.027E-21 1.028E-20
 3.301E-21 9.833E-22 5.918E-21 4.900E-21 5.760E-21 3.431E-20 5.074E-20 2.231E-20 0.000E+00 1.347E-21
 6.622E-21 1.551E-20 1.936E-20 7.620E-21 0.000E+00 0.000E+00 4.935E-21 1.870E-20 2.864E-20 2.325E-20
 1.939E-20 1.678E-20 1.133E-20 2.045E-20 2.469E-20 1.084E-20 3.589E-21 6.467E-21 1.370E-20 2.587E-20
 2.940E-20 1.688E-20 2.210E-21 0.000E+00 6.489E-21 1.863E-20 2.568E-20 2.211E-20 1.078E-20 4.865E-21
 1.256E-20 1.723E-20 9.369E-21 8.170E-21 9.461E-21 3.390E-21 0.000E+00 1.077E-21 1.419E-20 3.850E-20
 5.063E-20 3.515E-20 1.279E-20 3.437E-21 4.195E-21 1.222E-20 1.913E-20 2.122E-20 1.698E-20 8.235E-21
 1.744E-20 3.292E-20 2.807E-20 2.488E-20 2.200E-20 9.249E-21 3.947E-21 1.335E-21 4.698E-21 1.307E-20
 1.029E-20 5.243E-21 1.287E-20 2.472E-20 3.551E-20 3.593E-20 1.800E-20 7.905E-21 6.944E-21 1.821E-20
 3.040E-20 1.922E-20 1.503E-20 2.244E-20 2.512E-20 2.147E-20 2.507E-20 3.320E-20 2.538E-20 1.402E-20
 7.562E-21 2.137E-21 3.289E-21 1.240E-20 1.167E-20 1.026E-20 1.249E-20 7.294E-21 1.052E-20 1.328E-20
 7.775E-21 5.591E-21 1.341E-20 1.631E-20 2.502E-20 4.737E-20 3.472E-20 9.401E-21 1.151E-20 1.640E-20
 9.200E-21 2.691E-21 3.955E-21 4.473E-21 1.547E-20 4.268E-20 4.825E-20 1.980E-20 7.342E-23 5.500E-21
 2.023E-20 1.986E-20 3.280E-21 0.000E+00 6.998E-21 2.730E-20 3.330E-20 2.237E-20 2.320E-20 2.694E-20
 2.995E-20 2.801E-20 1.594E-20 1.155E-20 1.786E-20 2.540E-20 3.060E-20 3.328E-20 2.332E-20 9.005E-21
 9.859E-21 9.992E-21 3.727E-21 8.000E-22 4.325E-21 1.717E-20 3.039E-20 2.938E-20 1.439E-20 8.106E-21
 1.098E-20 8.017E-21 3.950E-21 1.728E-20 3.641E-20 2.637E-20 7.163E-21 1.865E-21 0.000E+00 1.473E-20
 5.005E-20 5.050E-20 1.670E-20 2.847E-21 0.000E+00 3.036E-21 1.624E-20 1.386E-20 7.582E-21 2.083E-20
 4.298E-20 4.304E-20 2.494E-20 9.677E-21 5.757E-21 1.295E-20 2.996E-20 2.998E-20 1.756E-20 2.356E-20
 3.277E-20 3.952E-20 3.325E-20 1.655E-20 1.552E-20 3.499E-20 5.059E-20 4.507E-20 3.527E-20 1.769E-20
 2.627E-21 4.196E-21 9.227E-21 1.008E-20 1.036E-20 1.377E-20 1.766E-20 1.962E-20 1.471E-20 1.311E-20
 1.123E-20 5.616E-21 1.192E-20 2.152E-20 1.792E-20 1.302E-20 1.534E-20 8.829E-21 1.948E-21 9.865E-23
 3.103E-21 1.603E-20 2.306E-20 1.319E-20 1.030E-20 3.411E-20 4.685E-20 3.550E-20 1.774E-20 1.148E-21
 0.000E+00 7.746E-21 2.944E-20 4.612E-20 4.691E-20 2.437E-20 1.429E-20 2.826E-20 2.565E-20 1.780E-20
 2.226E-20 4.144E-20 4.608E-20 2.313E-20 2.095E-20 3.946E-20 4.611E-20 4.313E-20 3.982E-20 2.417E-20
 4.755E-21 2.161E-22 7.932E-21 2.644E-20 3.630E-20 2.543E-20 1.424E-20 2.177E-20 2.896E-20 1.659E-20
 1.913E-20 4.002E-20 3.473E-20 1.304E-20 5.144E-21 2.304E-22 2.649E-21 1.539E-20 1.584E-20 4.047E-21
 0.000E+00 0.000E+00 7.845E-21 2.072E-20 1.257E-20 3.340E-21 3.533E-21 6.985E-21 1.977E-20 3.204E-20
 4.556E-20 3.422E-20 1.734E-20 2.603E-20 2.492E-20 1.143E-20 1.723E-20 5.732E-20 6.549E-20 2.879E-20
 1.265E-20 2.855E-20 4.385E-20 3.276E-20 3.300E-20 4.667E-20 4.814E-20 4.060E-20 4.663E-20 5.524E-20
 2.719E-20 9.883E-21 1.854E-20 1.821E-20 7.574E-21 4.384E-21 1.460E-20 2.204E-20 2.598E-20 2.569E-20
 2.037E-20 1.213E-20 1.613E-20 2.275E-20 1.237E-20 4.475E-21 4.762E-21 6.890E-21 1.171E-20 1.431E-20
 7.877E-21 2.400E-21 2.439E-22 8.012E-21 2.128E-20 1.344E-20 2.008E-21 1.233E-21 1.043E-20 2.545E-20
 2.189E-20 6.201E-21 2.406E-21 2.912E-20 7.348E-20 6.667E-20 2.451E-20 2.306E-20 3.393E-20 2.855E-20
 4.083E-20 6.137E-20 5.083E-20 2.666E-20 1.634E-20 3.410E-20 5.545E-20 3.589E-20 3.777E-20 6.439E-20
 5.633E-20 4.031E-20 2.599E-20 1.263E-20 8.664E-21 4.961E-21 1.038E-20 4.872E-20 7.351E-20 3.801E-20
 6.036E-21 6.499E-21 1.217E-20 1.996E-20 2.326E-20 1.794E-20 1.011E-20 4.483E-21 3.430E-21 1.247E-20
 1.714E-20 6.260E-21 5.815E-22 4.279E-22 9.631E-21 2.084E-20 1.316E-20 3.853E-21 4.030E-21 1.802E-20
 2.859E-20 1.955E-20 8.306E-21 1.042E-20 2.388E-20 2.404E-20 8.036E-21 2.116E-20 7.613E-20 8.131E-20
 2.901E-20 1.543E-20 4.874E-20 6.921E-20 4.471E-20 3.719E-20 5.301E-20 5.251E-20 5.952E-20 7.160E-20
 7.041E-20 4.343E-20 1.920E-20 1.248E-20 5.097E-21 1.039E-20 2.499E-20 2.746E-20 1.700E-20 1.191E-20
 9.760E-21 8.703E-21 1.266E-20 1.538E-20 2.091E-20 2.663E-20 2.079E-20 6.302E-21 1.879E-21 8.520E-21
 1.982E-20 2.003E-20 6.022E-21 0.000E+00 4.943E-21 2.127E-20 2.832E-20 1.554E-20 3.975E-21 7.642E-21
 2.313E-20 2.266E-20 5.497E-21 2.438E-21 2.213E-20 3.240E-20 1.648E-20 7.664E-21 2.251E-20 2.927E-20
 1.790E-20 4.722E-20 8.984E-20 5.826E-20 2.989E-20 7.539E-20 9.131E-20 5.021E-20 5.351E-20 7.595E-20
 5.953E-20 4.298E-20 3.045E-20 2.865E-20 4.601E-20 5.408E-20 4.469E-20 2.272E-20 6.990E-21 7.976E-21
 1.592E-20 1.613E-20 6.905E-21 6.313E-21 1.212E-20 1.717E-20 1.820E-20 8.360E-21 1.323E-21 2.721E-21
 7.175E-21 1.585E-20 1.538E-20 6.529E-21 1.479E-21 7.698E-21 2.380E-20 1.798E-20 1.839E-22 2.062E-21
 1.863E-20 2.699E-20 1.140E-20 1.977E-21 1.606E-20 3.433E-20 2.726E-20 1.223E-20 2.461E-20 3.373E-20
 1.999E-20 1.830E-20 4.218E-20 4.192E-20 6.034E-20 1.036E-19 8.517E-20 8.031E-20 1.132E-19 1.123E-19
 6.944E-20 3.593E-20 4.000E-20 3.206E-20 2.712E-20 2.820E-20 1.330E-20 3.335E-21 2.099E-21 4.896E-21
 8.755E-21 1.581E-20 1.275E-20 4.961E-21 6.230E-21 9.453E-21 1.907E-20 2.369E-20 1.230E-20 5.032E-21
 6.716E-21 1.527E-20 2.051E-20 1.046E-20 2.980E-21 5.756E-21 2.200E-20 2.644E-20 7.639E-21 1.006E-21
 1.617E-20 3.018E-20 1.832E-20 4.268E-21 1.414E-20 3.306E-20 2.386E-20 8.868E-21 3.039E-20 4.057E-20
 2.015E-20 2.220E-20 4.168E-20 3.059E-20 3.509E-20 4.923E-20 4.690E-20 9.977E-20 1.524E-19 1.384E-19
 1.097E-19 9.525E-20 7.712E-20 4.834E-20 2.034E-20 7.214E-21 1.574E-20 1.805E-20 1.087E-20 7.984E-21
 7.066E-21 1.276E-20 2.007E-20 1.316E-20 2.616E-21 3.276E-22 3.283E-21 1.645E-20 1.709E-20 8.009E-21
 6.618E-21 1.268E-20 2.237E-20 1.720E-20 6.574E-21 4.946E-21 1.602E-20 2.183E-20 1.071E-20 6.177E-21
 2.129E-20 3.486E-20 2.102E-20 5.475E-21 1.953E-20 3.402E-20 1.539E-20 8.148E-21 3.332E-20 3.530E-20
 2.278E-20 4.057E-20 4.793E-20 3.633E-20 5.022E-20 5.256E-20 5.473E-20 6.584E-20 8.505E-20 1.741E-19
 2.119E-19 1.226E-19 3.826E-20 7.358E-21 1.987E-21 4.231E-21 1.247E-20 2.203E-20 1.993E-20 1.116E-20
 5.290E-21 5.126E-21 1.293E-20 1.818E-20 1.187E-20 5.337E-21 5.767E-21 1.819E-20 2.333E-20 1.214E-20
 4.971E-21 7.281E-21 1.717E-20 1.618E-20 4.289E-21 5.084E-22 1.664E-20 3.073E-20 1.496E-20 4.607E-21
 1.876E-20 3.093E-20 1.756E-20 9.381E-21 3.096E-20 3.535E-20 1.492E-20 1.847E-20 4.092E-20 3.243E-20
 3.285E-20 5.344E-20 4.866E-20 5.234E-20 5.546E-20 5.130E-20 6.769E-20 8.433E-20 1.077E-19 1.417E-19
 1.536E-19 1.331E-19 8.457E-20 3.030E-20 6.636E-21 7.175E-21 1.045E-20 1.476E-20 1.441E-20 8.776E-21
 6.556E-21 8.004E-21 1.451E-20 1.804E-20 8.883E-21 1.600E-21 1.971E-21 1.109E-20 1.813E-20 1.092E-20
 3.338E-21 9.083E-21 2.220E-20 1.795E-20 4.624E-21 6.243E-21 1.866E-20 2.032E-20 5.692E-21 4.749E-21
 2.245E-20 2.230E-20 4.815E-21 1.517E-20 3.885E-20 2.806E-20 1.734E-20 4.027E-20 4.077E-20 2.635E-20
 4.193E-20 4.489E-20 4.732E-20 6.223E-20 6.409E-20 7.960E-20 9.824E-20 1.086E-19 1.009E-19 7.604E-20
 7.417E-20 6.426E-20 6.341E-20 8.413E-20 5.232E-20 1.092E-20 3.675E-21 8.015E-21 1.320E-20 6.130E-21
 3.139E-21 7.316E-21 1.623E-20 2.157E-20 1.362E-20 5.386E-21 4.988E-21 1.522E-20 1.835E-20 6.707E-21
 2.215E-22 1.156E-20 2.391E-20 1.688E-20 5.994E-21 1.498E-20 2.983E-20 2.144E-20 8.442E-21 1.930E-20
 2.979E-20 1.716E-20 1.330E-20 3.331E-20 3.321E-20 1.829E-20 3.556E-20 4.106E-20 2.716E-20 4.451E-20
 4.798E-20 4.336E-20 5.753E-20 7.480E-20 1.230E-19 1.504E-19 1.148E-19 6.566E-20 3.910E-20 5.628E-20
 7.736E-20 4.894E-20 2.355E-20 5.751E-20 7.703E-20 3.664E-20 5.351E-21 5.376E-21 1.006E-20 1.023E-20
 8.236E-21 5.857E-21 8.051E-21 8.626E-21 0.000E+00 0.000E+00 1.023E-20 2.438E-20 2.302E-20 6.209E-21
 1.737E-21 1.677E-20 2.209E-20 8.324E-21 8.274E-21 2.332E-20 2.360E-20 8.087E-21 1.336E-20 3.296E-20
 2.323E-20 1.263E-20 3.019E-20 3.386E-20 2.201E-20 3.945E-20 4.412E-20 3.428E-20 5.147E-20 5.166E-20
 5.099E-20 6.755E-20 9.409E-20 1.327E-19 1.220E-19 7.463E-20 4.950E-20 3.154E-20 3.965E-20 7.797E-20
 6.871E-20 2.637E-20 1.042E-20 3.461E-20 7.767E-20 6.565E-20 2.284E-20 1.237E-20 1.316E-20 8.492E-21
 4.442E-21 8.912E-21 1.212E-20 7.930E-21 3.173E-21 5.475E-21 1.896E-20 2.267E-20 1.114E-20 4.929E-21
 1.444E-20 2.175E-20 1.247E-20 8.772E-21 2.121E-20 2.330E-20 1.012E-20 1.546E-20 3.081E-20 2.254E-20
 1.259E-20 2.890E-20 3.160E-20 2.065E-20 3.691E-20 3.808E-20 3.592E-20 5.098E-20 5.289E-20 6.969E-20
 1.217E-19 1.876E-19 1.656E-19 6.782E-20 3.085E-20 3.129E-20 3.477E-20 5.375E-20 5.809E-20 4.170E-20
 1.931E-20 1.004E-20 1.187E-20 3.668E-20 7.455E-20 5.830E-20 1.853E-20 1.178E-20 1.120E-20 5.592E-21
 5.400E-21 1.058E-20 1.103E-20 6.117E-21 7.231E-21 1.512E-20 1.747E-20 7.877E-21 4.805E-21 1.534E-20
 2.105E-20 1.278E-20 7.546E-21 1.684E-20 1.723E-20 5.771E-21 1.639E-20 3.223E-20 1.934E-20 1.450E-20
 3.144E-20 2.693E-20 2.586E-20 3.901E-20 3.131E-20 4.060E-20 5.300E-20 6.036E-20 1.016E-19 1.365E-19
 1.271E-19 8.021E-20 5.544E-20 5.374E-20 4.202E-20 4.018E-20 4.940E-20 6.138E-20 4.512E-20 1.466E-20
 4.092E-21 1.703E-21 8.749E-21 4.968E-20 7.894E-20 3.931E-20 6.039E-21 5.766E-21 2.285E-21 2.853E-21
 9.092E-21 1.251E-20 7.159E-21 6.823E-21 1.405E-20 1.794E-20 7.687E-21 1.278E-21 1.119E-20 1.375E-20
 5.559E-21 9.511E-21 2.469E-20 1.564E-20 4.342E-21 1.981E-20 2.836E-20 1.804E-20 2.616E-20 3.309E-20
 2.382E-20 3.812E-20 3.662E-20 3.325E-20 4.911E-20 7.497E-20 1.354E-19 1.646E-19 1.414E-19 9.122E-20
 4.723E-20 4.541E-20 5.966E-20 5.761E-20 3.627E-20 3.649E-20 3.287E-20 9.817E-21 4.689E-22 0.000E+00
 1.099E-21 9.110E-21 5.159E-20 7.938E-20 3.937E-20 5.134E-21 3.088E-21 1.086E-21 0.000E+00 7.579E-21
 1.203E-20 7.414E-21 4.451E-21 9.171E-21 8.916E-21 1.766E-21 5.167E-21 1.314E-20 7.243E-21 1.509E-21
 1.475E-20 1.693E-20 4.256E-21 1.073E-20 2.208E-20 1.593E-20 2.381E-20 3.359E-20 1.998E-20 3.063E-20
 4.152E-20 4.199E-20 6.225E-20 8.267E-20 1.051E-19 1.224E-19 1.283E-19 1.044E-19 7.554E-20 7.467E-20
 5.746E-20 3.051E-20 3.032E-20 4.875E-20 3.977E-20 8.855E-21 0.000E+00 7.159E-22 1.681E-21 0.000E+00
 1.164E-20 5.736E-20 6.667E-20 2.349E-20 1.746E-21 6.282E-21 7.016E-21 7.698E-21 8.035E-21 5.561E-21
 1.839E-21 6.618E-21 1.048E-20 7.470E-21 7.159E-21 1.272E-20 1.365E-20 8.027E-21 1.352E-20 1.559E-20
 9.281E-21 1.365E-20 2.141E-20 1.509E-20 2.318E-20 3.654E-20 2.530E-20 3.129E-20 3.697E-20 4.932E-20
 8.952E-20 1.025E-19 1.077E-19 1.387E-19 1.448E-19 1.119E-19 9.668E-20 7.452E-20 2.863E-20 1.120E-20
 2.155E-20 2.952E-20 1.353E-20 0.000E+00 0.000E+00 0.000E+00 0.000E+00 0.000E+00 1.474E-20 5.764E-20
 7.145E-20 3.408E-20 7.049E-21 1.928E-21 1.863E-21 3.927E-21 4.701E-21 2.854E-21 0.000E+00 3.925E-21
 7.746E-21 3.603E-21 0.000E+00 8.251E-21 1.165E-20 6.611E-21 1.233E-20 1.454E-20 7.956E-21 1.367E-20
 2.254E-20 1.379E-20 2.025E-20 2.555E-20 2.081E-20 3.271E-20 3.924E-20 6.248E-20 8.172E-20 7.493E-20
 9.292E-20 1.307E-19 1.458E-19 1.245E-19 7.727E-20 3.082E-20 1.068E-20 1.977E-20 4.252E-20 3.434E-20
 8.235E-21 3.224E-21 3.372E-21 3.910E-21 3.936E-21 7.676E-21 2.621E-20 5.814E-20 6.120E-20 2.632E-20
 2.706E-21 0.000E+00 0.000E+00 0.000E+00 2.017E-21 3.504E-21 2.005E-21 3.314E-21 3.970E-21 0.000E+00
 0.000E+00 6.925E-21 9.320E-21 9.212E-21 1.204E-20 1.030E-20 6.620E-21 1.652E-20 1.694E-20 1.150E-20
 2.430E-20 2.501E-20 2.895E-20 3.666E-20 5.643E-20 8.526E-20 7.750E-20 7.720E-20 1.365E-19 1.928E-19
 1.434E-19 5.935E-20 2.419E-20 9.577E-21 1.705E-20 3.214E-20 2.823E-20 1.039E-20 1.359E-21 0.000E+00
 4.462E-23 1.873E-21 4.158E-21 2.922E-20 5.428E-20 4.838E-20 2.341E-20 4.689E-21 0.000E+00 0.000E+00
 1.424E-21 4.216E-21 5.168E-21 2.012E-21 0.000E+00 0.000E+00 3.027E-21 4.104E-21 4.468E-21 3.719E-21
 3.173E-21 9.199E-21 1.473E-20 1.028E-20 8.901E-21 1.412E-20 1.163E-20 1.990E-20 2.422E-20 2.657E-20
 3.819E-20 4.862E-20 6.744E-20 6.805E-20 7.388E-20 1.172E-19 1.521E-19 1.343E-19 8.213E-20 3.606E-20
 1.220E-20 2.525E-20 4.417E-20 2.764E-20 5.046E-21 3.196E-21 3.901E-21 4.608E-21 5.116E-21 1.186E-20
 2.718E-20 3.997E-20 5.233E-20 3.940E-20 1.169E-20 0.000E+00 0.000E+00 0.000E+00 2.081E-21 1.406E-21
 0.000E+00 4.461E-22 2.450E-22 1.717E-21 5.627E-22 1.268E-21 3.522E-21 2.449E-21 2.201E-21 4.124E-21
 3.441E-21 5.662E-21 1.144E-20 8.782E-21 1.461E-20 1.635E-20 1.690E-20 2.664E-20 4.428E-20 7.737E-20
 9.149E-20 1.009E-19 1.162E-19 1.349E-19 1.275E-19 6.649E-20 1.938E-20 8.319E-21 2.166E-20 2.457E-20
 4.113E-21 0.000E+00 0.000E+00 0.000E+00 0.000E+00 9.645E-21 3.536E-20 3.841E-20 2.926E-20 2.897E-20
 1.431E-20 3.245E-22 0.000E+00 0.000E+00 0.000E+00 1.395E-21 3.288E-21 1.334E-21 1.628E-21 3.281E-21
 2.875E-21 7.955E-22 0.000E+00 0.000E+00 0.000E+00 0.000E+00 1.760E-21 2.993E-21 4.825E-21 3.284E-21
 0.000E+00 5.031E-21 1.124E-20 1.836E-20 2.528E-20 3.203E-20 6.083E-20 8.613E-20 8.231E-20 8.321E-20
 1.109E-19 1.141E-19 6.289E-20 2.090E-20 2.759E-20 3.733E-20 1.666E-20 4.670E-21 6.409E-21 7.610E-22
 0.000E+00 7.965E-21 2.153E-20 1.838E-20 2.622E-20 4.038E-20 2.371E-20 6.724E-21 4.609E-21 3.606E-21
 3.028E-21 3.104E-21 1.808E-21 0.000E+00 0.000E+00 2.672E-21 3.144E-21 3.155E-22 0.000E+00 0.000E+00
 0.000E+00 0.000E+00 0.000E+00 0.000E+00 1.729E-21 2.538E-21 1.742E-21 4.775E-21 9.035E-21 9.899E-21
 1.568E-20 1.982E-20 4.076E-20 9.134E-20 1.079E-19 8.140E-20 8.667E-20 1.163E-19 8.929E-20 3.163E-20
 1.854E-20 2.591E-20 1.937E-20 9.089E-21 1.803E-21 0.000E+00 1.583E-20 4.068E-20 2.971E-20 1.150E-20
 2.083E-20 2.890E-20 1.653E-20 4.876E-21 9.785E-22 0.000E+00 4.059E-21 9.244E-21 8.555E-21 4.495E-21
 1.660E-21 1.672E-21 4.104E-21 5.349E-21 1.211E-21 0.000E+00 6.120E-23 2.606E-21 1.327E-21 1.200E-21
 2.779E-21 2.984E-21 1.033E-21 4.619E-22 2.474E-21 4.323E-21 8.896E-21 1.218E-20 2.489E-20 4.561E-20
 5.665E-20 6.482E-20 7.296E-20 9.070E-20 9.002E-20 4.790E-20 3.083E-20 3.518E-20 1.796E-20 2.818E-21
 0.000E+00 6.427E-21 1.869E-20 1.207E-20 3.505E-21 1.292E-20 3.322E-20 2.915E-20 9.301E-21 2.976E-21
 4.279E-21 5.638E-21 6.646E-21 8.022E-21 7.674E-21 5.957E-21 4.546E-21 4.166E-21 3.612E-21 2.494E-21
 1.426E-21 1.559E-21 4.231E-21 5.075E-21 1.729E-21 7.072E-22 3.531E-21 3.873E-21 3.078E-21 1.505E-21
 8.498E-22 0.000E+00 0.000E+00 4.487E-21 2.726E-20 4.621E-20 3.828E-20 4.930E-20 7.877E-20 9.225E-20
 8.407E-20 5.119E-20 2.912E-20 1.873E-20 8.469E-21 1.208E-20 2.896E-20 3.078E-20 1.270E-20 5.162E-21
 8.869E-21 2.217E-20 2.507E-20 1.304E-20 5.831E-21 2.715E-21 1.433E-21 0.000E+00 7.257E-22 5.455E-21
 6.435E-21 6.155E-21 4.668E-21 6.133E-22 0.000E+00 0.000E+00 4.190E-21 6.664E-21 7.613E-21 7.405E-21
 4.348E-21 1.103E-21 0.000E+00 2.238E-22 8.353E-22 2.488E-21 6.571E-21 7.970E-21 5.722E-21 4.732E-21
 1.348E-20 2.403E-20 2.677E-20 3.557E-20 5.764E-20 7.645E-20 7.010E-20 4.937E-20 2.941E-20 1.380E-20
 1.826E-20 2.703E-20 1.570E-20 3.082E-21 3.341E-21 1.815E-20 3.525E-20 2.458E-20 5.143E-21 8.707E-22
 1.400E-21 5.224E-21 7.721E-21 6.619E-21 5.579E-21 6.264E-21 6.224E-21 4.429E-21 5.516E-21 5.981E-21
 2.573E-21 4.899E-22 4.252E-21 4.850E-21 2.324E-21 1.837E-21 9.297E-22 2.469E-21 2.801E-21 2.270E-21
 1.490E-21 2.782E-21 4.370E-21 3.245E-21 2.577E-21 6.457E-21 2.417E-20 2.905E-20 1.625E-20 2.159E-20
 5.318E-20 7.912E-20 6.299E-20 3.152E-20 2.023E-20 2.881E-20 2.940E-20 1.201E-20 4.565E-21 9.525E-21
 1.945E-20 2.014E-20 1.004E-20 5.272E-21 4.548E-21 5.582E-21 7.393E-21 8.219E-21 5.500E-21 3.917E-21
 8.028E-21 1.328E-20 1.295E-20 9.192E-21 9.129E-21 7.702E-21 6.485E-21 8.491E-21 8.916E-21 9.838E-21
 1.089E-20 1.123E-20 1.255E-20 9.943E-21 6.327E-21 7.575E-21 9.093E-21 1.061E-20 1.152E-20 1.157E-20
 1.307E-20 1.690E-20 2.447E-20 2.565E-20 2.048E-20 2.469E-20 4.511E-20 6.222E-20 5.331E-20 4.157E-20
 3.455E-20 1.868E-20 8.005E-21 8.617E-21 2.080E-20 2.887E-20 2.015E-20 1.883E-20 3.366E-20 3.717E-20
 2.395E-20 1.393E-20 1.002E-20 1.165E-20 1.337E-20 1.221E-20 1.410E-20 2.773E-20 4.256E-20 3.273E-20
 1.748E-20 1.225E-20 9.724E-21 1.283E-20 1.637E-20 2.019E-20 3.007E-20 3.963E-20 3.304E-20 1.840E-20
 1.417E-20 1.339E-20 1.098E-20 1.211E-20 1.943E-20 2.816E-20 3.543E-20 4.497E-20 4.318E-20 2.578E-20
 1.843E-20 3.715E-20 5.925E-20 6.308E-20 5.895E-20 4.517E-20 3.157E-20 3.175E-20 3.522E-20 4.004E-20
 4.201E-20 3.695E-20 2.970E-20 3.118E-20 3.489E-20 3.274E-20 2.784E-20 2.743E-20 3.772E-20 3.835E-20
 3.334E-20 3.372E-20 3.325E-20 3.248E-20 3.196E-20 3.526E-20 3.688E-20 3.579E-20 3.319E-20 3.061E-20
 3.286E-20 3.829E-20 3.854E-20 3.656E-20 3.706E-20 3.265E-20 3.456E-20 4.140E-20 4.047E-20 3.736E-20
 3.610E-20 3.157E-20 2.746E-20 2.999E-20 3.332E-20 4.025E-20 4.740E-20 5.029E-20 4.779E-20 3.902E-20
 3.664E-20 4.711E-20 5.393E-20 4.593E-20 4.099E-20 3.773E-20 3.198E-20 3.335E-20 4.189E-20 5.523E-20
 5.368E-20 4.107E-20 3.955E-20 4.092E-20 4.086E-20 4.300E-20 4.721E-20 5.119E-20 4.408E-20 3.754E-20
 4.892E-20 6.751E-20 6.600E-20 5.100E-20 5.140E-20 5.303E-20 5.293E-20 5.594E-20 5.831E-20 5.871E-20
 5.345E-20 6.152E-20 7.256E-20 6.690E-20 5.799E-20 6.232E-20 6.848E-20 6.555E-20 6.824E-20 7.553E-20
 7.439E-20 7.524E-20 9.161E-20 9.198E-20 8.042E-20 8.169E-20 7.683E-20 6.860E-20 7.200E-20 8.287E-20
 8.765E-20 9.278E-20 9.602E-20 9.322E-20 9.468E-20 9.372E-20 8.354E-20 7.753E-20 9.066E-20 1.032E-19
 1.072E-19 1.012E-19 9.392E-20 1.052E-19 1.109E-19 9.493E-20 8.431E-20 1.016E-19 1.244E-19 1.276E-19
 1.151E-19 1.168E-19 1.262E-19 1.122E-19 1.021E-19 1.189E-19 1.445E-19 1.409E-19 1.210E-19 1.332E-19
 1.472E-19 1.248E-19 1.149E-19 1.480E-19 1.611E-19 1.331E-19 1.345E-19 1.541E-19 1.273E-19 1.193E-19
 1.693E-19 1.799E-19 1.438E-19 1.541E-19 1.589E-19 1.273E-19 1.620E-19 1.938E-19 1.577E-19 1.600E-19
 1.736E-19 1.411E-19 1.730E-19 2.003E-19 1.634E-19 1.749E-19 1.601E-19 1.656E-19 1.970E-19 1.687E-19
 1.612E-19 1.577E-19 1.761E-19 1.889E-19 1.622E-19 1.552E-19 1.662E-19 1.770E-19 1.599E-19 1.616E-19
 1.855E-19 1.690E-19 1.415E-19 1.463E-19 1.414E-19 1.206E-19 1.173E-19 1.015E-19 8.520E-20 7.158E-20
 4.113E-20 1.511E-20 9.121E-21 1.443E-20 1.412E-20 1.012E-20 4.708E-21 1.028E-21 9.771E-22 4.546E-21
 4.465E-21 7.707E-22 0.000E+00 0.000E+00 0.000E+00 0.000E+00 2.291E-21 9.697E-21 9.914E-21 4.833E-21
 2.840E-21 4.724E-21 6.196E-21 7.283E-21 3.987E-21 2.026E-21 2.635E-21 3.665E-21 2.236E-21 4.839E-22
 1.369E-21 1.141E-21 1.421E-22 1.551E-22 2.318E-21 3.425E-21 4.912E-21 6.271E-21 7.290E-21 7.920E-21
 5.541E-21 3.166E-22 0.000E+00 2.329E-21 8.630E-21 7.872E-21 4.292E-21 5.231E-21 7.222E-21 4.291E-21
 8.143E-22 1.788E-21 2.151E-21 0.000E+00 6.944E-22 3.298E-21 2.793E-21 2.796E-21 4.054E-21 4.311E-21
 1.212E-21 0.000E+00 1.360E-22 5.990E-22 7.134E-22 5.844E-22 1.701E-21 3.406E-21 3.944E-21 1.994E-21
 2.241E-21 4.156E-21 3.306E-21 1.275E-21 1.642E-21 3.432E-21 3.014E-21 2.186E-21 2.342E-21 1.551E-21
 6.944E-22 0.000E+00 0.000E+00 1.425E-22 4.140E-21 5.667E-21 3.453E-21 3.710E-21 5.855E-21 3.547E-21
 3.811E-23 2.267E-22 2.433E-21 2.967E-21 3.715E-21 3.649E-21 1.030E-21 0.000E+00 0.000E+00 0.000E+00
 5.181E-22 3.507E-21 4.739E-21 1.965E-21 0.000E+00 0.000E+00 0.000E+00 2.468E-21 4.606E-21 2.369E-21
 0.000E+00 7.410E-22 1.282E-21 0.000E+00 0.000E+00 0.000E+00 1.450E-21 5.550E-21 7.637E-21 4.852E-21
 0.000E+00 0.000E+00 3.893E-21 5.484E-21 3.661E-21 6.347E-21 6.886E-21 2.222E-21 1.508E-21 4.724E-21
 1.939E-20 2.431E-20 5.338E-21 0.000E+00 0.000E+00 5.600E-21 1.345E-20 1.050E-20 4.148E-21 3.492E-21
 4.242E-21 4.021E-21 2.920E-21 0.000E+00 0.000E+00 2.892E-21 3.989E-21 2.085E-21 3.230E-21 3.729E-21
 0.000E+00 0.000E+00 9.844E-22 4.665E-21 6.375E-21 7.010E-21 8.167E-21 8.603E-21 6.672E-21 6.262E-21
 7.722E-21 9.447E-21 9.120E-21 5.781E-21 1.111E-21 7.062E-21 1.959E-20 1.437E-20 3.550E-21 4.008E-21
 7.409E-21 7.939E-21 1.924E-20 4.215E-20 3.974E-20 1.808E-20 7.398E-21 3.283E-21 3.417E-21 5.592E-21
 8.512E-21 1.090E-20 4.908E-21 0.000E+00 3.148E-22 1.973E-22 0.000E+00 0.000E+00 0.000E+00 0.000E+00
 0.000E+00 0.000E+00 0.000E+00 0.000E+00 0.000E+00 1.662E-21 7.804E-23 0.000E+00 2.605E-21 6.446E-21
 8.126E-21 6.896E-21 5.118E-21 4.301E-21 1.806E-21 0.000E+00 8.255E-21 1.701E-20 1.230E-20 7.502E-21
 6.846E-21 4.796E-21 2.959E-21 7.244E-21 3.045E-20 5.925E-20 5.412E-20 3.118E-20 2.003E-20 9.093E-21
 1.561E-21 8.117E-22 2.357E-22 0.000E+00 0.000E+00 1.258E-20 1.788E-20 5.336E-21 0.000E+00 2.241E-21
 2.863E-21 7.310E-22 7.131E-22 0.000E+00 0.000E+00 0.000E+00 0.000E+00 0.000E+00 0.000E+00 1.742E-21
 6.548E-21 6.046E-21 5.104E-21 5.329E-21 7.329E-21 1.450E-20 2.695E-20 2.447E-20 8.466E-21 3.936E-21
 4.043E-21 1.522E-21 3.159E-21 6.008E-21 6.054E-21 1.833E-20 3.324E-20 4.515E-20 6.206E-20 4.798E-20
 1.921E-20 1.671E-20 2.038E-20 1.066E-20 1.391E-21 3.041E-21 3.646E-21 1.450E-21 3.549E-21 1.412E-20
 1.871E-20 7.917E-21 0.000E+00 0.000E+00 2.938E-22 3.249E-21 3.315E-21 0.000E+00 0.000E+00 1.009E-22
 3.997E-21 6.171E-21 5.266E-21 4.834E-21 7.654E-21 1.870E-20 2.468E-20 1.168E-20 0.000E+00 0.000E+00
 0.000E+00 0.000E+00 3.460E-21 4.476E-21 7.672E-21 2.734E-20 4.133E-20 3.278E-20 3.174E-20 4.770E-20
 6.562E-20 6.199E-20 3.396E-20 1.147E-20 5.790E-21 1.708E-20 2.708E-20 1.477E-20 2.852E-21 2.187E-21
 0.000E+00 0.000E+00 1.304E-21 1.923E-20 3.070E-20 1.576E-20 9.241E-22 4.441E-22 2.326E-21 2.985E-21
 2.758E-21 4.214E-21 5.098E-21 1.199E-20 3.312E-20 3.935E-20 1.789E-20 3.936E-21 3.718E-22 0.000E+00
 6.996E-22 2.797E-21 5.284E-21 9.932E-21 2.031E-20 1.956E-20 1.135E-20 1.535E-20 2.408E-20 3.017E-20
 4.597E-20 7.918E-20 9.086E-20 7.645E-20 5.239E-20 1.870E-20 1.821E-21 5.005E-22 1.291E-21 1.017E-20
 2.209E-20 1.581E-20 1.559E-21 0.000E+00 0.000E+00 0.000E+00 4.620E-21 2.045E-20 1.993E-20 5.515E-21
 6.588E-22 6.779E-21 2.275E-20 2.861E-20 1.783E-20 9.457E-21 7.133E-21 6.166E-21 1.009E-20 1.197E-20
 6.314E-21 1.071E-20 3.311E-20 3.874E-20 1.600E-20 5.544E-21 8.041E-21 1.080E-20 1.831E-20 2.543E-20
 3.188E-20 4.426E-20 6.508E-20 7.484E-20 6.567E-20 5.706E-20 5.104E-20 2.905E-20 7.054E-21 2.126E-21
 5.036E-22 8.335E-22 2.777E-21 4.204E-21 1.700E-20 3.495E-20 2.140E-20 7.848E-22 7.624E-22 2.225E-20
 7.339E-20 7.638E-20 2.924E-20 9.682E-21 7.806E-21 3.103E-21 1.121E-21 4.340E-21 9.390E-21 2.631E-20
 3.586E-20 1.945E-20 6.054E-21 2.666E-21 3.574E-21 7.750E-21 1.260E-20 1.877E-20 1.938E-20 1.935E-20
 2.470E-20 3.165E-20 5.611E-20 8.328E-20 7.796E-20 6.483E-20 6.381E-20 5.545E-20 4.302E-20 3.202E-20
 1.380E-20 1.098E-21 0.000E+00 1.979E-21 4.981E-21 3.331E-21 9.633E-21 2.730E-20 3.051E-20 2.471E-20
 2.995E-20 1.958E-20 1.600E-20 2.948E-20 2.351E-20 3.484E-20 5.021E-20 2.805E-20 5.428E-21 8.553E-22
 3.581E-21 1.008E-20 9.407E-21 4.473E-21 4.250E-21 7.012E-21 1.784E-20 2.102E-20 1.903E-20 2.307E-20
 2.359E-20 2.911E-20 4.263E-20 6.286E-20 6.880E-20 5.840E-20 5.716E-20 6.281E-20 6.597E-20 4.472E-20
 2.211E-20 3.260E-20 4.320E-20 4.802E-20 4.848E-20 2.552E-20 6.308E-21 5.001E-21 5.958E-21 7.013E-21
 1.304E-20 2.680E-20 2.533E-20 1.666E-20 4.949E-20 8.461E-20 5.551E-20 1.176E-20 4.079E-21 7.197E-21
 8.407E-21 9.344E-21 1.059E-20 8.689E-21 8.080E-21 1.324E-20 1.156E-20 1.813E-20 1.800E-20 1.543E-20
 2.734E-20 3.175E-20 6.097E-20 8.047E-20 6.433E-20 5.393E-20 4.986E-20 5.009E-20 5.578E-20 9.629E-20
 1.114E-19 6.079E-20 1.853E-20 1.047E-20 2.796E-20 4.727E-20 5.685E-20 3.850E-20 1.006E-20 9.789E-22
 2.138E-22 4.449E-21 5.739E-21 8.392E-21 9.610E-21 2.128E-20 3.230E-20 2.047E-20 9.071E-21 1.923E-20
 3.486E-20 2.887E-20 2.413E-20 2.111E-20 1.450E-20 1.796E-20 1.577E-20 1.158E-20 2.664E-20 3.378E-20
 3.599E-20 5.903E-20 6.095E-20 5.710E-20 7.158E-20 8.763E-20 7.306E-20 5.067E-20 6.241E-20 5.657E-20
 7.550E-20 1.038E-19 6.380E-20 1.874E-20 5.752E-21 3.372E-21 3.771E-21 2.461E-20 4.069E-20 2.080E-20
 3.062E-21 4.943E-21 5.837E-21 5.982E-21 9.149E-21 3.101E-20 5.622E-20 3.710E-20 9.881E-21 7.268E-21
 1.196E-20 1.215E-20 1.789E-20 2.713E-20 3.850E-20 6.102E-20 5.150E-20 2.042E-20 2.560E-20 6.856E-20
 8.896E-20 6.869E-20 4.486E-20 5.738E-20 9.377E-20 7.167E-20 5.242E-20 5.651E-20 4.150E-20 5.462E-20
 4.803E-20 4.687E-20 9.502E-20 9.117E-20 3.266E-20 5.888E-21 7.620E-21 8.131E-21 7.828E-21 5.331E-21
 1.029E-20 2.470E-20 2.983E-20 2.182E-20 2.651E-20 3.711E-20 2.905E-20 1.522E-20 1.072E-20 1.428E-20
 1.852E-20 1.707E-20 2.675E-20 6.012E-20 6.114E-20 3.040E-20 3.702E-20 6.392E-20 7.842E-20 8.006E-20
 5.477E-20 3.425E-20 3.664E-20 2.614E-20 3.683E-20 4.868E-20 3.718E-20 5.433E-20 5.035E-20 3.773E-20
 5.496E-20 4.230E-20 3.380E-20 7.403E-20 8.623E-20 4.223E-20 8.515E-21 3.326E-21 8.454E-21 9.890E-21
 6.182E-21 9.746E-21 3.900E-20 6.114E-20 4.258E-20 4.741E-20 6.848E-20 5.407E-20 3.108E-20 4.787E-20
 7.527E-20 5.073E-20 3.099E-20 3.039E-20 3.290E-20 6.512E-20 6.946E-20 3.010E-20 1.604E-20 3.159E-20
 2.357E-20 1.735E-20 4.582E-20 6.962E-20 7.788E-20 6.995E-20 4.388E-20 4.295E-20 5.659E-20 3.248E-20
 3.675E-20 6.707E-20 5.657E-20 6.959E-20 8.840E-20 6.317E-20 3.708E-20 2.098E-20 1.622E-20 5.166E-20
 8.609E-20 6.528E-20 4.776E-20 3.774E-20 1.650E-20 1.273E-20 1.022E-20 1.112E-20 2.158E-20 3.619E-20
 4.508E-20 5.441E-20 6.190E-20 3.704E-20 1.273E-20 2.335E-20 3.513E-20 2.294E-20 2.492E-20 4.081E-20
 2.792E-20 2.228E-20 4.136E-20 3.325E-20 2.581E-20 5.162E-20 5.568E-20 5.703E-20 6.910E-20 4.281E-20
 2.384E-20 6.354E-20 1.050E-19 1.017E-19 1.154E-19 1.290E-19 8.614E-20 5.674E-20 4.287E-20 1.650E-20
 1.048E-20 1.074E-20 1.109E-20 1.769E-20 2.004E-20 1.619E-20 1.798E-20 5.133E-20 7.083E-20 3.626E-20
 1.308E-20 2.719E-20 3.338E-20 1.700E-20 3.213E-20 7.560E-20 6.030E-20 2.109E-20 2.818E-20 3.341E-20
 1.465E-20 2.456E-20 4.817E-20 4.385E-20 7.273E-20 1.185E-19 8.683E-20 3.953E-20 6.064E-20 1.103E-19
 9.941E-20 6.969E-20 1.020E-19 9.232E-20 3.734E-20 4.135E-20 5.043E-20 2.625E-20 1.710E-20 3.105E-20
 2.948E-20 1.712E-20 3.274E-20 4.894E-20 2.752E-20 6.647E-21 1.589E-20 2.380E-20 1.478E-20 9.594E-21
 2.283E-20 3.230E-20 1.759E-20 9.600E-21 3.234E-20 5.720E-20 7.367E-20 8.722E-20 7.404E-20 4.446E-20
 3.950E-20 5.986E-20 7.426E-20 7.336E-20 6.731E-20 5.771E-20 3.187E-20 2.392E-20 5.970E-20 6.105E-20
 3.558E-20 5.915E-20 9.802E-20 8.878E-20 4.030E-20 1.871E-20 4.844E-20 7.938E-20 6.062E-20 1.982E-20
 1.515E-20 5.222E-20 6.693E-20 2.922E-20 8.206E-21 2.843E-20 6.538E-20 8.448E-20 6.089E-20 3.771E-20
 3.088E-20 1.732E-20 1.631E-20 3.553E-20 4.410E-20 3.923E-20 4.057E-20 4.624E-20 3.599E-20 1.782E-20
 2.959E-20 4.871E-20 2.727E-20 1.116E-20 4.368E-20 8.517E-20 8.048E-20 4.633E-20 6.025E-20 9.120E-20
 7.723E-20 6.436E-20 9.505E-20 1.121E-19 6.911E-20 3.549E-20 5.977E-20 1.041E-19 9.503E-20 4.962E-20
 2.819E-20 1.810E-20 1.306E-20 2.131E-20 4.543E-20 4.428E-20 3.626E-20 6.231E-20 6.508E-20 3.392E-20
 7.230E-21 9.567E-21 3.212E-20 3.790E-20 2.197E-20 2.094E-20 3.860E-20 3.639E-20 1.865E-20 2.502E-20
 4.613E-20 3.403E-20 1.188E-20 3.810E-20 9.315E-20 8.559E-20 5.719E-20 1.141E-19 1.531E-19 8.992E-20
 2.472E-20 2.952E-20 6.376E-20 8.487E-20 7.687E-20 4.214E-20 3.096E-20 5.277E-20 6.574E-20 4.500E-20
 1.599E-20 9.913E-21 2.100E-20 2.602E-20 1.886E-20 1.567E-20 2.709E-20 5.692E-20 5.358E-20 2.098E-20
 2.315E-20 3.739E-20 2.850E-20 8.898E-21 2.215E-20 5.541E-20 8.871E-20 1.118E-19 8.531E-20 5.564E-20
 4.003E-20 1.582E-20 1.760E-20 6.532E-20 9.616E-20 6.064E-20 2.353E-20 3.743E-20 8.760E-20 9.452E-20
 7.288E-20 7.481E-20 5.274E-20 4.811E-20 5.552E-20 5.920E-20 9.670E-20 9.310E-20 3.345E-20 3.990E-21
 1.836E-20 2.083E-20 9.266E-21 2.344E-21 1.772E-20 7.192E-20 9.727E-20 4.932E-20 2.694E-20 7.038E-20
 8.045E-20 5.334E-20 3.092E-20 2.822E-20 3.757E-20 2.368E-20 1.296E-20 3.264E-20 7.044E-20 7.292E-20
 4.748E-20 4.286E-20 5.907E-20 6.359E-20 2.655E-20 3.025E-21 1.119E-20 5.307E-20 9.759E-20 6.498E-20
 1.573E-20 2.163E-21 6.437E-21 4.295E-20 9.691E-20 1.204E-19 9.065E-20 3.948E-20 2.455E-20 2.766E-20
 3.311E-20 5.457E-20 5.446E-20 4.193E-20 2.465E-20 4.976E-21 3.642E-21 3.227E-20 7.583E-20 6.361E-20
 2.180E-20 1.479E-20 3.383E-20 3.715E-20 2.761E-20 5.933E-20 1.061E-19 9.728E-20 4.318E-20 1.771E-20
 1.974E-20 4.767E-20 1.049E-19 1.115E-19 7.738E-20 4.733E-20 3.438E-20 5.179E-20 4.894E-20 1.982E-20
 2.566E-20 5.638E-20 5.927E-20 5.123E-20 5.988E-20 6.889E-20 7.218E-20 6.235E-20 3.783E-20 1.404E-20
 1.534E-20 3.600E-20 3.305E-20 2.102E-20 2.039E-20 4.832E-20 7.356E-20 3.801E-20 6.926E-21 2.867E-20
 9.636E-20 1.177E-19 5.083E-20 9.614E-21 1.360E-20 4.042E-20 5.173E-20 3.242E-20 2.981E-20 4.446E-20
 7.267E-20 9.316E-20 6.939E-20 2.613E-20 8.083E-21 1.578E-20 6.211E-20 1.040E-19 7.286E-20 2.244E-20
 4.641E-21 1.328E-21 1.760E-20 6.221E-20 6.713E-20 2.328E-20 1.535E-20 7.023E-20 1.135E-19 7.951E-20
 2.900E-20 8.277E-21 7.420E-21 2.357E-20 3.936E-20 4.823E-20 4.390E-20 2.217E-20 3.061E-20 6.135E-20
 5.936E-20 7.475E-20 8.720E-20 5.663E-20 4.910E-20 4.880E-20 3.011E-20 1.269E-20 1.441E-20 4.793E-20
 5.971E-20 2.803E-20 7.420E-21 1.913E-20 6.255E-20 1.088E-19 1.075E-19 6.323E-20 1.983E-20 6.263E-21
 1.509E-20 4.252E-20 6.754E-20 5.961E-20 3.475E-20 2.633E-20 3.661E-20 2.948E-20 2.665E-20 4.881E-20
 5.736E-20 5.543E-20 5.164E-20 5.816E-20 6.419E-20 3.401E-20 2.084E-20 3.633E-20 2.982E-20 1.834E-20
 3.451E-20 8.399E-20 1.064E-19 6.576E-20 2.080E-20 9.268E-21 1.129E-20 1.431E-20 3.564E-20 3.918E-20
 1.272E-20 1.045E-20 2.401E-20 1.945E-20 1.065E-20 2.287E-20 4.683E-20 4.994E-20 4.505E-20 6.207E-20
 6.619E-20 7.222E-20 9.543E-20 9.257E-20 7.281E-20 3.487E-20 2.724E-20 6.018E-20 6.327E-20 4.841E-20
 3.554E-20 3.848E-20 3.602E-20 1.516E-20 2.455E-20 4.568E-20 3.044E-20 7.680E-21 7.428E-21 1.175E-20
 2.839E-20 4.481E-20 4.213E-20 3.291E-20 1.729E-20 2.622E-21 1.516E-20 6.049E-20 7.825E-20 6.200E-20
 4.141E-20 2.066E-20 4.054E-20 7.762E-20 8.809E-20 8.964E-20 8.417E-20 5.252E-20 1.460E-20 5.950E-21
 2.278E-20 4.417E-20 4.427E-20 2.449E-20 1.012E-20 8.890E-21 2.447E-20 4.918E-20 4.835E-20 2.184E-20
 1.083E-20 2.233E-20 4.265E-20 5.186E-20 4.419E-20 3.784E-20 3.366E-20 4.908E-20 8.353E-20 7.481E-20
 3.131E-20 2.345E-20 4.413E-20 5.308E-20 5.227E-20 6.982E-20 7.708E-20 3.937E-20 1.014E-20 7.218E-21
 1.199E-20 2.292E-20 2.848E-20 3.013E-20 2.903E-20 3.268E-20 3.628E-20 3.272E-20 3.233E-20 2.329E-20
 1.565E-20 2.605E-20 5.485E-20 8.976E-20 7.897E-20 3.398E-20 1.521E-20 1.458E-20 1.307E-20 2.917E-20
 4.884E-20 3.434E-20 1.041E-20 1.819E-20 3.412E-20 3.500E-20 5.796E-20 7.833E-20 4.392E-20 9.756E-21
 6.564E-21 1.783E-20 3.030E-20 2.847E-20 3.814E-20 4.432E-20 3.125E-20 4.977E-20 8.513E-20 8.634E-20
 5.503E-20 1.982E-20 1.147E-20 3.136E-20 4.994E-20 4.654E-20 4.391E-20 4.236E-20 2.394E-20 2.114E-20
 4.026E-20 4.537E-20 2.710E-20 9.266E-21 4.705E-21 1.521E-20 3.541E-20 4.605E-20 4.136E-20 2.913E-20
 2.903E-20 3.795E-20 3.055E-20 1.411E-20 2.482E-20 5.336E-20 5.944E-20 3.908E-20 1.982E-20 4.602E-20
 7.760E-20 5.254E-20 2.983E-20 5.943E-20 7.583E-20 3.605E-20 8.620E-22 0.000E+00 4.182E-21 7.967E-21
 1.299E-20 2.573E-20 3.147E-20 2.649E-20 2.641E-20 5.263E-20 6.442E-20 4.778E-20 4.614E-20 3.213E-20
 1.108E-20 2.360E-20 3.726E-20 2.131E-20 1.824E-20 3.905E-20 3.104E-20 6.092E-21 0.000E+00 6.898E-21
 2.364E-20 2.446E-20 2.776E-20 4.280E-20 3.209E-20 2.014E-20 1.887E-20 2.353E-20 4.834E-20 4.911E-20
 3.439E-20 3.802E-20 3.553E-20 2.315E-20 3.444E-20 6.074E-20 5.876E-20 5.510E-20 4.609E-20 1.579E-20
 4.860E-21 1.984E-20 3.458E-20 2.509E-20 1.606E-20 2.779E-20 5.043E-20 5.371E-20 2.304E-20 2.391E-21
 7.893E-21 3.284E-20 5.140E-20 3.544E-20 9.321E-21 5.240E-22 2.898E-21 7.352E-21 1.689E-20 3.528E-20
 5.174E-20 5.459E-20 5.837E-20 4.501E-20 1.584E-20 1.031E-20 1.865E-20 2.343E-20 1.932E-20 1.428E-20
 2.035E-20 2.688E-20 2.467E-20 3.049E-20 4.093E-20 2.928E-20 1.050E-20 6.582E-21 6.976E-21 1.654E-20
 4.790E-20 6.051E-20 3.541E-20 1.362E-20 1.472E-20 1.498E-20 2.551E-20 5.406E-20 4.350E-20 2.793E-20
 3.858E-20 3.405E-20 2.316E-20 2.034E-20 3.192E-20 3.631E-20 2.800E-20 3.000E-20 3.581E-20 2.740E-20
 7.238E-21 4.197E-21 1.420E-20 1.663E-20 6.691E-21 0.000E+00 0.000E+00 1.659E-21 1.272E-20 2.944E-20
 3.984E-20 4.548E-20 3.598E-20 1.551E-20 6.400E-21 3.482E-21 5.277E-21 2.315E-20 4.811E-20 5.769E-20
 4.570E-20 3.843E-20 4.135E-20 5.180E-20 4.816E-20 2.626E-20 3.951E-20 5.285E-20 3.156E-20 1.827E-20
 1.487E-20 8.340E-21 4.393E-21 6.182E-21 1.258E-20 3.397E-20 4.846E-20 3.320E-20 2.039E-20 1.977E-20
 1.579E-20 6.233E-21 1.585E-21 1.211E-20 1.875E-20 1.420E-20 2.291E-20 3.375E-20 3.187E-20 2.428E-20
 9.598E-21 8.177E-21 1.774E-20 1.331E-20 1.074E-20 2.024E-20 2.347E-20 3.004E-20 5.119E-20 4.957E-20
 2.526E-20 1.914E-20 2.011E-20 1.812E-20 2.144E-20 2.114E-20 2.662E-20 2.806E-20 1.398E-20 1.346E-20
 2.988E-20 2.868E-20 1.337E-20 3.042E-20 5.015E-20 2.873E-20 6.622E-21 2.884E-21 3.135E-21 1.507E-20
 2.762E-20 2.964E-20 4.006E-20 3.474E-20 1.450E-20 1.739E-20 2.385E-20 2.131E-20 1.584E-20 6.400E-21
 6.392E-21 1.761E-20 1.790E-20 1.335E-20 2.032E-20 2.660E-20 2.688E-20 2.338E-20 1.811E-20 1.771E-20
 2.374E-20 2.305E-20 1.537E-20 1.370E-20 1.924E-20 2.701E-20 2.558E-20 1.882E-20 1.833E-20 1.724E-20
 1.368E-20 1.771E-20 2.321E-20 1.790E-20 9.221E-21 7.345E-21 5.766E-21 1.330E-20 2.753E-20 2.594E-20
 2.744E-20 2.829E-20 2.318E-20 2.981E-20 2.740E-20 1.701E-20 2.179E-20 3.589E-20 3.458E-20 2.013E-20
 1.466E-20 1.760E-20 1.448E-20 2.712E-21 3.098E-21 1.299E-20 1.019E-20 1.145E-20 2.019E-20 1.398E-20
 6.513E-21 5.648E-21 6.933E-21 1.267E-20 2.088E-20 2.569E-20 2.574E-20 3.428E-20 4.179E-20 4.197E-20
 3.013E-20 8.647E-21 1.644E-21 5.183E-21 1.102E-20 1.631E-20 2.343E-20 2.036E-20 6.097E-21 5.016E-21
 7.444E-21 7.655E-21 1.512E-20 3.032E-20 3.639E-20 2.382E-20 1.332E-20 1.100E-20 9.560E-21 1.186E-20
 2.328E-20 3.318E-20 2.894E-20 2.290E-20 2.905E-20 3.106E-20 1.507E-20 2.221E-21 2.769E-21 1.328E-20
 2.336E-20 1.445E-20 4.208E-21 6.305E-21 5.339E-21 4.738E-21 1.416E-20 1.892E-20 1.085E-20 6.825E-21
 7.658E-21 4.962E-21 1.001E-20 2.415E-20 2.519E-20 1.175E-20 3.469E-21 4.233E-21 4.927E-21 8.240E-21
 2.417E-20 3.071E-20 1.969E-20 1.406E-20 1.912E-20 2.686E-20 2.165E-20 7.727E-21 1.578E-21 3.267E-21
 1.148E-20 2.134E-20 1.879E-20 1.486E-20 2.336E-20 1.983E-20 9.366E-21 1.357E-20 1.522E-20 9.753E-21
 5.042E-21 3.514E-21 1.070E-20 1.552E-20 2.150E-20 3.136E-20 2.765E-20 1.836E-20 1.140E-20 1.124E-20
 1.549E-20 1.581E-20 1.203E-20 6.636E-21 7.779E-21 1.015E-20 1.253E-20 1.083E-20 1.412E-20 2.842E-20
 2.739E-20 1.153E-20 0.000E+00 0.000E+00 3.296E-21 1.443E-20 1.655E-20 1.206E-20 2.205E-20 2.398E-20
 1.723E-20 1.183E-20 1.786E-21 0.000E+00 0.000E+00 9.235E-21 1.934E-20 2.095E-20 1.444E-20 9.706E-21
 1.649E-20 2.275E-20 2.549E-20 2.447E-20 1.105E-20 8.320E-22 0.000E+00 0.000E+00 0.000E+00 9.638E-22
 5.367E-21 8.989E-21 1.604E-20 1.802E-20 1.384E-20 1.141E-20 7.069E-21 5.003E-21 5.196E-21 3.851E-21
 4.286E-21 7.956E-21 7.450E-21 2.704E-21 1.328E-20 3.105E-20 2.947E-20 1.381E-20 3.908E-21 1.021E-20
 1.745E-20 1.132E-20 5.790E-21 4.338E-21 9.131E-21 1.998E-20 2.257E-20 1.591E-20 8.219E-21 7.732E-21
 8.717E-21 5.562E-21 2.792E-21 3.894E-21 6.546E-21 1.131E-20 2.149E-20 2.394E-20 2.113E-20 1.924E-20
 1.328E-20 6.376E-21 1.023E-21 0.000E+00 3.436E-21 1.164E-20 1.327E-20 1.061E-20 8.349E-21 8.093E-21
 1.688E-20 2.267E-20 1.851E-20 9.759E-21 4.409E-21 5.431E-21 6.844E-21 9.224E-21 9.855E-21 5.836E-21
 7.121E-21 1.370E-20 1.252E-20 5.015E-21 1.306E-21 1.170E-21 2.934E-21 1.206E-20 1.876E-20 1.544E-20
 9.897E-21 5.339E-21 5.250E-21 7.582E-21 1.051E-20 1.070E-20 7.841E-21 5.963E-21 7.014E-21 1.632E-20
 2.257E-20 1.590E-20 9.235E-21 8.649E-21 9.818E-21 1.618E-20 1.725E-20 8.452E-21 7.871E-21 1.191E-20
 9.177E-21 5.194E-21 6.389E-21 7.913E-21 6.382E-21 5.041E-21 8.546E-21 1.274E-20 1.114E-20 1.194E-20
 1.318E-20 1.014E-20 5.440E-21 5.326E-22 2.718E-21 1.131E-20 1.320E-20 8.887E-21 9.269E-21 1.112E-20
 1.050E-20 7.715E-21 3.722E-21 3.277E-21 9.915E-21 1.345E-20 6.324E-21 6.690E-22 0.000E+00 1.636E-21
 9.918E-21 1.430E-20 1.431E-20 1.461E-20 1.240E-20 8.461E-21 6.692E-21 7.299E-21 7.256E-21 2.010E-21
 1.977E-21 9.948E-21 1.451E-20 1.466E-20 9.170E-21 1.695E-21 0.000E+00 9.262E-22 1.646E-21 3.783E-21
 9.018E-21 1.217E-20 1.178E-20 8.276E-21 6.129E-22 0.000E+00 9.151E-21 9.450E-21 2.101E-21 0.000E+00
 0.000E+00 0.000E+00 0.000E+00 1.781E-21 1.243E-20 1.600E-20 8.593E-21 5.155E-21 3.631E-21 1.697E-21
 3.971E-21 9.233E-21 1.537E-20 1.242E-20 4.156E-21 3.178E-21 2.825E-21 1.429E-21 3.183E-21 5.195E-21
 4.531E-21 1.307E-21 0.000E+00 7.886E-22 3.907E-21 5.959E-21 1.087E-20 1.447E-20 8.786E-21 4.745E-21
 7.323E-21 8.689E-21 6.956E-21 5.340E-21 7.064E-21 6.635E-21 0.000E+00 0.000E+00 0.000E+00 1.071E-22
 7.251E-21 7.486E-21 0.000E+00 0.000E+00 1.971E-22 2.317E-21 3.680E-21 9.315E-21 1.443E-20 1.075E-20
 4.227E-21 4.022E-21 5.302E-21 1.794E-21 2.285E-22 5.193E-21 4.424E-21 0.000E+00 0.000E+00 0.000E+00
 0.000E+00 3.689E-21 2.808E-21 0.000E+00 0.000E+00 0.000E+00 1.109E-21 4.473E-21 9.720E-21 1.452E-20
 1.193E-20 8.097E-21 9.359E-21 9.965E-21 8.212E-21 6.650E-21 5.833E-21 6.424E-21 7.777E-21 7.186E-21
 1.326E-21 0.000E+00 0.000E+00 6.936E-21 9.389E-21 5.290E-21 5.723E-21 9.938E-21 1.155E-20 6.935E-21
 2.434E-21 2.423E-21 4.584E-21 7.847E-21 5.433E-21 1.849E-21 1.586E-21 7.184E-22 0.000E+00 0.000E+00
 2.041E-21 3.827E-21 4.148E-21 2.272E-21 7.382E-22 2.015E-21 5.364E-21 6.576E-21 7.649E-21 8.849E-21
 1.542E-21 0.000E+00 0.000E+00 3.008E-21 4.506E-21 1.996E-21 0.000E+00 1.658E-21 3.501E-21 2.313E-21
 3.395E-21 4.815E-21 5.855E-21 8.151E-21 9.097E-21 6.951E-21 3.595E-21 3.634E-21 7.124E-21 1.157E-20
 7.725E-21 0.000E+00 0.000E+00 0.000E+00 1.143E-21 3.469E-23 0.000E+00 0.000E+00 0.000E+00 1.312E-21
 5.460E-21 3.705E-21 1.320E-21 5.493E-21 1.046E-20 1.043E-20 5.652E-21 1.301E-21 1.170E-21 1.144E-21
 1.532E-21 4.663E-21 6.026E-21 4.166E-21 3.897E-21 7.243E-21 9.126E-21 5.408E-21 7.963E-22 1.259E-21
 3.866E-21 5.559E-21 7.641E-21 5.662E-21 0.000E+00 0.000E+00 6.302E-22 5.211E-21 4.915E-21 4.189E-21
 7.172E-21 9.579E-21 1.070E-20 9.426E-21 4.346E-21 6.393E-22 1.219E-21 3.398E-21 3.546E-21 0.000E+00
 0.000E+00 0.000E+00 0.000E+00 0.000E+00 0.000E+00 3.650E-21 6.184E-21 7.092E-21 4.041E-21 0.000E+00
 0.000E+00 0.000E+00 5.182E-21 7.927E-21 5.418E-21 4.427E-21 4.047E-21 1.009E-21 0.000E+00 0.000E+00
 2.848E-22 2.160E-21 4.092E-21 4.055E-21 3.604E-21 5.215E-21 8.641E-21 7.351E-21 3.252E-21 2.028E-21
 3.351E-22 0.000E+00 0.000E+00 7.889E-22 0.000E+00 0.000E+00 0.000E+00 0.000E+00 0.000E+00 0.000E+00
 0.000E+00 2.033E-21 5.073E-21 4.537E-21 4.832E-21 4.270E-21 2.170E-21 2.266E-21 2.648E-21 1.447E-21
 1.258E-21 2.311E-21 8.004E-22 0.000E+00 0.000E+00 0.000E+00 1.579E-21 3.722E-21 1.939E-21 7.945E-22
 0.000E+00 0.000E+00 0.000E+00 0.000E+00 2.412E-23 0.000E+00 0.000E+00 3.808E-21 8.836E-21 8.789E-21
 6.233E-21 5.884E-21 7.086E-21 6.118E-21 1.052E-21 0.000E+00 2.025E-21 5.068E-21 3.352E-21 2.054E-21
 5.267E-21 6.821E-21 4.920E-21 2.797E-21 3.160E-21 5.382E-21 5.959E-21 3.272E-21 0.000E+00 0.000E+00
 0.000E+00 1.540E-21 2.257E-21 6.494E-22 1.200E-21 3.481E-21 2.975E-21 0.000E+00 0.000E+00 0.000E+00
 4.449E-22 9.645E-22 0.000E+00 0.000E+00 0.000E+00 0.000E+00 0.000E+00 0.000E+00 0.000E+00 0.000E+00
 0.000E+00 0.000E+00 0.000E+00 2.241E-21 4.681E-21 3.168E-21 2.551E-21 3.861E-21 6.710E-21 6.605E-21
 4.192E-21 5.182E-21 7.339E-21 6.901E-21 4.084E-21 3.002E-21 2.224E-21 2.000E-21 4.400E-21 2.956E-21
 0.000E+00 0.000E+00 2.403E-21 2.861E-21 6.753E-22 0.000E+00 0.000E+00 3.527E-21 7.253E-21 7.640E-21
 4.329E-21 3.846E-22 1.005E-21 4.124E-21 3.691E-21 3.126E-21 2.947E-21 2.362E-21 4.036E-21 4.763E-21
 5.031E-21 4.043E-21 0.000E+00 0.000E+00 0.000E+00 6.453E-21 8.342E-21 4.689E-21 3.305E-21 3.917E-21
 2.377E-21 0.000E+00 0.000E+00 0.000E+00 0.000E+00 0.000E+00 3.229E-21 3.093E-21 2.965E-22 0.000E+00
 0.000E+00 0.000E+00 4.653E-22 3.864E-21 2.820E-21 3.593E-22 1.619E-21 3.772E-21 2.839E-21 2.490E-21
 4.086E-21 6.337E-21 5.737E-21 3.243E-22 0.000E+00 9.412E-22 2.249E-21 2.169E-21 0.000E+00 0.000E+00
 0.000E+00 0.000E+00 0.000E+00 0.000E+00 0.000E+00 0.000E+00 0.000E+00 0.000E+00 3.030E-21 5.057E-21
 3.625E-21 5.025E-22 0.000E+00 0.000E+00 0.000E+00 0.000E+00 0.000E+00 4.981E-23 0.000E+00 0.000E+00
 0.000E+00 2.953E-21 4.468E-21 4.648E-21 4.079E-21 1.349E-21 0.000E+00 3.645E-22 0.000E+00 0.000E+00
 1.185E-21 7.530E-22 0.000E+00 6.132E-22 9.552E-22 1.329E-21 4.793E-21 7.382E-21 5.635E-21 2.908E-21
 2.334E-21 1.482E-21 2.442E-21 6.277E-21 6.325E-21 2.389E-21 0.000E+00 0.000E+00 4.718E-22 0.000E+00
 0.000E+00 3.538E-21 6.730E-21 2.931E-21 1.884E-21 3.105E-21 2.675E-21 1.461E-21 0.000E+00 0.000E+00
 4.975E-22 0.000E+00 0.000E+00 0.000E+00 0.000E+00 3.943E-22 0.000E+00 0.000E+00 0.000E+00 2.031E-21
 4.484E-21 4.642E-21 2.484E-21 5.352E-22 2.157E-21 6.132E-21 6.357E-21 1.938E-21 8.162E-22 4.825E-21
 5.290E-21 2.738E-21 2.793E-21 3.270E-21 1.948E-21 9.389E-22 1.713E-21 9.750E-22 0.000E+00 0.000E+00
 1.313E-21 1.958E-21 2.601E-21 2.321E-21 9.292E-22 1.089E-21 2.052E-21 4.192E-21 4.616E-21 1.342E-21
 0.000E+00 0.000E+00 1.373E-21 1.305E-21 6.589E-22 0.000E+00 1.072E-21 3.173E-21 1.844E-21 0.000E+00
 0.000E+00 0.000E+00 0.000E+00 0.000E+00 0.000E+00 0.000E+00 2.133E-21 2.856E-21 3.659E-21 5.629E-21
 2.020E-21 0.000E+00 0.000E+00 0.000E+00 0.000E+00 3.331E-21 3.572E-21 2.196E-21 6.593E-22 3.491E-21
 6.273E-21 7.434E-21 7.119E-21 4.651E-21 3.929E-21 2.695E-21 2.832E-22 0.000E+00 1.474E-21 3.043E-21
 2.425E-22 0.000E+00 1.775E-21 1.756E-21 0.000E+00 0.000E+00 0.000E+00 1.559E-21 3.001E-21 0.000E+00
 0.000E+00 0.000E+00 0.000E+00 2.806E-22 1.406E-22 0.000E+00 0.000E+00 0.000E+00 0.000E+00 0.000E+00
 0.000E+00 3.679E-22 0.000E+00 0.000E+00 0.000E+00 1.409E-21 3.963E-21 5.200E-21 5.121E-21 3.055E-21
 2.066E-21 2.410E-21 2.570E-21 1.495E-21 0.000E+00 0.000E+00 0.000E+00 0.000E+00 0.000E+00 6.433E-22
 0.000E+00 0.000E+00 0.000E+00 0.000E+00 6.505E-22 3.935E-21 2.409E-21 8.206E-22 7.368E-22 0.000E+00
 0.000E+00 0.000E+00 0.000E+00 0.000E+00 0.000E+00 1.682E-21 4.415E-21 4.431E-21 1.135E-21 0.000E+00
 2.990E-21 6.856E-21 4.842E-21 2.660E-21 8.787E-22 0.000E+00 0.000E+00 0.000E+00 1.509E-21 2.294E-21
 0.000E+00 1.238E-22 3.011E-21 2.801E-21 6.567E-22 0.000E+00 0.000E+00 0.000E+00 7.128E-22 1.630E-22
 0.000E+00 0.000E+00 0.000E+00 0.000E+00 0.000E+00 0.000E+00 0.000E+00 1.157E-21 2.202E-21 1.153E-21
 0.000E+00 0.000E+00 0.000E+00 4.498E-22 0.000E+00 8.276E-22 2.646E-21 9.971E-22 0.000E+00 0.000E+00
 2.863E-21 2.723E-21 3.944E-22 5.126E-22 2.467E-21 0.000E+00 0.000E+00 2.000E-21 2.026E-21 0.000E+00
 0.000E+00 0.000E+00 0.000E+00 0.000E+00 0.000E+00 0.000E+00 0.000E+00 2.137E-22 2.773E-21 3.665E-21
 2.512E-21 0.000E+00 0.000E+00 0.000E+00 0.000E+00 0.000E+00 0.000E+00 0.000E+00 1.144E-21 1.474E-21
 0.000E+00 0.000E+00 0.000E+00 1.701E-22 2.582E-21 8.158E-22 0.000E+00 0.000E+00 0.000E+00 0.000E+00
 2.163E-21 2.548E-21 0.000E+00 0.000E+00 3.651E-21 3.438E-21 8.906E-22 1.774E-21 4.073E-21 3.239E-21
 6.946E-22 0.000E+00 1.020E-21 2.013E-21 1.520E-21 0.000E+00 0.000E+00 0.000E+00 0.000E+00 0.000E+00
 0.000E+00 0.000E+00 2.784E-23 2.176E-21 1.496E-21 9.704E-22 7.913E-22 0.000E+00 0.000E+00 0.000E+00
 0.000E+00 0.000E+00 2.311E-21 3.765E-21 2.233E-21 0.000E+00 0.000E+00 0.000E+00 0.000E+00 0.000E+00
 2.166E-21 4.572E-21 4.308E-21 2.404E-21 4.660E-22 0.000E+00 0.000E+00 0.000E+00 0.000E+00 0.000E+00
 6.336E-22 1.643E-21 1.592E-21 2.692E-21 1.903E-21 0.000E+00 1.891E-22 2.108E-21 0.000E+00 0.000E+00
 0.000E+00 4.665E-21 6.813E-21 4.110E-21 2.045E-21 1.001E-21 1.298E-21 2.901E-21 2.305E-21 0.000E+00
 0.000E+00 0.000E+00 3.473E-21 3.330E-21 0.000E+00 0.000E+00 0.000E+00 0.000E+00 1.090E-24 7.867E-22
 0.000E+00 0.000E+00 0.000E+00 0.000E+00 0.000E+00 0.000E+00 0.000E+00 0.000E+00 0.000E+00 8.820E-22
 2.744E-21 2.806E-21 9.333E-22 1.270E-21 2.635E-21 3.195E-21 5.145E-21 4.237E-21 6.473E-22 5.435E-22
 0.000E+00 0.000E+00 0.000E+00 0.000E+00 0.000E+00 1.042E-21 0.000E+00 0.000E+00 0.000E+00 0.000E+00
 2.302E-21 2.555E-21 0.000E+00 0.000E+00 0.000E+00 0.000E+00 0.000E+00 0.000E+00 0.000E+00 2.514E-21
 4.702E-21 2.030E-22 0.000E+00 0.000E+00 0.000E+00 0.000E+00 0.000E+00 0.000E+00 0.000E+00 1.571E-21
 1.339E-21 0.000E+00 0.000E+00 2.338E-21 0.000E+00 0.000E+00 0.000E+00 0.000E+00 1.013E-21 0.000E+00
 0.000E+00 0.000E+00 2.113E-21 3.749E-21 2.195E-21 0.000E+00 0.000E+00 0.000E+00 0.000E+00 0.000E+00
 0.000E+00 9.319E-22 3.096E-21 1.632E-21 0.000E+00 0.000E+00 0.000E+00 7.559E-22 7.479E-23 0.000E+00
 0.000E+00 2.376E-21 1.223E-21 0.000E+00 0.000E+00 0.000E+00 0.000E+00 1.016E-21 1.249E-21 1.315E-21
 1.975E-21 8.333E-22 0.000E+00 2.355E-22 6.359E-22 0.000E+00 0.000E+00 3.080E-22 2.023E-21 2.215E-21
 2.477E-21 2.608E-21 1.295E-21 1.846E-22 0.000E+00
