     CH2F2 1385.0000 1475.0000      5975    264.00    0.0000 2.245E-19  HITRAN      HFC-32    air 31
 5.389E-21 7.118E-21 6.345E-21 2.010E-21 0.000E+00 4.548E-22 4.837E-22 0.000E+00 0.000E+00 9.268E-22
 3.586E-21 4.985E-21 2.586E-21 0.000E+00 0.000E+00 0.000E+00 0.000E+00 0.000E+00 0.000E+00 2.125E-21
 2.623E-21 2.384E-21 2.711E-21 2.676E-21 2.737E-21 2.476E-21 1.208E-21 0.000E+00 0.000E+00 0.000E+00
 2.598E-22 1.242E-21 1.563E-21 0.000E+00 0.000E+00 2.026E-21 2.937E-21 2.011E-21 1.852E-21 2.440E-21
 3.278E-21 3.477E-21 1.890E-21 0.000E+00 0.000E+00 0.000E+00 0.000E+00 2.240E-21 8.490E-22 0.000E+00
 0.000E+00 0.000E+00 0.000E+00 0.000E+00 0.000E+00 0.000E+00 0.000E+00 0.000E+00 2.359E-21 3.036E-21
 9.825E-22 1.096E-21 2.321E-21 1.272E-21 0.000E+00 5.177E-22 2.203E-21 2.923E-21 1.281E-21 0.000E+00
 0.000E+00 2.358E-21 5.666E-21 3.802E-21 1.580E-21 2.978E-21 5.456E-21 6.238E-21 3.277E-21 3.483E-22
 0.000E+00 0.000E+00 0.000E+00 7.558E-22 2.435E-21 2.188E-21 1.285E-21 8.911E-23 9.029E-23 1.418E-22
 1.316E-21 1.955E-21 1.345E-22 0.000E+00 0.000E+00 0.000E+00 0.000E+00 2.354E-21 3.328E-21 4.448E-21
 3.920E-21 0.000E+00 0.000E+00 0.000E+00 0.000E+00 0.000E+00 0.000E+00 2.516E-21 3.630E-21 3.168E-21
 3.283E-21 3.713E-21 3.357E-21 3.736E-21 3.266E-21 5.087E-22 0.000E+00 1.379E-21 3.372E-21 1.755E-21
 1.251E-21 3.136E-21 2.673E-21 0.000E+00 0.000E+00 5.660E-22 2.853E-21 3.191E-21 6.408E-22 1.330E-21
 2.118E-21 0.000E+00 0.000E+00 0.000E+00 0.000E+00 0.000E+00 2.394E-21 3.352E-21 3.700E-21 3.497E-21
 3.755E-21 3.220E-21 1.815E-21 1.946E-21 7.410E-22 1.148E-21 2.961E-21 1.595E-21 2.421E-21 4.234E-21
 2.373E-21 9.397E-22 1.587E-21 2.658E-21 6.329E-22 0.000E+00 0.000E+00 3.327E-21 1.359E-21 4.389E-22
 2.587E-21 2.465E-21 7.177E-22 1.566E-21 3.091E-21 3.627E-21 3.086E-21 2.159E-21 1.685E-21 4.524E-22
 0.000E+00 0.000E+00 0.000E+00 0.000E+00 6.070E-22 0.000E+00 0.000E+00 2.902E-21 4.363E-21 2.513E-21
 2.454E-21 3.505E-21 6.671E-22 0.000E+00 0.000E+00 1.014E-21 2.274E-21 4.071E-21 6.137E-21 6.195E-21
 3.207E-21 3.316E-21 4.698E-21 3.200E-21 2.557E-21 3.578E-21 2.402E-21 4.522E-22 7.961E-22 3.091E-21
 5.462E-21 5.208E-21 3.378E-21 1.248E-21 2.239E-22 2.683E-22 0.000E+00 0.000E+00 0.000E+00 0.000E+00
 0.000E+00 0.000E+00 0.000E+00 0.000E+00 9.824E-22 4.890E-22 0.000E+00 0.000E+00 0.000E+00 0.000E+00
 1.758E-22 3.476E-21 4.102E-21 1.712E-21 0.000E+00 0.000E+00 3.815E-22 8.383E-22 0.000E+00 0.000E+00
 0.000E+00 0.000E+00 0.000E+00 0.000E+00 0.000E+00 0.000E+00 0.000E+00 0.000E+00 2.863E-21 4.656E-21
 4.603E-21 3.598E-21 3.860E-22 0.000E+00 0.000E+00 8.516E-22 2.171E-21 1.040E-21 1.273E-21 2.663E-21
 1.527E-21 0.000E+00 7.892E-22 5.135E-21 5.704E-21 6.603E-23 0.000E+00 0.000E+00 2.858E-21 4.632E-21
 3.723E-21 2.427E-21 2.097E-21 5.341E-22 4.167E-22 1.510E-21 2.066E-21 1.356E-21 1.458E-21 4.929E-21
 5.538E-21 3.224E-21 3.936E-21 6.130E-21 5.866E-21 3.282E-21 1.644E-21 1.846E-21 1.058E-21 5.656E-23
 1.984E-22 0.000E+00 0.000E+00 6.093E-22 1.726E-21 3.762E-21 4.756E-21 4.032E-21 9.341E-22 0.000E+00
 0.000E+00 0.000E+00 0.000E+00 8.005E-23 1.103E-21 9.700E-22 5.133E-22 3.452E-21 4.761E-21 2.414E-21
 0.000E+00 0.000E+00 0.000E+00 0.000E+00 0.000E+00 3.927E-22 0.000E+00 2.256E-21 5.957E-21 3.516E-21
 3.296E-23 5.692E-22 1.157E-21 0.000E+00 0.000E+00 0.000E+00 0.000E+00 1.874E-21 1.981E-21 1.087E-22
 0.000E+00 0.000E+00 7.103E-22 2.227E-22 0.000E+00 0.000E+00 3.084E-22 3.477E-21 9.569E-22 0.000E+00
 0.000E+00 2.873E-21 3.782E-21 2.262E-21 3.835E-22 0.000E+00 0.000E+00 0.000E+00 1.930E-21 3.581E-21
 3.004E-21 1.478E-21 1.551E-21 3.655E-21 2.798E-21 1.921E-22 0.000E+00 9.770E-22 2.387E-21 2.648E-21
 0.000E+00 0.000E+00 8.957E-22 2.603E-21 1.590E-21 0.000E+00 0.000E+00 1.560E-21 1.651E-21 1.908E-21
 3.952E-21 6.817E-21 6.313E-21 6.095E-21 5.991E-21 3.891E-21 3.776E-21 3.478E-21 1.890E-21 9.104E-22
 1.718E-21 1.830E-21 0.000E+00 0.000E+00 0.000E+00 0.000E+00 0.000E+00 1.789E-21 4.092E-22 0.000E+00
 0.000E+00 0.000E+00 2.894E-21 4.461E-22 0.000E+00 0.000E+00 7.428E-22 5.432E-22 7.745E-22 1.706E-22
 3.334E-22 1.567E-21 0.000E+00 0.000E+00 2.230E-21 4.216E-21 4.932E-21 3.061E-21 4.814E-22 5.394E-22
 9.569E-22 2.130E-21 3.623E-21 2.071E-21 7.308E-22 2.805E-21 5.152E-21 3.317E-21 4.900E-22 3.183E-22
 5.259E-22 7.668E-22 8.928E-22 4.103E-22 3.913E-23 0.000E+00 0.000E+00 0.000E+00 0.000E+00 6.471E-22
 1.411E-21 2.238E-21 1.866E-21 0.000E+00 0.000E+00 1.579E-21 3.247E-21 1.445E-21 0.000E+00 0.000E+00
 0.000E+00 4.475E-22 1.094E-21 2.014E-21 3.450E-21 2.960E-21 5.728E-22 0.000E+00 0.000E+00 2.000E-21
 2.777E-21 2.771E-21 3.013E-21 1.708E-22 0.000E+00 9.040E-22 1.706E-21 2.354E-21 2.882E-21 4.367E-21
 5.409E-21 2.233E-21 0.000E+00 0.000E+00 1.585E-22 1.696E-21 2.028E-21 2.828E-21 1.057E-21 3.014E-22
 5.487E-22 0.000E+00 1.120E-21 3.798E-21 3.920E-21 3.623E-21 3.532E-21 2.603E-21 1.171E-22 0.000E+00
 1.178E-21 0.000E+00 0.000E+00 0.000E+00 5.465E-22 1.476E-21 1.742E-21 3.364E-21 3.431E-21 2.264E-21
 3.738E-21 3.011E-21 1.433E-21 4.267E-22 0.000E+00 9.929E-22 3.483E-21 4.445E-21 3.678E-21 3.641E-21
 2.735E-21 1.596E-21 2.646E-21 5.326E-21 7.430E-21 5.159E-21 2.195E-21 3.450E-21 4.407E-21 1.970E-21
 2.198E-21 3.728E-21 1.282E-21 0.000E+00 0.000E+00 0.000E+00 0.000E+00 0.000E+00 0.000E+00 0.000E+00
 0.000E+00 3.259E-23 3.420E-21 3.684E-21 1.836E-21 0.000E+00 0.000E+00 0.000E+00 1.232E-21 1.385E-21
 1.444E-21 1.824E-21 2.175E-21 2.786E-21 2.324E-21 1.996E-21 4.321E-21 5.070E-21 2.290E-21 3.321E-22
 0.000E+00 0.000E+00 0.000E+00 0.000E+00 4.157E-23 2.585E-21 4.526E-21 5.367E-21 4.042E-21 1.696E-21
 3.234E-21 3.856E-21 2.159E-21 1.438E-21 2.198E-21 4.539E-21 4.227E-21 1.295E-21 8.077E-23 0.000E+00
 0.000E+00 0.000E+00 8.718E-22 0.000E+00 0.000E+00 4.333E-21 7.867E-21 5.719E-21 1.332E-21 8.067E-22
 4.863E-21 6.314E-21 2.901E-21 1.908E-21 2.475E-21 5.645E-22 0.000E+00 0.000E+00 0.000E+00 1.092E-21
 1.821E-21 6.719E-22 1.401E-21 1.854E-21 1.846E-22 0.000E+00 0.000E+00 0.000E+00 5.700E-22 0.000E+00
 0.000E+00 1.338E-21 2.826E-21 1.406E-21 2.419E-22 0.000E+00 2.117E-21 8.763E-21 7.952E-21 4.276E-21
 5.663E-21 7.623E-21 6.656E-21 4.909E-21 2.101E-21 2.392E-23 1.082E-21 3.284E-21 5.010E-21 2.571E-21
 0.000E+00 5.450E-22 4.983E-22 3.619E-22 1.325E-21 2.600E-21 2.655E-21 2.259E-21 2.106E-21 1.767E-21
 1.348E-21 0.000E+00 0.000E+00 0.000E+00 0.000E+00 1.321E-21 4.225E-21 4.873E-21 2.383E-21 0.000E+00
 4.606E-23 2.608E-21 2.836E-21 1.185E-21 6.244E-22 0.000E+00 0.000E+00 0.000E+00 9.294E-22 3.320E-21
 5.702E-21 7.601E-21 6.264E-21 2.736E-21 0.000E+00 0.000E+00 0.000E+00 2.609E-22 0.000E+00 2.368E-21
 3.032E-21 3.151E-21 3.856E-21 2.293E-21 2.879E-21 2.545E-21 7.400E-23 0.000E+00 0.000E+00 0.000E+00
 8.915E-22 3.898E-22 0.000E+00 0.000E+00 1.491E-21 5.008E-21 6.233E-21 5.120E-21 3.704E-21 1.711E-21
 0.000E+00 0.000E+00 0.000E+00 6.079E-22 1.417E-21 0.000E+00 0.000E+00 0.000E+00 0.000E+00 1.245E-21
 5.662E-21 5.039E-21 4.691E-22 0.000E+00 0.000E+00 9.377E-22 6.105E-21 7.919E-21 6.499E-21 4.095E-21
 1.202E-21 1.880E-21 5.094E-21 4.696E-21 3.986E-21 6.226E-21 4.778E-21 2.979E-22 0.000E+00 0.000E+00
 0.000E+00 0.000E+00 2.077E-21 1.377E-21 1.130E-21 3.143E-21 2.271E-21 1.879E-21 3.830E-21 4.258E-21
 1.362E-21 0.000E+00 0.000E+00 1.282E-22 2.006E-21 3.275E-21 2.373E-21 1.881E-21 3.808E-21 4.151E-21
 2.884E-21 2.332E-21 1.738E-21 1.922E-21 2.269E-21 2.443E-21 5.189E-21 7.111E-21 4.950E-21 3.507E-21
 3.610E-21 2.006E-21 1.798E-21 2.861E-21 2.020E-21 3.145E-21 4.515E-21 2.353E-21 1.727E-21 4.696E-21
 8.026E-21 7.505E-21 3.737E-21 3.650E-21 4.546E-21 1.489E-21 5.772E-22 1.749E-21 3.810E-21 8.447E-21
 8.652E-21 4.880E-21 2.231E-21 2.110E-21 3.389E-21 8.184E-22 0.000E+00 0.000E+00 0.000E+00 0.000E+00
 1.802E-21 4.304E-21 4.277E-21 3.764E-21 0.000E+00 0.000E+00 0.000E+00 0.000E+00 0.000E+00 0.000E+00
 1.835E-21 2.564E-21 0.000E+00 0.000E+00 5.179E-23 1.924E-21 2.256E-21 9.189E-22 8.495E-22 0.000E+00
 0.000E+00 4.791E-21 7.196E-21 6.113E-21 6.674E-21 4.437E-21 1.592E-21 2.151E-21 2.978E-21 2.771E-21
 1.691E-21 0.000E+00 0.000E+00 1.088E-21 3.081E-21 3.558E-21 3.128E-21 2.020E-21 8.644E-22 0.000E+00
 0.000E+00 0.000E+00 7.632E-22 1.241E-21 3.169E-21 6.329E-21 1.023E-20 1.292E-20 1.081E-20 5.691E-21
 2.844E-21 2.570E-21 1.787E-21 1.717E-21 2.170E-21 2.202E-21 4.620E-21 6.541E-21 6.603E-21 6.694E-21
 4.527E-21 2.798E-21 1.611E-21 1.477E-22 1.255E-22 0.000E+00 0.000E+00 0.000E+00 0.000E+00 1.061E-21
 3.683E-21 3.008E-21 3.069E-21 3.040E-21 4.428E-21 5.677E-21 1.995E-21 4.885E-22 1.803E-21 1.309E-21
 9.711E-22 3.658E-21 4.930E-21 2.563E-21 3.094E-21 2.783E-21 0.000E+00 0.000E+00 0.000E+00 1.677E-21
 3.739E-21 1.286E-21 0.000E+00 0.000E+00 1.127E-21 5.691E-21 6.911E-21 5.245E-21 2.741E-21 5.114E-22
 2.366E-21 5.764E-21 5.930E-21 4.631E-21 6.190E-21 6.903E-21 5.951E-21 5.972E-21 3.577E-21 8.094E-22
 0.000E+00 0.000E+00 0.000E+00 0.000E+00 0.000E+00 0.000E+00 0.000E+00 4.107E-21 1.017E-20 1.240E-20
 1.070E-20 7.416E-21 3.744E-21 1.355E-21 7.529E-22 1.061E-22 1.701E-21 4.664E-21 4.041E-21 2.071E-21
 5.403E-22 0.000E+00 0.000E+00 2.034E-21 5.621E-21 3.441E-21 1.021E-21 2.075E-21 3.898E-21 3.760E-21
 2.244E-21 2.325E-21 4.787E-21 4.101E-21 9.887E-22 0.000E+00 0.000E+00 1.150E-21 3.469E-21 5.983E-22
 0.000E+00 0.000E+00 6.710E-22 0.000E+00 2.706E-22 2.699E-21 1.084E-21 0.000E+00 0.000E+00 0.000E+00
 3.397E-22 5.180E-22 0.000E+00 1.874E-21 3.853E-21 2.771E-21 5.515E-21 9.034E-21 7.992E-21 6.195E-21
 4.009E-21 1.287E-21 1.626E-21 2.500E-21 2.173E-21 1.352E-21 0.000E+00 0.000E+00 2.318E-23 1.186E-21
 0.000E+00 0.000E+00 0.000E+00 0.000E+00 1.190E-21 2.305E-21 3.054E-21 1.838E-21 0.000E+00 3.421E-23
 4.692E-21 4.005E-21 4.418E-21 9.282E-21 1.160E-20 7.361E-21 7.821E-22 0.000E+00 0.000E+00 0.000E+00
 0.000E+00 1.001E-21 6.930E-21 7.424E-21 5.651E-21 6.113E-21 5.335E-21 4.800E-21 6.056E-21 7.432E-21
 6.807E-21 4.669E-21 6.185E-21 8.219E-21 6.707E-21 7.683E-21 8.236E-21 1.791E-21 0.000E+00 0.000E+00
 2.294E-21 3.177E-21 1.541E-21 0.000E+00 0.000E+00 3.438E-21 9.938E-21 8.157E-21 4.610E-21 6.524E-21
 6.458E-21 2.303E-21 0.000E+00 2.721E-22 2.904E-21 4.356E-21 3.799E-21 4.119E-21 4.825E-21 3.895E-21
 1.433E-21 8.994E-22 2.719E-21 3.522E-21 2.633E-21 3.425E-21 7.418E-21 8.370E-21 5.292E-21 3.505E-21
 6.443E-21 9.260E-21 5.219E-21 1.147E-21 8.241E-22 0.000E+00 0.000E+00 0.000E+00 2.490E-22 1.443E-21
 4.013E-21 8.000E-21 1.177E-20 8.928E-21 2.797E-21 3.885E-22 0.000E+00 0.000E+00 0.000E+00 8.111E-22
 2.557E-21 2.916E-21 1.043E-21 2.586E-23 0.000E+00 0.000E+00 8.078E-22 5.935E-21 8.211E-21 5.454E-21
 2.320E-21 2.076E-21 2.618E-21 2.789E-21 5.678E-21 8.455E-21 6.329E-21 4.263E-21 4.923E-21 4.242E-21
 3.389E-21 3.492E-21 4.269E-21 4.533E-21 0.000E+00 0.000E+00 0.000E+00 0.000E+00 1.673E-22 8.210E-22
 2.521E-21 4.892E-21 3.144E-21 2.372E-21 4.657E-21 5.476E-21 4.253E-21 2.881E-21 4.466E-21 9.963E-21
 1.281E-20 9.011E-21 3.408E-21 1.240E-21 1.804E-21 3.946E-21 1.088E-20 1.666E-20 1.183E-20 3.158E-21
 1.916E-21 1.032E-20 1.548E-20 8.847E-21 3.057E-21 2.418E-21 3.754E-21 5.009E-21 3.616E-21 4.357E-21
 7.639E-21 9.194E-21 6.354E-21 6.148E-21 1.009E-20 8.456E-21 7.032E-21 8.390E-21 7.013E-21 4.335E-21
 4.684E-21 6.907E-21 6.353E-21 9.198E-21 1.007E-20 3.493E-21 0.000E+00 0.000E+00 0.000E+00 0.000E+00
 5.801E-21 9.730E-21 3.666E-21 0.000E+00 0.000E+00 1.840E-21 6.218E-21 8.417E-21 5.171E-21 1.905E-21
 3.185E-21 6.293E-21 7.114E-21 3.031E-21 1.592E-21 3.735E-21 7.602E-21 1.149E-20 1.037E-20 6.731E-21
 2.359E-21 1.995E-21 3.116E-21 9.596E-22 1.679E-21 4.533E-21 2.723E-21 0.000E+00 3.196E-21 6.292E-21
 8.309E-21 1.136E-20 7.574E-21 5.554E-21 9.258E-21 9.137E-21 4.241E-21 9.032E-22 1.776E-22 5.184E-22
 3.901E-21 4.733E-21 3.567E-21 4.752E-21 5.860E-21 5.518E-21 2.886E-21 6.914E-22 0.000E+00 0.000E+00
 2.673E-22 6.143E-21 1.173E-20 8.724E-21 4.751E-21 6.510E-21 7.279E-21 4.870E-21 4.267E-21 4.989E-21
 4.393E-21 7.576E-21 1.189E-20 9.146E-21 3.172E-21 6.191E-22 8.412E-22 1.369E-21 3.374E-21 7.482E-21
 9.019E-21 6.748E-21 4.157E-21 5.549E-21 1.194E-20 1.183E-20 5.491E-21 6.475E-21 7.615E-21 2.903E-21
 1.807E-21 3.711E-21 3.914E-21 3.225E-21 2.422E-21 1.008E-21 1.885E-21 5.994E-21 8.716E-21 1.279E-20
 1.365E-20 6.689E-21 2.948E-21 2.446E-21 3.033E-21 7.442E-21 8.968E-21 5.968E-21 2.765E-21 2.293E-21
 5.870E-21 6.460E-21 4.269E-21 6.443E-21 9.755E-21 9.088E-21 5.431E-21 2.889E-21 3.311E-21 1.218E-20
 2.220E-20 1.671E-20 4.795E-21 1.199E-21 3.960E-21 5.836E-21 5.061E-21 3.344E-21 2.528E-21 2.135E-21
 3.218E-21 6.686E-21 7.563E-21 9.211E-21 1.158E-20 9.611E-21 5.849E-21 3.066E-21 1.585E-21 9.593E-22
 7.521E-21 1.537E-20 9.603E-21 0.000E+00 0.000E+00 3.275E-21 7.403E-21 9.866E-21 9.549E-21 1.013E-20
 7.202E-21 2.202E-21 2.184E-21 1.189E-21 0.000E+00 0.000E+00 8.463E-22 9.756E-21 2.049E-20 2.080E-20
 1.374E-20 9.440E-21 7.657E-21 3.946E-21 7.672E-22 4.783E-21 1.110E-20 9.728E-21 3.927E-21 2.396E-21
 6.826E-21 1.079E-20 7.953E-21 3.878E-21 6.964E-21 7.608E-21 5.712E-21 1.432E-20 1.825E-20 1.322E-20
 8.838E-21 4.389E-21 8.102E-21 1.056E-20 6.563E-21 8.852E-21 1.389E-20 1.235E-20 5.658E-21 1.894E-21
 2.316E-21 3.634E-21 3.724E-21 5.539E-21 5.997E-21 3.120E-21 6.016E-21 1.081E-20 9.991E-21 5.625E-21
 6.222E-21 1.151E-20 1.057E-20 3.558E-21 5.797E-22 2.570E-21 3.294E-21 5.621E-21 5.789E-21 4.029E-21
 6.536E-21 6.091E-21 2.507E-21 3.830E-22 0.000E+00 4.075E-22 1.328E-20 2.660E-20 2.200E-20 7.362E-21
 2.244E-21 6.560E-21 1.067E-20 1.216E-20 7.825E-21 6.678E-21 1.113E-20 1.088E-20 1.057E-20 9.957E-21
 7.425E-21 6.420E-21 7.946E-21 1.306E-20 1.901E-20 1.877E-20 1.382E-20 1.505E-20 1.489E-20 7.376E-21
 2.324E-21 1.895E-21 2.999E-21 1.890E-21 5.550E-22 3.813E-21 8.933E-21 8.051E-21 2.625E-21 1.955E-22
 1.595E-21 5.297E-21 6.433E-21 9.264E-21 1.814E-20 2.113E-20 1.290E-20 4.919E-21 5.766E-21 5.632E-21
 2.998E-21 5.684E-21 8.970E-21 9.361E-21 6.582E-21 1.575E-21 0.000E+00 0.000E+00 0.000E+00 1.911E-21
 1.071E-20 1.703E-20 1.936E-20 1.538E-20 1.648E-20 1.985E-20 1.335E-20 1.159E-20 1.402E-20 1.231E-20
 8.885E-21 5.805E-21 4.100E-21 2.919E-21 6.052E-21 1.122E-20 1.403E-20 9.764E-21 4.748E-21 9.417E-21
 1.427E-20 2.033E-20 2.197E-20 9.181E-21 5.215E-22 3.256E-21 4.521E-21 0.000E+00 0.000E+00 4.270E-21
 4.352E-21 1.612E-22 7.274E-22 4.896E-21 3.280E-21 0.000E+00 2.692E-21 7.082E-21 8.025E-21 1.467E-20
 1.895E-20 1.186E-20 5.080E-21 3.054E-21 6.918E-21 8.206E-21 2.020E-21 0.000E+00 0.000E+00 4.289E-21
 9.167E-21 1.060E-20 9.020E-21 4.222E-21 2.019E-21 3.918E-21 7.377E-21 8.975E-21 9.832E-21 1.089E-20
 6.863E-21 9.015E-21 2.112E-20 2.121E-20 1.608E-20 1.461E-20 1.019E-20 1.024E-20 1.053E-20 7.069E-21
 5.989E-21 6.383E-21 4.716E-21 6.133E-21 6.617E-21 2.083E-21 1.236E-21 6.614E-21 1.621E-20 1.344E-20
 6.455E-21 1.201E-20 1.371E-20 7.422E-21 1.541E-21 0.000E+00 0.000E+00 2.119E-21 1.030E-20 1.642E-20
 9.059E-21 4.136E-21 8.879E-21 7.629E-21 1.025E-20 2.063E-20 2.378E-20 1.701E-20 1.527E-20 1.365E-20
 4.302E-21 8.836E-22 6.023E-21 1.463E-20 1.220E-20 1.708E-21 0.000E+00 3.482E-21 6.447E-21 1.072E-20
 1.932E-20 1.632E-20 7.095E-21 2.405E-21 9.799E-22 2.967E-21 8.949E-21 1.548E-20 2.008E-20 3.019E-20
 3.511E-20 2.976E-20 2.088E-20 9.250E-21 4.019E-21 6.851E-21 9.168E-21 5.369E-21 3.993E-22 4.351E-21
 9.934E-21 6.997E-21 3.780E-21 1.162E-20 2.779E-20 2.621E-20 7.240E-21 0.000E+00 0.000E+00 0.000E+00
 2.378E-21 1.033E-20 1.119E-20 4.953E-21 2.785E-21 2.841E-21 7.472E-21 1.149E-20 1.326E-20 1.360E-20
 1.501E-20 1.851E-20 1.273E-20 4.114E-21 8.120E-21 1.414E-20 9.267E-21 3.848E-21 2.081E-21 2.169E-21
 8.496E-21 1.867E-20 1.860E-20 8.259E-21 4.224E-21 3.993E-21 4.660E-21 1.183E-20 1.701E-20 1.259E-20
 8.871E-21 9.364E-21 1.429E-20 2.480E-20 1.961E-20 9.782E-21 2.131E-20 2.900E-20 2.550E-20 2.293E-20
 1.129E-20 2.534E-21 4.148E-21 6.911E-21 8.284E-21 5.068E-21 3.884E-21 4.421E-21 2.980E-21 9.328E-21
 2.277E-20 2.083E-20 8.934E-21 1.338E-20 2.766E-20 3.120E-20 1.679E-20 5.709E-21 4.710E-21 5.156E-21
 8.671E-21 6.427E-21 7.168E-22 0.000E+00 6.885E-21 2.151E-20 2.684E-20 1.820E-20 5.107E-21 0.000E+00
 0.000E+00 4.968E-21 1.795E-20 1.627E-20 7.055E-21 4.336E-21 4.319E-21 1.367E-20 2.566E-20 1.794E-20
 3.392E-21 0.000E+00 7.367E-21 2.154E-20 2.812E-20 1.589E-20 3.502E-21 9.788E-21 1.463E-20 6.821E-21
 3.419E-21 8.600E-21 2.057E-20 3.120E-20 2.056E-20 5.095E-21 3.820E-21 6.791E-21 1.254E-20 1.157E-20
 5.766E-21 7.715E-21 1.282E-20 1.238E-20 1.437E-20 3.747E-20 4.794E-20 2.273E-20 5.340E-21 5.645E-21
 6.852E-21 1.312E-20 1.620E-20 9.020E-21 3.542E-21 1.674E-21 1.387E-21 9.429E-21 2.052E-20 2.171E-20
 1.864E-20 1.328E-20 5.434E-21 9.497E-21 1.238E-20 4.918E-21 3.089E-21 5.535E-21 1.092E-20 2.034E-20
 2.346E-20 1.353E-20 2.973E-21 4.094E-21 9.741E-21 1.629E-20 2.186E-20 1.947E-20 9.456E-21 3.938E-21
 1.391E-20 1.953E-20 9.628E-21 6.085E-21 5.579E-21 0.000E+00 0.000E+00 0.000E+00 1.272E-20 4.033E-20
 5.163E-20 3.444E-20 1.444E-20 6.074E-21 5.354E-21 1.426E-20 2.310E-20 2.183E-20 1.141E-20 3.257E-21
 1.624E-20 3.215E-20 2.483E-20 1.751E-20 1.531E-20 7.083E-21 2.421E-21 7.983E-22 7.430E-21 1.601E-20
 1.152E-20 3.646E-21 9.378E-21 2.150E-20 3.025E-20 3.034E-20 1.288E-20 3.969E-22 6.431E-22 1.495E-20
 3.014E-20 2.186E-20 1.748E-20 2.201E-20 2.206E-20 1.898E-20 2.098E-20 2.609E-20 1.974E-20 1.154E-20
 8.082E-21 4.712E-21 5.023E-21 1.254E-20 1.227E-20 1.006E-20 1.305E-20 1.085E-20 1.230E-20 1.182E-20
 6.034E-21 5.533E-21 1.298E-20 1.666E-20 2.735E-20 4.860E-20 3.884E-20 1.403E-20 1.078E-20 1.336E-20
 8.465E-21 4.345E-21 1.964E-21 0.000E+00 1.248E-20 4.091E-20 4.625E-20 1.893E-20 3.234E-21 9.584E-21
 2.045E-20 1.873E-20 7.050E-21 3.680E-21 9.585E-21 2.721E-20 3.167E-20 1.961E-20 1.959E-20 2.384E-20
 2.586E-20 2.419E-20 1.618E-20 1.062E-20 1.593E-20 2.763E-20 3.407E-20 3.298E-20 1.862E-20 4.954E-21
 8.447E-21 1.015E-20 8.127E-21 7.535E-21 8.438E-21 2.095E-20 3.481E-20 3.313E-20 2.010E-20 1.101E-20
 7.413E-21 4.883E-21 3.154E-21 1.536E-20 3.401E-20 2.538E-20 5.269E-21 1.282E-21 3.990E-21 1.636E-20
 4.916E-20 5.389E-20 2.040E-20 4.476E-21 4.195E-21 1.119E-20 2.214E-20 1.890E-20 1.083E-20 2.249E-20
 4.270E-20 4.086E-20 2.222E-20 6.858E-21 5.858E-21 1.496E-20 2.940E-20 2.717E-20 1.512E-20 2.167E-20
 3.369E-20 4.110E-20 3.002E-20 1.178E-20 1.043E-20 2.811E-20 4.629E-20 4.252E-20 2.892E-20 1.257E-20
 0.000E+00 0.000E+00 6.245E-21 1.341E-20 1.780E-20 1.779E-20 1.400E-20 1.152E-20 4.298E-21 5.426E-21
 9.528E-21 5.312E-21 9.532E-21 1.786E-20 1.248E-20 6.440E-21 1.055E-20 7.491E-21 3.255E-21 2.222E-21
 3.152E-21 1.217E-20 2.061E-20 1.619E-20 1.489E-20 3.513E-20 4.233E-20 2.767E-20 1.281E-20 2.573E-21
 1.515E-21 1.034E-20 2.589E-20 4.118E-20 4.707E-20 2.713E-20 1.423E-20 2.181E-20 1.202E-20 2.710E-21
 9.226E-21 2.805E-20 3.606E-20 2.017E-20 2.195E-20 3.852E-20 3.991E-20 3.347E-20 3.015E-20 1.847E-20
 3.748E-21 5.568E-22 5.803E-21 2.075E-20 2.847E-20 1.940E-20 1.053E-20 1.799E-20 2.715E-20 1.578E-20
 1.502E-20 3.297E-20 2.988E-20 9.996E-21 2.109E-21 1.581E-21 5.467E-21 1.343E-20 1.042E-20 0.000E+00
 0.000E+00 0.000E+00 6.262E-21 1.712E-20 1.287E-20 3.816E-21 3.103E-21 7.153E-21 1.693E-20 2.706E-20
 4.375E-20 3.523E-20 1.871E-20 2.702E-20 2.233E-20 4.826E-21 1.077E-20 5.490E-20 6.596E-20 2.636E-20
 7.133E-21 2.225E-20 3.725E-20 2.856E-20 2.896E-20 4.015E-20 4.301E-20 3.959E-20 4.831E-20 5.635E-20
 2.910E-20 1.243E-20 1.854E-20 1.704E-20 6.886E-21 4.674E-21 1.369E-20 2.089E-20 2.569E-20 2.489E-20
 2.052E-20 1.183E-20 1.580E-20 2.081E-20 8.843E-21 2.912E-21 2.243E-21 4.968E-21 1.446E-20 1.944E-20
 9.416E-21 1.011E-21 6.777E-22 8.930E-21 2.195E-20 1.381E-20 2.081E-21 3.241E-21 1.537E-20 2.795E-20
 1.944E-20 4.987E-21 3.743E-21 2.740E-20 6.548E-20 5.924E-20 2.133E-20 1.891E-20 3.075E-20 3.020E-20
 4.391E-20 6.503E-20 5.599E-20 3.083E-20 1.972E-20 3.576E-20 5.675E-20 3.629E-20 3.192E-20 5.463E-20
 4.825E-20 3.919E-20 2.704E-20 6.977E-21 1.292E-21 3.825E-21 1.395E-20 4.705E-20 6.313E-20 2.998E-20
 6.085E-21 5.342E-21 5.717E-21 1.287E-20 1.680E-20 1.234E-20 7.798E-21 5.739E-21 3.458E-21 8.682E-21
 1.413E-20 7.379E-21 3.200E-21 1.921E-21 8.554E-21 1.820E-20 1.108E-20 3.339E-21 4.347E-21 1.465E-20
 2.093E-20 1.082E-20 9.049E-22 5.833E-21 2.266E-20 2.540E-20 9.247E-21 1.930E-20 7.187E-20 7.929E-20
 2.864E-20 1.464E-20 4.880E-20 7.092E-20 4.688E-20 3.755E-20 5.268E-20 5.080E-20 5.488E-20 6.884E-20
 7.069E-20 4.176E-20 1.653E-20 1.206E-20 7.231E-21 1.427E-20 2.840E-20 2.936E-20 1.941E-20 1.735E-20
 1.440E-20 9.971E-21 1.216E-20 1.254E-20 1.539E-20 1.666E-20 1.007E-20 2.446E-21 5.323E-22 2.037E-21
 1.142E-20 1.414E-20 5.145E-21 2.224E-21 4.031E-21 1.709E-20 2.537E-20 1.539E-20 3.834E-21 6.257E-21
 2.035E-20 2.025E-20 5.341E-21 2.138E-21 2.092E-20 2.926E-20 1.246E-20 5.473E-21 2.470E-20 3.411E-20
 2.185E-20 5.197E-20 9.286E-20 5.765E-20 2.808E-20 7.299E-20 8.757E-20 4.584E-20 5.280E-20 8.053E-20
 6.431E-20 4.428E-20 2.695E-20 2.162E-20 4.153E-20 5.033E-20 3.760E-20 1.544E-20 2.747E-21 7.028E-21
 1.432E-20 1.168E-20 5.919E-21 9.530E-21 1.268E-20 1.721E-20 1.899E-20 9.581E-21 1.372E-21 0.000E+00
 5.927E-21 1.727E-20 1.539E-20 3.255E-21 4.475E-22 1.080E-20 2.532E-20 2.106E-20 7.407E-21 9.359E-21
 2.134E-20 2.618E-20 1.032E-20 2.624E-21 1.735E-20 3.214E-20 2.320E-20 8.675E-21 2.360E-20 3.445E-20
 1.776E-20 1.566E-20 4.170E-20 4.002E-20 5.912E-20 1.065E-19 9.086E-20 8.788E-20 1.197E-19 1.187E-19
 7.706E-20 4.109E-20 4.130E-20 3.147E-20 2.748E-20 3.169E-20 2.044E-20 1.008E-20 5.069E-21 6.366E-21
 1.194E-20 1.925E-20 1.647E-20 8.846E-21 5.919E-21 6.892E-21 1.496E-20 1.858E-20 7.170E-21 0.000E+00
 1.908E-21 1.224E-20 1.948E-20 1.135E-20 2.311E-21 4.757E-21 1.946E-20 2.530E-20 1.289E-20 6.049E-21
 1.352E-20 2.585E-20 1.857E-20 4.529E-21 1.258E-20 3.096E-20 2.350E-20 9.931E-21 2.867E-20 3.748E-20
 1.948E-20 2.639E-20 4.601E-20 3.014E-20 3.364E-20 5.070E-20 5.195E-20 1.052E-19 1.583E-19 1.418E-19
 1.055E-19 9.067E-20 7.972E-20 5.400E-20 2.218E-20 4.130E-21 8.299E-21 1.121E-20 9.072E-21 6.202E-21
 4.278E-21 9.107E-21 1.565E-20 1.174E-20 3.510E-21 1.897E-21 4.938E-21 1.647E-20 1.240E-20 0.000E+00
 0.000E+00 2.658E-21 1.686E-20 1.328E-20 6.107E-22 0.000E+00 1.346E-20 2.556E-20 1.786E-20 9.933E-21
 1.717E-20 2.848E-20 1.714E-20 3.608E-21 1.726E-20 3.061E-20 1.504E-20 9.449E-21 3.419E-20 3.723E-20
 2.352E-20 3.957E-20 4.637E-20 3.487E-20 5.018E-20 5.437E-20 5.878E-20 7.048E-20 8.940E-20 1.836E-19
 2.245E-19 1.310E-19 4.325E-20 7.586E-21 0.000E+00 2.208E-21 7.214E-21 1.562E-20 1.443E-20 6.098E-21
 2.260E-21 6.052E-21 1.439E-20 1.542E-20 7.773E-21 3.679E-21 4.598E-21 1.316E-20 1.960E-20 1.297E-20
 5.330E-21 8.057E-21 1.954E-20 1.832E-20 4.884E-21 1.662E-21 1.585E-20 2.679E-20 1.487E-20 5.560E-21
 1.930E-20 3.368E-20 1.912E-20 7.573E-21 2.737E-20 3.583E-20 2.095E-20 2.543E-20 4.307E-20 2.897E-20
 2.864E-20 4.822E-20 3.964E-20 4.325E-20 5.313E-20 5.449E-20 6.924E-20 8.410E-20 1.120E-19 1.521E-19
 1.665E-19 1.432E-19 8.918E-20 3.363E-20 8.412E-21 6.269E-21 9.727E-21 1.277E-20 1.226E-20 7.576E-21
 3.104E-21 1.674E-21 8.493E-21 1.450E-20 8.795E-21 5.500E-21 6.671E-21 1.312E-20 1.740E-20 1.005E-20
 2.428E-21 5.998E-21 1.778E-20 1.503E-20 2.837E-21 5.252E-21 2.175E-20 2.412E-20 7.004E-21 6.539E-21
 2.654E-20 2.825E-20 9.513E-21 1.788E-20 4.082E-20 2.938E-20 1.815E-20 3.962E-20 3.877E-20 2.739E-20
 4.489E-20 4.485E-20 4.616E-20 6.048E-20 6.271E-20 8.215E-20 1.051E-19 1.170E-19 1.085E-19 8.413E-20
 8.246E-20 7.131E-20 6.853E-20 8.777E-20 5.683E-20 1.714E-20 6.928E-21 5.395E-21 9.209E-21 4.222E-21
 3.404E-21 8.433E-21 1.390E-20 1.527E-20 9.568E-21 4.785E-21 5.611E-21 1.574E-20 1.859E-20 8.695E-21
 1.760E-21 1.030E-20 1.880E-20 1.005E-20 1.078E-21 9.876E-21 2.243E-20 1.433E-20 6.397E-21 2.279E-20
 3.580E-20 2.121E-20 1.357E-20 3.271E-20 3.327E-20 1.975E-20 3.860E-20 4.608E-20 3.166E-20 4.648E-20
 5.099E-20 4.779E-20 6.077E-20 7.654E-20 1.259E-19 1.572E-19 1.249E-19 7.413E-20 4.105E-20 5.483E-20
 7.669E-20 4.651E-20 2.081E-20 6.120E-20 8.505E-20 4.258E-20 9.089E-21 6.937E-21 8.607E-21 5.967E-21
 3.965E-21 6.414E-21 1.318E-20 1.862E-20 1.231E-20 3.686E-21 5.803E-21 1.618E-20 1.403E-20 2.915E-21
 5.789E-21 1.620E-20 1.346E-20 0.000E+00 3.480E-21 2.080E-20 2.250E-20 8.756E-21 1.194E-20 2.866E-20
 2.242E-20 1.470E-20 3.200E-20 3.698E-20 2.198E-20 3.845E-20 4.651E-20 3.516E-20 4.920E-20 5.014E-20
 5.476E-20 7.360E-20 1.029E-19 1.471E-19 1.329E-19 7.934E-20 5.549E-20 3.620E-20 3.742E-20 7.549E-20
 6.973E-20 2.814E-20 1.075E-20 3.437E-20 7.875E-20 6.387E-20 1.627E-20 2.443E-21 3.798E-21 4.326E-21
 1.323E-21 2.680E-21 8.760E-21 9.292E-21 4.820E-21 7.847E-21 2.176E-20 2.423E-20 9.174E-21 1.399E-21
 1.233E-20 1.683E-20 7.238E-21 7.754E-21 2.265E-20 2.626E-20 1.290E-20 1.675E-20 3.107E-20 2.213E-20
 1.380E-20 3.150E-20 3.029E-20 1.867E-20 3.904E-20 3.723E-20 3.078E-20 4.624E-20 4.763E-20 6.550E-20
 1.238E-19 1.978E-19 1.785E-19 7.970E-20 4.188E-20 3.676E-20 3.700E-20 6.184E-20 6.973E-20 4.734E-20
 1.795E-20 6.823E-21 8.305E-21 3.695E-20 8.208E-20 6.416E-20 1.975E-20 1.381E-20 1.247E-20 3.933E-21
 1.762E-21 9.268E-21 1.524E-20 1.070E-20 8.451E-21 1.513E-20 1.859E-20 1.048E-20 7.170E-21 1.691E-20
 1.945E-20 9.080E-21 1.009E-20 2.304E-20 2.099E-20 6.383E-21 1.132E-20 2.638E-20 1.969E-20 1.888E-20
 3.456E-20 2.742E-20 2.768E-20 4.755E-20 4.309E-20 4.805E-20 5.544E-20 6.384E-20 1.152E-19 1.608E-19
 1.532E-19 9.925E-20 6.725E-20 6.189E-20 4.495E-20 3.770E-20 4.399E-20 5.632E-20 4.130E-20 1.208E-20
 3.256E-21 1.668E-21 1.198E-20 5.875E-20 8.718E-20 4.121E-20 5.140E-21 3.243E-21 8.763E-22 6.988E-22
 3.287E-21 1.072E-20 1.142E-20 1.106E-20 1.198E-20 9.514E-21 5.749E-23 1.436E-21 1.594E-20 1.540E-20
 3.784E-21 5.398E-21 2.035E-20 1.454E-20 8.549E-21 2.341E-20 2.566E-20 1.592E-20 2.645E-20 2.942E-20
 1.774E-20 3.664E-20 4.163E-20 4.180E-20 5.673E-20 8.383E-20 1.544E-19 1.902E-19 1.622E-19 1.033E-19
 5.273E-20 4.889E-20 6.261E-20 5.865E-20 3.539E-20 3.691E-20 3.605E-20 1.262E-20 1.276E-21 0.000E+00
 3.510E-21 1.283E-20 5.594E-20 8.457E-20 4.331E-20 8.045E-21 4.117E-21 1.117E-21 1.189E-21 9.430E-21
 1.523E-20 1.122E-20 8.501E-21 1.247E-20 9.266E-21 1.431E-21 5.461E-21 1.418E-20 1.109E-20 9.356E-21
 2.382E-20 2.440E-20 1.055E-20 1.755E-20 2.834E-20 1.674E-20 2.290E-20 3.812E-20 2.803E-20 3.812E-20
 4.549E-20 4.305E-20 6.489E-20 9.097E-20 1.182E-19 1.367E-19 1.431E-19 1.164E-19 8.513E-20 8.349E-20
 6.058E-20 2.948E-20 3.131E-20 5.584E-20 5.134E-20 1.872E-20 4.964E-21 7.559E-23 0.000E+00 0.000E+00
 1.608E-20 6.781E-20 8.230E-20 3.697E-20 8.408E-21 3.975E-21 1.468E-21 5.850E-21 7.402E-21 4.936E-21
 1.760E-21 3.936E-21 4.779E-21 3.306E-21 8.195E-21 1.628E-20 1.497E-20 5.828E-21 1.155E-20 1.650E-20
 1.209E-20 1.875E-20 2.663E-20 1.718E-20 2.449E-20 3.996E-20 3.152E-20 4.130E-20 4.430E-20 5.169E-20
 9.572E-20 1.125E-19 1.197E-19 1.548E-19 1.584E-19 1.186E-19 1.025E-19 7.788E-20 2.778E-20 1.070E-20
 2.171E-20 3.267E-20 1.919E-20 5.795E-21 8.767E-21 5.709E-21 7.215E-22 0.000E+00 1.711E-20 6.459E-20
 7.838E-20 3.433E-20 6.886E-21 3.914E-21 6.037E-21 8.293E-21 5.122E-21 6.521E-21 4.591E-21 4.632E-21
 7.260E-21 6.499E-21 4.742E-21 9.239E-21 6.862E-21 0.000E+00 6.942E-21 1.494E-20 9.046E-21 1.357E-20
 2.482E-20 1.519E-20 2.178E-20 2.992E-20 2.664E-20 3.909E-20 4.371E-20 6.783E-20 8.977E-20 8.529E-20
 1.050E-19 1.451E-19 1.627E-19 1.410E-19 8.709E-20 2.993E-20 9.857E-21 2.543E-20 5.058E-20 3.969E-20
 7.438E-21 0.000E+00 0.000E+00 1.106E-21 9.313E-22 1.323E-21 2.132E-20 6.290E-20 6.962E-20 2.944E-20
 4.353E-21 1.786E-21 4.132E-21 3.733E-21 3.365E-21 0.000E+00 0.000E+00 3.355E-21 4.436E-21 3.544E-21
 1.547E-21 3.889E-21 2.150E-21 5.849E-21 1.411E-20 1.468E-20 1.103E-20 2.089E-20 2.223E-20 1.730E-20
 2.955E-20 2.545E-20 2.851E-20 3.923E-20 6.425E-20 9.814E-20 8.825E-20 8.892E-20 1.556E-19 2.168E-19
 1.623E-19 6.824E-20 2.618E-20 8.582E-21 1.601E-20 3.209E-20 2.729E-20 7.665E-21 5.231E-22 0.000E+00
 0.000E+00 0.000E+00 5.972E-21 3.372E-20 6.274E-20 5.658E-20 2.738E-20 1.162E-20 6.399E-21 8.414E-22
 0.000E+00 0.000E+00 5.525E-22 2.013E-21 1.362E-21 0.000E+00 0.000E+00 0.000E+00 3.128E-21 5.091E-21
 2.379E-21 4.345E-21 8.684E-21 5.871E-21 7.657E-21 1.469E-20 1.156E-20 2.275E-20 2.703E-20 2.768E-20
 4.010E-20 5.268E-20 7.850E-20 7.975E-20 8.207E-20 1.290E-19 1.690E-19 1.527E-19 9.770E-20 4.484E-20
 1.603E-20 3.103E-20 5.304E-20 3.344E-20 5.468E-21 1.149E-21 3.629E-22 1.878E-21 4.149E-21 1.398E-20
 3.482E-20 4.738E-20 5.590E-20 3.775E-20 6.514E-21 0.000E+00 0.000E+00 7.166E-22 3.148E-21 1.230E-21
 0.000E+00 1.794E-21 2.649E-21 1.737E-21 7.875E-22 1.604E-21 4.223E-22 1.437E-21 5.415E-21 7.836E-21
 7.497E-21 8.960E-21 1.073E-20 5.040E-21 1.286E-20 1.745E-20 1.996E-20 2.908E-20 4.486E-20 8.356E-20
 1.065E-19 1.186E-19 1.321E-19 1.521E-19 1.470E-19 8.041E-20 2.710E-20 1.543E-20 2.739E-20 2.842E-20
 8.768E-21 2.238E-21 8.219E-22 0.000E+00 0.000E+00 1.567E-20 4.860E-20 5.132E-20 3.547E-20 3.205E-20
 1.962E-20 8.405E-21 8.056E-21 3.782E-21 5.527E-22 5.280E-22 7.795E-22 0.000E+00 0.000E+00 0.000E+00
 0.000E+00 0.000E+00 0.000E+00 1.031E-22 0.000E+00 0.000E+00 0.000E+00 0.000E+00 0.000E+00 2.097E-21
 4.354E-21 1.125E-20 1.468E-20 1.930E-20 2.494E-20 3.194E-20 6.841E-20 1.004E-19 9.162E-20 8.993E-20
 1.252E-19 1.329E-19 7.572E-20 2.685E-20 3.674E-20 5.074E-20 2.598E-20 6.594E-21 4.893E-21 1.473E-21
 0.000E+00 1.145E-20 2.891E-20 2.646E-20 3.604E-20 5.309E-20 3.211E-20 5.731E-21 1.938E-22 0.000E+00
 3.145E-22 2.255E-21 1.567E-21 1.472E-22 1.351E-21 5.244E-21 5.320E-21 7.443E-22 9.729E-23 4.024E-21
 5.041E-21 3.332E-21 1.918E-21 9.210E-22 1.244E-21 4.453E-22 0.000E+00 3.414E-21 1.038E-20 1.393E-20
 2.107E-20 2.593E-20 4.973E-20 1.067E-19 1.255E-19 9.640E-20 1.026E-19 1.358E-19 1.015E-19 3.395E-20
 2.360E-20 3.257E-20 2.141E-20 8.124E-21 1.943E-21 1.544E-21 2.168E-20 4.805E-20 3.609E-20 1.282E-20
 1.825E-20 2.812E-20 1.610E-20 4.308E-21 4.479E-21 4.335E-21 3.194E-21 6.206E-22 1.820E-21 2.903E-21
 1.160E-21 1.339E-21 2.302E-21 1.390E-21 0.000E+00 1.355E-21 3.843E-21 5.445E-21 5.467E-21 7.594E-21
 4.786E-21 0.000E+00 0.000E+00 0.000E+00 0.000E+00 0.000E+00 8.149E-21 1.497E-20 3.253E-20 5.365E-20
 6.219E-20 7.457E-20 8.791E-20 1.086E-19 1.059E-19 5.838E-20 4.286E-20 4.567E-20 1.928E-20 3.621E-21
 3.688E-21 1.635E-20 2.939E-20 1.910E-20 4.146E-21 1.200E-20 3.660E-20 3.264E-20 1.087E-20 4.230E-21
 2.863E-21 1.458E-21 0.000E+00 3.755E-22 6.180E-22 0.000E+00 3.623E-21 7.373E-21 4.435E-21 1.423E-21
 1.403E-21 7.577E-22 2.644E-21 4.171E-21 3.019E-21 2.022E-21 1.236E-21 0.000E+00 0.000E+00 0.000E+00
 2.461E-21 2.554E-21 0.000E+00 3.093E-21 3.044E-20 5.554E-20 4.828E-20 5.889E-20 8.934E-20 1.047E-19
 9.726E-20 5.647E-20 2.840E-20 2.004E-20 9.965E-21 1.294E-20 3.323E-20 3.798E-20 1.631E-20 5.734E-21
 9.691E-21 2.143E-20 2.070E-20 5.889E-21 1.155E-21 1.041E-21 2.852E-21 3.734E-21 3.996E-21 4.903E-21
 3.710E-21 2.400E-21 5.476E-21 7.923E-21 6.988E-21 5.135E-21 8.196E-22 8.967E-22 2.130E-21 2.932E-21
 5.156E-21 4.647E-21 1.740E-21 0.000E+00 0.000E+00 0.000E+00 3.893E-21 4.591E-21 2.873E-21 2.979E-21
 1.538E-20 2.647E-20 2.429E-20 3.348E-20 6.280E-20 8.769E-20 7.847E-20 5.487E-20 3.576E-20 1.266E-20
 1.169E-20 2.455E-20 1.566E-20 1.801E-21 6.181E-22 1.597E-20 3.655E-20 2.774E-20 5.540E-21 1.198E-21
 4.135E-21 5.328E-21 3.097E-21 1.561E-21 1.522E-21 2.264E-21 6.111E-21 6.066E-21 4.654E-21 5.473E-21
 5.462E-21 4.890E-21 4.093E-21 2.714E-21 2.923E-21 4.612E-21 5.249E-21 5.034E-21 3.251E-21 2.779E-21
 3.042E-21 2.760E-21 1.590E-21 1.564E-21 2.053E-21 8.892E-21 3.022E-20 3.548E-20 2.104E-20 2.225E-20
 5.484E-20 8.512E-20 6.874E-20 3.570E-20 2.598E-20 3.849E-20 3.641E-20 1.383E-20 3.185E-21 3.820E-21
 1.756E-20 2.561E-20 1.560E-20 7.232E-21 4.102E-21 4.432E-21 1.641E-21 0.000E+00 3.237E-21 2.953E-21
 1.577E-21 4.277E-21 5.875E-21 4.880E-21 3.562E-21 4.272E-21 8.863E-21 1.091E-20 1.090E-20 1.266E-20
 1.218E-20 9.726E-21 6.858E-21 4.240E-21 3.651E-21 5.304E-21 7.516E-21 5.555E-21 3.763E-21 8.395E-21
 1.244E-20 1.417E-20 1.881E-20 1.752E-20 8.265E-21 1.698E-20 5.096E-20 7.294E-20 6.031E-20 4.317E-20
 3.319E-20 1.862E-20 8.099E-21 6.999E-21 2.122E-20 3.123E-20 1.953E-20 1.275E-20 2.032E-20 2.219E-20
 1.400E-20 1.079E-20 1.124E-20 1.102E-20 1.138E-20 9.265E-21 1.078E-20 2.489E-20 3.575E-20 2.434E-20
 9.352E-21 4.262E-21 4.248E-21 6.595E-21 9.490E-21 1.386E-20 2.240E-20 3.196E-20 2.940E-20 1.989E-20
 1.475E-20 1.042E-20 8.104E-21 1.116E-20 1.870E-20 2.811E-20 3.307E-20 3.674E-20 3.723E-20 2.432E-20
 1.579E-20 3.292E-20 5.680E-20 6.437E-20 6.174E-20 4.644E-20 2.699E-20 2.158E-20 2.570E-20 3.181E-20
 3.135E-20 2.710E-20 2.480E-20 2.717E-20 2.758E-20 2.706E-20 2.819E-20 2.637E-20 3.153E-20 3.024E-20
 2.607E-20 2.904E-20 2.935E-20 2.832E-20 2.692E-20 3.120E-20 3.427E-20 3.311E-20 3.103E-20 2.728E-20
 2.897E-20 3.635E-20 3.572E-20 2.925E-20 3.051E-20 3.167E-20 3.526E-20 3.935E-20 3.450E-20 2.760E-20
 2.665E-20 2.697E-20 2.357E-20 2.882E-20 3.520E-20 3.582E-20 4.214E-20 5.049E-20 4.773E-20 3.456E-20
 2.713E-20 3.509E-20 4.513E-20 4.137E-20 3.710E-20 3.482E-20 3.057E-20 3.399E-20 4.276E-20 5.184E-20
 4.823E-20 3.682E-20 3.679E-20 4.136E-20 4.363E-20 4.165E-20 4.011E-20 4.584E-20 4.230E-20 3.413E-20
 4.243E-20 5.669E-20 5.321E-20 4.083E-20 4.371E-20 4.703E-20 4.619E-20 5.006E-20 5.455E-20 5.375E-20
 4.809E-20 5.637E-20 6.766E-20 6.483E-20 5.899E-20 6.060E-20 5.928E-20 5.346E-20 5.986E-20 7.108E-20
 7.142E-20 7.016E-20 8.370E-20 8.639E-20 7.776E-20 8.104E-20 8.067E-20 7.380E-20 7.256E-20 7.859E-20
 8.272E-20 9.111E-20 9.633E-20 9.075E-20 8.938E-20 9.032E-20 8.455E-20 7.883E-20 9.100E-20 1.035E-19
 1.031E-19 9.488E-20 9.172E-20 1.075E-19 1.147E-19 9.908E-20 8.791E-20 1.046E-19 1.283E-19 1.290E-19
 1.142E-19 1.181E-19 1.293E-19 1.176E-19 1.091E-19 1.254E-19 1.521E-19 1.471E-19 1.246E-19 1.391E-19
 1.535E-19 1.279E-19 1.197E-19 1.581E-19 1.753E-19 1.459E-19 1.418E-19 1.611E-19 1.355E-19 1.270E-19
 1.775E-19 1.879E-19 1.501E-19 1.601E-19 1.670E-19 1.385E-19 1.816E-19 2.210E-19 1.836E-19 1.828E-19
 1.918E-19 1.566E-19 1.952E-19 2.232E-19 1.765E-19 1.876E-19 1.758E-19 1.839E-19 2.183E-19 1.895E-19
 1.849E-19 1.815E-19 2.004E-19 2.160E-19 1.898E-19 1.797E-19 1.880E-19 2.015E-19 1.844E-19 1.890E-19
 2.160E-19 1.951E-19 1.651E-19 1.719E-19 1.658E-19 1.428E-19 1.416E-19 1.240E-19 1.050E-19 8.912E-20
 5.054E-20 1.471E-20 4.744E-21 1.394E-20 1.951E-20 1.734E-20 1.088E-20 7.756E-21 8.264E-21 1.149E-20
 8.643E-21 2.398E-21 1.114E-21 0.000E+00 0.000E+00 2.487E-21 7.084E-21 9.487E-21 6.377E-21 1.751E-21
 0.000E+00 2.085E-22 0.000E+00 0.000E+00 3.844E-22 4.493E-21 6.453E-21 6.141E-21 4.120E-21 1.923E-21
 2.025E-21 2.086E-21 3.765E-21 3.973E-21 3.076E-21 1.517E-21 0.000E+00 0.000E+00 3.650E-21 7.140E-21
 4.141E-21 1.415E-21 4.154E-21 7.568E-21 1.103E-20 1.122E-20 5.965E-21 5.009E-21 4.989E-21 2.238E-21
 1.094E-21 6.479E-22 3.058E-22 1.625E-21 5.436E-21 7.667E-21 5.624E-21 1.839E-21 1.259E-21 2.359E-21
 1.635E-21 0.000E+00 0.000E+00 7.679E-22 1.116E-21 2.182E-21 3.206E-21 3.614E-21 1.879E-21 0.000E+00
 1.188E-21 2.782E-21 2.110E-21 9.477E-22 4.851E-21 8.066E-21 6.329E-21 2.846E-21 0.000E+00 0.000E+00
 4.490E-22 4.132E-21 1.994E-21 1.306E-21 9.442E-21 1.078E-20 5.616E-21 9.739E-21 1.396E-20 9.155E-21
 5.706E-21 7.493E-21 6.707E-21 2.204E-21 1.819E-21 5.459E-21 6.737E-21 4.535E-21 7.031E-22 0.000E+00
 0.000E+00 0.000E+00 0.000E+00 0.000E+00 1.495E-22 2.188E-22 2.205E-21 4.578E-21 3.124E-21 1.085E-21
 0.000E+00 0.000E+00 9.100E-22 0.000E+00 0.000E+00 1.607E-21 2.576E-21 9.505E-22 2.779E-21 3.637E-21
 2.659E-22 0.000E+00 0.000E+00 0.000E+00 1.173E-21 8.932E-21 9.205E-21 2.413E-21 1.310E-22 6.545E-21
 2.777E-20 3.350E-20 1.173E-20 4.393E-22 1.680E-21 7.297E-21 1.749E-20 1.628E-20 6.485E-21 2.848E-22
 0.000E+00 0.000E+00 0.000E+00 8.399E-22 1.180E-21 2.820E-21 4.743E-21 3.346E-21 2.281E-21 9.208E-22
 0.000E+00 0.000E+00 0.000E+00 0.000E+00 5.189E-22 3.317E-21 5.354E-21 4.367E-21 3.834E-21 2.379E-21
 1.739E-21 3.982E-21 1.896E-21 0.000E+00 7.415E-22 8.785E-21 2.102E-20 1.702E-20 6.580E-21 4.884E-21
 5.355E-21 8.792E-21 2.652E-20 4.695E-20 3.701E-20 1.182E-20 1.274E-21 2.806E-21 5.417E-21 4.986E-21
 8.863E-21 1.329E-20 8.746E-21 3.973E-21 6.675E-21 6.531E-21 1.816E-21 0.000E+00 8.926E-22 2.167E-21
 2.718E-22 0.000E+00 0.000E+00 1.115E-21 1.761E-21 0.000E+00 0.000E+00 0.000E+00 0.000E+00 0.000E+00
 0.000E+00 0.000E+00 3.130E-21 3.516E-21 5.715E-22 5.332E-22 1.028E-20 1.434E-20 3.682E-21 0.000E+00
 0.000E+00 0.000E+00 0.000E+00 5.910E-21 3.534E-20 6.749E-20 6.016E-20 3.649E-20 2.733E-20 1.223E-20
 0.000E+00 1.197E-21 2.540E-21 3.417E-21 7.628E-21 2.184E-20 2.511E-20 9.057E-21 1.876E-22 0.000E+00
 5.319E-22 3.503E-21 3.525E-21 1.013E-21 0.000E+00 0.000E+00 0.000E+00 0.000E+00 0.000E+00 0.000E+00
 2.110E-21 5.882E-21 8.203E-21 1.013E-20 9.734E-21 1.257E-20 2.964E-20 3.167E-20 1.265E-20 2.447E-21
 0.000E+00 1.817E-21 4.165E-21 2.300E-21 6.386E-21 2.629E-20 4.159E-20 5.620E-20 7.941E-20 6.321E-20
 2.781E-20 2.024E-20 1.929E-20 1.170E-20 8.094E-21 5.434E-21 2.071E-22 1.726E-21 4.508E-21 1.198E-20
 1.758E-20 9.787E-21 5.084E-21 2.885E-21 2.317E-22 2.678E-22 1.574E-21 2.304E-21 2.710E-21 3.713E-21
 3.697E-21 4.887E-21 4.449E-21 1.913E-21 2.464E-21 1.490E-20 2.421E-20 1.344E-20 4.209E-21 2.508E-21
 1.132E-21 5.921E-22 0.000E+00 0.000E+00 2.622E-21 3.202E-20 4.737E-20 3.562E-20 3.673E-20 5.751E-20
 7.948E-20 7.366E-20 3.691E-20 7.885E-21 1.541E-21 1.547E-20 3.089E-20 1.905E-20 2.556E-21 1.260E-21
 2.957E-21 3.321E-21 3.712E-21 1.978E-20 3.367E-20 2.019E-20 5.262E-21 1.072E-21 8.957E-23 1.967E-21
 4.359E-21 4.395E-21 2.726E-21 9.155E-21 3.493E-20 4.567E-20 2.172E-20 8.854E-21 8.266E-21 4.664E-21
 6.000E-21 9.033E-21 9.745E-21 1.242E-20 2.364E-20 2.253E-20 1.136E-20 9.016E-21 1.817E-20 3.112E-20
 4.995E-20 8.567E-20 9.844E-20 8.123E-20 5.227E-20 1.746E-20 3.632E-21 3.910E-21 3.029E-21 7.557E-21
 2.040E-20 1.902E-20 4.054E-21 0.000E+00 0.000E+00 1.326E-21 8.466E-21 2.438E-20 2.379E-20 6.131E-21
 0.000E+00 3.251E-21 2.138E-20 3.308E-20 2.301E-20 1.149E-20 8.487E-21 6.517E-21 6.380E-21 6.528E-21
 4.610E-21 1.259E-20 4.003E-20 4.905E-20 2.300E-20 1.150E-20 1.434E-20 1.505E-20 2.064E-20 2.673E-20
 3.400E-20 4.990E-20 7.407E-20 8.493E-20 7.773E-20 6.962E-20 6.132E-20 3.517E-20 1.114E-20 8.053E-21
 6.011E-21 3.001E-21 9.127E-22 2.497E-21 1.927E-20 4.174E-20 2.995E-20 6.306E-21 3.061E-21 2.312E-20
 7.816E-20 8.366E-20 3.048E-20 5.363E-21 5.226E-21 6.918E-21 7.137E-21 5.252E-21 4.116E-21 2.124E-20
 3.389E-20 1.648E-20 3.403E-21 1.231E-21 1.134E-21 6.328E-21 1.034E-20 1.477E-20 1.756E-20 2.263E-20
 3.493E-20 4.163E-20 6.218E-20 9.399E-20 9.180E-20 7.674E-20 7.854E-20 7.061E-20 4.935E-20 2.954E-20
 1.148E-20 5.322E-21 7.276E-21 6.348E-21 3.962E-21 1.242E-21 8.484E-21 2.802E-20 3.090E-20 2.297E-20
 2.967E-20 2.312E-20 2.158E-20 3.325E-20 2.529E-20 3.521E-20 5.096E-20 3.000E-20 1.023E-20 7.568E-21
 2.502E-21 3.858E-21 7.427E-21 9.636E-21 1.121E-20 9.870E-21 1.645E-20 1.581E-20 1.547E-20 2.290E-20
 2.789E-20 3.712E-20 5.314E-20 7.607E-20 7.869E-20 6.636E-20 6.382E-20 6.892E-20 7.565E-20 5.347E-20
 2.813E-20 3.816E-20 4.770E-20 5.348E-20 5.680E-20 3.165E-20 8.404E-21 7.333E-21 7.310E-21 5.129E-21
 1.320E-20 3.400E-20 3.446E-20 1.894E-20 4.975E-20 9.086E-20 6.148E-20 1.310E-20 3.950E-21 5.174E-21
 4.447E-21 7.275E-21 8.962E-21 4.944E-21 4.562E-21 9.241E-21 5.634E-21 1.503E-20 2.026E-20 2.063E-20
 3.422E-20 3.823E-20 7.061E-20 9.335E-20 7.453E-20 6.340E-20 6.214E-20 6.468E-20 6.592E-20 1.060E-19
 1.249E-19 6.718E-20 1.612E-20 6.643E-21 3.007E-20 5.764E-20 6.973E-20 4.484E-20 1.180E-20 4.300E-21
 3.753E-21 6.449E-21 4.544E-21 4.775E-21 5.271E-21 1.978E-20 3.231E-20 1.694E-20 4.526E-21 1.771E-20
 3.640E-20 2.739E-20 1.774E-20 1.422E-20 8.995E-21 1.520E-20 1.537E-20 1.155E-20 2.736E-20 3.407E-20
 3.595E-20 6.112E-20 6.521E-20 6.395E-20 8.142E-20 1.022E-19 8.806E-20 5.890E-20 6.609E-20 6.246E-20
 8.877E-20 1.206E-19 7.602E-20 2.378E-20 6.680E-21 4.272E-21 6.473E-21 3.247E-20 5.240E-20 3.123E-20
 8.735E-21 5.217E-21 5.398E-21 8.705E-21 1.259E-20 3.560E-20 6.251E-20 3.816E-20 6.373E-21 8.902E-21
 1.859E-20 1.491E-20 1.722E-20 2.719E-20 4.202E-20 6.906E-20 5.813E-20 2.287E-20 2.879E-20 7.874E-20
 1.069E-19 8.762E-20 5.265E-20 6.019E-20 1.066E-19 8.457E-20 5.857E-20 6.280E-20 5.534E-20 7.362E-20
 5.789E-20 5.284E-20 1.082E-19 1.032E-19 3.690E-20 3.512E-21 0.000E+00 0.000E+00 2.958E-21 5.744E-21
 1.336E-20 2.842E-20 3.269E-20 1.926E-20 2.247E-20 3.654E-20 2.898E-20 1.286E-20 8.529E-21 1.328E-20
 1.349E-20 8.672E-21 2.451E-20 6.866E-20 6.975E-20 3.263E-20 3.871E-20 6.878E-20 8.590E-20 8.811E-20
 6.376E-20 4.390E-20 4.697E-20 3.321E-20 3.976E-20 5.183E-20 3.973E-20 5.725E-20 5.022E-20 4.042E-20
 6.914E-20 5.367E-20 3.721E-20 8.084E-20 9.591E-20 4.973E-20 1.536E-20 7.923E-21 9.062E-21 7.648E-21
 1.736E-21 4.464E-21 3.685E-20 6.493E-20 4.787E-20 5.160E-20 7.127E-20 5.703E-20 3.574E-20 5.019E-20
 7.527E-20 4.845E-20 2.605E-20 2.588E-20 3.183E-20 6.858E-20 7.297E-20 3.160E-20 1.771E-20 3.539E-20
 3.092E-20 2.682E-20 5.755E-20 8.293E-20 8.847E-20 7.467E-20 4.320E-20 4.308E-20 6.119E-20 3.763E-20
 4.158E-20 7.022E-20 5.565E-20 7.298E-20 9.752E-20 6.911E-20 3.940E-20 1.966E-20 1.160E-20 5.153E-20
 9.354E-20 7.165E-20 4.949E-20 4.095E-20 2.043E-20 1.251E-20 7.882E-21 9.445E-21 1.887E-20 3.330E-20
 4.428E-20 5.491E-20 6.292E-20 3.783E-20 1.441E-20 2.737E-20 3.633E-20 1.870E-20 2.335E-20 4.240E-20
 2.709E-20 2.412E-20 4.730E-20 3.702E-20 2.856E-20 5.597E-20 6.071E-20 6.539E-20 8.252E-20 5.591E-20
 2.730E-20 6.320E-20 1.136E-19 1.110E-19 1.239E-19 1.431E-19 9.418E-20 5.860E-20 5.158E-20 2.824E-20
 1.531E-20 8.288E-21 4.993E-21 1.293E-20 2.148E-20 2.014E-20 1.860E-20 5.202E-20 7.329E-20 3.772E-20
 1.315E-20 2.545E-20 3.050E-20 1.558E-20 3.757E-20 8.424E-20 6.104E-20 1.771E-20 2.890E-20 3.897E-20
 2.316E-20 3.123E-20 5.037E-20 4.363E-20 7.639E-20 1.293E-19 9.695E-20 4.688E-20 7.102E-20 1.229E-19
 1.090E-19 7.865E-20 1.185E-19 1.087E-19 4.436E-20 4.845E-20 6.040E-20 3.001E-20 1.713E-20 3.321E-20
 3.067E-20 1.517E-20 3.078E-20 5.201E-20 3.487E-20 1.472E-20 2.317E-20 2.908E-20 1.858E-20 1.041E-20
 2.016E-20 2.899E-20 1.759E-20 1.185E-20 3.269E-20 5.735E-20 7.604E-20 9.369E-20 8.091E-20 4.934E-20
 5.070E-20 7.559E-20 8.413E-20 7.755E-20 7.189E-20 6.470E-20 3.330E-20 1.839E-20 5.976E-20 6.608E-20
 3.701E-20 5.906E-20 1.008E-19 9.014E-20 3.693E-20 1.559E-20 4.879E-20 8.638E-20 7.154E-20 2.721E-20
 1.692E-20 4.799E-20 6.008E-20 2.575E-20 8.263E-21 2.649E-20 6.570E-20 9.115E-20 6.321E-20 3.293E-20
 2.747E-20 1.523E-20 1.044E-20 2.809E-20 4.106E-20 4.298E-20 4.698E-20 5.069E-20 3.679E-20 1.728E-20
 3.413E-20 5.652E-20 3.053E-20 1.148E-20 4.498E-20 8.529E-20 8.140E-20 4.862E-20 6.407E-20 9.779E-20
 8.162E-20 6.917E-20 1.057E-19 1.249E-19 7.681E-20 3.690E-20 5.897E-20 1.068E-19 1.009E-19 5.256E-20
 2.977E-20 1.608E-20 4.430E-21 1.302E-20 4.335E-20 4.464E-20 3.187E-20 5.574E-20 6.113E-20 3.628E-20
 1.350E-20 1.275E-20 3.169E-20 3.461E-20 1.498E-20 1.340E-20 3.630E-20 3.635E-20 1.729E-20 2.539E-20
 4.766E-20 3.303E-20 1.137E-20 4.367E-20 1.031E-19 9.407E-20 6.089E-20 1.176E-19 1.576E-19 9.261E-20
 2.920E-20 3.729E-20 7.176E-20 8.919E-20 7.720E-20 4.190E-20 3.241E-20 5.438E-20 6.559E-20 4.081E-20
 1.083E-20 7.396E-21 1.650E-20 1.909E-20 1.017E-20 6.588E-21 2.180E-20 5.785E-20 5.844E-20 2.149E-20
 1.941E-20 3.753E-20 3.412E-20 1.510E-20 2.687E-20 5.929E-20 9.360E-20 1.170E-19 8.904E-20 6.252E-20
 4.789E-20 1.697E-20 1.352E-20 6.330E-20 9.762E-20 6.197E-20 2.570E-20 4.360E-20 9.733E-20 9.926E-20
 6.788E-20 6.759E-20 4.889E-20 4.876E-20 5.967E-20 6.333E-20 1.012E-19 9.988E-20 4.205E-20 1.335E-20
 2.608E-20 2.527E-20 1.299E-20 8.823E-21 2.232E-20 7.234E-20 9.779E-20 5.106E-20 3.277E-20 7.874E-20
 8.799E-20 6.107E-20 3.641E-20 3.111E-20 4.040E-20 2.522E-20 9.310E-21 2.439E-20 6.318E-20 6.830E-20
 4.231E-20 3.632E-20 5.618E-20 6.633E-20 3.195E-20 6.543E-21 8.405E-21 4.946E-20 9.892E-20 6.919E-20
 2.022E-20 5.336E-21 8.960E-21 4.532E-20 1.031E-19 1.303E-19 9.884E-20 4.530E-20 2.442E-20 2.394E-20
 3.538E-20 6.137E-20 5.861E-20 4.585E-20 3.042E-20 9.489E-21 8.627E-21 3.861E-20 8.317E-20 7.107E-20
 2.675E-20 1.765E-20 3.780E-20 4.196E-20 2.945E-20 5.953E-20 1.065E-19 9.643E-20 4.009E-20 1.512E-20
 2.119E-20 5.066E-20 1.053E-19 1.113E-19 8.138E-20 5.191E-20 3.643E-20 5.424E-20 4.992E-20 1.730E-20
 2.358E-20 5.716E-20 5.891E-20 4.813E-20 5.780E-20 6.954E-20 7.447E-20 6.867E-20 4.775E-20 1.963E-20
 1.393E-20 2.958E-20 2.289E-20 1.041E-20 1.494E-20 4.941E-20 7.622E-20 3.808E-20 4.170E-21 2.632E-20
 9.791E-20 1.239E-19 5.808E-20 1.275E-20 1.100E-20 3.831E-20 5.367E-20 3.285E-20 2.620E-20 3.950E-20
 7.021E-20 9.293E-20 6.995E-20 2.917E-20 1.107E-20 1.288E-20 5.414E-20 9.949E-20 7.135E-20 1.855E-20
 1.882E-21 2.727E-21 1.977E-20 6.319E-20 6.889E-20 2.480E-20 1.516E-20 7.075E-20 1.144E-19 7.645E-20
 2.450E-20 7.817E-21 8.051E-21 2.107E-20 3.694E-20 5.174E-20 5.031E-20 2.494E-20 3.165E-20 6.337E-20
 5.986E-20 7.662E-20 9.442E-20 6.494E-20 5.335E-20 4.775E-20 2.788E-20 1.131E-20 1.288E-20 4.586E-20
 5.629E-20 2.566E-20 6.264E-21 1.666E-20 5.894E-20 1.093E-19 1.169E-19 7.515E-20 2.549E-20 8.841E-21
 2.030E-20 4.629E-20 6.675E-20 5.732E-20 3.063E-20 1.980E-20 3.103E-20 2.630E-20 2.482E-20 4.812E-20
 5.934E-20 5.941E-20 5.424E-20 5.763E-20 6.051E-20 3.133E-20 2.044E-20 3.354E-20 2.489E-20 1.583E-20
 3.621E-20 8.749E-20 1.076E-19 6.399E-20 2.334E-20 1.731E-20 1.645E-20 1.671E-20 3.827E-20 4.241E-20
 1.636E-20 9.560E-21 1.764E-20 1.195E-20 7.352E-21 2.532E-20 4.890E-20 4.897E-20 4.417E-20 6.450E-20
 6.819E-20 7.191E-20 9.749E-20 9.304E-20 7.157E-20 3.593E-20 2.527E-20 4.873E-20 4.701E-20 3.935E-20
 3.249E-20 3.375E-20 3.167E-20 1.565E-20 2.596E-20 4.366E-20 2.674E-20 2.482E-21 1.520E-21 9.529E-21
 3.220E-20 4.797E-20 4.053E-20 3.182E-20 1.672E-20 9.216E-22 1.365E-20 5.597E-20 6.812E-20 5.007E-20
 3.327E-20 1.639E-20 3.642E-20 7.501E-20 8.654E-20 8.516E-20 7.898E-20 5.075E-20 1.533E-20 4.279E-21
 1.599E-20 3.824E-20 4.747E-20 3.158E-20 1.366E-20 1.107E-20 2.611E-20 4.833E-20 4.459E-20 1.565E-20
 5.512E-22 8.565E-21 3.010E-20 4.539E-20 4.523E-20 4.251E-20 3.765E-20 4.798E-20 7.873E-20 7.136E-20
 2.943E-20 2.240E-20 4.348E-20 5.553E-20 5.890E-20 7.637E-20 8.045E-20 3.937E-20 1.113E-20 1.017E-20
 1.096E-20 1.673E-20 2.181E-20 2.670E-20 2.667E-20 2.745E-20 2.893E-20 2.415E-20 2.200E-20 1.362E-20
 1.066E-20 2.554E-20 5.606E-20 9.019E-20 7.794E-20 3.287E-20 1.474E-20 1.460E-20 9.900E-21 2.373E-20
 4.633E-20 3.436E-20 9.696E-21 1.313E-20 2.788E-20 3.331E-20 5.877E-20 7.717E-20 3.911E-20 4.986E-21
 7.583E-21 2.189E-20 3.067E-20 2.745E-20 3.746E-20 4.255E-20 2.752E-20 4.059E-20 7.456E-20 7.917E-20
 5.108E-20 1.948E-20 1.126E-20 2.835E-20 4.337E-20 3.520E-20 3.147E-20 3.576E-20 2.125E-20 1.773E-20
 3.651E-20 4.127E-20 2.471E-20 7.572E-21 1.264E-21 1.157E-20 3.333E-20 4.483E-20 3.658E-20 2.143E-20
 2.235E-20 3.458E-20 3.458E-20 2.162E-20 2.482E-20 4.663E-20 5.346E-20 3.570E-20 1.943E-20 4.652E-20
 7.614E-20 4.909E-20 2.308E-20 5.084E-20 7.131E-20 3.612E-20 2.692E-21 0.000E+00 2.249E-21 7.427E-21
 1.323E-20 2.428E-20 2.980E-20 2.286E-20 2.126E-20 5.075E-20 6.525E-20 4.597E-20 4.164E-20 2.890E-20
 9.915E-21 2.434E-20 3.988E-20 2.463E-20 1.859E-20 3.557E-20 3.061E-20 9.766E-21 0.000E+00 2.868E-21
 1.875E-20 2.281E-20 2.426E-20 3.594E-20 2.605E-20 1.687E-20 1.643E-20 1.794E-20 4.254E-20 4.581E-20
 3.099E-20 3.457E-20 3.525E-20 2.746E-20 3.820E-20 5.924E-20 5.411E-20 4.936E-20 4.282E-20 1.715E-20
 5.126E-21 1.559E-20 2.547E-20 1.424E-20 1.089E-20 3.007E-20 5.291E-20 5.057E-20 2.139E-20 6.060E-21
 7.908E-21 2.483E-20 4.071E-20 2.904E-20 8.694E-21 1.559E-21 4.292E-21 8.818E-21 1.563E-20 3.106E-20
 4.877E-20 5.518E-20 5.742E-20 4.052E-20 6.129E-21 0.000E+00 5.715E-21 1.406E-20 9.759E-21 9.199E-21
 2.123E-20 2.921E-20 2.818E-20 3.356E-20 4.018E-20 2.666E-20 7.510E-21 4.582E-21 7.406E-21 2.001E-20
 5.138E-20 5.917E-20 3.375E-20 1.560E-20 1.722E-20 1.966E-20 2.838E-20 5.142E-20 4.681E-20 3.546E-20
 3.999E-20 3.087E-20 2.219E-20 2.215E-20 2.839E-20 3.085E-20 2.483E-20 2.655E-20 3.495E-20 3.077E-20
 1.243E-20 7.655E-21 1.376E-20 1.155E-20 4.737E-21 2.995E-21 4.994E-21 6.863E-21 1.585E-20 2.624E-20
 3.171E-20 3.803E-20 3.267E-20 1.200E-20 1.478E-21 2.787E-21 6.575E-21 1.928E-20 3.937E-20 4.780E-20
 3.965E-20 3.884E-20 4.424E-20 5.254E-20 4.856E-20 2.845E-20 4.188E-20 5.832E-20 3.809E-20 1.997E-20
 1.336E-20 8.041E-21 4.938E-21 2.341E-21 4.969E-21 2.409E-20 3.975E-20 2.971E-20 1.579E-20 1.256E-20
 1.133E-20 3.850E-21 0.000E+00 5.964E-21 1.527E-20 1.269E-20 1.885E-20 2.993E-20 2.933E-20 2.113E-20
 1.070E-20 1.038E-20 1.565E-20 1.296E-20 1.472E-20 2.192E-20 2.320E-20 3.321E-20 5.240E-20 4.712E-20
 2.194E-20 9.180E-21 5.679E-21 9.797E-21 1.995E-20 2.269E-20 2.861E-20 2.673E-20 9.776E-21 8.850E-21
 2.480E-20 2.470E-20 1.501E-20 3.542E-20 5.341E-20 2.794E-20 3.605E-22 0.000E+00 6.848E-21 1.955E-20
 2.681E-20 2.421E-20 3.461E-20 3.393E-20 1.654E-20 1.581E-20 1.862E-20 1.756E-20 1.704E-20 9.159E-21
 7.050E-21 1.841E-20 1.881E-20 1.543E-20 2.170E-20 2.237E-20 2.264E-20 2.345E-20 1.934E-20 1.570E-20
 1.871E-20 2.165E-20 1.531E-20 9.990E-21 1.447E-20 2.399E-20 2.618E-20 2.009E-20 1.754E-20 1.703E-20
 1.361E-20 1.689E-20 2.492E-20 2.158E-20 1.013E-20 6.312E-21 6.617E-21 1.143E-20 2.037E-20 2.043E-20
 2.298E-20 2.143E-20 1.703E-20 2.765E-20 2.997E-20 2.270E-20 2.491E-20 2.982E-20 2.636E-20 1.794E-20
 1.126E-20 1.117E-20 1.427E-20 8.774E-21 7.722E-21 1.450E-20 1.340E-20 1.561E-20 1.881E-20 9.681E-21
 3.327E-21 3.080E-21 3.622E-21 5.700E-21 1.062E-20 1.733E-20 2.185E-20 2.940E-20 3.529E-20 3.691E-20
 2.817E-20 9.028E-21 0.000E+00 9.447E-22 5.363E-21 1.172E-20 2.202E-20 2.123E-20 8.401E-21 6.724E-21
 9.545E-21 9.360E-21 1.578E-20 2.926E-20 3.134E-20 1.647E-20 7.280E-21 9.675E-21 1.188E-20 1.245E-20
 1.755E-20 2.378E-20 2.252E-20 1.891E-20 2.420E-20 2.771E-20 1.791E-20 9.336E-21 7.057E-21 9.857E-21
 1.656E-20 1.481E-20 9.656E-21 7.647E-21 2.206E-21 8.060E-22 1.196E-20 1.941E-20 1.201E-20 5.285E-21
 6.610E-21 7.906E-21 1.138E-20 1.786E-20 1.547E-20 7.965E-21 4.548E-21 7.309E-21 9.647E-21 9.651E-21
 2.037E-20 2.543E-20 1.976E-20 1.751E-20 1.507E-20 1.485E-20 1.123E-20 5.221E-21 5.288E-21 4.733E-21
 6.819E-21 1.583E-20 1.574E-20 1.443E-20 2.382E-20 2.141E-20 1.241E-20 1.240E-20 9.639E-21 4.141E-21
 4.707E-21 9.037E-21 1.440E-20 1.471E-20 1.412E-20 2.084E-20 2.206E-20 1.577E-20 1.083E-20 1.202E-20
 1.453E-20 1.359E-20 9.179E-21 1.697E-21 2.644E-21 8.726E-21 1.174E-20 9.884E-21 1.044E-20 2.034E-20
 2.185E-20 9.181E-21 0.000E+00 0.000E+00 3.241E-21 1.460E-20 1.738E-20 1.354E-20 1.977E-20 2.197E-20
 1.819E-20 1.434E-20 8.826E-21 5.488E-21 4.332E-21 6.927E-21 1.315E-20 1.835E-20 1.665E-20 1.027E-20
 1.194E-20 1.685E-20 1.976E-20 2.158E-20 9.713E-21 0.000E+00 0.000E+00 0.000E+00 0.000E+00 0.000E+00
 1.842E-21 5.127E-21 1.291E-20 1.580E-20 1.005E-20 7.590E-21 6.093E-21 4.795E-21 4.079E-21 2.315E-21
 1.853E-21 3.843E-21 3.514E-21 1.223E-21 1.220E-20 2.908E-20 2.575E-20 1.009E-20 3.532E-21 7.802E-21
 1.245E-20 9.144E-21 4.529E-21 1.336E-21 4.683E-21 1.668E-20 2.110E-20 1.387E-20 4.190E-21 1.717E-21
 4.958E-21 4.847E-21 1.270E-21 1.989E-21 4.006E-21 7.682E-21 1.753E-20 1.639E-20 7.410E-21 2.837E-21
 1.444E-21 4.055E-21 4.525E-21 8.764E-22 5.025E-22 5.840E-21 4.704E-21 1.507E-21 4.950E-21 8.221E-21
 1.386E-20 1.946E-20 1.679E-20 7.566E-21 2.844E-21 5.276E-21 8.099E-21 9.240E-21 8.484E-21 5.796E-21
 4.505E-21 6.983E-21 6.296E-21 2.171E-21 4.393E-22 1.307E-22 2.744E-21 1.118E-20 1.488E-20 6.328E-21
 0.000E+00 1.466E-21 5.387E-21 1.029E-20 1.144E-20 6.558E-21 1.398E-21 2.786E-21 9.090E-21 1.550E-20
 1.847E-20 1.290E-20 4.056E-21 1.247E-21 6.873E-21 1.648E-20 1.678E-20 1.015E-20 8.107E-21 7.215E-21
 4.624E-21 4.145E-21 4.489E-21 2.963E-21 1.832E-21 0.000E+00 1.376E-21 5.783E-21 6.006E-21 6.156E-21
 6.631E-21 5.350E-21 2.418E-21 0.000E+00 7.822E-22 7.721E-21 1.554E-20 1.426E-20 8.415E-21 5.782E-21
 4.826E-21 2.751E-21 3.656E-22 5.352E-22 5.937E-21 9.296E-21 5.441E-21 2.327E-21 2.262E-21 7.281E-21
 1.357E-20 1.460E-20 1.443E-20 1.301E-20 9.018E-21 5.048E-21 3.561E-21 3.288E-21 5.793E-22 0.000E+00
 4.168E-21 1.333E-20 1.530E-20 1.127E-20 7.604E-21 5.172E-21 3.827E-21 4.257E-21 5.663E-21 6.040E-21
 6.566E-21 9.103E-21 1.033E-20 7.402E-21 1.650E-21 1.118E-21 6.384E-21 5.218E-21 7.631E-22 1.029E-21
 2.011E-21 1.907E-21 9.496E-22 1.855E-21 9.644E-21 1.498E-20 8.956E-21 4.321E-21 6.526E-21 7.062E-21
 3.695E-21 2.837E-21 1.005E-20 1.495E-20 1.060E-20 4.857E-21 1.424E-21 2.476E-22 0.000E+00 0.000E+00
 0.000E+00 0.000E+00 0.000E+00 0.000E+00 0.000E+00 0.000E+00 2.442E-21 7.626E-21 7.449E-21 6.999E-21
 8.556E-21 6.402E-21 5.739E-21 9.325E-21 1.104E-20 1.126E-20 8.502E-21 4.392E-21 3.290E-21 3.568E-21
 6.499E-21 7.416E-21 2.873E-21 0.000E+00 0.000E+00 2.942E-21 1.030E-20 1.002E-20 6.992E-21 8.590E-21
 1.153E-20 9.346E-21 5.470E-21 5.157E-21 7.727E-21 1.066E-20 8.104E-21 1.226E-21 0.000E+00 6.387E-23
 0.000E+00 4.655E-22 2.987E-21 3.080E-21 8.209E-22 3.637E-22 3.418E-21 5.748E-21 6.060E-21 6.966E-21
 5.342E-21 7.158E-22 0.000E+00 3.243E-22 3.950E-21 6.153E-21 5.479E-21 2.286E-21 0.000E+00 1.133E-21
 1.706E-21 0.000E+00 0.000E+00 0.000E+00 0.000E+00 0.000E+00 0.000E+00 3.361E-21 6.979E-21 1.010E-20
 9.287E-21 2.589E-21 2.024E-22 3.986E-21 4.508E-21 3.233E-21 1.536E-21 2.233E-21 4.487E-21 4.368E-21
 4.812E-21 4.371E-21 4.543E-22 0.000E+00 0.000E+00 5.962E-21 1.200E-20 1.142E-20 9.256E-21 8.700E-21
 3.933E-21 9.764E-22 2.623E-21 4.844E-21 3.798E-21 3.687E-22 0.000E+00 1.636E-22 9.885E-22 1.038E-21
 1.029E-21 6.622E-22 3.453E-21 7.197E-21 6.862E-21 4.915E-21 1.844E-21 1.632E-21 6.379E-21 7.893E-21
 3.646E-21 3.289E-22 0.000E+00 0.000E+00 0.000E+00 0.000E+00 0.000E+00 0.000E+00 0.000E+00 2.150E-21
 3.065E-21 0.000E+00 0.000E+00 0.000E+00 2.527E-22 5.011E-21 6.153E-21 3.080E-21 1.265E-21 1.680E-21
 0.000E+00 0.000E+00 0.000E+00 8.661E-22 1.926E-21 2.663E-21 4.003E-21 5.680E-21 3.699E-21 4.923E-22
 1.479E-21 1.773E-21 2.380E-21 2.292E-21 0.000E+00 0.000E+00 8.232E-22 4.473E-21 6.927E-21 6.397E-21
 3.834E-21 4.021E-21 5.354E-21 8.147E-22 0.000E+00 0.000E+00 3.879E-21 2.568E-21 0.000E+00 9.364E-22
 1.393E-21 7.967E-22 8.123E-22 2.325E-22 0.000E+00 0.000E+00 0.000E+00 0.000E+00 0.000E+00 0.000E+00
 0.000E+00 0.000E+00 3.906E-21 5.373E-21 4.490E-21 4.772E-21 4.780E-21 5.337E-21 4.086E-21 0.000E+00
 0.000E+00 0.000E+00 3.051E-22 5.053E-21 5.895E-21 2.825E-21 3.472E-21 3.956E-21 3.996E-21 3.968E-21
 1.759E-21 1.994E-21 3.751E-21 4.042E-21 3.326E-21 3.801E-21 5.443E-21 5.302E-21 5.993E-21 7.492E-21
 7.081E-21 5.480E-21 9.327E-22 0.000E+00 0.000E+00 0.000E+00 0.000E+00 0.000E+00 3.745E-22 5.771E-22
 0.000E+00 0.000E+00 7.934E-23 3.099E-21 2.038E-21 3.156E-22 2.833E-21 7.816E-21 8.912E-21 4.859E-21
 2.489E-22 0.000E+00 0.000E+00 0.000E+00 2.470E-21 5.283E-21 3.258E-21 3.889E-21 6.923E-21 6.371E-21
 2.947E-21 2.653E-21 5.418E-21 7.582E-21 6.880E-21 3.261E-21 2.577E-22 0.000E+00 1.840E-21 3.055E-21
 7.893E-22 1.148E-21 5.109E-21 7.130E-21 6.945E-21 5.363E-21 3.483E-21 4.012E-21 3.312E-21 0.000E+00
 0.000E+00 1.269E-21 2.856E-21 2.138E-21 3.708E-21 8.280E-21 1.026E-20 7.731E-21 3.649E-21 1.736E-21
 8.723E-22 0.000E+00 0.000E+00 0.000E+00 0.000E+00 2.005E-21 5.117E-21 5.639E-21 6.707E-21 7.054E-21
 4.178E-21 0.000E+00 0.000E+00 0.000E+00 0.000E+00 1.133E-21 3.149E-21 4.819E-21 5.544E-21 3.024E-21
 0.000E+00 0.000E+00 1.742E-22 2.603E-21 6.522E-22 1.009E-21 2.656E-21 2.878E-21 1.689E-21 1.749E-21
 0.000E+00 0.000E+00 0.000E+00 0.000E+00 4.719E-21 6.196E-21 5.786E-21 6.255E-21 3.247E-21 6.839E-22
 8.481E-22 4.576E-22 0.000E+00 2.087E-23 0.000E+00 0.000E+00 0.000E+00 1.705E-21 5.261E-21 4.278E-21
 2.523E-21 4.364E-21 6.411E-21 3.727E-21 0.000E+00 0.000E+00 3.499E-22 1.987E-21 5.184E-21 6.308E-21
 6.700E-21 4.969E-21 1.846E-21 2.035E-21 2.399E-21 1.169E-21 5.737E-23 7.788E-22 2.086E-21 7.770E-22
 0.000E+00 0.000E+00 0.000E+00 3.905E-22 3.523E-22 1.200E-21 2.674E-21 5.432E-21 7.261E-21 5.526E-21
 3.180E-21 2.264E-21 2.121E-21 8.619E-22 5.394E-22 2.422E-21 2.281E-21 2.172E-21 1.924E-21 1.358E-21
 1.217E-21 0.000E+00 0.000E+00 0.000E+00 0.000E+00 0.000E+00 2.312E-22 2.324E-21 4.212E-21 2.013E-21
 0.000E+00 6.601E-22 2.305E-21 0.000E+00 0.000E+00 0.000E+00 0.000E+00 0.000E+00 0.000E+00 0.000E+00
 0.000E+00 0.000E+00 0.000E+00 0.000E+00 0.000E+00 4.015E-22 0.000E+00 0.000E+00 0.000E+00 0.000E+00
 2.980E-22 0.000E+00 0.000E+00 0.000E+00 0.000E+00 0.000E+00 0.000E+00 1.280E-21 4.892E-21 2.351E-21
 0.000E+00 0.000E+00 0.000E+00 0.000E+00 9.830E-22 2.789E-21 4.199E-21 5.704E-21 4.359E-21 0.000E+00
 0.000E+00 0.000E+00 0.000E+00 0.000E+00 8.282E-22 1.101E-21 0.000E+00 0.000E+00 2.361E-21 3.472E-21
 1.124E-21 6.781E-23 1.985E-21 7.420E-22 0.000E+00 0.000E+00 0.000E+00 9.209E-22 3.680E-21 5.286E-21
 5.182E-21 3.046E-21 0.000E+00 2.226E-22 2.693E-21 1.141E-21 0.000E+00 0.000E+00 2.755E-21 3.066E-21
 6.095E-22 0.000E+00 0.000E+00 0.000E+00 0.000E+00 0.000E+00 0.000E+00 1.933E-21 3.737E-21 2.498E-21
 1.124E-21 2.403E-21 2.632E-21 2.161E-21 2.162E-21 0.000E+00 0.000E+00 0.000E+00 1.269E-21 1.952E-21
 7.465E-22 2.206E-23 2.144E-21 3.701E-21 3.065E-22 0.000E+00 0.000E+00 0.000E+00 0.000E+00 8.646E-22
 1.081E-21 3.683E-22 6.933E-22 5.176E-22 0.000E+00 0.000E+00 0.000E+00 0.000E+00 0.000E+00 0.000E+00
 0.000E+00 0.000E+00 0.000E+00 0.000E+00 0.000E+00 3.079E-21 1.948E-21 0.000E+00 0.000E+00 0.000E+00
 2.152E-21 4.988E-21 5.149E-21 2.919E-21 2.882E-22 0.000E+00 0.000E+00 0.000E+00 0.000E+00 0.000E+00
 5.237E-22 5.837E-22 0.000E+00 0.000E+00 0.000E+00 4.006E-21 3.371E-21 0.000E+00 0.000E+00 0.000E+00
 0.000E+00 0.000E+00 0.000E+00 0.000E+00 0.000E+00 0.000E+00 0.000E+00 0.000E+00 1.675E-22 3.372E-21
 2.420E-21 0.000E+00 0.000E+00 0.000E+00 7.731E-22 3.850E-21 5.318E-21 3.481E-21 2.313E-21 1.538E-21
 5.363E-22 0.000E+00 0.000E+00 0.000E+00 0.000E+00 0.000E+00 0.000E+00 0.000E+00 1.304E-21 2.474E-21
 0.000E+00 0.000E+00 0.000E+00 0.000E+00 0.000E+00 0.000E+00 0.000E+00 8.363E-22 2.550E-22 0.000E+00
 0.000E+00 0.000E+00 0.000E+00 0.000E+00 0.000E+00 0.000E+00 0.000E+00 0.000E+00 2.603E-21 1.350E-21
 0.000E+00 0.000E+00 0.000E+00 0.000E+00 7.597E-22 0.000E+00 0.000E+00 0.000E+00 9.715E-22 3.114E-22
 0.000E+00 0.000E+00 0.000E+00 9.639E-22 1.254E-21 0.000E+00 0.000E+00 9.607E-22 1.944E-21 0.000E+00
 0.000E+00 0.000E+00 9.047E-22 0.000E+00 0.000E+00 0.000E+00 0.000E+00 0.000E+00 0.000E+00 0.000E+00
 0.000E+00 0.000E+00 0.000E+00 0.000E+00 7.861E-22 1.342E-21 0.000E+00 0.000E+00 0.000E+00 0.000E+00
 0.000E+00 0.000E+00 1.214E-22 1.466E-22 6.482E-22 2.848E-22 0.000E+00 0.000E+00 0.000E+00 0.000E+00
 9.216E-22 1.375E-21 2.584E-21 2.704E-21 7.931E-22 3.796E-22 1.501E-21 1.021E-22 0.000E+00 0.000E+00
 0.000E+00 2.409E-21 1.065E-21 0.000E+00 0.000E+00 0.000E+00 0.000E+00 4.256E-21 5.657E-21 4.069E-21
 8.131E-22 0.000E+00 0.000E+00 0.000E+00 0.000E+00 0.000E+00 0.000E+00 0.000E+00 0.000E+00 0.000E+00
 0.000E+00 0.000E+00 0.000E+00 0.000E+00 1.305E-21 1.575E-21 0.000E+00 0.000E+00 0.000E+00 1.373E-21
 0.000E+00 0.000E+00 0.000E+00 9.263E-22 1.895E-21 0.000E+00 0.000E+00 0.000E+00 0.000E+00 0.000E+00
 0.000E+00 0.000E+00 0.000E+00 2.274E-22 9.578E-22 0.000E+00 0.000E+00 0.000E+00 0.000E+00 0.000E+00
 2.330E-21 2.596E-21 2.356E-21 3.220E-21 4.510E-21 3.951E-21 1.457E-21 0.000E+00 0.000E+00 0.000E+00
 0.000E+00 3.862E-21 2.888E-21 1.100E-21 1.841E-21 0.000E+00 0.000E+00 0.000E+00 6.819E-22 2.446E-21
 2.510E-22 0.000E+00 0.000E+00 0.000E+00 1.175E-21 0.000E+00 0.000E+00 3.701E-22 9.547E-22 0.000E+00
 0.000E+00 0.000E+00 5.471E-22 2.736E-21 1.748E-21 3.453E-22 1.708E-21 1.699E-21 1.784E-21 2.743E-22
 0.000E+00 0.000E+00 0.000E+00 0.000E+00 1.039E-21 1.250E-21 0.000E+00 0.000E+00 0.000E+00 5.490E-22
 4.433E-21 2.113E-21 0.000E+00 0.000E+00 0.000E+00 0.000E+00 0.000E+00 3.471E-21 4.843E-21 1.195E-21
 0.000E+00 0.000E+00 0.000E+00 0.000E+00 0.000E+00 0.000E+00 1.424E-21 2.275E-21 1.976E-21 9.267E-22
 0.000E+00 0.000E+00 0.000E+00 0.000E+00 0.000E+00 2.179E-21 5.186E-21 3.662E-21 1.710E-21 7.322E-22
 1.242E-21 0.000E+00 0.000E+00 0.000E+00 0.000E+00 0.000E+00 0.000E+00 0.000E+00 0.000E+00 0.000E+00
 1.483E-21 2.552E-21 3.565E-21 5.257E-21 6.425E-21 6.437E-21 3.808E-21 4.997E-22 8.102E-23 0.000E+00
 0.000E+00 0.000E+00 0.000E+00 0.000E+00 1.485E-21 4.724E-21 5.041E-21 3.995E-21 3.599E-21 2.552E-21
 2.916E-22 0.000E+00 0.000E+00 0.000E+00 2.937E-21 6.496E-21 4.833E-21 6.759E-22 0.000E+00 0.000E+00
 0.000E+00 0.000E+00 7.184E-22 0.000E+00 0.000E+00 0.000E+00 0.000E+00 0.000E+00 3.550E-21 4.039E-21
 3.292E-21 7.276E-22 0.000E+00 0.000E+00 0.000E+00 1.494E-21 5.222E-22 0.000E+00 0.000E+00 0.000E+00
 0.000E+00 0.000E+00 0.000E+00 0.000E+00 1.065E-21 8.972E-22 0.000E+00 0.000E+00 1.725E-21 2.799E-21
 2.785E-21 1.190E-21 2.619E-21 4.690E-21 3.274E-21
