     CH2F2 1385.0000 1475.0000      5975      297.      0.00  2.12E-19    HFC-32    HITRAN
 0.000e+00 0.000e+00 0.000e+00 1.678e-21 8.406e-22 0.000e+00 0.000e+00 0.000e+00 0.000e+00 5.151e-22
 3.978e-21 6.473e-21 4.300e-21 0.000e+00 3.718e-22 4.442e-21 5.666e-21 3.463e-21 3.427e-22 0.000e+00
 0.000e+00 0.000e+00 2.708e-21 7.864e-21 8.973e-21 5.056e-21 1.731e-21 2.226e-21 3.800e-21 1.045e-21
 0.000e+00 0.000e+00 1.401e-21 5.583e-21 2.855e-21 9.085e-22 1.583e-21 7.864e-22 0.000e+00 0.000e+00
 0.000e+00 0.000e+00 0.000e+00 0.000e+00 1.701e-21 2.467e-21 0.000e+00 0.000e+00 0.000e+00 0.000e+00
 5.760e-22 1.587e-21 0.000e+00 0.000e+00 0.000e+00 5.393e-22 3.569e-21 0.000e+00 0.000e+00 0.000e+00
 1.693e-21 1.619e-21 6.228e-23 0.000e+00 0.000e+00 1.661e-21 3.773e-21 3.029e-21 2.202e-21 1.033e-21
 9.492e-22 1.140e-21 0.000e+00 5.862e-22 7.917e-22 0.000e+00 0.000e+00 0.000e+00 8.745e-22 3.200e-21
 2.713e-21 0.000e+00 0.000e+00 2.582e-21 5.396e-21 4.971e-21 3.422e-21 1.557e-21 7.740e-24 0.000e+00
 9.225e-23 7.208e-22 5.246e-22 6.974e-22 0.000e+00 0.000e+00 1.214e-21 3.524e-22 0.000e+00 0.000e+00
 1.745e-21 3.237e-21 3.827e-21 3.357e-21 1.333e-21 0.000e+00 0.000e+00 1.619e-21 3.992e-21 5.905e-21
 8.035e-21 7.676e-21 5.081e-21 2.072e-21 0.000e+00 0.000e+00 0.000e+00 0.000e+00 0.000e+00 3.111e-21
 3.623e-21 6.305e-22 0.000e+00 0.000e+00 2.105e-21 0.000e+00 0.000e+00 0.000e+00 0.000e+00 0.000e+00
 0.000e+00 1.266e-22 2.910e-21 0.000e+00 0.000e+00 1.236e-21 3.481e-21 7.574e-22 1.717e-22 2.275e-21
 2.223e-21 2.487e-21 3.726e-21 4.307e-21 4.516e-21 3.440e-21 2.349e-22 0.000e+00 5.716e-22 7.699e-22
 6.711e-22 1.499e-21 0.000e+00 0.000e+00 0.000e+00 0.000e+00 6.153e-23 0.000e+00 0.000e+00 0.000e+00
 0.000e+00 0.000e+00 0.000e+00 0.000e+00 0.000e+00 1.015e-21 1.586e-21 1.495e-21 2.341e-21 2.196e-21
 2.758e-21 4.217e-21 6.081e-22 0.000e+00 0.000e+00 4.398e-22 1.890e-21 1.316e-21 0.000e+00 0.000e+00
 0.000e+00 3.050e-21 6.167e-22 0.000e+00 0.000e+00 0.000e+00 0.000e+00 0.000e+00 0.000e+00 0.000e+00
 0.000e+00 0.000e+00 0.000e+00 0.000e+00 5.727e-22 1.539e-21 2.038e-21 7.723e-22 0.000e+00 0.000e+00
 0.000e+00 1.012e-21 8.657e-22 0.000e+00 4.414e-23 1.988e-21 4.018e-22 4.595e-22 2.487e-21 7.578e-22
 0.000e+00 3.796e-21 4.881e-21 2.381e-21 1.944e-21 1.792e-21 1.477e-21 8.536e-22 1.074e-22 5.744e-22
 0.000e+00 0.000e+00 0.000e+00 0.000e+00 0.000e+00 0.000e+00 0.000e+00 0.000e+00 0.000e+00 1.147e-21
 4.959e-22 0.000e+00 1.445e-21 2.725e-21 1.619e-21 1.233e-21 2.611e-22 0.000e+00 0.000e+00 0.000e+00
 0.000e+00 0.000e+00 0.000e+00 0.000e+00 0.000e+00 0.000e+00 0.000e+00 0.000e+00 0.000e+00 0.000e+00
 0.000e+00 0.000e+00 0.000e+00 0.000e+00 0.000e+00 0.000e+00 9.112e-22 2.262e-21 2.653e-21 9.456e-22
 0.000e+00 0.000e+00 0.000e+00 0.000e+00 0.000e+00 0.000e+00 0.000e+00 0.000e+00 0.000e+00 1.126e-22
 8.605e-22 2.093e-21 6.871e-22 1.424e-21 3.357e-21 2.528e-21 3.496e-22 0.000e+00 0.000e+00 3.836e-21
 4.314e-21 7.825e-22 0.000e+00 2.555e-22 0.000e+00 0.000e+00 0.000e+00 0.000e+00 0.000e+00 0.000e+00
 1.136e-21 0.000e+00 0.000e+00 0.000e+00 6.299e-22 3.110e-21 2.306e-21 0.000e+00 0.000e+00 0.000e+00
 0.000e+00 0.000e+00 0.000e+00 0.000e+00 0.000e+00 4.699e-21 6.674e-21 1.751e-21 0.000e+00 0.000e+00
 0.000e+00 2.311e-21 3.310e-21 0.000e+00 0.000e+00 0.000e+00 0.000e+00 0.000e+00 0.000e+00 0.000e+00
 1.773e-21 1.063e-22 0.000e+00 0.000e+00 0.000e+00 0.000e+00 0.000e+00 0.000e+00 5.532e-23 1.510e-21
 0.000e+00 0.000e+00 2.373e-22 2.681e-22 1.995e-22 2.080e-21 2.929e-21 0.000e+00 0.000e+00 2.276e-21
 4.053e-21 3.590e-21 2.593e-21 2.263e-21 0.000e+00 0.000e+00 0.000e+00 0.000e+00 0.000e+00 0.000e+00
 0.000e+00 0.000e+00 0.000e+00 0.000e+00 7.918e-22 1.470e-21 2.524e-22 5.632e-22 5.724e-22 5.192e-22
 1.150e-21 2.213e-21 1.211e-21 0.000e+00 3.054e-22 1.235e-21 0.000e+00 0.000e+00 0.000e+00 1.338e-22
 4.371e-21 3.932e-21 0.000e+00 0.000e+00 0.000e+00 9.590e-22 2.952e-21 1.476e-21 0.000e+00 0.000e+00
 0.000e+00 0.000e+00 0.000e+00 0.000e+00 5.564e-23 2.215e-21 4.551e-21 4.508e-21 4.438e-21 4.233e-21
 7.090e-22 1.781e-22 4.058e-21 4.864e-21 1.855e-21 8.636e-22 2.841e-21 4.248e-21 5.140e-21 4.929e-21
 1.859e-21 3.760e-22 8.328e-22 0.000e+00 0.000e+00 0.000e+00 0.000e+00 0.000e+00 0.000e+00 0.000e+00
 1.498e-21 3.208e-21 0.000e+00 0.000e+00 0.000e+00 0.000e+00 0.000e+00 0.000e+00 0.000e+00 0.000e+00
 1.214e-21 2.296e-22 0.000e+00 0.000e+00 6.561e-22 2.474e-21 3.523e-21 1.671e-21 1.204e-21 1.190e-21
 4.612e-22 0.000e+00 0.000e+00 8.124e-22 1.785e-21 8.031e-22 1.065e-22 0.000e+00 0.000e+00 0.000e+00
 9.423e-22 4.952e-21 6.686e-21 4.028e-21 2.879e-22 0.000e+00 0.000e+00 0.000e+00 0.000e+00 0.000e+00
 0.000e+00 0.000e+00 1.747e-21 2.199e-21 1.369e-21 1.207e-21 1.116e-21 0.000e+00 2.582e-22 4.659e-21
 4.283e-21 0.000e+00 0.000e+00 5.799e-21 1.045e-20 1.077e-20 5.589e-21 0.000e+00 0.000e+00 0.000e+00
 3.468e-21 1.766e-21 0.000e+00 0.000e+00 1.814e-21 4.711e-21 6.301e-21 3.814e-21 2.895e-21 4.136e-21
 4.555e-21 4.320e-21 2.493e-21 1.249e-21 6.954e-22 0.000e+00 5.080e-22 2.253e-21 2.385e-21 3.550e-21
 5.480e-21 6.174e-21 6.769e-21 6.608e-21 5.297e-21 6.852e-22 0.000e+00 2.101e-21 5.505e-21 4.418e-21
 2.460e-21 0.000e+00 0.000e+00 0.000e+00 0.000e+00 0.000e+00 0.000e+00 2.764e-22 2.423e-21 2.620e-21
 2.794e-21 3.457e-21 1.932e-21 0.000e+00 3.826e-22 3.455e-21 2.074e-21 1.812e-22 0.000e+00 0.000e+00
 0.000e+00 0.000e+00 1.996e-21 1.946e-21 1.477e-21 3.782e-21 6.903e-21 5.924e-21 3.094e-21 0.000e+00
 0.000e+00 0.000e+00 5.290e-22 0.000e+00 0.000e+00 0.000e+00 0.000e+00 1.140e-21 6.813e-22 0.000e+00
 0.000e+00 0.000e+00 0.000e+00 0.000e+00 3.839e-21 5.046e-21 9.843e-22 0.000e+00 0.000e+00 0.000e+00
 0.000e+00 0.000e+00 0.000e+00 1.936e-22 3.205e-21 5.679e-21 3.664e-21 6.691e-22 0.000e+00 8.313e-22
 4.189e-21 3.137e-21 0.000e+00 0.000e+00 0.000e+00 0.000e+00 0.000e+00 0.000e+00 0.000e+00 0.000e+00
 0.000e+00 2.238e-21 3.359e-21 3.705e-21 2.996e-21 1.222e-21 0.000e+00 0.000e+00 0.000e+00 0.000e+00
 0.000e+00 0.000e+00 0.000e+00 0.000e+00 0.000e+00 5.955e-22 8.014e-21 1.164e-20 6.101e-21 0.000e+00
 0.000e+00 7.113e-22 1.846e-21 1.548e-21 1.612e-21 2.358e-21 1.278e-21 1.853e-22 0.000e+00 0.000e+00
 0.000e+00 0.000e+00 0.000e+00 0.000e+00 2.801e-21 4.840e-21 2.506e-21 6.326e-22 0.000e+00 0.000e+00
 0.000e+00 0.000e+00 0.000e+00 0.000e+00 0.000e+00 0.000e+00 7.488e-22 2.312e-21 6.305e-22 2.483e-21
 7.126e-21 5.192e-21 0.000e+00 0.000e+00 2.714e-21 5.895e-23 0.000e+00 1.031e-21 3.817e-21 4.281e-21
 1.395e-21 0.000e+00 0.000e+00 0.000e+00 0.000e+00 0.000e+00 0.000e+00 0.000e+00 1.014e-22 1.926e-21
 2.213e-21 4.845e-22 1.146e-23 0.000e+00 0.000e+00 4.496e-21 5.533e-21 0.000e+00 0.000e+00 3.141e-21
 4.747e-22 0.000e+00 0.000e+00 0.000e+00 1.520e-21 2.001e-21 3.827e-22 1.332e-21 4.047e-21 2.324e-21
 0.000e+00 0.000e+00 0.000e+00 3.673e-22 3.469e-21 3.268e-21 4.322e-21 6.455e-21 2.162e-21 0.000e+00
 0.000e+00 0.000e+00 1.504e-21 1.596e-21 9.750e-22 2.116e-21 5.834e-21 4.822e-21 1.030e-21 3.135e-22
 7.267e-22 4.836e-22 0.000e+00 0.000e+00 0.000e+00 0.000e+00 0.000e+00 0.000e+00 1.848e-22 1.463e-21
 5.308e-22 0.000e+00 0.000e+00 0.000e+00 3.221e-21 5.058e-21 3.480e-21 3.101e-21 4.382e-21 2.226e-21
 0.000e+00 0.000e+00 0.000e+00 0.000e+00 0.000e+00 2.055e-21 4.007e-21 5.279e-21 4.474e-21 3.564e-21
 5.952e-21 5.824e-21 4.719e-21 6.180e-21 5.278e-21 1.334e-21 0.000e+00 0.000e+00 2.456e-21 2.789e-21
 0.000e+00 0.000e+00 0.000e+00 0.000e+00 2.186e-21 2.724e-21 3.170e-21 3.478e-21 1.203e-22 0.000e+00
 0.000e+00 3.654e-22 2.582e-21 3.019e-21 1.365e-21 9.716e-22 4.116e-21 7.122e-21 6.834e-21 5.208e-21
 4.935e-21 5.067e-21 1.193e-21 0.000e+00 0.000e+00 0.000e+00 0.000e+00 0.000e+00 0.000e+00 0.000e+00
 3.695e-21 3.855e-21 1.564e-21 2.550e-21 3.872e-21 2.895e-21 2.130e-21 4.572e-21 6.287e-21 3.679e-21
 0.000e+00 0.000e+00 1.341e-21 2.077e-21 3.540e-21 5.934e-21 9.265e-21 6.737e-21 3.188e-21 4.934e-21
 7.488e-21 7.197e-21 1.712e-21 0.000e+00 0.000e+00 0.000e+00 1.212e-21 6.624e-21 5.726e-21 1.342e-21
 0.000e+00 0.000e+00 0.000e+00 9.651e-22 3.408e-21 9.667e-22 0.000e+00 0.000e+00 0.000e+00 0.000e+00
 7.528e-22 5.694e-23 4.337e-22 1.322e-21 3.038e-22 8.329e-22 3.344e-21 3.949e-21 2.930e-22 0.000e+00
 0.000e+00 9.395e-22 2.508e-21 3.078e-21 3.507e-21 9.644e-22 0.000e+00 1.359e-21 5.042e-21 5.611e-21
 2.168e-21 0.000e+00 4.801e-22 3.047e-21 0.000e+00 0.000e+00 0.000e+00 0.000e+00 0.000e+00 0.000e+00
 0.000e+00 0.000e+00 0.000e+00 0.000e+00 0.000e+00 9.560e-22 4.553e-21 4.415e-21 5.286e-21 3.436e-21
 1.091e-21 5.449e-21 6.538e-21 7.594e-22 4.438e-23 5.625e-22 4.850e-22 3.939e-22 0.000e+00 0.000e+00
 4.590e-22 3.584e-21 1.865e-21 0.000e+00 0.000e+00 0.000e+00 2.421e-22 1.453e-21 2.466e-22 0.000e+00
 0.000e+00 8.341e-22 8.713e-22 1.171e-21 5.110e-21 5.202e-21 3.156e-21 5.208e-21 7.720e-21 5.660e-21
 9.784e-22 0.000e+00 0.000e+00 1.398e-21 3.201e-21 1.535e-21 6.302e-22 1.586e-21 1.176e-21 2.098e-21
 2.384e-21 0.000e+00 0.000e+00 0.000e+00 0.000e+00 1.315e-22 2.411e-21 5.302e-22 0.000e+00 0.000e+00
 8.196e-23 2.973e-21 0.000e+00 0.000e+00 6.448e-21 7.630e-21 3.708e-21 1.520e-21 1.019e-21 2.580e-21
 4.584e-21 7.989e-21 1.166e-20 1.003e-20 6.310e-21 5.348e-21 2.919e-21 0.000e+00 0.000e+00 1.480e-21
 3.548e-21 2.248e-21 0.000e+00 0.000e+00 0.000e+00 2.305e-21 0.000e+00 1.721e-22 5.847e-21 7.136e-21
 2.940e-21 1.371e-21 3.488e-21 6.322e-21 6.409e-21 3.130e-21 5.016e-21 9.168e-21 5.725e-21 2.981e-21
 3.489e-21 2.820e-21 4.180e-21 2.513e-21 0.000e+00 0.000e+00 8.727e-22 8.557e-22 0.000e+00 0.000e+00
 0.000e+00 0.000e+00 0.000e+00 3.333e-21 6.847e-21 4.894e-21 2.867e-21 3.276e-21 2.197e-21 0.000e+00
 1.137e-21 5.007e-21 6.857e-21 8.218e-21 6.440e-21 3.081e-21 1.664e-21 3.290e-21 2.733e-21 1.011e-21
 0.000e+00 3.280e-22 8.104e-21 1.104e-20 7.141e-21 4.552e-21 5.082e-21 6.942e-21 5.819e-21 4.241e-21
 4.774e-22 0.000e+00 0.000e+00 5.132e-21 3.677e-21 0.000e+00 5.065e-22 3.191e-22 3.304e-22 1.286e-21
 0.000e+00 0.000e+00 7.129e-22 4.549e-22 1.564e-21 9.592e-21 1.424e-20 7.508e-21 2.450e-21 3.113e-21
 2.585e-21 1.132e-21 9.963e-22 1.942e-21 3.485e-21 5.034e-21 4.004e-21 2.195e-21 1.386e-21 7.421e-22
 4.957e-22 3.432e-22 0.000e+00 0.000e+00 0.000e+00 0.000e+00 6.107e-21 7.728e-21 2.094e-21 2.018e-21
 8.462e-21 1.103e-20 4.688e-21 0.000e+00 0.000e+00 0.000e+00 8.517e-22 2.336e-21 3.738e-21 5.730e-21
 7.097e-21 1.076e-20 1.590e-20 1.256e-20 5.256e-21 2.923e-21 4.657e-22 0.000e+00 2.581e-21 3.939e-21
 1.283e-21 0.000e+00 0.000e+00 0.000e+00 0.000e+00 0.000e+00 2.941e-21 5.515e-21 6.681e-21 3.578e-21
 0.000e+00 0.000e+00 0.000e+00 1.838e-21 5.196e-21 9.992e-21 6.676e-21 2.963e-21 5.350e-21 4.515e-21
 8.241e-22 0.000e+00 2.675e-21 2.830e-21 0.000e+00 6.217e-22 2.998e-21 2.610e-21 4.448e-21 6.093e-21
 4.137e-21 4.808e-21 5.135e-21 3.017e-21 3.935e-21 5.553e-21 3.262e-21 1.931e-21 8.875e-21 1.601e-20
 1.372e-20 8.743e-21 5.275e-21 1.290e-21 0.000e+00 1.410e-21 1.076e-20 1.671e-20 1.071e-20 2.693e-21
 3.548e-21 1.469e-20 1.862e-20 7.194e-21 0.000e+00 0.000e+00 0.000e+00 0.000e+00 8.650e-22 5.390e-21
 6.186e-21 1.718e-21 0.000e+00 0.000e+00 0.000e+00 7.396e-22 3.974e-21 6.545e-21 7.978e-22 0.000e+00
 4.771e-21 8.804e-21 9.034e-21 1.240e-20 1.128e-20 3.589e-21 0.000e+00 1.865e-22 1.953e-21 4.255e-21
 6.372e-21 5.668e-21 1.709e-21 0.000e+00 0.000e+00 0.000e+00 9.442e-22 6.607e-21 8.020e-21 3.555e-21
 5.537e-22 1.220e-21 2.195e-21 2.465e-21 3.037e-21 4.800e-22 1.739e-21 8.110e-21 9.286e-21 5.234e-21
 0.000e+00 0.000e+00 3.491e-21 6.630e-21 1.092e-20 1.201e-20 6.340e-21 2.503e-21 4.312e-21 5.486e-21
 8.868e-21 1.269e-20 4.315e-21 0.000e+00 0.000e+00 0.000e+00 0.000e+00 0.000e+00 0.000e+00 0.000e+00
 1.913e-21 3.759e-21 1.266e-21 7.229e-21 1.047e-20 2.432e-21 0.000e+00 5.526e-21 8.206e-21 3.616e-21
 4.264e-22 9.214e-21 2.208e-20 1.546e-20 1.059e-21 0.000e+00 0.000e+00 0.000e+00 2.356e-21 6.045e-21
 5.920e-21 1.032e-20 1.177e-20 7.216e-21 5.548e-21 5.095e-21 2.323e-21 1.236e-21 2.966e-21 5.409e-21
 5.374e-21 4.142e-21 5.013e-21 7.390e-21 1.146e-20 9.671e-21 4.876e-21 7.187e-21 6.851e-21 1.636e-21
 3.466e-21 8.051e-21 3.500e-21 0.000e+00 0.000e+00 4.721e-22 3.330e-21 4.384e-21 2.619e-21 7.822e-21
 1.311e-20 5.864e-21 0.000e+00 5.550e-23 0.000e+00 1.478e-21 8.093e-21 1.123e-20 8.038e-21 5.449e-21
 8.112e-21 1.010e-20 8.183e-21 6.484e-21 6.643e-21 4.077e-21 5.874e-22 1.441e-21 2.836e-21 8.403e-21
 1.730e-20 1.625e-20 9.318e-21 7.214e-21 6.216e-21 1.593e-21 0.000e+00 1.581e-21 1.301e-21 9.435e-22
 3.048e-21 8.012e-21 7.170e-21 1.438e-21 0.000e+00 0.000e+00 2.815e-21 5.713e-21 2.720e-21 0.000e+00
 7.107e-21 1.824e-20 1.139e-20 1.008e-21 0.000e+00 0.000e+00 0.000e+00 3.849e-21 4.161e-21 2.526e-21
 1.479e-21 1.722e-21 1.895e-21 3.400e-21 4.935e-21 4.532e-21 2.312e-21 6.117e-21 1.916e-20 2.354e-20
 1.510e-20 7.673e-21 5.212e-21 3.002e-21 1.222e-21 3.781e-21 7.709e-21 9.320e-21 6.127e-21 0.000e+00
 0.000e+00 7.291e-22 3.056e-21 2.241e-21 1.034e-20 1.498e-20 8.890e-21 1.076e-20 1.094e-20 7.362e-21
 6.175e-21 2.804e-21 5.598e-21 5.940e-21 1.828e-21 4.844e-21 1.157e-20 1.342e-20 9.522e-21 6.083e-21
 2.749e-21 5.203e-22 8.515e-22 5.529e-21 1.019e-20 8.070e-21 4.705e-21 6.300e-21 9.623e-21 5.204e-21
 2.166e-21 7.485e-21 9.644e-21 5.150e-21 1.777e-21 0.000e+00 0.000e+00 1.001e-21 1.729e-21 1.992e-21
 8.186e-21 7.011e-21 3.483e-21 4.398e-21 6.944e-21 7.870e-21 1.461e-20 2.756e-20 2.765e-20 1.324e-20
 4.846e-21 5.443e-21 6.969e-21 1.270e-20 1.061e-20 5.120e-21 6.570e-21 5.952e-21 5.748e-21 3.518e-21
 7.774e-22 9.503e-22 3.186e-21 9.635e-21 1.841e-20 1.992e-20 1.415e-20 1.648e-20 1.371e-20 1.712e-21
 0.000e+00 4.458e-22 2.842e-21 3.947e-21 3.482e-21 6.111e-21 1.016e-20 6.928e-21 1.460e-23 2.593e-22
 1.688e-21 2.284e-21 4.831e-21 1.204e-20 2.437e-20 2.775e-20 1.845e-20 7.664e-21 1.348e-21 0.000e+00
 0.000e+00 4.989e-23 1.122e-20 1.216e-20 6.402e-21 5.360e-21 4.310e-21 0.000e+00 0.000e+00 5.527e-21
 1.579e-20 1.566e-20 1.714e-20 1.628e-20 1.889e-20 2.395e-20 1.906e-20 1.749e-20 1.251e-20 3.835e-21
 1.024e-21 9.270e-22 2.560e-21 3.198e-21 6.630e-21 1.150e-20 1.630e-20 1.378e-20 5.401e-21 6.125e-21
 1.139e-20 2.227e-20 2.567e-20 1.016e-20 0.000e+00 0.000e+00 0.000e+00 0.000e+00 0.000e+00 6.646e-21
 7.607e-21 4.321e-21 6.012e-21 8.204e-21 6.345e-21 3.232e-21 5.048e-21 8.748e-21 9.103e-21 1.378e-20
 1.801e-20 1.155e-20 3.391e-21 3.872e-21 1.209e-20 1.163e-20 1.453e-21 0.000e+00 0.000e+00 1.248e-21
 6.337e-21 1.065e-20 9.298e-21 2.981e-21 2.736e-21 6.935e-21 1.133e-20 1.506e-20 1.739e-20 1.416e-20
 6.385e-21 8.903e-21 2.278e-20 2.652e-20 2.250e-20 1.786e-20 1.189e-20 1.203e-20 1.010e-20 6.320e-21
 5.391e-21 6.535e-21 7.355e-21 6.705e-21 5.855e-21 2.785e-21 2.646e-21 8.705e-21 1.941e-20 1.633e-20
 6.621e-21 1.192e-20 1.419e-20 6.831e-21 3.644e-23 0.000e+00 0.000e+00 3.702e-21 1.163e-20 1.577e-20
 1.228e-20 8.287e-21 8.270e-21 4.525e-21 8.033e-21 2.046e-20 2.439e-20 1.864e-20 1.769e-20 1.583e-20
 7.337e-21 2.604e-21 3.514e-21 9.830e-21 1.014e-20 5.964e-21 4.691e-21 5.223e-21 8.061e-21 1.275e-20
 2.139e-20 2.283e-20 1.503e-20 8.215e-21 7.148e-21 8.874e-21 1.412e-20 2.045e-20 2.278e-20 3.010e-20
 3.257e-20 2.571e-20 1.765e-20 7.167e-21 9.730e-22 2.152e-21 6.801e-21 7.391e-21 3.911e-21 5.061e-21
 6.195e-21 3.416e-21 1.256e-21 1.154e-20 3.429e-20 3.357e-20 1.252e-20 3.036e-21 2.069e-22 0.000e+00
 2.596e-21 1.289e-20 1.259e-20 5.040e-21 6.998e-21 8.636e-21 7.399e-21 8.932e-21 1.038e-20 8.824e-21
 1.358e-20 2.168e-20 1.603e-20 5.993e-21 1.165e-20 1.918e-20 9.397e-21 0.000e+00 0.000e+00 3.199e-22
 8.925e-21 2.329e-20 2.046e-20 6.616e-21 8.282e-21 1.100e-20 5.185e-21 8.691e-21 1.613e-20 1.227e-20
 8.015e-21 1.098e-20 2.200e-20 3.477e-20 2.414e-20 1.271e-20 2.847e-20 3.472e-20 2.721e-20 2.467e-20
 1.119e-20 3.117e-22 1.307e-21 3.811e-21 8.708e-21 1.095e-20 1.387e-20 1.338e-20 6.928e-21 1.021e-20
 2.635e-20 2.704e-20 1.129e-20 1.145e-20 2.382e-20 2.979e-20 1.753e-20 9.467e-22 0.000e+00 5.628e-21
 1.320e-20 9.090e-21 1.158e-21 0.000e+00 6.371e-21 2.125e-20 3.000e-20 1.845e-20 1.751e-21 0.000e+00
 0.000e+00 4.065e-21 2.124e-20 2.406e-20 1.371e-20 1.003e-20 8.119e-21 1.453e-20 3.098e-20 2.726e-20
 9.774e-21 9.349e-22 7.346e-21 2.443e-20 3.087e-20 1.900e-20 8.431e-21 1.526e-20 1.865e-20 8.969e-21
 8.193e-21 1.649e-20 2.757e-20 3.559e-20 2.365e-20 8.383e-21 5.372e-21 4.624e-21 9.027e-21 1.028e-20
 3.301e-21 9.833e-22 5.918e-21 4.900e-21 5.760e-21 3.431e-20 5.074e-20 2.231e-20 0.000e+00 1.347e-21
 6.622e-21 1.551e-20 1.936e-20 7.620e-21 0.000e+00 0.000e+00 4.935e-21 1.870e-20 2.864e-20 2.325e-20
 1.939e-20 1.678e-20 1.133e-20 2.045e-20 2.469e-20 1.084e-20 3.589e-21 6.467e-21 1.370e-20 2.587e-20
 2.940e-20 1.688e-20 2.210e-21 0.000e+00 6.489e-21 1.863e-20 2.568e-20 2.211e-20 1.078e-20 4.865e-21
 1.256e-20 1.723e-20 9.369e-21 8.170e-21 9.461e-21 3.390e-21 0.000e+00 1.077e-21 1.419e-20 3.850e-20
 5.063e-20 3.515e-20 1.279e-20 3.437e-21 4.195e-21 1.222e-20 1.913e-20 2.122e-20 1.698e-20 8.235e-21
 1.744e-20 3.292e-20 2.807e-20 2.488e-20 2.200e-20 9.249e-21 3.947e-21 1.335e-21 4.698e-21 1.307e-20
 1.029e-20 5.243e-21 1.287e-20 2.472e-20 3.551e-20 3.593e-20 1.800e-20 7.905e-21 6.944e-21 1.821e-20
 3.040e-20 1.922e-20 1.503e-20 2.244e-20 2.512e-20 2.147e-20 2.507e-20 3.320e-20 2.538e-20 1.402e-20
 7.562e-21 2.137e-21 3.289e-21 1.240e-20 1.167e-20 1.026e-20 1.249e-20 7.294e-21 1.052e-20 1.328e-20
 7.775e-21 5.591e-21 1.341e-20 1.631e-20 2.502e-20 4.737e-20 3.472e-20 9.401e-21 1.151e-20 1.640e-20
 9.200e-21 2.691e-21 3.955e-21 4.473e-21 1.547e-20 4.268e-20 4.825e-20 1.980e-20 7.342e-23 5.500e-21
 2.023e-20 1.986e-20 3.280e-21 0.000e+00 6.998e-21 2.730e-20 3.330e-20 2.237e-20 2.320e-20 2.694e-20
 2.995e-20 2.801e-20 1.594e-20 1.155e-20 1.786e-20 2.540e-20 3.060e-20 3.328e-20 2.332e-20 9.005e-21
 9.859e-21 9.992e-21 3.727e-21 8.000e-22 4.325e-21 1.717e-20 3.039e-20 2.938e-20 1.439e-20 8.106e-21
 1.098e-20 8.017e-21 3.950e-21 1.728e-20 3.641e-20 2.637e-20 7.163e-21 1.865e-21 0.000e+00 1.473e-20
 5.005e-20 5.050e-20 1.670e-20 2.847e-21 0.000e+00 3.036e-21 1.624e-20 1.386e-20 7.582e-21 2.083e-20
 4.298e-20 4.304e-20 2.494e-20 9.677e-21 5.757e-21 1.295e-20 2.996e-20 2.998e-20 1.756e-20 2.356e-20
 3.277e-20 3.952e-20 3.325e-20 1.655e-20 1.552e-20 3.499e-20 5.059e-20 4.507e-20 3.527e-20 1.769e-20
 2.627e-21 4.196e-21 9.227e-21 1.008e-20 1.036e-20 1.377e-20 1.766e-20 1.962e-20 1.471e-20 1.311e-20
 1.123e-20 5.616e-21 1.192e-20 2.152e-20 1.792e-20 1.302e-20 1.534e-20 8.829e-21 1.948e-21 9.865e-23
 3.103e-21 1.603e-20 2.306e-20 1.319e-20 1.030e-20 3.411e-20 4.685e-20 3.550e-20 1.774e-20 1.148e-21
 0.000e+00 7.746e-21 2.944e-20 4.612e-20 4.691e-20 2.437e-20 1.429e-20 2.826e-20 2.565e-20 1.780e-20
 2.226e-20 4.144e-20 4.608e-20 2.313e-20 2.095e-20 3.946e-20 4.611e-20 4.313e-20 3.982e-20 2.417e-20
 4.755e-21 2.161e-22 7.932e-21 2.644e-20 3.630e-20 2.543e-20 1.424e-20 2.177e-20 2.896e-20 1.659e-20
 1.913e-20 4.002e-20 3.473e-20 1.304e-20 5.144e-21 2.304e-22 2.649e-21 1.539e-20 1.584e-20 4.047e-21
 0.000e+00 0.000e+00 7.845e-21 2.072e-20 1.257e-20 3.340e-21 3.533e-21 6.985e-21 1.977e-20 3.204e-20
 4.556e-20 3.422e-20 1.734e-20 2.603e-20 2.492e-20 1.143e-20 1.723e-20 5.732e-20 6.549e-20 2.879e-20
 1.265e-20 2.855e-20 4.385e-20 3.276e-20 3.300e-20 4.667e-20 4.814e-20 4.060e-20 4.663e-20 5.524e-20
 2.719e-20 9.883e-21 1.854e-20 1.821e-20 7.574e-21 4.384e-21 1.460e-20 2.204e-20 2.598e-20 2.569e-20
 2.037e-20 1.213e-20 1.613e-20 2.275e-20 1.237e-20 4.475e-21 4.762e-21 6.890e-21 1.171e-20 1.431e-20
 7.877e-21 2.400e-21 2.439e-22 8.012e-21 2.128e-20 1.344e-20 2.008e-21 1.233e-21 1.043e-20 2.545e-20
 2.189e-20 6.201e-21 2.406e-21 2.912e-20 7.348e-20 6.667e-20 2.451e-20 2.306e-20 3.393e-20 2.855e-20
 4.083e-20 6.137e-20 5.083e-20 2.666e-20 1.634e-20 3.410e-20 5.545e-20 3.589e-20 3.777e-20 6.439e-20
 5.633e-20 4.031e-20 2.599e-20 1.263e-20 8.664e-21 4.961e-21 1.038e-20 4.872e-20 7.351e-20 3.801e-20
 6.036e-21 6.499e-21 1.217e-20 1.996e-20 2.326e-20 1.794e-20 1.011e-20 4.483e-21 3.430e-21 1.247e-20
 1.714e-20 6.260e-21 5.815e-22 4.279e-22 9.631e-21 2.084e-20 1.316e-20 3.853e-21 4.030e-21 1.802e-20
 2.859e-20 1.955e-20 8.306e-21 1.042e-20 2.388e-20 2.404e-20 8.036e-21 2.116e-20 7.613e-20 8.131e-20
 2.901e-20 1.543e-20 4.874e-20 6.921e-20 4.471e-20 3.719e-20 5.301e-20 5.251e-20 5.952e-20 7.160e-20
 7.041e-20 4.343e-20 1.920e-20 1.248e-20 5.097e-21 1.039e-20 2.499e-20 2.746e-20 1.700e-20 1.191e-20
 9.760e-21 8.703e-21 1.266e-20 1.538e-20 2.091e-20 2.663e-20 2.079e-20 6.302e-21 1.879e-21 8.520e-21
 1.982e-20 2.003e-20 6.022e-21 0.000e+00 4.943e-21 2.127e-20 2.832e-20 1.554e-20 3.975e-21 7.642e-21
 2.313e-20 2.266e-20 5.497e-21 2.438e-21 2.213e-20 3.240e-20 1.648e-20 7.664e-21 2.251e-20 2.927e-20
 1.790e-20 4.722e-20 8.984e-20 5.826e-20 2.989e-20 7.539e-20 9.131e-20 5.021e-20 5.351e-20 7.595e-20
 5.953e-20 4.298e-20 3.045e-20 2.865e-20 4.601e-20 5.408e-20 4.469e-20 2.272e-20 6.990e-21 7.976e-21
 1.592e-20 1.613e-20 6.905e-21 6.313e-21 1.212e-20 1.717e-20 1.820e-20 8.360e-21 1.323e-21 2.721e-21
 7.175e-21 1.585e-20 1.538e-20 6.529e-21 1.479e-21 7.698e-21 2.380e-20 1.798e-20 1.839e-22 2.062e-21
 1.863e-20 2.699e-20 1.140e-20 1.977e-21 1.606e-20 3.433e-20 2.726e-20 1.223e-20 2.461e-20 3.373e-20
 1.999e-20 1.830e-20 4.218e-20 4.192e-20 6.034e-20 1.036e-19 8.517e-20 8.031e-20 1.132e-19 1.123e-19
 6.944e-20 3.593e-20 4.000e-20 3.206e-20 2.712e-20 2.820e-20 1.330e-20 3.335e-21 2.099e-21 4.896e-21
 8.755e-21 1.581e-20 1.275e-20 4.961e-21 6.230e-21 9.453e-21 1.907e-20 2.369e-20 1.230e-20 5.032e-21
 6.716e-21 1.527e-20 2.051e-20 1.046e-20 2.980e-21 5.756e-21 2.200e-20 2.644e-20 7.639e-21 1.006e-21
 1.617e-20 3.018e-20 1.832e-20 4.268e-21 1.414e-20 3.306e-20 2.386e-20 8.868e-21 3.039e-20 4.057e-20
 2.015e-20 2.220e-20 4.168e-20 3.059e-20 3.509e-20 4.923e-20 4.690e-20 9.977e-20 1.524e-19 1.384e-19
 1.097e-19 9.525e-20 7.712e-20 4.834e-20 2.034e-20 7.214e-21 1.574e-20 1.805e-20 1.087e-20 7.984e-21
 7.066e-21 1.276e-20 2.007e-20 1.316e-20 2.616e-21 3.276e-22 3.283e-21 1.645e-20 1.709e-20 8.009e-21
 6.618e-21 1.268e-20 2.237e-20 1.720e-20 6.574e-21 4.946e-21 1.602e-20 2.183e-20 1.071e-20 6.177e-21
 2.129e-20 3.486e-20 2.102e-20 5.475e-21 1.953e-20 3.402e-20 1.539e-20 8.148e-21 3.332e-20 3.530e-20
 2.278e-20 4.057e-20 4.793e-20 3.633e-20 5.022e-20 5.256e-20 5.473e-20 6.584e-20 8.505e-20 1.741e-19
 2.119e-19 1.226e-19 3.826e-20 7.358e-21 1.987e-21 4.231e-21 1.247e-20 2.203e-20 1.993e-20 1.116e-20
 5.290e-21 5.126e-21 1.293e-20 1.818e-20 1.187e-20 5.337e-21 5.767e-21 1.819e-20 2.333e-20 1.214e-20
 4.971e-21 7.281e-21 1.717e-20 1.618e-20 4.289e-21 5.084e-22 1.664e-20 3.073e-20 1.496e-20 4.607e-21
 1.876e-20 3.093e-20 1.756e-20 9.381e-21 3.096e-20 3.535e-20 1.492e-20 1.847e-20 4.092e-20 3.243e-20
 3.285e-20 5.344e-20 4.866e-20 5.234e-20 5.546e-20 5.130e-20 6.769e-20 8.433e-20 1.077e-19 1.417e-19
 1.536e-19 1.331e-19 8.457e-20 3.030e-20 6.636e-21 7.175e-21 1.045e-20 1.476e-20 1.441e-20 8.776e-21
 6.556e-21 8.004e-21 1.451e-20 1.804e-20 8.883e-21 1.600e-21 1.971e-21 1.109e-20 1.813e-20 1.092e-20
 3.338e-21 9.083e-21 2.220e-20 1.795e-20 4.624e-21 6.243e-21 1.866e-20 2.032e-20 5.692e-21 4.749e-21
 2.245e-20 2.230e-20 4.815e-21 1.517e-20 3.885e-20 2.806e-20 1.734e-20 4.027e-20 4.077e-20 2.635e-20
 4.193e-20 4.489e-20 4.732e-20 6.223e-20 6.409e-20 7.960e-20 9.824e-20 1.086e-19 1.009e-19 7.604e-20
 7.417e-20 6.426e-20 6.341e-20 8.413e-20 5.232e-20 1.092e-20 3.675e-21 8.015e-21 1.320e-20 6.130e-21
 3.139e-21 7.316e-21 1.623e-20 2.157e-20 1.362e-20 5.386e-21 4.988e-21 1.522e-20 1.835e-20 6.707e-21
 2.215e-22 1.156e-20 2.391e-20 1.688e-20 5.994e-21 1.498e-20 2.983e-20 2.144e-20 8.442e-21 1.930e-20
 2.979e-20 1.716e-20 1.330e-20 3.331e-20 3.321e-20 1.829e-20 3.556e-20 4.106e-20 2.716e-20 4.451e-20
 4.798e-20 4.336e-20 5.753e-20 7.480e-20 1.230e-19 1.504e-19 1.148e-19 6.566e-20 3.910e-20 5.628e-20
 7.736e-20 4.894e-20 2.355e-20 5.751e-20 7.703e-20 3.664e-20 5.351e-21 5.376e-21 1.006e-20 1.023e-20
 8.236e-21 5.857e-21 8.051e-21 8.626e-21 0.000e+00 0.000e+00 1.023e-20 2.438e-20 2.302e-20 6.209e-21
 1.737e-21 1.677e-20 2.209e-20 8.324e-21 8.274e-21 2.332e-20 2.360e-20 8.087e-21 1.336e-20 3.296e-20
 2.323e-20 1.263e-20 3.019e-20 3.386e-20 2.201e-20 3.945e-20 4.412e-20 3.428e-20 5.147e-20 5.166e-20
 5.099e-20 6.755e-20 9.409e-20 1.327e-19 1.220e-19 7.463e-20 4.950e-20 3.154e-20 3.965e-20 7.797e-20
 6.871e-20 2.637e-20 1.042e-20 3.461e-20 7.767e-20 6.565e-20 2.284e-20 1.237e-20 1.316e-20 8.492e-21
 4.442e-21 8.912e-21 1.212e-20 7.930e-21 3.173e-21 5.475e-21 1.896e-20 2.267e-20 1.114e-20 4.929e-21
 1.444e-20 2.175e-20 1.247e-20 8.772e-21 2.121e-20 2.330e-20 1.012e-20 1.546e-20 3.081e-20 2.254e-20
 1.259e-20 2.890e-20 3.160e-20 2.065e-20 3.691e-20 3.808e-20 3.592e-20 5.098e-20 5.289e-20 6.969e-20
 1.217e-19 1.876e-19 1.656e-19 6.782e-20 3.085e-20 3.129e-20 3.477e-20 5.375e-20 5.809e-20 4.170e-20
 1.931e-20 1.004e-20 1.187e-20 3.668e-20 7.455e-20 5.830e-20 1.853e-20 1.178e-20 1.120e-20 5.592e-21
 5.400e-21 1.058e-20 1.103e-20 6.117e-21 7.231e-21 1.512e-20 1.747e-20 7.877e-21 4.805e-21 1.534e-20
 2.105e-20 1.278e-20 7.546e-21 1.684e-20 1.723e-20 5.771e-21 1.639e-20 3.223e-20 1.934e-20 1.450e-20
 3.144e-20 2.693e-20 2.586e-20 3.901e-20 3.131e-20 4.060e-20 5.300e-20 6.036e-20 1.016e-19 1.365e-19
 1.271e-19 8.021e-20 5.544e-20 5.374e-20 4.202e-20 4.018e-20 4.940e-20 6.138e-20 4.512e-20 1.466e-20
 4.092e-21 1.703e-21 8.749e-21 4.968e-20 7.894e-20 3.931e-20 6.039e-21 5.766e-21 2.285e-21 2.853e-21
 9.092e-21 1.251e-20 7.159e-21 6.823e-21 1.405e-20 1.794e-20 7.687e-21 1.278e-21 1.119e-20 1.375e-20
 5.559e-21 9.511e-21 2.469e-20 1.564e-20 4.342e-21 1.981e-20 2.836e-20 1.804e-20 2.616e-20 3.309e-20
 2.382e-20 3.812e-20 3.662e-20 3.325e-20 4.911e-20 7.497e-20 1.354e-19 1.646e-19 1.414e-19 9.122e-20
 4.723e-20 4.541e-20 5.966e-20 5.761e-20 3.627e-20 3.649e-20 3.287e-20 9.817e-21 4.689e-22 0.000e+00
 1.099e-21 9.110e-21 5.159e-20 7.938e-20 3.937e-20 5.134e-21 3.088e-21 1.086e-21 0.000e+00 7.579e-21
 1.203e-20 7.414e-21 4.451e-21 9.171e-21 8.916e-21 1.766e-21 5.167e-21 1.314e-20 7.243e-21 1.509e-21
 1.475e-20 1.693e-20 4.256e-21 1.073e-20 2.208e-20 1.593e-20 2.381e-20 3.359e-20 1.998e-20 3.063e-20
 4.152e-20 4.199e-20 6.225e-20 8.267e-20 1.051e-19 1.224e-19 1.283e-19 1.044e-19 7.554e-20 7.467e-20
 5.746e-20 3.051e-20 3.032e-20 4.875e-20 3.977e-20 8.855e-21 0.000e+00 7.159e-22 1.681e-21 0.000e+00
 1.164e-20 5.736e-20 6.667e-20 2.349e-20 1.746e-21 6.282e-21 7.016e-21 7.698e-21 8.035e-21 5.561e-21
 1.839e-21 6.618e-21 1.048e-20 7.470e-21 7.159e-21 1.272e-20 1.365e-20 8.027e-21 1.352e-20 1.559e-20
 9.281e-21 1.365e-20 2.141e-20 1.509e-20 2.318e-20 3.654e-20 2.530e-20 3.129e-20 3.697e-20 4.932e-20
 8.952e-20 1.025e-19 1.077e-19 1.387e-19 1.448e-19 1.119e-19 9.668e-20 7.452e-20 2.863e-20 1.120e-20
 2.155e-20 2.952e-20 1.353e-20 0.000e+00 0.000e+00 0.000e+00 0.000e+00 0.000e+00 1.474e-20 5.764e-20
 7.145e-20 3.408e-20 7.049e-21 1.928e-21 1.863e-21 3.927e-21 4.701e-21 2.854e-21 0.000e+00 3.925e-21
 7.746e-21 3.603e-21 0.000e+00 8.251e-21 1.165e-20 6.611e-21 1.233e-20 1.454e-20 7.956e-21 1.367e-20
 2.254e-20 1.379e-20 2.025e-20 2.555e-20 2.081e-20 3.271e-20 3.924e-20 6.248e-20 8.172e-20 7.493e-20
 9.292e-20 1.307e-19 1.458e-19 1.245e-19 7.727e-20 3.082e-20 1.068e-20 1.977e-20 4.252e-20 3.434e-20
 8.235e-21 3.224e-21 3.372e-21 3.910e-21 3.936e-21 7.676e-21 2.621e-20 5.814e-20 6.120e-20 2.632e-20
 2.706e-21 0.000e+00 0.000e+00 0.000e+00 2.017e-21 3.504e-21 2.005e-21 3.314e-21 3.970e-21 0.000e+00
 0.000e+00 6.925e-21 9.320e-21 9.212e-21 1.204e-20 1.030e-20 6.620e-21 1.652e-20 1.694e-20 1.150e-20
 2.430e-20 2.501e-20 2.895e-20 3.666e-20 5.643e-20 8.526e-20 7.750e-20 7.720e-20 1.365e-19 1.928e-19
 1.434e-19 5.935e-20 2.419e-20 9.577e-21 1.705e-20 3.214e-20 2.823e-20 1.039e-20 1.359e-21 0.000e+00
 4.462e-23 1.873e-21 4.158e-21 2.922e-20 5.428e-20 4.838e-20 2.341e-20 4.689e-21 0.000e+00 0.000e+00
 1.424e-21 4.216e-21 5.168e-21 2.012e-21 0.000e+00 0.000e+00 3.027e-21 4.104e-21 4.468e-21 3.719e-21
 3.173e-21 9.199e-21 1.473e-20 1.028e-20 8.901e-21 1.412e-20 1.163e-20 1.990e-20 2.422e-20 2.657e-20
 3.819e-20 4.862e-20 6.744e-20 6.805e-20 7.388e-20 1.172e-19 1.521e-19 1.343e-19 8.213e-20 3.606e-20
 1.220e-20 2.525e-20 4.417e-20 2.764e-20 5.046e-21 3.196e-21 3.901e-21 4.608e-21 5.116e-21 1.186e-20
 2.718e-20 3.997e-20 5.233e-20 3.940e-20 1.169e-20 0.000e+00 0.000e+00 0.000e+00 2.081e-21 1.406e-21
 0.000e+00 4.461e-22 2.450e-22 1.717e-21 5.627e-22 1.268e-21 3.522e-21 2.449e-21 2.201e-21 4.124e-21
 3.441e-21 5.662e-21 1.144e-20 8.782e-21 1.461e-20 1.635e-20 1.690e-20 2.664e-20 4.428e-20 7.737e-20
 9.149e-20 1.009e-19 1.162e-19 1.349e-19 1.275e-19 6.649e-20 1.938e-20 8.319e-21 2.166e-20 2.457e-20
 4.113e-21 0.000e+00 0.000e+00 0.000e+00 0.000e+00 9.645e-21 3.536e-20 3.841e-20 2.926e-20 2.897e-20
 1.431e-20 3.245e-22 0.000e+00 0.000e+00 0.000e+00 1.395e-21 3.288e-21 1.334e-21 1.628e-21 3.281e-21
 2.875e-21 7.955e-22 0.000e+00 0.000e+00 0.000e+00 0.000e+00 1.760e-21 2.993e-21 4.825e-21 3.284e-21
 0.000e+00 5.031e-21 1.124e-20 1.836e-20 2.528e-20 3.203e-20 6.083e-20 8.613e-20 8.231e-20 8.321e-20
 1.109e-19 1.141e-19 6.289e-20 2.090e-20 2.759e-20 3.733e-20 1.666e-20 4.670e-21 6.409e-21 7.610e-22
 0.000e+00 7.965e-21 2.153e-20 1.838e-20 2.622e-20 4.038e-20 2.371e-20 6.724e-21 4.609e-21 3.606e-21
 3.028e-21 3.104e-21 1.808e-21 0.000e+00 0.000e+00 2.672e-21 3.144e-21 3.155e-22 0.000e+00 0.000e+00
 0.000e+00 0.000e+00 0.000e+00 0.000e+00 1.729e-21 2.538e-21 1.742e-21 4.775e-21 9.035e-21 9.899e-21
 1.568e-20 1.982e-20 4.076e-20 9.134e-20 1.079e-19 8.140e-20 8.667e-20 1.163e-19 8.929e-20 3.163e-20
 1.854e-20 2.591e-20 1.937e-20 9.089e-21 1.803e-21 0.000e+00 1.583e-20 4.068e-20 2.971e-20 1.150e-20
 2.083e-20 2.890e-20 1.653e-20 4.876e-21 9.785e-22 0.000e+00 4.059e-21 9.244e-21 8.555e-21 4.495e-21
 1.660e-21 1.672e-21 4.104e-21 5.349e-21 1.211e-21 0.000e+00 6.120e-23 2.606e-21 1.327e-21 1.200e-21
 2.779e-21 2.984e-21 1.033e-21 4.619e-22 2.474e-21 4.323e-21 8.896e-21 1.218e-20 2.489e-20 4.561e-20
 5.665e-20 6.482e-20 7.296e-20 9.070e-20 9.002e-20 4.790e-20 3.083e-20 3.518e-20 1.796e-20 2.818e-21
 0.000e+00 6.427e-21 1.869e-20 1.207e-20 3.505e-21 1.292e-20 3.322e-20 2.915e-20 9.301e-21 2.976e-21
 4.279e-21 5.638e-21 6.646e-21 8.022e-21 7.674e-21 5.957e-21 4.546e-21 4.166e-21 3.612e-21 2.494e-21
 1.426e-21 1.559e-21 4.231e-21 5.075e-21 1.729e-21 7.072e-22 3.531e-21 3.873e-21 3.078e-21 1.505e-21
 8.498e-22 0.000e+00 0.000e+00 4.487e-21 2.726e-20 4.621e-20 3.828e-20 4.930e-20 7.877e-20 9.225e-20
 8.407e-20 5.119e-20 2.912e-20 1.873e-20 8.469e-21 1.208e-20 2.896e-20 3.078e-20 1.270e-20 5.162e-21
 8.869e-21 2.217e-20 2.507e-20 1.304e-20 5.831e-21 2.715e-21 1.433e-21 0.000e+00 7.257e-22 5.455e-21
 6.435e-21 6.155e-21 4.668e-21 6.133e-22 0.000e+00 0.000e+00 4.190e-21 6.664e-21 7.613e-21 7.405e-21
 4.348e-21 1.103e-21 0.000e+00 2.238e-22 8.353e-22 2.488e-21 6.571e-21 7.970e-21 5.722e-21 4.732e-21
 1.348e-20 2.403e-20 2.677e-20 3.557e-20 5.764e-20 7.645e-20 7.010e-20 4.937e-20 2.941e-20 1.380e-20
 1.826e-20 2.703e-20 1.570e-20 3.082e-21 3.341e-21 1.815e-20 3.525e-20 2.458e-20 5.143e-21 8.707e-22
 1.400e-21 5.224e-21 7.721e-21 6.619e-21 5.579e-21 6.264e-21 6.224e-21 4.429e-21 5.516e-21 5.981e-21
 2.573e-21 4.899e-22 4.252e-21 4.850e-21 2.324e-21 1.837e-21 9.297e-22 2.469e-21 2.801e-21 2.270e-21
 1.490e-21 2.782e-21 4.370e-21 3.245e-21 2.577e-21 6.457e-21 2.417e-20 2.905e-20 1.625e-20 2.159e-20
 5.318e-20 7.912e-20 6.299e-20 3.152e-20 2.023e-20 2.881e-20 2.940e-20 1.201e-20 4.565e-21 9.525e-21
 1.945e-20 2.014e-20 1.004e-20 5.272e-21 4.548e-21 5.582e-21 7.393e-21 8.219e-21 5.500e-21 3.917e-21
 8.028e-21 1.328e-20 1.295e-20 9.192e-21 9.129e-21 7.702e-21 6.485e-21 8.491e-21 8.916e-21 9.838e-21
 1.089e-20 1.123e-20 1.255e-20 9.943e-21 6.327e-21 7.575e-21 9.093e-21 1.061e-20 1.152e-20 1.157e-20
 1.307e-20 1.690e-20 2.447e-20 2.565e-20 2.048e-20 2.469e-20 4.511e-20 6.222e-20 5.331e-20 4.157e-20
 3.455e-20 1.868e-20 8.005e-21 8.617e-21 2.080e-20 2.887e-20 2.015e-20 1.883e-20 3.366e-20 3.717e-20
 2.395e-20 1.393e-20 1.002e-20 1.165e-20 1.337e-20 1.221e-20 1.410e-20 2.773e-20 4.256e-20 3.273e-20
 1.748e-20 1.225e-20 9.724e-21 1.283e-20 1.637e-20 2.019e-20 3.007e-20 3.963e-20 3.304e-20 1.840e-20
 1.417e-20 1.339e-20 1.098e-20 1.211e-20 1.943e-20 2.816e-20 3.543e-20 4.497e-20 4.318e-20 2.578e-20
 1.843e-20 3.715e-20 5.925e-20 6.308e-20 5.895e-20 4.517e-20 3.157e-20 3.175e-20 3.522e-20 4.004e-20
 4.201e-20 3.695e-20 2.970e-20 3.118e-20 3.489e-20 3.274e-20 2.784e-20 2.743e-20 3.772e-20 3.835e-20
 3.334e-20 3.372e-20 3.325e-20 3.248e-20 3.196e-20 3.526e-20 3.688e-20 3.579e-20 3.319e-20 3.061e-20
 3.286e-20 3.829e-20 3.854e-20 3.656e-20 3.706e-20 3.265e-20 3.456e-20 4.140e-20 4.047e-20 3.736e-20
 3.610e-20 3.157e-20 2.746e-20 2.999e-20 3.332e-20 4.025e-20 4.740e-20 5.029e-20 4.779e-20 3.902e-20
 3.664e-20 4.711e-20 5.393e-20 4.593e-20 4.099e-20 3.773e-20 3.198e-20 3.335e-20 4.189e-20 5.523e-20
 5.368e-20 4.107e-20 3.955e-20 4.092e-20 4.086e-20 4.300e-20 4.721e-20 5.119e-20 4.408e-20 3.754e-20
 4.892e-20 6.751e-20 6.600e-20 5.100e-20 5.140e-20 5.303e-20 5.293e-20 5.594e-20 5.831e-20 5.871e-20
 5.345e-20 6.152e-20 7.256e-20 6.690e-20 5.799e-20 6.232e-20 6.848e-20 6.555e-20 6.824e-20 7.553e-20
 7.439e-20 7.524e-20 9.161e-20 9.198e-20 8.042e-20 8.169e-20 7.683e-20 6.860e-20 7.200e-20 8.287e-20
 8.765e-20 9.278e-20 9.602e-20 9.322e-20 9.468e-20 9.372e-20 8.354e-20 7.753e-20 9.066e-20 1.032e-19
 1.072e-19 1.012e-19 9.392e-20 1.052e-19 1.109e-19 9.493e-20 8.431e-20 1.016e-19 1.244e-19 1.276e-19
 1.151e-19 1.168e-19 1.262e-19 1.122e-19 1.021e-19 1.189e-19 1.445e-19 1.409e-19 1.210e-19 1.332e-19
 1.472e-19 1.248e-19 1.149e-19 1.480e-19 1.611e-19 1.331e-19 1.345e-19 1.541e-19 1.273e-19 1.193e-19
 1.693e-19 1.799e-19 1.438e-19 1.541e-19 1.589e-19 1.273e-19 1.620e-19 1.938e-19 1.577e-19 1.600e-19
 1.736e-19 1.411e-19 1.730e-19 2.003e-19 1.634e-19 1.749e-19 1.601e-19 1.656e-19 1.970e-19 1.687e-19
 1.612e-19 1.577e-19 1.761e-19 1.889e-19 1.622e-19 1.552e-19 1.662e-19 1.770e-19 1.599e-19 1.616e-19
 1.855e-19 1.690e-19 1.415e-19 1.463e-19 1.414e-19 1.206e-19 1.173e-19 1.015e-19 8.520e-20 7.158e-20
 4.113e-20 1.511e-20 9.121e-21 1.443e-20 1.412e-20 1.012e-20 4.708e-21 1.028e-21 9.771e-22 4.546e-21
 4.465e-21 7.707e-22 0.000e+00 0.000e+00 0.000e+00 0.000e+00 2.291e-21 9.697e-21 9.914e-21 4.833e-21
 2.840e-21 4.724e-21 6.196e-21 7.283e-21 3.987e-21 2.026e-21 2.635e-21 3.665e-21 2.236e-21 4.839e-22
 1.369e-21 1.141e-21 1.421e-22 1.551e-22 2.318e-21 3.425e-21 4.912e-21 6.271e-21 7.290e-21 7.920e-21
 5.541e-21 3.166e-22 0.000e+00 2.329e-21 8.630e-21 7.872e-21 4.292e-21 5.231e-21 7.222e-21 4.291e-21
 8.143e-22 1.788e-21 2.151e-21 0.000e+00 6.944e-22 3.298e-21 2.793e-21 2.796e-21 4.054e-21 4.311e-21
 1.212e-21 0.000e+00 1.360e-22 5.990e-22 7.134e-22 5.844e-22 1.701e-21 3.406e-21 3.944e-21 1.994e-21
 2.241e-21 4.156e-21 3.306e-21 1.275e-21 1.642e-21 3.432e-21 3.014e-21 2.186e-21 2.342e-21 1.551e-21
 6.944e-22 0.000e+00 0.000e+00 1.425e-22 4.140e-21 5.667e-21 3.453e-21 3.710e-21 5.855e-21 3.547e-21
 3.811e-23 2.267e-22 2.433e-21 2.967e-21 3.715e-21 3.649e-21 1.030e-21 0.000e+00 0.000e+00 0.000e+00
 5.181e-22 3.507e-21 4.739e-21 1.965e-21 0.000e+00 0.000e+00 0.000e+00 2.468e-21 4.606e-21 2.369e-21
 0.000e+00 7.410e-22 1.282e-21 0.000e+00 0.000e+00 0.000e+00 1.450e-21 5.550e-21 7.637e-21 4.852e-21
 0.000e+00 0.000e+00 3.893e-21 5.484e-21 3.661e-21 6.347e-21 6.886e-21 2.222e-21 1.508e-21 4.724e-21
 1.939e-20 2.431e-20 5.338e-21 0.000e+00 0.000e+00 5.600e-21 1.345e-20 1.050e-20 4.148e-21 3.492e-21
 4.242e-21 4.021e-21 2.920e-21 0.000e+00 0.000e+00 2.892e-21 3.989e-21 2.085e-21 3.230e-21 3.729e-21
 0.000e+00 0.000e+00 9.844e-22 4.665e-21 6.375e-21 7.010e-21 8.167e-21 8.603e-21 6.672e-21 6.262e-21
 7.722e-21 9.447e-21 9.120e-21 5.781e-21 1.111e-21 7.062e-21 1.959e-20 1.437e-20 3.550e-21 4.008e-21
 7.409e-21 7.939e-21 1.924e-20 4.215e-20 3.974e-20 1.808e-20 7.398e-21 3.283e-21 3.417e-21 5.592e-21
 8.512e-21 1.090e-20 4.908e-21 0.000e+00 3.148e-22 1.973e-22 0.000e+00 0.000e+00 0.000e+00 0.000e+00
 0.000e+00 0.000e+00 0.000e+00 0.000e+00 0.000e+00 1.662e-21 7.804e-23 0.000e+00 2.605e-21 6.446e-21
 8.126e-21 6.896e-21 5.118e-21 4.301e-21 1.806e-21 0.000e+00 8.255e-21 1.701e-20 1.230e-20 7.502e-21
 6.846e-21 4.796e-21 2.959e-21 7.244e-21 3.045e-20 5.925e-20 5.412e-20 3.118e-20 2.003e-20 9.093e-21
 1.561e-21 8.117e-22 2.357e-22 0.000e+00 0.000e+00 1.258e-20 1.788e-20 5.336e-21 0.000e+00 2.241e-21
 2.863e-21 7.310e-22 7.131e-22 0.000e+00 0.000e+00 0.000e+00 0.000e+00 0.000e+00 0.000e+00 1.742e-21
 6.548e-21 6.046e-21 5.104e-21 5.329e-21 7.329e-21 1.450e-20 2.695e-20 2.447e-20 8.466e-21 3.936e-21
 4.043e-21 1.522e-21 3.159e-21 6.008e-21 6.054e-21 1.833e-20 3.324e-20 4.515e-20 6.206e-20 4.798e-20
 1.921e-20 1.671e-20 2.038e-20 1.066e-20 1.391e-21 3.041e-21 3.646e-21 1.450e-21 3.549e-21 1.412e-20
 1.871e-20 7.917e-21 0.000e+00 0.000e+00 2.938e-22 3.249e-21 3.315e-21 0.000e+00 0.000e+00 1.009e-22
 3.997e-21 6.171e-21 5.266e-21 4.834e-21 7.654e-21 1.870e-20 2.468e-20 1.168e-20 0.000e+00 0.000e+00
 0.000e+00 0.000e+00 3.460e-21 4.476e-21 7.672e-21 2.734e-20 4.133e-20 3.278e-20 3.174e-20 4.770e-20
 6.562e-20 6.199e-20 3.396e-20 1.147e-20 5.790e-21 1.708e-20 2.708e-20 1.477e-20 2.852e-21 2.187e-21
 0.000e+00 0.000e+00 1.304e-21 1.923e-20 3.070e-20 1.576e-20 9.241e-22 4.441e-22 2.326e-21 2.985e-21
 2.758e-21 4.214e-21 5.098e-21 1.199e-20 3.312e-20 3.935e-20 1.789e-20 3.936e-21 3.718e-22 0.000e+00
 6.996e-22 2.797e-21 5.284e-21 9.932e-21 2.031e-20 1.956e-20 1.135e-20 1.535e-20 2.408e-20 3.017e-20
 4.597e-20 7.918e-20 9.086e-20 7.645e-20 5.239e-20 1.870e-20 1.821e-21 5.005e-22 1.291e-21 1.017e-20
 2.209e-20 1.581e-20 1.559e-21 0.000e+00 0.000e+00 0.000e+00 4.620e-21 2.045e-20 1.993e-20 5.515e-21
 6.588e-22 6.779e-21 2.275e-20 2.861e-20 1.783e-20 9.457e-21 7.133e-21 6.166e-21 1.009e-20 1.197e-20
 6.314e-21 1.071e-20 3.311e-20 3.874e-20 1.600e-20 5.544e-21 8.041e-21 1.080e-20 1.831e-20 2.543e-20
 3.188e-20 4.426e-20 6.508e-20 7.484e-20 6.567e-20 5.706e-20 5.104e-20 2.905e-20 7.054e-21 2.126e-21
 5.036e-22 8.335e-22 2.777e-21 4.204e-21 1.700e-20 3.495e-20 2.140e-20 7.848e-22 7.624e-22 2.225e-20
 7.339e-20 7.638e-20 2.924e-20 9.682e-21 7.806e-21 3.103e-21 1.121e-21 4.340e-21 9.390e-21 2.631e-20
 3.586e-20 1.945e-20 6.054e-21 2.666e-21 3.574e-21 7.750e-21 1.260e-20 1.877e-20 1.938e-20 1.935e-20
 2.470e-20 3.165e-20 5.611e-20 8.328e-20 7.796e-20 6.483e-20 6.381e-20 5.545e-20 4.302e-20 3.202e-20
 1.380e-20 1.098e-21 0.000e+00 1.979e-21 4.981e-21 3.331e-21 9.633e-21 2.730e-20 3.051e-20 2.471e-20
 2.995e-20 1.958e-20 1.600e-20 2.948e-20 2.351e-20 3.484e-20 5.021e-20 2.805e-20 5.428e-21 8.553e-22
 3.581e-21 1.008e-20 9.407e-21 4.473e-21 4.250e-21 7.012e-21 1.784e-20 2.102e-20 1.903e-20 2.307e-20
 2.359e-20 2.911e-20 4.263e-20 6.286e-20 6.880e-20 5.840e-20 5.716e-20 6.281e-20 6.597e-20 4.472e-20
 2.211e-20 3.260e-20 4.320e-20 4.802e-20 4.848e-20 2.552e-20 6.308e-21 5.001e-21 5.958e-21 7.013e-21
 1.304e-20 2.680e-20 2.533e-20 1.666e-20 4.949e-20 8.461e-20 5.551e-20 1.176e-20 4.079e-21 7.197e-21
 8.407e-21 9.344e-21 1.059e-20 8.689e-21 8.080e-21 1.324e-20 1.156e-20 1.813e-20 1.800e-20 1.543e-20
 2.734e-20 3.175e-20 6.097e-20 8.047e-20 6.433e-20 5.393e-20 4.986e-20 5.009e-20 5.578e-20 9.629e-20
 1.114e-19 6.079e-20 1.853e-20 1.047e-20 2.796e-20 4.727e-20 5.685e-20 3.850e-20 1.006e-20 9.789e-22
 2.138e-22 4.449e-21 5.739e-21 8.392e-21 9.610e-21 2.128e-20 3.230e-20 2.047e-20 9.071e-21 1.923e-20
 3.486e-20 2.887e-20 2.413e-20 2.111e-20 1.450e-20 1.796e-20 1.577e-20 1.158e-20 2.664e-20 3.378e-20
 3.599e-20 5.903e-20 6.095e-20 5.710e-20 7.158e-20 8.763e-20 7.306e-20 5.067e-20 6.241e-20 5.657e-20
 7.550e-20 1.038e-19 6.380e-20 1.874e-20 5.752e-21 3.372e-21 3.771e-21 2.461e-20 4.069e-20 2.080e-20
 3.062e-21 4.943e-21 5.837e-21 5.982e-21 9.149e-21 3.101e-20 5.622e-20 3.710e-20 9.881e-21 7.268e-21
 1.196e-20 1.215e-20 1.789e-20 2.713e-20 3.850e-20 6.102e-20 5.150e-20 2.042e-20 2.560e-20 6.856e-20
 8.896e-20 6.869e-20 4.486e-20 5.738e-20 9.377e-20 7.167e-20 5.242e-20 5.651e-20 4.150e-20 5.462e-20
 4.803e-20 4.687e-20 9.502e-20 9.117e-20 3.266e-20 5.888e-21 7.620e-21 8.131e-21 7.828e-21 5.331e-21
 1.029e-20 2.470e-20 2.983e-20 2.182e-20 2.651e-20 3.711e-20 2.905e-20 1.522e-20 1.072e-20 1.428e-20
 1.852e-20 1.707e-20 2.675e-20 6.012e-20 6.114e-20 3.040e-20 3.702e-20 6.392e-20 7.842e-20 8.006e-20
 5.477e-20 3.425e-20 3.664e-20 2.614e-20 3.683e-20 4.868e-20 3.718e-20 5.433e-20 5.035e-20 3.773e-20
 5.496e-20 4.230e-20 3.380e-20 7.403e-20 8.623e-20 4.223e-20 8.515e-21 3.326e-21 8.454e-21 9.890e-21
 6.182e-21 9.746e-21 3.900e-20 6.114e-20 4.258e-20 4.741e-20 6.848e-20 5.407e-20 3.108e-20 4.787e-20
 7.527e-20 5.073e-20 3.099e-20 3.039e-20 3.290e-20 6.512e-20 6.946e-20 3.010e-20 1.604e-20 3.159e-20
 2.357e-20 1.735e-20 4.582e-20 6.962e-20 7.788e-20 6.995e-20 4.388e-20 4.295e-20 5.659e-20 3.248e-20
 3.675e-20 6.707e-20 5.657e-20 6.959e-20 8.840e-20 6.317e-20 3.708e-20 2.098e-20 1.622e-20 5.166e-20
 8.609e-20 6.528e-20 4.776e-20 3.774e-20 1.650e-20 1.273e-20 1.022e-20 1.112e-20 2.158e-20 3.619e-20
 4.508e-20 5.441e-20 6.190e-20 3.704e-20 1.273e-20 2.335e-20 3.513e-20 2.294e-20 2.492e-20 4.081e-20
 2.792e-20 2.228e-20 4.136e-20 3.325e-20 2.581e-20 5.162e-20 5.568e-20 5.703e-20 6.910e-20 4.281e-20
 2.384e-20 6.354e-20 1.050e-19 1.017e-19 1.154e-19 1.290e-19 8.614e-20 5.674e-20 4.287e-20 1.650e-20
 1.048e-20 1.074e-20 1.109e-20 1.769e-20 2.004e-20 1.619e-20 1.798e-20 5.133e-20 7.083e-20 3.626e-20
 1.308e-20 2.719e-20 3.338e-20 1.700e-20 3.213e-20 7.560e-20 6.030e-20 2.109e-20 2.818e-20 3.341e-20
 1.465e-20 2.456e-20 4.817e-20 4.385e-20 7.273e-20 1.185e-19 8.683e-20 3.953e-20 6.064e-20 1.103e-19
 9.941e-20 6.969e-20 1.020e-19 9.232e-20 3.734e-20 4.135e-20 5.043e-20 2.625e-20 1.710e-20 3.105e-20
 2.948e-20 1.712e-20 3.274e-20 4.894e-20 2.752e-20 6.647e-21 1.589e-20 2.380e-20 1.478e-20 9.594e-21
 2.283e-20 3.230e-20 1.759e-20 9.600e-21 3.234e-20 5.720e-20 7.367e-20 8.722e-20 7.404e-20 4.446e-20
 3.950e-20 5.986e-20 7.426e-20 7.336e-20 6.731e-20 5.771e-20 3.187e-20 2.392e-20 5.970e-20 6.105e-20
 3.558e-20 5.915e-20 9.802e-20 8.878e-20 4.030e-20 1.871e-20 4.844e-20 7.938e-20 6.062e-20 1.982e-20
 1.515e-20 5.222e-20 6.693e-20 2.922e-20 8.206e-21 2.843e-20 6.538e-20 8.448e-20 6.089e-20 3.771e-20
 3.088e-20 1.732e-20 1.631e-20 3.553e-20 4.410e-20 3.923e-20 4.057e-20 4.624e-20 3.599e-20 1.782e-20
 2.959e-20 4.871e-20 2.727e-20 1.116e-20 4.368e-20 8.517e-20 8.048e-20 4.633e-20 6.025e-20 9.120e-20
 7.723e-20 6.436e-20 9.505e-20 1.121e-19 6.911e-20 3.549e-20 5.977e-20 1.041e-19 9.503e-20 4.962e-20
 2.819e-20 1.810e-20 1.306e-20 2.131e-20 4.543e-20 4.428e-20 3.626e-20 6.231e-20 6.508e-20 3.392e-20
 7.230e-21 9.567e-21 3.212e-20 3.790e-20 2.197e-20 2.094e-20 3.860e-20 3.639e-20 1.865e-20 2.502e-20
 4.613e-20 3.403e-20 1.188e-20 3.810e-20 9.315e-20 8.559e-20 5.719e-20 1.141e-19 1.531e-19 8.992e-20
 2.472e-20 2.952e-20 6.376e-20 8.487e-20 7.687e-20 4.214e-20 3.096e-20 5.277e-20 6.574e-20 4.500e-20
 1.599e-20 9.913e-21 2.100e-20 2.602e-20 1.886e-20 1.567e-20 2.709e-20 5.692e-20 5.358e-20 2.098e-20
 2.315e-20 3.739e-20 2.850e-20 8.898e-21 2.215e-20 5.541e-20 8.871e-20 1.118e-19 8.531e-20 5.564e-20
 4.003e-20 1.582e-20 1.760e-20 6.532e-20 9.616e-20 6.064e-20 2.353e-20 3.743e-20 8.760e-20 9.452e-20
 7.288e-20 7.481e-20 5.274e-20 4.811e-20 5.552e-20 5.920e-20 9.670e-20 9.310e-20 3.345e-20 3.990e-21
 1.836e-20 2.083e-20 9.266e-21 2.344e-21 1.772e-20 7.192e-20 9.727e-20 4.932e-20 2.694e-20 7.038e-20
 8.045e-20 5.334e-20 3.092e-20 2.822e-20 3.757e-20 2.368e-20 1.296e-20 3.264e-20 7.044e-20 7.292e-20
 4.748e-20 4.286e-20 5.907e-20 6.359e-20 2.655e-20 3.025e-21 1.119e-20 5.307e-20 9.759e-20 6.498e-20
 1.573e-20 2.163e-21 6.437e-21 4.295e-20 9.691e-20 1.204e-19 9.065e-20 3.948e-20 2.455e-20 2.766e-20
 3.311e-20 5.457e-20 5.446e-20 4.193e-20 2.465e-20 4.976e-21 3.642e-21 3.227e-20 7.583e-20 6.361e-20
 2.180e-20 1.479e-20 3.383e-20 3.715e-20 2.761e-20 5.933e-20 1.061e-19 9.728e-20 4.318e-20 1.771e-20
 1.974e-20 4.767e-20 1.049e-19 1.115e-19 7.738e-20 4.733e-20 3.438e-20 5.179e-20 4.894e-20 1.982e-20
 2.566e-20 5.638e-20 5.927e-20 5.123e-20 5.988e-20 6.889e-20 7.218e-20 6.235e-20 3.783e-20 1.404e-20
 1.534e-20 3.600e-20 3.305e-20 2.102e-20 2.039e-20 4.832e-20 7.356e-20 3.801e-20 6.926e-21 2.867e-20
 9.636e-20 1.177e-19 5.083e-20 9.614e-21 1.360e-20 4.042e-20 5.173e-20 3.242e-20 2.981e-20 4.446e-20
 7.267e-20 9.316e-20 6.939e-20 2.613e-20 8.083e-21 1.578e-20 6.211e-20 1.040e-19 7.286e-20 2.244e-20
 4.641e-21 1.328e-21 1.760e-20 6.221e-20 6.713e-20 2.328e-20 1.535e-20 7.023e-20 1.135e-19 7.951e-20
 2.900e-20 8.277e-21 7.420e-21 2.357e-20 3.936e-20 4.823e-20 4.390e-20 2.217e-20 3.061e-20 6.135e-20
 5.936e-20 7.475e-20 8.720e-20 5.663e-20 4.910e-20 4.880e-20 3.011e-20 1.269e-20 1.441e-20 4.793e-20
 5.971e-20 2.803e-20 7.420e-21 1.913e-20 6.255e-20 1.088e-19 1.075e-19 6.323e-20 1.983e-20 6.263e-21
 1.509e-20 4.252e-20 6.754e-20 5.961e-20 3.475e-20 2.633e-20 3.661e-20 2.948e-20 2.665e-20 4.881e-20
 5.736e-20 5.543e-20 5.164e-20 5.816e-20 6.419e-20 3.401e-20 2.084e-20 3.633e-20 2.982e-20 1.834e-20
 3.451e-20 8.399e-20 1.064e-19 6.576e-20 2.080e-20 9.268e-21 1.129e-20 1.431e-20 3.564e-20 3.918e-20
 1.272e-20 1.045e-20 2.401e-20 1.945e-20 1.065e-20 2.287e-20 4.683e-20 4.994e-20 4.505e-20 6.207e-20
 6.619e-20 7.222e-20 9.543e-20 9.257e-20 7.281e-20 3.487e-20 2.724e-20 6.018e-20 6.327e-20 4.841e-20
 3.554e-20 3.848e-20 3.602e-20 1.516e-20 2.455e-20 4.568e-20 3.044e-20 7.680e-21 7.428e-21 1.175e-20
 2.839e-20 4.481e-20 4.213e-20 3.291e-20 1.729e-20 2.622e-21 1.516e-20 6.049e-20 7.825e-20 6.200e-20
 4.141e-20 2.066e-20 4.054e-20 7.762e-20 8.809e-20 8.964e-20 8.417e-20 5.252e-20 1.460e-20 5.950e-21
 2.278e-20 4.417e-20 4.427e-20 2.449e-20 1.012e-20 8.890e-21 2.447e-20 4.918e-20 4.835e-20 2.184e-20
 1.083e-20 2.233e-20 4.265e-20 5.186e-20 4.419e-20 3.784e-20 3.366e-20 4.908e-20 8.353e-20 7.481e-20
 3.131e-20 2.345e-20 4.413e-20 5.308e-20 5.227e-20 6.982e-20 7.708e-20 3.937e-20 1.014e-20 7.218e-21
 1.199e-20 2.292e-20 2.848e-20 3.013e-20 2.903e-20 3.268e-20 3.628e-20 3.272e-20 3.233e-20 2.329e-20
 1.565e-20 2.605e-20 5.485e-20 8.976e-20 7.897e-20 3.398e-20 1.521e-20 1.458e-20 1.307e-20 2.917e-20
 4.884e-20 3.434e-20 1.041e-20 1.819e-20 3.412e-20 3.500e-20 5.796e-20 7.833e-20 4.392e-20 9.756e-21
 6.564e-21 1.783e-20 3.030e-20 2.847e-20 3.814e-20 4.432e-20 3.125e-20 4.977e-20 8.513e-20 8.634e-20
 5.503e-20 1.982e-20 1.147e-20 3.136e-20 4.994e-20 4.654e-20 4.391e-20 4.236e-20 2.394e-20 2.114e-20
 4.026e-20 4.537e-20 2.710e-20 9.266e-21 4.705e-21 1.521e-20 3.541e-20 4.605e-20 4.136e-20 2.913e-20
 2.903e-20 3.795e-20 3.055e-20 1.411e-20 2.482e-20 5.336e-20 5.944e-20 3.908e-20 1.982e-20 4.602e-20
 7.760e-20 5.254e-20 2.983e-20 5.943e-20 7.583e-20 3.605e-20 8.620e-22 0.000e+00 4.182e-21 7.967e-21
 1.299e-20 2.573e-20 3.147e-20 2.649e-20 2.641e-20 5.263e-20 6.442e-20 4.778e-20 4.614e-20 3.213e-20
 1.108e-20 2.360e-20 3.726e-20 2.131e-20 1.824e-20 3.905e-20 3.104e-20 6.092e-21 0.000e+00 6.898e-21
 2.364e-20 2.446e-20 2.776e-20 4.280e-20 3.209e-20 2.014e-20 1.887e-20 2.353e-20 4.834e-20 4.911e-20
 3.439e-20 3.802e-20 3.553e-20 2.315e-20 3.444e-20 6.074e-20 5.876e-20 5.510e-20 4.609e-20 1.579e-20
 4.860e-21 1.984e-20 3.458e-20 2.509e-20 1.606e-20 2.779e-20 5.043e-20 5.371e-20 2.304e-20 2.391e-21
 7.893e-21 3.284e-20 5.140e-20 3.544e-20 9.321e-21 5.240e-22 2.898e-21 7.352e-21 1.689e-20 3.528e-20
 5.174e-20 5.459e-20 5.837e-20 4.501e-20 1.584e-20 1.031e-20 1.865e-20 2.343e-20 1.932e-20 1.428e-20
 2.035e-20 2.688e-20 2.467e-20 3.049e-20 4.093e-20 2.928e-20 1.050e-20 6.582e-21 6.976e-21 1.654e-20
 4.790e-20 6.051e-20 3.541e-20 1.362e-20 1.472e-20 1.498e-20 2.551e-20 5.406e-20 4.350e-20 2.793e-20
 3.858e-20 3.405e-20 2.316e-20 2.034e-20 3.192e-20 3.631e-20 2.800e-20 3.000e-20 3.581e-20 2.740e-20
 7.238e-21 4.197e-21 1.420e-20 1.663e-20 6.691e-21 0.000e+00 0.000e+00 1.659e-21 1.272e-20 2.944e-20
 3.984e-20 4.548e-20 3.598e-20 1.551e-20 6.400e-21 3.482e-21 5.277e-21 2.315e-20 4.811e-20 5.769e-20
 4.570e-20 3.843e-20 4.135e-20 5.180e-20 4.816e-20 2.626e-20 3.951e-20 5.285e-20 3.156e-20 1.827e-20
 1.487e-20 8.340e-21 4.393e-21 6.182e-21 1.258e-20 3.397e-20 4.846e-20 3.320e-20 2.039e-20 1.977e-20
 1.579e-20 6.233e-21 1.585e-21 1.211e-20 1.875e-20 1.420e-20 2.291e-20 3.375e-20 3.187e-20 2.428e-20
 9.598e-21 8.177e-21 1.774e-20 1.331e-20 1.074e-20 2.024e-20 2.347e-20 3.004e-20 5.119e-20 4.957e-20
 2.526e-20 1.914e-20 2.011e-20 1.812e-20 2.144e-20 2.114e-20 2.662e-20 2.806e-20 1.398e-20 1.346e-20
 2.988e-20 2.868e-20 1.337e-20 3.042e-20 5.015e-20 2.873e-20 6.622e-21 2.884e-21 3.135e-21 1.507e-20
 2.762e-20 2.964e-20 4.006e-20 3.474e-20 1.450e-20 1.739e-20 2.385e-20 2.131e-20 1.584e-20 6.400e-21
 6.392e-21 1.761e-20 1.790e-20 1.335e-20 2.032e-20 2.660e-20 2.688e-20 2.338e-20 1.811e-20 1.771e-20
 2.374e-20 2.305e-20 1.537e-20 1.370e-20 1.924e-20 2.701e-20 2.558e-20 1.882e-20 1.833e-20 1.724e-20
 1.368e-20 1.771e-20 2.321e-20 1.790e-20 9.221e-21 7.345e-21 5.766e-21 1.330e-20 2.753e-20 2.594e-20
 2.744e-20 2.829e-20 2.318e-20 2.981e-20 2.740e-20 1.701e-20 2.179e-20 3.589e-20 3.458e-20 2.013e-20
 1.466e-20 1.760e-20 1.448e-20 2.712e-21 3.098e-21 1.299e-20 1.019e-20 1.145e-20 2.019e-20 1.398e-20
 6.513e-21 5.648e-21 6.933e-21 1.267e-20 2.088e-20 2.569e-20 2.574e-20 3.428e-20 4.179e-20 4.197e-20
 3.013e-20 8.647e-21 1.644e-21 5.183e-21 1.102e-20 1.631e-20 2.343e-20 2.036e-20 6.097e-21 5.016e-21
 7.444e-21 7.655e-21 1.512e-20 3.032e-20 3.639e-20 2.382e-20 1.332e-20 1.100e-20 9.560e-21 1.186e-20
 2.328e-20 3.318e-20 2.894e-20 2.290e-20 2.905e-20 3.106e-20 1.507e-20 2.221e-21 2.769e-21 1.328e-20
 2.336e-20 1.445e-20 4.208e-21 6.305e-21 5.339e-21 4.738e-21 1.416e-20 1.892e-20 1.085e-20 6.825e-21
 7.658e-21 4.962e-21 1.001e-20 2.415e-20 2.519e-20 1.175e-20 3.469e-21 4.233e-21 4.927e-21 8.240e-21
 2.417e-20 3.071e-20 1.969e-20 1.406e-20 1.912e-20 2.686e-20 2.165e-20 7.727e-21 1.578e-21 3.267e-21
 1.148e-20 2.134e-20 1.879e-20 1.486e-20 2.336e-20 1.983e-20 9.366e-21 1.357e-20 1.522e-20 9.753e-21
 5.042e-21 3.514e-21 1.070e-20 1.552e-20 2.150e-20 3.136e-20 2.765e-20 1.836e-20 1.140e-20 1.124e-20
 1.549e-20 1.581e-20 1.203e-20 6.636e-21 7.779e-21 1.015e-20 1.253e-20 1.083e-20 1.412e-20 2.842e-20
 2.739e-20 1.153e-20 0.000e+00 0.000e+00 3.296e-21 1.443e-20 1.655e-20 1.206e-20 2.205e-20 2.398e-20
 1.723e-20 1.183e-20 1.786e-21 0.000e+00 0.000e+00 9.235e-21 1.934e-20 2.095e-20 1.444e-20 9.706e-21
 1.649e-20 2.275e-20 2.549e-20 2.447e-20 1.105e-20 8.320e-22 0.000e+00 0.000e+00 0.000e+00 9.638e-22
 5.367e-21 8.989e-21 1.604e-20 1.802e-20 1.384e-20 1.141e-20 7.069e-21 5.003e-21 5.196e-21 3.851e-21
 4.286e-21 7.956e-21 7.450e-21 2.704e-21 1.328e-20 3.105e-20 2.947e-20 1.381e-20 3.908e-21 1.021e-20
 1.745e-20 1.132e-20 5.790e-21 4.338e-21 9.131e-21 1.998e-20 2.257e-20 1.591e-20 8.219e-21 7.732e-21
 8.717e-21 5.562e-21 2.792e-21 3.894e-21 6.546e-21 1.131e-20 2.149e-20 2.394e-20 2.113e-20 1.924e-20
 1.328e-20 6.376e-21 1.023e-21 0.000e+00 3.436e-21 1.164e-20 1.327e-20 1.061e-20 8.349e-21 8.093e-21
 1.688e-20 2.267e-20 1.851e-20 9.759e-21 4.409e-21 5.431e-21 6.844e-21 9.224e-21 9.855e-21 5.836e-21
 7.121e-21 1.370e-20 1.252e-20 5.015e-21 1.306e-21 1.170e-21 2.934e-21 1.206e-20 1.876e-20 1.544e-20
 9.897e-21 5.339e-21 5.250e-21 7.582e-21 1.051e-20 1.070e-20 7.841e-21 5.963e-21 7.014e-21 1.632e-20
 2.257e-20 1.590e-20 9.235e-21 8.649e-21 9.818e-21 1.618e-20 1.725e-20 8.452e-21 7.871e-21 1.191e-20
 9.177e-21 5.194e-21 6.389e-21 7.913e-21 6.382e-21 5.041e-21 8.546e-21 1.274e-20 1.114e-20 1.194e-20
 1.318e-20 1.014e-20 5.440e-21 5.326e-22 2.718e-21 1.131e-20 1.320e-20 8.887e-21 9.269e-21 1.112e-20
 1.050e-20 7.715e-21 3.722e-21 3.277e-21 9.915e-21 1.345e-20 6.324e-21 6.690e-22 0.000e+00 1.636e-21
 9.918e-21 1.430e-20 1.431e-20 1.461e-20 1.240e-20 8.461e-21 6.692e-21 7.299e-21 7.256e-21 2.010e-21
 1.977e-21 9.948e-21 1.451e-20 1.466e-20 9.170e-21 1.695e-21 0.000e+00 9.262e-22 1.646e-21 3.783e-21
 9.018e-21 1.217e-20 1.178e-20 8.276e-21 6.129e-22 0.000e+00 9.151e-21 9.450e-21 2.101e-21 0.000e+00
 0.000e+00 0.000e+00 0.000e+00 1.781e-21 1.243e-20 1.600e-20 8.593e-21 5.155e-21 3.631e-21 1.697e-21
 3.971e-21 9.233e-21 1.537e-20 1.242e-20 4.156e-21 3.178e-21 2.825e-21 1.429e-21 3.183e-21 5.195e-21
 4.531e-21 1.307e-21 0.000e+00 7.886e-22 3.907e-21 5.959e-21 1.087e-20 1.447e-20 8.786e-21 4.745e-21
 7.323e-21 8.689e-21 6.956e-21 5.340e-21 7.064e-21 6.635e-21 0.000e+00 0.000e+00 0.000e+00 1.071e-22
 7.251e-21 7.486e-21 0.000e+00 0.000e+00 1.971e-22 2.317e-21 3.680e-21 9.315e-21 1.443e-20 1.075e-20
 4.227e-21 4.022e-21 5.302e-21 1.794e-21 2.285e-22 5.193e-21 4.424e-21 0.000e+00 0.000e+00 0.000e+00
 0.000e+00 3.689e-21 2.808e-21 0.000e+00 0.000e+00 0.000e+00 1.109e-21 4.473e-21 9.720e-21 1.452e-20
 1.193e-20 8.097e-21 9.359e-21 9.965e-21 8.212e-21 6.650e-21 5.833e-21 6.424e-21 7.777e-21 7.186e-21
 1.326e-21 0.000e+00 0.000e+00 6.936e-21 9.389e-21 5.290e-21 5.723e-21 9.938e-21 1.155e-20 6.935e-21
 2.434e-21 2.423e-21 4.584e-21 7.847e-21 5.433e-21 1.849e-21 1.586e-21 7.184e-22 0.000e+00 0.000e+00
 2.041e-21 3.827e-21 4.148e-21 2.272e-21 7.382e-22 2.015e-21 5.364e-21 6.576e-21 7.649e-21 8.849e-21
 1.542e-21 0.000e+00 0.000e+00 3.008e-21 4.506e-21 1.996e-21 0.000e+00 1.658e-21 3.501e-21 2.313e-21
 3.395e-21 4.815e-21 5.855e-21 8.151e-21 9.097e-21 6.951e-21 3.595e-21 3.634e-21 7.124e-21 1.157e-20
 7.725e-21 0.000e+00 0.000e+00 0.000e+00 1.143e-21 3.469e-23 0.000e+00 0.000e+00 0.000e+00 1.312e-21
 5.460e-21 3.705e-21 1.320e-21 5.493e-21 1.046e-20 1.043e-20 5.652e-21 1.301e-21 1.170e-21 1.144e-21
 1.532e-21 4.663e-21 6.026e-21 4.166e-21 3.897e-21 7.243e-21 9.126e-21 5.408e-21 7.963e-22 1.259e-21
 3.866e-21 5.559e-21 7.641e-21 5.662e-21 0.000e+00 0.000e+00 6.302e-22 5.211e-21 4.915e-21 4.189e-21
 7.172e-21 9.579e-21 1.070e-20 9.426e-21 4.346e-21 6.393e-22 1.219e-21 3.398e-21 3.546e-21 0.000e+00
 0.000e+00 0.000e+00 0.000e+00 0.000e+00 0.000e+00 3.650e-21 6.184e-21 7.092e-21 4.041e-21 0.000e+00
 0.000e+00 0.000e+00 5.182e-21 7.927e-21 5.418e-21 4.427e-21 4.047e-21 1.009e-21 0.000e+00 0.000e+00
 2.848e-22 2.160e-21 4.092e-21 4.055e-21 3.604e-21 5.215e-21 8.641e-21 7.351e-21 3.252e-21 2.028e-21
 3.351e-22 0.000e+00 0.000e+00 7.889e-22 0.000e+00 0.000e+00 0.000e+00 0.000e+00 0.000e+00 0.000e+00
 0.000e+00 2.033e-21 5.073e-21 4.537e-21 4.832e-21 4.270e-21 2.170e-21 2.266e-21 2.648e-21 1.447e-21
 1.258e-21 2.311e-21 8.004e-22 0.000e+00 0.000e+00 0.000e+00 1.579e-21 3.722e-21 1.939e-21 7.945e-22
 0.000e+00 0.000e+00 0.000e+00 0.000e+00 2.412e-23 0.000e+00 0.000e+00 3.808e-21 8.836e-21 8.789e-21
 6.233e-21 5.884e-21 7.086e-21 6.118e-21 1.052e-21 0.000e+00 2.025e-21 5.068e-21 3.352e-21 2.054e-21
 5.267e-21 6.821e-21 4.920e-21 2.797e-21 3.160e-21 5.382e-21 5.959e-21 3.272e-21 0.000e+00 0.000e+00
 0.000e+00 1.540e-21 2.257e-21 6.494e-22 1.200e-21 3.481e-21 2.975e-21 0.000e+00 0.000e+00 0.000e+00
 4.449e-22 9.645e-22 0.000e+00 0.000e+00 0.000e+00 0.000e+00 0.000e+00 0.000e+00 0.000e+00 0.000e+00
 0.000e+00 0.000e+00 0.000e+00 2.241e-21 4.681e-21 3.168e-21 2.551e-21 3.861e-21 6.710e-21 6.605e-21
 4.192e-21 5.182e-21 7.339e-21 6.901e-21 4.084e-21 3.002e-21 2.224e-21 2.000e-21 4.400e-21 2.956e-21
 0.000e+00 0.000e+00 2.403e-21 2.861e-21 6.753e-22 0.000e+00 0.000e+00 3.527e-21 7.253e-21 7.640e-21
 4.329e-21 3.846e-22 1.005e-21 4.124e-21 3.691e-21 3.126e-21 2.947e-21 2.362e-21 4.036e-21 4.763e-21
 5.031e-21 4.043e-21 0.000e+00 0.000e+00 0.000e+00 6.453e-21 8.342e-21 4.689e-21 3.305e-21 3.917e-21
 2.377e-21 0.000e+00 0.000e+00 0.000e+00 0.000e+00 0.000e+00 3.229e-21 3.093e-21 2.965e-22 0.000e+00
 0.000e+00 0.000e+00 4.653e-22 3.864e-21 2.820e-21 3.593e-22 1.619e-21 3.772e-21 2.839e-21 2.490e-21
 4.086e-21 6.337e-21 5.737e-21 3.243e-22 0.000e+00 9.412e-22 2.249e-21 2.169e-21 0.000e+00 0.000e+00
 0.000e+00 0.000e+00 0.000e+00 0.000e+00 0.000e+00 0.000e+00 0.000e+00 0.000e+00 3.030e-21 5.057e-21
 3.625e-21 5.025e-22 0.000e+00 0.000e+00 0.000e+00 0.000e+00 0.000e+00 4.981e-23 0.000e+00 0.000e+00
 0.000e+00 2.953e-21 4.468e-21 4.648e-21 4.079e-21 1.349e-21 0.000e+00 3.645e-22 0.000e+00 0.000e+00
 1.185e-21 7.530e-22 0.000e+00 6.132e-22 9.552e-22 1.329e-21 4.793e-21 7.382e-21 5.635e-21 2.908e-21
 2.334e-21 1.482e-21 2.442e-21 6.277e-21 6.325e-21 2.389e-21 0.000e+00 0.000e+00 4.718e-22 0.000e+00
 0.000e+00 3.538e-21 6.730e-21 2.931e-21 1.884e-21 3.105e-21 2.675e-21 1.461e-21 0.000e+00 0.000e+00
 4.975e-22 0.000e+00 0.000e+00 0.000e+00 0.000e+00 3.943e-22 0.000e+00 0.000e+00 0.000e+00 2.031e-21
 4.484e-21 4.642e-21 2.484e-21 5.352e-22 2.157e-21 6.132e-21 6.357e-21 1.938e-21 8.162e-22 4.825e-21
 5.290e-21 2.738e-21 2.793e-21 3.270e-21 1.948e-21 9.389e-22 1.713e-21 9.750e-22 0.000e+00 0.000e+00
 1.313e-21 1.958e-21 2.601e-21 2.321e-21 9.292e-22 1.089e-21 2.052e-21 4.192e-21 4.616e-21 1.342e-21
 0.000e+00 0.000e+00 1.373e-21 1.305e-21 6.589e-22 0.000e+00 1.072e-21 3.173e-21 1.844e-21 0.000e+00
 0.000e+00 0.000e+00 0.000e+00 0.000e+00 0.000e+00 0.000e+00 2.133e-21 2.856e-21 3.659e-21 5.629e-21
 2.020e-21 0.000e+00 0.000e+00 0.000e+00 0.000e+00 3.331e-21 3.572e-21 2.196e-21 6.593e-22 3.491e-21
 6.273e-21 7.434e-21 7.119e-21 4.651e-21 3.929e-21 2.695e-21 2.832e-22 0.000e+00 1.474e-21 3.043e-21
 2.425e-22 0.000e+00 1.775e-21 1.756e-21 0.000e+00 0.000e+00 0.000e+00 1.559e-21 3.001e-21 0.000e+00
 0.000e+00 0.000e+00 0.000e+00 2.806e-22 1.406e-22 0.000e+00 0.000e+00 0.000e+00 0.000e+00 0.000e+00
 0.000e+00 3.679e-22 0.000e+00 0.000e+00 0.000e+00 1.409e-21 3.963e-21 5.200e-21 5.121e-21 3.055e-21
 2.066e-21 2.410e-21 2.570e-21 1.495e-21 0.000e+00 0.000e+00 0.000e+00 0.000e+00 0.000e+00 6.433e-22
 0.000e+00 0.000e+00 0.000e+00 0.000e+00 6.505e-22 3.935e-21 2.409e-21 8.206e-22 7.368e-22 0.000e+00
 0.000e+00 0.000e+00 0.000e+00 0.000e+00 0.000e+00 1.682e-21 4.415e-21 4.431e-21 1.135e-21 0.000e+00
 2.990e-21 6.856e-21 4.842e-21 2.660e-21 8.787e-22 0.000e+00 0.000e+00 0.000e+00 1.509e-21 2.294e-21
 0.000e+00 1.238e-22 3.011e-21 2.801e-21 6.567e-22 0.000e+00 0.000e+00 0.000e+00 7.128e-22 1.630e-22
 0.000e+00 0.000e+00 0.000e+00 0.000e+00 0.000e+00 0.000e+00 0.000e+00 1.157e-21 2.202e-21 1.153e-21
 0.000e+00 0.000e+00 0.000e+00 4.498e-22 0.000e+00 8.276e-22 2.646e-21 9.971e-22 0.000e+00 0.000e+00
 2.863e-21 2.723e-21 3.944e-22 5.126e-22 2.467e-21 0.000e+00 0.000e+00 2.000e-21 2.026e-21 0.000e+00
 0.000e+00 0.000e+00 0.000e+00 0.000e+00 0.000e+00 0.000e+00 0.000e+00 2.137e-22 2.773e-21 3.665e-21
 2.512e-21 0.000e+00 0.000e+00 0.000e+00 0.000e+00 0.000e+00 0.000e+00 0.000e+00 1.144e-21 1.474e-21
 0.000e+00 0.000e+00 0.000e+00 1.701e-22 2.582e-21 8.158e-22 0.000e+00 0.000e+00 0.000e+00 0.000e+00
 2.163e-21 2.548e-21 0.000e+00 0.000e+00 3.651e-21 3.438e-21 8.906e-22 1.774e-21 4.073e-21 3.239e-21
 6.946e-22 0.000e+00 1.020e-21 2.013e-21 1.520e-21 0.000e+00 0.000e+00 0.000e+00 0.000e+00 0.000e+00
 0.000e+00 0.000e+00 2.784e-23 2.176e-21 1.496e-21 9.704e-22 7.913e-22 0.000e+00 0.000e+00 0.000e+00
 0.000e+00 0.000e+00 2.311e-21 3.765e-21 2.233e-21 0.000e+00 0.000e+00 0.000e+00 0.000e+00 0.000e+00
 2.166e-21 4.572e-21 4.308e-21 2.404e-21 4.660e-22 0.000e+00 0.000e+00 0.000e+00 0.000e+00 0.000e+00
 6.336e-22 1.643e-21 1.592e-21 2.692e-21 1.903e-21 0.000e+00 1.891e-22 2.108e-21 0.000e+00 0.000e+00
 0.000e+00 4.665e-21 6.813e-21 4.110e-21 2.045e-21 1.001e-21 1.298e-21 2.901e-21 2.305e-21 0.000e+00
 0.000e+00 0.000e+00 3.473e-21 3.330e-21 0.000e+00 0.000e+00 0.000e+00 0.000e+00 1.090e-24 7.867e-22
 0.000e+00 0.000e+00 0.000e+00 0.000e+00 0.000e+00 0.000e+00 0.000e+00 0.000e+00 0.000e+00 8.820e-22
 2.744e-21 2.806e-21 9.333e-22 1.270e-21 2.635e-21 3.195e-21 5.145e-21 4.237e-21 6.473e-22 5.435e-22
 0.000e+00 0.000e+00 0.000e+00 0.000e+00 0.000e+00 1.042e-21 0.000e+00 0.000e+00 0.000e+00 0.000e+00
 2.302e-21 2.555e-21 0.000e+00 0.000e+00 0.000e+00 0.000e+00 0.000e+00 0.000e+00 0.000e+00 2.514e-21
 4.702e-21 2.030e-22 0.000e+00 0.000e+00 0.000e+00 0.000e+00 0.000e+00 0.000e+00 0.000e+00 1.571e-21
 1.339e-21 0.000e+00 0.000e+00 2.338e-21 0.000e+00 0.000e+00 0.000e+00 0.000e+00 1.013e-21 0.000e+00
 0.000e+00 0.000e+00 2.113e-21 3.749e-21 2.195e-21 0.000e+00 0.000e+00 0.000e+00 0.000e+00 0.000e+00
 0.000e+00 9.319e-22 3.096e-21 1.632e-21 0.000e+00 0.000e+00 0.000e+00 7.559e-22 7.479e-23 0.000e+00
 0.000e+00 2.376e-21 1.223e-21 0.000e+00 0.000e+00 0.000e+00 0.000e+00 1.016e-21 1.249e-21 1.315e-21
 1.975e-21 8.333e-22 0.000e+00 2.355e-22 6.359e-22 0.000e+00 0.000e+00 3.080e-22 2.023e-21 2.215e-21
 2.477e-21 2.608e-21 1.295e-21 1.846e-22 0.000e+00
