     CH2F2 1385.0000 1475.0000      5975      203.      0.00  2.94E-19    HFC-32    HITRAN
 5.554e-21 8.312e-21 5.763e-21 3.238e-21 4.282e-21 6.798e-21 5.995e-21 2.016e-21 1.027e-22 1.160e-22
 1.064e-21 2.548e-21 9.667e-22 0.000e+00 0.000e+00 0.000e+00 0.000e+00 0.000e+00 0.000e+00 0.000e+00
 0.000e+00 0.000e+00 0.000e+00 0.000e+00 0.000e+00 0.000e+00 0.000e+00 0.000e+00 0.000e+00 0.000e+00
 0.000e+00 0.000e+00 0.000e+00 0.000e+00 2.130e-22 0.000e+00 0.000e+00 0.000e+00 1.495e-21 9.753e-23
 7.834e-22 3.608e-21 4.098e-21 4.447e-21 5.195e-21 4.893e-21 2.324e-21 0.000e+00 0.000e+00 1.689e-21
 4.310e-21 1.427e-21 0.000e+00 1.905e-21 5.824e-22 0.000e+00 0.000e+00 0.000e+00 0.000e+00 0.000e+00
 0.000e+00 0.000e+00 0.000e+00 0.000e+00 0.000e+00 0.000e+00 0.000e+00 0.000e+00 0.000e+00 0.000e+00
 1.794e-22 0.000e+00 0.000e+00 9.305e-22 1.533e-21 4.903e-22 8.309e-23 5.296e-23 0.000e+00 0.000e+00
 0.000e+00 2.477e-21 3.846e-21 2.408e-21 0.000e+00 0.000e+00 2.046e-21 6.448e-21 7.690e-21 4.867e-21
 2.439e-21 6.650e-22 0.000e+00 0.000e+00 0.000e+00 0.000e+00 0.000e+00 8.682e-22 0.000e+00 0.000e+00
 0.000e+00 0.000e+00 0.000e+00 0.000e+00 0.000e+00 0.000e+00 0.000e+00 0.000e+00 0.000e+00 0.000e+00
 0.000e+00 0.000e+00 0.000e+00 4.071e-22 1.373e-21 1.055e-21 0.000e+00 0.000e+00 2.590e-21 1.860e-21
 0.000e+00 0.000e+00 0.000e+00 4.440e-21 5.986e-21 7.171e-21 7.846e-21 5.914e-21 4.555e-21 5.353e-21
 4.805e-21 3.835e-21 2.785e-21 0.000e+00 0.000e+00 1.125e-21 2.191e-21 9.969e-22 0.000e+00 0.000e+00
 0.000e+00 0.000e+00 0.000e+00 0.000e+00 1.225e-21 2.045e-21 1.122e-21 0.000e+00 0.000e+00 0.000e+00
 0.000e+00 0.000e+00 0.000e+00 2.476e-22 1.398e-21 0.000e+00 0.000e+00 0.000e+00 0.000e+00 1.166e-21
 2.091e-21 5.112e-21 6.847e-21 4.951e-21 5.824e-21 6.786e-21 6.308e-21 7.314e-21 7.079e-21 6.733e-21
 5.756e-21 5.410e-22 0.000e+00 0.000e+00 0.000e+00 0.000e+00 0.000e+00 0.000e+00 0.000e+00 0.000e+00
 0.000e+00 0.000e+00 0.000e+00 0.000e+00 0.000e+00 0.000e+00 0.000e+00 0.000e+00 0.000e+00 0.000e+00
 0.000e+00 0.000e+00 0.000e+00 0.000e+00 0.000e+00 0.000e+00 0.000e+00 0.000e+00 0.000e+00 1.812e-21
 4.252e-21 4.276e-21 5.289e-21 7.322e-21 6.158e-21 3.981e-21 1.325e-21 0.000e+00 8.398e-22 4.775e-21
 7.097e-21 6.065e-21 6.540e-21 7.810e-21 4.197e-21 1.539e-21 8.027e-22 0.000e+00 0.000e+00 0.000e+00
 0.000e+00 0.000e+00 5.855e-22 0.000e+00 0.000e+00 0.000e+00 0.000e+00 0.000e+00 0.000e+00 0.000e+00
 2.635e-21 4.348e-21 2.418e-21 0.000e+00 0.000e+00 0.000e+00 0.000e+00 0.000e+00 0.000e+00 0.000e+00
 2.413e-21 6.770e-21 7.104e-21 7.033e-21 5.430e-21 2.076e-21 1.399e-21 4.503e-21 6.315e-21 6.985e-21
 6.746e-21 5.244e-21 3.244e-21 6.331e-22 7.058e-22 3.155e-21 4.125e-21 1.723e-21 5.543e-22 3.741e-22
 0.000e+00 0.000e+00 0.000e+00 0.000e+00 0.000e+00 0.000e+00 0.000e+00 0.000e+00 0.000e+00 0.000e+00
 3.341e-21 2.808e-21 8.741e-22 0.000e+00 0.000e+00 0.000e+00 0.000e+00 0.000e+00 0.000e+00 3.900e-23
 2.091e-21 5.535e-21 6.385e-21 4.109e-21 0.000e+00 0.000e+00 2.264e-21 4.277e-21 6.743e-21 6.252e-21
 9.160e-22 0.000e+00 6.675e-22 4.272e-21 4.691e-21 4.816e-21 5.855e-21 4.685e-21 1.377e-21 0.000e+00
 0.000e+00 7.769e-22 4.351e-21 3.947e-21 2.522e-21 8.093e-22 0.000e+00 0.000e+00 0.000e+00 0.000e+00
 0.000e+00 1.081e-21 1.303e-21 0.000e+00 0.000e+00 0.000e+00 0.000e+00 0.000e+00 0.000e+00 0.000e+00
 0.000e+00 0.000e+00 2.294e-21 1.024e-21 0.000e+00 0.000e+00 1.335e-21 1.215e-21 1.459e-21 2.693e-21
 0.000e+00 0.000e+00 0.000e+00 6.097e-22 6.890e-21 7.560e-21 2.075e-21 0.000e+00 6.456e-23 2.391e-21
 0.000e+00 0.000e+00 0.000e+00 0.000e+00 0.000e+00 0.000e+00 0.000e+00 0.000e+00 0.000e+00 0.000e+00
 0.000e+00 0.000e+00 1.375e-22 2.907e-21 3.603e-21 4.117e-22 0.000e+00 0.000e+00 0.000e+00 0.000e+00
 1.673e-21 2.419e-21 8.798e-22 0.000e+00 0.000e+00 1.106e-21 4.603e-21 6.578e-21 6.426e-21 6.967e-21
 9.697e-21 9.268e-21 4.418e-21 2.536e-23 2.126e-22 1.804e-21 4.067e-21 6.590e-21 4.449e-21 5.762e-22
 0.000e+00 0.000e+00 0.000e+00 1.766e-21 3.418e-21 8.861e-22 0.000e+00 0.000e+00 0.000e+00 0.000e+00
 0.000e+00 0.000e+00 0.000e+00 9.865e-22 0.000e+00 0.000e+00 0.000e+00 0.000e+00 0.000e+00 0.000e+00
 0.000e+00 0.000e+00 0.000e+00 0.000e+00 2.481e-21 3.112e-21 6.868e-22 2.162e-21 4.985e-21 4.515e-21
 3.856e-21 1.955e-21 2.263e-22 1.424e-21 3.911e-21 5.618e-21 4.989e-21 3.219e-21 3.683e-21 3.416e-21
 3.046e-22 2.651e-22 2.105e-21 3.999e-21 6.453e-21 6.763e-21 3.482e-21 0.000e+00 0.000e+00 0.000e+00
 9.274e-23 0.000e+00 0.000e+00 0.000e+00 0.000e+00 0.000e+00 0.000e+00 0.000e+00 0.000e+00 0.000e+00
 0.000e+00 0.000e+00 0.000e+00 1.269e-21 2.898e-21 3.470e-21 4.468e-21 4.567e-21 1.482e-21 0.000e+00
 1.447e-21 6.176e-21 6.761e-21 5.438e-21 4.879e-21 5.895e-21 4.157e-21 1.510e-21 2.866e-21 3.102e-21
 2.369e-21 1.127e-21 0.000e+00 0.000e+00 0.000e+00 0.000e+00 0.000e+00 0.000e+00 0.000e+00 0.000e+00
 0.000e+00 0.000e+00 0.000e+00 0.000e+00 0.000e+00 0.000e+00 0.000e+00 0.000e+00 0.000e+00 0.000e+00
 0.000e+00 1.543e-21 3.441e-21 2.100e-21 3.778e-21 7.797e-21 5.791e-21 5.843e-21 9.719e-21 8.919e-21
 3.457e-21 1.068e-21 4.341e-21 7.309e-21 8.397e-21 7.450e-21 5.078e-21 1.536e-21 0.000e+00 0.000e+00
 7.658e-22 1.551e-21 6.632e-22 0.000e+00 0.000e+00 4.912e-22 0.000e+00 0.000e+00 0.000e+00 0.000e+00
 0.000e+00 0.000e+00 0.000e+00 0.000e+00 0.000e+00 0.000e+00 0.000e+00 0.000e+00 0.000e+00 0.000e+00
 0.000e+00 0.000e+00 8.942e-22 5.176e-21 8.777e-21 1.015e-20 7.494e-21 5.173e-21 4.977e-21 3.556e-21
 1.779e-21 2.189e-21 4.337e-21 5.427e-21 6.794e-21 7.296e-21 3.369e-21 0.000e+00 0.000e+00 0.000e+00
 8.237e-22 0.000e+00 0.000e+00 0.000e+00 0.000e+00 0.000e+00 0.000e+00 0.000e+00 0.000e+00 0.000e+00
 0.000e+00 0.000e+00 0.000e+00 0.000e+00 0.000e+00 0.000e+00 7.210e-22 0.000e+00 0.000e+00 0.000e+00
 0.000e+00 0.000e+00 0.000e+00 3.476e-21 4.862e-21 0.000e+00 0.000e+00 4.778e-21 8.515e-21 9.189e-21
 9.058e-21 7.300e-21 5.095e-21 5.614e-21 7.884e-21 8.050e-21 4.218e-21 8.756e-22 0.000e+00 0.000e+00
 0.000e+00 0.000e+00 0.000e+00 0.000e+00 0.000e+00 0.000e+00 0.000e+00 0.000e+00 0.000e+00 0.000e+00
 0.000e+00 3.354e-21 3.238e-21 2.369e-21 4.261e-22 0.000e+00 0.000e+00 0.000e+00 0.000e+00 0.000e+00
 2.611e-21 2.063e-21 1.461e-22 1.683e-21 2.212e-21 1.893e-21 4.522e-21 6.127e-21 4.861e-21 3.596e-21
 6.705e-21 1.122e-20 1.133e-20 1.151e-20 1.104e-20 5.267e-21 2.346e-21 3.002e-21 2.257e-21 3.640e-21
 6.535e-21 4.385e-21 0.000e+00 0.000e+00 0.000e+00 0.000e+00 0.000e+00 0.000e+00 0.000e+00 0.000e+00
 0.000e+00 0.000e+00 0.000e+00 0.000e+00 0.000e+00 0.000e+00 3.935e-22 1.310e-21 0.000e+00 0.000e+00
 3.244e-22 1.818e-21 0.000e+00 0.000e+00 0.000e+00 0.000e+00 1.370e-21 7.181e-21 1.046e-20 8.882e-21
 4.084e-21 1.768e-21 6.102e-21 9.682e-21 7.662e-21 5.254e-21 5.496e-21 3.654e-21 0.000e+00 1.994e-21
 8.099e-21 7.427e-21 1.380e-21 0.000e+00 0.000e+00 0.000e+00 0.000e+00 0.000e+00 0.000e+00 0.000e+00
 0.000e+00 0.000e+00 0.000e+00 0.000e+00 0.000e+00 0.000e+00 0.000e+00 0.000e+00 0.000e+00 0.000e+00
 0.000e+00 0.000e+00 9.205e-22 3.769e-21 4.758e-21 3.240e-21 2.558e-21 4.066e-21 3.711e-21 2.551e-21
 3.830e-21 3.800e-21 2.674e-21 3.827e-21 6.397e-21 8.045e-21 8.333e-21 8.783e-21 7.413e-21 6.096e-21
 5.109e-21 2.020e-21 2.112e-22 0.000e+00 0.000e+00 0.000e+00 0.000e+00 1.064e-21 1.518e-22 0.000e+00
 0.000e+00 0.000e+00 0.000e+00 7.500e-22 1.750e-21 2.129e-21 0.000e+00 0.000e+00 0.000e+00 1.134e-21
 1.453e-21 2.473e-22 0.000e+00 0.000e+00 0.000e+00 2.128e-21 5.003e-21 3.975e-21 4.317e-22 2.050e-22
 2.641e-21 5.655e-21 8.201e-21 9.218e-21 7.153e-21 4.342e-21 1.709e-21 3.964e-22 2.014e-21 2.572e-21
 7.837e-22 1.924e-22 2.282e-21 1.848e-21 0.000e+00 7.768e-22 0.000e+00 0.000e+00 0.000e+00 0.000e+00
 0.000e+00 0.000e+00 0.000e+00 0.000e+00 0.000e+00 0.000e+00 0.000e+00 0.000e+00 0.000e+00 5.462e-22
 0.000e+00 0.000e+00 0.000e+00 0.000e+00 0.000e+00 3.866e-21 4.244e-21 7.441e-22 9.974e-22 5.581e-21
 7.409e-21 6.328e-21 5.666e-21 4.525e-21 4.974e-21 6.895e-21 7.981e-21 6.441e-21 3.389e-21 4.118e-22
 0.000e+00 0.000e+00 0.000e+00 1.149e-21 0.000e+00 0.000e+00 0.000e+00 0.000e+00 0.000e+00 1.227e-21
 0.000e+00 0.000e+00 0.000e+00 0.000e+00 3.776e-22 2.525e-22 1.298e-21 4.011e-21 1.824e-21 7.793e-22
 2.517e-21 3.916e-21 3.756e-21 1.412e-21 0.000e+00 4.562e-22 5.711e-22 0.000e+00 3.056e-21 8.746e-21
 7.280e-21 2.194e-21 7.716e-22 4.595e-21 7.809e-21 5.587e-21 4.938e-21 7.750e-21 6.538e-21 5.095e-21
 5.503e-21 3.414e-21 2.973e-21 7.246e-21 1.007e-20 6.124e-21 6.740e-22 0.000e+00 0.000e+00 1.493e-22
 0.000e+00 0.000e+00 1.423e-21 9.271e-22 0.000e+00 0.000e+00 0.000e+00 0.000e+00 0.000e+00 0.000e+00
 0.000e+00 1.552e-21 0.000e+00 0.000e+00 2.620e-21 5.069e-21 2.200e-21 0.000e+00 0.000e+00 9.871e-22
 3.336e-21 6.443e-21 9.177e-21 1.084e-20 1.135e-20 7.779e-21 1.513e-21 0.000e+00 1.448e-21 3.529e-21
 1.928e-21 3.039e-22 2.345e-21 3.773e-21 1.022e-21 0.000e+00 0.000e+00 0.000e+00 0.000e+00 0.000e+00
 5.658e-22 0.000e+00 0.000e+00 0.000e+00 0.000e+00 0.000e+00 0.000e+00 0.000e+00 0.000e+00 0.000e+00
 0.000e+00 0.000e+00 2.633e-21 2.601e-21 2.407e-21 1.962e-21 2.180e-21 4.174e-21 3.252e-21 2.307e-21
 4.215e-21 8.045e-21 1.260e-20 1.381e-20 9.735e-21 3.894e-21 1.704e-21 2.463e-21 3.924e-21 3.848e-21
 3.047e-21 3.603e-21 2.983e-21 2.537e-21 3.840e-21 3.720e-21 1.953e-21 1.354e-21 1.304e-21 1.233e-22
 0.000e+00 0.000e+00 0.000e+00 6.335e-22 3.125e-21 2.161e-21 0.000e+00 0.000e+00 0.000e+00 0.000e+00
 0.000e+00 0.000e+00 2.186e-21 1.399e-22 0.000e+00 5.002e-22 2.058e-21 5.811e-22 0.000e+00 6.517e-23
 2.058e-21 5.286e-21 6.388e-21 5.664e-21 5.564e-21 6.876e-21 8.978e-21 9.985e-21 8.859e-21 6.474e-21
 3.458e-21 3.587e-21 5.939e-21 4.971e-21 3.462e-21 3.126e-21 2.542e-21 4.788e-21 4.925e-21 1.783e-22
 0.000e+00 0.000e+00 0.000e+00 0.000e+00 0.000e+00 0.000e+00 0.000e+00 0.000e+00 0.000e+00 0.000e+00
 0.000e+00 0.000e+00 0.000e+00 0.000e+00 0.000e+00 0.000e+00 0.000e+00 3.863e-22 0.000e+00 0.000e+00
 3.044e-21 7.711e-21 9.680e-21 8.678e-21 6.087e-21 9.291e-21 1.308e-20 1.019e-20 8.323e-21 9.542e-21
 9.045e-21 7.913e-21 9.404e-21 6.885e-21 2.775e-22 0.000e+00 1.034e-21 1.165e-21 0.000e+00 0.000e+00
 0.000e+00 0.000e+00 0.000e+00 0.000e+00 0.000e+00 0.000e+00 0.000e+00 0.000e+00 0.000e+00 0.000e+00
 2.942e-21 3.527e-21 0.000e+00 0.000e+00 0.000e+00 0.000e+00 2.322e-21 4.498e-21 4.643e-21 3.234e-21
 3.087e-21 6.603e-21 1.031e-20 9.782e-21 8.873e-21 7.798e-21 4.163e-21 1.991e-21 3.294e-21 2.883e-21
 9.090e-22 3.909e-21 7.337e-21 4.845e-21 0.000e+00 0.000e+00 0.000e+00 1.244e-22 1.361e-21 6.909e-22
 0.000e+00 0.000e+00 0.000e+00 0.000e+00 0.000e+00 9.765e-22 0.000e+00 0.000e+00 0.000e+00 0.000e+00
 0.000e+00 0.000e+00 0.000e+00 0.000e+00 0.000e+00 0.000e+00 0.000e+00 2.016e-21 6.030e-21 8.464e-21
 8.119e-21 6.762e-21 6.943e-21 8.799e-21 6.396e-21 1.137e-21 0.000e+00 7.373e-22 2.752e-21 5.827e-21
 3.657e-21 0.000e+00 8.694e-22 4.009e-21 4.850e-21 5.901e-21 6.791e-21 5.353e-21 1.534e-21 3.107e-23
 1.052e-21 4.654e-21 6.286e-21 3.890e-22 0.000e+00 0.000e+00 0.000e+00 0.000e+00 0.000e+00 0.000e+00
 4.787e-22 1.680e-21 0.000e+00 0.000e+00 8.863e-22 7.779e-22 1.792e-21 3.037e-21 2.408e-21 2.605e-21
 5.851e-21 7.822e-21 6.302e-21 5.995e-21 5.155e-21 4.281e-21 7.257e-21 1.148e-20 1.196e-20 7.980e-21
 5.474e-21 6.530e-21 6.369e-21 6.447e-21 7.729e-21 6.613e-21 4.862e-21 1.364e-21 0.000e+00 0.000e+00
 0.000e+00 2.503e-21 4.863e-22 0.000e+00 0.000e+00 5.814e-22 2.382e-21 0.000e+00 0.000e+00 0.000e+00
 0.000e+00 0.000e+00 0.000e+00 0.000e+00 0.000e+00 0.000e+00 0.000e+00 0.000e+00 0.000e+00 2.372e-21
 7.139e-21 1.107e-20 6.734e-21 6.391e-21 9.795e-21 7.305e-21 2.674e-21 7.321e-22 2.143e-21 3.464e-21
 2.467e-21 3.481e-21 7.568e-21 8.128e-21 6.051e-21 4.425e-21 2.034e-21 0.000e+00 0.000e+00 0.000e+00
 0.000e+00 1.702e-21 4.101e-21 0.000e+00 0.000e+00 0.000e+00 0.000e+00 0.000e+00 0.000e+00 0.000e+00
 0.000e+00 1.228e-23 1.087e-21 0.000e+00 0.000e+00 0.000e+00 0.000e+00 0.000e+00 2.332e-21 3.561e-21
 2.285e-21 1.034e-21 2.693e-21 7.185e-21 1.152e-20 9.226e-21 4.317e-21 3.554e-21 3.428e-21 1.849e-21
 2.069e-21 3.328e-21 3.546e-21 6.315e-21 8.836e-21 7.191e-21 6.136e-21 6.042e-21 4.479e-21 6.259e-21
 7.973e-21 2.403e-21 0.000e+00 0.000e+00 0.000e+00 0.000e+00 2.371e-21 0.000e+00 0.000e+00 0.000e+00
 0.000e+00 0.000e+00 0.000e+00 0.000e+00 0.000e+00 0.000e+00 0.000e+00 0.000e+00 1.973e-21 1.768e-21
 5.950e-21 7.170e-21 4.498e-21 5.433e-21 8.767e-21 1.278e-20 1.231e-20 9.215e-21 8.528e-21 6.253e-21
 4.670e-21 5.821e-21 6.334e-21 9.238e-21 1.179e-20 6.445e-21 0.000e+00 1.477e-21 4.770e-21 3.650e-21
 2.617e-21 3.014e-21 1.181e-21 0.000e+00 0.000e+00 0.000e+00 0.000e+00 1.234e-21 0.000e+00 0.000e+00
 0.000e+00 0.000e+00 0.000e+00 0.000e+00 0.000e+00 0.000e+00 2.630e-21 4.877e-21 1.043e-20 1.132e-20
 6.175e-21 5.482e-21 8.861e-21 8.511e-21 4.156e-22 0.000e+00 4.470e-21 8.679e-21 8.173e-21 9.642e-21
 1.377e-20 1.526e-20 1.256e-20 8.612e-21 9.372e-21 9.895e-21 8.389e-21 9.699e-21 5.566e-21 1.881e-21
 4.425e-21 4.939e-21 5.038e-21 3.400e-21 1.408e-21 2.231e-21 1.302e-21 0.000e+00 0.000e+00 0.000e+00
 0.000e+00 0.000e+00 0.000e+00 0.000e+00 0.000e+00 0.000e+00 0.000e+00 0.000e+00 6.371e-22 6.828e-23
 1.693e-21 3.935e-21 5.931e-21 6.734e-21 5.322e-21 5.573e-21 7.487e-21 7.607e-21 5.744e-21 6.884e-21
 1.237e-20 1.518e-20 1.024e-20 2.422e-21 0.000e+00 1.667e-21 8.950e-21 1.561e-20 9.319e-21 0.000e+00
 0.000e+00 0.000e+00 0.000e+00 3.367e-21 2.725e-21 0.000e+00 0.000e+00 0.000e+00 0.000e+00 0.000e+00
 0.000e+00 0.000e+00 0.000e+00 0.000e+00 4.925e-21 9.477e-21 3.379e-21 1.007e-22 6.745e-22 0.000e+00
 3.385e-23 0.000e+00 0.000e+00 0.000e+00 0.000e+00 6.752e-22 7.059e-21 9.407e-21 6.347e-21 4.815e-21
 3.874e-21 4.557e-21 6.963e-21 1.120e-20 1.685e-20 1.690e-20 1.094e-20 5.263e-21 4.862e-21 4.580e-21
 3.406e-21 4.258e-21 3.832e-21 2.598e-21 2.336e-21 1.056e-21 0.000e+00 0.000e+00 0.000e+00 0.000e+00
 0.000e+00 3.333e-23 1.018e-21 1.074e-21 4.104e-21 5.842e-21 2.652e-21 3.271e-21 4.890e-21 3.383e-21
 1.511e-21 1.874e-21 2.252e-21 2.210e-21 4.839e-21 9.981e-21 1.310e-20 1.106e-20 1.149e-20 1.453e-20
 1.537e-20 2.048e-20 2.214e-20 1.084e-20 1.775e-21 2.717e-21 5.143e-21 5.055e-21 6.085e-21 7.877e-21
 4.652e-21 1.250e-21 2.459e-21 4.689e-21 3.212e-21 0.000e+00 0.000e+00 0.000e+00 1.360e-21 7.239e-21
 9.753e-21 2.141e-21 0.000e+00 0.000e+00 0.000e+00 0.000e+00 0.000e+00 0.000e+00 0.000e+00 0.000e+00
 0.000e+00 6.154e-21 7.175e-21 5.732e-21 6.978e-21 9.114e-21 1.312e-20 1.449e-20 1.169e-20 9.750e-21
 6.895e-21 7.964e-21 1.748e-20 2.081e-20 1.728e-20 1.293e-20 9.127e-21 1.034e-20 8.030e-21 1.166e-21
 0.000e+00 0.000e+00 0.000e+00 0.000e+00 0.000e+00 0.000e+00 0.000e+00 4.797e-21 1.213e-20 7.888e-21
 0.000e+00 5.546e-22 7.496e-22 0.000e+00 0.000e+00 0.000e+00 0.000e+00 0.000e+00 0.000e+00 0.000e+00
 6.372e-22 0.000e+00 6.931e-22 8.370e-22 4.910e-21 1.677e-20 2.249e-20 1.906e-20 1.601e-20 1.056e-20
 3.422e-21 3.918e-21 7.184e-21 8.696e-21 5.914e-21 3.336e-21 3.181e-21 1.962e-21 3.073e-21 7.403e-21
 1.286e-20 1.094e-20 2.668e-21 0.000e+00 0.000e+00 0.000e+00 7.048e-21 1.069e-20 1.341e-20 2.326e-20
 2.337e-20 1.084e-20 1.217e-21 0.000e+00 0.000e+00 0.000e+00 2.959e-21 9.487e-22 0.000e+00 0.000e+00
 2.392e-21 1.573e-21 0.000e+00 5.663e-21 2.229e-20 2.518e-20 1.511e-20 1.096e-20 1.075e-20 7.438e-21
 5.501e-21 1.285e-20 1.595e-20 1.163e-20 1.070e-20 9.172e-21 7.334e-21 8.121e-21 9.127e-21 8.559e-21
 9.719e-21 1.409e-20 1.169e-20 4.101e-21 5.906e-21 8.399e-21 1.255e-21 0.000e+00 0.000e+00 0.000e+00
 0.000e+00 2.638e-21 2.914e-21 0.000e+00 0.000e+00 1.000e-21 2.722e-21 4.472e-21 6.527e-21 2.736e-21
 1.036e-21 3.799e-21 7.015e-21 1.115e-20 6.332e-21 4.037e-21 1.785e-20 2.246e-20 1.811e-20 1.965e-20
 1.534e-20 9.808e-21 7.686e-21 8.000e-21 9.598e-21 1.016e-20 1.124e-20 7.827e-21 2.316e-21 5.902e-21
 1.953e-20 1.789e-20 3.949e-21 3.605e-21 1.169e-20 1.548e-20 9.680e-21 1.721e-21 0.000e+00 0.000e+00
 0.000e+00 0.000e+00 0.000e+00 0.000e+00 0.000e+00 1.006e-20 1.197e-20 3.539e-21 0.000e+00 0.000e+00
 0.000e+00 0.000e+00 6.434e-21 9.581e-21 4.833e-21 6.034e-22 1.796e-21 1.280e-20 2.341e-20 2.156e-20
 1.439e-20 7.186e-21 4.478e-21 1.204e-20 2.011e-20 1.636e-20 1.175e-20 1.663e-20 1.724e-20 9.395e-21
 6.560e-21 9.262e-21 1.623e-20 2.335e-20 1.504e-20 6.028e-22 0.000e+00 0.000e+00 0.000e+00 1.356e-21
 0.000e+00 0.000e+00 1.311e-21 3.140e-21 1.739e-21 1.420e-20 2.506e-20 1.141e-20 0.000e+00 0.000e+00
 0.000e+00 4.704e-21 8.282e-21 3.030e-21 0.000e+00 0.000e+00 4.414e-23 5.699e-21 1.562e-20 1.611e-20
 1.741e-20 1.957e-20 1.433e-20 1.336e-20 1.219e-20 5.714e-21 4.617e-21 7.839e-21 1.207e-20 1.835e-20
 1.801e-20 8.646e-21 3.122e-21 4.370e-21 5.418e-21 6.022e-21 7.669e-21 9.180e-21 8.442e-21 5.512e-21
 6.173e-21 5.967e-21 0.000e+00 0.000e+00 0.000e+00 0.000e+00 0.000e+00 0.000e+00 7.067e-21 2.341e-20
 3.180e-20 2.021e-20 3.909e-21 0.000e+00 0.000e+00 1.039e-20 1.716e-20 1.153e-20 6.928e-21 6.841e-21
 1.788e-20 3.209e-20 2.862e-20 2.212e-20 1.923e-20 1.274e-20 9.685e-21 9.289e-21 1.319e-20 1.699e-20
 1.279e-20 6.957e-21 9.401e-21 1.515e-20 1.861e-20 1.718e-20 2.362e-21 0.000e+00 0.000e+00 7.506e-21
 1.738e-20 1.034e-20 5.795e-21 9.653e-21 1.006e-20 8.075e-21 1.204e-20 1.599e-20 7.664e-21 0.000e+00
 0.000e+00 0.000e+00 0.000e+00 5.437e-21 8.354e-21 5.202e-21 7.298e-21 1.093e-20 1.393e-20 1.259e-20
 8.874e-21 9.810e-21 1.796e-20 2.438e-20 3.254e-20 4.417e-20 3.163e-20 1.215e-20 1.293e-20 1.534e-20
 9.090e-21 3.070e-21 6.521e-22 6.038e-22 1.097e-20 3.235e-20 3.600e-20 1.438e-20 1.376e-21 3.805e-21
 8.157e-21 4.567e-21 0.000e+00 0.000e+00 0.000e+00 9.803e-21 1.666e-20 7.620e-21 9.397e-21 1.430e-20
 1.224e-20 7.606e-21 1.029e-21 0.000e+00 5.025e-21 1.473e-20 2.053e-20 2.301e-20 1.846e-20 8.886e-21
 8.995e-21 1.117e-20 9.452e-21 9.791e-21 1.542e-20 2.953e-20 3.957e-20 3.473e-20 2.088e-20 8.464e-21
 3.193e-21 1.474e-21 6.521e-22 9.804e-21 2.216e-20 1.483e-20 4.448e-22 0.000e+00 4.460e-22 9.617e-21
 3.723e-20 3.943e-20 9.492e-21 0.000e+00 0.000e+00 0.000e+00 3.431e-22 0.000e+00 0.000e+00 1.204e-20
 3.165e-20 2.721e-20 1.139e-20 5.090e-21 3.656e-21 6.378e-21 1.778e-20 1.897e-20 1.047e-20 1.661e-20
 3.098e-20 4.090e-20 3.323e-20 1.648e-20 1.481e-20 3.039e-20 4.139e-20 3.482e-20 2.846e-20 2.205e-20
 1.370e-20 1.031e-20 1.054e-20 1.119e-20 1.157e-20 1.502e-20 1.795e-20 1.674e-20 7.621e-21 1.590e-21
 1.876e-21 0.000e+00 5.908e-21 1.226e-20 4.893e-21 0.000e+00 0.000e+00 0.000e+00 0.000e+00 0.000e+00
 0.000e+00 6.680e-21 9.897e-21 5.868e-21 6.946e-21 2.775e-20 3.811e-20 2.268e-20 1.007e-20 8.082e-21
 7.751e-21 1.269e-20 2.503e-20 3.934e-20 4.636e-20 3.125e-20 2.171e-20 2.819e-20 1.823e-20 7.920e-21
 1.303e-20 2.982e-20 3.518e-20 1.848e-20 2.062e-20 3.629e-20 3.640e-20 2.975e-20 2.534e-20 1.292e-20
 0.000e+00 0.000e+00 2.192e-21 1.466e-20 1.677e-20 3.572e-21 0.000e+00 5.266e-21 1.404e-20 4.453e-21
 3.896e-21 2.035e-20 2.229e-20 9.276e-21 3.189e-21 1.181e-21 1.326e-21 8.836e-21 1.155e-20 6.094e-21
 1.249e-21 1.579e-21 8.742e-21 1.719e-20 1.276e-20 8.013e-21 9.105e-21 1.152e-20 1.977e-20 3.181e-20
 4.930e-20 3.948e-20 2.152e-20 2.429e-20 1.821e-20 9.101e-21 2.023e-20 5.810e-20 6.050e-20 1.854e-20
 1.575e-21 1.451e-20 2.443e-20 1.992e-20 2.613e-20 3.402e-20 3.251e-20 3.164e-20 3.891e-20 3.967e-20
 1.251e-20 1.335e-21 1.084e-20 9.147e-21 2.401e-21 2.664e-21 7.604e-21 1.258e-20 1.880e-20 1.885e-20
 1.339e-20 7.746e-21 9.978e-21 1.112e-20 7.233e-21 9.254e-21 8.819e-21 7.561e-21 1.289e-20 1.727e-20
 1.270e-20 8.102e-21 7.768e-21 1.314e-20 1.933e-20 1.242e-20 1.450e-21 0.000e+00 5.861e-23 1.170e-20
 1.165e-20 1.305e-21 0.000e+00 1.879e-20 5.556e-20 4.817e-20 9.303e-21 6.050e-21 1.963e-20 2.209e-20
 3.471e-20 5.228e-20 4.366e-20 2.093e-20 1.089e-20 2.894e-20 5.128e-20 3.444e-20 3.311e-20 5.588e-20
 4.619e-20 2.903e-20 2.084e-20 1.171e-20 6.496e-21 5.215e-21 1.152e-20 4.204e-20 6.299e-20 3.602e-20
 9.934e-21 7.683e-21 9.395e-21 1.171e-20 1.074e-20 6.552e-21 1.069e-21 0.000e+00 1.960e-22 6.281e-21
 1.290e-20 6.101e-21 0.000e+00 0.000e+00 0.000e+00 9.236e-21 8.207e-21 6.409e-22 0.000e+00 5.832e-21
 1.247e-20 6.379e-21 0.000e+00 1.462e-21 1.722e-20 2.325e-20 1.026e-20 1.952e-20 6.669e-20 7.004e-20
 2.294e-20 1.291e-20 4.935e-20 7.599e-20 5.429e-20 3.927e-20 4.895e-20 5.209e-20 6.225e-20 7.600e-20
 7.742e-20 4.981e-20 2.331e-20 1.736e-20 1.307e-20 1.737e-20 2.717e-20 2.900e-20 1.892e-20 1.124e-20
 6.221e-21 2.313e-21 2.948e-22 0.000e+00 4.067e-21 9.535e-21 5.173e-21 0.000e+00 0.000e+00 0.000e+00
 6.554e-22 4.798e-21 0.000e+00 0.000e+00 0.000e+00 8.211e-21 1.600e-20 9.846e-21 4.853e-21 8.752e-21
 1.858e-20 1.893e-20 1.034e-20 8.877e-21 2.124e-20 2.911e-20 1.991e-20 1.716e-20 2.780e-20 2.867e-20
 2.000e-20 5.181e-20 9.434e-20 6.162e-20 2.874e-20 7.142e-20 8.831e-20 4.760e-20 5.042e-20 7.530e-20
 5.923e-20 4.236e-20 2.788e-20 1.672e-20 3.011e-20 3.992e-20 3.345e-20 1.372e-20 0.000e+00 0.000e+00
 0.000e+00 1.081e-21 0.000e+00 0.000e+00 0.000e+00 4.504e-21 1.073e-20 6.613e-21 3.023e-21 3.456e-21
 5.883e-21 1.249e-20 1.460e-20 1.040e-20 6.080e-21 9.566e-21 2.335e-20 2.281e-20 1.231e-20 1.388e-20
 2.236e-20 2.675e-20 1.584e-20 9.665e-21 2.102e-20 3.367e-20 2.500e-20 1.050e-20 2.152e-20 2.926e-20
 1.643e-20 1.549e-20 3.622e-20 3.503e-20 5.567e-20 1.009e-19 8.664e-20 8.527e-20 1.129e-19 1.063e-19
 6.562e-20 3.426e-20 3.999e-20 3.256e-20 2.453e-20 2.356e-20 1.031e-20 2.330e-21 0.000e+00 0.000e+00
 2.928e-21 1.477e-20 2.081e-20 1.618e-20 1.108e-20 9.517e-21 1.545e-20 1.644e-20 1.184e-20 1.204e-20
 1.515e-20 2.273e-20 2.533e-20 1.280e-20 1.842e-21 1.601e-21 1.544e-20 2.178e-20 9.029e-21 4.149e-21
 1.455e-20 2.429e-20 1.219e-20 2.905e-22 1.239e-20 2.679e-20 1.682e-20 5.403e-21 2.320e-20 3.314e-20
 1.634e-20 1.801e-20 3.600e-20 2.434e-20 2.815e-20 4.319e-20 4.341e-20 1.003e-19 1.622e-19 1.521e-19
 1.135e-19 9.232e-20 8.170e-20 5.821e-20 2.703e-20 1.083e-20 1.333e-20 1.040e-20 7.960e-21 1.208e-20
 1.378e-20 1.642e-20 1.869e-20 1.499e-20 1.165e-20 1.384e-20 1.512e-20 1.959e-20 1.444e-20 2.381e-21
 0.000e+00 3.358e-21 1.409e-20 8.817e-21 0.000e+00 0.000e+00 7.474e-21 1.465e-20 3.961e-21 0.000e+00
 6.447e-21 1.771e-20 8.395e-21 1.409e-22 1.409e-20 2.706e-20 1.403e-20 6.645e-21 2.778e-20 3.287e-20
 2.275e-20 3.825e-20 4.383e-20 3.483e-20 5.219e-20 5.473e-20 6.058e-20 7.530e-20 9.642e-20 1.968e-19
 2.421e-19 1.427e-19 4.638e-20 1.112e-20 3.485e-21 5.300e-21 1.388e-20 2.037e-20 1.557e-20 5.931e-21
 2.347e-21 4.242e-21 7.629e-21 6.239e-21 0.000e+00 0.000e+00 3.858e-22 8.677e-21 1.101e-20 6.030e-22
 0.000e+00 1.721e-23 1.006e-20 8.772e-21 0.000e+00 0.000e+00 1.382e-20 2.331e-20 9.626e-21 2.147e-21
 1.581e-20 2.896e-20 1.877e-20 1.266e-20 3.134e-20 3.474e-20 1.915e-20 2.719e-20 4.531e-20 3.233e-20
 3.847e-20 6.153e-20 5.339e-20 5.670e-20 6.230e-20 6.011e-20 7.681e-20 9.279e-20 1.170e-19 1.571e-19
 1.741e-19 1.481e-19 8.802e-20 2.606e-20 8.895e-22 2.436e-21 3.149e-21 3.596e-21 3.783e-21 0.000e+00
 0.000e+00 0.000e+00 0.000e+00 4.215e-21 1.186e-21 0.000e+00 1.415e-21 1.176e-20 1.394e-20 7.917e-21
 4.285e-21 7.573e-21 1.556e-20 1.629e-20 1.208e-20 1.319e-20 2.334e-20 2.982e-20 2.244e-20 1.899e-20
 3.051e-20 3.345e-20 2.235e-20 3.152e-20 5.012e-20 3.710e-20 2.345e-20 4.207e-20 3.995e-20 2.807e-20
 4.510e-20 4.548e-20 4.957e-20 6.569e-20 6.505e-20 8.517e-20 1.146e-19 1.277e-19 1.098e-19 7.591e-20
 7.736e-20 7.157e-20 7.124e-20 8.803e-20 4.872e-20 8.515e-21 1.971e-21 8.993e-22 4.131e-21 7.807e-22
 0.000e+00 1.574e-21 8.790e-21 1.316e-20 9.371e-21 7.563e-21 8.563e-21 1.508e-20 1.703e-20 1.053e-20
 6.976e-21 1.608e-20 2.507e-20 1.777e-20 1.030e-20 2.017e-20 3.016e-20 2.134e-20 1.271e-20 2.506e-20
 3.625e-20 2.135e-20 1.365e-20 3.219e-20 3.255e-20 1.836e-20 3.524e-20 4.083e-20 2.634e-20 4.593e-20
 5.431e-20 5.165e-20 6.605e-20 8.142e-20 1.334e-19 1.705e-19 1.362e-19 7.713e-20 3.817e-20 5.680e-20
 8.637e-20 5.356e-20 2.409e-20 6.969e-20 9.839e-20 5.074e-20 1.221e-20 1.123e-20 1.652e-20 1.603e-20
 1.174e-20 1.078e-20 1.547e-20 1.824e-20 8.976e-21 2.940e-21 9.432e-21 1.906e-20 1.587e-20 2.288e-21
 2.317e-22 1.180e-20 1.502e-20 4.710e-21 9.093e-21 2.423e-20 2.305e-20 7.098e-21 8.973e-21 2.278e-20
 1.071e-20 0.000e+00 1.900e-20 2.837e-20 1.662e-20 3.506e-20 4.199e-20 2.924e-20 4.800e-20 5.322e-20
 5.819e-20 8.130e-20 1.185e-19 1.695e-19 1.536e-19 9.326e-20 6.936e-20 5.226e-20 5.618e-20 9.500e-20
 8.016e-20 2.840e-20 1.158e-20 4.843e-20 1.073e-19 8.937e-20 3.149e-20 1.434e-20 1.174e-20 8.505e-21
 1.433e-21 0.000e+00 4.826e-21 5.035e-21 8.918e-22 2.151e-21 1.231e-20 1.438e-20 7.034e-21 3.432e-21
 1.000e-20 1.396e-20 6.646e-21 3.701e-21 1.129e-20 1.368e-20 2.433e-21 6.377e-21 2.441e-20 2.172e-20
 1.376e-20 3.348e-20 3.752e-20 2.274e-20 4.153e-20 4.557e-20 4.644e-20 6.644e-20 6.783e-20 8.355e-20
 1.444e-19 2.281e-19 2.043e-19 8.705e-20 4.317e-20 4.152e-20 4.442e-20 7.336e-20 8.250e-20 5.801e-20
 2.376e-20 4.931e-21 2.956e-21 3.801e-20 9.555e-20 7.539e-20 1.769e-20 6.115e-21 4.021e-21 0.000e+00
 0.000e+00 1.591e-21 3.870e-21 0.000e+00 4.340e-21 1.215e-20 1.294e-20 3.982e-21 2.775e-21 1.309e-20
 1.495e-20 4.986e-21 5.689e-21 1.927e-20 1.804e-20 7.325e-21 2.031e-20 3.618e-20 2.482e-20 2.645e-20
 4.662e-20 3.935e-20 3.769e-20 5.132e-20 4.096e-20 5.292e-20 7.053e-20 8.124e-20 1.348e-19 1.840e-19
 1.733e-19 1.107e-19 7.552e-20 6.955e-20 5.198e-20 4.744e-20 5.335e-20 6.294e-20 4.271e-20 8.351e-21
 0.000e+00 0.000e+00 4.923e-21 5.928e-20 9.669e-20 4.759e-20 3.364e-21 0.000e+00 0.000e+00 0.000e+00
 3.631e-21 8.576e-21 7.398e-21 8.028e-21 1.192e-20 1.424e-20 1.145e-20 1.392e-20 2.477e-20 2.495e-20
 1.669e-20 1.775e-20 3.030e-20 2.430e-20 1.934e-20 3.367e-20 3.428e-20 2.347e-20 3.599e-20 4.136e-20
 2.974e-20 4.985e-20 5.177e-20 5.024e-20 6.803e-20 9.765e-20 1.773e-19 2.217e-19 1.924e-19 1.205e-19
 5.751e-20 5.055e-20 6.561e-20 6.127e-20 3.285e-20 3.636e-20 3.691e-20 1.129e-20 6.039e-23 0.000e+00
 0.000e+00 1.375e-20 6.994e-20 1.077e-19 5.991e-20 1.193e-20 1.321e-21 4.649e-22 3.726e-21 1.098e-20
 1.475e-20 1.300e-20 1.159e-20 1.456e-20 1.315e-20 8.012e-21 1.284e-20 1.975e-20 1.410e-20 1.022e-20
 2.609e-20 2.901e-20 1.609e-20 2.235e-20 3.149e-20 2.021e-20 2.497e-20 3.929e-20 2.970e-20 3.914e-20
 4.438e-20 4.599e-20 7.722e-20 1.042e-19 1.310e-19 1.544e-19 1.642e-19 1.321e-19 9.306e-20 9.017e-20
 6.199e-20 2.117e-20 2.450e-20 6.163e-20 5.714e-20 1.507e-20 2.378e-21 4.025e-21 4.821e-21 4.296e-21
 2.957e-20 9.586e-20 1.091e-19 4.532e-20 9.302e-21 8.666e-21 7.328e-21 1.265e-20 1.435e-20 1.144e-20
 6.478e-21 8.206e-21 1.020e-20 5.140e-21 5.453e-21 1.364e-20 1.336e-20 5.628e-21 1.391e-20 1.647e-20
 6.934e-21 1.072e-20 2.133e-20 1.530e-20 2.201e-20 3.432e-20 2.176e-20 3.305e-20 3.841e-20 5.662e-20
 1.192e-19 1.391e-19 1.439e-19 1.877e-19 1.935e-19 1.434e-19 1.234e-19 9.304e-20 3.230e-20 1.356e-20
 2.732e-20 4.037e-20 2.539e-20 7.678e-21 7.722e-21 7.337e-21 7.504e-21 6.901e-21 2.713e-20 8.555e-20
 1.036e-19 4.732e-20 1.224e-20 9.307e-21 6.354e-21 4.890e-21 6.358e-21 6.116e-21 0.000e+00 3.902e-21
 5.885e-21 4.135e-21 4.432e-21 6.928e-21 8.744e-22 0.000e+00 6.585e-21 1.400e-20 8.266e-21 1.374e-20
 2.287e-20 1.176e-20 2.288e-20 2.997e-20 2.040e-20 3.745e-20 4.946e-20 8.360e-20 1.111e-19 1.026e-19
 1.315e-19 1.856e-19 2.025e-19 1.725e-19 1.068e-19 3.914e-20 1.538e-20 3.311e-20 6.520e-20 5.272e-20
 1.548e-20 5.462e-21 9.977e-23 0.000e+00 0.000e+00 1.599e-21 3.267e-20 8.680e-20 8.991e-20 3.364e-20
 8.730e-22 0.000e+00 0.000e+00 0.000e+00 0.000e+00 0.000e+00 0.000e+00 0.000e+00 0.000e+00 0.000e+00
 2.393e-21 1.195e-20 4.325e-21 1.636e-22 1.097e-20 1.419e-20 1.095e-20 2.220e-20 2.339e-20 1.928e-20
 3.141e-20 2.801e-20 3.701e-20 5.380e-20 9.089e-20 1.344e-19 1.165e-19 1.105e-19 1.965e-19 2.839e-19
 2.157e-19 8.707e-20 2.757e-20 5.782e-21 1.672e-20 3.846e-20 3.399e-20 1.225e-20 3.289e-21 0.000e+00
 0.000e+00 2.330e-21 1.111e-20 4.835e-20 8.401e-20 7.389e-20 3.496e-20 5.847e-21 0.000e+00 0.000e+00
 0.000e+00 0.000e+00 0.000e+00 0.000e+00 0.000e+00 2.089e-21 9.887e-21 1.199e-20 1.193e-20 1.031e-20
 1.013e-20 1.301e-20 1.756e-20 1.815e-20 2.132e-20 2.679e-20 2.198e-20 3.484e-20 3.959e-20 3.795e-20
 4.955e-20 6.725e-20 1.006e-19 1.038e-19 1.100e-19 1.675e-19 2.171e-19 1.935e-19 1.156e-19 4.337e-20
 8.339e-21 3.036e-20 6.271e-20 4.270e-20 4.637e-21 0.000e+00 0.000e+00 0.000e+00 0.000e+00 1.130e-20
 3.425e-20 5.299e-20 6.975e-20 5.007e-20 1.282e-20 1.638e-21 9.511e-22 1.489e-21 3.589e-21 3.203e-21
 2.585e-21 4.857e-21 5.006e-21 3.707e-21 1.607e-21 3.538e-22 0.000e+00 1.098e-21 4.210e-21 5.713e-21
 5.384e-21 9.891e-21 1.939e-20 1.286e-20 1.745e-20 2.135e-20 2.465e-20 3.660e-20 5.607e-20 1.051e-19
 1.377e-19 1.546e-19 1.679e-19 1.949e-19 1.915e-19 9.862e-20 2.152e-20 7.403e-21 2.853e-20 3.237e-20
 6.619e-21 0.000e+00 0.000e+00 1.340e-21 4.529e-21 2.249e-20 6.278e-20 6.484e-20 4.403e-20 4.175e-20
 2.381e-20 7.014e-21 8.510e-21 1.025e-20 9.647e-21 7.201e-21 9.066e-21 8.425e-21 7.486e-21 9.807e-21
 1.147e-20 6.803e-21 1.987e-21 3.280e-21 1.908e-21 2.411e-22 3.252e-22 1.350e-21 5.205e-21 8.671e-21
 7.192e-21 9.846e-21 1.068e-20 1.763e-20 2.948e-20 3.944e-20 8.690e-20 1.292e-19 1.172e-19 1.177e-19
 1.661e-19 1.741e-19 9.611e-20 2.986e-20 4.058e-20 5.985e-20 2.835e-20 2.737e-21 5.553e-22 0.000e+00
 4.685e-21 2.389e-20 4.511e-20 3.275e-20 4.053e-20 6.577e-20 3.983e-20 6.670e-21 0.000e+00 2.075e-21
 7.512e-21 9.670e-21 5.816e-21 6.118e-21 1.127e-20 1.156e-20 7.812e-21 3.750e-21 0.000e+00 0.000e+00
 0.000e+00 0.000e+00 0.000e+00 0.000e+00 8.679e-22 1.181e-22 0.000e+00 3.359e-21 4.794e-21 5.326e-21
 1.732e-20 2.772e-20 5.917e-20 1.376e-19 1.661e-19 1.245e-19 1.330e-19 1.828e-19 1.448e-19 5.403e-20
 3.300e-20 4.024e-20 2.246e-20 8.287e-21 7.474e-21 9.113e-21 3.402e-20 7.133e-20 5.248e-20 1.615e-20
 2.766e-20 4.365e-20 2.681e-20 9.580e-21 6.099e-21 1.765e-21 6.953e-22 9.715e-22 1.661e-21 2.985e-21
 2.122e-21 0.000e+00 0.000e+00 0.000e+00 0.000e+00 0.000e+00 0.000e+00 0.000e+00 0.000e+00 0.000e+00
 0.000e+00 0.000e+00 0.000e+00 0.000e+00 0.000e+00 3.983e-21 6.988e-21 1.207e-20 3.737e-20 6.887e-20
 8.389e-20 1.016e-19 1.161e-19 1.454e-19 1.496e-19 8.674e-20 5.924e-20 5.781e-20 2.419e-20 6.576e-21
 6.461e-21 2.309e-20 4.338e-20 3.353e-20 1.701e-20 2.736e-20 5.517e-20 4.519e-20 1.130e-20 0.000e+00
 0.000e+00 0.000e+00 0.000e+00 2.406e-21 2.640e-21 7.585e-22 0.000e+00 0.000e+00 0.000e+00 0.000e+00
 0.000e+00 0.000e+00 0.000e+00 1.380e-21 1.874e-21 0.000e+00 0.000e+00 0.000e+00 8.693e-22 2.337e-21
 2.181e-21 4.055e-21 5.290e-21 1.090e-20 4.622e-20 8.396e-20 7.412e-20 8.846e-20 1.307e-19 1.498e-19
 1.343e-19 7.860e-20 4.549e-20 2.787e-20 6.312e-21 1.346e-20 4.900e-20 6.031e-20 2.526e-20 2.119e-21
 6.769e-21 2.543e-20 2.333e-20 1.508e-21 0.000e+00 0.000e+00 0.000e+00 0.000e+00 0.000e+00 1.557e-21
 4.997e-22 0.000e+00 0.000e+00 0.000e+00 0.000e+00 0.000e+00 0.000e+00 0.000e+00 9.404e-22 4.995e-21
 5.033e-21 0.000e+00 0.000e+00 2.793e-21 2.999e-21 0.000e+00 0.000e+00 0.000e+00 0.000e+00 6.990e-21
 2.883e-20 4.244e-20 3.608e-20 5.020e-20 9.674e-20 1.348e-19 1.222e-19 8.242e-20 5.058e-20 1.691e-20
 1.226e-20 3.036e-20 1.870e-20 3.210e-21 2.599e-21 1.953e-20 4.568e-20 3.236e-20 3.284e-21 0.000e+00
 0.000e+00 0.000e+00 0.000e+00 0.000e+00 0.000e+00 0.000e+00 0.000e+00 0.000e+00 0.000e+00 4.417e-22
 6.786e-22 2.635e-22 0.000e+00 1.984e-21 4.547e-21 6.439e-21 7.553e-21 5.690e-21 1.950e-21 1.536e-21
 2.353e-21 4.460e-21 5.353e-21 3.807e-21 1.436e-21 9.535e-21 3.993e-20 4.860e-20 2.685e-20 2.924e-20
 7.754e-20 1.173e-19 8.975e-20 4.146e-20 2.483e-20 3.761e-20 3.421e-20 5.654e-21 0.000e+00 3.784e-21
 2.061e-20 2.453e-20 4.565e-21 0.000e+00 0.000e+00 0.000e+00 4.312e-21 6.092e-21 3.019e-21 3.554e-21
 6.073e-21 5.776e-21 4.052e-21 3.125e-21 3.974e-21 2.579e-21 5.206e-21 1.006e-20 1.014e-20 6.959e-21
 5.678e-21 7.733e-21 7.081e-21 5.471e-21 6.142e-21 7.257e-21 5.094e-21 2.202e-21 4.869e-21 8.921e-21
 6.434e-21 7.973e-21 2.140e-20 2.250e-20 1.155e-20 2.268e-20 6.498e-20 9.214e-20 6.637e-20 3.787e-20
 2.687e-20 7.856e-21 0.000e+00 2.914e-21 2.415e-20 3.419e-20 1.573e-20 2.971e-21 7.443e-21 1.024e-20
 7.335e-21 4.649e-21 3.938e-21 3.629e-21 3.825e-22 4.518e-22 4.664e-21 1.141e-20 1.767e-20 1.175e-20
 6.759e-21 1.005e-20 1.226e-20 1.439e-20 1.461e-20 1.260e-20 1.345e-20 1.786e-20 1.815e-20 1.184e-20
 6.562e-21 2.944e-21 2.016e-21 5.374e-21 1.091e-20 1.430e-20 1.300e-20 2.302e-20 3.492e-20 2.271e-20
 7.598e-21 2.493e-20 5.518e-20 6.300e-20 5.532e-20 3.255e-20 1.126e-20 1.343e-20 2.699e-20 3.321e-20
 2.466e-20 1.859e-20 1.566e-20 1.452e-20 1.376e-20 1.420e-20 1.888e-20 1.757e-20 1.935e-20 2.060e-20
 2.084e-20 2.414e-20 2.269e-20 1.837e-20 1.761e-20 2.269e-20 2.686e-20 2.707e-20 2.182e-20 1.932e-20
 2.211e-20 2.292e-20 2.114e-20 1.814e-20 1.672e-20 1.557e-20 1.267e-20 1.062e-20 1.246e-20 1.390e-20
 1.616e-20 1.610e-20 1.523e-20 2.157e-20 2.307e-20 1.797e-20 2.562e-20 4.609e-20 4.741e-20 2.995e-20
 2.220e-20 3.454e-20 4.877e-20 3.949e-20 2.741e-20 2.704e-20 2.656e-20 2.457e-20 2.876e-20 3.907e-20
 3.999e-20 3.342e-20 2.990e-20 3.100e-20 3.504e-20 3.459e-20 2.998e-20 2.943e-20 2.867e-20 2.779e-20
 3.291e-20 4.087e-20 4.326e-20 3.767e-20 3.455e-20 3.479e-20 3.904e-20 4.085e-20 3.940e-20 4.188e-20
 4.047e-20 4.305e-20 4.914e-20 4.853e-20 4.561e-20 4.791e-20 4.884e-20 4.481e-20 4.928e-20 6.060e-20
 5.923e-20 5.397e-20 7.184e-20 8.004e-20 6.887e-20 6.779e-20 6.736e-20 6.284e-20 6.310e-20 6.878e-20
 7.094e-20 7.760e-20 8.259e-20 8.079e-20 8.433e-20 8.636e-20 8.190e-20 7.962e-20 9.361e-20 1.054e-19
 1.039e-19 9.581e-20 9.047e-20 9.859e-20 1.030e-19 9.597e-20 9.374e-20 1.072e-19 1.216e-19 1.190e-19
 1.052e-19 1.118e-19 1.257e-19 1.150e-19 1.043e-19 1.151e-19 1.384e-19 1.375e-19 1.231e-19 1.402e-19
 1.561e-19 1.328e-19 1.249e-19 1.608e-19 1.767e-19 1.569e-19 1.634e-19 1.832e-19 1.560e-19 1.516e-19
 2.048e-19 2.121e-19 1.721e-19 1.893e-19 2.030e-19 1.710e-19 2.164e-19 2.561e-19 2.109e-19 2.124e-19
 2.253e-19 1.854e-19 2.332e-19 2.705e-19 2.214e-19 2.401e-19 2.224e-19 2.292e-19 2.709e-19 2.384e-19
 2.395e-19 2.344e-19 2.556e-19 2.760e-19 2.442e-19 2.355e-19 2.478e-19 2.642e-19 2.444e-19 2.556e-19
 2.937e-19 2.645e-19 2.289e-19 2.481e-19 2.425e-19 2.082e-19 2.039e-19 1.801e-19 1.573e-19 1.334e-19
 7.638e-20 2.935e-20 1.579e-20 2.424e-20 2.707e-20 2.067e-20 1.334e-20 1.216e-20 1.176e-20 1.160e-20
 7.503e-21 2.140e-21 5.715e-21 6.753e-21 4.330e-21 3.151e-21 6.939e-21 1.025e-20 1.045e-20 4.188e-21
 0.000e+00 0.000e+00 0.000e+00 0.000e+00 0.000e+00 0.000e+00 0.000e+00 0.000e+00 0.000e+00 1.631e-21
 0.000e+00 0.000e+00 0.000e+00 2.602e-22 3.703e-21 1.339e-21 0.000e+00 3.166e-21 6.259e-21 9.636e-21
 9.376e-21 6.619e-21 3.869e-21 4.182e-21 1.036e-20 1.483e-20 1.341e-20 1.040e-20 7.355e-21 7.478e-21
 9.642e-21 6.936e-21 2.535e-21 2.322e-21 4.619e-21 6.796e-21 5.415e-21 0.000e+00 0.000e+00 1.131e-21
 2.861e-21 3.123e-21 1.010e-21 0.000e+00 0.000e+00 0.000e+00 2.609e-22 0.000e+00 0.000e+00 0.000e+00
 0.000e+00 0.000e+00 2.028e-21 3.762e-21 1.282e-21 1.797e-21 3.537e-21 4.578e-21 8.132e-21 1.030e-20
 8.926e-21 4.887e-21 2.601e-21 1.047e-20 1.989e-20 1.639e-20 6.811e-21 8.415e-21 1.032e-20 2.732e-21
 2.186e-21 6.376e-21 4.380e-21 1.360e-21 2.787e-21 5.098e-21 4.530e-21 2.337e-21 0.000e+00 0.000e+00
 0.000e+00 0.000e+00 0.000e+00 0.000e+00 0.000e+00 0.000e+00 0.000e+00 0.000e+00 1.281e-21 0.000e+00
 0.000e+00 0.000e+00 9.684e-22 0.000e+00 6.453e-22 4.132e-22 6.313e-23 4.893e-21 8.807e-21 6.514e-21
 3.888e-21 4.294e-21 5.116e-21 6.591e-21 9.652e-21 1.736e-20 1.601e-20 6.929e-21 7.516e-21 1.685e-20
 4.187e-20 4.760e-20 1.978e-20 6.469e-21 7.092e-21 1.281e-20 2.307e-20 1.872e-20 4.283e-21 0.000e+00
 0.000e+00 0.000e+00 0.000e+00 1.718e-23 0.000e+00 0.000e+00 0.000e+00 0.000e+00 0.000e+00 0.000e+00
 0.000e+00 0.000e+00 0.000e+00 0.000e+00 0.000e+00 1.723e-21 2.522e-21 4.446e-21 4.280e-21 4.369e-21
 4.232e-21 4.683e-21 6.592e-21 9.162e-21 1.169e-20 2.018e-20 3.908e-20 3.512e-20 1.306e-20 4.675e-21
 4.927e-21 1.021e-20 3.712e-20 7.286e-20 6.235e-20 2.557e-20 5.486e-21 0.000e+00 2.192e-22 0.000e+00
 6.042e-21 1.587e-20 9.810e-21 0.000e+00 0.000e+00 0.000e+00 0.000e+00 0.000e+00 0.000e+00 0.000e+00
 0.000e+00 0.000e+00 8.496e-22 1.666e-21 0.000e+00 3.150e-22 3.909e-21 6.470e-21 5.406e-21 3.358e-21
 2.214e-21 3.375e-21 7.407e-21 6.560e-21 7.599e-22 2.484e-21 1.756e-20 2.351e-20 1.360e-20 1.043e-20
 9.664e-21 8.762e-21 9.284e-21 1.493e-20 5.109e-20 9.563e-20 8.693e-20 5.127e-20 3.536e-20 1.544e-20
 0.000e+00 0.000e+00 0.000e+00 0.000e+00 5.364e-21 2.858e-20 3.457e-20 1.233e-20 0.000e+00 0.000e+00
 1.540e-21 1.846e-21 1.714e-22 5.693e-22 8.445e-22 1.004e-21 4.015e-21 9.548e-21 9.539e-21 5.661e-21
 2.733e-21 2.674e-21 4.571e-21 7.014e-21 8.116e-21 1.519e-20 4.201e-20 4.933e-20 2.331e-20 5.160e-21
 1.488e-21 3.885e-21 4.002e-21 1.843e-21 1.032e-20 4.037e-20 6.447e-20 8.442e-20 1.155e-19 8.623e-20
 2.616e-20 1.794e-20 2.486e-20 1.349e-20 3.013e-21 1.843e-21 1.461e-21 2.011e-21 2.384e-21 1.559e-20
 2.874e-20 1.457e-20 2.927e-22 0.000e+00 8.042e-22 0.000e+00 2.083e-21 7.668e-21 9.592e-21 9.117e-21
 8.530e-21 9.024e-21 9.068e-21 9.374e-21 1.256e-20 2.970e-20 4.309e-20 2.722e-20 1.173e-20 8.678e-21
 5.905e-21 4.156e-21 4.204e-21 7.092e-21 2.012e-20 5.235e-20 6.589e-20 4.851e-20 5.134e-20 8.142e-20
 1.099e-19 9.911e-20 4.695e-20 6.184e-21 0.000e+00 2.369e-20 4.500e-20 2.667e-20 1.534e-21 0.000e+00
 0.000e+00 0.000e+00 1.397e-21 2.841e-20 5.208e-20 3.075e-20 8.528e-21 6.021e-21 5.948e-21 7.895e-21
 6.068e-21 3.072e-21 3.858e-21 1.616e-20 5.149e-20 6.250e-20 2.833e-20 8.607e-21 5.963e-21 6.397e-21
 9.749e-21 9.480e-21 9.601e-21 1.363e-20 3.477e-20 4.082e-20 2.939e-20 2.859e-20 3.660e-20 5.124e-20
 7.586e-20 1.227e-19 1.399e-19 1.139e-19 7.175e-20 2.107e-20 0.000e+00 0.000e+00 0.000e+00 0.000e+00
 2.364e-20 2.260e-20 2.502e-21 5.712e-22 1.403e-21 0.000e+00 5.674e-21 2.944e-20 3.414e-20 1.076e-20
 0.000e+00 5.875e-21 3.363e-20 4.393e-20 1.873e-20 4.104e-21 6.114e-21 5.628e-21 8.440e-21 1.268e-20
 1.086e-20 2.167e-20 5.914e-20 6.714e-20 2.733e-20 9.336e-21 1.290e-20 1.575e-20 2.487e-20 3.446e-20
 4.444e-20 6.634e-20 1.012e-19 1.161e-19 1.017e-19 8.748e-20 7.812e-20 4.264e-20 7.688e-21 2.150e-21
 7.420e-22 0.000e+00 0.000e+00 2.014e-21 2.629e-20 5.598e-20 3.667e-20 4.407e-21 3.083e-21 3.524e-20
 1.141e-19 1.170e-19 3.737e-20 3.566e-21 6.769e-21 8.850e-21 5.932e-21 3.881e-21 8.352e-21 3.307e-20
 4.888e-20 2.835e-20 1.027e-20 4.892e-21 7.680e-21 1.938e-20 2.533e-20 2.598e-20 2.649e-20 3.167e-20
 3.923e-20 4.389e-20 8.009e-20 1.268e-19 1.202e-19 9.978e-20 1.026e-19 9.195e-20 6.737e-20 4.353e-20
 1.350e-20 0.000e+00 0.000e+00 0.000e+00 0.000e+00 0.000e+00 8.753e-21 3.721e-20 4.493e-20 3.885e-20
 4.556e-20 2.817e-20 2.409e-20 4.555e-20 3.755e-20 5.140e-20 7.348e-20 3.946e-20 4.700e-21 4.487e-21
 9.057e-21 1.102e-20 7.366e-21 6.456e-21 7.896e-21 4.417e-21 1.475e-20 2.347e-20 3.059e-20 4.066e-20
 4.121e-20 4.586e-20 6.430e-20 9.365e-20 9.633e-20 7.842e-20 7.625e-20 8.277e-20 8.739e-20 5.828e-20
 2.890e-20 4.867e-20 6.451e-20 7.019e-20 7.155e-20 3.633e-20 8.207e-21 1.024e-20 9.801e-21 4.221e-21
 1.457e-20 4.223e-20 3.908e-20 1.639e-20 6.904e-20 1.340e-19 8.615e-20 1.634e-20 5.700e-21 7.520e-21
 7.510e-21 8.822e-21 1.019e-20 9.504e-21 1.288e-20 2.105e-20 1.634e-20 2.375e-20 2.738e-20 2.536e-20
 3.834e-20 4.634e-20 9.384e-20 1.200e-19 8.858e-20 7.206e-20 7.387e-20 8.303e-20 8.772e-20 1.424e-19
 1.693e-19 9.319e-20 2.552e-20 1.268e-20 3.991e-20 7.167e-20 8.933e-20 5.829e-20 1.563e-20 6.114e-21
 1.922e-21 5.076e-21 3.212e-21 2.913e-21 6.065e-21 3.246e-20 5.396e-20 3.102e-20 9.692e-21 2.566e-20
 5.215e-20 3.637e-20 1.801e-20 1.584e-20 1.303e-20 1.866e-20 2.181e-20 2.518e-20 4.005e-20 3.824e-20
 3.893e-20 7.612e-20 8.389e-20 8.143e-20 1.081e-19 1.347e-19 1.064e-19 6.376e-20 7.919e-20 8.431e-20
 1.261e-19 1.663e-19 9.999e-20 2.599e-20 4.740e-21 6.454e-21 9.900e-21 4.101e-20 6.156e-20 2.855e-20
 1.090e-21 1.807e-21 3.569e-21 4.043e-21 8.473e-21 4.475e-20 8.321e-20 5.273e-20 1.308e-20 9.202e-21
 1.417e-20 1.188e-20 1.439e-20 2.190e-20 4.511e-20 8.917e-20 7.625e-20 3.130e-20 4.115e-20 1.050e-19
 1.377e-19 1.054e-19 6.217e-20 7.686e-20 1.314e-19 9.994e-20 6.871e-20 7.316e-20 5.864e-20 8.257e-20
 6.907e-20 6.748e-20 1.409e-19 1.325e-19 4.839e-20 9.353e-21 2.532e-21 0.000e+00 2.666e-22 1.083e-21
 1.038e-20 3.650e-20 4.606e-20 2.437e-20 2.907e-20 4.942e-20 4.115e-20 2.344e-20 1.831e-20 2.380e-20
 2.482e-20 1.829e-20 3.303e-20 8.638e-20 9.122e-20 4.443e-20 4.878e-20 8.824e-20 1.114e-19 1.086e-19
 7.363e-20 4.854e-20 5.519e-20 4.205e-20 4.978e-20 6.450e-20 4.867e-20 6.821e-20 6.473e-20 5.924e-20
 9.218e-20 6.683e-20 4.694e-20 1.042e-19 1.189e-19 5.444e-20 8.173e-21 7.918e-23 2.442e-21 1.402e-21
 2.386e-21 9.583e-21 4.573e-20 7.873e-20 5.804e-20 6.768e-20 9.603e-20 7.484e-20 4.321e-20 6.046e-20
 9.376e-20 5.975e-20 2.741e-20 2.650e-20 4.009e-20 8.879e-20 9.139e-20 3.936e-20 2.573e-20 4.690e-20
 3.715e-20 2.973e-20 6.324e-20 9.528e-20 1.063e-19 8.679e-20 4.601e-20 4.876e-20 7.571e-20 4.833e-20
 5.247e-20 8.747e-20 6.835e-20 8.770e-20 1.181e-19 8.476e-20 4.337e-20 1.522e-20 1.192e-20 6.596e-20
 1.141e-19 8.340e-20 5.963e-20 5.188e-20 2.692e-20 2.018e-20 1.477e-20 1.416e-20 2.246e-20 4.061e-20
 5.961e-20 7.354e-20 7.756e-20 4.415e-20 1.653e-20 2.925e-20 4.296e-20 2.696e-20 2.533e-20 4.415e-20
 3.283e-20 3.198e-20 5.564e-20 4.260e-20 3.588e-20 6.974e-20 7.512e-20 8.163e-20 1.000e-19 6.311e-20
 2.476e-20 6.752e-20 1.355e-19 1.423e-19 1.599e-19 1.725e-19 1.057e-19 6.863e-20 6.254e-20 2.984e-20
 1.241e-20 5.780e-21 3.167e-21 7.598e-21 8.000e-21 5.235e-21 1.324e-20 5.905e-20 8.316e-20 4.110e-20
 1.272e-20 2.457e-20 3.407e-20 2.230e-20 4.312e-20 9.476e-20 7.215e-20 2.260e-20 3.307e-20 4.156e-20
 1.844e-20 2.773e-20 5.510e-20 5.232e-20 9.505e-20 1.555e-19 1.151e-19 5.840e-20 8.818e-20 1.497e-19
 1.280e-19 8.526e-20 1.329e-19 1.244e-19 4.661e-20 4.651e-20 6.115e-20 3.238e-20 2.037e-20 4.027e-20
 3.728e-20 1.460e-20 3.052e-20 5.675e-20 3.631e-20 4.873e-21 8.273e-21 1.912e-20 1.317e-20 9.133e-21
 2.319e-20 3.048e-20 1.476e-20 9.722e-21 3.459e-20 6.598e-20 9.450e-20 1.140e-19 8.979e-20 5.091e-20
 5.713e-20 8.656e-20 9.951e-20 9.465e-20 8.192e-20 6.903e-20 3.615e-20 1.973e-20 6.050e-20 6.863e-20
 4.634e-20 7.918e-20 1.264e-19 1.129e-19 5.016e-20 1.719e-20 5.004e-20 9.149e-20 7.086e-20 1.845e-20
 8.216e-21 5.113e-20 7.244e-20 3.267e-20 7.418e-21 2.645e-20 7.517e-20 1.091e-19 7.742e-20 3.630e-20
 2.492e-20 1.633e-20 1.543e-20 2.895e-20 4.120e-20 4.977e-20 5.395e-20 5.297e-20 3.767e-20 1.782e-20
 3.324e-20 5.387e-20 3.112e-20 1.886e-20 5.541e-20 9.732e-20 9.276e-20 5.689e-20 7.546e-20 1.141e-19
 9.370e-20 8.080e-20 1.305e-19 1.529e-19 8.913e-20 3.904e-20 6.745e-20 1.254e-19 1.140e-19 4.853e-20
 1.818e-20 8.431e-21 1.688e-21 1.465e-20 4.769e-20 4.731e-20 4.069e-20 7.320e-20 7.141e-20 3.464e-20
 6.651e-21 6.938e-21 3.056e-20 3.401e-20 1.289e-20 1.447e-20 4.090e-20 3.862e-20 1.205e-20 1.849e-20
 4.810e-20 3.899e-20 1.747e-20 4.654e-20 1.097e-19 1.057e-19 7.213e-20 1.320e-19 1.682e-19 9.547e-20
 3.455e-20 5.144e-20 8.568e-20 9.675e-20 8.754e-20 5.108e-20 3.748e-20 5.700e-20 6.327e-20 3.924e-20
 1.308e-20 1.194e-20 2.162e-20 2.320e-20 1.288e-20 1.063e-20 3.043e-20 6.981e-20 6.552e-20 2.191e-20
 2.096e-20 3.748e-20 2.984e-20 1.234e-20 2.519e-20 5.354e-20 9.190e-20 1.267e-19 9.903e-20 6.231e-20
 3.852e-20 1.074e-20 1.414e-20 6.837e-20 1.061e-19 6.350e-20 1.884e-20 4.024e-20 1.051e-19 1.083e-19
 7.227e-20 7.123e-20 4.811e-20 4.867e-20 6.320e-20 6.819e-20 1.133e-19 1.109e-19 4.046e-20 3.551e-21
 1.423e-20 1.759e-20 1.044e-20 6.821e-21 1.953e-20 6.919e-20 9.635e-20 4.761e-20 2.552e-20 7.392e-20
 8.329e-20 5.085e-20 2.399e-20 2.253e-20 3.624e-20 2.127e-20 5.222e-21 2.270e-20 6.257e-20 6.901e-20
 4.638e-20 4.059e-20 5.786e-20 6.552e-20 2.997e-20 6.059e-21 8.695e-21 5.347e-20 1.041e-19 6.489e-20
 1.224e-20 2.323e-21 1.066e-20 4.829e-20 1.061e-19 1.343e-19 1.004e-19 4.499e-20 2.085e-20 1.659e-20
 2.957e-20 5.756e-20 5.212e-20 3.325e-20 1.917e-20 5.783e-21 4.834e-21 2.971e-20 7.787e-20 6.973e-20
 2.229e-20 1.257e-20 3.214e-20 3.460e-20 2.550e-20 6.575e-20 1.166e-19 1.006e-19 4.088e-20 1.378e-20
 2.094e-20 5.573e-20 1.153e-19 1.255e-19 9.440e-20 5.474e-20 3.345e-20 5.803e-20 5.734e-20 1.883e-20
 1.821e-20 5.078e-20 5.767e-20 4.960e-20 5.802e-20 6.928e-20 6.997e-20 5.765e-20 3.755e-20 1.350e-20
 5.644e-21 1.707e-20 1.581e-20 1.049e-20 1.499e-20 5.038e-20 8.054e-20 4.619e-20 1.115e-20 2.592e-20
 9.164e-20 1.158e-19 5.045e-20 4.420e-21 4.759e-21 3.427e-20 4.527e-20 2.305e-20 2.195e-20 4.090e-20
 7.327e-20 9.501e-20 7.162e-20 2.894e-20 6.724e-21 8.664e-21 5.751e-20 1.061e-19 7.287e-20 2.034e-20
 8.621e-21 8.718e-21 2.096e-20 6.143e-20 6.593e-20 2.056e-20 9.394e-21 6.509e-20 1.079e-19 6.657e-20
 1.627e-20 2.314e-21 1.206e-21 1.370e-20 3.099e-20 4.681e-20 4.627e-20 2.349e-20 3.025e-20 6.052e-20
 5.608e-20 7.038e-20 8.516e-20 5.352e-20 4.604e-20 4.685e-20 2.813e-20 1.042e-20 9.115e-21 4.023e-20
 5.505e-20 2.791e-20 6.735e-21 1.485e-20 5.316e-20 1.023e-19 1.154e-19 7.746e-20 2.840e-20 1.207e-20
 2.004e-20 4.442e-20 6.917e-20 5.929e-20 2.924e-20 1.480e-20 2.114e-20 1.710e-20 1.939e-20 4.421e-20
 5.143e-20 4.622e-20 4.403e-20 5.539e-20 6.126e-20 2.698e-20 1.085e-20 2.623e-20 2.354e-20 1.472e-20
 3.492e-20 8.932e-20 1.073e-19 6.105e-20 1.641e-20 5.426e-21 7.349e-21 9.847e-21 3.428e-20 4.430e-20
 1.813e-20 8.943e-21 1.614e-20 1.142e-20 8.120e-21 2.500e-20 4.714e-20 4.419e-20 3.737e-20 5.956e-20
 6.813e-20 7.772e-20 1.053e-19 1.000e-19 7.498e-20 3.453e-20 2.113e-20 4.263e-20 3.932e-20 3.119e-20
 2.904e-20 3.365e-20 2.958e-20 1.581e-20 2.494e-20 3.415e-20 1.777e-20 3.271e-21 5.851e-21 8.177e-21
 2.415e-20 3.614e-20 2.750e-20 2.349e-20 1.977e-20 1.179e-20 2.152e-20 5.716e-20 6.840e-20 5.047e-20
 2.990e-20 1.333e-20 3.389e-20 6.867e-20 7.895e-20 7.494e-20 6.920e-20 4.929e-20 1.809e-20 5.892e-21
 1.402e-20 3.096e-20 3.848e-20 2.323e-20 2.934e-21 0.000e+00 1.785e-20 4.422e-20 4.178e-20 1.525e-20
 3.631e-21 1.055e-20 2.542e-20 3.466e-20 3.701e-20 4.119e-20 3.685e-20 4.048e-20 6.341e-20 5.668e-20
 1.937e-20 1.424e-20 3.927e-20 5.097e-20 4.760e-20 6.065e-20 6.598e-20 2.928e-20 1.701e-21 0.000e+00
 2.045e-21 1.128e-20 1.858e-20 2.201e-20 2.222e-20 2.577e-20 2.731e-20 2.165e-20 1.620e-20 7.520e-21
 9.054e-21 2.259e-20 4.290e-20 7.052e-20 6.584e-20 2.767e-20 7.075e-21 4.656e-21 3.207e-21 2.082e-20
 4.129e-20 2.648e-20 4.244e-21 1.112e-20 2.698e-20 2.877e-20 4.680e-20 6.826e-20 3.973e-20 7.110e-21
 5.981e-21 1.646e-20 2.230e-20 1.190e-20 1.833e-20 3.183e-20 2.484e-20 3.291e-20 5.549e-20 5.973e-20
 3.938e-20 1.258e-20 4.424e-21 1.552e-20 2.613e-20 2.521e-20 2.886e-20 3.181e-20 1.797e-20 1.772e-20
 3.528e-20 3.569e-20 1.821e-20 6.749e-21 4.599e-21 1.058e-20 2.422e-20 2.935e-20 2.285e-20 1.474e-20
 1.882e-20 3.025e-20 2.550e-20 1.169e-20 1.969e-20 4.313e-20 4.966e-20 3.526e-20 2.145e-20 4.365e-20
 7.218e-20 5.149e-20 2.854e-20 5.037e-20 6.338e-20 3.148e-20 6.914e-21 4.238e-21 3.344e-21 5.138e-21
 8.636e-21 1.596e-20 2.129e-20 1.979e-20 2.053e-20 4.247e-20 5.209e-20 3.303e-20 2.816e-20 2.049e-20
 6.886e-21 1.604e-20 2.611e-20 1.623e-20 1.388e-20 2.648e-20 2.125e-20 6.540e-21 3.268e-21 1.016e-20
 2.219e-20 2.354e-20 2.414e-20 3.186e-20 2.267e-20 1.826e-20 2.388e-20 2.326e-20 3.324e-20 3.156e-20
 2.099e-20 2.493e-20 2.778e-20 2.148e-20 2.904e-20 4.971e-20 4.692e-20 3.926e-20 3.180e-20 1.104e-20
 3.135e-21 1.487e-20 2.240e-20 1.334e-20 1.092e-20 2.233e-20 4.128e-20 4.292e-20 1.832e-20 6.346e-21
 1.184e-20 2.650e-20 3.790e-20 2.683e-20 8.897e-21 2.594e-21 4.403e-21 1.047e-20 2.070e-20 3.573e-20
 4.456e-20 4.367e-20 4.687e-20 3.469e-20 8.910e-21 1.181e-21 6.482e-21 9.557e-21 5.084e-21 3.028e-21
 1.279e-20 2.158e-20 2.143e-20 2.208e-20 2.266e-20 1.395e-20 2.294e-21 0.000e+00 0.000e+00 4.556e-21
 3.670e-20 4.809e-20 2.810e-20 8.586e-21 6.614e-21 8.563e-21 1.268e-20 2.967e-20 2.980e-20 2.515e-20
 2.934e-20 2.273e-20 1.748e-20 2.114e-20 3.412e-20 3.565e-20 1.942e-20 1.491e-20 2.313e-20 2.309e-20
 1.193e-20 5.500e-21 4.226e-21 5.961e-21 9.094e-21 6.260e-21 3.059e-21 4.293e-21 1.116e-20 2.027e-20
 2.418e-20 2.292e-20 1.601e-20 3.698e-21 0.000e+00 0.000e+00 1.981e-21 1.240e-20 2.275e-20 2.732e-20
 2.415e-20 2.371e-20 2.952e-20 4.192e-20 4.430e-20 2.729e-20 3.213e-20 4.254e-20 2.857e-20 1.782e-20
 1.413e-20 8.059e-21 3.339e-21 3.676e-21 5.839e-21 1.631e-20 2.799e-20 2.504e-20 1.867e-20 1.499e-20
 1.155e-20 4.781e-21 9.719e-22 8.890e-21 1.344e-20 8.711e-21 7.821e-21 8.993e-21 9.550e-21 9.548e-21
 4.275e-21 8.133e-21 1.572e-20 6.956e-21 2.358e-21 9.483e-21 9.990e-21 1.622e-20 3.092e-20 2.707e-20
 1.089e-20 5.233e-21 3.855e-21 4.520e-21 9.562e-21 1.144e-20 1.789e-20 2.056e-20 1.160e-20 1.042e-20
 1.760e-20 1.541e-20 9.072e-21 2.309e-20 3.305e-20 1.666e-20 5.214e-21 4.663e-21 4.619e-21 1.301e-20
 2.152e-20 2.047e-20 2.300e-20 1.767e-20 4.452e-21 4.933e-21 8.355e-21 1.118e-20 1.324e-20 7.165e-21
 4.798e-21 1.133e-20 1.201e-20 8.066e-21 8.518e-21 1.032e-20 1.347e-20 1.409e-20 1.251e-20 1.411e-20
 1.674e-20 1.159e-20 0.000e+00 0.000e+00 5.421e-21 1.712e-20 1.936e-20 1.219e-20 1.134e-20 1.094e-20
 7.109e-21 1.024e-20 1.394e-20 9.520e-21 0.000e+00 0.000e+00 0.000e+00 8.751e-21 1.321e-20 9.336e-21
 1.413e-20 1.572e-20 9.311e-21 1.416e-20 1.794e-20 1.509e-20 1.542e-20 1.792e-20 1.549e-20 1.103e-20
 1.140e-20 1.513e-20 1.569e-20 8.533e-21 3.624e-21 3.913e-21 3.106e-21 5.498e-21 6.395e-21 1.039e-22
 0.000e+00 6.532e-22 6.548e-21 8.868e-21 6.199e-21 5.734e-21 1.106e-20 2.178e-20 2.555e-20 2.157e-20
 1.413e-20 5.997e-21 2.506e-21 0.000e+00 2.341e-21 1.023e-20 1.497e-20 1.137e-20 3.880e-21 3.043e-21
 5.178e-21 8.185e-21 1.213e-20 1.507e-20 1.360e-20 9.935e-21 1.053e-20 1.019e-20 6.021e-21 5.621e-21
 1.045e-20 1.113e-20 8.559e-21 1.125e-20 1.720e-20 1.685e-20 8.022e-21 1.615e-21 8.262e-22 7.464e-21
 1.708e-20 1.186e-20 1.282e-21 2.843e-22 3.620e-21 8.046e-21 1.263e-20 1.260e-20 4.687e-21 0.000e+00
 8.161e-22 1.688e-21 8.940e-21 1.694e-20 1.440e-20 6.928e-21 4.250e-21 6.083e-21 7.294e-21 7.761e-21
 1.356e-20 1.514e-20 7.831e-21 7.259e-21 1.007e-20 1.291e-20 1.224e-20 3.126e-21 0.000e+00 2.753e-21
 7.164e-21 1.097e-20 7.617e-21 3.615e-21 7.330e-21 7.447e-21 2.955e-21 2.406e-21 0.000e+00 0.000e+00
 0.000e+00 4.574e-22 5.666e-21 6.069e-21 7.987e-21 1.258e-20 1.214e-20 8.898e-21 9.849e-21 1.101e-20
 8.470e-21 6.794e-21 5.836e-21 6.311e-21 8.537e-21 8.421e-21 9.115e-21 8.433e-21 6.651e-21 9.724e-21
 9.234e-21 2.783e-21 0.000e+00 8.872e-22 3.298e-21 1.232e-20 1.760e-20 1.147e-20 8.977e-21 8.414e-21
 5.764e-21 2.900e-21 1.571e-21 4.349e-21 4.534e-21 5.827e-21 9.308e-21 1.039e-20 1.056e-20 9.812e-21
 8.872e-21 8.034e-21 1.158e-20 1.741e-20 1.449e-20 6.565e-21 4.830e-21 6.158e-21 4.103e-21 1.651e-21
 2.484e-21 4.927e-21 7.406e-21 8.294e-21 8.236e-21 1.017e-20 9.572e-21 6.707e-21 6.305e-21 5.487e-21
 3.894e-21 6.316e-21 1.018e-20 9.340e-21 1.067e-20 1.438e-20 9.025e-21 5.031e-22 3.467e-21 1.389e-20
 1.702e-20 1.372e-20 7.879e-21 2.179e-21 7.239e-21 1.601e-20 1.501e-20 6.888e-21 9.185e-22 1.915e-21
 2.829e-21 2.721e-21 5.313e-21 6.362e-21 6.698e-21 1.028e-20 1.306e-20 9.557e-21 6.329e-21 8.609e-21
 9.569e-21 5.682e-21 4.357e-21 6.968e-21 6.517e-21 6.252e-21 8.043e-21 7.301e-21 4.107e-21 5.098e-21
 1.172e-20 1.456e-20 1.180e-20 7.507e-21 4.670e-21 4.763e-21 6.345e-21 9.794e-21 1.163e-20 8.386e-21
 8.797e-21 1.505e-20 1.419e-20 7.007e-21 4.670e-21 4.180e-21 2.465e-21 3.871e-21 5.935e-21 7.578e-21
 7.711e-21 3.306e-21 0.000e+00 2.234e-21 4.583e-21 2.602e-21 1.293e-21 1.800e-21 3.564e-21 7.695e-21
 1.024e-20 7.623e-21 2.313e-21 1.297e-21 5.484e-21 1.025e-20 8.088e-21 3.839e-21 5.048e-21 3.414e-21
 1.837e-22 3.822e-21 1.052e-20 9.435e-21 2.173e-21 0.000e+00 4.451e-21 1.002e-20 8.823e-21 6.605e-21
 7.111e-21 7.155e-21 5.700e-21 4.120e-21 2.505e-21 1.071e-21 3.876e-21 9.329e-21 8.477e-21 3.494e-21
 2.851e-21 6.060e-22 0.000e+00 0.000e+00 0.000e+00 4.442e-21 2.635e-21 0.000e+00 1.426e-21 1.674e-21
 5.489e-22 1.673e-21 4.587e-21 6.107e-21 8.099e-21 7.477e-21 2.889e-21 2.169e-21 4.868e-21 6.308e-21
 8.263e-21 9.483e-21 8.592e-21 7.776e-21 6.816e-21 6.443e-21 7.249e-21 8.608e-21 9.003e-21 6.376e-21
 3.472e-21 5.082e-21 8.102e-21 6.556e-21 1.090e-21 0.000e+00 4.690e-21 8.334e-21 6.509e-21 4.202e-21
 0.000e+00 0.000e+00 0.000e+00 0.000e+00 0.000e+00 0.000e+00 0.000e+00 0.000e+00 3.383e-22 1.540e-21
 2.064e-21 1.128e-21 1.243e-21 5.322e-21 8.505e-21 9.491e-21 6.971e-21 1.933e-21 0.000e+00 2.197e-22
 1.672e-21 3.264e-21 2.914e-21 0.000e+00 0.000e+00 0.000e+00 0.000e+00 1.610e-21 2.010e-21 0.000e+00
 2.907e-21 7.034e-21 4.444e-21 0.000e+00 0.000e+00 0.000e+00 0.000e+00 0.000e+00 2.996e-22 0.000e+00
 4.563e-22 4.066e-21 2.041e-21 1.007e-21 2.729e-21 3.791e-21 6.524e-21 9.372e-21 6.911e-21 1.076e-21
 1.382e-21 4.778e-21 4.490e-21 3.961e-21 4.884e-21 5.637e-21 5.509e-21 4.548e-21 3.817e-21 2.565e-21
 9.445e-22 6.031e-22 4.821e-22 2.113e-21 2.568e-21 3.505e-22 0.000e+00 0.000e+00 5.533e-21 1.035e-20
 6.315e-21 3.480e-21 4.224e-21 2.403e-21 1.998e-22 2.567e-21 1.212e-21 0.000e+00 0.000e+00 0.000e+00
 0.000e+00 0.000e+00 0.000e+00 0.000e+00 0.000e+00 1.656e-21 5.440e-21 8.115e-21 8.095e-21 6.496e-21
 5.638e-21 7.464e-21 8.446e-21 7.740e-21 4.889e-21 0.000e+00 0.000e+00 1.760e-22 0.000e+00 0.000e+00
 0.000e+00 0.000e+00 0.000e+00 9.028e-22 5.287e-21 7.976e-21 9.498e-21 7.075e-21 5.740e-21 8.634e-21
 6.176e-21 5.894e-22 0.000e+00 2.345e-22 0.000e+00 0.000e+00 0.000e+00 6.461e-22 3.004e-21 3.959e-21
 2.979e-21 2.368e-21 3.101e-21 3.685e-21 4.703e-21 4.897e-21 1.497e-21 0.000e+00 2.394e-21 9.963e-21
 7.986e-21 2.152e-21 3.507e-21 6.625e-21 2.779e-21 0.000e+00 0.000e+00 1.621e-21 6.212e-21 6.045e-21
 3.296e-21 1.065e-21 0.000e+00 2.458e-21 3.738e-21 0.000e+00 0.000e+00 0.000e+00 2.985e-21 8.024e-21
 9.033e-21 8.129e-21 3.736e-21 4.266e-22 0.000e+00 8.498e-22 1.956e-21 0.000e+00 0.000e+00 0.000e+00
 0.000e+00 0.000e+00 0.000e+00 3.600e-21 2.634e-21 2.652e-21 9.120e-22 0.000e+00 0.000e+00 0.000e+00
 0.000e+00 0.000e+00 1.023e-22 0.000e+00 3.750e-21 6.285e-21 3.976e-21 1.815e-21 2.856e-21 4.568e-21
 4.222e-21 6.014e-21 5.750e-21 4.261e-22 0.000e+00 7.067e-22 4.857e-22 0.000e+00 2.536e-22 2.810e-21
 3.947e-21 7.230e-21 1.083e-20 9.118e-21 6.250e-21 6.222e-21 5.621e-21 2.967e-21 4.483e-22 0.000e+00
 0.000e+00 0.000e+00 0.000e+00 3.663e-21 5.007e-21 2.428e-21 1.995e-21 3.707e-21 3.631e-21 7.019e-22
 2.842e-22 1.215e-21 0.000e+00 0.000e+00 0.000e+00 2.110e-21 2.858e-21 2.598e-21 3.287e-21 3.126e-21
 2.266e-21 2.058e-21 3.635e-21 7.803e-21 8.427e-21 6.401e-21 5.565e-21 1.960e-21 2.196e-21 7.154e-21
 8.182e-21 4.720e-21 0.000e+00 0.000e+00 0.000e+00 0.000e+00 0.000e+00 0.000e+00 0.000e+00 0.000e+00
 0.000e+00 0.000e+00 0.000e+00 0.000e+00 0.000e+00 0.000e+00 0.000e+00 1.742e-21 2.736e-21 1.792e-22
 0.000e+00 0.000e+00 0.000e+00 1.295e-21 0.000e+00 0.000e+00 0.000e+00 9.733e-22 5.512e-21 4.859e-21
 1.537e-22 0.000e+00 2.662e-21 6.708e-21 6.783e-21 6.734e-21 5.586e-21 1.483e-21 0.000e+00 2.262e-21
 6.733e-21 9.205e-21 1.104e-20 9.071e-21 5.073e-21 5.191e-21 6.390e-21 4.304e-21 1.513e-21 8.798e-22
 7.356e-22 1.281e-22 0.000e+00 0.000e+00 0.000e+00 0.000e+00 0.000e+00 0.000e+00 0.000e+00 1.709e-21
 3.092e-21 1.706e-21 2.830e-21 5.693e-21 4.398e-21 9.575e-22 0.000e+00 1.853e-21 3.799e-21 1.280e-21
 0.000e+00 1.125e-22 1.996e-21 3.653e-21 4.115e-21 5.080e-21 6.140e-21 5.810e-21 3.771e-21 0.000e+00
 0.000e+00 0.000e+00 4.940e-21 5.760e-21 2.481e-21 9.810e-22 2.746e-21 3.735e-21 0.000e+00 0.000e+00
 0.000e+00 0.000e+00 3.982e-21 7.288e-21 2.997e-21 0.000e+00 0.000e+00 0.000e+00 0.000e+00 1.087e-21
 0.000e+00 0.000e+00 5.212e-22 4.573e-21 3.796e-21 0.000e+00 0.000e+00 0.000e+00 0.000e+00 3.003e-21
 5.534e-21 6.910e-21 5.580e-21 3.477e-21 4.955e-21 5.066e-21 2.068e-21 2.510e-21 4.872e-21 6.003e-21
 6.088e-21 5.190e-21 5.716e-21 4.867e-21 4.754e-22 0.000e+00 0.000e+00 3.184e-23 0.000e+00 0.000e+00
 2.663e-21 4.187e-21 2.229e-21 0.000e+00 0.000e+00 0.000e+00 1.941e-21 2.894e-21 1.510e-21 4.460e-22
 0.000e+00 0.000e+00 0.000e+00 0.000e+00 2.576e-21 9.536e-22 0.000e+00 0.000e+00 0.000e+00 0.000e+00
 0.000e+00 0.000e+00 1.768e-21 4.238e-21 4.990e-21 2.870e-21 1.303e-21 2.130e-21 1.276e-21 1.765e-21
 4.180e-21 5.349e-21 7.525e-21 6.876e-21 4.663e-21 2.670e-21 0.000e+00 0.000e+00 0.000e+00 4.388e-21
 2.538e-22 0.000e+00 0.000e+00 3.094e-23 0.000e+00 2.645e-21 4.141e-21 7.450e-22 1.356e-21 5.847e-21
 9.392e-21 9.383e-21 6.305e-21 5.067e-22 0.000e+00 1.867e-21 3.668e-21 7.962e-21 1.331e-20 9.809e-21
 1.944e-21 1.438e-21 5.231e-21 5.549e-21 3.241e-21 6.612e-22 1.473e-21 4.288e-21 4.437e-21 3.405e-21
 3.046e-21 1.132e-21 0.000e+00 1.472e-21 2.226e-21 5.892e-22 1.630e-21 3.988e-21 3.671e-21 0.000e+00
 0.000e+00 0.000e+00 0.000e+00 0.000e+00 0.000e+00 0.000e+00 0.000e+00 0.000e+00 0.000e+00 0.000e+00
 0.000e+00 0.000e+00 0.000e+00 0.000e+00 0.000e+00 0.000e+00 0.000e+00 0.000e+00 0.000e+00 3.448e-22
 1.284e-21 3.219e-21 5.572e-21 2.392e-21 0.000e+00 0.000e+00 0.000e+00 2.830e-21 3.002e-21 3.590e-21
 3.896e-21 3.653e-21 4.921e-21 2.352e-21 0.000e+00 0.000e+00 0.000e+00 0.000e+00 0.000e+00 0.000e+00
 3.430e-22 3.131e-21 1.291e-21 0.000e+00 0.000e+00 0.000e+00 0.000e+00 0.000e+00 0.000e+00 0.000e+00
 0.000e+00 0.000e+00 0.000e+00 0.000e+00 0.000e+00 0.000e+00 3.373e-21 2.820e-21 1.651e-21 4.963e-21
 6.250e-21 5.932e-21 6.411e-21 6.761e-21 9.714e-21 1.350e-20 1.337e-20 9.637e-21 8.345e-21 9.926e-21
 5.208e-21 0.000e+00 4.759e-21 9.153e-21 5.081e-21 1.346e-21 0.000e+00 0.000e+00 0.000e+00 1.177e-21
 0.000e+00 0.000e+00 0.000e+00 0.000e+00 0.000e+00 0.000e+00 1.493e-21 2.172e-21 3.921e-22 0.000e+00
 0.000e+00 2.136e-21 1.412e-21 0.000e+00 0.000e+00 0.000e+00 0.000e+00 0.000e+00 1.639e-21 2.789e-21
 3.833e-21 5.836e-21 5.764e-21 4.217e-21 9.811e-22 0.000e+00 0.000e+00 2.460e-21 3.554e-21 3.181e-21
 4.049e-21 5.478e-21 3.121e-21 0.000e+00 0.000e+00 1.032e-21 6.396e-22 0.000e+00 0.000e+00 1.440e-21
 4.642e-21 4.036e-21 3.577e-22 0.000e+00 0.000e+00 0.000e+00 0.000e+00 0.000e+00 0.000e+00 0.000e+00
 0.000e+00 0.000e+00 0.000e+00 0.000e+00 0.000e+00 2.080e-22 2.342e-21 1.593e-21 0.000e+00 0.000e+00
 0.000e+00 0.000e+00 1.831e-22 2.201e-21 4.007e-21 6.657e-21 8.024e-21 5.718e-21 3.051e-21 4.472e-21
 4.524e-21 2.558e-22 1.614e-21 7.150e-21 6.454e-21 3.438e-21 3.766e-21 4.024e-21 4.200e-21 4.745e-21
 4.743e-21 2.335e-21 0.000e+00 0.000e+00 1.046e-21 3.058e-21 0.000e+00 0.000e+00 0.000e+00 0.000e+00
 0.000e+00 0.000e+00 2.499e-21 3.951e-21 0.000e+00 0.000e+00 0.000e+00 0.000e+00 0.000e+00 0.000e+00
 0.000e+00 0.000e+00 3.916e-21 1.681e-21 1.497e-21 5.251e-21 3.623e-21 4.610e-24 9.340e-22 1.911e-21
 0.000e+00 0.000e+00 2.684e-21 8.662e-21 7.117e-21 5.330e-21 7.631e-21 6.784e-21 3.936e-21 3.060e-21
 1.018e-21 0.000e+00 0.000e+00 0.000e+00 0.000e+00 0.000e+00 0.000e+00 0.000e+00 0.000e+00 0.000e+00
 0.000e+00 0.000e+00 2.685e-21 6.106e-21 4.058e-21 2.608e-21 1.318e-21 0.000e+00 1.010e-21 9.295e-22
 8.634e-22 2.892e-21 4.770e-21 6.181e-21 5.795e-21 2.089e-21 2.217e-21 6.265e-21 8.360e-21 9.736e-21
 7.349e-21 4.364e-21 5.594e-21 5.601e-21 2.780e-21 8.487e-23 1.098e-21 3.750e-21 4.908e-21 8.824e-21
 9.482e-21 2.122e-21 0.000e+00 5.113e-21 3.622e-21 0.000e+00 0.000e+00 6.540e-22 0.000e+00 0.000e+00
 5.162e-22 0.000e+00 0.000e+00 0.000e+00 0.000e+00 0.000e+00 0.000e+00 0.000e+00 7.446e-22 0.000e+00
 0.000e+00 5.728e-22 1.240e-22 1.537e-21 2.923e-21 3.154e-21 2.568e-21 4.816e-21 5.252e-21 2.459e-21
 3.919e-21 7.067e-21 6.917e-21 4.606e-21 1.273e-21 2.480e-21 7.126e-21 5.824e-21 2.388e-21 4.106e-21
 7.753e-21 3.344e-21 0.000e+00 0.000e+00 0.000e+00 0.000e+00 0.000e+00 0.000e+00 0.000e+00 0.000e+00
 0.000e+00 0.000e+00 0.000e+00 0.000e+00 0.000e+00 0.000e+00 0.000e+00 1.616e-21 4.162e-21 2.565e-21
 1.733e-21 6.364e-22 1.661e-21 4.252e-21 2.380e-21 1.605e-21 4.957e-21 6.849e-21 7.857e-21 7.993e-21
 5.065e-21 1.713e-21 0.000e+00 0.000e+00 4.735e-21 6.162e-21 5.807e-21 6.073e-21 3.400e-21 5.566e-22
 1.164e-21 1.519e-21 1.731e-21 3.555e-21 2.495e-21 2.133e-21 5.096e-21 1.494e-21 0.000e+00 0.000e+00
 0.000e+00 0.000e+00 0.000e+00 0.000e+00 0.000e+00 0.000e+00 0.000e+00 0.000e+00 0.000e+00 0.000e+00
 0.000e+00 0.000e+00 0.000e+00 0.000e+00 0.000e+00 0.000e+00 1.686e-21 5.886e-22 0.000e+00 1.256e-21
 5.323e-21 9.389e-21 8.411e-21 2.977e-21 0.000e+00 0.000e+00 3.993e-22 0.000e+00 2.812e-21 4.478e-21
 1.065e-21 2.571e-21 5.509e-21 5.976e-21 3.096e-21 0.000e+00 0.000e+00 0.000e+00 2.050e-22 0.000e+00
 0.000e+00 0.000e+00 0.000e+00 0.000e+00 0.000e+00 0.000e+00 0.000e+00 0.000e+00 3.388e-21 1.057e-21
 0.000e+00 0.000e+00 2.075e-22 2.308e-22 0.000e+00 0.000e+00 0.000e+00 0.000e+00 0.000e+00 0.000e+00
 0.000e+00 4.529e-21 7.344e-21 7.260e-21 5.213e-21
