     CH2F2 1385.0000 1475.0000      5975      212.      0.00  2.85E-19    HFC-32    HITRAN
 2.306e-21 2.692e-21 4.254e-21 4.510e-21 2.609e-21 1.712e-21 2.344e-21 1.615e-21 1.999e-21 3.443e-21
 3.151e-21 3.869e-21 3.882e-21 2.443e-21 2.556e-21 7.801e-22 0.000e+00 0.000e+00 0.000e+00 0.000e+00
 0.000e+00 0.000e+00 0.000e+00 0.000e+00 0.000e+00 0.000e+00 0.000e+00 0.000e+00 0.000e+00 0.000e+00
 0.000e+00 3.146e-22 1.371e-21 1.982e-21 6.436e-22 0.000e+00 4.210e-22 3.534e-21 4.520e-21 2.718e-21
 1.027e-21 4.607e-22 1.860e-21 1.332e-21 0.000e+00 0.000e+00 1.796e-22 2.330e-21 1.854e-21 9.741e-22
 6.999e-22 0.000e+00 0.000e+00 0.000e+00 0.000e+00 0.000e+00 1.903e-21 1.789e-21 0.000e+00 0.000e+00
 0.000e+00 0.000e+00 0.000e+00 0.000e+00 0.000e+00 0.000e+00 0.000e+00 0.000e+00 0.000e+00 0.000e+00
 0.000e+00 1.861e-22 1.477e-21 0.000e+00 0.000e+00 3.609e-22 1.317e-21 1.462e-21 2.583e-21 4.111e-21
 3.844e-21 4.302e-21 5.627e-21 7.018e-21 6.613e-21 4.116e-21 2.282e-21 1.994e-21 1.881e-21 2.527e-21
 3.109e-21 2.302e-21 1.290e-21 0.000e+00 0.000e+00 0.000e+00 5.003e-22 8.572e-22 0.000e+00 0.000e+00
 0.000e+00 0.000e+00 0.000e+00 0.000e+00 0.000e+00 0.000e+00 0.000e+00 0.000e+00 0.000e+00 0.000e+00
 0.000e+00 0.000e+00 0.000e+00 0.000e+00 0.000e+00 7.689e-22 0.000e+00 0.000e+00 3.249e-21 6.765e-21
 5.837e-21 2.180e-21 0.000e+00 0.000e+00 0.000e+00 0.000e+00 4.321e-22 2.539e-21 2.995e-21 1.663e-21
 0.000e+00 5.341e-22 1.088e-21 5.963e-23 5.200e-22 2.914e-22 0.000e+00 4.190e-22 1.303e-23 0.000e+00
 0.000e+00 0.000e+00 0.000e+00 0.000e+00 0.000e+00 0.000e+00 0.000e+00 0.000e+00 0.000e+00 7.107e-22
 1.350e-21 0.000e+00 0.000e+00 0.000e+00 3.889e-22 1.894e-21 1.091e-21 1.418e-21 2.087e-21 1.516e-21
 2.358e-21 3.361e-21 9.741e-22 0.000e+00 0.000e+00 2.368e-21 2.888e-21 1.915e-21 2.753e-21 1.979e-21
 0.000e+00 0.000e+00 3.591e-22 0.000e+00 0.000e+00 3.211e-22 3.217e-22 0.000e+00 0.000e+00 0.000e+00
 9.441e-22 6.620e-23 0.000e+00 7.734e-23 0.000e+00 0.000e+00 0.000e+00 0.000e+00 0.000e+00 0.000e+00
 0.000e+00 0.000e+00 0.000e+00 0.000e+00 0.000e+00 0.000e+00 5.702e-22 2.163e-21 4.605e-23 0.000e+00
 0.000e+00 0.000e+00 2.541e-21 4.970e-21 4.483e-21 2.508e-21 2.027e-21 1.572e-21 6.592e-22 8.645e-22
 2.520e-21 3.106e-21 2.288e-21 1.926e-21 0.000e+00 0.000e+00 6.900e-22 2.224e-23 0.000e+00 0.000e+00
 0.000e+00 0.000e+00 0.000e+00 0.000e+00 0.000e+00 0.000e+00 0.000e+00 2.412e-22 2.294e-22 0.000e+00
 0.000e+00 0.000e+00 0.000e+00 0.000e+00 0.000e+00 0.000e+00 1.623e-21 3.436e-21 5.161e-21 3.135e-21
 1.056e-21 1.572e-21 3.488e-21 4.897e-21 3.968e-21 2.478e-21 1.797e-21 2.973e-21 3.052e-21 2.677e-21
 2.913e-21 1.100e-21 8.125e-22 2.832e-21 1.293e-21 0.000e+00 0.000e+00 0.000e+00 0.000e+00 0.000e+00
 0.000e+00 0.000e+00 0.000e+00 0.000e+00 0.000e+00 0.000e+00 0.000e+00 0.000e+00 0.000e+00 0.000e+00
 0.000e+00 0.000e+00 0.000e+00 5.730e-23 5.889e-22 0.000e+00 0.000e+00 0.000e+00 0.000e+00 0.000e+00
 0.000e+00 1.480e-21 3.201e-21 2.776e-21 2.629e-21 2.413e-21 8.070e-22 0.000e+00 1.712e-21 2.424e-21
 8.149e-22 0.000e+00 0.000e+00 1.789e-21 3.336e-21 3.287e-21 1.276e-21 0.000e+00 2.042e-21 3.273e-21
 0.000e+00 0.000e+00 0.000e+00 0.000e+00 0.000e+00 0.000e+00 0.000e+00 0.000e+00 0.000e+00 0.000e+00
 0.000e+00 0.000e+00 0.000e+00 0.000e+00 0.000e+00 0.000e+00 0.000e+00 0.000e+00 0.000e+00 0.000e+00
 0.000e+00 3.107e-21 4.282e-21 1.511e-21 1.440e-21 4.936e-21 5.648e-21 4.076e-21 3.316e-21 2.592e-21
 1.446e-21 9.415e-22 1.409e-21 1.116e-21 0.000e+00 0.000e+00 5.684e-22 2.621e-22 0.000e+00 0.000e+00
 0.000e+00 1.420e-21 1.854e-21 1.243e-23 0.000e+00 0.000e+00 0.000e+00 0.000e+00 0.000e+00 0.000e+00
 0.000e+00 0.000e+00 0.000e+00 0.000e+00 0.000e+00 0.000e+00 0.000e+00 0.000e+00 1.253e-21 3.483e-21
 3.119e-21 7.049e-22 6.278e-22 1.211e-21 0.000e+00 0.000e+00 2.165e-21 1.405e-21 3.599e-22 2.887e-21
 5.567e-21 6.913e-21 6.950e-21 3.578e-21 6.472e-22 0.000e+00 0.000e+00 4.187e-22 1.531e-21 1.200e-21
 0.000e+00 0.000e+00 0.000e+00 0.000e+00 0.000e+00 0.000e+00 0.000e+00 0.000e+00 0.000e+00 0.000e+00
 0.000e+00 0.000e+00 0.000e+00 0.000e+00 0.000e+00 0.000e+00 0.000e+00 0.000e+00 0.000e+00 0.000e+00
 0.000e+00 0.000e+00 0.000e+00 1.150e-21 3.652e-21 5.289e-21 5.087e-21 4.276e-21 4.914e-21 6.345e-21
 5.152e-21 3.230e-21 3.517e-21 3.610e-21 1.598e-21 1.778e-22 8.798e-23 2.793e-22 0.000e+00 0.000e+00
 9.289e-22 0.000e+00 0.000e+00 0.000e+00 0.000e+00 0.000e+00 0.000e+00 0.000e+00 0.000e+00 0.000e+00
 0.000e+00 0.000e+00 0.000e+00 0.000e+00 0.000e+00 1.007e-21 1.052e-21 0.000e+00 0.000e+00 0.000e+00
 4.258e-22 1.910e-21 2.659e-21 2.520e-21 2.167e-21 4.287e-21 5.655e-21 4.787e-21 2.425e-21 0.000e+00
 3.050e-24 0.000e+00 0.000e+00 9.065e-22 2.493e-21 1.744e-21 6.034e-23 6.230e-24 9.192e-22 0.000e+00
 0.000e+00 0.000e+00 0.000e+00 0.000e+00 0.000e+00 0.000e+00 0.000e+00 0.000e+00 0.000e+00 0.000e+00
 0.000e+00 0.000e+00 0.000e+00 0.000e+00 0.000e+00 0.000e+00 0.000e+00 1.018e-21 1.739e-21 5.710e-22
 1.359e-21 2.367e-21 3.259e-21 4.937e-21 3.019e-21 0.000e+00 1.007e-21 4.639e-21 5.397e-21 2.279e-21
 0.000e+00 8.125e-22 2.842e-21 5.187e-21 5.515e-21 2.795e-21 8.989e-22 1.057e-21 4.551e-22 0.000e+00
 0.000e+00 0.000e+00 0.000e+00 0.000e+00 0.000e+00 0.000e+00 0.000e+00 0.000e+00 0.000e+00 0.000e+00
 0.000e+00 0.000e+00 0.000e+00 0.000e+00 0.000e+00 2.919e-21 1.551e-21 0.000e+00 0.000e+00 4.905e-22
 3.640e-22 0.000e+00 0.000e+00 3.174e-22 1.513e-21 9.715e-22 1.160e-22 0.000e+00 8.402e-22 1.083e-21
 0.000e+00 0.000e+00 1.590e-21 1.507e-21 7.478e-23 0.000e+00 4.084e-22 2.419e-21 2.788e-21 0.000e+00
 0.000e+00 0.000e+00 1.225e-21 2.367e-21 4.417e-22 0.000e+00 0.000e+00 0.000e+00 0.000e+00 0.000e+00
 0.000e+00 0.000e+00 0.000e+00 0.000e+00 0.000e+00 0.000e+00 0.000e+00 0.000e+00 0.000e+00 0.000e+00
 0.000e+00 0.000e+00 0.000e+00 0.000e+00 9.054e-22 2.016e-21 2.146e-21 1.209e-21 2.380e-22 2.790e-21
 5.228e-21 4.826e-21 3.438e-21 1.068e-21 2.621e-22 1.351e-21 9.992e-22 0.000e+00 0.000e+00 0.000e+00
 0.000e+00 0.000e+00 0.000e+00 0.000e+00 0.000e+00 3.446e-22 3.487e-22 0.000e+00 0.000e+00 0.000e+00
 0.000e+00 0.000e+00 0.000e+00 0.000e+00 0.000e+00 1.104e-21 0.000e+00 0.000e+00 0.000e+00 1.246e-21
 5.804e-22 0.000e+00 2.969e-22 4.099e-21 5.194e-21 3.389e-21 2.996e-21 3.361e-21 2.994e-21 2.250e-21
 1.323e-21 2.236e-21 1.642e-21 3.698e-23 3.306e-22 0.000e+00 0.000e+00 6.608e-22 1.842e-21 1.527e-21
 7.187e-23 0.000e+00 0.000e+00 0.000e+00 0.000e+00 0.000e+00 0.000e+00 0.000e+00 0.000e+00 0.000e+00
 0.000e+00 0.000e+00 0.000e+00 0.000e+00 0.000e+00 0.000e+00 0.000e+00 0.000e+00 1.433e-22 1.765e-21
 2.082e-21 1.703e-21 9.873e-22 1.116e-22 0.000e+00 1.081e-21 2.383e-21 2.629e-21 4.065e-21 4.365e-21
 3.776e-21 4.299e-21 4.696e-21 4.667e-21 3.246e-21 0.000e+00 0.000e+00 0.000e+00 8.929e-22 0.000e+00
 0.000e+00 5.346e-22 3.123e-22 2.532e-23 0.000e+00 0.000e+00 0.000e+00 0.000e+00 0.000e+00 0.000e+00
 0.000e+00 0.000e+00 0.000e+00 0.000e+00 0.000e+00 0.000e+00 0.000e+00 0.000e+00 0.000e+00 0.000e+00
 1.551e-22 1.742e-21 7.605e-22 0.000e+00 0.000e+00 2.877e-22 1.120e-21 2.220e-21 4.876e-21 4.974e-21
 3.524e-21 2.778e-21 1.837e-21 1.686e-22 0.000e+00 1.937e-21 3.060e-21 2.300e-21 2.033e-21 1.181e-21
 0.000e+00 0.000e+00 0.000e+00 0.000e+00 0.000e+00 0.000e+00 0.000e+00 0.000e+00 0.000e+00 0.000e+00
 0.000e+00 0.000e+00 0.000e+00 3.021e-22 9.329e-22 1.100e-22 1.661e-21 3.109e-21 2.512e-21 5.482e-22
 0.000e+00 0.000e+00 9.553e-23 5.161e-22 2.208e-22 2.857e-22 7.365e-22 1.847e-21 2.640e-21 3.195e-21
 2.962e-21 1.566e-21 1.900e-21 4.290e-21 5.778e-21 5.022e-21 3.894e-21 4.256e-21 4.659e-21 4.375e-21
 2.599e-21 0.000e+00 0.000e+00 0.000e+00 0.000e+00 0.000e+00 0.000e+00 0.000e+00 0.000e+00 0.000e+00
 0.000e+00 0.000e+00 0.000e+00 0.000e+00 0.000e+00 0.000e+00 0.000e+00 0.000e+00 0.000e+00 0.000e+00
 0.000e+00 0.000e+00 0.000e+00 0.000e+00 3.678e-22 1.006e-21 8.625e-22 1.922e-21 2.412e-21 1.328e-21
 1.981e-21 2.968e-21 2.179e-21 2.265e-21 1.782e-21 2.135e-21 3.846e-21 3.478e-21 2.882e-21 3.944e-21
 3.219e-21 0.000e+00 0.000e+00 2.124e-23 0.000e+00 0.000e+00 0.000e+00 0.000e+00 0.000e+00 0.000e+00
 0.000e+00 0.000e+00 0.000e+00 0.000e+00 0.000e+00 0.000e+00 0.000e+00 2.933e-21 1.787e-21 0.000e+00
 0.000e+00 0.000e+00 0.000e+00 1.276e-21 0.000e+00 0.000e+00 0.000e+00 0.000e+00 0.000e+00 3.665e-22
 0.000e+00 0.000e+00 0.000e+00 1.259e-21 4.210e-21 4.911e-21 9.842e-22 0.000e+00 1.850e-22 2.389e-21
 1.647e-21 1.076e-21 1.772e-21 1.730e-21 1.525e-21 5.598e-22 0.000e+00 0.000e+00 0.000e+00 6.868e-22
 2.325e-21 2.717e-21 0.000e+00 0.000e+00 0.000e+00 0.000e+00 0.000e+00 0.000e+00 0.000e+00 0.000e+00
 0.000e+00 0.000e+00 0.000e+00 0.000e+00 0.000e+00 9.404e-22 2.259e-21 3.917e-21 4.615e-21 2.891e-21
 6.152e-22 4.437e-22 1.530e-21 9.160e-22 3.085e-22 3.019e-21 7.064e-21 6.664e-21 2.552e-21 1.125e-21
 9.794e-22 2.685e-22 0.000e+00 0.000e+00 0.000e+00 0.000e+00 0.000e+00 0.000e+00 0.000e+00 1.893e-22
 0.000e+00 0.000e+00 0.000e+00 0.000e+00 0.000e+00 0.000e+00 0.000e+00 0.000e+00 0.000e+00 0.000e+00
 0.000e+00 0.000e+00 0.000e+00 2.738e-21 3.460e-21 1.570e-21 1.014e-21 2.107e-21 2.042e-21 0.000e+00
 0.000e+00 3.039e-22 2.168e-21 1.357e-21 4.697e-22 0.000e+00 0.000e+00 0.000e+00 0.000e+00 0.000e+00
 0.000e+00 0.000e+00 0.000e+00 1.222e-21 2.009e-21 0.000e+00 0.000e+00 0.000e+00 0.000e+00 0.000e+00
 0.000e+00 0.000e+00 0.000e+00 0.000e+00 0.000e+00 0.000e+00 0.000e+00 0.000e+00 0.000e+00 0.000e+00
 0.000e+00 0.000e+00 0.000e+00 0.000e+00 8.022e-22 1.109e-21 0.000e+00 1.375e-22 1.857e-21 1.613e-21
 0.000e+00 0.000e+00 1.401e-21 1.025e-21 9.146e-22 1.234e-21 5.198e-22 5.523e-22 1.358e-21 1.367e-21
 6.018e-22 0.000e+00 1.962e-21 3.243e-21 1.397e-22 0.000e+00 0.000e+00 0.000e+00 0.000e+00 0.000e+00
 0.000e+00 0.000e+00 8.136e-23 1.400e-21 3.560e-22 1.477e-22 0.000e+00 0.000e+00 0.000e+00 0.000e+00
 5.451e-22 5.692e-22 3.525e-22 1.001e-21 1.191e-21 5.692e-23 0.000e+00 0.000e+00 0.000e+00 2.805e-21
 6.050e-21 5.522e-21 4.447e-21 4.624e-21 4.675e-21 5.786e-21 7.299e-21 4.978e-21 2.147e-21 3.469e-21
 4.224e-21 1.889e-21 0.000e+00 0.000e+00 0.000e+00 1.854e-21 3.420e-21 1.875e-21 0.000e+00 0.000e+00
 0.000e+00 0.000e+00 0.000e+00 0.000e+00 0.000e+00 0.000e+00 0.000e+00 0.000e+00 0.000e+00 0.000e+00
 0.000e+00 3.406e-21 2.306e-21 0.000e+00 0.000e+00 3.894e-22 3.108e-21 3.641e-21 3.509e-21 3.125e-21
 3.855e-21 5.384e-21 7.099e-21 6.070e-21 4.205e-21 4.158e-21 3.256e-21 2.522e-21 1.847e-21 1.783e-21
 3.156e-21 2.991e-21 0.000e+00 0.000e+00 1.055e-22 0.000e+00 0.000e+00 6.689e-22 0.000e+00 0.000e+00
 0.000e+00 0.000e+00 0.000e+00 0.000e+00 9.658e-22 2.070e-21 5.291e-22 0.000e+00 8.364e-22 0.000e+00
 0.000e+00 0.000e+00 0.000e+00 0.000e+00 0.000e+00 0.000e+00 0.000e+00 0.000e+00 1.877e-21 2.168e-21
 1.767e-21 3.487e-21 3.579e-21 1.511e-21 0.000e+00 0.000e+00 0.000e+00 0.000e+00 1.919e-21 7.845e-21
 9.616e-21 6.721e-21 3.228e-21 3.735e-22 0.000e+00 0.000e+00 0.000e+00 2.224e-21 1.302e-22 0.000e+00
 0.000e+00 0.000e+00 2.606e-21 2.967e-21 9.179e-23 0.000e+00 0.000e+00 0.000e+00 0.000e+00 0.000e+00
 8.807e-23 4.374e-22 0.000e+00 2.725e-22 0.000e+00 0.000e+00 8.344e-22 3.195e-21 3.030e-21 3.395e-21
 5.533e-21 6.151e-21 5.239e-21 8.037e-21 9.826e-21 6.609e-21 2.907e-21 1.513e-21 2.297e-21 3.294e-21
 3.270e-21 2.125e-21 4.871e-22 0.000e+00 0.000e+00 0.000e+00 0.000e+00 3.353e-21 4.031e-21 3.409e-21
 3.277e-21 1.592e-21 0.000e+00 0.000e+00 0.000e+00 0.000e+00 2.040e-21 3.238e-21 4.745e-22 0.000e+00
 0.000e+00 0.000e+00 0.000e+00 1.147e-21 2.855e-21 3.399e-21 3.632e-22 0.000e+00 2.076e-21 4.607e-21
 7.339e-21 9.963e-21 6.623e-21 3.388e-21 2.901e-21 1.590e-21 8.161e-22 5.317e-22 4.762e-22 3.029e-22
 2.174e-21 3.991e-21 2.166e-21 1.191e-21 1.070e-21 9.085e-22 2.196e-21 1.997e-21 1.235e-22 0.000e+00
 0.000e+00 1.301e-21 6.472e-21 5.406e-21 2.343e-21 1.857e-22 0.000e+00 0.000e+00 0.000e+00 0.000e+00
 0.000e+00 1.823e-21 2.865e-21 0.000e+00 0.000e+00 0.000e+00 0.000e+00 0.000e+00 0.000e+00 1.972e-21
 5.703e-21 7.565e-21 5.418e-21 3.894e-21 6.673e-21 6.938e-21 4.463e-21 3.235e-21 3.511e-21 4.374e-21
 4.409e-21 3.531e-21 7.359e-22 0.000e+00 2.718e-23 2.801e-22 8.343e-22 7.515e-22 0.000e+00 4.154e-21
 8.845e-21 4.457e-21 0.000e+00 0.000e+00 0.000e+00 3.985e-22 1.780e-21 0.000e+00 0.000e+00 0.000e+00
 2.075e-21 5.080e-21 3.710e-21 2.005e-21 3.001e-21 3.681e-21 9.805e-22 0.000e+00 0.000e+00 2.386e-21
 7.013e-21 5.457e-21 3.098e-21 4.615e-21 5.375e-21 4.194e-21 3.767e-21 4.360e-21 4.772e-21 3.461e-21
 2.062e-21 2.930e-21 2.344e-21 1.927e-21 1.954e-21 0.000e+00 0.000e+00 1.029e-21 9.152e-22 0.000e+00
 3.152e-21 7.313e-21 2.029e-21 0.000e+00 0.000e+00 0.000e+00 0.000e+00 0.000e+00 0.000e+00 0.000e+00
 0.000e+00 6.351e-22 0.000e+00 0.000e+00 9.562e-22 1.891e-21 3.069e-23 1.221e-21 9.582e-21 1.282e-20
 5.259e-21 0.000e+00 0.000e+00 1.810e-21 2.792e-21 4.373e-21 5.661e-21 5.052e-21 1.350e-21 0.000e+00
 1.389e-21 4.215e-21 3.083e-21 5.081e-23 2.462e-22 1.750e-21 2.657e-21 6.572e-21 8.310e-21 5.032e-21
 7.039e-22 0.000e+00 5.202e-22 0.000e+00 0.000e+00 3.549e-22 3.398e-21 2.004e-21 0.000e+00 0.000e+00
 0.000e+00 8.090e-22 1.925e-21 5.855e-22 0.000e+00 0.000e+00 0.000e+00 5.508e-21 9.227e-21 5.528e-21
 2.460e-21 4.607e-21 3.733e-21 0.000e+00 0.000e+00 0.000e+00 7.173e-22 3.614e-21 3.782e-21 3.352e-21
 4.840e-21 3.796e-21 8.871e-22 0.000e+00 0.000e+00 1.110e-21 1.017e-20 1.842e-20 1.522e-20 4.638e-21
 0.000e+00 0.000e+00 0.000e+00 1.767e-21 3.595e-22 0.000e+00 6.783e-22 6.058e-22 0.000e+00 0.000e+00
 0.000e+00 0.000e+00 0.000e+00 5.702e-21 1.129e-20 1.226e-20 9.176e-21 8.192e-21 6.642e-21 2.727e-21
 4.603e-22 0.000e+00 0.000e+00 0.000e+00 1.669e-22 2.519e-22 3.222e-21 5.426e-21 2.403e-21 0.000e+00
 0.000e+00 0.000e+00 0.000e+00 4.043e-21 1.283e-20 1.426e-20 1.058e-20 5.580e-21 1.084e-21 0.000e+00
 0.000e+00 0.000e+00 2.727e-21 3.115e-21 2.599e-22 0.000e+00 0.000e+00 6.188e-22 3.730e-21 7.041e-21
 9.372e-21 6.968e-21 4.286e-21 4.216e-21 9.487e-21 1.271e-20 7.006e-21 5.279e-21 6.806e-21 4.105e-21
 4.633e-22 8.958e-22 3.728e-21 4.980e-21 7.722e-21 9.451e-21 9.796e-21 7.455e-21 4.241e-21 6.604e-21
 9.635e-21 1.521e-20 1.633e-20 6.648e-21 0.000e+00 0.000e+00 0.000e+00 0.000e+00 5.450e-24 2.419e-21
 1.391e-21 0.000e+00 1.751e-21 4.138e-21 6.337e-22 0.000e+00 0.000e+00 3.635e-22 2.634e-21 9.162e-21
 1.296e-20 5.881e-21 0.000e+00 0.000e+00 1.164e-21 2.542e-21 7.071e-23 0.000e+00 0.000e+00 2.135e-21
 5.868e-21 9.701e-21 7.206e-21 9.499e-22 0.000e+00 1.802e-21 3.658e-21 6.945e-21 1.010e-20 8.443e-21
 3.915e-21 4.799e-21 1.382e-20 1.781e-20 1.455e-20 1.150e-20 8.652e-21 8.687e-21 6.984e-21 2.142e-21
 0.000e+00 7.656e-22 1.416e-21 1.084e-21 1.943e-21 5.276e-22 0.000e+00 5.023e-21 1.381e-20 9.331e-21
 1.022e-21 4.908e-21 5.726e-21 6.458e-22 0.000e+00 5.979e-22 0.000e+00 0.000e+00 0.000e+00 5.195e-21
 6.361e-21 5.307e-21 5.624e-21 3.208e-21 4.981e-21 1.094e-20 1.398e-20 1.269e-20 1.127e-20 7.687e-21
 2.777e-21 1.903e-21 4.063e-21 8.157e-21 5.995e-21 1.130e-21 2.465e-22 1.950e-21 4.404e-21 5.988e-21
 8.326e-21 5.960e-21 0.000e+00 0.000e+00 0.000e+00 0.000e+00 4.007e-21 6.841e-21 9.568e-21 1.956e-20
 2.325e-20 1.666e-20 9.200e-21 3.108e-21 4.190e-22 8.137e-22 2.617e-21 3.315e-21 1.396e-21 1.843e-21
 3.926e-21 3.857e-21 3.347e-21 7.051e-21 1.893e-20 2.054e-20 9.396e-21 3.577e-21 1.222e-21 1.039e-21
 3.143e-21 6.735e-21 6.993e-21 6.108e-21 8.893e-21 7.924e-21 7.447e-21 1.108e-20 1.381e-20 1.297e-20
 1.219e-20 1.414e-20 1.110e-20 6.009e-21 7.747e-21 7.420e-21 1.287e-21 0.000e+00 0.000e+00 0.000e+00
 5.736e-22 8.273e-21 6.933e-21 1.155e-22 9.979e-22 1.915e-21 1.190e-21 5.748e-21 1.133e-20 9.293e-21
 5.072e-21 5.974e-21 1.243e-20 1.957e-20 1.338e-20 8.414e-21 2.061e-20 2.390e-20 1.689e-20 1.470e-20
 7.975e-21 1.630e-21 1.156e-21 2.017e-21 3.295e-21 3.687e-21 3.505e-21 2.008e-21 0.000e+00 3.022e-21
 1.481e-20 1.434e-20 4.521e-21 7.379e-21 1.721e-20 1.995e-20 1.014e-20 0.000e+00 0.000e+00 1.488e-21
 5.964e-21 3.274e-21 0.000e+00 0.000e+00 6.831e-21 1.823e-20 2.285e-20 1.495e-20 4.861e-21 2.382e-21
 1.880e-21 4.190e-21 1.070e-20 1.025e-20 4.429e-21 4.226e-21 5.697e-21 1.205e-20 2.116e-20 1.662e-20
 7.132e-21 3.355e-21 5.177e-21 1.392e-20 1.859e-20 1.326e-20 1.043e-20 1.374e-20 1.208e-20 5.831e-21
 4.390e-21 7.258e-21 1.669e-20 2.677e-20 1.787e-20 3.296e-21 0.000e+00 0.000e+00 3.175e-21 6.157e-21
 2.340e-21 0.000e+00 4.077e-22 6.560e-22 3.118e-21 2.270e-20 3.337e-20 1.562e-20 2.715e-21 3.732e-21
 3.837e-21 4.670e-21 4.922e-21 3.524e-22 0.000e+00 0.000e+00 8.792e-22 8.161e-21 1.648e-20 1.702e-20
 1.630e-20 1.510e-20 1.066e-20 1.141e-20 1.000e-20 3.557e-21 1.937e-21 2.347e-21 7.440e-21 1.688e-20
 1.979e-20 1.136e-20 2.447e-21 4.135e-21 8.739e-21 1.241e-20 1.587e-20 1.551e-20 8.867e-21 3.285e-21
 9.627e-21 1.423e-20 7.422e-21 2.337e-21 1.408e-22 0.000e+00 0.000e+00 0.000e+00 6.781e-21 2.695e-20
 3.483e-20 2.341e-20 1.115e-20 3.686e-21 3.264e-21 9.846e-21 1.229e-20 8.439e-21 4.648e-21 3.584e-21
 1.501e-20 2.731e-20 2.035e-20 1.354e-20 1.016e-20 3.089e-21 1.404e-21 1.736e-21 5.626e-21 1.008e-20
 8.165e-21 5.939e-21 1.179e-20 1.920e-20 2.390e-20 2.247e-20 9.264e-21 2.419e-21 2.801e-21 1.071e-20
 1.961e-20 1.255e-20 8.963e-21 1.334e-20 1.529e-20 1.391e-20 1.776e-20 2.284e-20 1.478e-20 4.228e-21
 4.594e-22 3.666e-22 2.069e-21 6.797e-21 7.547e-21 7.598e-21 7.492e-21 4.411e-21 7.017e-21 7.045e-21
 4.376e-21 5.576e-21 1.013e-20 1.222e-20 2.327e-20 4.032e-20 2.647e-20 5.445e-21 8.704e-21 1.477e-20
 9.258e-21 3.038e-21 3.025e-21 2.562e-21 1.027e-20 3.107e-20 3.560e-20 1.448e-20 7.015e-22 3.291e-21
 9.604e-21 6.756e-21 0.000e+00 0.000e+00 3.038e-21 1.803e-20 2.385e-20 1.452e-20 1.358e-20 1.644e-20
 1.863e-20 1.684e-20 6.925e-21 2.892e-21 1.002e-20 1.945e-20 2.422e-20 2.443e-20 1.627e-20 6.450e-21
 7.178e-21 6.704e-21 1.189e-21 0.000e+00 4.799e-21 1.789e-20 2.837e-20 2.567e-20 1.426e-20 7.082e-21
 4.638e-21 3.120e-21 2.553e-21 1.085e-20 2.285e-20 1.710e-20 3.412e-21 0.000e+00 0.000e+00 9.435e-21
 3.604e-20 3.905e-20 1.068e-20 0.000e+00 0.000e+00 4.016e-21 1.150e-20 8.799e-21 6.012e-21 1.937e-20
 3.804e-20 3.319e-20 1.790e-20 7.950e-21 4.009e-21 8.718e-21 2.081e-20 2.017e-20 1.186e-20 1.942e-20
 2.772e-20 3.195e-20 2.447e-20 8.436e-21 6.121e-21 2.312e-20 3.932e-20 3.451e-20 2.495e-20 1.336e-20
 1.410e-21 0.000e+00 6.329e-21 1.063e-20 1.177e-20 1.497e-20 1.539e-20 1.283e-20 6.607e-21 6.309e-21
 7.578e-21 2.640e-21 5.098e-21 9.828e-21 6.092e-21 3.956e-21 6.770e-21 3.890e-21 1.202e-21 0.000e+00
 3.810e-22 7.181e-21 1.372e-20 9.814e-21 9.532e-21 3.199e-20 3.980e-20 2.481e-20 1.417e-20 5.845e-21
 2.227e-21 7.307e-21 1.974e-20 3.494e-20 4.176e-20 2.563e-20 1.506e-20 2.070e-20 1.212e-20 5.330e-21
 1.154e-20 2.932e-20 3.709e-20 2.201e-20 2.247e-20 3.518e-20 3.620e-20 3.182e-20 3.095e-20 2.184e-20
 6.522e-21 2.225e-21 6.046e-21 1.789e-20 2.239e-20 1.179e-20 6.995e-21 1.798e-20 2.448e-20 1.050e-20
 8.832e-21 2.613e-20 2.589e-20 1.081e-20 2.973e-21 0.000e+00 4.097e-22 7.539e-21 8.886e-21 4.334e-21
 8.685e-22 1.335e-21 5.858e-21 1.326e-20 9.903e-21 2.834e-21 1.758e-21 6.277e-21 1.695e-20 2.860e-20
 4.519e-20 3.593e-20 1.793e-20 2.214e-20 1.928e-20 8.870e-21 1.705e-20 5.524e-20 5.979e-20 2.015e-20
 3.375e-21 1.663e-20 2.810e-20 2.273e-20 2.671e-20 3.606e-20 3.900e-20 3.801e-20 4.447e-20 4.984e-20
 2.559e-20 1.063e-20 1.378e-20 9.147e-21 1.181e-21 8.244e-22 8.002e-21 1.420e-20 1.877e-20 1.826e-20
 1.361e-20 7.119e-21 8.386e-21 8.238e-21 3.129e-22 0.000e+00 3.970e-22 5.344e-21 1.143e-20 1.265e-20
 5.294e-21 9.287e-22 2.154e-21 7.562e-21 1.371e-20 7.538e-21 8.662e-22 4.515e-22 8.893e-21 2.011e-20
 1.540e-20 4.553e-21 3.347e-21 2.463e-20 6.177e-20 5.720e-20 1.827e-20 1.144e-20 2.107e-20 2.329e-20
 3.727e-20 5.276e-20 4.278e-20 2.290e-20 1.525e-20 3.169e-20 5.063e-20 3.081e-20 2.855e-20 5.148e-20
 4.649e-20 3.565e-20 2.188e-20 5.003e-21 7.841e-22 7.391e-22 8.645e-21 4.102e-20 5.817e-20 2.836e-20
 5.363e-21 5.273e-21 6.364e-21 1.087e-20 1.302e-20 7.429e-21 4.337e-22 0.000e+00 7.421e-22 6.587e-21
 9.725e-21 3.997e-21 1.267e-21 1.990e-21 9.020e-21 1.468e-20 7.047e-21 1.463e-21 2.461e-21 1.211e-20
 1.960e-20 1.109e-20 1.243e-21 7.165e-21 2.095e-20 1.878e-20 5.863e-21 2.277e-20 7.329e-20 7.233e-20
 2.249e-20 1.297e-20 4.717e-20 7.247e-20 5.072e-20 3.533e-20 4.493e-20 4.646e-20 5.494e-20 6.794e-20
 7.051e-20 4.377e-20 1.550e-20 1.018e-20 7.846e-21 1.372e-20 2.689e-20 2.848e-20 1.743e-20 1.195e-20
 6.918e-21 2.844e-21 5.681e-21 6.648e-21 8.320e-21 9.506e-21 5.562e-21 0.000e+00 0.000e+00 0.000e+00
 8.369e-21 1.277e-20 5.085e-21 2.681e-21 5.175e-21 1.456e-20 1.825e-20 9.015e-21 4.230e-21 8.903e-21
 1.976e-20 1.861e-20 5.748e-21 3.412e-21 1.795e-20 2.557e-20 1.259e-20 5.405e-21 1.924e-20 2.850e-20
 2.284e-20 5.324e-20 9.288e-20 5.923e-20 2.829e-20 7.178e-20 8.964e-20 5.079e-20 5.291e-20 7.625e-20
 6.247e-20 4.581e-20 2.927e-20 2.113e-20 3.857e-20 4.790e-20 3.709e-20 1.779e-20 5.889e-21 7.046e-21
 1.085e-20 9.774e-21 3.576e-21 3.532e-21 7.626e-21 1.227e-20 1.452e-20 6.459e-21 0.000e+00 3.085e-22
 3.619e-21 1.061e-20 1.029e-20 3.910e-21 4.026e-21 9.889e-21 1.793e-20 1.369e-20 3.314e-21 5.208e-21
 1.781e-20 2.689e-20 1.473e-20 3.675e-21 1.462e-20 3.090e-20 2.384e-20 1.038e-20 2.290e-20 3.249e-20
 1.915e-20 1.685e-20 4.007e-20 4.036e-20 6.214e-20 1.069e-19 8.861e-20 8.779e-20 1.183e-19 1.130e-19
 7.242e-20 3.766e-20 3.968e-20 3.368e-20 2.852e-20 2.791e-20 1.421e-20 4.532e-21 1.246e-22 7.355e-22
 4.012e-21 1.076e-20 9.588e-21 2.683e-21 3.547e-22 1.755e-21 9.475e-21 1.379e-20 7.718e-21 2.071e-21
 2.543e-21 1.049e-20 1.674e-20 8.672e-21 2.167e-21 4.409e-21 1.482e-20 1.784e-20 5.964e-21 1.196e-21
 1.206e-20 2.465e-20 1.516e-20 5.200e-21 1.780e-20 3.283e-20 2.210e-20 9.938e-21 2.850e-20 3.735e-20
 2.159e-20 2.668e-20 4.531e-20 3.121e-20 3.471e-20 5.039e-20 4.936e-20 1.050e-19 1.636e-19 1.503e-19
 1.127e-19 9.341e-20 7.859e-20 4.995e-20 1.922e-20 2.794e-21 5.541e-21 6.323e-21 3.119e-21 1.547e-21
 4.936e-22 5.564e-21 1.275e-20 1.191e-20 7.182e-21 6.479e-21 8.364e-21 1.652e-20 1.357e-20 3.018e-21
 1.080e-21 7.890e-21 1.648e-20 1.133e-20 2.954e-21 2.833e-21 1.443e-20 2.119e-20 1.091e-20 2.706e-21
 1.174e-20 2.564e-20 1.796e-20 5.578e-21 1.792e-20 3.245e-20 1.873e-20 1.222e-20 3.358e-20 3.566e-20
 2.150e-20 3.558e-20 4.027e-20 2.835e-20 4.648e-20 5.009e-20 5.310e-20 6.955e-20 9.702e-20 1.987e-19
 2.390e-19 1.341e-19 3.768e-20 6.080e-21 2.003e-21 3.334e-21 7.909e-21 1.346e-20 1.101e-20 5.844e-21
 5.199e-21 7.289e-21 1.018e-20 1.152e-20 8.207e-21 4.191e-21 3.788e-21 1.153e-20 1.432e-20 6.257e-21
 2.419e-21 7.698e-21 1.803e-20 1.521e-20 2.751e-21 1.475e-21 1.474e-20 2.243e-20 1.174e-20 7.806e-21
 1.951e-20 2.793e-20 1.516e-20 8.001e-21 2.687e-20 3.316e-20 1.954e-20 2.613e-20 4.419e-20 2.972e-20
 3.100e-20 5.122e-20 4.371e-20 5.139e-20 6.034e-20 5.963e-20 7.476e-20 8.722e-20 1.144e-19 1.589e-19
 1.783e-19 1.547e-19 9.323e-20 2.792e-20 2.036e-21 3.612e-21 6.268e-21 8.257e-21 6.636e-21 2.847e-21
 3.076e-22 5.842e-22 7.416e-21 1.244e-20 7.682e-21 1.921e-21 1.610e-21 8.245e-21 1.255e-20 6.665e-21
 8.109e-22 5.990e-21 1.494e-20 9.676e-21 0.000e+00 6.070e-21 2.290e-20 2.508e-20 1.055e-20 9.838e-21
 2.563e-20 2.469e-20 1.001e-20 1.963e-20 3.887e-20 2.694e-20 1.719e-20 4.168e-20 4.390e-20 3.232e-20
 4.760e-20 4.592e-20 4.688e-20 6.542e-20 7.023e-20 8.785e-20 1.114e-19 1.242e-19 1.138e-19 8.664e-20
 8.537e-20 7.525e-20 7.510e-20 9.341e-20 5.291e-20 9.080e-21 2.623e-21 4.539e-21 8.903e-21 5.450e-21
 3.158e-21 3.457e-21 9.235e-21 1.222e-20 6.609e-21 1.832e-21 1.917e-21 9.448e-21 1.239e-20 6.048e-21
 1.660e-21 1.123e-20 1.938e-20 1.094e-20 3.509e-21 1.406e-20 2.714e-20 1.698e-20 3.265e-21 1.601e-20
 3.035e-20 1.751e-20 1.217e-20 3.293e-20 3.384e-20 1.798e-20 3.491e-20 4.281e-20 3.090e-20 5.078e-20
 5.534e-20 5.158e-20 6.713e-20 8.508e-20 1.391e-19 1.717e-19 1.337e-19 7.774e-20 4.248e-20 5.804e-20
 8.392e-20 5.264e-20 2.362e-20 6.552e-20 8.846e-20 3.836e-20 2.968e-21 3.959e-21 7.455e-21 6.242e-21
 1.844e-21 2.296e-21 8.846e-21 1.228e-20 5.271e-21 0.000e+00 3.607e-21 1.492e-20 1.455e-20 4.001e-21
 5.179e-21 1.568e-20 1.546e-20 3.668e-21 5.346e-21 1.990e-20 2.081e-20 7.493e-21 1.583e-20 3.518e-20
 2.467e-20 1.336e-20 2.934e-20 3.328e-20 1.745e-20 3.353e-20 4.313e-20 3.595e-20 5.358e-20 5.389e-20
 5.800e-20 8.037e-20 1.168e-19 1.675e-19 1.505e-19 9.059e-20 6.361e-20 4.152e-20 4.322e-20 8.385e-20
 7.430e-20 2.578e-20 6.527e-21 3.635e-20 9.069e-20 7.381e-20 1.739e-20 2.527e-21 5.362e-21 6.145e-21
 2.337e-21 3.195e-21 7.955e-21 6.364e-21 1.655e-21 2.354e-21 1.170e-20 1.471e-20 6.818e-21 3.510e-21
 1.411e-20 1.810e-20 7.969e-21 6.676e-21 2.019e-20 2.273e-20 8.722e-21 1.415e-20 2.916e-20 2.330e-20
 1.813e-20 3.739e-20 3.883e-20 2.650e-20 4.573e-20 4.450e-20 3.938e-20 5.607e-20 6.078e-20 8.245e-20
 1.468e-19 2.309e-19 2.056e-19 8.868e-20 4.279e-20 3.692e-20 3.947e-20 6.914e-20 7.436e-20 4.552e-20
 1.554e-20 5.428e-21 8.694e-21 4.331e-20 9.544e-20 7.530e-20 2.218e-20 8.712e-21 5.074e-21 1.463e-21
 1.729e-21 5.978e-21 7.846e-21 1.673e-21 1.347e-21 1.173e-20 1.677e-20 8.728e-21 5.611e-21 1.430e-20
 1.879e-20 9.788e-21 8.863e-21 2.224e-20 2.108e-20 8.431e-21 1.847e-20 3.200e-20 1.730e-20 1.569e-20
 3.553e-20 2.863e-20 2.842e-20 4.810e-20 4.168e-20 4.950e-20 6.163e-20 7.426e-20 1.338e-19 1.847e-19
 1.731e-19 1.107e-19 7.446e-20 6.548e-20 4.915e-20 4.857e-20 5.780e-20 7.082e-20 5.076e-20 1.564e-20
 4.696e-21 9.090e-24 1.030e-20 6.548e-20 1.017e-19 5.031e-20 8.134e-21 4.538e-21 0.000e+00 0.000e+00
 4.531e-22 5.855e-21 3.924e-21 4.282e-21 6.922e-21 8.832e-21 3.530e-21 3.565e-21 1.668e-20 1.735e-20
 8.929e-21 1.114e-20 2.239e-20 1.386e-20 8.374e-21 2.407e-20 2.451e-20 1.290e-20 2.982e-20 4.020e-20
 2.774e-20 4.509e-20 4.728e-20 4.931e-20 6.945e-20 1.005e-19 1.819e-19 2.235e-19 1.897e-19 1.206e-19
 6.055e-20 5.339e-20 7.051e-20 6.638e-20 3.699e-20 3.863e-20 3.787e-20 1.304e-20 3.477e-21 0.000e+00
 6.643e-22 1.087e-20 6.642e-20 1.038e-19 5.350e-20 7.967e-21 4.215e-21 4.186e-21 1.332e-21 3.541e-21
 7.783e-21 6.826e-21 5.755e-21 9.441e-21 6.095e-21 0.000e+00 5.040e-21 1.405e-20 1.042e-20 5.689e-21
 1.675e-20 2.067e-20 1.349e-20 2.116e-20 2.991e-20 1.892e-20 2.601e-20 4.023e-20 3.092e-20 4.658e-20
 5.563e-20 5.216e-20 7.731e-20 1.074e-19 1.372e-19 1.583e-19 1.672e-19 1.361e-19 9.675e-20 9.177e-20
 6.410e-20 2.407e-20 2.544e-20 5.851e-20 5.104e-20 1.028e-20 0.000e+00 0.000e+00 0.000e+00 2.112e-22
 2.170e-20 8.355e-20 9.424e-20 3.375e-20 1.459e-21 1.900e-21 1.683e-21 2.530e-21 1.713e-21 2.373e-21
 1.460e-21 6.208e-21 8.994e-21 3.962e-21 4.610e-21 1.205e-20 1.078e-20 4.523e-21 1.564e-20 1.962e-20
 1.020e-20 1.533e-20 2.598e-20 1.817e-20 2.486e-20 3.729e-20 2.564e-20 3.942e-20 4.800e-20 6.446e-20
 1.195e-19 1.374e-19 1.446e-19 1.866e-19 1.894e-19 1.375e-19 1.169e-19 8.717e-20 2.413e-20 5.009e-21
 2.391e-20 3.897e-20 2.120e-20 2.810e-21 3.308e-21 1.960e-21 2.712e-21 2.320e-21 2.415e-20 8.128e-20
 9.290e-20 3.735e-20 6.588e-21 2.528e-21 0.000e+00 1.142e-21 1.216e-21 0.000e+00 0.000e+00 1.944e-21
 5.749e-21 3.114e-21 2.291e-21 1.088e-20 1.146e-20 5.514e-21 1.476e-20 1.772e-20 1.061e-20 1.616e-20
 2.614e-20 1.699e-20 2.571e-20 3.286e-20 2.646e-20 4.120e-20 5.038e-20 8.239e-20 1.075e-19 9.997e-20
 1.274e-19 1.785e-19 1.988e-19 1.688e-19 1.010e-19 3.383e-20 6.702e-21 2.396e-20 5.920e-20 4.824e-20
 1.185e-20 4.527e-21 3.494e-21 3.810e-21 2.270e-21 4.001e-21 2.992e-20 8.163e-20 8.918e-20 3.635e-20
 4.147e-21 1.356e-21 3.177e-21 2.219e-21 2.858e-21 5.865e-22 0.000e+00 0.000e+00 2.676e-21 2.661e-21
 2.622e-21 8.101e-21 5.127e-21 2.671e-21 8.848e-21 1.189e-20 9.271e-21 1.842e-20 1.681e-20 1.310e-20
 3.007e-20 2.753e-20 3.358e-20 4.985e-20 8.513e-20 1.245e-19 1.044e-19 1.017e-19 1.911e-19 2.747e-19
 2.041e-19 8.042e-20 2.591e-20 6.371e-21 1.893e-20 4.134e-20 3.403e-20 8.645e-21 1.254e-21 2.037e-22
 0.000e+00 0.000e+00 6.596e-21 4.574e-20 8.498e-20 7.580e-20 3.569e-20 9.894e-21 2.078e-21 0.000e+00
 0.000e+00 6.517e-22 4.765e-21 4.290e-21 3.955e-21 1.317e-21 0.000e+00 0.000e+00 1.699e-21 2.573e-21
 5.455e-22 3.936e-21 8.577e-21 6.397e-21 1.007e-20 1.605e-20 7.106e-21 1.549e-20 2.374e-20 3.194e-20
 4.816e-20 6.372e-20 9.378e-20 9.601e-20 1.050e-19 1.644e-19 2.121e-19 1.869e-19 1.130e-19 4.652e-20
 1.291e-20 3.485e-20 6.413e-20 4.035e-20 5.181e-21 0.000e+00 1.530e-23 2.125e-21 3.136e-21 1.477e-20
 3.886e-20 5.621e-20 7.056e-20 4.807e-20 9.353e-21 0.000e+00 0.000e+00 0.000e+00 0.000e+00 0.000e+00
 0.000e+00 0.000e+00 0.000e+00 0.000e+00 0.000e+00 0.000e+00 0.000e+00 1.836e-22 3.817e-21 6.802e-21
 5.218e-21 4.852e-21 1.140e-20 1.009e-20 1.927e-20 2.269e-20 2.652e-20 3.782e-20 5.790e-20 1.089e-19
 1.386e-19 1.544e-19 1.723e-19 2.012e-19 1.944e-19 1.025e-19 2.832e-20 1.368e-20 3.544e-20 3.916e-20
 1.222e-20 1.948e-21 0.000e+00 0.000e+00 0.000e+00 1.404e-20 5.695e-20 6.140e-20 4.314e-20 4.068e-20
 2.061e-20 4.792e-22 0.000e+00 0.000e+00 0.000e+00 0.000e+00 0.000e+00 0.000e+00 3.985e-22 8.891e-23
 0.000e+00 0.000e+00 0.000e+00 0.000e+00 1.393e-21 1.620e-21 0.000e+00 9.464e-22 4.671e-21 7.451e-21
 8.545e-21 1.568e-20 1.772e-20 2.097e-20 2.976e-20 4.202e-20 9.017e-20 1.323e-19 1.219e-19 1.197e-19
 1.645e-19 1.694e-19 9.061e-20 2.786e-20 4.085e-20 6.008e-20 2.863e-20 3.551e-21 2.261e-21 1.299e-21
 2.905e-21 1.869e-20 3.797e-20 2.394e-20 3.118e-20 5.836e-20 3.667e-20 5.453e-21 0.000e+00 0.000e+00
 0.000e+00 0.000e+00 0.000e+00 1.287e-21 2.348e-21 4.329e-21 5.646e-21 4.971e-21 4.313e-21 3.579e-21
 3.113e-21 1.579e-21 0.000e+00 0.000e+00 1.206e-21 1.570e-21 3.855e-21 1.030e-20 1.551e-20 1.696e-20
 2.311e-20 3.040e-20 6.512e-20 1.403e-19 1.608e-19 1.186e-19 1.274e-19 1.718e-19 1.317e-19 4.565e-20
 2.747e-20 3.451e-20 1.440e-20 0.000e+00 0.000e+00 1.491e-21 2.667e-20 6.035e-20 4.306e-20 1.151e-20
 2.302e-20 3.680e-20 1.555e-20 0.000e+00 0.000e+00 0.000e+00 9.223e-22 1.653e-21 2.609e-21 5.939e-22
 0.000e+00 0.000e+00 0.000e+00 0.000e+00 1.536e-21 2.060e-21 9.256e-22 2.494e-22 0.000e+00 1.049e-23
 1.253e-21 1.481e-21 4.545e-22 0.000e+00 0.000e+00 1.219e-22 8.352e-21 1.681e-20 4.007e-20 6.959e-20
 8.294e-20 9.544e-20 1.077e-19 1.367e-19 1.363e-19 7.178e-20 4.743e-20 4.995e-20 1.858e-20 0.000e+00
 0.000e+00 1.804e-20 3.593e-20 2.219e-20 4.795e-21 1.857e-20 5.198e-20 4.349e-20 9.956e-21 1.274e-21
 2.334e-22 0.000e+00 4.895e-22 0.000e+00 0.000e+00 0.000e+00 4.311e-22 2.550e-21 1.623e-21 0.000e+00
 0.000e+00 0.000e+00 0.000e+00 0.000e+00 0.000e+00 9.259e-22 0.000e+00 0.000e+00 0.000e+00 0.000e+00
 0.000e+00 0.000e+00 0.000e+00 6.828e-21 3.835e-20 7.026e-20 6.086e-20 7.896e-20 1.215e-19 1.395e-19
 1.260e-19 7.150e-20 3.741e-20 2.262e-20 3.805e-21 8.004e-21 3.927e-20 4.836e-20 1.797e-20 3.998e-21
 1.201e-20 2.837e-20 2.574e-20 6.552e-21 1.732e-21 3.002e-21 4.815e-21 3.450e-21 3.184e-21 1.745e-21
 0.000e+00 0.000e+00 0.000e+00 0.000e+00 0.000e+00 0.000e+00 0.000e+00 0.000e+00 8.926e-23 0.000e+00
 0.000e+00 0.000e+00 0.000e+00 0.000e+00 0.000e+00 0.000e+00 0.000e+00 0.000e+00 0.000e+00 4.928e-21
 2.129e-20 3.397e-20 2.916e-20 4.013e-20 8.135e-20 1.194e-19 1.093e-19 7.244e-20 4.343e-20 1.569e-20
 1.458e-20 2.942e-20 2.034e-20 6.229e-21 2.763e-21 1.874e-20 4.484e-20 3.483e-20 8.654e-21 3.853e-21
 4.807e-21 4.792e-21 3.211e-21 0.000e+00 0.000e+00 0.000e+00 2.203e-21 2.884e-21 2.575e-21 1.922e-21
 3.053e-22 0.000e+00 1.123e-21 3.380e-21 2.609e-21 1.390e-21 0.000e+00 0.000e+00 0.000e+00 0.000e+00
 2.157e-21 3.696e-21 3.649e-21 3.025e-21 3.185e-21 9.792e-21 3.540e-20 4.141e-20 2.289e-20 2.858e-20
 7.376e-20 1.116e-19 8.710e-20 4.224e-20 2.713e-20 4.007e-20 3.718e-20 1.090e-20 1.240e-21 4.061e-21
 2.028e-20 2.793e-20 1.354e-20 4.073e-21 1.968e-21 1.777e-21 8.410e-22 3.039e-22 2.856e-22 1.590e-21
 2.135e-21 8.583e-22 5.988e-22 1.057e-21 9.755e-22 0.000e+00 0.000e+00 0.000e+00 0.000e+00 0.000e+00
 0.000e+00 1.155e-21 2.320e-21 3.685e-21 3.169e-21 3.073e-21 3.857e-21 5.004e-21 3.800e-21 4.246e-21
 7.266e-21 1.266e-20 2.303e-20 2.023e-20 7.760e-21 2.042e-20 6.315e-20 8.949e-20 6.896e-20 4.490e-20
 3.355e-20 1.567e-20 2.873e-21 3.254e-21 2.324e-20 3.403e-20 1.507e-20 4.895e-21 1.031e-20 1.184e-20
 7.984e-21 5.119e-21 3.721e-21 2.559e-21 2.637e-21 1.330e-21 5.637e-23 5.474e-21 1.284e-20 9.187e-21
 2.789e-21 1.938e-21 1.438e-21 2.068e-21 4.456e-21 7.964e-21 1.235e-20 1.497e-20 1.242e-20 7.471e-21
 6.164e-21 6.109e-21 5.833e-21 7.712e-21 1.229e-20 1.711e-20 1.950e-20 2.979e-20 4.093e-20 2.972e-20
 1.527e-20 3.460e-20 6.487e-20 6.753e-20 5.579e-20 3.633e-20 1.714e-20 1.537e-20 2.282e-20 2.466e-20
 1.804e-20 1.466e-20 1.289e-20 1.315e-20 1.551e-20 1.536e-20 1.407e-20 1.536e-20 2.242e-20 2.125e-20
 1.603e-20 1.519e-20 1.585e-20 1.705e-20 1.741e-20 1.900e-20 1.764e-20 1.742e-20 2.104e-20 2.314e-20
 2.320e-20 2.480e-20 2.400e-20 2.141e-20 2.350e-20 2.455e-20 2.401e-20 2.144e-20 1.974e-20 2.192e-20
 2.414e-20 2.429e-20 2.258e-20 2.527e-20 2.904e-20 2.787e-20 3.065e-20 4.268e-20 4.645e-20 3.345e-20
 2.425e-20 3.528e-20 4.589e-20 3.455e-20 2.184e-20 1.794e-20 1.654e-20 1.944e-20 2.513e-20 3.211e-20
 3.394e-20 3.082e-20 2.980e-20 3.085e-20 3.373e-20 3.347e-20 3.177e-20 3.515e-20 3.325e-20 2.914e-20
 3.511e-20 4.634e-20 4.677e-20 3.755e-20 3.788e-20 4.015e-20 4.158e-20 4.497e-20 4.466e-20 4.260e-20
 4.147e-20 5.061e-20 6.112e-20 5.917e-20 5.235e-20 5.549e-20 5.945e-20 5.440e-20 5.646e-20 6.564e-20
 6.350e-20 5.982e-20 7.654e-20 8.213e-20 7.150e-20 7.088e-20 6.695e-20 5.971e-20 6.143e-20 6.876e-20
 7.240e-20 8.034e-20 8.564e-20 8.057e-20 7.762e-20 7.616e-20 7.237e-20 7.337e-20 8.845e-20 9.887e-20
 1.002e-19 9.682e-20 9.569e-20 1.101e-19 1.165e-19 1.030e-19 9.586e-20 1.134e-19 1.329e-19 1.319e-19
 1.184e-19 1.210e-19 1.321e-19 1.234e-19 1.146e-19 1.272e-19 1.512e-19 1.485e-19 1.311e-19 1.481e-19
 1.658e-19 1.431e-19 1.335e-19 1.673e-19 1.820e-19 1.575e-19 1.611e-19 1.809e-19 1.500e-19 1.408e-19
 1.953e-19 2.080e-19 1.706e-19 1.849e-19 1.939e-19 1.632e-19 2.102e-19 2.495e-19 2.072e-19 2.115e-19
 2.249e-19 1.851e-19 2.317e-19 2.671e-19 2.178e-19 2.370e-19 2.240e-19 2.331e-19 2.716e-19 2.371e-19
 2.347e-19 2.305e-19 2.514e-19 2.682e-19 2.375e-19 2.312e-19 2.467e-19 2.640e-19 2.445e-19 2.517e-19
 2.845e-19 2.572e-19 2.199e-19 2.313e-19 2.226e-19 1.914e-19 1.870e-19 1.611e-19 1.379e-19 1.144e-19
 5.891e-20 1.494e-20 4.114e-21 1.079e-20 1.137e-20 5.668e-21 1.439e-21 3.263e-21 4.997e-21 6.972e-21
 4.422e-21 1.714e-21 3.622e-21 9.705e-22 0.000e+00 2.646e-21 1.059e-20 1.316e-20 7.915e-21 1.750e-21
 7.492e-22 2.591e-21 6.441e-23 0.000e+00 0.000e+00 0.000e+00 1.897e-21 3.828e-21 3.668e-21 3.619e-21
 2.103e-21 0.000e+00 0.000e+00 0.000e+00 1.915e-21 1.167e-21 1.357e-21 2.122e-21 1.432e-21 9.646e-22
 1.204e-21 0.000e+00 0.000e+00 0.000e+00 7.148e-21 7.490e-21 2.135e-21 1.411e-22 4.830e-22 4.492e-22
 6.476e-23 0.000e+00 3.831e-22 7.217e-22 3.146e-21 5.452e-21 5.006e-21 1.651e-21 0.000e+00 1.689e-21
 5.462e-21 5.625e-21 1.344e-21 0.000e+00 0.000e+00 0.000e+00 0.000e+00 0.000e+00 1.621e-21 6.882e-22
 0.000e+00 0.000e+00 0.000e+00 1.545e-21 3.161e-21 1.740e-21 0.000e+00 1.201e-22 1.974e-22 0.000e+00
 1.152e-21 2.560e-21 2.649e-21 7.143e-21 1.402e-20 1.095e-20 4.031e-21 7.132e-21 9.445e-21 3.695e-21
 2.802e-21 6.019e-21 3.733e-21 0.000e+00 0.000e+00 3.946e-23 1.759e-21 2.746e-21 3.859e-21 5.334e-21
 4.175e-21 2.005e-21 2.849e-22 1.228e-21 3.218e-21 3.220e-21 2.578e-21 1.816e-21 0.000e+00 0.000e+00
 0.000e+00 2.386e-21 3.938e-21 3.303e-21 2.188e-21 7.965e-22 0.000e+00 1.432e-21 4.041e-21 2.207e-21
 0.000e+00 0.000e+00 0.000e+00 0.000e+00 2.867e-21 8.830e-21 9.572e-21 3.238e-21 0.000e+00 6.414e-21
 3.419e-20 4.583e-20 2.023e-20 1.826e-21 9.927e-23 9.941e-21 2.110e-20 1.597e-20 5.885e-21 1.631e-21
 1.955e-21 2.924e-21 2.342e-21 2.859e-21 4.424e-21 4.352e-21 2.628e-21 1.221e-21 2.049e-21 2.633e-21
 5.592e-22 0.000e+00 0.000e+00 0.000e+00 0.000e+00 1.096e-21 2.424e-21 1.814e-21 1.204e-21 2.556e-21
 4.005e-21 3.256e-21 1.901e-22 0.000e+00 0.000e+00 7.820e-21 2.651e-20 2.310e-20 4.232e-21 0.000e+00
 0.000e+00 7.859e-22 2.909e-20 6.612e-20 5.669e-20 2.173e-20 5.846e-21 3.419e-21 5.189e-21 4.174e-21
 1.047e-20 1.895e-20 1.453e-20 8.861e-21 9.994e-21 1.162e-20 8.704e-21 3.689e-21 0.000e+00 0.000e+00
 7.862e-22 0.000e+00 0.000e+00 0.000e+00 0.000e+00 0.000e+00 0.000e+00 0.000e+00 5.693e-22 1.025e-21
 1.300e-21 3.276e-21 2.992e-21 0.000e+00 0.000e+00 1.295e-21 1.346e-20 1.946e-20 7.623e-21 2.124e-21
 4.392e-21 1.554e-21 0.000e+00 7.051e-21 4.748e-20 9.176e-20 8.207e-20 4.832e-20 3.580e-20 2.091e-20
 7.380e-21 6.141e-21 5.436e-21 4.140e-21 1.024e-20 3.226e-20 3.490e-20 1.120e-20 8.431e-22 4.254e-22
 1.181e-21 2.857e-21 2.500e-21 2.256e-21 4.765e-22 0.000e+00 0.000e+00 0.000e+00 0.000e+00 0.000e+00
 1.236e-21 3.452e-21 1.661e-21 0.000e+00 2.835e-21 1.158e-20 3.644e-20 3.990e-20 1.262e-20 2.610e-24
 0.000e+00 0.000e+00 0.000e+00 2.939e-21 9.913e-21 3.483e-20 5.925e-20 8.252e-20 1.125e-19 8.238e-20
 2.678e-20 2.079e-20 2.680e-20 1.433e-20 3.481e-21 2.613e-21 1.130e-21 6.876e-22 3.170e-21 1.839e-20
 3.037e-20 1.692e-20 3.679e-21 0.000e+00 0.000e+00 0.000e+00 0.000e+00 0.000e+00 8.066e-23 1.882e-21
 2.603e-21 1.761e-21 1.860e-21 3.383e-21 6.763e-21 2.171e-20 3.224e-20 1.775e-20 4.704e-21 2.851e-21
 2.728e-21 3.066e-21 2.993e-21 2.948e-21 1.294e-20 4.882e-20 6.644e-20 4.704e-20 4.775e-20 7.972e-20
 1.118e-19 1.002e-19 4.640e-20 7.455e-21 3.462e-21 2.814e-20 4.692e-20 2.705e-20 5.694e-21 3.691e-21
 3.024e-21 1.469e-21 4.037e-21 2.886e-20 4.783e-20 2.525e-20 4.540e-21 3.013e-21 1.207e-21 5.426e-22
 9.670e-22 1.622e-21 1.992e-21 1.055e-20 4.165e-20 5.330e-20 2.268e-20 5.935e-21 4.642e-21 7.170e-22
 0.000e+00 8.274e-22 4.661e-21 1.219e-20 3.307e-20 3.653e-20 2.192e-20 2.041e-20 3.091e-20 4.621e-20
 7.130e-20 1.177e-19 1.363e-19 1.132e-19 7.305e-20 2.612e-20 6.279e-21 6.094e-21 4.906e-21 1.065e-20
 2.742e-20 2.547e-20 7.226e-21 2.276e-21 3.171e-21 4.107e-21 1.187e-20 3.157e-20 3.001e-20 7.009e-21
 0.000e+00 3.051e-21 2.763e-20 4.059e-20 1.961e-20 3.106e-21 1.320e-21 7.583e-22 3.782e-21 3.997e-21
 2.567e-22 1.056e-20 4.740e-20 5.801e-20 2.167e-20 7.387e-21 1.458e-20 1.882e-20 2.595e-20 3.570e-20
 4.685e-20 6.569e-20 9.868e-20 1.163e-19 1.063e-19 9.297e-20 8.446e-20 5.158e-20 1.282e-20 1.515e-21
 0.000e+00 0.000e+00 0.000e+00 3.625e-21 2.789e-20 5.649e-20 3.936e-20 7.365e-21 1.698e-21 2.872e-20
 1.033e-19 1.058e-19 3.105e-20 0.000e+00 0.000e+00 6.643e-22 3.596e-21 6.465e-21 1.127e-20 3.252e-20
 4.173e-20 1.717e-20 2.877e-21 2.288e-22 2.868e-23 6.010e-21 1.111e-20 2.037e-20 2.643e-20 3.012e-20
 4.141e-20 5.138e-20 8.523e-20 1.296e-19 1.232e-19 1.030e-19 1.069e-19 9.677e-20 7.005e-20 4.474e-20
 1.867e-20 4.501e-21 2.376e-21 8.587e-22 1.425e-21 1.813e-21 1.218e-20 3.694e-20 3.999e-20 2.953e-20
 3.720e-20 2.702e-20 2.524e-20 4.207e-20 3.071e-20 4.378e-20 6.549e-20 3.473e-20 4.237e-21 8.400e-22
 5.196e-22 2.932e-21 1.903e-21 3.035e-21 9.024e-21 1.050e-20 1.849e-20 2.086e-20 2.323e-20 3.306e-20
 3.837e-20 4.755e-20 6.955e-20 1.015e-19 1.051e-19 8.938e-20 8.732e-20 9.351e-20 9.941e-20 6.805e-20
 3.533e-20 5.224e-20 6.638e-20 7.147e-20 7.275e-20 3.743e-20 5.599e-21 3.782e-21 4.129e-21 3.710e-21
 1.557e-20 3.881e-20 3.539e-20 1.573e-20 6.584e-20 1.264e-19 7.870e-20 1.013e-20 0.000e+00 3.333e-22
 0.000e+00 1.290e-21 4.002e-21 6.650e-21 1.130e-20 2.012e-20 1.711e-20 2.487e-20 2.792e-20 2.506e-20
 3.874e-20 4.867e-20 9.590e-20 1.230e-19 9.431e-20 7.762e-20 7.751e-20 8.554e-20 8.959e-20 1.393e-19
 1.615e-19 8.835e-20 2.633e-20 1.329e-20 3.727e-20 6.956e-20 8.683e-20 5.432e-20 1.003e-20 3.716e-23
 0.000e+00 4.584e-22 0.000e+00 2.198e-21 5.704e-21 2.593e-20 4.379e-20 2.692e-20 1.123e-20 2.202e-20
 4.269e-20 3.287e-20 1.872e-20 1.347e-20 1.032e-20 1.767e-20 1.886e-20 1.960e-20 3.493e-20 3.534e-20
 3.856e-20 7.727e-20 8.546e-20 8.094e-20 1.075e-19 1.390e-19 1.163e-19 7.608e-20 8.716e-20 8.647e-20
 1.241e-19 1.604e-19 9.353e-20 2.294e-20 3.328e-21 2.743e-21 5.100e-21 3.961e-20 6.486e-20 3.303e-20
 3.576e-21 1.734e-21 1.062e-21 0.000e+00 1.559e-21 3.755e-20 7.416e-20 4.287e-20 5.557e-21 4.817e-21
 9.839e-21 7.249e-21 1.251e-20 2.453e-20 4.836e-20 8.633e-20 7.114e-20 2.874e-20 3.848e-20 1.033e-19
 1.402e-19 1.096e-19 6.573e-20 8.047e-20 1.347e-19 1.048e-19 7.350e-20 7.530e-20 6.116e-20 8.256e-20
 6.925e-20 7.113e-20 1.403e-19 1.284e-19 4.370e-20 5.818e-21 4.698e-21 3.110e-21 0.000e+00 0.000e+00
 6.815e-21 3.158e-20 3.649e-20 1.648e-20 2.461e-20 4.492e-20 3.263e-20 1.101e-20 4.653e-21 9.111e-21
 1.024e-20 6.009e-21 2.437e-20 7.893e-20 8.573e-20 4.434e-20 4.988e-20 8.601e-20 1.086e-19 1.090e-19
 7.670e-20 5.178e-20 5.785e-20 4.526e-20 5.169e-20 6.335e-20 5.042e-20 7.395e-20 6.871e-20 5.756e-20
 8.625e-20 6.392e-20 4.735e-20 1.032e-19 1.176e-19 5.576e-20 1.004e-20 5.447e-22 4.188e-21 4.517e-21
 1.851e-21 7.340e-21 4.634e-20 7.817e-20 5.676e-20 6.611e-20 9.121e-20 7.153e-20 4.126e-20 5.581e-20
 8.895e-20 5.732e-20 2.549e-20 2.528e-20 3.956e-20 8.543e-20 8.672e-20 3.528e-20 2.104e-20 4.312e-20
 3.664e-20 3.060e-20 6.479e-20 9.650e-20 1.057e-19 9.063e-20 5.364e-20 5.431e-20 7.853e-20 5.108e-20
 5.779e-20 9.217e-20 7.304e-20 9.412e-20 1.225e-19 8.772e-20 4.855e-20 2.158e-20 1.660e-20 6.935e-20
 1.178e-19 8.476e-20 5.325e-20 4.062e-20 1.733e-20 1.385e-20 8.092e-21 4.920e-21 1.315e-20 3.039e-20
 5.016e-20 6.871e-20 7.654e-20 4.218e-20 1.069e-20 2.198e-20 3.398e-20 1.945e-20 2.392e-20 4.397e-20
 2.999e-20 2.953e-20 5.553e-20 4.173e-20 3.283e-20 6.846e-20 7.792e-20 8.573e-20 1.028e-19 6.678e-20
 3.428e-20 7.997e-20 1.422e-19 1.437e-19 1.599e-19 1.736e-19 1.099e-19 6.863e-20 5.508e-20 2.292e-20
 1.180e-20 9.099e-21 2.978e-21 5.161e-21 1.080e-20 1.118e-20 1.691e-20 6.100e-20 8.540e-20 4.076e-20
 7.904e-21 1.823e-20 2.612e-20 1.488e-20 4.187e-20 9.605e-20 7.190e-20 2.318e-20 3.345e-20 4.175e-20
 2.168e-20 3.283e-20 5.653e-20 5.144e-20 9.515e-20 1.539e-19 1.124e-19 5.582e-20 8.719e-20 1.520e-19
 1.351e-19 9.724e-20 1.427e-19 1.281e-19 4.816e-20 5.021e-20 6.475e-20 3.287e-20 1.986e-20 3.975e-20
 3.737e-20 1.696e-20 3.462e-20 5.647e-20 3.319e-20 6.008e-21 9.965e-21 1.813e-20 1.088e-20 4.618e-21
 1.605e-20 2.370e-20 9.101e-21 3.227e-21 2.702e-20 5.891e-20 9.063e-20 1.134e-19 9.089e-20 5.128e-20
 5.554e-20 8.454e-20 9.698e-20 9.358e-20 8.411e-20 7.367e-20 4.259e-20 2.750e-20 7.114e-20 8.008e-20
 5.493e-20 8.708e-20 1.327e-19 1.124e-19 4.763e-20 2.056e-20 5.406e-20 9.224e-20 7.281e-20 2.278e-20
 1.328e-20 5.377e-20 7.222e-20 3.134e-20 5.422e-21 2.247e-20 6.645e-20 9.816e-20 6.919e-20 3.448e-20
 2.570e-20 9.879e-21 6.692e-21 2.823e-20 4.323e-20 4.760e-20 5.135e-20 5.216e-20 3.534e-20 1.286e-20
 3.062e-20 5.767e-20 3.455e-20 1.778e-20 5.478e-20 9.638e-20 9.112e-20 6.012e-20 8.380e-20 1.229e-19
 1.001e-19 8.425e-20 1.298e-19 1.503e-19 8.885e-20 4.216e-20 7.107e-20 1.236e-19 1.127e-19 5.550e-20
 2.583e-20 1.211e-20 6.048e-21 1.945e-20 4.816e-20 4.494e-20 3.526e-20 6.422e-20 6.416e-20 3.123e-20
 7.233e-21 6.644e-21 2.700e-20 3.283e-20 1.490e-20 1.533e-20 3.672e-20 3.330e-20 1.224e-20 2.219e-20
 5.295e-20 4.391e-20 1.887e-20 4.608e-20 1.101e-19 1.061e-19 7.559e-20 1.415e-19 1.801e-19 1.029e-19
 3.571e-20 5.076e-20 8.647e-20 9.834e-20 8.823e-20 5.033e-20 3.641e-20 5.808e-20 6.722e-20 4.157e-20
 1.037e-20 7.391e-21 1.860e-20 2.093e-20 8.841e-21 4.571e-21 2.601e-20 6.871e-20 6.713e-20 2.260e-20
 1.615e-20 3.023e-20 2.234e-20 3.435e-21 1.797e-20 5.037e-20 9.149e-20 1.257e-19 9.521e-20 6.230e-20
 4.683e-20 1.898e-20 1.829e-20 7.123e-20 1.091e-19 6.929e-20 2.658e-20 4.806e-20 1.143e-19 1.190e-19
 8.252e-20 7.959e-20 5.517e-20 5.192e-20 6.533e-20 7.426e-20 1.200e-19 1.158e-19 4.370e-20 6.677e-21
 1.737e-20 1.827e-20 9.111e-21 4.729e-21 1.920e-20 7.285e-20 1.006e-19 4.997e-20 2.676e-20 7.428e-20
 8.554e-20 5.559e-20 2.828e-20 2.497e-20 3.665e-20 2.223e-20 7.979e-21 2.928e-20 7.378e-20 7.871e-20
 5.270e-20 4.526e-20 5.955e-20 6.602e-20 3.114e-20 5.640e-21 1.005e-20 5.744e-20 1.088e-19 7.269e-20
 1.862e-20 5.725e-21 1.488e-20 5.436e-20 1.096e-19 1.339e-19 9.984e-20 4.239e-20 2.207e-20 2.388e-20
 3.521e-20 6.031e-20 5.406e-20 3.461e-20 1.740e-20 1.284e-21 2.379e-21 2.937e-20 7.344e-20 6.311e-20
 1.715e-20 8.420e-21 3.111e-20 3.568e-20 2.580e-20 6.260e-20 1.136e-19 9.881e-20 3.680e-20 8.450e-21
 1.410e-20 4.980e-20 1.089e-19 1.139e-19 8.267e-20 5.138e-20 3.446e-20 5.452e-20 5.302e-20 2.030e-20
 2.425e-20 5.833e-20 6.611e-20 5.770e-20 6.461e-20 7.434e-20 7.537e-20 6.310e-20 3.999e-20 1.518e-20
 1.061e-20 2.440e-20 1.824e-20 7.353e-21 1.194e-20 4.863e-20 7.812e-20 3.958e-20 4.067e-21 2.258e-20
 9.286e-20 1.210e-19 5.498e-20 7.384e-21 4.613e-21 3.200e-20 4.480e-20 2.460e-20 2.426e-20 3.997e-20
 7.037e-20 9.308e-20 6.804e-20 2.699e-20 9.952e-21 1.379e-20 6.075e-20 1.063e-19 7.286e-20 2.143e-20
 8.114e-21 7.318e-21 2.073e-20 6.190e-20 6.875e-20 2.644e-20 1.670e-20 7.216e-20 1.119e-19 6.846e-20
 1.722e-20 3.126e-21 3.862e-21 1.782e-20 3.563e-20 4.796e-20 4.199e-20 1.774e-20 2.708e-20 6.053e-20
 6.053e-20 7.860e-20 9.029e-20 5.491e-20 4.599e-20 4.404e-20 2.434e-20 8.335e-21 9.874e-21 4.065e-20
 5.255e-20 2.570e-20 3.891e-21 1.094e-20 5.394e-20 1.065e-19 1.165e-19 7.430e-20 2.293e-20 6.427e-21
 1.869e-20 4.633e-20 6.991e-20 6.150e-20 3.288e-20 1.997e-20 2.893e-20 2.308e-20 2.268e-20 4.819e-20
 5.935e-20 5.475e-20 4.791e-20 5.565e-20 6.139e-20 3.134e-20 1.933e-20 3.064e-20 1.910e-20 9.082e-21
 3.076e-20 8.448e-20 1.055e-19 5.871e-20 1.160e-20 2.881e-21 7.711e-21 1.153e-20 3.263e-20 3.852e-20
 1.493e-20 8.790e-21 1.625e-20 1.175e-20 5.908e-21 2.173e-20 4.758e-20 4.893e-20 4.335e-20 6.053e-20
 6.268e-20 7.326e-20 1.070e-19 1.030e-19 7.702e-20 3.998e-20 2.987e-20 5.234e-20 4.675e-20 3.410e-20
 2.981e-20 3.413e-20 2.675e-20 7.509e-21 1.773e-20 3.391e-20 2.057e-20 2.460e-21 1.176e-21 4.227e-21
 2.316e-20 3.730e-20 3.015e-20 2.615e-20 1.765e-20 5.607e-21 1.670e-20 5.206e-20 6.202e-20 4.851e-20
 3.283e-20 1.553e-20 3.555e-20 7.290e-20 8.413e-20 8.022e-20 7.354e-20 4.898e-20 1.608e-20 6.551e-21
 1.623e-20 3.475e-20 4.311e-20 2.976e-20 1.504e-20 1.133e-20 2.304e-20 4.666e-20 4.729e-20 1.984e-20
 5.925e-21 1.192e-20 2.607e-20 3.711e-20 3.719e-20 3.616e-20 3.284e-20 4.111e-20 6.706e-20 6.002e-20
 2.420e-20 2.036e-20 4.084e-20 5.088e-20 5.013e-20 6.439e-20 6.963e-20 3.141e-20 1.456e-21 0.000e+00
 5.118e-21 1.466e-20 2.003e-20 2.673e-20 2.948e-20 3.080e-20 3.234e-20 2.775e-20 2.314e-20 1.500e-20
 1.510e-20 2.948e-20 5.247e-20 8.011e-20 7.182e-20 3.037e-20 8.639e-21 6.913e-21 6.531e-21 2.006e-20
 3.770e-20 2.626e-20 6.663e-21 1.484e-20 3.049e-20 3.084e-20 4.923e-20 6.904e-20 3.774e-20 4.840e-21
 1.737e-21 1.061e-20 2.160e-20 2.096e-20 3.023e-20 3.595e-20 2.380e-20 3.587e-20 6.394e-20 6.855e-20
 4.508e-20 1.503e-20 7.343e-21 2.563e-20 4.176e-20 3.836e-20 3.663e-20 3.575e-20 2.135e-20 2.047e-20
 3.710e-20 4.058e-20 2.499e-20 9.681e-21 3.649e-21 1.188e-20 3.165e-20 4.006e-20 3.180e-20 1.991e-20
 1.976e-20 2.943e-20 2.668e-20 1.111e-20 1.509e-20 3.858e-20 4.569e-20 2.908e-20 1.532e-20 4.233e-20
 7.049e-20 4.469e-20 2.279e-20 4.859e-20 6.168e-20 2.780e-20 8.684e-22 0.000e+00 8.387e-22 2.154e-21
 3.996e-21 1.291e-20 1.813e-20 1.360e-20 1.545e-20 4.278e-20 5.541e-20 3.792e-20 3.472e-20 2.690e-20
 1.093e-20 1.933e-20 3.153e-20 2.194e-20 1.912e-20 3.244e-20 2.686e-20 1.225e-20 7.563e-21 1.127e-20
 2.326e-20 2.478e-20 2.559e-20 3.377e-20 2.309e-20 1.468e-20 1.401e-20 1.530e-20 3.520e-20 3.664e-20
 2.274e-20 2.576e-20 2.762e-20 1.933e-20 2.773e-20 4.788e-20 4.260e-20 3.584e-20 3.021e-20 8.172e-21
 0.000e+00 9.060e-21 2.100e-20 1.498e-20 1.087e-20 2.014e-20 4.028e-20 4.449e-20 1.953e-20 5.517e-21
 1.057e-20 2.744e-20 3.905e-20 2.623e-20 7.532e-21 2.633e-21 6.053e-21 7.648e-21 1.367e-20 3.386e-20
 5.308e-20 5.326e-20 4.985e-20 3.588e-20 9.741e-21 0.000e+00 4.449e-21 1.044e-20 7.459e-21 8.373e-21
 2.059e-20 2.647e-20 2.297e-20 2.452e-20 2.678e-20 1.517e-20 1.759e-21 9.400e-24 2.032e-21 1.282e-20
 4.056e-20 4.778e-20 2.572e-20 1.057e-20 1.033e-20 1.060e-20 1.825e-20 3.911e-20 3.517e-20 2.613e-20
 3.307e-20 2.783e-20 2.104e-20 1.980e-20 2.634e-20 2.736e-20 1.968e-20 2.438e-20 3.341e-20 2.797e-20
 1.043e-20 5.892e-21 1.060e-20 8.624e-21 3.048e-21 5.681e-22 1.514e-21 2.049e-21 9.403e-21 1.880e-20
 2.201e-20 2.255e-20 1.705e-20 5.346e-21 0.000e+00 0.000e+00 0.000e+00 8.402e-21 2.425e-20 3.112e-20
 2.487e-20 2.516e-20 3.272e-20 4.283e-20 4.206e-20 2.567e-20 3.377e-20 4.428e-20 2.759e-20 1.391e-20
 9.443e-21 5.771e-21 5.134e-21 6.534e-21 8.464e-21 2.130e-20 3.150e-20 2.144e-20 1.183e-20 1.148e-20
 1.127e-20 8.372e-21 5.589e-21 1.087e-20 1.611e-20 1.270e-20 1.507e-20 2.198e-20 2.446e-20 2.110e-20
 1.080e-20 7.751e-21 9.735e-21 4.165e-21 3.836e-21 9.749e-21 9.038e-21 1.677e-20 3.281e-20 2.782e-20
 1.100e-20 6.779e-21 6.809e-21 7.950e-21 1.084e-20 9.256e-21 1.705e-20 2.227e-20 1.028e-20 5.998e-21
 1.598e-20 1.859e-20 1.448e-20 3.012e-20 4.175e-20 2.294e-20 8.033e-21 7.726e-21 7.309e-21 1.469e-20
 2.280e-20 2.210e-20 2.742e-20 2.337e-20 8.406e-21 6.671e-21 9.616e-21 1.178e-20 1.187e-20 4.135e-21
 0.000e+00 5.674e-21 6.193e-21 4.639e-21 1.137e-20 1.405e-20 1.003e-20 5.664e-21 2.763e-21 5.304e-21
 1.370e-20 1.592e-20 9.219e-21 5.987e-21 9.599e-21 1.571e-20 1.801e-20 1.629e-20 1.681e-20 1.510e-20
 1.056e-20 1.300e-20 1.753e-20 1.393e-20 7.314e-21 6.819e-21 6.445e-21 1.027e-20 1.851e-20 1.867e-20
 2.000e-20 1.641e-20 1.108e-20 1.629e-20 1.548e-20 1.002e-20 1.400e-20 2.198e-20 2.029e-20 1.211e-20
 7.438e-21 7.659e-21 6.736e-21 1.826e-21 3.030e-21 8.200e-21 6.446e-21 5.918e-21 8.354e-21 3.789e-21
 1.124e-22 0.000e+00 0.000e+00 0.000e+00 2.155e-21 9.079e-21 1.382e-20 2.206e-20 2.639e-20 2.421e-20
 1.746e-20 8.343e-21 6.505e-21 7.851e-21 8.678e-21 1.117e-20 1.637e-20 1.337e-20 6.511e-21 9.713e-21
 1.173e-20 8.144e-21 1.033e-20 2.075e-20 2.355e-20 1.421e-20 7.235e-21 6.669e-21 6.277e-21 5.137e-21
 7.434e-21 1.128e-20 1.155e-20 9.229e-21 9.618e-21 8.102e-21 1.540e-21 0.000e+00 0.000e+00 5.093e-21
 1.157e-20 7.318e-21 2.872e-21 3.185e-21 0.000e+00 2.123e-21 1.265e-20 1.635e-20 9.585e-21 5.549e-21
 5.592e-21 5.090e-21 1.003e-20 1.660e-20 1.506e-20 9.379e-21 5.932e-21 6.452e-21 8.060e-21 9.761e-21
 1.770e-20 1.991e-20 1.161e-20 6.947e-21 7.161e-21 1.047e-20 1.041e-20 4.852e-21 2.205e-22 0.000e+00
 4.628e-21 1.066e-20 7.740e-21 6.733e-21 1.369e-20 1.048e-20 1.777e-21 9.486e-22 0.000e+00 0.000e+00
 0.000e+00 1.402e-21 6.752e-21 8.254e-21 1.002e-20 1.573e-20 1.481e-20 1.027e-20 7.930e-21 7.118e-21
 8.973e-21 9.288e-21 5.744e-21 2.684e-21 4.372e-21 8.469e-21 1.091e-20 8.189e-21 9.083e-21 1.566e-20
 1.424e-20 8.188e-21 5.739e-21 6.129e-21 7.532e-21 1.170e-20 1.278e-20 9.974e-21 1.036e-20 8.211e-21
 5.268e-21 3.528e-21 9.325e-22 0.000e+00 0.000e+00 1.826e-21 5.075e-21 6.670e-21 2.898e-21 0.000e+00
 2.145e-21 4.081e-21 7.801e-21 1.473e-20 1.197e-20 6.267e-21 3.739e-21 1.336e-21 4.313e-22 0.000e+00
 2.297e-22 3.747e-21 9.866e-21 1.235e-20 1.010e-20 9.081e-21 6.642e-21 6.047e-21 7.009e-21 5.656e-21
 4.313e-21 5.431e-21 8.077e-21 9.066e-21 1.517e-20 2.282e-20 1.649e-20 4.293e-21 1.467e-21 5.881e-21
 9.041e-21 5.722e-21 0.000e+00 0.000e+00 5.396e-22 7.468e-21 7.937e-21 2.933e-21 0.000e+00 9.775e-22
 3.613e-21 2.076e-21 0.000e+00 0.000e+00 0.000e+00 2.741e-21 8.257e-21 1.049e-20 9.525e-21 7.342e-21
 2.802e-21 1.446e-22 1.078e-21 4.283e-21 8.983e-21 1.436e-20 1.505e-20 1.172e-20 9.892e-21 9.926e-21
 1.205e-20 1.416e-20 1.463e-20 1.161e-20 7.432e-21 5.284e-21 3.883e-21 4.271e-21 5.070e-21 4.701e-21
 5.054e-21 6.217e-21 3.834e-21 0.000e+00 0.000e+00 0.000e+00 1.038e-21 5.284e-21 7.393e-21 2.619e-21
 0.000e+00 0.000e+00 0.000e+00 4.975e-22 3.263e-21 2.479e-23 0.000e+00 0.000e+00 2.270e-21 6.934e-21
 7.947e-21 3.891e-21 1.186e-21 4.966e-21 9.956e-21 1.073e-20 8.923e-21 8.959e-21 1.045e-20 9.446e-21
 8.306e-21 8.095e-21 6.331e-21 3.545e-21 2.424e-21 1.868e-21 1.247e-21 2.565e-21 4.514e-21 7.087e-21
 7.174e-21 3.096e-21 0.000e+00 0.000e+00 2.346e-22 2.861e-21 4.264e-21 2.587e-21 1.477e-21 1.668e-21
 1.242e-21 0.000e+00 0.000e+00 0.000e+00 5.731e-23 3.029e-21 2.474e-21 1.534e-21 2.570e-21 2.853e-21
 2.688e-21 4.382e-21 7.028e-21 8.340e-21 8.379e-21 6.195e-21 4.594e-21 4.130e-21 4.291e-21 5.740e-21
 7.407e-21 9.597e-21 9.176e-21 7.993e-21 6.266e-21 1.667e-21 4.855e-23 1.882e-21 3.639e-21 4.187e-21
 2.753e-21 2.618e-21 5.453e-21 5.554e-21 1.486e-21 0.000e+00 1.723e-21 3.642e-21 1.399e-21 0.000e+00
 0.000e+00 2.158e-22 9.883e-22 1.812e-21 5.403e-21 6.188e-21 2.732e-21 9.176e-22 1.434e-21 3.380e-21
 3.206e-21 2.193e-21 6.573e-21 9.324e-21 7.118e-21 6.728e-21 6.659e-21 6.720e-21 5.920e-21 4.181e-21
 5.250e-21 5.507e-21 5.004e-21 5.139e-21 4.452e-21 2.222e-21 1.003e-21 3.760e-21 5.085e-21 4.854e-21
 4.727e-21 2.283e-21 3.620e-22 9.462e-22 2.573e-21 2.004e-21 0.000e+00 0.000e+00 0.000e+00 0.000e+00
 1.691e-21 1.123e-23 0.000e+00 0.000e+00 0.000e+00 0.000e+00 2.595e-21 3.275e-21 1.489e-21 1.650e-21
 1.564e-21 0.000e+00 0.000e+00 1.178e-22 3.298e-21 7.957e-21 7.682e-21 3.715e-21 2.926e-21 4.594e-21
 7.081e-21 8.101e-21 6.013e-21 2.899e-21 1.067e-21 2.802e-21 4.730e-21 4.164e-21 3.831e-21 2.854e-21
 1.077e-21 9.708e-22 1.110e-21 2.084e-21 3.637e-21 1.220e-21 0.000e+00 0.000e+00 0.000e+00 1.942e-21
 2.735e-21 4.857e-22 0.000e+00 0.000e+00 0.000e+00 0.000e+00 1.550e-21 2.688e-21 2.494e-21 3.318e-22
 0.000e+00 2.616e-21 6.184e-21 6.813e-21 2.731e-21 0.000e+00 1.876e-21 4.090e-21 4.117e-21 4.891e-21
 6.092e-21 6.190e-21 4.284e-21 2.465e-21 3.413e-21 5.347e-21 6.327e-21 6.658e-21 7.816e-21 8.000e-21
 4.238e-21 3.608e-22 0.000e+00 0.000e+00 0.000e+00 0.000e+00 0.000e+00 0.000e+00 0.000e+00 0.000e+00
 0.000e+00 0.000e+00 0.000e+00 0.000e+00 0.000e+00 0.000e+00 0.000e+00 0.000e+00 0.000e+00 1.536e-21
 2.770e-21 2.226e-21 1.428e-21 2.609e-22 0.000e+00 0.000e+00 7.811e-22 2.870e-21 3.328e-21 2.034e-21
 1.299e-21 2.512e-21 3.934e-21 5.759e-21 6.580e-21 5.941e-21 6.717e-21 6.538e-21 4.158e-21 1.736e-21
 0.000e+00 0.000e+00 0.000e+00 0.000e+00 2.785e-21 4.778e-21 2.706e-21 0.000e+00 0.000e+00 0.000e+00
 0.000e+00 0.000e+00 0.000e+00 0.000e+00 0.000e+00 0.000e+00 0.000e+00 0.000e+00 0.000e+00 8.747e-22
 3.448e-21 2.930e-21 2.200e-21 2.521e-21 1.611e-21 1.374e-21 2.929e-21 5.111e-21 6.290e-21 4.794e-21
 3.643e-21 4.734e-21 4.754e-21 3.875e-21 3.513e-21 2.903e-21 8.144e-22 0.000e+00 2.861e-21 4.235e-21
 7.486e-22 0.000e+00 9.291e-22 3.717e-21 4.307e-21 2.343e-21 1.029e-22 4.418e-22 3.937e-23 0.000e+00
 0.000e+00 0.000e+00 0.000e+00 7.428e-22 9.811e-23 0.000e+00 0.000e+00 0.000e+00 0.000e+00 0.000e+00
 0.000e+00 1.518e-23 1.173e-21 0.000e+00 6.000e-22 1.164e-21 2.332e-22 0.000e+00 7.110e-22 2.009e-21
 4.059e-21 6.424e-21 5.205e-21 5.286e-21 6.356e-21 4.305e-21 3.819e-21 4.805e-21 5.081e-21 5.772e-21
 5.414e-21 3.823e-21 3.172e-21 1.706e-21 8.336e-22 2.148e-21 2.492e-21 4.060e-22 0.000e+00 0.000e+00
 3.732e-22 1.480e-21 4.823e-22 0.000e+00 0.000e+00 1.043e-21 1.893e-21 7.513e-22 0.000e+00 0.000e+00
 4.189e-22 5.053e-22 5.526e-22 6.308e-22 0.000e+00 0.000e+00 2.070e-21 3.562e-21 3.853e-21 4.027e-21
 4.830e-21 5.974e-21 5.466e-21 4.971e-21 7.044e-21 8.231e-21 8.636e-21 8.019e-21 5.865e-21 5.524e-21
 5.493e-21 2.901e-21 8.329e-22 1.628e-21 3.473e-21 4.907e-21 4.783e-21 3.646e-21 2.023e-21 4.541e-23
 0.000e+00 1.734e-23 0.000e+00 0.000e+00 0.000e+00 0.000e+00 0.000e+00 0.000e+00 0.000e+00 0.000e+00
 0.000e+00 1.070e-21 3.609e-21 4.616e-21 3.014e-21 2.331e-21 3.789e-21 4.883e-21 6.313e-21 5.814e-21
 3.879e-21 3.669e-21 3.617e-21 2.727e-21 3.561e-21 6.147e-21 7.388e-21 7.149e-21 6.070e-21 2.692e-21
 2.395e-22 1.735e-21 3.512e-21 3.718e-21 1.883e-21 0.000e+00 0.000e+00 0.000e+00 2.740e-21 4.555e-21
 2.077e-21 0.000e+00 0.000e+00 0.000e+00 0.000e+00 0.000e+00 0.000e+00 2.575e-21 3.026e-21 0.000e+00
 0.000e+00 0.000e+00 8.420e-23 1.203e-21 1.900e-21 2.686e-21 4.021e-21 3.249e-21 1.275e-21 1.820e-21
 2.264e-21 2.211e-21 2.425e-21 2.628e-21 1.980e-21 5.765e-22 1.200e-21 3.054e-21 4.556e-21 4.021e-21
 2.384e-21 1.607e-21 1.608e-21 2.227e-21 2.658e-21 2.452e-21 5.836e-22 0.000e+00 0.000e+00 0.000e+00
 0.000e+00 0.000e+00 2.777e-22 0.000e+00 0.000e+00 4.530e-22 9.204e-22 2.344e-22 0.000e+00 0.000e+00
 0.000e+00 0.000e+00 7.411e-22 3.644e-21 3.812e-21 2.120e-21 1.153e-21 0.000e+00 0.000e+00 2.944e-21
 4.741e-21 2.213e-21 5.633e-23 7.940e-22 9.889e-22 0.000e+00 1.161e-21 2.953e-21 3.975e-21 5.783e-21
 5.344e-21 3.218e-21 4.117e-21 4.468e-21 1.758e-21 6.464e-22 6.114e-22 0.000e+00 0.000e+00 0.000e+00
 0.000e+00 0.000e+00 0.000e+00 0.000e+00 0.000e+00 0.000e+00 0.000e+00 0.000e+00 0.000e+00 0.000e+00
 0.000e+00 6.245e-23 0.000e+00 0.000e+00 8.698e-22 1.139e-21 0.000e+00 0.000e+00 0.000e+00 0.000e+00
 6.389e-22 1.577e-21 2.296e-21 4.284e-21 4.666e-21 4.348e-21 4.758e-21 6.081e-21 6.032e-21 5.770e-21
 6.516e-21 4.646e-21 1.818e-21 9.426e-22 2.699e-21 4.130e-21 1.325e-21 0.000e+00 0.000e+00 0.000e+00
 0.000e+00 0.000e+00 0.000e+00 0.000e+00 0.000e+00 0.000e+00 0.000e+00 0.000e+00 0.000e+00 1.312e-22
 0.000e+00 0.000e+00 0.000e+00 1.814e-21 9.444e-22 0.000e+00 1.136e-21 2.368e-21 3.492e-21 4.178e-21
 3.206e-21 1.951e-21 1.290e-21 3.567e-21 6.121e-21 6.391e-21 6.130e-21 5.523e-21 3.718e-21 2.808e-21
 3.368e-21 3.069e-21 2.063e-21 1.438e-21 1.217e-21 7.811e-23 7.294e-22 2.100e-21 5.380e-22 0.000e+00
 4.146e-22 1.130e-22 0.000e+00 0.000e+00 5.477e-22 0.000e+00 0.000e+00 0.000e+00 0.000e+00 0.000e+00
 1.258e-22 0.000e+00 0.000e+00 0.000e+00 0.000e+00 0.000e+00 0.000e+00 2.726e-21 2.649e-21 5.838e-22
 8.722e-22 2.584e-21 3.908e-21 2.787e-21 1.495e-21 1.710e-21 2.493e-21 1.883e-21 1.865e-21 3.815e-21
 4.941e-21 5.574e-21 5.528e-21 4.121e-21 3.194e-21 2.521e-21 2.784e-22 0.000e+00 0.000e+00 0.000e+00
 0.000e+00 9.458e-22 1.782e-21 0.000e+00 0.000e+00 0.000e+00 0.000e+00 0.000e+00 0.000e+00 0.000e+00
 0.000e+00 0.000e+00 0.000e+00 0.000e+00 0.000e+00 0.000e+00 0.000e+00 0.000e+00 0.000e+00 1.756e-22
 2.070e-21 5.325e-21 7.489e-21 6.061e-21 2.008e-21 1.151e-21 2.632e-21 2.679e-21 3.072e-21 3.887e-21
 4.811e-21 4.472e-21 2.158e-21 2.119e-21 1.761e-21 5.565e-22 1.618e-21 1.346e-21 4.709e-22 0.000e+00
 0.000e+00 0.000e+00 0.000e+00 0.000e+00 0.000e+00 0.000e+00 0.000e+00 0.000e+00 0.000e+00 0.000e+00
 0.000e+00 0.000e+00 1.261e-21 0.000e+00 3.297e-22 3.541e-21 2.988e-21 1.353e-21 8.717e-22 6.661e-22
 1.095e-22 4.546e-22 6.506e-22 2.235e-22 6.146e-22 1.469e-21 3.086e-21 2.875e-21 1.564e-21 2.486e-21
 4.011e-21 3.301e-21 3.208e-21 5.351e-21 4.373e-21 2.164e-21 2.660e-21 4.540e-21 4.343e-21 1.270e-21
 0.000e+00 0.000e+00 0.000e+00 0.000e+00 0.000e+00 0.000e+00 0.000e+00 0.000e+00 0.000e+00 0.000e+00
 0.000e+00 0.000e+00 0.000e+00 0.000e+00 0.000e+00 6.325e-22 2.028e-21 1.655e-21 1.846e-21 1.400e-21
 1.074e-21 3.013e-21 3.771e-21 3.081e-21 4.024e-21 4.238e-21 4.064e-21 4.508e-21 3.611e-21 3.411e-21
 2.809e-21 1.124e-21 4.449e-22 9.289e-22 1.771e-21 7.497e-22 0.000e+00 7.388e-22 1.642e-21 8.966e-22
 0.000e+00 0.000e+00 8.636e-22 0.000e+00 0.000e+00 0.000e+00 0.000e+00 0.000e+00 0.000e+00 0.000e+00
 0.000e+00 0.000e+00 0.000e+00 0.000e+00 0.000e+00 0.000e+00 0.000e+00 0.000e+00 0.000e+00 0.000e+00
 6.310e-22 2.524e-21 3.565e-21 4.198e-21 4.764e-21 4.375e-21 3.427e-21 3.028e-21 2.607e-21 2.291e-21
 2.839e-21 2.919e-21 2.700e-21 3.038e-21 2.002e-21 3.662e-22 5.861e-22 3.958e-22 0.000e+00 0.000e+00
 0.000e+00 0.000e+00 5.187e-22 1.156e-21 0.000e+00 0.000e+00 0.000e+00 0.000e+00 0.000e+00 0.000e+00
 0.000e+00 0.000e+00 0.000e+00 0.000e+00 8.778e-22 4.576e-22 0.000e+00 0.000e+00 0.000e+00 1.215e-21
 3.394e-21 4.004e-21 3.571e-21 3.458e-21 2.821e-21 3.930e-21 6.371e-21 6.469e-21 4.845e-21 3.406e-21
 4.536e-21 6.028e-21 6.325e-21 7.304e-21 7.232e-21 5.933e-21 4.858e-21 2.913e-21 7.625e-22 1.788e-21
 3.385e-21 1.731e-21 0.000e+00 0.000e+00 0.000e+00 0.000e+00 0.000e+00 0.000e+00 0.000e+00 0.000e+00
 0.000e+00 0.000e+00 0.000e+00 0.000e+00 0.000e+00 0.000e+00 0.000e+00 0.000e+00 0.000e+00 5.861e-22
 2.279e-21 3.378e-21 2.717e-21 3.128e-21 2.694e-21 1.872e-21 2.109e-21 2.415e-21 5.365e-21 8.622e-21
 8.051e-21 3.967e-21 0.000e+00 0.000e+00 0.000e+00 6.290e-24 4.602e-22 4.237e-22 0.000e+00 0.000e+00
 0.000e+00 0.000e+00 0.000e+00 0.000e+00 0.000e+00 0.000e+00 9.253e-23 2.923e-22 6.040e-22 1.627e-21
 1.766e-21 1.468e-21 0.000e+00 0.000e+00 0.000e+00 0.000e+00 0.000e+00 0.000e+00 0.000e+00 0.000e+00
 0.000e+00 3.104e-22 3.706e-21 2.559e-21 0.000e+00 1.453e-22 4.857e-21 6.579e-21 5.328e-21 5.171e-21
 5.928e-21 4.632e-21 1.806e-21 7.335e-23 9.321e-22 3.384e-21 3.455e-21 1.291e-21 0.000e+00 0.000e+00
 0.000e+00 0.000e+00 0.000e+00 0.000e+00 0.000e+00 0.000e+00 0.000e+00 0.000e+00 0.000e+00 0.000e+00
 0.000e+00 1.369e-21 4.195e-22 0.000e+00 0.000e+00 0.000e+00 0.000e+00 0.000e+00 0.000e+00 3.820e-22
 0.000e+00 0.000e+00 1.319e-21 2.515e-21 2.329e-21 2.202e-21 2.199e-21 0.000e+00 0.000e+00 0.000e+00
 2.788e-21 5.410e-21 4.916e-21 4.043e-21 3.282e-21
