     CH2F2 1385.0000 1475.0000      5975      222.      0.00  2.76E-19    HFC-32    HITRAN
 0.000e+00 1.635e-21 2.627e-21 3.945e-21 4.093e-21 3.852e-21 4.405e-21 5.095e-21 5.324e-21 3.989e-21
 9.257e-22 0.000e+00 0.000e+00 0.000e+00 2.683e-21 3.359e-21 2.052e-21 1.986e-22 0.000e+00 1.345e-22
 1.220e-21 2.206e-21 2.985e-21 2.587e-21 1.330e-22 0.000e+00 0.000e+00 8.689e-22 3.643e-21 4.634e-21
 2.977e-21 3.706e-21 1.829e-21 0.000e+00 3.305e-21 4.549e-21 2.086e-21 0.000e+00 0.000e+00 0.000e+00
 0.000e+00 0.000e+00 0.000e+00 0.000e+00 0.000e+00 0.000e+00 0.000e+00 0.000e+00 0.000e+00 0.000e+00
 0.000e+00 0.000e+00 1.965e-21 3.517e-21 0.000e+00 0.000e+00 0.000e+00 8.523e-22 9.766e-22 1.737e-22
 0.000e+00 0.000e+00 0.000e+00 2.106e-21 4.661e-21 3.419e-21 1.906e-21 3.162e-22 0.000e+00 1.948e-21
 2.942e-21 2.127e-21 1.460e-21 2.438e-21 2.596e-21 2.589e-21 2.943e-21 0.000e+00 0.000e+00 0.000e+00
 2.053e-21 1.642e-21 0.000e+00 0.000e+00 9.940e-24 0.000e+00 0.000e+00 8.730e-22 2.716e-21 1.010e-21
 0.000e+00 0.000e+00 0.000e+00 0.000e+00 0.000e+00 0.000e+00 6.424e-22 8.763e-22 8.644e-22 1.276e-21
 7.677e-22 5.347e-22 8.149e-22 2.461e-21 3.145e-21 1.986e-21 2.025e-21 3.017e-21 1.364e-21 0.000e+00
 0.000e+00 0.000e+00 0.000e+00 1.867e-21 1.325e-21 0.000e+00 0.000e+00 1.020e-21 2.131e-21 1.338e-21
 2.481e-21 5.082e-21 3.646e-21 0.000e+00 0.000e+00 0.000e+00 1.674e-21 2.883e-21 0.000e+00 0.000e+00
 0.000e+00 7.858e-22 5.135e-21 5.861e-21 7.782e-22 0.000e+00 0.000e+00 0.000e+00 2.047e-21 1.585e-21
 0.000e+00 0.000e+00 5.729e-23 1.024e-21 9.042e-22 6.643e-22 6.131e-22 9.833e-22 2.658e-21 6.577e-21
 9.055e-21 7.108e-21 2.248e-21 0.000e+00 5.050e-22 2.665e-21 2.980e-21 3.274e-21 4.788e-21 4.298e-21
 2.447e-21 8.090e-22 5.808e-22 1.029e-21 1.567e-21 6.792e-22 0.000e+00 0.000e+00 0.000e+00 0.000e+00
 0.000e+00 6.276e-22 1.139e-21 0.000e+00 0.000e+00 1.366e-21 2.507e-21 2.202e-21 2.942e-21 1.749e-21
 0.000e+00 0.000e+00 2.461e-21 1.763e-21 0.000e+00 1.360e-22 1.298e-21 3.783e-21 4.248e-21 2.774e-21
 2.567e-21 5.402e-21 7.620e-21 4.820e-21 1.293e-21 3.157e-22 3.015e-21 3.550e-21 1.798e-21 1.811e-21
 6.524e-22 4.385e-23 0.000e+00 1.792e-22 2.412e-23 0.000e+00 0.000e+00 0.000e+00 0.000e+00 0.000e+00
 0.000e+00 0.000e+00 0.000e+00 0.000e+00 0.000e+00 0.000e+00 5.756e-22 0.000e+00 0.000e+00 0.000e+00
 6.175e-22 2.097e-21 2.236e-21 2.439e-22 0.000e+00 0.000e+00 1.326e-21 3.273e-21 3.503e-21 3.232e-21
 4.961e-21 7.107e-21 5.307e-21 1.655e-21 1.848e-21 2.119e-21 0.000e+00 0.000e+00 7.513e-22 1.997e-21
 0.000e+00 0.000e+00 2.435e-21 7.766e-21 6.153e-21 2.035e-21 8.588e-22 0.000e+00 0.000e+00 0.000e+00
 0.000e+00 0.000e+00 9.231e-22 3.662e-21 1.797e-21 1.422e-21 2.074e-21 1.146e-21 2.839e-21 3.503e-21
 5.477e-22 0.000e+00 0.000e+00 0.000e+00 0.000e+00 0.000e+00 0.000e+00 0.000e+00 2.754e-21 3.201e-21
 1.609e-21 1.364e-21 1.946e-21 3.024e-23 0.000e+00 0.000e+00 1.953e-21 1.235e-21 1.104e-22 1.504e-21
 5.035e-21 5.743e-21 5.373e-21 5.779e-21 4.409e-21 6.945e-22 0.000e+00 0.000e+00 1.486e-21 2.709e-22
 0.000e+00 0.000e+00 0.000e+00 0.000e+00 2.632e-22 2.665e-21 2.604e-21 1.282e-21 1.145e-21 1.705e-21
 2.431e-21 3.691e-21 4.122e-21 7.701e-22 0.000e+00 0.000e+00 0.000e+00 0.000e+00 1.333e-21 3.781e-21
 2.155e-21 0.000e+00 6.017e-22 3.523e-21 2.195e-21 1.639e-22 5.266e-22 9.522e-22 6.339e-22 0.000e+00
 0.000e+00 8.708e-22 2.556e-21 1.627e-21 0.000e+00 0.000e+00 0.000e+00 0.000e+00 1.638e-21 6.849e-22
 0.000e+00 0.000e+00 0.000e+00 1.400e-21 2.445e-21 9.384e-22 0.000e+00 0.000e+00 0.000e+00 3.017e-21
 5.542e-21 4.502e-21 2.977e-21 1.434e-21 7.649e-22 1.634e-21 4.277e-21 7.062e-21 6.097e-21 3.531e-21
 3.072e-21 4.651e-21 5.441e-21 4.008e-21 1.989e-21 0.000e+00 0.000e+00 4.013e-22 0.000e+00 1.109e-21
 3.238e-21 3.589e-21 1.730e-21 0.000e+00 0.000e+00 0.000e+00 1.628e-21 3.048e-21 1.329e-21 0.000e+00
 0.000e+00 0.000e+00 0.000e+00 0.000e+00 0.000e+00 0.000e+00 0.000e+00 0.000e+00 1.772e-21 5.261e-21
 6.207e-21 2.191e-21 0.000e+00 1.438e-22 0.000e+00 0.000e+00 0.000e+00 0.000e+00 1.680e-22 3.157e-22
 1.106e-21 2.987e-21 3.233e-21 3.540e-21 4.607e-21 3.191e-21 2.461e-21 2.797e-21 1.529e-21 5.836e-22
 0.000e+00 0.000e+00 0.000e+00 5.730e-22 2.336e-21 3.368e-21 1.701e-21 0.000e+00 0.000e+00 0.000e+00
 0.000e+00 1.484e-21 2.436e-21 1.121e-21 0.000e+00 0.000e+00 0.000e+00 6.373e-23 2.391e-21 1.833e-21
 1.408e-21 1.552e-21 1.689e-21 1.389e-21 2.424e-21 3.568e-21 3.664e-21 2.667e-21 1.533e-21 2.209e-21
 2.989e-21 4.625e-21 5.628e-21 3.714e-21 2.058e-21 1.235e-21 8.480e-22 5.171e-22 4.066e-22 1.060e-21
 1.649e-21 1.813e-21 9.911e-23 0.000e+00 0.000e+00 1.261e-22 1.137e-21 1.703e-21 0.000e+00 0.000e+00
 0.000e+00 0.000e+00 0.000e+00 1.401e-22 6.733e-22 8.323e-22 3.232e-21 3.084e-21 6.045e-23 0.000e+00
 8.679e-22 2.263e-21 1.138e-21 4.889e-22 1.282e-21 0.000e+00 0.000e+00 0.000e+00 1.862e-21 3.831e-21
 3.094e-21 0.000e+00 0.000e+00 0.000e+00 6.446e-22 1.855e-21 2.774e-21 1.025e-21 0.000e+00 0.000e+00
 0.000e+00 0.000e+00 0.000e+00 0.000e+00 1.050e-21 1.784e-21 0.000e+00 0.000e+00 0.000e+00 1.747e-21
 2.489e-21 0.000e+00 0.000e+00 0.000e+00 0.000e+00 1.016e-21 4.275e-21 2.627e-21 2.032e-22 5.213e-22
 9.458e-22 0.000e+00 0.000e+00 0.000e+00 2.664e-21 3.536e-21 1.950e-21 1.455e-21 1.361e-21 1.739e-22
 0.000e+00 1.365e-21 3.974e-21 4.477e-21 2.974e-21 2.803e-22 1.604e-21 4.722e-21 2.647e-21 0.000e+00
 0.000e+00 0.000e+00 0.000e+00 0.000e+00 1.183e-21 3.923e-21 3.412e-21 0.000e+00 0.000e+00 0.000e+00
 0.000e+00 0.000e+00 0.000e+00 0.000e+00 0.000e+00 0.000e+00 0.000e+00 0.000e+00 0.000e+00 0.000e+00
 6.476e-22 1.682e-21 2.615e-21 2.071e-21 1.847e-22 0.000e+00 0.000e+00 1.223e-21 3.940e-22 0.000e+00
 8.660e-23 0.000e+00 1.181e-21 2.745e-21 2.136e-21 3.743e-21 5.166e-21 2.437e-21 6.896e-22 8.277e-22
 0.000e+00 0.000e+00 9.470e-24 1.590e-21 3.866e-21 3.466e-21 1.054e-21 0.000e+00 1.771e-21 4.868e-21
 4.066e-21 5.692e-22 0.000e+00 0.000e+00 8.296e-22 1.073e-21 4.761e-22 0.000e+00 0.000e+00 5.063e-22
 1.179e-21 4.580e-22 0.000e+00 0.000e+00 8.599e-22 4.546e-21 6.647e-21 6.089e-21 3.357e-21 0.000e+00
 0.000e+00 0.000e+00 0.000e+00 0.000e+00 1.494e-21 1.939e-21 0.000e+00 0.000e+00 2.372e-21 3.334e-21
 1.930e-21 2.800e-23 0.000e+00 0.000e+00 0.000e+00 0.000e+00 0.000e+00 2.088e-21 1.754e-21 3.578e-22
 0.000e+00 0.000e+00 0.000e+00 0.000e+00 3.723e-21 5.817e-21 2.966e-21 0.000e+00 0.000e+00 0.000e+00
 0.000e+00 0.000e+00 0.000e+00 0.000e+00 0.000e+00 0.000e+00 2.204e-22 1.116e-21 1.941e-21 4.219e-21
 3.660e-21 9.821e-22 1.110e-21 2.758e-21 3.193e-21 1.851e-21 3.254e-21 4.188e-21 9.368e-22 9.068e-22
 1.937e-21 1.080e-21 1.442e-21 1.730e-21 2.635e-21 4.960e-21 5.021e-21 2.304e-21 8.373e-22 7.716e-22
 3.257e-22 2.903e-22 1.681e-22 0.000e+00 0.000e+00 0.000e+00 0.000e+00 3.429e-22 5.604e-21 7.792e-21
 6.504e-21 2.589e-21 3.469e-22 2.539e-21 3.497e-21 3.105e-21 3.567e-21 1.230e-21 0.000e+00 0.000e+00
 0.000e+00 0.000e+00 0.000e+00 6.031e-22 1.184e-21 1.705e-21 4.035e-21 4.897e-21 2.726e-21 2.520e-21
 3.529e-21 2.260e-21 9.567e-22 2.104e-21 3.681e-21 3.302e-21 5.715e-22 0.000e+00 0.000e+00 0.000e+00
 0.000e+00 0.000e+00 0.000e+00 0.000e+00 0.000e+00 0.000e+00 0.000e+00 0.000e+00 1.156e-21 7.697e-22
 0.000e+00 0.000e+00 0.000e+00 5.752e-22 0.000e+00 0.000e+00 3.130e-22 2.192e-21 1.373e-21 2.262e-21
 4.340e-21 4.105e-21 2.428e-21 1.817e-21 1.488e-21 1.481e-21 4.521e-22 0.000e+00 0.000e+00 2.048e-21
 1.495e-21 0.000e+00 0.000e+00 0.000e+00 1.096e-21 1.381e-21 1.308e-21 0.000e+00 0.000e+00 0.000e+00
 0.000e+00 3.944e-22 1.599e-22 0.000e+00 0.000e+00 0.000e+00 0.000e+00 3.333e-21 3.170e-21 1.982e-21
 2.362e-21 3.296e-22 0.000e+00 0.000e+00 0.000e+00 0.000e+00 0.000e+00 0.000e+00 3.992e-22 1.099e-21
 6.462e-22 1.315e-21 1.988e-21 3.837e-21 6.033e-21 4.493e-21 3.766e-21 5.344e-21 6.035e-21 4.836e-21
 3.655e-21 2.679e-21 1.428e-21 1.635e-21 2.743e-21 4.460e-21 3.559e-21 0.000e+00 0.000e+00 0.000e+00
 5.149e-21 7.214e-21 5.414e-21 3.080e-21 1.707e-21 2.474e-21 3.110e-21 1.023e-21 7.036e-22 1.064e-21
 8.061e-22 1.930e-21 1.281e-21 0.000e+00 0.000e+00 0.000e+00 0.000e+00 0.000e+00 4.324e-21 7.265e-21
 5.691e-21 0.000e+00 0.000e+00 0.000e+00 2.643e-21 6.189e-21 7.406e-21 5.158e-21 3.315e-21 4.749e-21
 5.201e-21 4.354e-21 4.249e-21 3.656e-21 1.812e-21 1.403e-22 8.173e-22 3.565e-21 3.737e-21 2.619e-21
 5.403e-21 6.063e-21 1.592e-21 0.000e+00 0.000e+00 0.000e+00 2.625e-21 4.599e-21 3.253e-21 4.318e-22
 0.000e+00 0.000e+00 0.000e+00 0.000e+00 0.000e+00 3.679e-22 3.125e-21 4.956e-21 5.570e-21 4.230e-21
 2.386e-21 3.469e-21 4.987e-21 2.798e-21 1.510e-22 0.000e+00 7.397e-22 4.000e-21 1.309e-21 0.000e+00
 2.010e-21 5.558e-21 3.874e-21 6.578e-22 0.000e+00 0.000e+00 1.106e-21 4.139e-21 4.653e-21 1.336e-21
 0.000e+00 0.000e+00 0.000e+00 2.879e-23 0.000e+00 6.293e-22 3.295e-21 5.629e-21 4.288e-21 1.570e-21
 4.081e-23 0.000e+00 0.000e+00 0.000e+00 2.422e-22 9.270e-22 7.109e-22 0.000e+00 0.000e+00 0.000e+00
 0.000e+00 0.000e+00 2.081e-21 8.114e-22 1.000e-21 2.667e-21 2.770e-21 0.000e+00 0.000e+00 0.000e+00
 0.000e+00 2.258e-21 2.442e-21 3.171e-21 4.794e-21 4.121e-21 2.307e-21 6.950e-22 0.000e+00 0.000e+00
 0.000e+00 2.530e-22 2.428e-21 3.247e-21 2.110e-21 2.140e-21 1.584e-21 1.290e-21 8.266e-22 2.083e-22
 3.528e-22 0.000e+00 0.000e+00 0.000e+00 7.590e-22 6.385e-22 1.678e-21 6.655e-22 0.000e+00 0.000e+00
 0.000e+00 2.293e-22 1.778e-21 5.745e-21 7.994e-21 4.701e-21 2.777e-21 2.937e-21 8.444e-22 0.000e+00
 8.390e-22 7.150e-22 7.280e-22 1.958e-21 2.387e-21 9.504e-22 4.973e-22 1.890e-21 2.843e-21 2.360e-21
 1.538e-21 1.307e-21 5.624e-22 1.633e-21 2.410e-21 0.000e+00 0.000e+00 0.000e+00 0.000e+00 3.103e-21
 4.378e-21 1.042e-21 1.673e-22 1.731e-21 2.094e-21 1.989e-21 9.465e-22 1.849e-21 1.986e-21 0.000e+00
 2.190e-24 1.754e-21 2.669e-21 1.205e-21 3.366e-22 1.887e-21 2.764e-21 2.885e-21 3.211e-21 4.317e-21
 4.914e-21 5.614e-21 6.039e-21 4.219e-21 3.890e-21 5.293e-21 3.588e-21 1.893e-22 7.668e-23 1.047e-21
 8.322e-22 3.991e-21 9.068e-21 9.147e-21 6.727e-21 6.831e-21 5.583e-21 1.845e-21 0.000e+00 0.000e+00
 0.000e+00 0.000e+00 0.000e+00 4.741e-22 3.118e-21 2.220e-21 4.410e-24 0.000e+00 0.000e+00 2.339e-21
 3.911e-21 4.612e-21 1.982e-21 0.000e+00 0.000e+00 0.000e+00 2.945e-21 3.056e-21 2.299e-21 4.135e-21
 6.224e-21 5.662e-21 7.704e-22 0.000e+00 0.000e+00 0.000e+00 0.000e+00 8.374e-22 2.213e-21 0.000e+00
 0.000e+00 3.881e-21 1.000e-20 1.016e-20 4.550e-21 6.790e-22 0.000e+00 0.000e+00 0.000e+00 3.634e-22
 2.567e-21 2.527e-21 9.750e-23 2.428e-22 1.024e-21 5.611e-22 1.255e-21 2.543e-21 1.427e-21 1.243e-21
 3.362e-21 3.196e-21 1.014e-21 0.000e+00 1.068e-21 7.140e-21 5.316e-21 2.112e-21 4.297e-21 4.269e-21
 1.767e-21 2.276e-21 4.010e-21 4.580e-21 3.720e-21 2.622e-21 2.645e-21 2.486e-21 1.800e-21 1.952e-21
 3.862e-21 5.250e-21 4.943e-21 3.982e-21 2.229e-21 3.186e-22 4.589e-22 9.113e-22 1.628e-21 6.341e-21
 6.789e-21 2.782e-21 2.889e-21 3.849e-21 3.872e-21 2.775e-21 3.063e-21 4.616e-21 3.505e-21 1.675e-21
 2.812e-21 8.996e-21 1.131e-20 5.705e-21 2.005e-21 8.757e-22 0.000e+00 0.000e+00 4.490e-22 1.338e-21
 2.586e-21 2.897e-21 4.368e-21 5.766e-21 3.822e-21 1.868e-21 3.043e-21 4.429e-21 3.704e-21 3.237e-21
 3.747e-21 1.878e-21 0.000e+00 2.547e-21 5.799e-21 3.791e-21 0.000e+00 0.000e+00 0.000e+00 0.000e+00
 8.296e-22 3.318e-21 4.093e-21 3.198e-21 5.938e-22 1.114e-21 3.249e-21 3.451e-21 2.879e-21 2.591e-21
 2.211e-21 8.306e-22 0.000e+00 0.000e+00 0.000e+00 1.679e-21 5.031e-21 7.054e-21 5.385e-21 5.161e-21
 4.824e-21 1.438e-21 0.000e+00 0.000e+00 2.182e-21 5.052e-21 3.086e-21 7.060e-22 1.827e-21 2.685e-21
 4.511e-21 8.949e-21 5.294e-21 5.709e-22 3.487e-21 4.522e-21 7.003e-22 0.000e+00 0.000e+00 8.848e-22
 4.033e-21 4.757e-21 3.483e-21 2.557e-21 1.929e-21 1.668e-21 1.261e-21 3.353e-21 3.854e-21 0.000e+00
 0.000e+00 7.126e-21 1.290e-20 7.761e-21 1.939e-21 2.004e-21 1.124e-21 0.000e+00 0.000e+00 2.933e-21
 6.007e-21 8.308e-21 8.590e-21 4.384e-21 2.270e-21 1.675e-21 0.000e+00 4.196e-22 1.913e-21 3.963e-21
 3.367e-21 4.925e-22 1.715e-21 7.119e-21 1.100e-20 8.166e-21 2.824e-21 1.002e-22 3.001e-22 2.019e-21
 3.225e-21 3.455e-21 2.093e-21 0.000e+00 0.000e+00 0.000e+00 0.000e+00 0.000e+00 0.000e+00 3.410e-21
 8.951e-21 5.019e-21 0.000e+00 0.000e+00 0.000e+00 1.730e-21 6.482e-21 5.453e-21 1.844e-21 6.411e-22
 3.963e-21 7.464e-21 5.233e-21 3.588e-21 2.586e-21 0.000e+00 0.000e+00 0.000e+00 8.577e-22 5.248e-21
 1.132e-20 9.393e-21 4.210e-21 2.687e-21 2.058e-21 2.112e-22 0.000e+00 0.000e+00 3.064e-22 1.866e-21
 6.360e-22 3.279e-22 0.000e+00 0.000e+00 1.813e-21 3.380e-21 3.325e-21 2.790e-21 0.000e+00 0.000e+00
 6.636e-21 1.108e-20 5.617e-21 2.807e-22 0.000e+00 4.395e-22 3.423e-21 3.935e-21 1.848e-21 1.595e-21
 1.216e-21 8.895e-22 2.227e-21 2.136e-21 1.159e-21 1.501e-21 2.388e-21 6.162e-21 1.275e-20 1.381e-20
 8.672e-21 5.443e-21 4.668e-21 3.150e-21 1.954e-22 0.000e+00 2.252e-21 5.108e-21 3.603e-21 0.000e+00
 0.000e+00 2.582e-21 4.339e-21 3.018e-21 5.479e-21 7.057e-21 5.952e-21 1.093e-20 1.356e-20 1.137e-20
 8.298e-21 4.559e-21 5.336e-21 5.928e-21 5.526e-21 7.284e-21 9.456e-21 8.818e-21 6.414e-21 7.348e-21
 7.669e-21 4.971e-21 1.878e-21 4.608e-22 2.819e-22 0.000e+00 1.405e-21 7.023e-21 8.847e-21 2.627e-21
 0.000e+00 4.921e-21 7.233e-21 3.487e-21 3.801e-22 0.000e+00 0.000e+00 0.000e+00 0.000e+00 0.000e+00
 0.000e+00 0.000e+00 0.000e+00 1.201e-21 5.432e-21 6.349e-21 1.025e-20 1.773e-20 1.482e-20 3.288e-21
 0.000e+00 0.000e+00 2.951e-21 4.790e-21 3.946e-21 4.541e-21 5.884e-21 2.826e-21 1.201e-21 1.033e-21
 0.000e+00 8.773e-23 3.550e-21 8.532e-21 1.414e-20 1.343e-20 5.250e-21 3.188e-21 4.851e-21 3.349e-21
 1.366e-21 0.000e+00 0.000e+00 0.000e+00 2.980e-22 9.809e-22 2.202e-21 3.570e-21 2.025e-21 0.000e+00
 0.000e+00 0.000e+00 0.000e+00 6.834e-21 1.718e-20 1.781e-20 1.144e-20 3.641e-21 0.000e+00 8.192e-22
 2.509e-21 4.308e-21 5.189e-21 2.957e-21 1.417e-21 2.625e-21 1.970e-21 0.000e+00 5.574e-22 6.144e-21
 9.976e-21 1.103e-20 1.300e-20 1.222e-20 1.416e-20 1.490e-20 8.010e-21 8.607e-21 1.316e-20 9.837e-21
 4.755e-21 3.465e-21 3.328e-21 3.247e-21 7.197e-21 1.204e-20 1.342e-20 9.485e-21 3.783e-21 2.174e-21
 3.733e-21 1.122e-20 1.466e-20 6.363e-21 0.000e+00 0.000e+00 0.000e+00 1.825e-21 4.223e-21 6.289e-21
 3.489e-21 0.000e+00 0.000e+00 3.966e-21 3.081e-21 2.048e-22 2.898e-21 6.236e-21 5.432e-21 9.968e-21
 1.642e-20 1.053e-20 3.700e-21 6.700e-21 1.212e-20 9.911e-21 2.811e-21 0.000e+00 0.000e+00 1.399e-21
 4.567e-21 6.517e-21 6.364e-21 4.717e-21 2.390e-21 1.547e-21 4.527e-21 7.568e-21 9.250e-21 7.738e-21
 2.473e-21 5.539e-21 1.666e-20 1.772e-20 1.238e-20 8.116e-21 4.439e-21 5.519e-21 6.398e-21 5.951e-21
 6.255e-21 6.618e-21 4.776e-21 2.996e-21 1.604e-21 0.000e+00 5.159e-22 6.058e-21 1.557e-20 1.349e-20
 5.130e-21 8.437e-21 9.706e-21 3.893e-21 0.000e+00 0.000e+00 1.669e-21 3.040e-21 5.177e-21 7.595e-21
 5.394e-21 4.420e-21 8.507e-21 7.716e-21 8.940e-21 1.581e-20 1.584e-20 9.541e-21 9.026e-21 7.521e-21
 1.865e-21 1.871e-21 4.053e-21 6.112e-21 4.268e-21 1.465e-21 0.000e+00 0.000e+00 0.000e+00 4.746e-21
 1.190e-20 1.296e-20 8.326e-21 4.434e-21 1.555e-21 1.093e-21 7.323e-21 1.284e-20 1.667e-20 2.726e-20
 3.016e-20 2.419e-20 1.669e-20 5.851e-21 2.841e-22 9.608e-22 2.645e-21 2.706e-21 0.000e+00 0.000e+00
 2.028e-21 3.343e-21 3.118e-21 7.699e-21 2.030e-20 1.974e-20 5.413e-21 1.871e-21 2.798e-21 7.115e-22
 2.139e-21 6.247e-21 6.058e-21 5.172e-21 7.116e-21 6.573e-21 7.166e-21 9.319e-21 9.708e-21 8.990e-21
 1.140e-20 1.611e-20 1.295e-20 6.036e-21 7.791e-21 8.753e-21 4.178e-22 0.000e+00 6.968e-22 2.130e-21
 2.595e-21 7.958e-21 7.843e-21 2.506e-21 4.440e-21 6.380e-21 6.168e-21 1.078e-20 1.353e-20 8.435e-21
 3.327e-21 5.473e-21 1.511e-20 2.633e-20 2.093e-20 1.078e-20 1.903e-20 2.072e-20 1.454e-20 1.537e-20
 9.491e-21 1.443e-21 0.000e+00 0.000e+00 5.450e-24 3.663e-21 6.522e-21 5.217e-21 1.603e-21 5.024e-21
 1.768e-20 1.902e-20 8.936e-21 7.805e-21 1.440e-20 1.690e-20 9.030e-21 4.517e-21 5.753e-21 8.325e-21
 1.097e-20 4.647e-21 0.000e+00 0.000e+00 8.370e-21 1.963e-20 2.505e-20 1.836e-20 7.265e-21 1.611e-21
 0.000e+00 2.037e-21 9.691e-21 8.827e-21 1.800e-21 1.887e-21 3.503e-21 1.312e-20 2.565e-20 2.046e-20
 6.707e-21 0.000e+00 1.890e-21 1.287e-20 2.059e-20 1.548e-20 7.982e-21 1.168e-20 1.249e-20 4.685e-21
 1.844e-21 3.641e-21 1.141e-20 2.251e-20 1.619e-20 3.996e-21 4.898e-22 7.710e-24 6.978e-21 1.044e-20
 5.815e-21 4.790e-21 7.616e-21 4.784e-21 5.004e-21 2.702e-20 3.726e-20 1.484e-20 0.000e+00 1.799e-21
 5.555e-21 1.024e-20 1.066e-20 4.185e-21 1.215e-21 1.084e-21 1.563e-21 1.045e-20 1.993e-20 1.885e-20
 1.546e-20 1.358e-20 1.177e-20 1.564e-20 1.475e-20 4.201e-21 0.000e+00 1.532e-21 9.610e-21 2.021e-20
 2.139e-20 1.197e-20 3.953e-21 3.177e-21 8.155e-21 1.550e-20 1.930e-20 1.834e-20 1.032e-20 3.313e-21
 8.735e-21 1.319e-20 1.043e-20 1.194e-20 1.108e-20 1.301e-21 0.000e+00 0.000e+00 9.803e-21 3.287e-20
 4.263e-20 2.860e-20 1.151e-20 5.347e-21 5.569e-21 1.046e-20 1.523e-20 1.478e-20 9.824e-21 3.032e-21
 1.161e-20 2.631e-20 2.364e-20 1.856e-20 1.228e-20 8.783e-22 0.000e+00 0.000e+00 7.674e-21 1.489e-20
 1.073e-20 4.101e-21 9.615e-21 2.051e-20 2.610e-20 2.242e-20 8.755e-21 2.129e-21 3.206e-21 1.360e-20
 2.351e-20 1.637e-20 1.327e-20 1.841e-20 2.026e-20 1.713e-20 1.971e-20 2.437e-20 1.645e-20 7.351e-21
 2.392e-21 0.000e+00 0.000e+00 4.377e-21 7.163e-21 1.040e-20 1.320e-20 8.604e-21 9.560e-21 1.005e-20
 2.795e-21 5.226e-22 7.774e-21 8.973e-21 1.761e-20 3.698e-20 2.575e-20 5.429e-21 8.301e-21 1.263e-20
 5.317e-21 0.000e+00 0.000e+00 0.000e+00 1.144e-20 3.353e-20 3.463e-20 1.295e-20 1.541e-22 4.548e-21
 1.368e-20 1.273e-20 4.953e-21 1.819e-21 4.091e-21 1.631e-20 2.205e-20 1.618e-20 1.753e-20 2.299e-20
 2.515e-20 1.953e-20 8.961e-21 5.993e-21 1.398e-20 2.317e-20 2.441e-20 2.329e-20 1.794e-20 9.605e-21
 8.499e-21 6.925e-21 3.824e-21 8.058e-22 1.291e-21 1.250e-20 2.344e-20 2.234e-20 1.091e-20 2.512e-21
 5.237e-23 0.000e+00 1.639e-21 1.280e-20 2.681e-20 2.028e-20 5.632e-21 2.130e-21 1.629e-21 1.095e-20
 3.956e-20 4.366e-20 1.606e-20 4.272e-21 3.195e-21 7.511e-21 1.672e-20 1.534e-20 1.154e-20 2.517e-20
 4.520e-20 4.068e-20 1.956e-20 3.956e-21 3.026e-22 7.136e-21 2.108e-20 2.043e-20 1.133e-20 1.871e-20
 2.743e-20 3.187e-20 2.533e-20 1.082e-20 7.664e-21 2.303e-20 3.987e-20 3.695e-20 2.691e-20 1.354e-20
 3.305e-21 5.396e-21 1.105e-20 1.381e-20 1.498e-20 1.526e-20 1.424e-20 1.370e-20 7.418e-21 4.912e-21
 6.622e-21 4.456e-21 9.526e-21 1.576e-20 1.132e-20 9.968e-21 1.335e-20 7.564e-21 3.506e-21 1.805e-21
 9.905e-22 9.260e-21 1.663e-20 1.162e-20 1.052e-20 3.087e-20 3.970e-20 2.554e-20 1.091e-20 8.110e-22
 0.000e+00 5.871e-21 2.005e-20 3.578e-20 4.210e-20 2.500e-20 1.634e-20 2.479e-20 1.555e-20 4.921e-21
 8.127e-21 2.495e-20 3.284e-20 1.785e-20 1.862e-20 3.497e-20 3.932e-20 3.523e-20 3.280e-20 2.183e-20
 5.629e-21 0.000e+00 4.344e-21 1.984e-20 2.631e-20 1.453e-20 4.117e-21 1.302e-20 2.166e-20 9.844e-21
 1.041e-20 2.836e-20 2.693e-20 9.100e-21 1.025e-21 3.218e-22 5.499e-21 1.492e-20 1.337e-20 6.118e-21
 3.162e-21 1.230e-21 3.770e-21 1.136e-20 7.442e-21 2.323e-21 2.650e-21 4.912e-21 1.321e-20 2.637e-20
 4.636e-20 3.667e-20 1.785e-20 2.199e-20 1.852e-20 8.006e-21 1.352e-20 5.069e-20 5.992e-20 2.302e-20
 4.832e-21 1.926e-20 3.357e-20 2.752e-20 2.968e-20 3.878e-20 3.988e-20 3.672e-20 4.508e-20 5.055e-20
 2.384e-20 8.936e-21 1.324e-20 1.017e-20 1.807e-21 1.309e-21 1.006e-20 1.594e-20 2.039e-20 2.180e-20
 1.903e-20 1.076e-20 1.174e-20 1.547e-20 8.706e-21 5.071e-21 3.673e-21 5.079e-21 1.116e-20 1.506e-20
 7.816e-21 2.859e-22 0.000e+00 5.059e-21 1.671e-20 1.311e-20 4.444e-21 2.033e-21 8.724e-21 1.944e-20
 1.638e-20 8.287e-21 6.905e-21 2.739e-20 6.454e-20 5.741e-20 1.797e-20 1.346e-20 2.401e-20 2.521e-20
 4.032e-20 6.047e-20 5.041e-20 2.540e-20 1.433e-20 3.052e-20 5.143e-20 3.462e-20 3.551e-20 5.798e-20
 4.838e-20 3.382e-20 1.982e-20 4.032e-21 5.542e-22 6.719e-22 8.141e-21 4.340e-20 6.474e-20 3.477e-20
 8.169e-21 4.850e-21 5.429e-21 1.063e-20 1.506e-20 1.244e-20 4.643e-21 0.000e+00 0.000e+00 1.014e-20
 1.544e-20 6.890e-21 2.037e-21 3.367e-21 1.098e-20 1.623e-20 7.155e-21 4.759e-22 2.862e-21 1.405e-20
 2.049e-20 1.320e-20 6.814e-21 1.249e-20 2.453e-20 1.999e-20 4.247e-21 2.019e-20 7.218e-20 7.357e-20
 2.483e-20 1.601e-20 4.949e-20 7.459e-20 5.573e-20 4.182e-20 4.925e-20 4.867e-20 5.478e-20 6.523e-20
 6.413e-20 3.295e-20 7.919e-21 7.055e-21 4.016e-21 9.885e-21 2.383e-20 2.527e-20 1.220e-20 6.207e-21
 3.706e-21 2.326e-22 3.498e-21 8.711e-21 1.227e-20 1.080e-20 6.186e-21 1.785e-21 2.286e-21 5.311e-21
 1.429e-20 1.701e-20 7.390e-21 2.271e-21 3.564e-21 1.680e-20 2.324e-20 1.086e-20 0.000e+00 1.969e-21
 1.655e-20 1.754e-20 6.296e-21 3.948e-21 2.017e-20 2.924e-20 1.461e-20 6.699e-21 2.253e-20 3.173e-20
 2.245e-20 5.166e-20 9.282e-20 5.932e-20 2.682e-20 7.192e-20 9.005e-20 4.699e-20 5.107e-20 7.750e-20
 6.144e-20 4.427e-20 2.890e-20 2.143e-20 3.858e-20 4.847e-20 3.851e-20 1.622e-20 1.807e-21 5.133e-21
 1.160e-20 8.702e-21 2.283e-21 6.143e-21 1.111e-20 1.345e-20 1.212e-20 4.059e-21 9.449e-23 4.206e-22
 5.949e-21 1.694e-20 1.656e-20 4.711e-21 0.000e+00 3.624e-21 1.878e-20 1.949e-20 8.185e-21 5.846e-21
 1.599e-20 2.419e-20 1.345e-20 6.853e-21 1.781e-20 3.055e-20 2.188e-20 9.971e-21 2.415e-20 3.170e-20
 1.703e-20 1.631e-20 4.132e-20 4.227e-20 6.340e-20 1.075e-19 9.065e-20 9.058e-20 1.214e-19 1.158e-19
 7.175e-20 4.008e-20 4.432e-20 3.185e-20 2.406e-20 2.398e-20 1.143e-20 5.353e-21 4.970e-21 7.056e-21
 8.492e-21 1.293e-20 1.098e-20 6.894e-21 6.728e-21 7.464e-21 1.474e-20 1.807e-20 1.048e-20 4.483e-21
 5.060e-21 1.141e-20 1.761e-20 8.950e-21 0.000e+00 4.382e-22 1.774e-20 2.466e-20 1.037e-20 4.219e-21
 1.471e-20 2.660e-20 1.717e-20 5.052e-21 1.664e-20 3.288e-20 2.244e-20 1.049e-20 2.860e-20 3.445e-20
 1.878e-20 2.780e-20 4.525e-20 2.930e-20 3.583e-20 5.363e-20 5.323e-20 1.100e-19 1.664e-19 1.493e-19
 1.119e-19 9.460e-20 8.247e-20 5.539e-20 2.423e-20 7.237e-21 9.060e-21 8.619e-21 3.411e-21 2.317e-21
 3.975e-21 8.973e-21 1.392e-20 1.088e-20 4.503e-21 2.516e-21 6.071e-21 1.734e-20 1.506e-20 4.013e-21
 0.000e+00 3.583e-21 1.495e-20 1.294e-20 7.247e-21 7.933e-21 1.644e-20 2.116e-20 1.163e-20 4.117e-21
 1.409e-20 2.730e-20 1.691e-20 3.566e-21 1.701e-20 3.403e-20 2.190e-20 1.655e-20 3.957e-20 4.059e-20
 2.558e-20 4.053e-20 4.471e-20 3.177e-20 4.901e-20 5.377e-20 5.916e-20 7.200e-20 9.430e-20 1.969e-19
 2.387e-19 1.337e-19 3.920e-20 8.608e-21 2.094e-21 9.428e-22 4.629e-21 1.059e-20 9.987e-21 4.864e-21
 0.000e+00 0.000e+00 7.012e-21 1.243e-20 8.088e-21 3.778e-21 4.084e-21 1.193e-20 1.368e-20 4.860e-21
 2.505e-21 8.627e-21 1.824e-20 1.526e-20 5.422e-21 6.479e-21 1.770e-20 2.317e-20 8.881e-21 1.510e-21
 1.787e-20 3.256e-20 1.977e-20 1.073e-20 3.065e-20 3.637e-20 1.881e-20 2.470e-20 4.493e-20 3.024e-20
 2.873e-20 4.769e-20 4.048e-20 4.879e-20 5.819e-20 5.611e-20 7.321e-20 9.048e-20 1.186e-19 1.619e-19
 1.791e-19 1.533e-19 9.243e-20 2.787e-20 2.144e-21 4.782e-21 7.004e-21 1.008e-20 1.118e-20 5.041e-21
 0.000e+00 0.000e+00 6.444e-21 1.287e-20 7.744e-21 1.920e-21 3.190e-21 1.129e-20 1.659e-20 1.148e-20
 4.725e-21 7.414e-21 1.618e-20 1.360e-20 2.366e-21 2.620e-21 1.916e-20 2.444e-20 1.185e-20 1.222e-20
 2.831e-20 2.725e-20 9.062e-21 1.659e-20 3.684e-20 2.617e-20 1.716e-20 4.166e-20 4.187e-20 2.806e-20
 4.765e-20 5.102e-20 5.265e-20 6.985e-20 7.398e-20 9.059e-20 1.124e-19 1.258e-19 1.145e-19 8.558e-20
 8.476e-20 7.492e-20 7.284e-20 8.984e-20 5.063e-20 7.783e-21 0.000e+00 7.519e-22 7.893e-21 5.387e-21
 2.365e-21 2.425e-21 8.118e-21 1.388e-20 9.476e-21 3.188e-21 3.178e-21 1.406e-20 1.883e-20 9.649e-21
 3.168e-21 1.245e-20 2.212e-20 1.564e-20 6.335e-21 1.346e-20 2.595e-20 1.925e-20 1.066e-20 2.396e-20
 3.578e-20 2.104e-20 1.343e-20 3.257e-20 3.272e-20 1.824e-20 3.680e-20 4.439e-20 3.293e-20 5.365e-20
 5.839e-20 5.501e-20 6.998e-20 8.533e-20 1.390e-19 1.746e-19 1.378e-19 8.121e-20 4.696e-20 6.373e-20
 8.739e-20 5.156e-20 2.107e-20 6.446e-20 8.933e-20 4.094e-20 4.101e-21 3.625e-21 7.132e-21 7.349e-21
 6.625e-21 6.432e-21 1.024e-20 1.270e-20 5.864e-21 1.749e-21 7.609e-21 1.768e-20 1.597e-20 5.722e-21
 7.075e-21 1.681e-20 1.681e-20 5.622e-21 7.356e-21 2.057e-20 2.011e-20 6.450e-21 1.450e-20 3.406e-20
 2.305e-20 1.112e-20 2.997e-20 3.722e-20 2.217e-20 3.691e-20 4.364e-20 3.665e-20 5.689e-20 5.974e-20
 6.408e-20 8.346e-20 1.195e-19 1.701e-19 1.484e-19 8.565e-20 6.356e-20 4.702e-20 4.778e-20 8.426e-20
 7.098e-20 2.270e-20 9.513e-21 4.472e-20 9.666e-20 7.366e-20 1.718e-20 6.427e-21 8.822e-21 5.931e-21
 1.067e-21 3.119e-21 7.940e-21 5.452e-21 0.000e+00 2.039e-21 1.375e-20 1.418e-20 3.662e-21 0.000e+00
 1.083e-20 1.775e-20 7.255e-21 3.000e-21 1.632e-20 1.957e-20 4.782e-21 1.375e-20 3.367e-20 2.547e-20
 1.640e-20 3.500e-20 3.825e-20 2.715e-20 4.776e-20 4.841e-20 4.399e-20 6.128e-20 6.347e-20 8.267e-20
 1.459e-19 2.283e-19 2.032e-19 8.596e-20 3.864e-20 3.470e-20 4.002e-20 6.841e-20 7.108e-20 4.071e-20
 1.207e-20 4.281e-21 6.160e-21 4.099e-20 9.457e-20 7.258e-20 1.879e-20 7.341e-21 6.641e-21 4.967e-21
 4.955e-21 7.876e-21 9.250e-21 3.595e-21 1.411e-21 1.147e-20 1.959e-20 1.140e-20 6.532e-21 1.456e-20
 1.877e-20 1.111e-20 1.178e-20 2.524e-20 2.518e-20 1.246e-20 1.947e-20 3.293e-20 2.254e-20 2.536e-20
 4.366e-20 3.229e-20 2.978e-20 4.525e-20 3.714e-20 4.957e-20 6.560e-20 7.635e-20 1.312e-19 1.799e-19
 1.685e-19 1.068e-19 7.271e-20 6.624e-20 4.870e-20 4.624e-20 5.468e-20 6.553e-20 4.579e-20 1.290e-20
 4.991e-21 3.139e-21 1.445e-20 6.811e-20 9.962e-20 4.743e-20 7.367e-21 5.258e-21 2.327e-21 1.825e-21
 5.200e-21 1.167e-20 1.002e-20 1.035e-20 1.176e-20 9.665e-21 1.899e-21 3.568e-21 1.621e-20 1.551e-20
 7.236e-21 1.217e-20 2.628e-20 1.574e-20 8.446e-21 2.614e-20 2.943e-20 1.697e-20 2.899e-20 3.644e-20
 2.399e-20 4.095e-20 4.305e-20 4.487e-20 6.514e-20 9.719e-20 1.770e-19 2.171e-19 1.861e-19 1.214e-19
 6.341e-20 5.456e-20 7.015e-20 6.550e-20 3.627e-20 3.932e-20 3.881e-20 1.216e-20 0.000e+00 0.000e+00
 4.146e-21 1.607e-20 6.699e-20 9.971e-20 5.065e-20 1.109e-20 7.127e-21 4.360e-21 5.500e-21 1.070e-20
 1.127e-20 6.071e-21 3.649e-21 6.830e-21 3.509e-21 0.000e+00 5.774e-21 1.388e-20 9.608e-21 7.676e-21
 2.146e-20 2.310e-20 1.260e-20 2.161e-20 3.106e-20 1.938e-20 2.626e-20 3.736e-20 2.420e-20 3.818e-20
 4.785e-20 4.519e-20 7.114e-20 1.043e-19 1.383e-19 1.620e-19 1.678e-19 1.324e-19 9.394e-20 9.029e-20
 6.272e-20 2.319e-20 2.587e-20 6.000e-20 5.298e-20 1.394e-20 4.075e-21 5.761e-21 7.624e-21 5.606e-21
 2.409e-20 8.286e-20 9.271e-20 3.381e-20 4.725e-21 6.580e-21 3.855e-21 3.678e-21 5.260e-21 8.120e-21
 6.090e-21 7.239e-21 6.087e-21 1.738e-21 7.447e-21 1.837e-20 1.800e-20 8.804e-21 1.752e-20 2.165e-20
 9.969e-21 1.508e-20 3.011e-20 2.301e-20 2.659e-20 3.937e-20 3.022e-20 4.522e-20 5.159e-20 6.432e-20
 1.183e-19 1.349e-19 1.441e-19 1.878e-19 1.875e-19 1.362e-19 1.161e-19 8.682e-20 2.689e-20 7.856e-21
 2.577e-20 4.117e-20 2.418e-20 4.543e-21 3.702e-21 2.591e-21 1.546e-21 1.453e-21 2.698e-20 8.406e-20
 9.294e-20 3.652e-20 5.967e-21 3.977e-21 2.130e-21 2.225e-21 2.327e-21 2.403e-21 0.000e+00 3.606e-21
 8.502e-21 4.908e-21 4.212e-21 1.154e-20 1.088e-20 6.058e-21 1.287e-20 1.368e-20 7.993e-21 1.589e-20
 2.665e-20 1.676e-20 2.518e-20 3.306e-20 2.897e-20 4.575e-20 5.291e-20 7.971e-20 1.038e-19 9.574e-20
 1.216e-19 1.737e-19 1.934e-19 1.651e-19 1.000e-19 3.303e-20 6.394e-21 2.475e-20 6.204e-20 5.177e-20
 1.296e-20 1.370e-21 0.000e+00 1.397e-21 8.723e-22 5.695e-21 3.351e-20 8.286e-20 8.967e-20 3.986e-20
 9.411e-21 6.702e-21 6.509e-21 7.086e-22 0.000e+00 4.558e-23 1.206e-21 3.610e-21 3.922e-21 3.314e-21
 5.216e-21 1.175e-20 7.548e-21 6.539e-21 1.570e-20 1.962e-20 1.745e-20 2.693e-20 2.523e-20 2.011e-20
 3.453e-20 2.915e-20 3.387e-20 4.935e-20 8.203e-20 1.215e-19 1.051e-19 1.037e-19 1.891e-19 2.671e-19
 1.977e-19 7.998e-20 2.673e-20 4.162e-21 1.354e-20 3.528e-20 3.070e-20 6.281e-21 0.000e+00 7.554e-22
 1.034e-21 3.510e-21 1.025e-20 4.663e-20 8.159e-20 7.236e-20 3.668e-20 1.402e-20 6.219e-21 1.748e-21
 0.000e+00 0.000e+00 3.114e-22 2.180e-21 2.634e-21 0.000e+00 0.000e+00 0.000e+00 5.040e-21 8.910e-21
 8.675e-21 1.341e-20 1.728e-20 1.390e-20 1.769e-20 2.414e-20 1.657e-20 2.454e-20 2.876e-20 3.009e-20
 4.233e-20 5.839e-20 8.928e-20 8.985e-20 9.697e-20 1.581e-19 2.059e-19 1.791e-19 1.046e-19 4.051e-20
 1.125e-20 3.313e-20 6.065e-20 3.703e-20 4.316e-21 2.042e-21 3.416e-21 3.326e-21 3.057e-21 1.457e-20
 4.108e-20 6.079e-20 7.280e-20 4.857e-20 1.117e-20 8.433e-22 0.000e+00 0.000e+00 0.000e+00 0.000e+00
 0.000e+00 1.981e-21 3.358e-21 4.700e-21 5.144e-21 3.711e-21 1.027e-21 2.308e-21 4.890e-21 5.867e-21
 6.601e-21 1.147e-20 1.916e-20 1.588e-20 2.428e-20 2.672e-20 2.651e-20 3.743e-20 5.862e-20 1.052e-19
 1.320e-19 1.491e-19 1.655e-19 1.881e-19 1.796e-19 9.470e-20 2.902e-20 1.539e-20 3.190e-20 3.638e-20
 1.157e-20 0.000e+00 0.000e+00 3.215e-21 3.834e-21 1.943e-20 5.604e-20 5.832e-20 4.357e-20 4.135e-20
 1.949e-20 0.000e+00 0.000e+00 0.000e+00 1.954e-21 0.000e+00 0.000e+00 3.310e-22 2.362e-21 5.282e-22
 0.000e+00 0.000e+00 0.000e+00 1.276e-21 8.458e-22 1.843e-21 3.841e-22 0.000e+00 3.575e-21 1.082e-20
 1.264e-20 1.803e-20 1.817e-20 2.090e-20 3.056e-20 4.325e-20 8.725e-20 1.253e-19 1.170e-19 1.161e-19
 1.591e-19 1.641e-19 8.702e-20 2.668e-20 3.952e-20 5.696e-20 2.666e-20 4.120e-21 4.433e-21 2.453e-21
 3.536e-21 1.896e-20 4.013e-20 3.274e-20 4.043e-20 6.204e-20 3.855e-20 9.306e-21 2.330e-21 9.677e-23
 3.804e-22 4.358e-21 7.153e-21 4.467e-21 1.383e-21 2.554e-21 3.599e-21 3.665e-21 2.845e-21 1.088e-21
 0.000e+00 0.000e+00 0.000e+00 0.000e+00 1.454e-21 2.212e-21 2.780e-21 6.751e-21 9.069e-21 1.109e-20
 2.203e-20 3.153e-20 6.360e-20 1.350e-19 1.570e-19 1.182e-19 1.269e-19 1.692e-19 1.280e-19 4.291e-20
 2.455e-20 3.209e-20 1.443e-20 0.000e+00 0.000e+00 1.804e-21 2.482e-20 5.938e-20 4.751e-20 1.738e-20
 2.533e-20 3.703e-20 2.127e-20 9.355e-21 8.838e-21 5.396e-21 4.707e-21 4.322e-21 3.190e-21 2.459e-21
 1.998e-21 2.610e-21 3.610e-21 3.584e-21 4.844e-21 6.973e-21 6.056e-21 4.252e-21 1.474e-21 3.284e-21
 4.301e-21 2.977e-22 0.000e+00 0.000e+00 0.000e+00 1.646e-22 8.476e-21 1.782e-20 3.999e-20 6.647e-20
 7.858e-20 9.282e-20 1.067e-19 1.337e-19 1.336e-19 7.273e-20 4.820e-20 5.078e-20 2.109e-20 2.507e-21
 4.039e-21 2.093e-20 3.393e-20 2.134e-20 8.420e-21 2.199e-20 5.076e-20 4.105e-20 1.097e-20 2.743e-21
 1.540e-21 1.642e-21 2.636e-21 1.466e-21 0.000e+00 0.000e+00 0.000e+00 0.000e+00 0.000e+00 0.000e+00
 0.000e+00 1.746e-21 5.006e-21 5.854e-21 4.369e-21 4.062e-21 4.705e-21 2.790e-21 1.408e-21 0.000e+00
 0.000e+00 1.117e-21 2.155e-21 9.176e-21 4.182e-20 7.343e-20 6.555e-20 8.195e-20 1.204e-19 1.374e-19
 1.247e-19 7.201e-20 3.721e-20 2.323e-20 6.097e-21 8.910e-21 4.058e-20 4.960e-20 1.796e-20 3.197e-21
 1.003e-20 2.778e-20 2.610e-20 5.923e-21 5.559e-22 0.000e+00 1.578e-21 5.218e-21 8.124e-21 4.420e-21
 0.000e+00 0.000e+00 0.000e+00 0.000e+00 0.000e+00 8.159e-22 3.343e-21 5.388e-21 4.496e-21 2.804e-21
 3.130e-21 3.913e-21 2.494e-21 9.467e-23 1.802e-21 3.329e-21 3.433e-21 3.742e-21 6.700e-21 1.075e-20
 2.269e-20 3.206e-20 2.787e-20 4.004e-20 7.886e-20 1.144e-19 1.059e-19 7.178e-20 4.626e-20 2.084e-20
 1.974e-20 3.569e-20 2.574e-20 8.729e-21 3.964e-21 1.972e-20 4.530e-20 3.574e-20 9.448e-21 0.000e+00
 0.000e+00 0.000e+00 2.141e-21 3.686e-21 2.841e-21 0.000e+00 0.000e+00 0.000e+00 0.000e+00 2.692e-21
 5.045e-21 3.905e-21 3.556e-21 1.530e-21 2.200e-22 1.224e-21 1.358e-21 4.384e-21 3.579e-21 1.037e-21
 3.616e-22 1.977e-21 4.021e-21 4.200e-21 3.736e-21 1.080e-20 3.468e-20 3.934e-20 1.956e-20 2.303e-20
 6.972e-20 1.093e-19 8.656e-20 4.099e-20 2.288e-20 3.690e-20 3.817e-20 1.436e-20 4.353e-21 6.519e-21
 2.077e-20 2.708e-20 1.364e-20 5.592e-21 3.199e-21 1.969e-22 0.000e+00 3.136e-21 5.217e-21 6.223e-21
 6.358e-21 3.715e-21 2.932e-21 5.537e-21 7.638e-21 6.569e-21 6.266e-21 6.170e-21 6.680e-21 9.131e-21
 1.077e-20 9.534e-21 6.208e-21 2.810e-21 6.834e-22 2.139e-21 4.678e-21 5.121e-21 4.571e-21 6.504e-21
 8.224e-21 1.094e-20 1.993e-20 1.875e-20 1.053e-20 2.506e-20 6.262e-20 8.315e-20 6.162e-20 3.917e-20
 3.068e-20 1.594e-20 5.109e-21 6.701e-21 2.697e-20 3.754e-20 1.966e-20 1.108e-20 1.755e-20 1.769e-20
 1.296e-20 1.119e-20 8.987e-21 5.867e-21 5.733e-21 9.241e-21 1.239e-20 1.691e-20 2.183e-20 1.712e-20
 1.195e-20 1.035e-20 6.156e-21 4.703e-21 7.239e-21 9.699e-21 1.349e-20 1.880e-20 1.846e-20 1.233e-20
 7.865e-21 7.493e-21 7.866e-21 8.942e-21 1.379e-20 1.788e-20 1.781e-20 2.488e-20 3.452e-20 2.493e-20
 1.214e-20 3.057e-20 6.093e-20 6.705e-20 5.557e-20 3.486e-20 1.806e-20 1.919e-20 2.684e-20 2.649e-20
 1.956e-20 1.869e-20 2.081e-20 2.431e-20 2.478e-20 2.127e-20 1.954e-20 1.951e-20 2.327e-20 2.162e-20
 2.262e-20 2.631e-20 2.316e-20 2.053e-20 2.167e-20 2.349e-20 1.851e-20 1.527e-20 1.729e-20 1.942e-20
 2.336e-20 2.801e-20 2.759e-20 2.380e-20 2.223e-20 1.930e-20 2.140e-20 2.592e-20 2.507e-20 2.514e-20
 2.747e-20 2.428e-20 1.947e-20 2.472e-20 2.889e-20 2.659e-20 3.162e-20 4.409e-20 4.522e-20 3.098e-20
 2.197e-20 3.447e-20 4.997e-20 4.241e-20 3.023e-20 2.514e-20 2.165e-20 2.399e-20 3.064e-20 3.990e-20
 3.994e-20 3.080e-20 2.718e-20 2.804e-20 3.287e-20 3.628e-20 3.388e-20 3.445e-20 3.441e-20 3.557e-20
 4.406e-20 5.184e-20 4.739e-20 3.869e-20 4.214e-20 4.461e-20 4.407e-20 4.368e-20 4.182e-20 4.193e-20
 4.012e-20 4.636e-20 5.577e-20 5.664e-20 5.389e-20 5.634e-20 5.829e-20 5.419e-20 5.607e-20 6.507e-20
 6.867e-20 7.142e-20 8.859e-20 8.997e-20 7.477e-20 7.295e-20 7.163e-20 6.706e-20 6.872e-20 7.681e-20
 8.032e-20 8.339e-20 8.598e-20 8.498e-20 8.746e-20 8.683e-20 7.889e-20 7.482e-20 8.742e-20 9.829e-20
 9.960e-20 9.536e-20 9.447e-20 1.072e-19 1.126e-19 1.015e-19 9.643e-20 1.148e-19 1.330e-19 1.306e-19
 1.181e-19 1.232e-19 1.339e-19 1.204e-19 1.099e-19 1.250e-19 1.515e-19 1.508e-19 1.344e-19 1.489e-19
 1.630e-19 1.395e-19 1.312e-19 1.680e-19 1.844e-19 1.606e-19 1.625e-19 1.802e-19 1.525e-19 1.464e-19
 2.005e-19 2.114e-19 1.726e-19 1.872e-19 1.976e-19 1.672e-19 2.136e-19 2.522e-19 2.081e-19 2.109e-19
 2.234e-19 1.833e-19 2.279e-19 2.605e-19 2.117e-19 2.292e-19 2.134e-19 2.223e-19 2.643e-19 2.313e-19
 2.232e-19 2.177e-19 2.441e-19 2.645e-19 2.329e-19 2.224e-19 2.336e-19 2.505e-19 2.333e-19 2.424e-19
 2.756e-19 2.472e-19 2.084e-19 2.179e-19 2.104e-19 1.823e-19 1.802e-19 1.567e-19 1.347e-19 1.130e-19
 6.091e-20 1.935e-20 8.405e-21 1.312e-20 1.107e-20 4.783e-21 0.000e+00 0.000e+00 5.079e-22 8.383e-21
 7.523e-21 0.000e+00 0.000e+00 2.079e-21 4.939e-21 5.789e-21 1.050e-20 1.271e-20 1.002e-20 6.243e-21
 3.032e-21 2.928e-21 4.406e-21 4.703e-21 2.385e-22 0.000e+00 4.686e-22 3.332e-21 2.650e-21 2.564e-21
 1.323e-21 0.000e+00 1.185e-21 4.859e-21 4.068e-21 8.769e-22 1.617e-21 3.593e-21 4.193e-21 5.926e-21
 8.454e-21 8.437e-21 5.554e-21 5.677e-21 8.284e-21 8.986e-21 4.600e-21 1.165e-21 1.821e-21 1.815e-21
 0.000e+00 1.048e-21 2.478e-21 7.808e-22 2.032e-21 3.624e-21 5.342e-21 4.477e-21 1.100e-21 6.707e-22
 5.886e-22 2.337e-21 3.585e-21 5.433e-22 0.000e+00 7.447e-23 3.525e-21 4.759e-21 2.229e-21 0.000e+00
 0.000e+00 0.000e+00 3.189e-22 3.882e-22 2.827e-21 3.676e-21 3.394e-21 4.467e-21 1.976e-21 4.378e-22
 2.579e-21 3.825e-21 2.582e-21 3.648e-21 7.848e-21 6.805e-21 5.261e-21 1.384e-20 1.860e-20 9.271e-21
 4.464e-21 7.656e-21 5.557e-21 7.045e-22 0.000e+00 9.296e-22 4.418e-21 2.854e-21 0.000e+00 0.000e+00
 0.000e+00 0.000e+00 0.000e+00 0.000e+00 0.000e+00 0.000e+00 2.807e-21 5.422e-21 3.912e-21 2.653e-21
 5.909e-22 0.000e+00 0.000e+00 3.791e-22 3.423e-23 0.000e+00 0.000e+00 2.608e-21 5.685e-21 4.795e-21
 1.731e-21 2.569e-23 0.000e+00 8.311e-22 4.446e-21 1.027e-20 1.011e-20 4.613e-21 1.183e-21 5.391e-21
 2.841e-20 3.794e-20 1.650e-20 2.943e-21 3.572e-21 1.191e-20 2.248e-20 1.372e-20 0.000e+00 0.000e+00
 1.080e-21 7.320e-24 0.000e+00 4.708e-23 5.767e-22 0.000e+00 3.619e-22 2.996e-21 1.353e-21 0.000e+00
 0.000e+00 0.000e+00 6.652e-22 0.000e+00 0.000e+00 0.000e+00 0.000e+00 2.396e-21 4.759e-21 4.851e-21
 3.239e-21 2.679e-21 2.824e-21 4.465e-21 8.365e-21 1.720e-20 3.284e-20 2.771e-20 6.267e-21 0.000e+00
 0.000e+00 6.057e-21 3.145e-20 6.428e-20 5.570e-20 1.849e-20 0.000e+00 0.000e+00 0.000e+00 1.482e-22
 1.004e-20 1.692e-20 1.020e-20 5.251e-21 7.569e-21 7.579e-21 4.128e-21 1.306e-21 0.000e+00 0.000e+00
 8.012e-22 2.926e-21 2.787e-21 1.430e-21 1.253e-21 8.260e-22 1.427e-21 2.866e-21 5.834e-21 5.559e-21
 1.921e-21 1.796e-21 1.887e-21 1.976e-21 3.659e-21 6.668e-21 1.709e-20 1.916e-20 5.908e-21 6.000e-22
 1.965e-21 1.713e-21 7.798e-22 6.913e-21 4.321e-20 8.427e-20 7.475e-20 4.550e-20 3.686e-20 2.227e-20
 4.065e-21 0.000e+00 0.000e+00 3.126e-21 9.852e-21 2.782e-20 3.019e-20 8.622e-21 0.000e+00 8.658e-22
 5.015e-21 4.942e-21 3.808e-21 1.679e-21 0.000e+00 0.000e+00 1.368e-21 1.707e-21 0.000e+00 0.000e+00
 2.010e-21 4.989e-21 8.012e-21 6.840e-21 6.248e-21 1.404e-20 3.684e-20 3.868e-20 1.311e-20 2.469e-21
 2.679e-21 2.790e-21 2.185e-21 1.256e-21 9.775e-21 3.698e-20 5.854e-20 7.762e-20 1.065e-19 8.091e-20
 2.744e-20 1.604e-20 1.935e-20 1.011e-20 0.000e+00 0.000e+00 0.000e+00 0.000e+00 8.659e-22 1.381e-20
 2.347e-20 1.101e-20 0.000e+00 0.000e+00 0.000e+00 1.065e-21 2.390e-21 4.372e-21 5.591e-21 5.555e-21
 6.483e-21 7.554e-21 5.734e-21 6.215e-21 1.065e-20 2.636e-20 3.831e-20 2.491e-20 1.006e-20 5.295e-21
 3.397e-21 2.758e-21 1.629e-21 1.169e-21 8.920e-21 3.811e-20 5.292e-20 3.788e-20 4.273e-20 7.274e-20
 1.008e-19 9.202e-20 4.447e-20 7.760e-21 2.425e-21 2.400e-20 4.001e-20 2.219e-20 4.079e-21 1.537e-21
 8.110e-22 6.867e-22 2.752e-21 2.700e-20 4.863e-20 2.933e-20 8.192e-21 3.994e-21 2.826e-21 3.933e-21
 2.522e-21 1.465e-22 9.315e-22 1.361e-20 4.366e-20 5.032e-20 2.059e-20 7.522e-21 7.745e-21 3.259e-21
 1.354e-21 3.946e-22 1.837e-21 9.588e-21 3.065e-20 3.496e-20 2.285e-20 2.007e-20 2.580e-20 3.712e-20
 6.133e-20 1.089e-19 1.276e-19 1.044e-19 6.682e-20 2.238e-20 3.913e-22 0.000e+00 0.000e+00 7.151e-21
 2.602e-20 2.483e-20 4.687e-21 0.000e+00 5.008e-22 2.547e-21 7.707e-21 2.489e-20 2.854e-20 1.411e-20
 7.666e-21 9.579e-21 2.832e-20 3.856e-20 1.898e-20 4.105e-21 4.937e-21 6.508e-21 9.136e-21 9.420e-21
 4.527e-21 1.205e-20 4.531e-20 5.506e-20 2.173e-20 7.119e-21 1.222e-20 1.571e-20 2.189e-20 3.144e-20
 4.463e-20 6.486e-20 9.471e-20 1.057e-19 9.051e-20 7.912e-20 7.514e-20 4.615e-20 1.333e-20 5.976e-21
 1.826e-21 0.000e+00 0.000e+00 4.129e-22 2.566e-20 5.798e-20 4.150e-20 9.644e-21 3.757e-21 3.104e-20
 1.041e-19 1.043e-19 3.189e-20 5.514e-21 7.647e-21 4.795e-21 0.000e+00 0.000e+00 6.109e-21 3.043e-20
 4.076e-20 1.628e-20 6.581e-22 0.000e+00 2.160e-21 9.122e-21 1.325e-20 1.800e-20 2.159e-20 2.682e-20
 3.791e-20 4.531e-20 7.572e-20 1.165e-19 1.111e-19 9.256e-20 9.676e-20 8.977e-20 6.463e-20 3.813e-20
 1.272e-20 3.069e-21 5.233e-21 4.819e-21 3.727e-21 1.896e-21 1.244e-20 3.862e-20 4.377e-20 3.447e-20
 3.952e-20 2.559e-20 2.322e-20 4.347e-20 3.631e-20 4.928e-20 6.918e-20 3.886e-20 8.222e-21 2.702e-21
 1.083e-21 6.025e-21 8.620e-21 8.739e-21 7.537e-21 4.714e-21 1.565e-20 2.063e-20 2.442e-20 3.433e-20
 3.786e-20 4.633e-20 6.487e-20 8.994e-20 9.174e-20 7.849e-20 7.855e-20 8.522e-20 8.862e-20 5.791e-20
 2.939e-20 4.783e-20 6.020e-20 6.428e-20 6.728e-20 3.460e-20 5.865e-21 5.504e-21 6.331e-21 4.604e-21
 1.361e-20 3.596e-20 3.412e-20 1.901e-20 6.790e-20 1.236e-19 7.857e-20 1.377e-20 4.082e-21 5.046e-21
 4.770e-21 8.417e-21 1.208e-20 1.169e-20 1.200e-20 1.746e-20 1.317e-20 2.065e-20 2.325e-20 2.230e-20
 3.672e-20 4.365e-20 8.761e-20 1.120e-19 8.276e-20 6.873e-20 7.102e-20 7.911e-20 8.382e-20 1.337e-19
 1.559e-19 8.318e-20 1.936e-20 6.736e-21 3.255e-20 6.518e-20 8.153e-20 5.020e-20 9.585e-21 8.011e-22
 1.301e-22 5.031e-21 4.536e-21 7.022e-21 1.008e-20 3.032e-20 4.608e-20 2.695e-20 9.399e-21 2.075e-20
 4.446e-20 3.624e-20 2.371e-20 1.810e-20 1.008e-20 1.602e-20 2.027e-20 2.031e-20 3.338e-20 3.340e-20
 3.524e-20 7.083e-20 7.903e-20 7.415e-20 9.676e-20 1.276e-19 1.082e-19 7.052e-20 8.108e-20 7.801e-20
 1.117e-19 1.478e-19 8.570e-20 1.623e-20 0.000e+00 0.000e+00 6.167e-21 4.147e-20 6.600e-20 3.466e-20
 5.830e-21 5.084e-21 3.133e-21 2.416e-21 9.560e-21 4.306e-20 7.548e-20 4.640e-20 1.259e-20 1.105e-20
 1.378e-20 9.973e-21 1.450e-20 2.606e-20 5.009e-20 8.850e-20 7.305e-20 2.736e-20 3.535e-20 9.703e-20
 1.264e-19 9.758e-20 6.104e-20 7.653e-20 1.288e-19 9.880e-20 6.756e-20 6.911e-20 5.564e-20 7.845e-20
 6.430e-20 6.354e-20 1.319e-19 1.208e-19 3.992e-20 5.633e-21 4.722e-21 3.577e-21 1.968e-21 0.000e+00
 6.989e-21 2.828e-20 3.530e-20 2.074e-20 2.990e-20 4.895e-20 3.576e-20 1.478e-20 1.118e-20 1.597e-20
 1.666e-20 1.264e-20 2.861e-20 7.830e-20 8.353e-20 4.378e-20 4.769e-20 8.029e-20 1.008e-19 1.013e-19
 7.079e-20 4.673e-20 5.151e-20 3.884e-20 4.560e-20 5.837e-20 4.738e-20 7.005e-20 6.454e-20 5.318e-20
 8.051e-20 5.849e-20 4.345e-20 1.006e-19 1.153e-19 5.398e-20 9.630e-21 0.000e+00 6.725e-22 3.600e-21
 2.922e-21 7.035e-21 4.335e-20 7.498e-20 5.524e-20 6.443e-20 9.073e-20 7.355e-20 4.522e-20 6.004e-20
 8.941e-20 5.503e-20 2.634e-20 2.748e-20 3.917e-20 8.419e-20 8.505e-20 3.585e-20 2.276e-20 3.967e-20
 3.080e-20 2.791e-20 6.236e-20 9.092e-20 9.779e-20 8.027e-20 4.514e-20 5.124e-20 7.660e-20 4.493e-20
 4.708e-20 8.230e-20 6.695e-20 9.053e-20 1.212e-19 8.702e-20 4.418e-20 1.693e-20 1.582e-20 6.813e-20
 1.134e-19 7.997e-20 5.233e-20 4.319e-20 2.110e-20 1.802e-20 1.283e-20 9.780e-21 1.987e-20 4.113e-20
 5.740e-20 6.652e-20 7.014e-20 3.858e-20 1.109e-20 2.480e-20 3.651e-20 1.871e-20 2.149e-20 4.176e-20
 2.865e-20 2.868e-20 5.350e-20 3.970e-20 3.021e-20 6.221e-20 6.920e-20 7.718e-20 9.636e-20 5.981e-20
 2.378e-20 7.039e-20 1.352e-19 1.368e-19 1.520e-19 1.659e-19 1.032e-19 6.449e-20 5.429e-20 2.203e-20
 9.359e-21 6.287e-21 2.243e-21 4.787e-21 9.333e-21 1.086e-20 1.429e-20 5.496e-20 7.944e-20 3.731e-20
 8.398e-21 2.080e-20 2.801e-20 1.628e-20 4.105e-20 9.372e-20 7.219e-20 2.586e-20 3.790e-20 4.523e-20
 2.366e-20 3.453e-20 5.705e-20 4.989e-20 9.037e-20 1.498e-19 1.118e-19 5.477e-20 8.195e-20 1.433e-19
 1.274e-19 9.341e-20 1.389e-19 1.233e-19 4.576e-20 4.673e-20 5.880e-20 2.759e-20 1.797e-20 4.035e-20
 3.665e-20 1.554e-20 3.360e-20 5.482e-20 2.937e-20 3.223e-21 1.182e-20 2.336e-20 1.805e-20 1.090e-20
 2.002e-20 2.998e-20 2.048e-20 1.515e-20 3.558e-20 6.358e-20 8.979e-20 1.067e-19 8.472e-20 4.746e-20
 4.919e-20 7.735e-20 9.071e-20 8.529e-20 7.592e-20 6.940e-20 3.783e-20 1.935e-20 5.981e-20 6.445e-20
 3.943e-20 7.511e-20 1.250e-19 1.095e-19 4.592e-20 1.704e-20 5.371e-20 9.699e-20 7.569e-20 2.098e-20
 8.798e-21 5.036e-20 7.162e-20 3.351e-20 8.915e-21 2.545e-20 7.130e-20 1.034e-19 7.188e-20 3.530e-20
 2.666e-20 1.201e-20 8.596e-21 3.036e-20 4.533e-20 4.642e-20 4.748e-20 5.098e-20 3.812e-20 1.685e-20
 3.190e-20 5.566e-20 3.479e-20 1.916e-20 5.232e-20 9.241e-20 8.702e-20 5.396e-20 7.626e-20 1.148e-19
 9.251e-20 7.698e-20 1.208e-19 1.401e-19 8.018e-20 3.851e-20 7.381e-20 1.284e-19 1.121e-19 4.757e-20
 1.831e-20 1.025e-20 6.363e-21 2.006e-20 5.100e-20 5.009e-20 4.257e-20 7.143e-20 7.005e-20 3.678e-20
 1.037e-20 9.629e-21 3.198e-20 3.700e-20 1.701e-20 1.664e-20 4.049e-20 3.791e-20 1.331e-20 1.821e-20
 4.408e-20 3.443e-20 1.499e-20 4.817e-20 1.095e-19 1.005e-19 6.952e-20 1.363e-19 1.760e-19 9.835e-20
 3.141e-20 4.608e-20 8.334e-20 9.934e-20 8.725e-20 4.700e-20 3.338e-20 5.604e-20 6.654e-20 4.130e-20
 1.267e-20 1.197e-20 2.202e-20 2.044e-20 6.817e-21 4.975e-21 2.780e-20 7.078e-20 6.989e-20 2.769e-20
 2.304e-20 3.603e-20 2.599e-20 4.216e-21 1.927e-20 5.661e-20 9.835e-20 1.276e-19 9.567e-20 6.451e-20
 4.794e-20 1.913e-20 1.737e-20 6.570e-20 1.020e-19 6.434e-20 2.243e-20 4.305e-20 1.056e-19 1.080e-19
 7.356e-20 7.283e-20 5.002e-20 5.059e-20 6.766e-20 7.605e-20 1.183e-19 1.115e-19 3.970e-20 4.566e-21
 1.751e-20 1.848e-20 6.450e-21 1.235e-21 1.804e-20 7.410e-20 1.054e-19 5.506e-20 2.920e-20 7.577e-20
 8.509e-20 5.482e-20 3.130e-20 3.254e-20 4.196e-20 2.203e-20 8.781e-21 3.089e-20 7.207e-20 7.434e-20
 5.068e-20 4.738e-20 6.163e-20 6.507e-20 2.769e-20 2.610e-21 6.682e-21 5.498e-20 1.077e-19 6.922e-20
 1.722e-20 6.561e-21 1.343e-20 5.276e-20 1.089e-19 1.313e-19 9.527e-20 3.953e-20 2.126e-20 2.356e-20
 3.318e-20 5.666e-20 5.244e-20 3.688e-20 2.315e-20 7.022e-21 6.656e-21 3.491e-20 7.901e-20 6.589e-20
 1.937e-20 1.295e-20 3.702e-20 3.994e-20 2.769e-20 6.480e-20 1.170e-19 1.025e-19 4.125e-20 1.351e-20
 1.705e-20 4.851e-20 1.061e-19 1.127e-19 8.084e-20 4.780e-20 3.274e-20 5.704e-20 5.542e-20 1.627e-20
 1.591e-20 4.963e-20 5.834e-20 5.431e-20 6.604e-20 7.538e-20 7.356e-20 6.334e-20 4.270e-20 1.754e-20
 1.491e-20 3.028e-20 2.267e-20 9.275e-21 1.247e-20 4.948e-20 8.078e-20 4.249e-20 4.621e-21 2.449e-20
 9.839e-20 1.260e-19 5.868e-20 1.440e-20 1.472e-20 3.961e-20 5.020e-20 2.790e-20 2.359e-20 3.921e-20
 6.987e-20 9.159e-20 6.698e-20 2.414e-20 4.965e-21 8.117e-21 5.709e-20 1.070e-19 7.304e-20 1.734e-20
 2.536e-21 3.734e-21 1.943e-20 5.897e-20 6.185e-20 1.932e-20 1.250e-20 7.098e-20 1.139e-19 7.133e-20
 1.853e-20 2.142e-21 1.312e-21 1.841e-20 4.198e-20 5.621e-20 4.864e-20 2.277e-20 3.132e-20 6.307e-20
 5.950e-20 7.624e-20 9.023e-20 5.876e-20 5.220e-20 4.947e-20 2.825e-20 8.704e-21 8.034e-21 4.200e-20
 5.551e-20 2.846e-20 7.256e-21 1.305e-20 5.662e-20 1.109e-19 1.195e-19 7.330e-20 1.742e-20 0.000e+00
 1.313e-20 4.298e-20 6.760e-20 5.711e-20 2.545e-20 1.172e-20 2.269e-20 2.178e-20 2.629e-20 5.084e-20
 5.741e-20 5.033e-20 4.710e-20 6.059e-20 6.439e-20 3.065e-20 1.999e-20 3.331e-20 2.378e-20 1.440e-20
 3.455e-20 8.665e-20 1.076e-19 6.466e-20 2.078e-20 1.225e-20 1.451e-20 1.551e-20 3.836e-20 4.527e-20
 2.149e-20 1.440e-20 1.799e-20 1.129e-20 5.712e-21 2.318e-20 4.735e-20 4.491e-20 4.091e-20 6.199e-20
 6.605e-20 7.640e-20 1.077e-19 1.012e-19 7.422e-20 3.568e-20 2.595e-20 4.809e-20 4.167e-20 3.257e-20
 2.926e-20 3.500e-20 3.182e-20 1.214e-20 2.160e-20 3.774e-20 2.194e-20 3.890e-21 5.650e-21 9.118e-21
 2.598e-20 3.931e-20 3.552e-20 3.538e-20 2.547e-20 9.317e-21 1.912e-20 5.782e-20 6.951e-20 5.147e-20
 3.128e-20 1.526e-20 3.861e-20 7.840e-20 9.146e-20 8.559e-20 7.548e-20 4.887e-20 1.501e-20 6.133e-21
 1.661e-20 3.600e-20 4.166e-20 2.100e-20 2.951e-21 3.683e-21 2.028e-20 4.429e-20 4.505e-20 1.938e-20
 6.791e-21 1.445e-20 3.126e-20 4.152e-20 3.825e-20 3.732e-20 3.723e-20 4.976e-20 7.730e-20 6.664e-20
 2.727e-20 2.419e-20 4.607e-20 5.649e-20 5.629e-20 6.967e-20 7.375e-20 3.613e-20 5.945e-21 1.566e-22
 5.712e-21 1.897e-20 2.455e-20 2.972e-20 3.077e-20 2.877e-20 2.765e-20 2.294e-20 2.162e-20 1.638e-20
 1.441e-20 2.358e-20 4.545e-20 7.492e-20 6.639e-20 2.645e-20 7.864e-21 5.070e-21 5.045e-22 1.675e-20
 4.112e-20 3.044e-20 8.042e-21 1.271e-20 2.624e-20 2.823e-20 5.253e-20 7.473e-20 3.981e-20 6.053e-21
 5.163e-21 1.631e-20 2.750e-20 2.659e-20 3.328e-20 3.453e-20 2.152e-20 3.517e-20 6.564e-20 6.985e-20
 4.566e-20 1.703e-20 1.132e-20 2.982e-20 4.074e-20 3.439e-20 3.606e-20 3.683e-20 1.789e-20 1.415e-20
 3.252e-20 3.467e-20 1.562e-20 8.981e-22 0.000e+00 8.142e-21 2.484e-20 3.136e-20 2.585e-20 1.819e-20
 1.981e-20 2.918e-20 2.432e-20 8.364e-21 1.523e-20 3.978e-20 4.736e-20 3.393e-20 2.014e-20 4.441e-20
 7.255e-20 4.790e-20 2.738e-20 5.508e-20 6.831e-20 3.177e-20 2.634e-21 7.376e-22 5.800e-21 9.117e-21
 1.252e-20 1.969e-20 1.909e-20 1.304e-20 1.495e-20 4.325e-20 5.739e-20 3.894e-20 3.697e-20 2.892e-20
 1.122e-20 1.910e-20 3.081e-20 2.008e-20 1.447e-20 2.544e-20 1.738e-20 1.261e-21 0.000e+00 3.347e-21
 1.795e-20 2.049e-20 2.287e-20 3.391e-20 2.520e-20 1.973e-20 2.017e-20 1.761e-20 3.458e-20 3.523e-20
 2.332e-20 3.200e-20 3.661e-20 2.660e-20 3.391e-20 5.627e-20 5.362e-20 4.568e-20 3.728e-20 1.592e-20
 6.945e-21 1.771e-20 2.764e-20 1.751e-20 1.095e-20 2.380e-20 4.594e-20 4.674e-20 1.940e-20 5.328e-21
 8.032e-21 2.175e-20 3.661e-20 2.997e-20 1.113e-20 2.792e-22 0.000e+00 0.000e+00 6.021e-21 2.790e-20
 4.534e-20 4.529e-20 4.448e-20 3.355e-20 1.093e-20 4.065e-21 5.827e-21 5.731e-21 4.094e-21 7.759e-21
 2.136e-20 2.983e-20 2.648e-20 2.832e-20 3.414e-20 2.324e-20 6.397e-21 3.609e-21 6.202e-21 1.590e-20
 4.129e-20 4.879e-20 2.770e-20 1.078e-20 1.189e-20 1.406e-20 2.105e-20 3.898e-20 3.163e-20 2.373e-20
 3.267e-20 2.870e-20 2.291e-20 1.962e-20 2.243e-20 2.307e-20 1.880e-20 2.412e-20 2.932e-20 2.247e-20
 6.861e-21 2.571e-21 9.314e-21 1.066e-20 5.400e-21 9.899e-22 0.000e+00 3.974e-23 1.106e-20 2.180e-20
 2.706e-20 2.992e-20 2.396e-20 1.134e-20 6.973e-21 7.696e-21 8.601e-21 1.708e-20 2.982e-20 3.505e-20
 2.897e-20 2.753e-20 3.348e-20 4.374e-20 4.102e-20 2.359e-20 3.509e-20 4.602e-20 2.557e-20 1.170e-20
 8.585e-21 3.913e-21 2.453e-21 3.398e-21 4.336e-21 1.804e-20 3.084e-20 2.122e-20 9.613e-21 8.582e-21
 8.909e-21 5.412e-21 4.178e-21 1.107e-20 1.328e-20 8.074e-21 1.396e-20 2.573e-20 3.095e-20 2.749e-20
 1.311e-20 7.367e-21 1.256e-20 1.017e-20 1.017e-20 1.634e-20 1.650e-20 2.540e-20 4.459e-20 3.937e-20
 1.705e-20 8.909e-21 6.452e-21 8.472e-21 1.757e-20 2.060e-20 2.328e-20 2.100e-20 1.091e-20 1.098e-20
 2.036e-20 1.750e-20 8.853e-21 2.558e-20 3.909e-20 1.958e-20 2.118e-21 1.993e-21 5.224e-21 1.350e-20
 2.027e-20 2.050e-20 2.748e-20 2.342e-20 9.588e-21 1.150e-20 1.451e-20 1.267e-20 1.215e-20 6.754e-21
 4.488e-21 1.020e-20 9.427e-21 9.135e-21 1.639e-20 1.791e-20 1.667e-20 1.730e-20 1.605e-20 1.568e-20
 1.750e-20 1.412e-20 8.975e-21 1.132e-20 1.713e-20 1.983e-20 1.856e-20 1.629e-20 1.447e-20 1.094e-20
 8.836e-21 1.243e-20 1.460e-20 1.058e-20 5.032e-21 3.513e-21 2.346e-21 5.741e-21 1.511e-20 1.749e-20
 1.950e-20 1.660e-20 9.818e-21 1.274e-20 1.239e-20 8.345e-21 1.351e-20 2.390e-20 2.351e-20 1.326e-20
 9.951e-21 1.433e-20 1.583e-20 1.151e-20 9.770e-21 1.246e-20 9.985e-21 9.348e-21 1.143e-20 5.627e-21
 7.665e-22 0.000e+00 0.000e+00 4.458e-21 1.110e-20 1.441e-20 1.350e-20 2.292e-20 2.973e-20 2.537e-20
 1.648e-20 5.474e-21 1.803e-21 3.629e-21 9.168e-21 1.454e-20 1.672e-20 1.045e-20 8.170e-24 0.000e+00
 0.000e+00 9.607e-22 5.365e-21 1.426e-20 1.953e-20 1.593e-20 1.024e-20 4.581e-21 2.511e-22 0.000e+00
 6.310e-21 1.348e-20 1.535e-20 1.783e-20 2.271e-20 2.165e-20 1.002e-20 1.463e-21 1.213e-21 6.700e-21
 1.772e-20 1.650e-20 7.161e-21 4.368e-21 2.720e-21 6.109e-21 1.514e-20 1.880e-20 1.340e-20 9.701e-21
 1.038e-20 7.033e-21 7.528e-21 1.428e-20 1.679e-20 1.359e-20 6.741e-21 2.426e-21 3.517e-21 8.700e-21
 1.756e-20 1.741e-20 9.309e-21 8.616e-21 1.427e-20 1.757e-20 1.333e-20 5.143e-21 1.225e-21 2.642e-21
 7.704e-21 1.301e-20 8.208e-21 5.149e-21 1.543e-20 1.630e-20 7.857e-21 7.843e-21 8.465e-21 4.003e-21
 1.363e-21 3.469e-21 8.520e-21 9.235e-21 8.899e-21 1.291e-20 1.361e-20 1.093e-20 5.811e-21 2.971e-21
 5.886e-21 8.216e-21 5.676e-21 1.691e-21 3.066e-21 4.613e-21 4.468e-21 4.683e-21 7.523e-21 1.220e-20
 1.012e-20 4.392e-21 1.148e-21 0.000e+00 3.634e-21 1.233e-20 1.082e-20 6.525e-21 1.173e-20 1.400e-20
 1.123e-20 7.257e-21 4.870e-21 3.473e-21 5.735e-22 2.914e-21 9.376e-21 1.303e-20 1.060e-20 7.779e-21
 1.088e-20 1.258e-20 1.643e-20 1.948e-20 8.664e-21 0.000e+00 4.110e-22 1.237e-21 0.000e+00 0.000e+00
 0.000e+00 5.002e-21 1.244e-20 1.410e-20 1.089e-20 7.903e-21 4.099e-21 3.025e-21 2.913e-21 8.151e-22
 0.000e+00 9.674e-22 2.532e-21 4.143e-21 1.423e-20 2.083e-20 1.157e-20 5.644e-22 1.229e-21 9.105e-21
 1.409e-20 8.570e-21 0.000e+00 0.000e+00 1.360e-21 1.285e-20 1.456e-20 9.023e-21 4.975e-21 5.451e-21
 7.638e-21 8.231e-21 4.876e-21 0.000e+00 0.000e+00 7.640e-21 1.806e-20 1.606e-20 9.213e-21 6.086e-21
 1.619e-21 0.000e+00 0.000e+00 0.000e+00 0.000e+00 4.634e-21 9.027e-21 8.266e-21 3.254e-21 0.000e+00
 3.527e-21 1.148e-20 1.115e-20 3.280e-21 0.000e+00 0.000e+00 2.264e-21 4.261e-21 6.060e-21 7.783e-21
 7.163e-21 6.871e-21 5.689e-21 3.037e-21 1.348e-21 0.000e+00 0.000e+00 3.576e-21 1.125e-20 1.103e-20
 5.679e-21 6.384e-22 0.000e+00 1.792e-21 5.341e-21 4.062e-21 0.000e+00 0.000e+00 4.721e-21 1.049e-20
 1.180e-20 9.336e-21 7.279e-21 8.039e-21 1.052e-20 1.223e-20 9.111e-21 3.326e-21 0.000e+00 0.000e+00
 0.000e+00 8.926e-22 2.633e-21 1.768e-21 0.000e+00 0.000e+00 0.000e+00 3.151e-21 5.316e-21 6.551e-21
 6.316e-21 3.954e-21 1.445e-22 0.000e+00 0.000e+00 3.318e-21 6.752e-21 3.523e-21 1.370e-21 6.834e-21
 9.364e-21 4.696e-21 0.000e+00 0.000e+00 2.281e-21 1.679e-21 0.000e+00 0.000e+00 3.202e-21 6.203e-21
 5.726e-21 5.722e-21 8.475e-21 1.279e-20 1.301e-20 9.788e-21 9.459e-21 7.816e-21 3.605e-21 0.000e+00
 0.000e+00 6.419e-21 1.068e-20 4.657e-21 0.000e+00 0.000e+00 0.000e+00 1.084e-21 3.703e-21 3.106e-21
 2.130e-21 1.721e-21 4.347e-21 5.749e-21 5.007e-21 5.504e-21 4.797e-21 3.670e-21 4.560e-21 6.333e-21
 8.022e-21 9.262e-21 8.852e-21 8.099e-21 9.477e-21 7.371e-21 2.805e-21 3.708e-21 5.921e-21 5.056e-21
 4.135e-21 5.752e-21 8.675e-21 9.059e-21 7.251e-21 6.247e-21 5.014e-21 4.327e-21 2.193e-21 0.000e+00
 3.834e-22 4.309e-22 2.736e-22 7.300e-22 0.000e+00 2.122e-21 5.598e-21 6.275e-21 2.708e-21 2.931e-22
 2.605e-21 4.074e-21 3.348e-21 8.861e-22 4.219e-22 4.686e-21 5.926e-21 1.819e-21 1.307e-21 5.643e-21
 9.471e-21 6.731e-21 2.976e-22 0.000e+00 1.333e-21 2.846e-21 6.733e-21 9.157e-21 1.051e-20 1.045e-20
 6.894e-21 2.218e-21 0.000e+00 0.000e+00 0.000e+00 0.000e+00 7.647e-22 0.000e+00 0.000e+00 6.208e-22
 1.076e-21 5.220e-21 6.340e-21 1.660e-21 1.424e-21 3.530e-21 2.705e-21 1.936e-21 2.722e-21 4.949e-21
 4.663e-21 5.032e-23 0.000e+00 0.000e+00 1.989e-21 1.200e-21 1.335e-21 2.115e-21 2.707e-21 3.481e-21
 1.238e-21 0.000e+00 0.000e+00 6.972e-22 2.999e-21 3.415e-21 2.014e-21 0.000e+00 0.000e+00 4.279e-22
 4.469e-21 4.373e-21 2.381e-21 2.983e-21 8.589e-22 0.000e+00 0.000e+00 0.000e+00 0.000e+00 1.151e-21
 2.744e-21 1.610e-21 0.000e+00 0.000e+00 0.000e+00 8.760e-22 4.376e-21 5.552e-21 5.247e-21 5.764e-21
 3.894e-21 3.920e-24 0.000e+00 1.566e-21 1.404e-21 0.000e+00 0.000e+00 0.000e+00 0.000e+00 1.405e-21
 5.174e-21 4.797e-21 5.178e-21 6.330e-21 5.083e-21 2.829e-21 1.755e-21 2.165e-22 1.527e-21 6.558e-21
 7.283e-21 5.725e-21 4.335e-21 1.218e-21 0.000e+00 0.000e+00 0.000e+00 0.000e+00 0.000e+00 1.219e-21
 3.563e-21 6.172e-22 0.000e+00 0.000e+00 0.000e+00 0.000e+00 0.000e+00 0.000e+00 0.000e+00 0.000e+00
 0.000e+00 0.000e+00 0.000e+00 0.000e+00 0.000e+00 7.083e-22 3.028e-21 2.782e-21 2.324e-21 1.676e-21
 3.211e-21 3.742e-21 2.838e-21 4.898e-21 2.508e-21 0.000e+00 0.000e+00 0.000e+00 3.761e-22 1.368e-21
 4.549e-22 0.000e+00 1.328e-21 2.311e-21 1.767e-21 6.322e-22 0.000e+00 0.000e+00 0.000e+00 0.000e+00
 0.000e+00 0.000e+00 0.000e+00 9.449e-22 3.302e-21 7.022e-22 0.000e+00 3.577e-22 1.796e-21 3.308e-21
 1.299e-21 0.000e+00 8.881e-22 1.025e-21 1.985e-21 1.676e-21 0.000e+00 0.000e+00 7.771e-22 0.000e+00
 0.000e+00 1.458e-21 4.129e-21 4.347e-21 2.681e-21 6.316e-22 0.000e+00 0.000e+00 0.000e+00 0.000e+00
 3.272e-21 4.066e-21 1.009e-21 4.873e-22 5.553e-22 4.264e-22 2.304e-22 0.000e+00 0.000e+00 0.000e+00
 0.000e+00 0.000e+00 4.310e-22 4.769e-21 4.337e-21 7.105e-22 0.000e+00 0.000e+00 0.000e+00 2.398e-21
 3.649e-21 0.000e+00 0.000e+00 0.000e+00 0.000e+00 0.000e+00 0.000e+00 0.000e+00 0.000e+00 0.000e+00
 0.000e+00 2.139e-21 1.892e-21 0.000e+00 8.722e-22 4.258e-21 4.116e-21 2.164e-21 3.394e-21 6.219e-21
 6.822e-21 6.457e-21 5.525e-21 4.675e-21 3.277e-21 1.155e-21 1.319e-21 1.765e-21 2.052e-21 3.138e-21
 2.965e-21 2.636e-21 1.369e-21 0.000e+00 0.000e+00 0.000e+00 4.236e-22 4.875e-22 0.000e+00 0.000e+00
 0.000e+00 0.000e+00 0.000e+00 0.000e+00 0.000e+00 1.483e-21 2.479e-21 3.304e-21 3.987e-21 3.646e-21
 4.002e-21 4.279e-21 3.517e-21 1.887e-21 2.290e-21 5.200e-21 6.362e-21 4.478e-21 2.591e-21 2.103e-21
 7.915e-22 2.671e-21 6.770e-21 4.772e-21 2.377e-21 3.884e-21 3.224e-21 2.383e-21 1.661e-21 0.000e+00
 0.000e+00 2.868e-22 3.099e-21 3.839e-21 1.318e-21 1.200e-22 1.164e-21 4.181e-21 4.973e-21 1.665e-21
 0.000e+00 0.000e+00 1.596e-21 6.243e-21 7.012e-21 4.674e-21 3.871e-21 5.237e-21 4.143e-21 2.814e-21
 6.492e-22 0.000e+00 0.000e+00 1.392e-21 3.798e-21 0.000e+00 0.000e+00 0.000e+00 2.076e-21 2.948e-21
 3.581e-21 4.202e-21 4.463e-21 4.088e-21 1.964e-21 4.079e-22 1.783e-22 5.092e-22 2.078e-21 2.225e-21
 6.581e-23 1.756e-23 1.432e-21 2.627e-22 0.000e+00 0.000e+00 3.296e-23 0.000e+00 0.000e+00 0.000e+00
 0.000e+00 0.000e+00 0.000e+00 4.232e-22 2.396e-21 2.911e-21 3.753e-21 3.088e-21 1.855e-21 3.305e-21
 3.364e-21 1.428e-21 1.453e-21 1.771e-21 5.213e-22 0.000e+00 1.227e-21 2.979e-21 3.102e-22 0.000e+00
 0.000e+00 8.306e-23 2.105e-21 4.500e-21 7.543e-21 8.311e-21 3.115e-21 0.000e+00 0.000e+00 0.000e+00
 0.000e+00 0.000e+00 0.000e+00 0.000e+00 0.000e+00 0.000e+00 6.730e-22 1.726e-22 0.000e+00 0.000e+00
 0.000e+00 3.310e-21 5.183e-21 3.775e-21 1.521e-21 1.310e-21 1.157e-21 1.771e-22 9.379e-22 2.204e-21
 2.229e-21 1.722e-21 2.764e-21 3.190e-21 2.927e-22 0.000e+00 2.414e-21 6.347e-21 3.519e-21 1.763e-21
 2.690e-21 2.637e-21 2.827e-21 4.871e-21 4.644e-21 5.441e-22 0.000e+00 0.000e+00 2.356e-21 2.770e-21
 0.000e+00 0.000e+00 5.133e-22 7.660e-23 2.134e-21 2.821e-21 2.155e-22 1.550e-21 3.508e-21 1.129e-21
 0.000e+00 7.484e-22 2.490e-21 1.792e-21 1.580e-22 0.000e+00 0.000e+00 0.000e+00 0.000e+00 2.174e-21
 1.918e-21 7.554e-22 7.253e-23 0.000e+00 0.000e+00 0.000e+00 2.250e-21 2.001e-21 1.380e-22 7.151e-22
 3.331e-21 4.552e-21 5.076e-21 6.186e-21 5.520e-21 4.431e-21 5.742e-21 5.260e-21 2.700e-21 2.071e-21
 1.154e-21 0.000e+00 0.000e+00 0.000e+00 2.514e-21 3.912e-21 2.235e-23 0.000e+00 0.000e+00 0.000e+00
 1.367e-21 2.621e-21 2.386e-21 5.258e-22 6.527e-22 4.840e-22 0.000e+00 6.300e-22 2.321e-22 6.871e-22
 3.746e-21 6.982e-21 7.224e-21 4.840e-21 2.955e-21 2.001e-21 1.656e-21 2.016e-21 1.305e-21 8.981e-23
 2.097e-21 4.169e-21 2.349e-21 1.209e-21 2.951e-21 3.913e-21 2.093e-21 0.000e+00 0.000e+00 0.000e+00
 3.344e-22 2.663e-21 3.888e-21 2.364e-21 4.151e-22 0.000e+00 0.000e+00 0.000e+00 0.000e+00 0.000e+00
 5.584e-22 2.238e-22 4.109e-22 2.551e-21 4.039e-21 3.943e-21 3.347e-21 4.126e-22 0.000e+00 0.000e+00
 1.669e-21 4.558e-21 4.347e-21 2.525e-21 1.613e-21 1.079e-21 0.000e+00 0.000e+00 0.000e+00 9.799e-22
 1.947e-21 1.162e-21 1.832e-21 3.971e-21 3.772e-21 3.482e-21 4.493e-21 3.042e-21 3.594e-22 0.000e+00
 0.000e+00 0.000e+00 3.220e-22 1.582e-21 2.761e-21 3.030e-21 2.717e-21 1.902e-21 2.405e-22 0.000e+00
 0.000e+00 0.000e+00 0.000e+00 1.197e-21 2.091e-21 1.046e-21 0.000e+00 0.000e+00 0.000e+00 2.660e-21
 3.180e-21 1.339e-21 1.329e-22 0.000e+00 0.000e+00 0.000e+00 0.000e+00 0.000e+00 0.000e+00 0.000e+00
 0.000e+00 5.295e-23 2.613e-22 0.000e+00 0.000e+00 1.972e-21 3.615e-21 8.924e-22 0.000e+00 1.032e-21
 1.359e-21 0.000e+00 0.000e+00 0.000e+00 0.000e+00 0.000e+00 0.000e+00 0.000e+00 0.000e+00 0.000e+00
 0.000e+00 0.000e+00 9.167e-22 2.533e-21 1.538e-21 0.000e+00 5.830e-22 2.292e-21 2.485e-21 1.909e-21
 0.000e+00 0.000e+00 0.000e+00 0.000e+00 0.000e+00 1.529e-21 2.280e-21 3.862e-21 5.058e-21 4.586e-21
 1.256e-21 0.000e+00 4.652e-22 0.000e+00 0.000e+00 2.687e-22 1.877e-22 0.000e+00 0.000e+00 0.000e+00
 1.674e-21 3.243e-21 2.080e-21 0.000e+00 0.000e+00 1.787e-23 4.530e-21 5.422e-21 5.188e-21 4.733e-21
 2.313e-21 0.000e+00 0.000e+00 7.823e-23 8.388e-22 0.000e+00 0.000e+00 2.026e-21 2.213e-21 0.000e+00
 0.000e+00 0.000e+00 0.000e+00 0.000e+00 0.000e+00 1.635e-22 1.025e-21 1.784e-21 1.492e-21 1.674e-21
 0.000e+00 0.000e+00 0.000e+00 0.000e+00 0.000e+00 4.091e-22 1.815e-21 1.905e-21 0.000e+00 0.000e+00
 6.358e-22 2.358e-22 0.000e+00 4.507e-22 1.723e-21 0.000e+00 2.662e-22 1.639e-22 0.000e+00 0.000e+00
 0.000e+00 0.000e+00 0.000e+00 0.000e+00 0.000e+00 0.000e+00 0.000e+00 0.000e+00 0.000e+00 1.826e-21
 6.812e-22 0.000e+00 0.000e+00 0.000e+00 1.258e-21 2.318e-21 1.915e-21 1.844e-21 3.716e-21 3.980e-21
 3.879e-21 5.082e-21 3.718e-21 1.557e-21 1.911e-21 2.674e-21 3.041e-21 3.428e-21 2.609e-21 7.951e-22
 0.000e+00 0.000e+00 0.000e+00 0.000e+00 0.000e+00 2.230e-22 1.204e-21 8.564e-22 0.000e+00 9.219e-22
 3.898e-21 3.381e-21 0.000e+00 0.000e+00 0.000e+00 0.000e+00 0.000e+00 0.000e+00 0.000e+00 0.000e+00
 0.000e+00 1.781e-22 2.919e-21 6.931e-22 0.000e+00 0.000e+00 1.149e-21 2.584e-21 1.739e-21 1.689e-21
 2.861e-21 3.071e-21 1.168e-21 6.560e-24 2.503e-21 3.645e-21 3.133e-21 1.058e-21 0.000e+00 1.101e-22
 2.675e-21 0.000e+00 0.000e+00 6.297e-22 4.471e-21 4.650e-21 1.596e-21 1.209e-22 0.000e+00 0.000e+00
 0.000e+00 1.148e-21 3.038e-21 2.119e-21 6.490e-22 1.645e-21 3.819e-21 3.708e-21 2.585e-21 3.234e-22
 0.000e+00 0.000e+00 2.520e-21 2.621e-21 1.791e-21 8.414e-22 0.000e+00 0.000e+00 1.415e-21 8.220e-22
 1.805e-22 0.000e+00 7.519e-22 4.342e-21 4.644e-21 4.285e-21 4.520e-21 4.490e-21 3.226e-21 0.000e+00
 0.000e+00 0.000e+00 1.858e-21 1.252e-21 0.000e+00 0.000e+00 0.000e+00 1.565e-21 1.533e-21 5.138e-22
 0.000e+00 1.719e-22 2.002e-21 3.209e-21 2.665e-21 1.637e-21 5.801e-22 0.000e+00 0.000e+00 0.000e+00
 4.136e-22 2.576e-21 3.575e-21 2.805e-21 2.443e-21 3.954e-21 5.073e-21 3.859e-21 2.047e-21 1.566e-21
 1.742e-21 1.836e-21 2.870e-21 3.721e-21 3.047e-21 2.471e-21 1.930e-21 1.692e-21 3.372e-21 4.251e-21
 2.487e-21 1.298e-21 1.210e-21 1.589e-21 2.671e-21 1.740e-21 0.000e+00 1.070e-21 3.859e-21 5.216e-21
 4.771e-21 3.845e-21 1.987e-22 0.000e+00 0.000e+00
