     CH2F2 1385.0000 1475.0000      5975      253.      0.00  2.32E-19    HFC-32    HITRAN
 2.015e-21 1.815e-21 3.469e-21 0.000e+00 1.870e-21 0.000e+00 0.000e+00 4.872e-21 0.000e+00 0.000e+00
 3.934e-21 5.381e-21 1.102e-20 2.408e-21 6.269e-21 1.021e-20 6.889e-21 4.601e-21 5.031e-21 0.000e+00
 4.208e-22 3.729e-21 0.000e+00 7.505e-21 9.879e-22 0.000e+00 5.373e-21 0.000e+00 4.655e-22 2.904e-21
 9.071e-22 1.077e-20 6.194e-21 5.769e-22 7.910e-21 3.412e-21 5.750e-21 5.945e-21 0.000e+00 1.086e-21
 0.000e+00 0.000e+00 5.812e-21 1.320e-21 0.000e+00 1.753e-21 0.000e+00 0.000e+00 7.363e-22 0.000e+00
 5.311e-21 2.063e-21 3.554e-21 2.205e-21 1.448e-21 2.468e-21 4.917e-22 9.731e-22 0.000e+00 0.000e+00
 0.000e+00 0.000e+00 5.432e-21 0.000e+00 3.923e-21 2.812e-21 0.000e+00 0.000e+00 0.000e+00 0.000e+00
 3.576e-21 0.000e+00 3.824e-21 6.633e-21 0.000e+00 5.043e-21 0.000e+00 0.000e+00 9.612e-21 5.675e-21
 7.507e-21 3.579e-21 0.000e+00 4.791e-21 6.019e-22 5.464e-22 0.000e+00 0.000e+00 3.154e-21 1.936e-21
 0.000e+00 0.000e+00 0.000e+00 0.000e+00 5.492e-22 0.000e+00 2.304e-21 7.350e-21 1.870e-21 8.059e-22
 0.000e+00 0.000e+00 0.000e+00 0.000e+00 6.501e-21 3.164e-21 2.164e-21 3.798e-21 0.000e+00 0.000e+00
 1.282e-21 2.734e-21 1.480e-21 0.000e+00 0.000e+00 6.248e-22 0.000e+00 6.848e-21 2.468e-21 0.000e+00
 3.740e-21 0.000e+00 3.968e-21 7.187e-22 0.000e+00 4.458e-21 0.000e+00 7.310e-22 1.474e-21 9.133e-22
 6.090e-21 5.688e-22 0.000e+00 1.569e-21 0.000e+00 3.195e-21 1.366e-21 0.000e+00 6.932e-21 0.000e+00
 3.974e-21 2.816e-21 0.000e+00 2.262e-21 0.000e+00 0.000e+00 0.000e+00 0.000e+00 0.000e+00 0.000e+00
 0.000e+00 0.000e+00 5.254e-21 6.630e-21 3.258e-21 3.473e-21 0.000e+00 1.585e-21 0.000e+00 0.000e+00
 2.373e-21 1.129e-21 2.138e-21 1.694e-21 0.000e+00 9.805e-22 1.616e-21 9.541e-22 4.810e-21 0.000e+00
 0.000e+00 0.000e+00 0.000e+00 1.802e-21 3.368e-21 2.131e-21 4.567e-21 7.225e-22 0.000e+00 0.000e+00
 0.000e+00 0.000e+00 6.243e-22 0.000e+00 5.058e-22 1.837e-21 0.000e+00 9.354e-22 0.000e+00 0.000e+00
 3.597e-21 2.320e-22 0.000e+00 0.000e+00 0.000e+00 0.000e+00 1.417e-21 4.756e-21 4.118e-21 2.066e-21
 0.000e+00 0.000e+00 1.210e-21 0.000e+00 5.466e-21 3.457e-22 1.694e-21 7.296e-21 0.000e+00 4.876e-21
 2.430e-21 0.000e+00 7.580e-21 1.328e-21 0.000e+00 4.134e-21 0.000e+00 1.980e-21 1.773e-21 0.000e+00
 1.127e-20 1.273e-21 1.099e-21 9.383e-22 0.000e+00 2.146e-21 0.000e+00 0.000e+00 2.298e-21 0.000e+00
 0.000e+00 0.000e+00 0.000e+00 0.000e+00 0.000e+00 0.000e+00 0.000e+00 0.000e+00 0.000e+00 0.000e+00
 0.000e+00 0.000e+00 1.349e-21 0.000e+00 0.000e+00 0.000e+00 0.000e+00 0.000e+00 0.000e+00 1.077e-21
 5.072e-21 1.621e-21 0.000e+00 0.000e+00 2.674e-21 0.000e+00 0.000e+00 0.000e+00 0.000e+00 1.529e-21
 0.000e+00 0.000e+00 0.000e+00 0.000e+00 9.354e-22 0.000e+00 1.545e-21 0.000e+00 0.000e+00 1.512e-21
 0.000e+00 1.976e-21 1.881e-21 2.766e-21 7.568e-21 6.722e-21 7.851e-21 4.192e-21 1.559e-21 5.161e-21
 3.199e-22 0.000e+00 6.912e-22 1.459e-21 4.350e-21 0.000e+00 0.000e+00 6.186e-21 6.299e-21 6.955e-21
 1.427e-21 1.703e-21 0.000e+00 1.045e-21 5.425e-21 0.000e+00 0.000e+00 0.000e+00 0.000e+00 0.000e+00
 0.000e+00 3.975e-21 6.524e-22 3.080e-21 1.959e-21 4.134e-21 1.046e-21 2.270e-21 4.536e-21 0.000e+00
 5.532e-21 0.000e+00 1.533e-21 2.662e-21 0.000e+00 6.582e-21 0.000e+00 0.000e+00 0.000e+00 0.000e+00
 3.486e-21 7.869e-22 2.311e-21 4.186e-21 0.000e+00 0.000e+00 0.000e+00 0.000e+00 1.300e-22 0.000e+00
 4.741e-21 2.015e-22 1.375e-21 0.000e+00 1.132e-21 2.875e-21 0.000e+00 1.975e-21 0.000e+00 0.000e+00
 0.000e+00 0.000e+00 0.000e+00 0.000e+00 0.000e+00 0.000e+00 2.086e-21 2.603e-21 5.625e-21 3.228e-21
 5.370e-21 5.076e-21 1.834e-21 8.426e-21 4.240e-21 3.958e-21 2.610e-21 0.000e+00 2.906e-21 0.000e+00
 0.000e+00 1.091e-21 0.000e+00 1.062e-21 2.462e-21 0.000e+00 2.695e-21 0.000e+00 0.000e+00 0.000e+00
 0.000e+00 0.000e+00 0.000e+00 0.000e+00 0.000e+00 1.614e-21 3.854e-21 3.872e-22 5.822e-21 5.632e-21
 4.579e-21 9.355e-22 0.000e+00 0.000e+00 3.118e-21 2.373e-21 1.358e-21 0.000e+00 0.000e+00 0.000e+00
 0.000e+00 0.000e+00 0.000e+00 3.561e-21 3.567e-21 4.360e-21 1.877e-21 2.614e-21 7.138e-22 0.000e+00
 0.000e+00 0.000e+00 0.000e+00 0.000e+00 7.005e-22 3.234e-21 1.526e-21 3.681e-21 0.000e+00 0.000e+00
 0.000e+00 0.000e+00 0.000e+00 1.910e-22 6.518e-21 6.670e-21 2.323e-21 0.000e+00 0.000e+00 7.151e-23
 2.713e-22 0.000e+00 0.000e+00 0.000e+00 0.000e+00 2.021e-21 2.282e-21 2.928e-21 0.000e+00 0.000e+00
 4.837e-21 9.761e-22 2.149e-21 1.498e-21 0.000e+00 3.468e-21 0.000e+00 4.841e-21 5.017e-21 1.257e-21
 5.842e-21 1.026e-21 3.452e-21 1.932e-21 1.826e-21 2.935e-21 0.000e+00 1.796e-21 0.000e+00 2.800e-21
 4.564e-21 0.000e+00 4.356e-21 1.116e-21 3.688e-21 5.239e-21 0.000e+00 1.127e-21 0.000e+00 6.344e-23
 8.164e-21 0.000e+00 1.045e-21 1.916e-21 7.624e-22 8.659e-21 3.954e-21 0.000e+00 1.237e-21 0.000e+00
 0.000e+00 0.000e+00 0.000e+00 0.000e+00 0.000e+00 0.000e+00 0.000e+00 0.000e+00 1.141e-21 0.000e+00
 1.035e-21 0.000e+00 0.000e+00 1.222e-21 1.578e-21 6.334e-21 2.578e-21 3.965e-21 3.400e-21 0.000e+00
 0.000e+00 0.000e+00 0.000e+00 1.381e-21 4.987e-21 8.364e-22 5.261e-21 5.052e-21 2.996e-21 1.945e-21
 1.410e-22 3.167e-21 5.969e-21 1.635e-21 8.540e-22 2.922e-21 0.000e+00 0.000e+00 0.000e+00 0.000e+00
 3.967e-21 0.000e+00 7.550e-21 8.047e-21 6.674e-21 4.497e-21 4.887e-21 2.799e-21 2.501e-21 0.000e+00
 0.000e+00 8.226e-22 0.000e+00 1.484e-21 4.325e-21 0.000e+00 4.739e-21 0.000e+00 0.000e+00 4.338e-21
 2.223e-21 1.966e-21 1.104e-21 0.000e+00 0.000e+00 0.000e+00 0.000e+00 6.305e-21 4.942e-21 4.285e-22
 0.000e+00 0.000e+00 0.000e+00 0.000e+00 0.000e+00 1.758e-21 1.258e-21 0.000e+00 1.516e-21 2.189e-21
 0.000e+00 0.000e+00 3.950e-21 1.103e-21 1.710e-21 6.965e-21 1.194e-21 7.035e-21 1.495e-21 0.000e+00
 5.225e-21 0.000e+00 5.135e-21 4.460e-21 0.000e+00 3.957e-21 0.000e+00 0.000e+00 6.381e-21 5.073e-21
 7.979e-21 5.319e-21 0.000e+00 0.000e+00 0.000e+00 0.000e+00 0.000e+00 0.000e+00 0.000e+00 0.000e+00
 0.000e+00 0.000e+00 0.000e+00 0.000e+00 0.000e+00 0.000e+00 0.000e+00 3.152e-21 4.148e-21 0.000e+00
 0.000e+00 1.955e-22 0.000e+00 1.523e-21 3.169e-21 1.789e-22 7.601e-21 0.000e+00 0.000e+00 4.602e-21
 0.000e+00 5.501e-21 0.000e+00 0.000e+00 2.615e-21 0.000e+00 3.438e-21 6.260e-21 2.585e-21 1.988e-21
 0.000e+00 2.128e-21 2.503e-21 9.028e-22 0.000e+00 0.000e+00 0.000e+00 3.148e-22 7.054e-21 7.898e-21
 4.872e-21 1.225e-21 0.000e+00 0.000e+00 3.656e-21 0.000e+00 8.968e-22 0.000e+00 0.000e+00 1.101e-21
 0.000e+00 0.000e+00 4.570e-21 7.177e-22 0.000e+00 0.000e+00 0.000e+00 2.726e-21 3.608e-21 1.181e-21
 7.014e-21 0.000e+00 9.198e-22 3.662e-21 0.000e+00 3.618e-21 1.538e-21 0.000e+00 3.130e-21 0.000e+00
 3.877e-21 0.000e+00 0.000e+00 0.000e+00 0.000e+00 2.530e-21 2.721e-21 4.799e-22 2.229e-21 7.921e-22
 2.407e-21 2.260e-21 1.231e-21 2.482e-21 1.116e-21 1.990e-21 5.521e-21 1.181e-21 1.776e-21 2.857e-21
 0.000e+00 6.179e-22 1.767e-21 2.507e-21 6.598e-21 0.000e+00 0.000e+00 4.376e-21 0.000e+00 4.413e-21
 2.778e-21 0.000e+00 4.821e-21 0.000e+00 2.962e-21 1.320e-21 0.000e+00 2.039e-21 0.000e+00 0.000e+00
 0.000e+00 2.216e-21 2.368e-21 2.206e-21 0.000e+00 2.374e-21 3.946e-21 1.231e-21 3.932e-21 1.916e-21
 0.000e+00 0.000e+00 0.000e+00 1.339e-22 8.044e-22 3.349e-22 0.000e+00 2.651e-21 6.948e-22 2.775e-21
 8.110e-21 3.274e-21 2.782e-21 2.283e-21 4.213e-21 7.097e-21 1.965e-21 0.000e+00 2.882e-21 0.000e+00
 0.000e+00 2.637e-21 0.000e+00 0.000e+00 2.508e-22 0.000e+00 4.658e-21 0.000e+00 0.000e+00 3.954e-21
 0.000e+00 1.699e-21 6.840e-22 0.000e+00 2.583e-21 2.745e-22 4.591e-21 7.308e-21 2.727e-21 0.000e+00
 0.000e+00 0.000e+00 2.509e-21 7.023e-21 1.162e-21 0.000e+00 0.000e+00 0.000e+00 2.417e-21 0.000e+00
 0.000e+00 0.000e+00 9.980e-22 3.219e-21 0.000e+00 0.000e+00 1.284e-21 2.264e-21 2.991e-21 5.790e-21
 1.039e-21 4.409e-21 3.322e-21 3.623e-22 6.531e-22 0.000e+00 4.798e-21 5.316e-22 6.995e-21 7.616e-21
 3.907e-21 1.367e-20 2.343e-21 5.321e-21 1.529e-21 0.000e+00 4.458e-21 0.000e+00 0.000e+00 3.000e-21
 1.382e-21 5.951e-21 1.783e-21 0.000e+00 1.983e-22 0.000e+00 0.000e+00 0.000e+00 0.000e+00 0.000e+00
 0.000e+00 2.916e-21 2.462e-21 0.000e+00 0.000e+00 0.000e+00 2.986e-21 4.419e-21 4.736e-23 0.000e+00
 0.000e+00 2.959e-22 2.377e-21 0.000e+00 4.214e-21 2.466e-21 1.136e-21 3.044e-21 0.000e+00 7.671e-21
 4.533e-21 0.000e+00 1.721e-21 0.000e+00 0.000e+00 0.000e+00 0.000e+00 0.000e+00 5.590e-22 0.000e+00
 3.182e-21 0.000e+00 0.000e+00 3.851e-21 0.000e+00 3.688e-21 2.746e-21 0.000e+00 3.764e-21 0.000e+00
 6.272e-22 3.851e-21 6.392e-21 5.309e-21 2.147e-21 2.881e-21 3.712e-21 2.202e-21 9.970e-22 2.916e-21
 1.671e-21 2.530e-21 0.000e+00 0.000e+00 0.000e+00 4.917e-22 5.176e-21 0.000e+00 4.493e-21 0.000e+00
 0.000e+00 5.149e-21 0.000e+00 3.287e-21 0.000e+00 0.000e+00 3.972e-21 6.000e-21 3.066e-21 1.379e-21
 0.000e+00 0.000e+00 2.301e-21 0.000e+00 0.000e+00 2.426e-21 0.000e+00 0.000e+00 0.000e+00 0.000e+00
 4.409e-21 0.000e+00 0.000e+00 5.809e-22 0.000e+00 6.033e-21 7.402e-21 2.904e-21 9.035e-21 0.000e+00
 0.000e+00 4.558e-21 3.813e-21 1.039e-20 8.422e-21 8.372e-22 3.741e-21 0.000e+00 0.000e+00 4.404e-21
 2.796e-21 6.187e-21 1.015e-20 6.389e-21 3.587e-21 2.408e-21 0.000e+00 1.984e-21 2.772e-21 6.091e-22
 6.067e-21 4.830e-21 4.496e-21 2.384e-21 0.000e+00 5.757e-21 4.953e-21 0.000e+00 0.000e+00 3.254e-21
 1.508e-21 2.484e-21 0.000e+00 7.083e-21 1.029e-20 1.118e-21 2.818e-22 0.000e+00 0.000e+00 0.000e+00
 0.000e+00 0.000e+00 0.000e+00 3.401e-21 0.000e+00 0.000e+00 2.104e-21 0.000e+00 4.935e-22 0.000e+00
 0.000e+00 9.534e-21 1.724e-21 3.249e-21 2.211e-21 0.000e+00 2.189e-21 0.000e+00 0.000e+00 3.560e-21
 3.400e-21 6.604e-21 1.026e-20 5.916e-21 8.511e-21 4.274e-21 0.000e+00 0.000e+00 0.000e+00 0.000e+00
 2.063e-21 0.000e+00 4.609e-21 8.949e-21 3.284e-21 7.124e-21 6.435e-21 1.241e-21 3.545e-21 4.314e-22
 0.000e+00 4.364e-21 1.600e-22 4.435e-21 1.183e-21 0.000e+00 3.155e-21 0.000e+00 1.918e-23 0.000e+00
 0.000e+00 3.496e-21 3.013e-21 3.406e-21 2.261e-23 3.893e-21 7.589e-21 6.095e-21 1.280e-21 0.000e+00
 0.000e+00 2.477e-21 2.290e-21 3.051e-21 2.250e-21 2.266e-21 1.550e-21 0.000e+00 0.000e+00 1.349e-21
 0.000e+00 1.196e-21 0.000e+00 0.000e+00 6.420e-21 3.138e-21 1.051e-20 1.004e-20 1.921e-21 5.524e-21
 4.353e-21 8.236e-21 1.091e-20 0.000e+00 0.000e+00 0.000e+00 0.000e+00 3.555e-21 1.335e-21 1.715e-21
 5.662e-21 6.013e-21 1.495e-20 1.273e-20 3.747e-21 2.134e-21 4.437e-22 9.890e-22 4.503e-21 3.832e-21
 0.000e+00 0.000e+00 0.000e+00 0.000e+00 0.000e+00 0.000e+00 3.618e-21 8.047e-21 3.768e-21 6.160e-23
 1.029e-21 1.115e-21 2.273e-21 0.000e+00 1.877e-21 6.880e-21 0.000e+00 0.000e+00 0.000e+00 3.303e-22
 8.270e-22 0.000e+00 0.000e+00 0.000e+00 0.000e+00 8.897e-22 3.900e-21 2.564e-21 1.035e-22 5.202e-21
 1.172e-21 7.629e-21 5.124e-21 3.694e-21 7.772e-21 5.943e-22 1.947e-21 8.445e-22 5.924e-21 1.422e-20
 1.133e-20 5.446e-21 1.274e-21 2.112e-21 3.788e-21 4.483e-21 6.152e-21 5.227e-21 1.516e-21 0.000e+00
 1.204e-21 7.240e-21 9.510e-21 7.015e-21 3.800e-21 6.318e-22 3.606e-23 0.000e+00 0.000e+00 0.000e+00
 4.457e-22 1.984e-21 1.329e-22 0.000e+00 0.000e+00 0.000e+00 2.031e-22 7.409e-21 8.235e-21 1.558e-21
 1.338e-21 1.472e-21 2.282e-21 1.127e-20 9.210e-21 7.041e-21 1.645e-21 0.000e+00 2.970e-21 0.000e+00
 2.566e-21 1.119e-21 1.589e-21 9.645e-22 2.050e-21 7.304e-21 3.859e-21 6.924e-21 4.470e-21 4.147e-22
 1.334e-21 4.628e-21 3.013e-21 1.427e-22 0.000e+00 0.000e+00 9.599e-21 1.032e-20 1.342e-20 8.137e-21
 5.246e-21 3.543e-21 0.000e+00 1.028e-21 2.203e-21 9.569e-21 3.278e-21 1.402e-21 2.682e-21 4.195e-21
 1.268e-20 7.960e-21 9.191e-21 1.155e-21 5.460e-21 7.509e-21 0.000e+00 2.271e-21 0.000e+00 6.472e-21
 9.084e-21 6.616e-21 3.910e-21 4.220e-21 5.869e-21 3.318e-21 5.016e-21 3.329e-21 5.639e-21 0.000e+00
 3.912e-21 1.174e-20 1.449e-20 1.331e-20 0.000e+00 1.757e-21 6.608e-23 5.860e-22 4.977e-21 0.000e+00
 5.025e-21 3.551e-21 7.830e-21 5.105e-21 1.447e-21 2.355e-21 0.000e+00 0.000e+00 0.000e+00 6.346e-21
 1.845e-21 2.094e-21 4.499e-21 3.639e-21 1.672e-20 9.447e-21 2.805e-21 7.155e-21 1.302e-21 2.426e-21
 5.965e-21 1.698e-21 3.408e-21 2.346e-21 0.000e+00 0.000e+00 0.000e+00 0.000e+00 6.613e-21 7.692e-21
 1.826e-20 1.227e-20 0.000e+00 3.946e-21 0.000e+00 3.705e-21 1.340e-20 2.517e-22 2.720e-22 0.000e+00
 0.000e+00 5.725e-21 5.228e-22 1.413e-21 6.289e-21 1.281e-22 0.000e+00 0.000e+00 0.000e+00 1.028e-20
 1.518e-20 1.074e-20 7.636e-21 8.355e-21 6.170e-21 7.535e-21 1.028e-21 0.000e+00 1.023e-21 0.000e+00
 3.700e-21 4.161e-21 3.942e-21 7.132e-21 1.743e-21 6.992e-21 6.802e-21 5.035e-21 7.386e-21 2.583e-21
 8.489e-21 1.631e-20 9.169e-21 1.831e-21 0.000e+00 0.000e+00 5.549e-22 2.676e-21 1.619e-21 6.813e-21
 6.729e-21 4.346e-21 0.000e+00 0.000e+00 3.161e-21 3.013e-21 5.723e-21 1.083e-20 2.143e-20 1.614e-20
 2.839e-21 3.873e-21 4.079e-21 9.058e-21 4.933e-21 4.336e-21 1.156e-20 5.811e-21 6.608e-21 3.097e-21
 1.215e-21 5.727e-21 3.832e-21 4.426e-21 7.512e-21 7.785e-21 8.554e-21 1.257e-20 1.032e-20 1.047e-20
 5.554e-21 2.511e-21 6.228e-21 2.511e-21 6.816e-21 4.299e-21 4.163e-21 8.153e-21 0.000e+00 2.446e-21
 6.224e-21 8.128e-22 2.087e-21 3.348e-21 1.602e-21 3.598e-21 1.541e-21 8.156e-21 1.552e-20 6.906e-21
 5.183e-21 4.664e-21 5.636e-21 7.963e-21 0.000e+00 0.000e+00 0.000e+00 1.981e-21 8.702e-21 5.784e-21
 6.913e-21 7.119e-21 3.071e-21 4.473e-21 3.557e-21 5.089e-21 1.270e-20 2.402e-20 2.038e-20 6.085e-21
 1.605e-22 9.864e-22 7.555e-21 8.751e-21 5.757e-21 5.242e-21 9.278e-21 6.026e-21 0.000e+00 0.000e+00
 0.000e+00 0.000e+00 9.872e-22 5.845e-21 1.278e-20 1.583e-20 1.476e-20 1.320e-20 1.255e-20 5.612e-21
 3.887e-21 0.000e+00 0.000e+00 0.000e+00 0.000e+00 3.458e-21 6.906e-21 8.217e-21 6.035e-21 5.468e-21
 6.916e-23 0.000e+00 0.000e+00 9.022e-21 3.096e-20 2.465e-20 1.689e-20 1.998e-21 0.000e+00 5.487e-21
 0.000e+00 5.764e-21 5.878e-21 0.000e+00 4.452e-21 0.000e+00 0.000e+00 3.280e-21 0.000e+00 8.976e-21
 1.422e-20 1.472e-20 2.108e-20 1.389e-20 1.923e-20 1.722e-20 9.174e-21 1.178e-20 1.567e-20 1.413e-20
 2.367e-21 2.885e-21 1.259e-22 3.433e-21 6.111e-21 3.873e-21 1.627e-20 9.088e-21 5.978e-21 1.160e-20
 8.191e-21 1.732e-20 1.560e-20 4.791e-23 0.000e+00 0.000e+00 0.000e+00 4.795e-21 2.297e-21 5.006e-21
 4.275e-21 0.000e+00 2.983e-21 1.525e-21 0.000e+00 0.000e+00 0.000e+00 2.670e-21 7.149e-21 9.090e-21
 1.829e-20 7.216e-21 0.000e+00 0.000e+00 1.703e-21 9.219e-21 6.440e-21 4.649e-21 6.846e-21 4.620e-21
 7.331e-21 1.192e-20 8.223e-21 1.515e-21 0.000e+00 1.116e-21 4.907e-21 8.255e-21 1.522e-20 9.935e-21
 6.143e-21 6.293e-21 2.260e-20 2.768e-20 1.887e-20 2.072e-20 1.544e-20 1.427e-20 1.163e-20 1.020e-20
 1.034e-20 8.441e-21 3.667e-21 2.348e-21 6.468e-21 0.000e+00 1.075e-21 3.311e-21 1.310e-20 1.437e-20
 5.831e-21 1.264e-20 8.772e-21 1.178e-21 0.000e+00 0.000e+00 3.695e-22 2.262e-21 8.317e-21 8.795e-21
 1.172e-20 6.463e-21 1.241e-20 8.699e-21 1.986e-21 1.656e-20 2.115e-20 2.095e-20 1.854e-20 1.397e-20
 1.065e-20 4.857e-21 9.366e-21 1.675e-20 7.373e-21 5.935e-21 4.857e-21 1.334e-21 7.677e-21 7.664e-21
 2.634e-20 2.764e-20 1.127e-20 1.205e-20 0.000e+00 0.000e+00 1.068e-20 1.586e-20 2.734e-20 3.003e-20
 2.999e-20 2.499e-20 1.003e-20 2.110e-21 0.000e+00 3.119e-21 9.149e-21 1.217e-21 3.257e-21 2.164e-21
 1.008e-20 3.502e-21 0.000e+00 1.045e-20 2.068e-20 2.589e-20 8.441e-21 0.000e+00 1.322e-21 0.000e+00
 2.663e-21 1.048e-20 1.076e-20 6.218e-21 9.360e-21 1.568e-21 4.514e-21 1.432e-20 8.470e-21 1.172e-20
 1.117e-20 1.167e-20 1.767e-20 5.493e-21 1.019e-20 1.775e-20 4.205e-22 5.700e-21 1.446e-21 0.000e+00
 1.162e-20 1.097e-20 1.715e-20 1.019e-20 2.478e-21 1.149e-20 5.242e-21 8.636e-21 1.970e-20 1.272e-20
 8.327e-21 1.410e-20 1.194e-20 2.365e-20 2.166e-20 4.939e-21 2.386e-20 2.479e-20 1.652e-20 1.981e-20
 2.882e-21 0.000e+00 5.867e-22 2.795e-22 7.087e-21 5.396e-21 1.055e-20 8.952e-21 2.211e-21 6.149e-21
 1.833e-20 1.898e-20 5.767e-21 1.411e-20 2.680e-20 2.906e-20 1.720e-20 0.000e+00 2.005e-21 6.696e-21
 1.129e-20 1.552e-20 7.811e-21 4.640e-21 1.432e-20 2.371e-20 3.350e-20 2.483e-20 7.908e-21 9.937e-21
 2.340e-21 6.984e-21 1.784e-20 1.445e-20 1.471e-20 6.046e-21 6.032e-21 1.449e-20 2.644e-20 2.726e-20
 8.575e-21 3.659e-21 5.658e-21 2.037e-20 3.274e-20 1.825e-20 1.121e-20 1.520e-20 1.449e-20 7.935e-21
 2.406e-21 6.882e-21 1.755e-20 2.919e-20 2.195e-20 4.700e-21 0.000e+00 1.415e-21 1.029e-20 9.836e-21
 2.956e-21 2.663e-21 6.953e-21 1.079e-20 6.778e-21 2.614e-20 3.902e-20 1.519e-20 2.899e-21 2.810e-21
 3.192e-21 8.956e-21 1.373e-20 9.052e-21 1.965e-21 3.793e-21 5.026e-21 1.349e-20 2.517e-20 2.460e-20
 2.278e-20 1.495e-20 1.002e-20 1.612e-20 1.263e-20 8.254e-21 2.758e-21 2.096e-21 1.458e-20 1.806e-20
 2.276e-20 1.284e-20 0.000e+00 9.138e-21 6.862e-21 1.244e-20 2.755e-20 1.893e-20 1.541e-20 5.412e-21
 9.217e-21 2.000e-20 8.995e-21 9.242e-21 1.049e-20 7.359e-21 3.391e-21 4.011e-21 1.296e-20 3.774e-20
 5.228e-20 2.799e-20 1.755e-20 5.400e-21 1.918e-21 1.807e-20 1.614e-20 2.291e-20 1.549e-20 6.645e-21
 2.700e-20 3.500e-20 2.681e-20 2.537e-20 1.652e-20 7.446e-21 7.825e-21 9.381e-22 8.219e-21 1.166e-20
 7.439e-21 1.047e-20 1.823e-20 3.292e-20 3.177e-20 2.931e-20 1.230e-20 1.365e-21 8.688e-21 1.247e-20
 2.799e-20 1.511e-20 1.430e-20 2.890e-20 1.906e-20 2.371e-20 2.336e-20 2.564e-20 2.371e-20 4.135e-21
 2.633e-21 2.943e-21 0.000e+00 9.651e-21 1.278e-20 8.939e-21 1.564e-20 9.193e-21 8.713e-21 1.304e-20
 2.491e-21 8.701e-21 1.607e-20 1.438e-20 2.906e-20 4.837e-20 3.365e-20 1.236e-20 1.167e-20 1.214e-20
 1.361e-20 1.375e-21 1.766e-21 6.278e-21 9.539e-21 4.145e-20 4.067e-20 1.627e-20 7.136e-21 7.264e-21
 1.808e-20 1.598e-20 8.194e-21 6.653e-21 1.099e-20 2.492e-20 3.116e-20 2.319e-20 2.128e-20 2.888e-20
 3.175e-20 2.188e-20 9.211e-21 5.439e-21 1.186e-20 2.785e-20 2.662e-20 2.693e-20 2.518e-20 5.172e-21
 1.073e-20 6.900e-21 1.473e-21 7.227e-21 3.709e-21 2.009e-20 2.874e-20 2.325e-20 1.352e-20 5.709e-21
 3.404e-21 1.464e-21 4.269e-21 1.406e-20 3.319e-20 2.520e-20 9.012e-21 5.687e-21 0.000e+00 1.374e-20
 5.029e-20 5.424e-20 1.834e-20 0.000e+00 0.000e+00 1.573e-21 1.616e-20 9.328e-21 5.934e-21 2.263e-20
 4.408e-20 4.415e-20 2.068e-20 4.288e-21 8.221e-21 1.166e-20 2.852e-20 2.770e-20 1.262e-20 2.602e-20
 3.399e-20 4.121e-20 3.056e-20 1.158e-20 1.054e-20 3.005e-20 4.578e-20 3.797e-20 3.228e-20 1.141e-20
 6.205e-21 3.318e-21 4.831e-21 1.592e-20 9.238e-21 1.989e-20 2.148e-20 1.646e-20 1.296e-20 1.279e-20
 1.122e-20 5.822e-21 1.085e-20 1.552e-20 1.984e-20 1.149e-20 1.184e-20 4.197e-21 0.000e+00 0.000e+00
 0.000e+00 1.041e-20 1.997e-20 1.512e-20 1.544e-20 3.697e-20 4.325e-20 2.666e-20 1.355e-20 3.672e-21
 1.822e-21 1.224e-20 2.570e-20 3.915e-20 4.564e-20 2.210e-20 1.771e-20 2.149e-20 1.600e-20 1.558e-20
 1.031e-20 3.574e-20 4.131e-20 2.203e-20 2.074e-20 3.315e-20 4.054e-20 3.542e-20 3.669e-20 2.341e-20
 8.065e-21 2.886e-21 9.392e-21 2.575e-20 3.227e-20 2.216e-20 1.406e-20 2.329e-20 2.669e-20 1.232e-20
 9.801e-21 3.727e-20 2.962e-20 8.332e-21 3.540e-21 0.000e+00 7.046e-21 1.172e-20 1.418e-20 5.678e-21
 2.688e-21 7.829e-21 6.509e-21 1.659e-20 8.885e-21 8.161e-21 5.672e-21 1.122e-20 2.548e-20 3.250e-20
 5.538e-20 3.989e-20 2.442e-20 2.724e-20 1.612e-20 1.207e-20 1.739e-20 5.895e-20 6.907e-20 2.089e-20
 7.269e-21 2.387e-20 3.722e-20 3.676e-20 2.950e-20 4.073e-20 4.069e-20 3.276e-20 5.284e-20 5.065e-20
 2.251e-20 1.224e-20 1.183e-20 1.900e-20 7.112e-21 2.829e-21 2.236e-20 1.931e-20 2.922e-20 3.168e-20
 1.671e-20 2.094e-20 1.582e-20 1.949e-20 1.133e-20 0.000e+00 6.695e-21 8.655e-21 1.141e-20 1.913e-20
 4.999e-21 1.781e-21 3.250e-21 3.756e-21 1.923e-20 1.469e-20 0.000e+00 4.069e-21 8.524e-21 1.931e-20
 1.944e-20 2.843e-21 7.747e-21 3.109e-20 6.530e-20 6.435e-20 1.776e-20 9.212e-21 3.043e-20 2.585e-20
 4.188e-20 6.387e-20 4.721e-20 3.180e-20 1.625e-20 3.447e-20 6.173e-20 3.811e-20 4.004e-20 6.019e-20
 5.259e-20 3.978e-20 2.354e-20 4.237e-21 1.263e-21 4.744e-21 7.389e-21 4.937e-20 7.135e-20 3.376e-20
 1.606e-20 1.043e-20 1.102e-20 1.893e-20 9.969e-21 1.519e-20 6.680e-21 0.000e+00 1.070e-20 9.134e-21
 1.579e-20 8.700e-21 0.000e+00 7.058e-21 1.227e-20 2.155e-20 1.629e-20 4.719e-21 1.178e-21 1.344e-20
 2.210e-20 1.111e-20 7.965e-21 6.617e-21 2.119e-20 2.787e-20 4.051e-21 2.861e-20 7.972e-20 7.729e-20
 3.298e-20 1.078e-20 5.248e-20 8.021e-20 5.109e-20 3.998e-20 5.238e-20 5.001e-20 6.068e-20 7.649e-20
 7.064e-20 5.149e-20 1.475e-20 9.956e-21 1.442e-20 7.581e-21 3.173e-20 2.633e-20 1.025e-20 1.486e-20
 7.641e-21 5.677e-21 1.181e-20 1.044e-20 1.235e-20 2.053e-20 8.246e-21 0.000e+00 1.958e-21 0.000e+00
 1.328e-20 1.448e-20 0.000e+00 1.244e-21 2.177e-21 9.632e-21 2.666e-20 1.090e-20 7.537e-21 1.786e-20
 2.076e-20 3.087e-20 1.063e-20 4.978e-21 2.972e-20 2.740e-20 1.518e-20 1.061e-20 2.010e-20 3.732e-20
 2.749e-20 5.081e-20 9.894e-20 6.079e-20 3.092e-20 7.972e-20 9.296e-20 5.163e-20 5.479e-20 7.851e-20
 6.068e-20 5.191e-20 3.242e-20 2.282e-20 4.484e-20 4.673e-20 4.592e-20 2.382e-20 3.870e-21 1.631e-20
 1.641e-20 1.254e-20 1.230e-20 5.534e-21 1.677e-20 2.249e-20 1.175e-20 1.259e-20 3.303e-21 2.737e-21
 1.188e-20 1.619e-20 1.807e-20 8.840e-21 4.316e-21 8.972e-21 2.237e-20 1.169e-20 7.750e-21 1.216e-20
 1.370e-20 3.577e-20 1.249e-20 3.224e-21 2.079e-20 2.218e-20 2.901e-20 1.501e-20 2.541e-20 4.220e-20
 1.814e-20 1.684e-20 4.405e-20 3.581e-20 5.765e-20 1.067e-19 8.534e-20 9.113e-20 1.229e-19 1.136e-19
 7.760e-20 3.967e-20 4.418e-20 3.904e-20 2.983e-20 3.367e-20 2.357e-20 1.195e-20 7.850e-21 1.193e-20
 7.794e-21 1.755e-20 1.554e-20 4.715e-21 1.062e-20 8.377e-21 2.303e-20 2.457e-20 8.681e-21 5.281e-21
 3.782e-21 1.302e-20 2.146e-20 1.189e-20 1.341e-21 7.348e-21 1.516e-20 2.044e-20 8.541e-21 0.000e+00
 1.856e-20 2.839e-20 2.332e-20 1.062e-20 1.565e-20 3.246e-20 1.858e-20 1.048e-20 3.159e-20 4.148e-20
 2.532e-20 2.659e-20 4.488e-20 2.970e-20 3.244e-20 5.399e-20 4.983e-20 1.057e-19 1.663e-19 1.445e-19
 1.111e-19 9.072e-20 7.909e-20 5.771e-20 2.383e-20 6.901e-21 1.295e-20 1.574e-20 1.041e-20 1.191e-20
 7.626e-21 1.365e-20 1.753e-20 1.107e-20 1.564e-20 7.546e-21 7.525e-21 1.836e-20 9.572e-21 9.118e-21
 4.064e-21 7.550e-21 2.057e-20 4.141e-21 3.423e-21 4.802e-21 1.425e-20 2.955e-20 1.029e-20 5.615e-21
 1.348e-20 2.264e-20 2.092e-20 1.034e-20 2.430e-20 3.677e-20 2.394e-20 1.487e-20 3.517e-20 3.574e-20
 2.360e-20 4.386e-20 4.576e-20 3.631e-20 5.071e-20 5.039e-20 5.802e-20 6.806e-20 9.347e-20 1.931e-19
 2.289e-19 1.370e-19 4.249e-20 8.046e-21 6.837e-21 2.719e-22 6.910e-21 1.778e-20 1.770e-20 1.678e-20
 9.247e-21 6.835e-21 1.304e-20 1.071e-20 9.028e-21 2.577e-21 0.000e+00 1.396e-20 1.485e-20 9.316e-21
 8.595e-21 6.135e-21 2.377e-20 1.774e-20 2.559e-21 6.440e-21 1.323e-20 2.170e-20 5.927e-21 0.000e+00
 2.499e-20 3.174e-20 1.872e-20 1.200e-20 2.744e-20 4.059e-20 2.227e-20 2.568e-20 4.724e-20 2.885e-20
 2.729e-20 4.744e-20 3.905e-20 5.111e-20 6.042e-20 5.690e-20 7.901e-20 8.860e-20 1.201e-19 1.640e-19
 1.675e-19 1.453e-19 8.450e-20 2.682e-20 9.115e-21 7.176e-21 1.056e-20 1.237e-20 1.295e-20 1.076e-20
 3.848e-21 2.578e-21 1.124e-20 1.382e-20 9.646e-21 5.054e-21 5.573e-21 1.472e-20 1.851e-20 1.149e-20
 1.853e-21 9.353e-21 1.885e-20 1.481e-20 7.360e-21 5.323e-21 2.222e-20 2.468e-20 6.574e-21 1.252e-20
 3.029e-20 2.884e-20 1.522e-20 1.499e-20 3.870e-20 3.014e-20 1.372e-20 4.470e-20 3.896e-20 3.146e-20
 5.134e-20 4.195e-20 4.797e-20 5.921e-20 6.761e-20 8.868e-20 1.101e-19 1.279e-19 1.125e-19 8.257e-20
 7.849e-20 6.927e-20 7.232e-20 9.051e-20 5.451e-20 1.559e-20 6.005e-21 8.161e-21 9.742e-21 1.383e-21
 6.184e-21 4.782e-21 1.407e-20 1.661e-20 7.149e-21 3.954e-21 0.000e+00 1.375e-20 2.087e-20 8.053e-21
 3.162e-21 1.064e-20 2.162e-20 1.465e-20 4.405e-21 1.362e-20 2.823e-20 1.760e-20 7.783e-21 1.969e-20
 3.050e-20 2.013e-20 1.262e-20 3.500e-20 3.634e-20 1.709e-20 3.547e-20 4.355e-20 2.901e-20 4.788e-20
 4.656e-20 4.438e-20 6.618e-20 7.977e-20 1.351e-19 1.664e-19 1.295e-19 7.653e-20 3.567e-20 5.309e-20
 8.082e-20 5.057e-20 2.653e-20 6.423e-20 8.549e-20 4.421e-20 5.991e-21 6.552e-21 9.655e-21 6.914e-21
 6.738e-21 4.440e-21 1.153e-20 8.214e-21 5.147e-21 0.000e+00 1.505e-21 2.238e-20 9.202e-21 4.243e-21
 5.601e-21 1.251e-20 2.159e-20 0.000e+00 5.928e-21 2.386e-20 1.743e-20 1.078e-20 1.873e-20 3.169e-20
 2.976e-20 1.568e-20 2.716e-20 4.079e-20 1.565e-20 3.492e-20 4.490e-20 2.577e-20 5.341e-20 5.268e-20
 5.405e-20 8.017e-20 1.073e-19 1.514e-19 1.378e-19 7.707e-20 5.258e-20 3.455e-20 3.175e-20 8.277e-20
 7.096e-20 2.096e-20 1.968e-20 3.358e-20 8.835e-20 7.881e-20 1.008e-20 8.429e-21 8.393e-21 5.872e-21
 6.022e-21 0.000e+00 1.177e-20 1.487e-20 5.233e-21 4.292e-21 1.310e-20 1.612e-20 1.242e-20 7.583e-21
 1.582e-20 2.275e-20 1.210e-20 1.088e-20 2.029e-20 2.267e-20 1.110e-20 1.982e-20 3.409e-20 2.286e-20
 1.682e-20 3.158e-20 4.071e-20 3.022e-20 4.826e-20 5.456e-20 4.229e-20 5.977e-20 6.146e-20 7.518e-20
 1.338e-19 2.022e-19 1.810e-19 7.665e-20 3.883e-20 3.810e-20 4.133e-20 6.604e-20 6.809e-20 5.210e-20
 2.034e-20 1.222e-20 1.404e-20 3.459e-20 8.934e-20 6.648e-20 2.096e-20 7.522e-21 2.774e-21 5.748e-21
 0.000e+00 1.382e-20 1.409e-20 4.389e-21 7.990e-21 1.111e-20 2.123e-20 1.073e-20 0.000e+00 1.206e-20
 1.771e-20 9.033e-21 1.084e-20 2.341e-20 2.681e-20 1.320e-20 1.878e-20 3.707e-20 2.065e-20 1.961e-20
 3.993e-20 3.385e-20 3.292e-20 4.666e-20 3.933e-20 4.720e-20 6.252e-20 6.431e-20 1.132e-19 1.625e-19
 1.505e-19 9.993e-20 6.422e-20 5.983e-20 4.990e-20 4.277e-20 5.226e-20 6.157e-20 4.629e-20 1.801e-20
 5.483e-21 1.055e-22 1.105e-20 6.239e-20 8.723e-20 4.460e-20 5.801e-21 3.875e-22 3.454e-21 0.000e+00
 6.639e-21 1.285e-20 5.926e-21 8.857e-21 1.415e-20 1.129e-20 1.626e-21 3.793e-21 1.650e-20 2.302e-20
 7.049e-21 1.343e-21 2.363e-20 1.776e-20 1.310e-20 3.084e-20 2.650e-20 1.973e-20 3.567e-20 3.925e-20
 3.111e-20 3.775e-20 4.187e-20 4.996e-20 6.132e-20 9.052e-20 1.575e-19 1.919e-19 1.673e-19 1.078e-19
 5.364e-20 5.021e-20 6.182e-20 5.770e-20 3.437e-20 3.433e-20 3.588e-20 4.925e-21 1.203e-21 0.000e+00
 4.680e-21 1.624e-20 5.656e-20 9.721e-20 4.007e-20 1.089e-20 6.337e-21 0.000e+00 8.449e-21 1.353e-21
 1.691e-20 1.151e-20 0.000e+00 1.337e-20 7.655e-21 5.997e-21 1.787e-20 1.619e-20 1.835e-20 1.145e-20
 1.506e-20 2.341e-20 4.771e-21 2.163e-20 3.376e-20 1.981e-20 3.164e-20 3.627e-20 3.250e-20 4.037e-20
 4.827e-20 4.665e-20 6.484e-20 9.899e-20 1.207e-19 1.425e-19 1.478e-19 1.153e-19 8.728e-20 8.115e-20
 6.004e-20 2.711e-20 2.430e-20 5.366e-20 4.588e-20 9.901e-21 2.174e-21 3.483e-21 3.528e-21 2.437e-21
 1.859e-20 6.898e-20 8.078e-20 2.767e-20 1.972e-21 4.935e-23 0.000e+00 1.055e-20 9.915e-21 1.407e-20
 8.023e-21 6.339e-21 1.351e-20 5.060e-21 4.395e-21 1.165e-20 1.014e-20 9.179e-21 1.746e-20 1.720e-20
 1.274e-20 1.135e-20 2.344e-20 1.698e-20 1.679e-20 3.707e-20 2.229e-20 3.634e-20 4.871e-20 6.050e-20
 1.060e-19 1.188e-19 1.276e-19 1.657e-19 1.740e-19 1.213e-19 1.063e-19 7.975e-20 2.159e-20 1.392e-20
 1.926e-20 3.295e-20 1.658e-20 1.088e-21 7.456e-21 2.715e-21 1.187e-21 0.000e+00 2.061e-20 6.626e-20
 8.273e-20 3.167e-20 2.751e-21 6.874e-21 0.000e+00 7.069e-21 3.452e-21 0.000e+00 0.000e+00 1.212e-22
 5.705e-21 3.806e-21 2.666e-21 8.821e-21 6.481e-21 3.965e-21 1.163e-20 1.458e-20 9.908e-21 1.187e-20
 2.698e-20 1.435e-20 2.305e-20 3.342e-20 2.304e-20 4.994e-20 5.573e-20 7.850e-20 9.258e-20 7.904e-20
 1.121e-19 1.556e-19 1.742e-19 1.474e-19 9.276e-20 3.575e-20 8.358e-21 2.393e-20 5.012e-20 3.924e-20
 6.769e-21 0.000e+00 0.000e+00 1.395e-21 0.000e+00 7.364e-21 2.575e-20 6.878e-20 7.882e-20 2.959e-20
 8.208e-21 1.028e-21 3.084e-21 0.000e+00 0.000e+00 0.000e+00 0.000e+00 0.000e+00 0.000e+00 0.000e+00
 1.786e-21 1.063e-20 1.542e-20 7.086e-21 1.155e-20 1.586e-20 8.037e-21 2.500e-20 2.295e-20 1.527e-20
 3.545e-20 2.275e-20 3.354e-20 5.141e-20 7.441e-20 1.096e-19 9.179e-20 8.809e-20 1.647e-19 2.321e-19
 1.662e-19 7.112e-20 2.193e-20 6.687e-21 2.150e-20 3.127e-20 2.923e-20 6.600e-22 0.000e+00 0.000e+00
 0.000e+00 0.000e+00 3.936e-21 3.308e-20 6.310e-20 6.046e-20 2.299e-20 5.836e-21 2.385e-22 0.000e+00
 1.770e-21 0.000e+00 2.019e-21 3.268e-21 0.000e+00 1.855e-21 2.940e-21 4.675e-21 1.042e-20 9.537e-21
 8.268e-21 8.467e-21 1.151e-20 8.155e-21 1.046e-20 1.685e-20 6.468e-21 1.844e-20 2.921e-20 2.928e-20
 4.213e-20 5.441e-20 7.691e-20 8.470e-20 8.439e-20 1.354e-19 1.824e-19 1.529e-19 1.011e-19 4.181e-20
 9.592e-21 3.554e-20 5.017e-20 3.421e-20 2.545e-21 0.000e+00 1.028e-21 1.084e-21 0.000e+00 1.430e-20
 3.069e-20 5.083e-20 6.485e-20 3.767e-20 1.674e-20 0.000e+00 0.000e+00 2.415e-21 0.000e+00 2.106e-21
 0.000e+00 0.000e+00 5.528e-21 3.588e-21 7.959e-21 6.797e-21 7.412e-21 5.083e-21 3.881e-21 3.515e-21
 2.132e-21 7.755e-21 1.167e-20 9.269e-21 1.491e-20 1.798e-20 2.420e-20 3.556e-20 5.346e-20 9.363e-20
 1.128e-19 1.274e-19 1.413e-19 1.572e-19 1.553e-19 7.956e-20 2.592e-20 1.815e-20 2.474e-20 3.129e-20
 7.830e-21 0.000e+00 2.533e-21 0.000e+00 0.000e+00 1.419e-20 4.111e-20 4.668e-20 3.682e-20 3.648e-20
 2.003e-20 4.710e-21 3.720e-21 4.137e-21 4.414e-21 3.514e-21 6.821e-21 0.000e+00 1.314e-22 3.967e-21
 2.346e-21 2.950e-21 0.000e+00 8.455e-22 0.000e+00 0.000e+00 0.000e+00 0.000e+00 4.913e-21 6.484e-21
 1.444e-20 1.292e-20 1.837e-20 2.260e-20 2.594e-20 4.058e-20 7.226e-20 1.079e-19 1.067e-19 1.031e-19
 1.399e-19 1.419e-19 7.554e-20 2.984e-20 3.188e-20 4.536e-20 2.230e-20 1.571e-21 5.335e-21 0.000e+00
 5.769e-21 1.721e-20 3.383e-20 2.508e-20 2.567e-20 5.261e-20 3.096e-20 6.885e-21 3.014e-21 0.000e+00
 1.200e-21 3.763e-21 1.562e-21 1.786e-21 0.000e+00 0.000e+00 1.095e-21 0.000e+00 0.000e+00 2.699e-21
 0.000e+00 2.807e-21 2.208e-21 3.830e-23 5.867e-21 4.988e-22 2.718e-21 1.074e-20 9.592e-21 1.367e-20
 1.959e-20 2.274e-20 5.188e-20 1.144e-19 1.302e-19 1.039e-19 1.100e-19 1.378e-19 1.111e-19 3.819e-20
 2.483e-20 3.028e-20 1.104e-20 1.359e-21 0.000e+00 0.000e+00 1.924e-20 5.138e-20 3.580e-20 1.623e-20
 1.944e-20 2.994e-20 1.762e-20 2.127e-22 4.386e-21 3.905e-22 5.124e-21 5.791e-21 8.781e-21 7.459e-21
 1.640e-21 4.246e-21 0.000e+00 8.154e-22 0.000e+00 0.000e+00 0.000e+00 0.000e+00 0.000e+00 8.082e-21
 3.232e-21 3.881e-21 6.324e-21 0.000e+00 9.893e-21 6.118e-21 5.253e-21 1.452e-20 2.414e-20 4.972e-20
 6.651e-20 7.581e-20 8.846e-20 1.156e-19 1.045e-19 5.823e-20 3.811e-20 3.873e-20 2.748e-20 2.496e-22
 5.580e-22 1.978e-20 2.551e-20 2.153e-20 9.101e-21 1.382e-20 4.615e-20 3.571e-20 4.150e-21 4.923e-21
 0.000e+00 4.188e-22 4.638e-21 0.000e+00 0.000e+00 0.000e+00 0.000e+00 3.084e-21 0.000e+00 6.774e-22
 7.897e-21 0.000e+00 6.945e-21 4.613e-21 1.152e-21 7.429e-21 0.000e+00 1.490e-21 0.000e+00 0.000e+00
 0.000e+00 0.000e+00 7.072e-21 2.259e-21 3.334e-20 6.289e-20 5.319e-20 7.619e-20 9.663e-20 1.130e-19
 1.043e-19 5.483e-20 3.675e-20 2.110e-20 7.116e-21 1.234e-20 3.120e-20 4.050e-20 2.094e-20 8.542e-21
 1.469e-20 2.883e-20 2.105e-20 5.415e-21 0.000e+00 0.000e+00 0.000e+00 0.000e+00 2.114e-21 3.322e-21
 2.329e-21 3.999e-21 6.891e-22 0.000e+00 3.111e-23 2.046e-22 0.000e+00 0.000e+00 3.682e-21 2.016e-21
 2.715e-21 3.546e-21 0.000e+00 7.021e-21 1.052e-22 2.466e-22 1.634e-21 0.000e+00 9.997e-21 4.006e-21
 1.658e-20 2.848e-20 2.465e-20 4.066e-20 6.572e-20 9.659e-20 8.504e-20 6.121e-20 4.456e-20 1.623e-20
 1.378e-20 2.434e-20 1.408e-20 0.000e+00 4.514e-22 1.824e-20 4.093e-20 2.819e-20 7.345e-21 1.039e-21
 0.000e+00 4.732e-21 2.655e-21 2.978e-21 4.066e-21 0.000e+00 4.103e-22 3.715e-22 0.000e+00 3.362e-21
 2.009e-21 3.405e-21 9.616e-21 0.000e+00 3.460e-21 3.424e-21 0.000e+00 4.160e-21 0.000e+00 5.020e-21
 4.814e-21 1.663e-21 2.609e-21 0.000e+00 5.074e-22 3.486e-21 2.784e-20 3.693e-20 2.138e-20 3.061e-20
 6.008e-20 9.386e-20 7.678e-20 3.402e-20 2.742e-20 3.255e-20 3.319e-20 1.639e-20 7.762e-21 1.700e-20
 2.670e-20 2.720e-20 1.754e-20 8.093e-21 1.143e-21 7.168e-21 4.251e-21 9.680e-21 1.256e-20 1.606e-21
 5.577e-21 1.883e-21 5.873e-21 7.873e-21 3.675e-21 3.635e-21 1.951e-21 2.597e-21 2.376e-21 9.332e-21
 6.830e-21 9.181e-21 1.222e-20 8.301e-21 1.282e-20 8.703e-21 7.783e-21 1.011e-20 3.796e-21 5.075e-21
 8.864e-21 7.463e-21 2.445e-20 2.269e-20 6.978e-21 2.347e-20 4.748e-20 7.402e-20 6.007e-20 3.481e-20
 3.289e-20 1.182e-20 4.388e-21 7.440e-21 1.870e-20 2.896e-20 1.401e-20 5.312e-21 1.772e-20 2.273e-20
 1.306e-20 1.329e-20 3.159e-21 4.732e-22 5.231e-21 3.743e-21 1.101e-20 1.654e-20 3.035e-20 2.160e-20
 1.055e-20 1.187e-20 6.960e-21 1.220e-20 5.793e-21 1.197e-20 2.375e-20 2.418e-20 2.852e-20 1.528e-20
 9.604e-21 1.723e-20 7.291e-21 1.220e-20 2.267e-20 1.878e-20 3.113e-20 2.990e-20 3.240e-20 2.971e-20
 1.138e-20 4.134e-20 6.169e-20 5.988e-20 5.912e-20 3.406e-20 2.200e-20 2.707e-20 2.560e-20 2.718e-20
 3.133e-20 2.816e-20 2.671e-20 2.362e-20 1.949e-20 2.448e-20 2.247e-20 2.222e-20 3.071e-20 2.521e-20
 2.722e-20 3.055e-20 2.494e-20 2.864e-20 2.618e-20 3.220e-20 2.835e-20 2.250e-20 2.822e-20 2.348e-20
 3.210e-20 3.239e-20 3.233e-20 3.104e-20 2.361e-20 3.072e-20 2.427e-20 2.837e-20 3.803e-20 2.777e-20
 3.382e-20 3.322e-20 2.257e-20 3.586e-20 3.228e-20 3.309e-20 4.530e-20 4.381e-20 5.098e-20 3.634e-20
 2.997e-20 4.764e-20 4.694e-20 3.891e-20 3.598e-20 3.098e-20 2.690e-20 3.236e-20 3.931e-20 5.014e-20
 4.731e-20 3.500e-20 3.875e-20 4.147e-20 3.808e-20 4.250e-20 4.145e-20 4.006e-20 4.309e-20 3.079e-20
 4.660e-20 6.548e-20 5.363e-20 4.936e-20 4.318e-20 4.679e-20 5.127e-20 4.620e-20 5.278e-20 5.342e-20
 4.773e-20 5.608e-20 6.252e-20 5.950e-20 5.872e-20 5.855e-20 6.498e-20 6.263e-20 6.024e-20 7.635e-20
 7.552e-20 7.800e-20 9.661e-20 8.962e-20 8.198e-20 8.078e-20 7.707e-20 7.196e-20 6.730e-20 7.855e-20
 7.986e-20 8.706e-20 9.314e-20 9.181e-20 9.601e-20 8.951e-20 8.663e-20 7.950e-20 9.391e-20 1.098e-19
 1.039e-19 9.964e-20 8.910e-20 1.028e-19 1.181e-19 1.012e-19 9.508e-20 1.126e-19 1.259e-19 1.322e-19
 1.164e-19 1.144e-19 1.335e-19 1.086e-19 1.053e-19 1.284e-19 1.447e-19 1.563e-19 1.290e-19 1.417e-19
 1.627e-19 1.280e-19 1.300e-19 1.632e-19 1.762e-19 1.586e-19 1.571e-19 1.754e-19 1.493e-19 1.340e-19
 1.834e-19 2.044e-19 1.546e-19 1.739e-19 1.846e-19 1.426e-19 1.962e-19 2.213e-19 1.880e-19 1.949e-19
 1.961e-19 1.650e-19 2.031e-19 2.311e-19 1.860e-19 2.017e-19 1.839e-19 1.972e-19 2.313e-19 2.044e-19
 2.070e-19 1.914e-19 2.135e-19 2.254e-19 1.962e-19 1.941e-19 2.047e-19 2.142e-19 1.958e-19 1.984e-19
 2.237e-19 2.051e-19 1.690e-19 1.819e-19 1.741e-19 1.499e-19 1.509e-19 1.287e-19 1.082e-19 8.595e-20
 4.927e-20 1.265e-20 8.095e-21 1.531e-20 1.275e-20 1.256e-20 9.511e-22 1.277e-21 6.797e-21 3.732e-21
 4.343e-21 7.782e-22 0.000e+00 1.524e-21 0.000e+00 0.000e+00 4.603e-21 3.168e-21 9.967e-21 0.000e+00
 2.743e-22 0.000e+00 0.000e+00 8.055e-21 0.000e+00 7.032e-21 6.148e-21 7.188e-21 7.534e-21 1.296e-23
 6.176e-21 0.000e+00 7.826e-22 7.705e-21 4.872e-21 7.487e-21 4.650e-21 9.343e-23 3.905e-21 1.956e-21
 4.839e-21 8.507e-21 3.669e-21 1.258e-20 1.000e-20 6.433e-21 1.055e-20 3.038e-21 5.322e-21 3.775e-21
 1.224e-21 5.102e-21 7.066e-22 4.111e-21 7.453e-21 7.185e-22 7.973e-22 0.000e+00 4.497e-22 6.978e-21
 0.000e+00 5.049e-22 3.948e-21 0.000e+00 3.322e-22 0.000e+00 0.000e+00 2.029e-21 0.000e+00 0.000e+00
 0.000e+00 0.000e+00 0.000e+00 0.000e+00 1.230e-21 5.897e-21 4.406e-22 8.873e-22 2.714e-21 5.699e-22
 5.419e-21 4.948e-21 2.354e-21 4.546e-21 9.830e-21 9.578e-21 1.041e-20 1.086e-20 8.443e-21 7.757e-21
 0.000e+00 7.551e-21 6.603e-21 0.000e+00 7.672e-21 3.186e-21 5.020e-21 3.214e-21 0.000e+00 3.001e-21
 4.513e-21 3.878e-21 7.725e-21 2.476e-21 4.028e-22 5.795e-21 2.901e-21 1.735e-21 8.093e-22 3.590e-21
 7.824e-21 6.270e-21 9.915e-21 8.966e-21 3.483e-21 5.513e-21 4.075e-21 6.616e-21 9.869e-21 2.839e-21
 3.303e-21 0.000e+00 1.564e-21 9.472e-21 6.256e-21 1.808e-20 1.255e-20 4.955e-21 5.816e-21 3.023e-21
 2.978e-20 3.412e-20 1.133e-20 5.063e-21 0.000e+00 2.857e-21 1.115e-20 3.464e-21 4.364e-22 0.000e+00
 4.942e-21 9.284e-21 2.602e-21 4.388e-21 2.549e-21 3.664e-21 6.993e-21 5.224e-21 8.318e-21 5.450e-21
 4.785e-21 2.394e-21 2.909e-21 8.295e-21 4.022e-21 1.180e-20 6.842e-21 0.000e+00 3.056e-21 1.298e-21
 9.782e-21 8.228e-21 3.315e-21 1.635e-21 8.134e-22 7.455e-21 2.106e-20 1.792e-20 1.826e-21 1.706e-21
 0.000e+00 1.616e-21 2.416e-20 5.194e-20 4.858e-20 1.635e-20 1.968e-21 1.707e-21 2.978e-21 0.000e+00
 9.380e-21 1.481e-20 8.914e-21 3.976e-21 0.000e+00 1.069e-21 0.000e+00 0.000e+00 6.991e-21 3.776e-21
 8.037e-21 8.115e-21 7.492e-21 1.092e-20 8.201e-21 3.761e-21 5.305e-21 1.324e-21 1.241e-21 1.886e-21
 5.975e-21 1.216e-20 8.276e-21 8.882e-21 9.897e-21 9.402e-21 1.646e-20 1.947e-20 8.538e-21 3.962e-21
 2.783e-21 2.572e-21 3.794e-21 5.149e-21 3.736e-20 7.520e-20 6.589e-20 3.802e-20 2.478e-20 9.457e-21
 3.512e-21 1.794e-21 7.123e-21 9.268e-21 4.326e-21 2.506e-20 2.324e-20 6.692e-21 0.000e+00 0.000e+00
 5.208e-21 2.853e-21 4.349e-21 3.740e-21 1.386e-21 3.498e-21 0.000e+00 0.000e+00 3.102e-21 2.206e-21
 6.282e-21 9.964e-21 9.299e-21 1.458e-20 6.128e-21 1.535e-20 3.565e-20 3.269e-20 1.502e-20 2.303e-21
 5.116e-21 7.281e-22 8.046e-22 2.151e-21 6.440e-21 2.819e-20 4.734e-20 6.647e-20 8.734e-20 7.067e-20
 2.240e-20 1.207e-20 1.695e-20 5.716e-21 8.340e-23 0.000e+00 0.000e+00 0.000e+00 0.000e+00 1.407e-20
 2.505e-20 1.698e-20 2.555e-21 2.372e-21 7.255e-21 4.967e-21 6.035e-21 8.293e-22 0.000e+00 2.445e-21
 0.000e+00 3.249e-21 7.793e-21 4.691e-21 1.505e-20 2.095e-20 2.818e-20 1.945e-20 1.020e-21 2.753e-21
 1.483e-21 0.000e+00 0.000e+00 0.000e+00 1.785e-21 4.458e-20 5.221e-20 4.231e-20 4.383e-20 5.998e-20
 9.658e-20 7.772e-20 3.948e-20 9.978e-21 3.452e-21 2.706e-20 3.486e-20 2.604e-20 6.003e-21 2.351e-21
 0.000e+00 0.000e+00 6.293e-21 2.279e-20 4.208e-20 1.862e-20 1.813e-21 2.045e-21 2.097e-21 3.465e-21
 3.614e-21 7.298e-22 7.436e-22 1.224e-20 3.308e-20 4.785e-20 2.118e-20 9.216e-21 1.524e-20 6.037e-21
 3.897e-21 5.620e-21 4.022e-21 9.083e-21 2.344e-20 1.686e-20 1.402e-20 1.210e-20 2.370e-20 4.747e-20
 6.015e-20 1.010e-19 1.090e-19 8.679e-20 6.280e-20 2.046e-20 6.008e-21 7.026e-21 9.476e-22 1.152e-20
 2.557e-20 2.254e-20 1.372e-20 9.957e-22 8.324e-22 3.244e-21 7.929e-21 2.558e-20 2.133e-20 6.074e-21
 4.475e-21 1.007e-20 2.551e-20 3.869e-20 2.241e-20 9.377e-21 2.939e-21 0.000e+00 6.748e-21 4.594e-21
 8.086e-21 1.980e-20 4.088e-20 4.872e-20 1.609e-20 4.199e-21 1.687e-20 1.655e-20 2.485e-20 3.250e-20
 3.191e-20 5.363e-20 7.415e-20 8.997e-20 8.550e-20 7.448e-20 7.420e-20 3.774e-20 8.183e-21 0.000e+00
 0.000e+00 3.140e-21 0.000e+00 8.145e-21 2.349e-20 4.550e-20 3.297e-20 3.033e-21 1.611e-21 2.924e-20
 8.691e-20 9.272e-20 3.231e-20 5.719e-21 1.058e-20 8.877e-22 3.033e-21 7.082e-21 4.953e-21 2.884e-20
 3.584e-20 1.360e-20 1.006e-20 3.095e-21 6.009e-21 1.606e-20 9.076e-21 2.693e-20 3.091e-20 2.678e-20
 3.776e-20 3.681e-20 6.746e-20 1.065e-19 9.535e-20 8.053e-20 8.689e-20 7.562e-20 5.925e-20 3.387e-20
 1.276e-20 7.649e-21 0.000e+00 2.924e-21 7.158e-21 3.160e-21 1.384e-20 3.629e-20 3.425e-20 2.689e-20
 3.170e-20 1.676e-20 2.299e-20 3.259e-20 2.916e-20 4.543e-20 5.920e-20 3.464e-20 2.063e-21 4.627e-22
 2.364e-21 7.482e-21 8.463e-21 7.426e-21 5.653e-21 3.465e-21 1.439e-20 1.410e-20 2.147e-20 3.145e-20
 2.863e-20 3.715e-20 5.436e-20 7.610e-20 8.205e-20 6.672e-20 6.617e-20 7.679e-20 7.733e-20 5.716e-20
 2.794e-20 3.586e-20 5.172e-20 5.213e-20 5.913e-20 3.424e-20 5.263e-21 7.430e-21 1.717e-21 0.000e+00
 9.068e-21 2.950e-20 2.957e-20 1.586e-20 5.538e-20 1.017e-19 7.105e-20 1.527e-20 9.688e-21 9.427e-21
 2.268e-21 9.383e-21 8.916e-21 1.537e-20 1.593e-20 1.402e-20 1.178e-20 1.597e-20 1.916e-20 2.032e-20
 3.540e-20 4.115e-20 8.179e-20 9.979e-20 7.816e-20 6.978e-20 6.450e-20 7.294e-20 7.345e-20 1.146e-19
 1.307e-19 6.592e-20 1.903e-20 1.230e-20 3.267e-20 6.006e-20 7.128e-20 4.159e-20 1.226e-20 3.476e-21
 1.338e-21 4.479e-21 2.244e-21 8.473e-21 6.802e-21 1.812e-20 3.811e-20 2.550e-20 1.047e-20 2.627e-20
 3.897e-20 3.014e-20 2.351e-20 1.601e-20 1.618e-20 1.985e-20 1.813e-20 1.642e-20 2.919e-20 3.229e-20
 3.183e-20 6.330e-20 7.083e-20 6.993e-20 8.873e-20 1.103e-19 9.538e-20 6.070e-20 7.205e-20 6.767e-20
 9.077e-20 1.293e-19 7.445e-20 1.980e-20 4.314e-21 0.000e+00 6.447e-21 2.948e-20 5.331e-20 3.248e-20
 8.047e-21 9.424e-21 3.010e-21 7.908e-21 8.331e-21 3.747e-20 6.898e-20 3.283e-20 1.066e-20 7.801e-21
 1.359e-20 1.490e-20 8.146e-21 2.645e-20 3.917e-20 6.766e-20 6.490e-20 2.090e-20 3.178e-20 8.738e-20
 1.117e-19 8.923e-20 5.513e-20 6.393e-20 1.125e-19 8.406e-20 5.571e-20 6.509e-20 4.611e-20 6.870e-20
 5.623e-20 4.985e-20 1.171e-19 1.084e-19 3.709e-20 4.956e-21 3.957e-21 3.622e-21 6.661e-21 4.843e-21
 1.203e-20 3.313e-20 2.915e-20 1.892e-20 2.954e-20 4.081e-20 3.413e-20 9.906e-21 5.301e-21 1.621e-20
 1.379e-20 1.751e-20 2.940e-20 6.724e-20 7.664e-20 3.713e-20 4.110e-20 6.824e-20 8.602e-20 9.176e-20
 6.595e-20 3.966e-20 4.652e-20 3.933e-20 3.919e-20 5.346e-20 3.845e-20 6.286e-20 5.812e-20 4.108e-20
 7.081e-20 5.138e-20 4.330e-20 8.672e-20 9.965e-20 4.779e-20 1.373e-20 1.163e-20 4.613e-21 1.206e-20
 8.399e-21 8.769e-21 4.170e-20 6.341e-20 4.953e-20 5.963e-20 7.294e-20 6.255e-20 3.942e-20 4.892e-20
 8.661e-20 4.332e-20 2.267e-20 2.581e-20 2.774e-20 8.008e-20 7.575e-20 3.556e-20 2.213e-20 3.787e-20
 3.057e-20 2.449e-20 5.711e-20 8.119e-20 9.660e-20 7.468e-20 4.745e-20 5.057e-20 6.459e-20 4.837e-20
 4.499e-20 8.104e-20 6.800e-20 7.678e-20 1.121e-19 7.476e-20 3.575e-20 2.283e-20 5.957e-21 5.562e-20
 9.930e-20 6.800e-20 5.391e-20 3.293e-20 1.375e-20 1.616e-20 1.012e-20 1.024e-20 1.599e-20 3.340e-20
 4.974e-20 6.299e-20 6.336e-20 3.744e-20 1.275e-20 2.147e-20 3.357e-20 1.778e-20 2.631e-20 4.297e-20
 2.861e-20 2.679e-20 4.599e-20 3.410e-20 2.816e-20 6.023e-20 5.923e-20 6.420e-20 8.353e-20 5.332e-20
 2.994e-20 6.796e-20 1.202e-19 1.223e-19 1.357e-19 1.501e-19 9.008e-20 5.242e-20 4.769e-20 2.461e-20
 1.614e-20 1.441e-20 1.012e-20 1.107e-20 2.059e-20 2.011e-20 2.132e-20 5.926e-20 7.943e-20 4.710e-20
 1.843e-20 2.794e-20 3.478e-20 1.589e-20 3.846e-20 8.716e-20 6.345e-20 2.051e-20 3.073e-20 3.542e-20
 1.905e-20 3.009e-20 5.263e-20 5.364e-20 8.766e-20 1.383e-19 1.016e-19 4.708e-20 7.927e-20 1.316e-19
 1.143e-19 8.899e-20 1.212e-19 1.111e-19 4.733e-20 4.874e-20 6.788e-20 3.116e-20 2.119e-20 3.878e-20
 3.043e-20 1.871e-20 3.176e-20 5.487e-20 2.860e-20 4.413e-21 1.804e-20 2.312e-20 2.092e-20 1.018e-20
 2.303e-20 3.242e-20 1.246e-20 1.512e-20 3.689e-20 6.281e-20 8.755e-20 9.861e-20 8.042e-20 4.545e-20
 4.506e-20 8.025e-20 9.217e-20 8.794e-20 8.566e-20 6.320e-20 3.828e-20 2.986e-20 6.375e-20 7.518e-20
 3.486e-20 6.354e-20 1.128e-19 9.426e-20 4.895e-20 1.785e-20 4.532e-20 8.470e-20 6.625e-20 2.285e-20
 1.232e-20 4.958e-20 6.664e-20 3.346e-20 7.517e-21 2.606e-20 6.784e-20 9.121e-20 7.208e-20 3.277e-20
 2.828e-20 1.942e-20 1.058e-20 3.944e-20 4.762e-20 5.043e-20 5.485e-20 5.058e-20 3.869e-20 1.667e-20
 3.664e-20 6.203e-20 3.710e-20 1.861e-20 4.905e-20 9.002e-20 8.521e-20 5.127e-20 7.107e-20 1.068e-19
 8.749e-20 7.710e-20 1.141e-19 1.326e-19 7.930e-20 3.912e-20 7.027e-20 1.169e-19 1.050e-19 5.012e-20
 2.849e-20 1.424e-20 1.214e-20 2.621e-20 5.020e-20 5.402e-20 3.293e-20 6.905e-20 6.756e-20 2.840e-20
 1.775e-20 9.363e-21 3.845e-20 4.275e-20 1.829e-20 2.674e-20 4.256e-20 3.729e-20 1.486e-20 2.027e-20
 5.086e-20 4.362e-20 1.253e-20 4.086e-20 1.051e-19 9.776e-20 6.957e-20 1.261e-19 1.667e-19 1.013e-19
 3.320e-20 4.295e-20 7.590e-20 8.963e-20 7.790e-20 3.998e-20 2.772e-20 5.195e-20 7.143e-20 3.730e-20
 4.811e-21 8.301e-21 1.308e-20 2.916e-20 1.438e-20 1.051e-20 3.912e-20 6.485e-20 6.507e-20 2.565e-20
 1.947e-20 3.838e-20 2.199e-20 0.000e+00 2.490e-20 5.462e-20 9.629e-20 1.288e-19 9.167e-20 6.925e-20
 4.610e-20 1.832e-20 2.580e-20 7.080e-20 1.011e-19 5.968e-20 1.963e-20 3.874e-20 9.691e-20 9.571e-20
 6.736e-20 6.612e-20 4.585e-20 4.662e-20 5.693e-20 6.627e-20 1.062e-19 1.055e-19 4.008e-20 1.626e-20
 2.754e-20 2.174e-20 1.461e-20 5.771e-21 3.200e-20 8.381e-20 1.030e-19 5.667e-20 2.518e-20 7.277e-20
 8.820e-20 5.518e-20 3.174e-20 2.940e-20 3.728e-20 2.352e-20 7.074e-21 2.838e-20 7.603e-20 7.295e-20
 4.829e-20 4.588e-20 5.737e-20 7.112e-20 2.853e-20 2.671e-22 8.563e-21 5.160e-20 1.111e-19 7.262e-20
 1.758e-20 6.126e-21 1.126e-20 5.161e-20 1.116e-19 1.322e-19 9.751e-20 4.818e-20 2.069e-20 2.873e-20
 3.364e-20 5.147e-20 5.646e-20 3.217e-20 2.279e-20 7.848e-21 7.986e-21 4.615e-20 8.333e-20 6.632e-20
 2.779e-20 1.613e-20 3.708e-20 4.535e-20 2.560e-20 6.269e-20 1.121e-19 9.831e-20 4.570e-20 9.391e-21
 1.542e-20 5.096e-20 1.064e-19 1.202e-19 8.490e-20 5.343e-20 4.071e-20 5.397e-20 4.689e-20 1.597e-20
 2.242e-20 4.831e-20 6.093e-20 5.087e-20 5.998e-20 7.959e-20 6.953e-20 6.508e-20 3.890e-20 1.083e-20
 1.528e-20 2.414e-20 2.741e-20 2.229e-20 1.973e-20 5.412e-20 8.259e-20 4.055e-20 1.532e-20 3.092e-20
 9.716e-20 1.314e-19 5.405e-20 1.290e-20 1.039e-20 3.496e-20 5.299e-20 2.668e-20 2.590e-20 4.137e-20
 7.598e-20 9.728e-20 7.180e-20 2.923e-20 6.114e-21 1.493e-20 5.535e-20 9.909e-20 7.396e-20 1.769e-20
 7.345e-21 9.052e-21 1.851e-20 6.548e-20 6.316e-20 1.822e-20 1.887e-20 6.708e-20 1.151e-19 7.566e-20
 1.527e-20 4.677e-21 0.000e+00 1.471e-20 4.034e-20 4.982e-20 5.187e-20 2.464e-20 3.289e-20 6.881e-20
 6.157e-20 7.987e-20 9.287e-20 6.347e-20 5.564e-20 4.667e-20 2.588e-20 4.315e-21 1.127e-20 4.819e-20
 5.611e-20 2.827e-20 0.000e+00 1.458e-20 6.519e-20 1.111e-19 1.211e-19 7.588e-20 3.012e-20 1.212e-20
 1.673e-20 4.433e-20 6.461e-20 5.683e-20 3.324e-20 2.454e-20 3.328e-20 2.338e-20 1.714e-20 4.284e-20
 5.366e-20 5.460e-20 5.504e-20 6.012e-20 6.542e-20 2.898e-20 2.505e-20 4.337e-20 2.733e-20 1.805e-20
 2.930e-20 8.541e-20 1.055e-19 5.355e-20 1.843e-20 1.081e-20 1.586e-20 1.847e-20 3.754e-20 4.554e-20
 1.684e-20 1.229e-20 2.049e-20 1.226e-20 6.796e-21 2.481e-20 4.934e-20 5.048e-20 4.513e-20 5.760e-20
 6.209e-20 7.234e-20 1.094e-19 1.035e-19 7.547e-20 3.996e-20 2.010e-20 5.532e-20 5.218e-20 3.756e-20
 3.817e-20 3.540e-20 3.703e-20 1.667e-20 2.478e-20 4.411e-20 2.581e-20 5.992e-21 5.587e-21 7.832e-21
 2.526e-20 4.505e-20 3.626e-20 3.098e-20 1.968e-20 3.341e-21 2.330e-20 6.324e-20 7.384e-20 6.078e-20
 3.437e-20 1.601e-20 4.342e-20 7.401e-20 9.607e-20 9.144e-20 7.339e-20 5.448e-20 6.708e-21 2.335e-21
 1.810e-20 3.461e-20 5.502e-20 2.739e-20 8.981e-21 9.083e-21 1.905e-20 5.018e-20 4.721e-20 1.973e-20
 1.149e-20 1.706e-20 3.580e-20 4.365e-20 3.720e-20 4.660e-20 4.164e-20 5.485e-20 8.542e-20 6.984e-20
 3.703e-20 2.147e-20 4.942e-20 5.632e-20 4.656e-20 7.535e-20 6.872e-20 3.918e-20 9.501e-21 4.661e-21
 1.972e-20 1.596e-20 2.670e-20 2.710e-20 2.340e-20 2.938e-20 2.893e-20 2.902e-20 2.774e-20 2.232e-20
 1.873e-20 3.273e-20 6.098e-20 9.074e-20 7.409e-20 2.557e-20 1.020e-20 1.148e-20 6.975e-21 2.176e-20
 4.584e-20 3.085e-20 1.167e-20 1.879e-20 3.091e-20 3.620e-20 5.780e-20 8.278e-20 4.582e-20 9.458e-21
 1.092e-20 2.130e-20 3.032e-20 2.612e-20 4.014e-20 4.245e-20 3.115e-20 4.719e-20 7.153e-20 7.393e-20
 4.416e-20 1.545e-20 9.551e-21 2.736e-20 4.544e-20 4.077e-20 3.687e-20 4.086e-20 2.582e-20 2.425e-20
 5.222e-20 4.424e-20 2.771e-20 1.117e-20 0.000e+00 1.971e-20 2.967e-20 4.590e-20 3.965e-20 1.738e-20
 2.630e-20 2.706e-20 2.919e-20 1.520e-20 2.215e-20 5.506e-20 5.484e-20 4.224e-20 2.368e-20 4.591e-20
 7.819e-20 5.276e-20 3.268e-20 5.735e-20 7.599e-20 3.615e-20 0.000e+00 0.000e+00 0.000e+00 1.087e-20
 1.158e-20 2.313e-20 3.196e-20 1.744e-20 2.629e-20 4.637e-20 5.905e-20 4.881e-20 3.900e-20 2.910e-20
 4.580e-21 1.743e-20 3.436e-20 2.069e-20 1.933e-20 3.491e-20 2.319e-20 8.191e-21 6.911e-21 7.276e-21
 2.853e-20 2.469e-20 3.107e-20 4.783e-20 2.486e-20 2.022e-20 1.562e-20 1.706e-20 4.182e-20 3.758e-20
 2.573e-20 3.824e-20 4.024e-20 3.017e-20 4.512e-20 6.565e-20 6.540e-20 5.433e-20 4.548e-20 2.159e-20
 4.084e-21 2.265e-20 2.696e-20 1.557e-20 1.121e-20 2.219e-20 5.173e-20 5.285e-20 2.708e-20 6.106e-21
 5.255e-21 2.813e-20 4.051e-20 2.919e-20 6.629e-21 0.000e+00 2.989e-21 3.626e-22 6.703e-21 4.152e-20
 5.474e-20 6.102e-20 6.671e-20 3.871e-20 1.964e-20 3.964e-21 9.544e-21 2.646e-20 6.582e-21 1.968e-20
 2.920e-20 2.711e-20 3.491e-20 2.376e-20 3.715e-20 2.428e-20 1.682e-21 7.474e-21 3.858e-21 1.726e-20
 4.964e-20 6.072e-20 3.097e-20 1.240e-20 1.383e-20 1.567e-20 3.311e-20 4.535e-20 4.225e-20 3.121e-20
 2.881e-20 3.304e-20 2.137e-20 2.191e-20 3.478e-20 2.396e-20 2.214e-20 2.456e-20 3.236e-20 4.054e-20
 1.196e-20 1.085e-20 2.088e-20 1.474e-20 1.150e-20 5.585e-22 3.361e-21 3.595e-21 1.246e-20 2.726e-20
 3.128e-20 3.920e-20 2.870e-20 1.236e-20 4.838e-21 1.854e-22 5.817e-21 1.163e-20 3.304e-20 4.698e-20
 3.304e-20 4.030e-20 4.329e-20 4.895e-20 4.886e-20 2.388e-20 4.756e-20 6.025e-20 3.208e-20 2.330e-20
 1.402e-20 7.398e-21 1.044e-20 2.018e-21 9.088e-21 3.140e-20 3.599e-20 3.105e-20 1.122e-20 9.348e-21
 1.962e-20 5.973e-21 7.057e-21 1.333e-20 1.382e-20 1.636e-20 1.812e-20 3.125e-20 3.824e-20 2.510e-20
 1.408e-20 1.042e-20 8.991e-21 9.998e-21 8.234e-21 1.537e-20 1.935e-20 2.352e-20 4.565e-20 4.544e-20
 1.957e-20 9.373e-21 9.017e-21 8.662e-21 1.634e-20 2.021e-20 2.315e-20 2.455e-20 6.309e-21 6.871e-21
 3.407e-20 2.487e-20 1.252e-20 3.502e-20 4.822e-20 2.974e-20 0.000e+00 0.000e+00 6.269e-21 1.460e-20
 2.802e-20 2.344e-20 3.028e-20 2.961e-20 8.337e-21 1.138e-20 1.939e-20 1.554e-20 1.677e-20 6.145e-21
 2.932e-21 1.598e-20 1.206e-20 1.554e-20 2.179e-20 2.014e-20 1.944e-20 1.096e-20 1.196e-20 1.455e-20
 1.870e-20 2.471e-20 1.083e-20 8.228e-21 1.949e-20 1.733e-20 2.073e-20 1.837e-20 1.173e-20 1.372e-20
 5.809e-21 1.369e-20 2.422e-20 1.250e-20 7.956e-21 4.016e-21 8.048e-23 1.378e-20 2.452e-20 2.674e-20
 2.919e-20 1.940e-20 1.444e-20 1.873e-20 1.487e-20 1.497e-20 1.820e-20 2.363e-20 2.276e-20 1.263e-20
 1.329e-20 1.451e-20 9.675e-21 3.980e-21 5.045e-21 1.063e-20 9.955e-21 1.346e-20 1.607e-20 9.366e-21
 0.000e+00 0.000e+00 5.601e-22 5.298e-21 1.873e-20 1.975e-20 2.412e-20 3.194e-20 3.767e-20 4.266e-20
 2.312e-20 5.285e-21 4.571e-23 6.945e-21 1.816e-20 1.833e-20 2.833e-20 2.255e-20 4.992e-21 7.766e-21
 6.915e-21 5.952e-21 1.364e-20 2.635e-20 3.594e-20 2.238e-20 1.358e-20 1.781e-20 1.377e-20 1.425e-20
 1.802e-20 2.108e-20 2.058e-20 1.624e-20 2.395e-20 2.111e-20 7.798e-21 7.259e-21 1.661e-21 1.003e-20
 1.920e-20 9.942e-21 9.569e-21 5.841e-22 1.967e-21 5.020e-21 8.541e-21 2.144e-20 4.598e-21 6.854e-21
 1.133e-20 1.301e-21 1.029e-20 1.490e-20 1.784e-20 7.436e-21 2.488e-21 6.129e-21 6.838e-21 1.255e-20
 1.152e-20 2.224e-20 1.853e-20 1.241e-20 2.225e-20 1.450e-20 1.695e-20 9.969e-21 0.000e+00 8.707e-21
 8.324e-21 1.464e-20 1.280e-20 9.392e-21 2.575e-20 2.378e-20 7.478e-21 7.424e-21 1.248e-20 3.233e-21
 5.894e-21 3.899e-21 6.268e-21 1.447e-20 1.010e-20 2.356e-20 1.554e-20 8.327e-21 1.234e-20 1.228e-20
 1.869e-20 1.351e-20 1.219e-20 1.190e-21 2.041e-21 5.765e-21 5.746e-21 1.327e-20 5.790e-21 1.786e-20
 2.323e-20 5.559e-21 6.036e-21 3.243e-21 2.507e-21 2.077e-20 9.657e-21 9.233e-21 2.124e-20 1.091e-20
 1.806e-20 5.491e-21 0.000e+00 3.286e-21 0.000e+00 7.854e-21 1.312e-20 9.183e-21 4.803e-21 5.290e-21
 1.322e-20 2.061e-20 2.137e-20 2.270e-20 1.237e-20 0.000e+00 0.000e+00 0.000e+00 0.000e+00 0.000e+00
 5.313e-21 5.832e-21 1.202e-20 1.510e-20 7.072e-21 1.570e-20 6.642e-21 4.504e-21 7.954e-21 0.000e+00
 7.201e-21 4.378e-21 1.394e-21 6.855e-21 1.498e-20 2.782e-20 2.355e-20 3.719e-21 0.000e+00 1.542e-21
 2.806e-21 1.343e-20 4.943e-21 7.200e-21 1.535e-20 1.224e-20 2.042e-20 5.198e-21 0.000e+00 5.783e-21
 0.000e+00 6.617e-21 5.749e-22 0.000e+00 0.000e+00 0.000e+00 9.563e-21 1.645e-20 9.157e-21 8.443e-21
 4.540e-21 0.000e+00 6.017e-21 1.020e-21 4.988e-21 9.608e-21 1.931e-21 3.909e-21 4.078e-22 4.568e-21
 1.005e-20 1.742e-20 1.454e-20 5.237e-21 0.000e+00 0.000e+00 1.588e-21 0.000e+00 8.231e-21 6.494e-21
 5.723e-21 1.603e-20 5.388e-21 3.576e-21 3.341e-21 5.735e-21 1.389e-20 1.317e-20 1.465e-20 1.038e-20
 0.000e+00 5.684e-21 1.424e-21 0.000e+00 5.232e-21 0.000e+00 3.974e-21 0.000e+00 3.930e-21 1.432e-20
 1.465e-20 1.781e-20 6.249e-21 1.110e-20 1.534e-20 1.245e-20 8.120e-21 3.502e-21 7.218e-21 1.150e-20
 6.240e-21 9.381e-22 3.870e-21 0.000e+00 9.533e-21 1.819e-21 1.669e-22 1.065e-20 0.000e+00 6.757e-21
 5.550e-21 5.331e-21 7.310e-21 0.000e+00 7.553e-21 1.288e-20 1.341e-20 1.031e-20 2.205e-21 4.052e-21
 5.875e-21 3.846e-21 5.334e-21 2.320e-21 6.178e-21 9.414e-21 1.909e-21 4.088e-21 0.000e+00 0.000e+00
 5.790e-21 5.239e-21 1.768e-20 2.125e-20 9.920e-21 6.310e-21 2.799e-21 6.725e-22 2.744e-21 0.000e+00
 7.790e-22 6.228e-21 4.737e-21 1.409e-20 0.000e+00 0.000e+00 2.172e-21 0.000e+00 5.785e-21 1.948e-21
 3.578e-21 1.524e-20 8.874e-21 1.131e-20 1.393e-20 4.254e-21 1.475e-20 9.246e-21 0.000e+00 4.924e-21
 0.000e+00 0.000e+00 5.233e-21 0.000e+00 1.120e-20 1.137e-20 4.929e-21 8.581e-21 0.000e+00 0.000e+00
 5.786e-21 0.000e+00 1.038e-20 1.158e-20 6.471e-21 1.432e-20 9.606e-21 1.193e-20 1.111e-20 3.531e-21
 8.562e-21 7.490e-21 1.334e-21 7.014e-21 6.383e-21 5.920e-21 1.529e-20 1.187e-20 1.070e-20 8.619e-21
 3.888e-21 6.334e-21 9.097e-22 0.000e+00 5.006e-21 3.321e-21 0.000e+00 4.486e-22 0.000e+00 5.545e-21
 4.310e-21 4.914e-21 1.032e-20 1.679e-21 1.282e-21 0.000e+00 0.000e+00 6.187e-21 4.830e-21 5.114e-21
 9.746e-21 3.808e-21 0.000e+00 4.788e-22 0.000e+00 7.394e-21 4.340e-21 0.000e+00 1.147e-21 0.000e+00
 0.000e+00 5.949e-22 0.000e+00 2.055e-21 0.000e+00 0.000e+00 0.000e+00 0.000e+00 3.789e-21 1.302e-20
 1.960e-21 1.056e-20 9.009e-21 7.040e-21 1.147e-20 0.000e+00 0.000e+00 0.000e+00 0.000e+00 6.177e-22
 0.000e+00 2.504e-22 0.000e+00 2.679e-21 2.393e-21 9.633e-22 8.799e-21 0.000e+00 4.124e-21 4.444e-21
 0.000e+00 7.644e-21 9.652e-22 6.739e-21 9.995e-21 0.000e+00 3.447e-21 0.000e+00 0.000e+00 0.000e+00
 0.000e+00 0.000e+00 0.000e+00 0.000e+00 1.442e-21 1.373e-20 5.247e-21 6.024e-21 1.622e-20 3.273e-21
 1.090e-20 0.000e+00 0.000e+00 2.165e-21 0.000e+00 3.464e-22 0.000e+00 0.000e+00 7.561e-22 0.000e+00
 0.000e+00 4.090e-21 3.177e-21 2.942e-21 1.221e-20 4.223e-21 9.404e-21 7.261e-21 0.000e+00 0.000e+00
 0.000e+00 0.000e+00 8.093e-22 0.000e+00 0.000e+00 3.925e-21 0.000e+00 3.653e-21 3.730e-21 0.000e+00
 0.000e+00 0.000e+00 0.000e+00 0.000e+00 0.000e+00 0.000e+00 1.099e-20 3.749e-21 8.095e-21 1.099e-20
 0.000e+00 0.000e+00 0.000e+00 0.000e+00 4.539e-21 0.000e+00 7.912e-21 3.531e-21 4.842e-21 4.444e-21
 5.946e-21 6.145e-21 0.000e+00 2.798e-21 2.941e-22 0.000e+00 0.000e+00 0.000e+00 9.498e-22 1.652e-21
 0.000e+00 6.403e-21 5.769e-21 6.622e-21 6.700e-21 0.000e+00 4.341e-21 0.000e+00 8.350e-22 0.000e+00
 0.000e+00 1.071e-21 2.323e-21 7.089e-22 0.000e+00 4.916e-22 8.463e-22 0.000e+00 5.074e-21 6.232e-21
 5.309e-21 4.980e-21 7.328e-21 7.134e-21 8.177e-21 5.511e-21 7.363e-21 9.128e-22 0.000e+00 2.576e-21
 0.000e+00 4.935e-21 0.000e+00 0.000e+00 0.000e+00 0.000e+00 2.406e-21 0.000e+00 0.000e+00 5.188e-21
 0.000e+00 0.000e+00 0.000e+00 0.000e+00 1.667e-21 0.000e+00 3.593e-21 2.698e-21 3.118e-21 3.104e-21
 4.265e-22 6.805e-21 0.000e+00 0.000e+00 1.397e-21 0.000e+00 1.066e-21 0.000e+00 7.972e-22 5.880e-21
 3.199e-21 2.391e-21 0.000e+00 0.000e+00 0.000e+00 0.000e+00 0.000e+00 4.803e-21 0.000e+00 1.933e-21
 0.000e+00 0.000e+00 4.526e-21 0.000e+00 1.489e-21 9.170e-22 0.000e+00 4.440e-22 0.000e+00 1.388e-21
 3.737e-21 0.000e+00 0.000e+00 4.881e-21 0.000e+00 1.735e-22 2.243e-21 2.037e-21 5.363e-21 1.616e-21
 0.000e+00 1.588e-21 0.000e+00 0.000e+00 2.531e-21 2.257e-22 6.253e-21 0.000e+00 0.000e+00 0.000e+00
 0.000e+00 0.000e+00 0.000e+00 0.000e+00 0.000e+00 8.075e-22 0.000e+00 0.000e+00 4.048e-21 5.557e-22
 5.011e-21 0.000e+00 0.000e+00 0.000e+00 5.564e-22 2.771e-21 4.678e-21 0.000e+00 0.000e+00 4.154e-23
 0.000e+00 3.129e-22 0.000e+00 0.000e+00 1.339e-20 0.000e+00 1.313e-20 1.510e-20 9.775e-21 1.524e-20
 0.000e+00 1.467e-21 0.000e+00 0.000e+00 0.000e+00 0.000e+00 0.000e+00 0.000e+00 0.000e+00 0.000e+00
 0.000e+00 2.031e-21 4.333e-22 1.035e-20 0.000e+00 0.000e+00 7.208e-21 0.000e+00 6.745e-21 0.000e+00
 0.000e+00 1.731e-21 0.000e+00 5.139e-21 1.533e-21 1.696e-21 4.772e-21 0.000e+00 9.964e-22 2.748e-21
 4.812e-21 7.823e-21 2.660e-21 2.211e-21 1.653e-21 0.000e+00 1.122e-21 0.000e+00 1.257e-21 7.722e-21
 1.911e-21 0.000e+00 4.821e-22 7.830e-22 4.694e-21 6.366e-21 2.547e-21 8.193e-21 2.967e-21 0.000e+00
 0.000e+00 0.000e+00 0.000e+00 1.354e-21 0.000e+00 7.952e-21 0.000e+00 1.070e-21 1.833e-21 0.000e+00
 1.230e-21 1.820e-22 1.879e-21 1.585e-21 1.923e-21 0.000e+00 0.000e+00 7.099e-21 2.541e-21 1.377e-21
 0.000e+00 0.000e+00 6.006e-22 0.000e+00 0.000e+00 3.428e-21 0.000e+00 1.590e-21 0.000e+00 0.000e+00
 8.511e-22 0.000e+00 0.000e+00 0.000e+00 0.000e+00 0.000e+00 0.000e+00 4.134e-21 9.411e-22 0.000e+00
 0.000e+00 0.000e+00 7.561e-21 2.798e-21 3.287e-21 2.636e-21 0.000e+00 6.639e-21 0.000e+00 0.000e+00
 0.000e+00 0.000e+00 1.895e-21 3.115e-21 1.127e-21 6.475e-21 9.203e-22 2.398e-21 5.417e-21 1.906e-22
 4.240e-21 0.000e+00 0.000e+00 4.102e-21 6.118e-22 1.216e-21 5.010e-21 6.213e-21 2.179e-21 0.000e+00
 0.000e+00 0.000e+00 1.632e-21 0.000e+00 2.522e-21 1.143e-21 0.000e+00 1.679e-21 0.000e+00 0.000e+00
 0.000e+00 5.515e-22 4.258e-21 0.000e+00 0.000e+00 0.000e+00 0.000e+00 0.000e+00 1.884e-22 3.005e-22
 0.000e+00 4.618e-21 7.232e-23 0.000e+00 0.000e+00 0.000e+00 0.000e+00 0.000e+00 0.000e+00 2.171e-21
 0.000e+00 0.000e+00 6.705e-21 0.000e+00 0.000e+00 0.000e+00 0.000e+00 1.123e-20 0.000e+00 6.132e-21
 5.728e-21 0.000e+00 1.192e-20 0.000e+00 0.000e+00 4.187e-21 0.000e+00 3.073e-21 0.000e+00 0.000e+00
 3.399e-21 0.000e+00 3.070e-22 0.000e+00 1.176e-21 5.253e-21 0.000e+00 0.000e+00 0.000e+00 2.496e-22
 0.000e+00 0.000e+00 9.109e-22 3.215e-21 6.930e-21 3.501e-21 5.313e-21 3.833e-21 1.818e-21 0.000e+00
 0.000e+00 0.000e+00 0.000e+00 0.000e+00 0.000e+00 0.000e+00 0.000e+00 0.000e+00 0.000e+00 0.000e+00
 0.000e+00 0.000e+00 1.530e-21 7.775e-22 8.217e-21 0.000e+00 0.000e+00 0.000e+00 0.000e+00 9.612e-21
 2.916e-21 4.014e-21 6.836e-21 0.000e+00 0.000e+00 0.000e+00 0.000e+00 1.662e-21 0.000e+00 0.000e+00
 0.000e+00 0.000e+00 0.000e+00 1.059e-22 0.000e+00 3.869e-21 0.000e+00 4.926e-21 2.284e-21 1.394e-21
 6.431e-22 0.000e+00 2.723e-21 0.000e+00 3.151e-21 0.000e+00 0.000e+00 0.000e+00 0.000e+00 0.000e+00
 2.390e-21 1.556e-21 4.385e-21 4.991e-21 0.000e+00 0.000e+00 2.444e-21 2.145e-21 6.314e-21 0.000e+00
 0.000e+00 5.656e-22 0.000e+00 4.155e-21 2.134e-21 0.000e+00 0.000e+00 0.000e+00 0.000e+00 0.000e+00
 0.000e+00 4.365e-22 0.000e+00 0.000e+00 0.000e+00 0.000e+00 0.000e+00 1.229e-21 1.548e-21 3.084e-21
 6.317e-21 0.000e+00 0.000e+00 0.000e+00 0.000e+00 0.000e+00 0.000e+00 0.000e+00 0.000e+00 3.092e-21
 1.754e-21 1.802e-21 1.636e-21 0.000e+00 0.000e+00 0.000e+00 0.000e+00 7.854e-22 0.000e+00 0.000e+00
 1.616e-21 0.000e+00 0.000e+00 0.000e+00 0.000e+00 2.638e-21 0.000e+00 0.000e+00 0.000e+00 0.000e+00
 0.000e+00 1.668e-21 3.363e-21 0.000e+00 1.194e-21 0.000e+00 1.002e-21 0.000e+00 0.000e+00 0.000e+00
 0.000e+00 0.000e+00 4.735e-21 5.601e-21 1.704e-21 0.000e+00 0.000e+00 0.000e+00 0.000e+00 0.000e+00
 0.000e+00 0.000e+00 0.000e+00 0.000e+00 0.000e+00 0.000e+00 3.639e-21 0.000e+00 4.804e-23 0.000e+00
 0.000e+00 6.101e-22 0.000e+00 3.578e-21 8.424e-22 0.000e+00 0.000e+00 1.759e-22 3.516e-21 1.990e-21
 0.000e+00 0.000e+00 4.241e-21 4.998e-21 0.000e+00 0.000e+00 0.000e+00 0.000e+00 5.829e-21 0.000e+00
 0.000e+00 0.000e+00 0.000e+00 0.000e+00 0.000e+00 0.000e+00 0.000e+00 0.000e+00 2.643e-21 1.968e-21
 1.540e-22 2.247e-22 0.000e+00 0.000e+00 0.000e+00 0.000e+00 4.550e-24 2.222e-21 0.000e+00 1.896e-21
 0.000e+00 0.000e+00 0.000e+00 0.000e+00 5.881e-21 0.000e+00 3.230e-21 4.147e-21 0.000e+00 5.512e-21
 1.632e-21 1.055e-21 3.282e-21 0.000e+00 0.000e+00 3.424e-21 1.680e-22 1.219e-21 0.000e+00 0.000e+00
 0.000e+00 0.000e+00 0.000e+00 3.269e-21 0.000e+00 3.301e-21 0.000e+00 0.000e+00 0.000e+00 0.000e+00
 4.440e-21 3.498e-22 6.936e-21 1.896e-21 5.119e-21 2.472e-21 2.315e-21 7.025e-21 0.000e+00 2.422e-22
 0.000e+00 0.000e+00 5.473e-21 3.468e-22 4.562e-21 2.468e-21 0.000e+00 0.000e+00 2.792e-21 3.223e-21
 9.020e-21 5.973e-21 1.456e-21 2.886e-21 1.781e-21 4.508e-21 0.000e+00 0.000e+00 0.000e+00 0.000e+00
 1.513e-21 0.000e+00 2.806e-21 3.850e-21 6.899e-21 7.026e-21 1.649e-21 0.000e+00 3.253e-21 2.913e-21
 2.506e-21 3.888e-21 0.000e+00 2.039e-21 1.321e-21 0.000e+00 6.922e-21 6.967e-21 3.779e-21 3.196e-21
 0.000e+00 0.000e+00 0.000e+00 0.000e+00 6.596e-21 6.212e-21 5.867e-21 1.031e-21 0.000e+00 0.000e+00
 2.648e-21 3.134e-21 2.389e-21 5.629e-21 0.000e+00 6.399e-21 9.143e-22 0.000e+00 5.855e-21 0.000e+00
 7.510e-21 0.000e+00 1.978e-21 2.412e-21 0.000e+00 5.384e-21 0.000e+00 4.078e-21 0.000e+00 1.538e-23
 0.000e+00 0.000e+00 5.868e-21 0.000e+00 1.819e-21 9.539e-22 0.000e+00 3.712e-21 4.279e-21 6.158e-22
 2.595e-21 0.000e+00 0.000e+00 1.852e-21 1.312e-22 6.177e-21 0.000e+00 0.000e+00 1.131e-21 0.000e+00
 5.212e-21 0.000e+00 0.000e+00 0.000e+00 0.000e+00 0.000e+00 0.000e+00 0.000e+00 1.747e-21 1.130e-21
 7.072e-21 6.224e-21 7.396e-22 1.898e-21 0.000e+00 0.000e+00 0.000e+00 0.000e+00 0.000e+00 0.000e+00
 0.000e+00 2.595e-21 2.789e-22 0.000e+00 0.000e+00 0.000e+00 0.000e+00 0.000e+00 0.000e+00 4.203e-21
 2.024e-21 8.849e-21 3.991e-21 2.781e-21 4.813e-21
