 CF3CH2CF3  350.0189 1499.8697      9541     296.0  700.0000 3.443E-18  HITRAN   HFC-236FA    air 90
 0.000E+00 0.000E+00 0.000E+00 0.000E+00 0.000E+00 0.000E+00 0.000E+00 0.000E+00 0.000E+00 0.000E+00
 0.000E+00 0.000E+00 0.000E+00 0.000E+00 0.000E+00 0.000E+00 0.000E+00 0.000E+00 0.000E+00 0.000E+00
 0.000E+00 0.000E+00 0.000E+00 0.000E+00 0.000E+00 0.000E+00 0.000E+00 0.000E+00 0.000E+00 0.000E+00
 0.000E+00 0.000E+00 0.000E+00 0.000E+00 0.000E+00 0.000E+00 0.000E+00 0.000E+00 0.000E+00 0.000E+00
 0.000E+00 0.000E+00 0.000E+00 0.000E+00 0.000E+00 0.000E+00 0.000E+00 0.000E+00 0.000E+00 0.000E+00
 0.000E+00 0.000E+00 0.000E+00 0.000E+00 0.000E+00 0.000E+00 0.000E+00 0.000E+00 0.000E+00 0.000E+00
 0.000E+00 0.000E+00 0.000E+00 0.000E+00 0.000E+00 0.000E+00 0.000E+00 0.000E+00 0.000E+00 0.000E+00
 0.000E+00 0.000E+00 0.000E+00 0.000E+00 0.000E+00 0.000E+00 0.000E+00 0.000E+00 0.000E+00 0.000E+00
 0.000E+00 0.000E+00 0.000E+00 0.000E+00 0.000E+00 0.000E+00 0.000E+00 0.000E+00 0.000E+00 0.000E+00
 0.000E+00 0.000E+00 0.000E+00 0.000E+00 0.000E+00 0.000E+00 0.000E+00 0.000E+00 0.000E+00 0.000E+00
 0.000E+00 0.000E+00 0.000E+00 0.000E+00 0.000E+00 0.000E+00 0.000E+00 0.000E+00 0.000E+00 0.000E+00
 0.000E+00 0.000E+00 0.000E+00 0.000E+00 0.000E+00 0.000E+00 0.000E+00 0.000E+00 0.000E+00 0.000E+00
 0.000E+00 0.000E+00 0.000E+00 0.000E+00 0.000E+00 0.000E+00 0.000E+00 0.000E+00 0.000E+00 0.000E+00
 0.000E+00 0.000E+00 0.000E+00 0.000E+00 0.000E+00 0.000E+00 0.000E+00 0.000E+00 0.000E+00 0.000E+00
 0.000E+00 0.000E+00 0.000E+00 0.000E+00 0.000E+00 0.000E+00 0.000E+00 0.000E+00 0.000E+00 0.000E+00
 0.000E+00 0.000E+00 0.000E+00 0.000E+00 0.000E+00 0.000E+00 0.000E+00 0.000E+00 0.000E+00 0.000E+00
 0.000E+00 0.000E+00 0.000E+00 0.000E+00 0.000E+00 0.000E+00 0.000E+00 0.000E+00 0.000E+00 0.000E+00
 0.000E+00 0.000E+00 0.000E+00 0.000E+00 0.000E+00 0.000E+00 0.000E+00 0.000E+00 0.000E+00 0.000E+00
 0.000E+00 0.000E+00 0.000E+00 0.000E+00 0.000E+00 0.000E+00 0.000E+00 0.000E+00 0.000E+00 0.000E+00
 0.000E+00 0.000E+00 0.000E+00 0.000E+00 0.000E+00 0.000E+00 0.000E+00 0.000E+00 0.000E+00 0.000E+00
 0.000E+00 0.000E+00 0.000E+00 0.000E+00 0.000E+00 0.000E+00 0.000E+00 0.000E+00 0.000E+00 0.000E+00
 0.000E+00 0.000E+00 0.000E+00 0.000E+00 0.000E+00 0.000E+00 0.000E+00 0.000E+00 0.000E+00 0.000E+00
 0.000E+00 0.000E+00 0.000E+00 0.000E+00 0.000E+00 0.000E+00 0.000E+00 0.000E+00 0.000E+00 0.000E+00
 0.000E+00 0.000E+00 0.000E+00 0.000E+00 0.000E+00 0.000E+00 0.000E+00 0.000E+00 0.000E+00 0.000E+00
 0.000E+00 0.000E+00 0.000E+00 0.000E+00 0.000E+00 0.000E+00 0.000E+00 0.000E+00 0.000E+00 0.000E+00
 0.000E+00 0.000E+00 0.000E+00 0.000E+00 0.000E+00 0.000E+00 0.000E+00 0.000E+00 0.000E+00 0.000E+00
 0.000E+00 0.000E+00 0.000E+00 0.000E+00 0.000E+00 0.000E+00 0.000E+00 0.000E+00 0.000E+00 0.000E+00
 0.000E+00 0.000E+00 0.000E+00 0.000E+00 0.000E+00 0.000E+00 0.000E+00 0.000E+00 0.000E+00 0.000E+00
 0.000E+00 0.000E+00 0.000E+00 0.000E+00 0.000E+00 0.000E+00 0.000E+00 0.000E+00 0.000E+00 0.000E+00
 0.000E+00 0.000E+00 0.000E+00 0.000E+00 0.000E+00 0.000E+00 0.000E+00 0.000E+00 0.000E+00 0.000E+00
 0.000E+00 0.000E+00 0.000E+00 0.000E+00 0.000E+00 0.000E+00 0.000E+00 0.000E+00 0.000E+00 0.000E+00
 0.000E+00 0.000E+00 0.000E+00 0.000E+00 0.000E+00 0.000E+00 0.000E+00 0.000E+00 0.000E+00 0.000E+00
 0.000E+00 0.000E+00 0.000E+00 0.000E+00 0.000E+00 0.000E+00 0.000E+00 0.000E+00 0.000E+00 0.000E+00
 0.000E+00 0.000E+00 0.000E+00 0.000E+00 0.000E+00 0.000E+00 0.000E+00 0.000E+00 0.000E+00 0.000E+00
 0.000E+00 0.000E+00 0.000E+00 0.000E+00 0.000E+00 0.000E+00 0.000E+00 0.000E+00 0.000E+00 0.000E+00
 0.000E+00 0.000E+00 0.000E+00 0.000E+00 0.000E+00 0.000E+00 0.000E+00 0.000E+00 0.000E+00 0.000E+00
 0.000E+00 0.000E+00 0.000E+00 0.000E+00 0.000E+00 0.000E+00 0.000E+00 0.000E+00 0.000E+00 0.000E+00
 0.000E+00 0.000E+00 0.000E+00 0.000E+00 0.000E+00 0.000E+00 0.000E+00 0.000E+00 0.000E+00 0.000E+00
 0.000E+00 0.000E+00 0.000E+00 0.000E+00 0.000E+00 0.000E+00 0.000E+00 0.000E+00 0.000E+00 0.000E+00
 0.000E+00 0.000E+00 0.000E+00 0.000E+00 0.000E+00 0.000E+00 0.000E+00 0.000E+00 0.000E+00 0.000E+00
 0.000E+00 0.000E+00 0.000E+00 0.000E+00 0.000E+00 0.000E+00 0.000E+00 0.000E+00 0.000E+00 0.000E+00
 0.000E+00 0.000E+00 0.000E+00 0.000E+00 0.000E+00 0.000E+00 0.000E+00 0.000E+00 0.000E+00 0.000E+00
 0.000E+00 0.000E+00 0.000E+00 0.000E+00 0.000E+00 0.000E+00 0.000E+00 0.000E+00 0.000E+00 0.000E+00
 0.000E+00 0.000E+00 0.000E+00 0.000E+00 0.000E+00 0.000E+00 0.000E+00 0.000E+00 0.000E+00 0.000E+00
 0.000E+00 0.000E+00 0.000E+00 0.000E+00 0.000E+00 0.000E+00 0.000E+00 0.000E+00 0.000E+00 0.000E+00
 0.000E+00 0.000E+00 0.000E+00 0.000E+00 0.000E+00 0.000E+00 0.000E+00 0.000E+00 0.000E+00 0.000E+00
 0.000E+00 0.000E+00 0.000E+00 0.000E+00 0.000E+00 0.000E+00 0.000E+00 0.000E+00 0.000E+00 0.000E+00
 0.000E+00 0.000E+00 0.000E+00 0.000E+00 0.000E+00 0.000E+00 0.000E+00 0.000E+00 0.000E+00 0.000E+00
 0.000E+00 0.000E+00 0.000E+00 0.000E+00 0.000E+00 0.000E+00 0.000E+00 0.000E+00 0.000E+00 0.000E+00
 0.000E+00 0.000E+00 0.000E+00 0.000E+00 0.000E+00 0.000E+00 0.000E+00 0.000E+00 0.000E+00 0.000E+00
 0.000E+00 0.000E+00 0.000E+00 0.000E+00 0.000E+00 0.000E+00 0.000E+00 0.000E+00 0.000E+00 0.000E+00
 0.000E+00 0.000E+00 0.000E+00 0.000E+00 0.000E+00 0.000E+00 0.000E+00 0.000E+00 0.000E+00 0.000E+00
 0.000E+00 0.000E+00 0.000E+00 0.000E+00 0.000E+00 0.000E+00 0.000E+00 0.000E+00 0.000E+00 0.000E+00
 0.000E+00 0.000E+00 0.000E+00 0.000E+00 0.000E+00 0.000E+00 0.000E+00 0.000E+00 0.000E+00 0.000E+00
 0.000E+00 0.000E+00 0.000E+00 0.000E+00 0.000E+00 0.000E+00 0.000E+00 0.000E+00 0.000E+00 0.000E+00
 0.000E+00 0.000E+00 0.000E+00 0.000E+00 0.000E+00 0.000E+00 0.000E+00 0.000E+00 0.000E+00 0.000E+00
 0.000E+00 0.000E+00 0.000E+00 0.000E+00 0.000E+00 0.000E+00 0.000E+00 0.000E+00 0.000E+00 0.000E+00
 0.000E+00 0.000E+00 0.000E+00 0.000E+00 0.000E+00 0.000E+00 0.000E+00 0.000E+00 0.000E+00 0.000E+00
 0.000E+00 0.000E+00 0.000E+00 0.000E+00 0.000E+00 0.000E+00 0.000E+00 0.000E+00 0.000E+00 0.000E+00
 0.000E+00 0.000E+00 0.000E+00 0.000E+00 0.000E+00 0.000E+00 0.000E+00 0.000E+00 0.000E+00 0.000E+00
 0.000E+00 0.000E+00 0.000E+00 0.000E+00 0.000E+00 0.000E+00 0.000E+00 0.000E+00 0.000E+00 0.000E+00
 0.000E+00 0.000E+00 0.000E+00 0.000E+00 0.000E+00 0.000E+00 0.000E+00 0.000E+00 0.000E+00 0.000E+00
 0.000E+00 0.000E+00 0.000E+00 0.000E+00 0.000E+00 0.000E+00 0.000E+00 0.000E+00 0.000E+00 0.000E+00
 0.000E+00 0.000E+00 0.000E+00 0.000E+00 0.000E+00 0.000E+00 0.000E+00 0.000E+00 0.000E+00 0.000E+00
 0.000E+00 0.000E+00 0.000E+00 0.000E+00 0.000E+00 0.000E+00 0.000E+00 0.000E+00 0.000E+00 0.000E+00
 0.000E+00 0.000E+00 0.000E+00 0.000E+00 0.000E+00 0.000E+00 0.000E+00 0.000E+00 0.000E+00 0.000E+00
 0.000E+00 0.000E+00 0.000E+00 0.000E+00 0.000E+00 0.000E+00 0.000E+00 0.000E+00 0.000E+00 0.000E+00
 0.000E+00 0.000E+00 0.000E+00 0.000E+00 0.000E+00 0.000E+00 0.000E+00 0.000E+00 0.000E+00 0.000E+00
 0.000E+00 0.000E+00 0.000E+00 0.000E+00 0.000E+00 0.000E+00 0.000E+00 0.000E+00 0.000E+00 0.000E+00
 0.000E+00 0.000E+00 0.000E+00 0.000E+00 0.000E+00 0.000E+00 0.000E+00 0.000E+00 0.000E+00 0.000E+00
 0.000E+00 0.000E+00 0.000E+00 0.000E+00 0.000E+00 0.000E+00 0.000E+00 0.000E+00 0.000E+00 0.000E+00
 0.000E+00 0.000E+00 0.000E+00 0.000E+00 0.000E+00 0.000E+00 0.000E+00 0.000E+00 0.000E+00 0.000E+00
 0.000E+00 0.000E+00 0.000E+00 0.000E+00 0.000E+00 0.000E+00 0.000E+00 0.000E+00 0.000E+00 0.000E+00
 0.000E+00 0.000E+00 0.000E+00 0.000E+00 0.000E+00 0.000E+00 0.000E+00 0.000E+00 0.000E+00 0.000E+00
 0.000E+00 0.000E+00 0.000E+00 0.000E+00 0.000E+00 0.000E+00 0.000E+00 0.000E+00 0.000E+00 0.000E+00
 0.000E+00 0.000E+00 0.000E+00 0.000E+00 0.000E+00 0.000E+00 0.000E+00 0.000E+00 0.000E+00 0.000E+00
 0.000E+00 0.000E+00 0.000E+00 0.000E+00 0.000E+00 0.000E+00 0.000E+00 0.000E+00 0.000E+00 0.000E+00
 0.000E+00 0.000E+00 0.000E+00 0.000E+00 0.000E+00 0.000E+00 0.000E+00 0.000E+00 0.000E+00 0.000E+00
 0.000E+00 0.000E+00 0.000E+00 0.000E+00 0.000E+00 0.000E+00 0.000E+00 0.000E+00 0.000E+00 0.000E+00
 0.000E+00 0.000E+00 0.000E+00 0.000E+00 0.000E+00 0.000E+00 0.000E+00 0.000E+00 0.000E+00 0.000E+00
 0.000E+00 0.000E+00 0.000E+00 0.000E+00 0.000E+00 0.000E+00 0.000E+00 0.000E+00 0.000E+00 0.000E+00
 0.000E+00 0.000E+00 0.000E+00 0.000E+00 0.000E+00 0.000E+00 0.000E+00 0.000E+00 0.000E+00 0.000E+00
 0.000E+00 0.000E+00 0.000E+00 0.000E+00 0.000E+00 0.000E+00 0.000E+00 0.000E+00 0.000E+00 0.000E+00
 0.000E+00 0.000E+00 0.000E+00 0.000E+00 0.000E+00 0.000E+00 0.000E+00 0.000E+00 0.000E+00 0.000E+00
 0.000E+00 0.000E+00 0.000E+00 0.000E+00 0.000E+00 0.000E+00 0.000E+00 0.000E+00 0.000E+00 0.000E+00
 0.000E+00 0.000E+00 0.000E+00 0.000E+00 0.000E+00 0.000E+00 0.000E+00 0.000E+00 0.000E+00 0.000E+00
 0.000E+00 0.000E+00 0.000E+00 0.000E+00 0.000E+00 0.000E+00 0.000E+00 0.000E+00 0.000E+00 0.000E+00
 0.000E+00 0.000E+00 0.000E+00 0.000E+00 0.000E+00 0.000E+00 0.000E+00 0.000E+00 0.000E+00 0.000E+00
 0.000E+00 0.000E+00 0.000E+00 0.000E+00 0.000E+00 0.000E+00 0.000E+00 0.000E+00 0.000E+00 0.000E+00
 0.000E+00 0.000E+00 0.000E+00 0.000E+00 0.000E+00 0.000E+00 0.000E+00 0.000E+00 0.000E+00 0.000E+00
 0.000E+00 0.000E+00 0.000E+00 0.000E+00 0.000E+00 0.000E+00 0.000E+00 0.000E+00 0.000E+00 0.000E+00
 0.000E+00 0.000E+00 0.000E+00 0.000E+00 0.000E+00 0.000E+00 0.000E+00 0.000E+00 0.000E+00 0.000E+00
 0.000E+00 0.000E+00 0.000E+00 0.000E+00 0.000E+00 0.000E+00 0.000E+00 0.000E+00 0.000E+00 0.000E+00
 0.000E+00 0.000E+00 0.000E+00 0.000E+00 0.000E+00 0.000E+00 0.000E+00 0.000E+00 0.000E+00 0.000E+00
 0.000E+00 0.000E+00 0.000E+00 0.000E+00 0.000E+00 0.000E+00 0.000E+00 0.000E+00 0.000E+00 0.000E+00
 0.000E+00 0.000E+00 0.000E+00 0.000E+00 0.000E+00 0.000E+00 0.000E+00 0.000E+00 0.000E+00 0.000E+00
 0.000E+00 0.000E+00 0.000E+00 0.000E+00 0.000E+00 0.000E+00 0.000E+00 0.000E+00 0.000E+00 0.000E+00
 0.000E+00 0.000E+00 0.000E+00 0.000E+00 0.000E+00 0.000E+00 0.000E+00 0.000E+00 0.000E+00 0.000E+00
 0.000E+00 0.000E+00 0.000E+00 0.000E+00 0.000E+00 0.000E+00 0.000E+00 0.000E+00 0.000E+00 0.000E+00
 0.000E+00 0.000E+00 0.000E+00 0.000E+00 0.000E+00 0.000E+00 0.000E+00 0.000E+00 0.000E+00 0.000E+00
 0.000E+00 0.000E+00 0.000E+00 0.000E+00 0.000E+00 0.000E+00 0.000E+00 0.000E+00 0.000E+00 0.000E+00
 0.000E+00 0.000E+00 0.000E+00 0.000E+00 0.000E+00 0.000E+00 0.000E+00 0.000E+00 0.000E+00 0.000E+00
 0.000E+00 0.000E+00 0.000E+00 0.000E+00 0.000E+00 0.000E+00 0.000E+00 0.000E+00 0.000E+00 0.000E+00
 0.000E+00 0.000E+00 0.000E+00 0.000E+00 0.000E+00 0.000E+00 0.000E+00 0.000E+00 0.000E+00 0.000E+00
 0.000E+00 0.000E+00 0.000E+00 0.000E+00 0.000E+00 0.000E+00 0.000E+00 0.000E+00 0.000E+00 0.000E+00
 0.000E+00 0.000E+00 0.000E+00 0.000E+00 0.000E+00 0.000E+00 0.000E+00 0.000E+00 0.000E+00 0.000E+00
 0.000E+00 0.000E+00 0.000E+00 0.000E+00 0.000E+00 0.000E+00 0.000E+00 0.000E+00 0.000E+00 0.000E+00
 0.000E+00 0.000E+00 0.000E+00 0.000E+00 0.000E+00 0.000E+00 0.000E+00 0.000E+00 0.000E+00 0.000E+00
 0.000E+00 0.000E+00 0.000E+00 0.000E+00 0.000E+00 0.000E+00 0.000E+00 0.000E+00 0.000E+00 0.000E+00
 0.000E+00 0.000E+00 0.000E+00 0.000E+00 0.000E+00 0.000E+00 0.000E+00 0.000E+00 0.000E+00 0.000E+00
 0.000E+00 0.000E+00 0.000E+00 0.000E+00 0.000E+00 0.000E+00 0.000E+00 0.000E+00 0.000E+00 0.000E+00
 0.000E+00 0.000E+00 0.000E+00 0.000E+00 0.000E+00 0.000E+00 0.000E+00 0.000E+00 0.000E+00 0.000E+00
 0.000E+00 0.000E+00 0.000E+00 0.000E+00 0.000E+00 0.000E+00 0.000E+00 0.000E+00 0.000E+00 0.000E+00
 0.000E+00 0.000E+00 0.000E+00 0.000E+00 0.000E+00 0.000E+00 0.000E+00 0.000E+00 0.000E+00 0.000E+00
 0.000E+00 0.000E+00 0.000E+00 0.000E+00 0.000E+00 0.000E+00 0.000E+00 0.000E+00 0.000E+00 0.000E+00
 0.000E+00 0.000E+00 0.000E+00 0.000E+00 0.000E+00 0.000E+00 0.000E+00 0.000E+00 0.000E+00 0.000E+00
 0.000E+00 0.000E+00 0.000E+00 0.000E+00 0.000E+00 0.000E+00 0.000E+00 0.000E+00 0.000E+00 0.000E+00
 0.000E+00 0.000E+00 0.000E+00 0.000E+00 0.000E+00 0.000E+00 0.000E+00 0.000E+00 0.000E+00 0.000E+00
 0.000E+00 0.000E+00 0.000E+00 0.000E+00 0.000E+00 0.000E+00 0.000E+00 0.000E+00 0.000E+00 0.000E+00
 0.000E+00 0.000E+00 0.000E+00 0.000E+00 0.000E+00 0.000E+00 0.000E+00 0.000E+00 0.000E+00 0.000E+00
 0.000E+00 0.000E+00 0.000E+00 0.000E+00 0.000E+00 0.000E+00 0.000E+00 0.000E+00 0.000E+00 0.000E+00
 0.000E+00 0.000E+00 0.000E+00 0.000E+00 0.000E+00 0.000E+00 0.000E+00 0.000E+00 0.000E+00 0.000E+00
 0.000E+00 0.000E+00 0.000E+00 0.000E+00 0.000E+00 0.000E+00 0.000E+00 0.000E+00 0.000E+00 0.000E+00
 0.000E+00 0.000E+00 0.000E+00 0.000E+00 0.000E+00 0.000E+00 0.000E+00 0.000E+00 0.000E+00 0.000E+00
 0.000E+00 0.000E+00 0.000E+00 0.000E+00 0.000E+00 0.000E+00 0.000E+00 0.000E+00 0.000E+00 0.000E+00
 0.000E+00 0.000E+00 0.000E+00 0.000E+00 0.000E+00 0.000E+00 0.000E+00 0.000E+00 0.000E+00 0.000E+00
 0.000E+00 0.000E+00 0.000E+00 0.000E+00 0.000E+00 0.000E+00 0.000E+00 0.000E+00 0.000E+00 0.000E+00
 0.000E+00 0.000E+00 0.000E+00 0.000E+00 0.000E+00 0.000E+00 0.000E+00 0.000E+00 0.000E+00 0.000E+00
 0.000E+00 0.000E+00 0.000E+00 0.000E+00 0.000E+00 0.000E+00 0.000E+00 0.000E+00 0.000E+00 0.000E+00
 0.000E+00 0.000E+00 0.000E+00 0.000E+00 0.000E+00 0.000E+00 0.000E+00 0.000E+00 0.000E+00 0.000E+00
 0.000E+00 0.000E+00 0.000E+00 0.000E+00 0.000E+00 0.000E+00 0.000E+00 0.000E+00 0.000E+00 0.000E+00
 0.000E+00 0.000E+00 0.000E+00 0.000E+00 0.000E+00 0.000E+00 0.000E+00 0.000E+00 0.000E+00 0.000E+00
 0.000E+00 0.000E+00 0.000E+00 0.000E+00 0.000E+00 0.000E+00 0.000E+00 0.000E+00 0.000E+00 0.000E+00
 0.000E+00 0.000E+00 0.000E+00 0.000E+00 0.000E+00 0.000E+00 0.000E+00 0.000E+00 0.000E+00 0.000E+00
 0.000E+00 0.000E+00 0.000E+00 0.000E+00 0.000E+00 0.000E+00 0.000E+00 0.000E+00 0.000E+00 0.000E+00
 0.000E+00 0.000E+00 0.000E+00 0.000E+00 0.000E+00 0.000E+00 0.000E+00 0.000E+00 0.000E+00 0.000E+00
 0.000E+00 0.000E+00 0.000E+00 0.000E+00 0.000E+00 0.000E+00 0.000E+00 0.000E+00 0.000E+00 0.000E+00
 0.000E+00 0.000E+00 0.000E+00 0.000E+00 0.000E+00 0.000E+00 0.000E+00 0.000E+00 0.000E+00 0.000E+00
 0.000E+00 0.000E+00 0.000E+00 0.000E+00 0.000E+00 0.000E+00 0.000E+00 0.000E+00 0.000E+00 0.000E+00
 0.000E+00 0.000E+00 0.000E+00 0.000E+00 0.000E+00 0.000E+00 0.000E+00 0.000E+00 0.000E+00 0.000E+00
 0.000E+00 0.000E+00 0.000E+00 0.000E+00 0.000E+00 0.000E+00 0.000E+00 0.000E+00 0.000E+00 0.000E+00
 0.000E+00 0.000E+00 0.000E+00 0.000E+00 0.000E+00 0.000E+00 0.000E+00 0.000E+00 0.000E+00 0.000E+00
 0.000E+00 0.000E+00 0.000E+00 0.000E+00 0.000E+00 0.000E+00 0.000E+00 0.000E+00 0.000E+00 0.000E+00
 0.000E+00 0.000E+00 0.000E+00 0.000E+00 0.000E+00 0.000E+00 0.000E+00 0.000E+00 0.000E+00 0.000E+00
 0.000E+00 0.000E+00 0.000E+00 0.000E+00 0.000E+00 0.000E+00 0.000E+00 0.000E+00 0.000E+00 0.000E+00
 0.000E+00 0.000E+00 0.000E+00 0.000E+00 0.000E+00 0.000E+00 0.000E+00 0.000E+00 0.000E+00 0.000E+00
 0.000E+00 0.000E+00 0.000E+00 0.000E+00 0.000E+00 0.000E+00 0.000E+00 0.000E+00 0.000E+00 0.000E+00
 0.000E+00 0.000E+00 0.000E+00 0.000E+00 0.000E+00 0.000E+00 0.000E+00 0.000E+00 0.000E+00 0.000E+00
 0.000E+00 0.000E+00 0.000E+00 0.000E+00 0.000E+00 0.000E+00 0.000E+00 0.000E+00 0.000E+00 0.000E+00
 0.000E+00 0.000E+00 0.000E+00 0.000E+00 0.000E+00 0.000E+00 0.000E+00 0.000E+00 0.000E+00 0.000E+00
 0.000E+00 0.000E+00 0.000E+00 0.000E+00 0.000E+00 0.000E+00 0.000E+00 0.000E+00 0.000E+00 0.000E+00
 0.000E+00 0.000E+00 0.000E+00 0.000E+00 0.000E+00 0.000E+00 0.000E+00 0.000E+00 0.000E+00 0.000E+00
 0.000E+00 0.000E+00 0.000E+00 0.000E+00 0.000E+00 0.000E+00 0.000E+00 0.000E+00 0.000E+00 0.000E+00
 0.000E+00 0.000E+00 0.000E+00 0.000E+00 0.000E+00 0.000E+00 0.000E+00 0.000E+00 0.000E+00 0.000E+00
 0.000E+00 0.000E+00 0.000E+00 0.000E+00 0.000E+00 0.000E+00 0.000E+00 0.000E+00 0.000E+00 0.000E+00
 0.000E+00 0.000E+00 0.000E+00 0.000E+00 0.000E+00 0.000E+00 0.000E+00 0.000E+00 0.000E+00 0.000E+00
 0.000E+00 0.000E+00 0.000E+00 0.000E+00 0.000E+00 0.000E+00 0.000E+00 0.000E+00 0.000E+00 0.000E+00
 0.000E+00 0.000E+00 0.000E+00 0.000E+00 0.000E+00 0.000E+00 0.000E+00 0.000E+00 0.000E+00 0.000E+00
 0.000E+00 0.000E+00 0.000E+00 0.000E+00 0.000E+00 0.000E+00 0.000E+00 0.000E+00 0.000E+00 0.000E+00
 0.000E+00 0.000E+00 0.000E+00 0.000E+00 0.000E+00 0.000E+00 0.000E+00 0.000E+00 0.000E+00 0.000E+00
 0.000E+00 0.000E+00 0.000E+00 0.000E+00 0.000E+00 0.000E+00 0.000E+00 0.000E+00 0.000E+00 0.000E+00
 0.000E+00 0.000E+00 0.000E+00 0.000E+00 0.000E+00 0.000E+00 0.000E+00 0.000E+00 0.000E+00 0.000E+00
 0.000E+00 0.000E+00 0.000E+00 0.000E+00 0.000E+00 0.000E+00 0.000E+00 0.000E+00 0.000E+00 0.000E+00
 0.000E+00 0.000E+00 0.000E+00 0.000E+00 0.000E+00 0.000E+00 0.000E+00 0.000E+00 0.000E+00 0.000E+00
 0.000E+00 0.000E+00 0.000E+00 0.000E+00 0.000E+00 0.000E+00 0.000E+00 0.000E+00 0.000E+00 0.000E+00
 0.000E+00 0.000E+00 0.000E+00 0.000E+00 0.000E+00 0.000E+00 0.000E+00 0.000E+00 0.000E+00 0.000E+00
 0.000E+00 0.000E+00 0.000E+00 0.000E+00 0.000E+00 0.000E+00 0.000E+00 0.000E+00 0.000E+00 0.000E+00
 0.000E+00 0.000E+00 0.000E+00 0.000E+00 0.000E+00 0.000E+00 0.000E+00 0.000E+00 0.000E+00 0.000E+00
 0.000E+00 0.000E+00 0.000E+00 0.000E+00 0.000E+00 0.000E+00 0.000E+00 0.000E+00 0.000E+00 0.000E+00
 0.000E+00 0.000E+00 0.000E+00 0.000E+00 0.000E+00 0.000E+00 0.000E+00 0.000E+00 0.000E+00 0.000E+00
 0.000E+00 0.000E+00 0.000E+00 0.000E+00 0.000E+00 0.000E+00 0.000E+00 0.000E+00 0.000E+00 0.000E+00
 0.000E+00 0.000E+00 0.000E+00 0.000E+00 0.000E+00 0.000E+00 0.000E+00 0.000E+00 0.000E+00 0.000E+00
 0.000E+00 0.000E+00 0.000E+00 0.000E+00 0.000E+00 0.000E+00 0.000E+00 0.000E+00 0.000E+00 0.000E+00
 0.000E+00 0.000E+00 0.000E+00 0.000E+00 0.000E+00 0.000E+00 0.000E+00 0.000E+00 0.000E+00 0.000E+00
 0.000E+00 0.000E+00 0.000E+00 0.000E+00 0.000E+00 0.000E+00 0.000E+00 0.000E+00 0.000E+00 0.000E+00
 0.000E+00 0.000E+00 0.000E+00 0.000E+00 0.000E+00 0.000E+00 0.000E+00 0.000E+00 0.000E+00 0.000E+00
 0.000E+00 0.000E+00 0.000E+00 0.000E+00 0.000E+00 0.000E+00 0.000E+00 0.000E+00 0.000E+00 0.000E+00
 0.000E+00 0.000E+00 0.000E+00 0.000E+00 0.000E+00 0.000E+00 0.000E+00 0.000E+00 0.000E+00 0.000E+00
 0.000E+00 0.000E+00 0.000E+00 0.000E+00 0.000E+00 0.000E+00 0.000E+00 0.000E+00 0.000E+00 0.000E+00
 0.000E+00 0.000E+00 0.000E+00 0.000E+00 0.000E+00 0.000E+00 0.000E+00 0.000E+00 0.000E+00 0.000E+00
 0.000E+00 0.000E+00 0.000E+00 0.000E+00 0.000E+00 0.000E+00 0.000E+00 0.000E+00 0.000E+00 0.000E+00
 0.000E+00 0.000E+00 0.000E+00 0.000E+00 0.000E+00 0.000E+00 0.000E+00 0.000E+00 0.000E+00 0.000E+00
 0.000E+00 0.000E+00 0.000E+00 0.000E+00 0.000E+00 0.000E+00 0.000E+00 0.000E+00 0.000E+00 0.000E+00
 0.000E+00 0.000E+00 0.000E+00 0.000E+00 0.000E+00 0.000E+00 0.000E+00 0.000E+00 0.000E+00 0.000E+00
 0.000E+00 0.000E+00 0.000E+00 0.000E+00 0.000E+00 0.000E+00 0.000E+00 0.000E+00 0.000E+00 0.000E+00
 0.000E+00 0.000E+00 0.000E+00 0.000E+00 0.000E+00 0.000E+00 0.000E+00 0.000E+00 0.000E+00 0.000E+00
 0.000E+00 0.000E+00 0.000E+00 0.000E+00 0.000E+00 0.000E+00 0.000E+00 0.000E+00 0.000E+00 0.000E+00
 0.000E+00 0.000E+00 0.000E+00 0.000E+00 0.000E+00 0.000E+00 0.000E+00 0.000E+00 0.000E+00 0.000E+00
 0.000E+00 0.000E+00 0.000E+00 0.000E+00 0.000E+00 0.000E+00 0.000E+00 0.000E+00 0.000E+00 0.000E+00
 0.000E+00 0.000E+00 0.000E+00 0.000E+00 0.000E+00 0.000E+00 0.000E+00 0.000E+00 0.000E+00 0.000E+00
 0.000E+00 0.000E+00 0.000E+00 0.000E+00 0.000E+00 0.000E+00 0.000E+00 0.000E+00 0.000E+00 0.000E+00
 0.000E+00 0.000E+00 0.000E+00 0.000E+00 0.000E+00 0.000E+00 0.000E+00 0.000E+00 0.000E+00 0.000E+00
 0.000E+00 0.000E+00 0.000E+00 0.000E+00 0.000E+00 0.000E+00 0.000E+00 0.000E+00 0.000E+00 0.000E+00
 0.000E+00 0.000E+00 0.000E+00 0.000E+00 0.000E+00 0.000E+00 0.000E+00 0.000E+00 0.000E+00 0.000E+00
 0.000E+00 0.000E+00 0.000E+00 0.000E+00 0.000E+00 0.000E+00 0.000E+00 0.000E+00 0.000E+00 0.000E+00
 0.000E+00 0.000E+00 0.000E+00 0.000E+00 0.000E+00 0.000E+00 0.000E+00 0.000E+00 0.000E+00 0.000E+00
 0.000E+00 0.000E+00 0.000E+00 0.000E+00 0.000E+00 0.000E+00 0.000E+00 0.000E+00 0.000E+00 0.000E+00
 0.000E+00 0.000E+00 0.000E+00 0.000E+00 0.000E+00 0.000E+00 0.000E+00 0.000E+00 0.000E+00 0.000E+00
 0.000E+00 0.000E+00 0.000E+00 0.000E+00 0.000E+00 0.000E+00 0.000E+00 0.000E+00 0.000E+00 0.000E+00
 0.000E+00 0.000E+00 0.000E+00 0.000E+00 0.000E+00 0.000E+00 0.000E+00 0.000E+00 0.000E+00 0.000E+00
 0.000E+00 0.000E+00 0.000E+00 0.000E+00 0.000E+00 0.000E+00 0.000E+00 0.000E+00 0.000E+00 0.000E+00
 0.000E+00 0.000E+00 0.000E+00 0.000E+00 0.000E+00 0.000E+00 0.000E+00 0.000E+00 0.000E+00 0.000E+00
 0.000E+00 0.000E+00 0.000E+00 0.000E+00 0.000E+00 0.000E+00 0.000E+00 0.000E+00 0.000E+00 0.000E+00
 0.000E+00 0.000E+00 0.000E+00 0.000E+00 0.000E+00 0.000E+00 0.000E+00 0.000E+00 0.000E+00 0.000E+00
 0.000E+00 0.000E+00 0.000E+00 0.000E+00 0.000E+00 0.000E+00 0.000E+00 0.000E+00 0.000E+00 0.000E+00
 0.000E+00 0.000E+00 0.000E+00 0.000E+00 0.000E+00 0.000E+00 0.000E+00 0.000E+00 0.000E+00 0.000E+00
 0.000E+00 0.000E+00 0.000E+00 0.000E+00 0.000E+00 0.000E+00 0.000E+00 0.000E+00 0.000E+00 0.000E+00
 0.000E+00 0.000E+00 0.000E+00 0.000E+00 0.000E+00 0.000E+00 0.000E+00 0.000E+00 0.000E+00 0.000E+00
 0.000E+00 0.000E+00 0.000E+00 0.000E+00 0.000E+00 0.000E+00 0.000E+00 0.000E+00 0.000E+00 0.000E+00
 0.000E+00 0.000E+00 0.000E+00 0.000E+00 0.000E+00 0.000E+00 0.000E+00 0.000E+00 0.000E+00 0.000E+00
 0.000E+00 0.000E+00 0.000E+00 0.000E+00 0.000E+00 0.000E+00 0.000E+00 0.000E+00 0.000E+00 0.000E+00
 0.000E+00 0.000E+00 0.000E+00 0.000E+00 0.000E+00 0.000E+00 0.000E+00 0.000E+00 0.000E+00 0.000E+00
 0.000E+00 0.000E+00 0.000E+00 0.000E+00 0.000E+00 0.000E+00 0.000E+00 0.000E+00 0.000E+00 0.000E+00
 0.000E+00 0.000E+00 0.000E+00 0.000E+00 0.000E+00 0.000E+00 0.000E+00 0.000E+00 0.000E+00 0.000E+00
 0.000E+00 0.000E+00 0.000E+00 0.000E+00 0.000E+00 0.000E+00 0.000E+00 0.000E+00 0.000E+00 0.000E+00
 0.000E+00 0.000E+00 0.000E+00 0.000E+00 0.000E+00 0.000E+00 0.000E+00 0.000E+00 0.000E+00 0.000E+00
 0.000E+00 0.000E+00 0.000E+00 0.000E+00 0.000E+00 0.000E+00 0.000E+00 0.000E+00 0.000E+00 0.000E+00
 0.000E+00 0.000E+00 0.000E+00 0.000E+00 0.000E+00 0.000E+00 0.000E+00 0.000E+00 0.000E+00 0.000E+00
 0.000E+00 0.000E+00 0.000E+00 0.000E+00 0.000E+00 0.000E+00 0.000E+00 0.000E+00 0.000E+00 0.000E+00
 0.000E+00 0.000E+00 0.000E+00 0.000E+00 0.000E+00 0.000E+00 0.000E+00 0.000E+00 0.000E+00 0.000E+00
 0.000E+00 0.000E+00 0.000E+00 0.000E+00 0.000E+00 0.000E+00 0.000E+00 0.000E+00 0.000E+00 0.000E+00
 0.000E+00 0.000E+00 0.000E+00 0.000E+00 0.000E+00 0.000E+00 0.000E+00 0.000E+00 0.000E+00 0.000E+00
 0.000E+00 0.000E+00 0.000E+00 0.000E+00 0.000E+00 0.000E+00 0.000E+00 0.000E+00 0.000E+00 0.000E+00
 0.000E+00 0.000E+00 0.000E+00 0.000E+00 0.000E+00 0.000E+00 0.000E+00 0.000E+00 0.000E+00 0.000E+00
 0.000E+00 0.000E+00 0.000E+00 0.000E+00 0.000E+00 0.000E+00 0.000E+00 0.000E+00 0.000E+00 0.000E+00
 0.000E+00 0.000E+00 0.000E+00 0.000E+00 0.000E+00 0.000E+00 0.000E+00 0.000E+00 0.000E+00 0.000E+00
 0.000E+00 0.000E+00 0.000E+00 0.000E+00 0.000E+00 0.000E+00 0.000E+00 0.000E+00 0.000E+00 0.000E+00
 0.000E+00 0.000E+00 0.000E+00 0.000E+00 0.000E+00 0.000E+00 0.000E+00 0.000E+00 0.000E+00 0.000E+00
 0.000E+00 0.000E+00 0.000E+00 0.000E+00 0.000E+00 0.000E+00 0.000E+00 0.000E+00 0.000E+00 0.000E+00
 0.000E+00 0.000E+00 0.000E+00 0.000E+00 0.000E+00 0.000E+00 0.000E+00 0.000E+00 0.000E+00 0.000E+00
 0.000E+00 0.000E+00 0.000E+00 0.000E+00 0.000E+00 0.000E+00 0.000E+00 0.000E+00 0.000E+00 0.000E+00
 0.000E+00 0.000E+00 0.000E+00 0.000E+00 0.000E+00 0.000E+00 0.000E+00 0.000E+00 0.000E+00 0.000E+00
 0.000E+00 0.000E+00 0.000E+00 0.000E+00 0.000E+00 0.000E+00 0.000E+00 0.000E+00 0.000E+00 0.000E+00
 0.000E+00 0.000E+00 0.000E+00 0.000E+00 0.000E+00 0.000E+00 0.000E+00 0.000E+00 0.000E+00 0.000E+00
 0.000E+00 0.000E+00 0.000E+00 0.000E+00 0.000E+00 0.000E+00 0.000E+00 0.000E+00 0.000E+00 0.000E+00
 0.000E+00 0.000E+00 0.000E+00 0.000E+00 0.000E+00 0.000E+00 0.000E+00 0.000E+00 0.000E+00 0.000E+00
 0.000E+00 0.000E+00 0.000E+00 0.000E+00 0.000E+00 0.000E+00 0.000E+00 0.000E+00 0.000E+00 0.000E+00
 0.000E+00 0.000E+00 0.000E+00 0.000E+00 0.000E+00 0.000E+00 0.000E+00 0.000E+00 0.000E+00 0.000E+00
 0.000E+00 0.000E+00 0.000E+00 0.000E+00 0.000E+00 0.000E+00 0.000E+00 0.000E+00 0.000E+00 0.000E+00
 0.000E+00 0.000E+00 0.000E+00 0.000E+00 0.000E+00 0.000E+00 0.000E+00 0.000E+00 0.000E+00 0.000E+00
 0.000E+00 0.000E+00 0.000E+00 0.000E+00 0.000E+00 0.000E+00 0.000E+00 0.000E+00 0.000E+00 0.000E+00
 0.000E+00 0.000E+00 0.000E+00 0.000E+00 0.000E+00 0.000E+00 0.000E+00 0.000E+00 0.000E+00 0.000E+00
 0.000E+00 0.000E+00 0.000E+00 0.000E+00 0.000E+00 0.000E+00 0.000E+00 0.000E+00 0.000E+00 0.000E+00
 0.000E+00 0.000E+00 0.000E+00 0.000E+00 0.000E+00 0.000E+00 0.000E+00 0.000E+00 0.000E+00 0.000E+00
 0.000E+00 0.000E+00 0.000E+00 0.000E+00 0.000E+00 0.000E+00 0.000E+00 0.000E+00 0.000E+00 0.000E+00
 0.000E+00 0.000E+00 0.000E+00 0.000E+00 0.000E+00 0.000E+00 0.000E+00 0.000E+00 0.000E+00 0.000E+00
 0.000E+00 0.000E+00 0.000E+00 0.000E+00 0.000E+00 0.000E+00 0.000E+00 0.000E+00 0.000E+00 0.000E+00
 0.000E+00 0.000E+00 0.000E+00 0.000E+00 0.000E+00 0.000E+00 0.000E+00 0.000E+00 0.000E+00 0.000E+00
 0.000E+00 0.000E+00 0.000E+00 0.000E+00 0.000E+00 0.000E+00 0.000E+00 0.000E+00 0.000E+00 0.000E+00
 0.000E+00 0.000E+00 0.000E+00 0.000E+00 0.000E+00 0.000E+00 0.000E+00 0.000E+00 0.000E+00 0.000E+00
 0.000E+00 0.000E+00 0.000E+00 0.000E+00 0.000E+00 0.000E+00 0.000E+00 0.000E+00 0.000E+00 0.000E+00
 0.000E+00 0.000E+00 0.000E+00 0.000E+00 0.000E+00 0.000E+00 0.000E+00 0.000E+00 0.000E+00 0.000E+00
 0.000E+00 0.000E+00 0.000E+00 0.000E+00 0.000E+00 0.000E+00 0.000E+00 0.000E+00 0.000E+00 0.000E+00
 0.000E+00 0.000E+00 0.000E+00 0.000E+00 0.000E+00 0.000E+00 0.000E+00 0.000E+00 0.000E+00 0.000E+00
 0.000E+00 0.000E+00 0.000E+00 0.000E+00 0.000E+00 0.000E+00 0.000E+00 0.000E+00 0.000E+00 0.000E+00
 0.000E+00 0.000E+00 0.000E+00 0.000E+00 0.000E+00 0.000E+00 0.000E+00 0.000E+00 0.000E+00 0.000E+00
 0.000E+00 0.000E+00 0.000E+00 0.000E+00 0.000E+00 0.000E+00 0.000E+00 0.000E+00 0.000E+00 0.000E+00
 0.000E+00 0.000E+00 0.000E+00 0.000E+00 0.000E+00 0.000E+00 0.000E+00 0.000E+00 0.000E+00 0.000E+00
 0.000E+00 0.000E+00 0.000E+00 0.000E+00 0.000E+00 0.000E+00 0.000E+00 0.000E+00 0.000E+00 0.000E+00
 0.000E+00 0.000E+00 0.000E+00 0.000E+00 0.000E+00 0.000E+00 0.000E+00 0.000E+00 0.000E+00 0.000E+00
 0.000E+00 0.000E+00 0.000E+00 0.000E+00 0.000E+00 0.000E+00 0.000E+00 0.000E+00 0.000E+00 0.000E+00
 0.000E+00 0.000E+00 0.000E+00 0.000E+00 0.000E+00 0.000E+00 0.000E+00 0.000E+00 0.000E+00 0.000E+00
 0.000E+00 0.000E+00 0.000E+00 0.000E+00 0.000E+00 0.000E+00 0.000E+00 0.000E+00 0.000E+00 0.000E+00
 0.000E+00 0.000E+00 0.000E+00 0.000E+00 0.000E+00 0.000E+00 0.000E+00 0.000E+00 0.000E+00 0.000E+00
 0.000E+00 0.000E+00 0.000E+00 0.000E+00 0.000E+00 0.000E+00 0.000E+00 0.000E+00 0.000E+00 0.000E+00
 0.000E+00 0.000E+00 0.000E+00 0.000E+00 0.000E+00 0.000E+00 0.000E+00 0.000E+00 0.000E+00 0.000E+00
 0.000E+00 0.000E+00 0.000E+00 0.000E+00 0.000E+00 0.000E+00 0.000E+00 0.000E+00 0.000E+00 0.000E+00
 0.000E+00 0.000E+00 0.000E+00 0.000E+00 0.000E+00 0.000E+00 0.000E+00 0.000E+00 0.000E+00 0.000E+00
 0.000E+00 0.000E+00 0.000E+00 0.000E+00 0.000E+00 0.000E+00 0.000E+00 0.000E+00 0.000E+00 0.000E+00
 0.000E+00 0.000E+00 0.000E+00 0.000E+00 0.000E+00 0.000E+00 0.000E+00 0.000E+00 0.000E+00 0.000E+00
 0.000E+00 0.000E+00 0.000E+00 0.000E+00 0.000E+00 0.000E+00 0.000E+00 0.000E+00 0.000E+00 0.000E+00
 0.000E+00 0.000E+00 0.000E+00 0.000E+00 0.000E+00 0.000E+00 0.000E+00 0.000E+00 0.000E+00 0.000E+00
 0.000E+00 0.000E+00 0.000E+00 0.000E+00 0.000E+00 0.000E+00 0.000E+00 0.000E+00 0.000E+00 0.000E+00
 0.000E+00 0.000E+00 0.000E+00 0.000E+00 0.000E+00 0.000E+00 0.000E+00 0.000E+00 0.000E+00 0.000E+00
 0.000E+00 0.000E+00 0.000E+00 0.000E+00 0.000E+00 0.000E+00 0.000E+00 0.000E+00 0.000E+00 0.000E+00
 0.000E+00 0.000E+00 0.000E+00 0.000E+00 0.000E+00 0.000E+00 0.000E+00 0.000E+00 0.000E+00 0.000E+00
 0.000E+00 0.000E+00 0.000E+00 0.000E+00 0.000E+00 0.000E+00 0.000E+00 0.000E+00 0.000E+00 0.000E+00
 0.000E+00 0.000E+00 0.000E+00 0.000E+00 0.000E+00 0.000E+00 0.000E+00 0.000E+00 0.000E+00 0.000E+00
 0.000E+00 0.000E+00 0.000E+00 0.000E+00 0.000E+00 0.000E+00 0.000E+00 0.000E+00 0.000E+00 0.000E+00
 0.000E+00 0.000E+00 0.000E+00 0.000E+00 0.000E+00 0.000E+00 0.000E+00 0.000E+00 0.000E+00 0.000E+00
 0.000E+00 0.000E+00 0.000E+00 0.000E+00 0.000E+00 0.000E+00 0.000E+00 0.000E+00 0.000E+00 0.000E+00
 0.000E+00 0.000E+00 0.000E+00 0.000E+00 0.000E+00 0.000E+00 0.000E+00 0.000E+00 0.000E+00 0.000E+00
 0.000E+00 0.000E+00 0.000E+00 0.000E+00 0.000E+00 0.000E+00 0.000E+00 0.000E+00 0.000E+00 0.000E+00
 0.000E+00 0.000E+00 0.000E+00 0.000E+00 0.000E+00 0.000E+00 0.000E+00 0.000E+00 0.000E+00 0.000E+00
 0.000E+00 0.000E+00 0.000E+00 0.000E+00 0.000E+00 0.000E+00 0.000E+00 0.000E+00 0.000E+00 0.000E+00
 0.000E+00 0.000E+00 0.000E+00 0.000E+00 0.000E+00 0.000E+00 0.000E+00 0.000E+00 0.000E+00 0.000E+00
 0.000E+00 0.000E+00 0.000E+00 0.000E+00 0.000E+00 0.000E+00 0.000E+00 0.000E+00 0.000E+00 0.000E+00
 0.000E+00 0.000E+00 0.000E+00 0.000E+00 0.000E+00 0.000E+00 0.000E+00 0.000E+00 0.000E+00 0.000E+00
 0.000E+00 0.000E+00 0.000E+00 0.000E+00 0.000E+00 0.000E+00 0.000E+00 0.000E+00 0.000E+00 0.000E+00
 0.000E+00 0.000E+00 0.000E+00 0.000E+00 0.000E+00 0.000E+00 0.000E+00 0.000E+00 0.000E+00 0.000E+00
 0.000E+00 0.000E+00 0.000E+00 0.000E+00 4.797E-20 4.926E-20 5.030E-20 5.105E-20 5.234E-20 5.398E-20
 5.481E-20 5.542E-20 5.684E-20 5.788E-20 5.870E-20 6.012E-20 6.143E-20 6.265E-20 6.362E-20 6.457E-20
 6.634E-20 6.737E-20 6.765E-20 6.894E-20 7.092E-20 7.209E-20 7.284E-20 7.426E-20 7.530E-20 7.578E-20
 7.707E-20 7.898E-20 8.029E-20 8.117E-20 8.246E-20 8.370E-20 8.492E-20 8.622E-20 8.698E-20 8.793E-20
 8.950E-20 9.067E-20 9.142E-20 9.231E-20 9.373E-20 9.537E-20 9.654E-20 9.690E-20 9.790E-20 9.940E-20
 1.006E-19 1.015E-19 1.025E-19 1.040E-19 1.056E-19 1.066E-19 1.075E-19 1.088E-19 1.101E-19 1.118E-19
 1.132E-19 1.138E-19 1.147E-19 1.152E-19 1.164E-19 1.175E-19 1.183E-19 1.199E-19 1.211E-19 1.219E-19
 1.232E-19 1.241E-19 1.250E-19 1.265E-19 1.277E-19 1.291E-19 1.309E-19 1.323E-19 1.328E-19 1.341E-19
 1.354E-19 1.354E-19 1.366E-19 1.384E-19 1.391E-19 1.397E-19 1.408E-19 1.414E-19 1.421E-19 1.425E-19
 1.431E-19 1.439E-19 1.444E-19 1.449E-19 1.452E-19 1.456E-19 1.464E-19 1.479E-19 1.508E-19 1.547E-19
 1.590E-19 1.639E-19 1.707E-19 1.784E-19 1.852E-19 1.882E-19 1.875E-19 1.850E-19 1.794E-19 1.719E-19
 1.646E-19 1.565E-19 1.477E-19 1.425E-19 1.416E-19 1.414E-19 1.413E-19 1.416E-19 1.420E-19 1.429E-19
 1.446E-19 1.446E-19 1.446E-19 1.444E-19 1.426E-19 1.418E-19 1.412E-19 1.399E-19 1.389E-19 1.375E-19
 1.361E-19 1.352E-19 1.345E-19 1.332E-19 1.311E-19 1.308E-19 1.307E-19 1.289E-19 1.271E-19 1.258E-19
 1.251E-19 1.237E-19 1.223E-19 1.218E-19 1.210E-19 1.197E-19 1.182E-19 1.164E-19 1.146E-19 1.132E-19
 1.122E-19 1.116E-19 1.099E-19 1.086E-19 1.084E-19 1.071E-19 1.057E-19 1.052E-19 1.042E-19 1.025E-19
 1.009E-19 9.998E-20 9.937E-20 9.835E-20 9.671E-20 9.540E-20 9.458E-20 9.343E-20 9.219E-20 9.124E-20
 9.008E-20 8.865E-20 8.748E-20 8.659E-20 8.584E-20 8.448E-20 8.271E-20 8.148E-20 8.032E-20 7.888E-20
 7.738E-20 7.628E-20 7.478E-20 7.335E-20 7.285E-20 7.198E-20 7.041E-20 6.917E-20 6.808E-20 6.665E-20
 6.529E-20 6.392E-20 6.268E-20 6.166E-20 6.057E-20 5.907E-20 5.736E-20 5.606E-20 5.544E-20 5.443E-20
 5.258E-20 5.127E-20 5.059E-20 4.957E-20 4.848E-20 4.698E-20 4.581E-20 4.506E-20 4.350E-20 4.267E-20
 4.172E-20 3.987E-20 3.884E-20 3.802E-20 3.693E-20 3.571E-20 3.447E-20 3.365E-20 3.269E-20 3.134E-20
 3.044E-20 2.975E-20 2.867E-20 2.770E-20 2.709E-20 2.634E-20 2.552E-20 2.456E-20 2.374E-20 2.313E-20
 2.258E-20 2.217E-20 2.135E-20 2.033E-20 1.998E-20 1.930E-20 1.855E-20 1.807E-20 1.692E-20 1.575E-20
 1.533E-20 1.479E-20 1.370E-20 1.295E-20 1.267E-20 1.227E-20 1.158E-20 1.097E-20 1.042E-20 1.021E-20
 1.001E-20 9.328E-21 9.047E-21 8.777E-21 8.368E-21 8.296E-21 7.758E-21 7.140E-21 6.863E-21 6.388E-21
 5.908E-21 5.700E-21 5.227E-21 4.747E-21 4.607E-21 4.470E-21 4.265E-21 4.466E-21 4.203E-21 3.451E-21
 3.373E-21 3.243E-21 3.034E-21 3.237E-21 2.971E-21 2.628E-21 2.622E-21 2.491E-21 2.081E-21 2.413E-21
 2.423E-21 1.878E-21 1.804E-21 1.601E-21 1.734E-21 1.603E-21 1.328E-21 1.461E-21 1.127E-21 1.254E-21
 1.663E-21 9.957E-22 7.111E-22 8.477E-22 3.089E-22 4.321E-22 5.764E-22 2.365E-22 2.986E-23 0.000E+00
 0.000E+00 0.000E+00 0.000E+00 0.000E+00 0.000E+00 1.608E-22 7.620E-25 0.000E+00 0.000E+00 0.000E+00
 0.000E+00 0.000E+00 0.000E+00 0.000E+00 0.000E+00 0.000E+00 0.000E+00 0.000E+00 0.000E+00 0.000E+00
 0.000E+00 0.000E+00 0.000E+00 0.000E+00 0.000E+00 0.000E+00 0.000E+00 0.000E+00 0.000E+00 0.000E+00
 0.000E+00 0.000E+00 0.000E+00 0.000E+00 0.000E+00 0.000E+00 0.000E+00 0.000E+00 0.000E+00 0.000E+00
 0.000E+00 0.000E+00 0.000E+00 0.000E+00 0.000E+00 0.000E+00 0.000E+00 0.000E+00 0.000E+00 0.000E+00
 0.000E+00 0.000E+00 0.000E+00 0.000E+00 0.000E+00 0.000E+00 0.000E+00 0.000E+00 0.000E+00 0.000E+00
 0.000E+00 0.000E+00 0.000E+00 0.000E+00 0.000E+00 0.000E+00 0.000E+00 0.000E+00 0.000E+00 0.000E+00
 0.000E+00 0.000E+00 0.000E+00 0.000E+00 0.000E+00 0.000E+00 0.000E+00 0.000E+00 0.000E+00 0.000E+00
 0.000E+00 0.000E+00 0.000E+00 0.000E+00 0.000E+00 0.000E+00 0.000E+00 0.000E+00 0.000E+00 0.000E+00
 0.000E+00 0.000E+00 0.000E+00 0.000E+00 0.000E+00 0.000E+00 0.000E+00 0.000E+00 0.000E+00 0.000E+00
 0.000E+00 0.000E+00 0.000E+00 0.000E+00 0.000E+00 0.000E+00 0.000E+00 0.000E+00 0.000E+00 0.000E+00
 0.000E+00 0.000E+00 0.000E+00 0.000E+00 0.000E+00 0.000E+00 0.000E+00 0.000E+00 0.000E+00 0.000E+00
 0.000E+00 0.000E+00 0.000E+00 0.000E+00 0.000E+00 0.000E+00 0.000E+00 0.000E+00 0.000E+00 0.000E+00
 0.000E+00 0.000E+00 0.000E+00 0.000E+00 0.000E+00 0.000E+00 0.000E+00 0.000E+00 0.000E+00 0.000E+00
 0.000E+00 0.000E+00 0.000E+00 0.000E+00 0.000E+00 0.000E+00 0.000E+00 0.000E+00 0.000E+00 0.000E+00
 0.000E+00 0.000E+00 0.000E+00 0.000E+00 0.000E+00 0.000E+00 0.000E+00 0.000E+00 0.000E+00 0.000E+00
 0.000E+00 0.000E+00 0.000E+00 0.000E+00 0.000E+00 0.000E+00 0.000E+00 0.000E+00 0.000E+00 0.000E+00
 0.000E+00 0.000E+00 0.000E+00 0.000E+00 0.000E+00 0.000E+00 0.000E+00 0.000E+00 0.000E+00 0.000E+00
 0.000E+00 0.000E+00 0.000E+00 0.000E+00 0.000E+00 0.000E+00 0.000E+00 0.000E+00 0.000E+00 0.000E+00
 0.000E+00 0.000E+00 0.000E+00 0.000E+00 0.000E+00 0.000E+00 0.000E+00 0.000E+00 0.000E+00 0.000E+00
 0.000E+00 0.000E+00 0.000E+00 0.000E+00 0.000E+00 0.000E+00 0.000E+00 0.000E+00 0.000E+00 0.000E+00
 0.000E+00 0.000E+00 0.000E+00 0.000E+00 0.000E+00 0.000E+00 0.000E+00 0.000E+00 0.000E+00 0.000E+00
 0.000E+00 0.000E+00 0.000E+00 0.000E+00 0.000E+00 0.000E+00 0.000E+00 0.000E+00 0.000E+00 0.000E+00
 0.000E+00 0.000E+00 0.000E+00 0.000E+00 0.000E+00 0.000E+00 0.000E+00 0.000E+00 0.000E+00 0.000E+00
 0.000E+00 0.000E+00 0.000E+00 0.000E+00 0.000E+00 0.000E+00 0.000E+00 0.000E+00 0.000E+00 0.000E+00
 0.000E+00 0.000E+00 0.000E+00 0.000E+00 0.000E+00 0.000E+00 0.000E+00 0.000E+00 0.000E+00 0.000E+00
 0.000E+00 0.000E+00 0.000E+00 0.000E+00 0.000E+00 0.000E+00 0.000E+00 0.000E+00 0.000E+00 0.000E+00
 0.000E+00 0.000E+00 0.000E+00 0.000E+00 0.000E+00 0.000E+00 0.000E+00 0.000E+00 0.000E+00 0.000E+00
 0.000E+00 0.000E+00 0.000E+00 0.000E+00 0.000E+00 0.000E+00 0.000E+00 0.000E+00 0.000E+00 0.000E+00
 0.000E+00 0.000E+00 0.000E+00 0.000E+00 0.000E+00 0.000E+00 0.000E+00 0.000E+00 0.000E+00 0.000E+00
 0.000E+00 0.000E+00 0.000E+00 0.000E+00 0.000E+00 0.000E+00 0.000E+00 0.000E+00 0.000E+00 0.000E+00
 0.000E+00 0.000E+00 0.000E+00 0.000E+00 0.000E+00 0.000E+00 0.000E+00 0.000E+00 0.000E+00 0.000E+00
 0.000E+00 0.000E+00 0.000E+00 0.000E+00 0.000E+00 0.000E+00 0.000E+00 0.000E+00 0.000E+00 0.000E+00
 0.000E+00 0.000E+00 0.000E+00 0.000E+00 0.000E+00 0.000E+00 0.000E+00 0.000E+00 0.000E+00 0.000E+00
 0.000E+00 0.000E+00 0.000E+00 0.000E+00 0.000E+00 0.000E+00 0.000E+00 0.000E+00 0.000E+00 0.000E+00
 0.000E+00 0.000E+00 0.000E+00 0.000E+00 0.000E+00 0.000E+00 0.000E+00 0.000E+00 0.000E+00 0.000E+00
 0.000E+00 0.000E+00 0.000E+00 0.000E+00 0.000E+00 0.000E+00 0.000E+00 0.000E+00 0.000E+00 0.000E+00
 0.000E+00 0.000E+00 0.000E+00 0.000E+00 0.000E+00 0.000E+00 0.000E+00 0.000E+00 0.000E+00 0.000E+00
 0.000E+00 0.000E+00 0.000E+00 0.000E+00 0.000E+00 0.000E+00 0.000E+00 0.000E+00 0.000E+00 0.000E+00
 0.000E+00 0.000E+00 0.000E+00 0.000E+00 0.000E+00 0.000E+00 0.000E+00 0.000E+00 0.000E+00 0.000E+00
 0.000E+00 0.000E+00 0.000E+00 0.000E+00 0.000E+00 0.000E+00 0.000E+00 0.000E+00 0.000E+00 0.000E+00
 0.000E+00 0.000E+00 0.000E+00 0.000E+00 0.000E+00 0.000E+00 0.000E+00 0.000E+00 0.000E+00 0.000E+00
 0.000E+00 0.000E+00 0.000E+00 0.000E+00 0.000E+00 0.000E+00 0.000E+00 0.000E+00 0.000E+00 0.000E+00
 0.000E+00 0.000E+00 0.000E+00 0.000E+00 0.000E+00 0.000E+00 0.000E+00 0.000E+00 0.000E+00 0.000E+00
 0.000E+00 0.000E+00 0.000E+00 0.000E+00 0.000E+00 0.000E+00 0.000E+00 0.000E+00 0.000E+00 0.000E+00
 0.000E+00 0.000E+00 0.000E+00 0.000E+00 0.000E+00 0.000E+00 0.000E+00 0.000E+00 0.000E+00 0.000E+00
 0.000E+00 0.000E+00 0.000E+00 0.000E+00 0.000E+00 0.000E+00 0.000E+00 0.000E+00 0.000E+00 0.000E+00
 0.000E+00 0.000E+00 0.000E+00 0.000E+00 0.000E+00 0.000E+00 0.000E+00 0.000E+00 0.000E+00 0.000E+00
 0.000E+00 0.000E+00 0.000E+00 0.000E+00 0.000E+00 0.000E+00 0.000E+00 0.000E+00 0.000E+00 0.000E+00
 0.000E+00 0.000E+00 0.000E+00 0.000E+00 0.000E+00 0.000E+00 0.000E+00 0.000E+00 0.000E+00 0.000E+00
 0.000E+00 0.000E+00 0.000E+00 0.000E+00 0.000E+00 0.000E+00 0.000E+00 0.000E+00 0.000E+00 0.000E+00
 0.000E+00 0.000E+00 0.000E+00 0.000E+00 0.000E+00 0.000E+00 0.000E+00 0.000E+00 0.000E+00 0.000E+00
 0.000E+00 0.000E+00 0.000E+00 0.000E+00 0.000E+00 0.000E+00 0.000E+00 0.000E+00 0.000E+00 0.000E+00
 0.000E+00 0.000E+00 0.000E+00 0.000E+00 0.000E+00 0.000E+00 0.000E+00 0.000E+00 0.000E+00 0.000E+00
 0.000E+00 0.000E+00 0.000E+00 0.000E+00 0.000E+00 0.000E+00 0.000E+00 0.000E+00 0.000E+00 0.000E+00
 0.000E+00 0.000E+00 0.000E+00 0.000E+00 0.000E+00 0.000E+00 0.000E+00 0.000E+00 0.000E+00 0.000E+00
 0.000E+00 0.000E+00 0.000E+00 0.000E+00 0.000E+00 0.000E+00 0.000E+00 0.000E+00 0.000E+00 0.000E+00
 0.000E+00 0.000E+00 0.000E+00 0.000E+00 0.000E+00 0.000E+00 0.000E+00 0.000E+00 0.000E+00 0.000E+00
 0.000E+00 0.000E+00 0.000E+00 0.000E+00 0.000E+00 0.000E+00 0.000E+00 0.000E+00 0.000E+00 0.000E+00
 0.000E+00 0.000E+00 0.000E+00 0.000E+00 0.000E+00 0.000E+00 0.000E+00 0.000E+00 0.000E+00 0.000E+00
 0.000E+00 0.000E+00 0.000E+00 0.000E+00 0.000E+00 0.000E+00 0.000E+00 0.000E+00 0.000E+00 0.000E+00
 0.000E+00 0.000E+00 0.000E+00 0.000E+00 0.000E+00 0.000E+00 0.000E+00 0.000E+00 0.000E+00 0.000E+00
 0.000E+00 0.000E+00 0.000E+00 0.000E+00 0.000E+00 0.000E+00 0.000E+00 0.000E+00 0.000E+00 0.000E+00
 0.000E+00 0.000E+00 0.000E+00 0.000E+00 0.000E+00 0.000E+00 0.000E+00 0.000E+00 0.000E+00 0.000E+00
 0.000E+00 0.000E+00 0.000E+00 0.000E+00 0.000E+00 0.000E+00 0.000E+00 0.000E+00 0.000E+00 0.000E+00
 0.000E+00 0.000E+00 0.000E+00 0.000E+00 0.000E+00 0.000E+00 0.000E+00 0.000E+00 0.000E+00 0.000E+00
 0.000E+00 0.000E+00 0.000E+00 0.000E+00 0.000E+00 0.000E+00 0.000E+00 0.000E+00 0.000E+00 0.000E+00
 0.000E+00 0.000E+00 0.000E+00 0.000E+00 0.000E+00 0.000E+00 0.000E+00 0.000E+00 0.000E+00 0.000E+00
 0.000E+00 0.000E+00 0.000E+00 0.000E+00 0.000E+00 0.000E+00 0.000E+00 0.000E+00 0.000E+00 0.000E+00
 0.000E+00 0.000E+00 0.000E+00 0.000E+00 0.000E+00 0.000E+00 0.000E+00 0.000E+00 0.000E+00 0.000E+00
 0.000E+00 0.000E+00 0.000E+00 0.000E+00 0.000E+00 0.000E+00 0.000E+00 0.000E+00 0.000E+00 0.000E+00
 0.000E+00 0.000E+00 0.000E+00 0.000E+00 0.000E+00 0.000E+00 0.000E+00 0.000E+00 0.000E+00 0.000E+00
 0.000E+00 0.000E+00 0.000E+00 0.000E+00 0.000E+00 0.000E+00 0.000E+00 0.000E+00 0.000E+00 0.000E+00
 0.000E+00 0.000E+00 0.000E+00 0.000E+00 0.000E+00 0.000E+00 0.000E+00 0.000E+00 0.000E+00 0.000E+00
 0.000E+00 2.060E-22 7.792E-21 7.844E-21 9.703E-21 9.197E-21 7.999E-21 1.534E-20 1.015E-20 8.377E-21
 1.211E-20 1.164E-20 1.178E-20 1.691E-20 1.637E-20 1.360E-20 1.497E-20 1.355E-20 1.324E-20 1.888E-20
 2.005E-20 2.844E-20 2.677E-20 5.188E-22 1.907E-20 1.009E-20 2.357E-20 2.015E-20 1.498E-20 1.417E-20
 1.878E-20 1.610E-20 2.075E-20 1.981E-20 1.985E-20 2.130E-20 2.278E-20 2.543E-20 1.988E-20 2.246E-20
 3.107E-20 2.091E-20 2.561E-20 2.651E-20 2.508E-20 2.443E-20 3.457E-20 2.903E-20 3.216E-20 4.343E-20
 2.808E-20 3.132E-20 3.006E-20 3.524E-20 3.651E-20 3.194E-20 3.576E-20 3.863E-20 4.096E-20 4.053E-20
 4.194E-20 4.248E-20 4.480E-20 4.434E-20 4.423E-20 4.062E-20 4.538E-20 4.829E-20 5.194E-20 4.870E-20
 5.011E-20 5.004E-20 4.785E-20 5.286E-20 4.840E-20 5.638E-20 5.724E-20 5.450E-20 5.689E-20 5.879E-20
 5.970E-20 5.892E-20 6.445E-20 6.165E-20 6.159E-20 5.998E-20 6.923E-20 6.552E-20 6.651E-20 6.830E-20
 6.553E-20 6.696E-20 6.803E-20 7.290E-20 7.973E-20 7.326E-20 7.615E-20 7.892E-20 7.743E-20 7.476E-20
 7.945E-20 7.986E-20 7.819E-20 8.530E-20 8.852E-20 8.683E-20 9.313E-20 8.431E-20 8.683E-20 9.323E-20
 8.812E-20 8.901E-20 8.760E-20 8.738E-20 9.610E-20 9.086E-20 1.038E-19 9.815E-20 9.674E-20 9.690E-20
 1.026E-19 1.059E-19 1.077E-19 1.031E-19 1.082E-19 1.050E-19 1.062E-19 1.023E-19 1.121E-19 1.099E-19
 1.168E-19 1.128E-19 1.192E-19 1.156E-19 1.179E-19 1.180E-19 1.203E-19 1.184E-19 1.189E-19 1.204E-19
 1.243E-19 1.284E-19 1.271E-19 1.290E-19 1.293E-19 1.260E-19 1.229E-19 1.296E-19 1.350E-19 1.268E-19
 1.343E-19 1.376E-19 1.359E-19 1.276E-19 1.313E-19 1.305E-19 1.357E-19 1.348E-19 1.361E-19 1.349E-19
 1.414E-19 1.395E-19 1.376E-19 1.374E-19 1.456E-19 1.377E-19 1.419E-19 1.409E-19 1.390E-19 1.373E-19
 1.443E-19 1.434E-19 1.434E-19 1.456E-19 1.371E-19 1.343E-19 1.370E-19 1.331E-19 1.280E-19 1.267E-19
 1.302E-19 1.213E-19 1.238E-19 1.284E-19 1.252E-19 1.288E-19 1.238E-19 1.284E-19 1.260E-19 1.221E-19
 1.174E-19 1.169E-19 1.147E-19 1.198E-19 1.179E-19 1.189E-19 1.207E-19 1.159E-19 1.112E-19 1.112E-19
 1.120E-19 1.077E-19 1.030E-19 1.030E-19 1.026E-19 1.060E-19 1.085E-19 1.005E-19 9.569E-20 1.090E-19
 9.999E-20 9.542E-20 9.916E-20 9.908E-20 9.623E-20 9.479E-20 9.344E-20 9.517E-20 9.022E-20 9.713E-20
 9.334E-20 9.118E-20 8.106E-20 8.718E-20 8.839E-20 8.138E-20 8.200E-20 8.694E-20 7.997E-20 8.132E-20
 7.952E-20 8.181E-20 8.057E-20 8.594E-20 7.759E-20 7.967E-20 7.050E-20 7.695E-20 7.366E-20 7.273E-20
 7.315E-20 7.124E-20 6.974E-20 6.635E-20 6.234E-20 6.915E-20 6.177E-20 6.534E-20 5.917E-20 5.596E-20
 5.821E-20 5.503E-20 5.825E-20 5.632E-20 5.448E-20 5.539E-20 5.441E-20 5.284E-20 4.678E-20 4.733E-20
 5.059E-20 4.997E-20 4.437E-20 4.483E-20 4.436E-20 4.432E-20 4.297E-20 4.477E-20 4.233E-20 3.856E-20
 3.767E-20 3.903E-20 3.754E-20 3.432E-20 3.611E-20 3.328E-20 3.226E-20 2.959E-20 3.422E-20 3.273E-20
 2.950E-20 3.091E-20 3.150E-20 3.538E-20 2.376E-20 2.605E-20 2.470E-20 2.657E-20 2.651E-20 2.409E-20
 2.130E-20 2.173E-20 2.043E-20 2.414E-20 2.313E-20 2.031E-20 2.000E-20 2.534E-20 1.582E-20 2.644E-20
 2.170E-20 1.911E-20 1.038E-20 1.598E-20 3.203E-20 2.073E-20 1.798E-20 1.991E-20 2.220E-20 2.051E-20
 2.686E-20 1.995E-20 2.353E-20 1.804E-20 2.214E-20 1.836E-20 1.711E-20 2.222E-20 2.121E-20 1.856E-20
 2.424E-20 2.645E-20 2.178E-20 2.221E-20 2.098E-20 2.693E-20 2.229E-20 2.368E-20 2.327E-20 2.508E-20
 2.320E-20 2.277E-20 2.411E-20 2.191E-20 2.647E-20 2.284E-20 2.661E-20 2.765E-20 3.115E-20 2.296E-20
 3.092E-20 3.143E-20 3.288E-20 3.462E-20 3.018E-20 3.856E-20 3.716E-20 3.709E-20 3.495E-20 4.196E-20
 4.206E-20 4.529E-20 4.393E-20 4.533E-20 4.550E-20 5.170E-20 5.575E-20 5.015E-20 5.076E-20 5.587E-20
 5.459E-20 5.882E-20 5.983E-20 6.278E-20 6.773E-20 6.085E-20 6.552E-20 6.571E-20 7.237E-20 7.651E-20
 7.426E-20 7.703E-20 7.639E-20 8.670E-20 8.749E-20 8.248E-20 8.726E-20 9.082E-20 8.451E-20 9.285E-20
 9.030E-20 9.924E-20 1.014E-19 9.363E-20 1.017E-19 1.047E-19 9.724E-20 1.135E-19 1.115E-19 1.056E-19
 1.116E-19 1.093E-19 1.103E-19 1.136E-19 1.122E-19 1.133E-19 1.184E-19 1.174E-19 1.171E-19 1.207E-19
 1.156E-19 1.169E-19 1.154E-19 1.104E-19 1.145E-19 1.132E-19 1.154E-19 1.116E-19 1.103E-19 1.116E-19
 1.075E-19 1.112E-19 1.116E-19 1.083E-19 1.094E-19 1.126E-19 1.107E-19 1.084E-19 1.101E-19 1.040E-19
 1.054E-19 1.054E-19 1.030E-19 1.021E-19 1.045E-19 1.044E-19 1.037E-19 1.106E-19 1.056E-19 1.129E-19
 1.207E-19 1.324E-19 1.351E-19 1.487E-19 1.494E-19 1.555E-19 1.592E-19 1.561E-19 1.471E-19 1.420E-19
 1.426E-19 1.312E-19 1.253E-19 1.135E-19 1.082E-19 1.045E-19 1.047E-19 9.542E-20 9.812E-20 9.444E-20
 9.677E-20 9.625E-20 9.434E-20 9.300E-20 9.535E-20 9.587E-20 9.781E-20 1.000E-19 9.635E-20 9.837E-20
 1.035E-19 1.036E-19 1.049E-19 1.028E-19 1.101E-19 1.036E-19 1.051E-19 1.094E-19 1.121E-19 1.098E-19
 1.103E-19 1.127E-19 1.129E-19 1.055E-19 1.071E-19 1.159E-19 1.116E-19 1.076E-19 9.888E-20 1.047E-19
 9.616E-20 1.077E-19 1.036E-19 1.072E-19 1.020E-19 9.862E-20 9.536E-20 9.576E-20 9.338E-20 9.182E-20
 8.630E-20 8.966E-20 9.213E-20 8.056E-20 8.462E-20 7.952E-20 8.085E-20 7.838E-20 7.374E-20 7.446E-20
 6.703E-20 6.885E-20 6.682E-20 6.133E-20 6.539E-20 6.026E-20 6.070E-20 5.976E-20 5.910E-20 5.255E-20
 5.198E-20 4.870E-20 4.822E-20 4.760E-20 4.249E-20 4.343E-20 4.335E-20 4.047E-20 3.818E-20 3.970E-20
 4.369E-20 3.635E-20 4.089E-20 3.608E-20 3.138E-20 3.032E-20 2.621E-20 2.947E-20 2.905E-20 3.035E-20
 2.700E-20 2.422E-20 2.520E-20 2.655E-20 2.475E-20 2.689E-20 2.052E-20 2.653E-20 2.423E-20 2.500E-20
 1.948E-20 2.276E-20 2.265E-20 1.903E-20 2.309E-20 1.802E-20 2.035E-20 2.045E-20 2.358E-20 1.895E-20
 2.041E-20 2.218E-20 1.895E-20 2.062E-20 2.981E-20 2.405E-20 1.894E-20 1.998E-20 2.356E-20 1.807E-20
 2.229E-20 2.265E-20 1.894E-20 1.981E-20 1.764E-20 2.371E-20 2.306E-20 1.707E-20 1.992E-20 2.134E-20
 2.235E-20 2.463E-20 2.276E-20 2.265E-20 1.914E-20 2.693E-20 2.144E-20 2.557E-20 2.268E-20 2.003E-20
 2.523E-20 2.753E-20 2.606E-20 2.378E-20 2.575E-20 2.937E-20 2.526E-20 2.861E-20 3.128E-20 2.674E-20
 3.139E-20 3.044E-20 3.016E-20 3.654E-20 3.095E-20 3.160E-20 3.793E-20 3.054E-20 3.351E-20 3.962E-20
 4.039E-20 3.480E-20 3.536E-20 3.861E-20 3.822E-20 4.054E-20 4.006E-20 3.967E-20 4.273E-20 5.145E-20
 4.594E-20 4.905E-20 4.400E-20 4.692E-20 5.113E-20 5.114E-20 5.158E-20 5.073E-20 5.355E-20 5.400E-20
 5.378E-20 6.216E-20 6.125E-20 6.200E-20 5.569E-20 6.351E-20 5.937E-20 6.183E-20 6.617E-20 7.094E-20
 7.418E-20 7.312E-20 6.908E-20 7.489E-20 8.168E-20 7.434E-20 7.903E-20 7.959E-20 8.293E-20 8.528E-20
 8.568E-20 8.349E-20 8.872E-20 9.217E-20 9.812E-20 9.400E-20 9.687E-20 9.922E-20 9.976E-20 1.021E-19
 1.014E-19 1.116E-19 1.080E-19 1.112E-19 1.110E-19 1.194E-19 1.184E-19 1.161E-19 1.175E-19 1.176E-19
 1.218E-19 1.219E-19 1.243E-19 1.277E-19 1.330E-19 1.390E-19 1.339E-19 1.384E-19 1.458E-19 1.445E-19
 1.482E-19 1.469E-19 1.492E-19 1.495E-19 1.589E-19 1.613E-19 1.642E-19 1.670E-19 1.666E-19 1.680E-19
 1.700E-19 1.730E-19 1.649E-19 1.752E-19 1.771E-19 1.779E-19 1.875E-19 1.834E-19 1.868E-19 1.907E-19
 1.953E-19 1.927E-19 1.991E-19 1.964E-19 1.978E-19 1.983E-19 1.999E-19 2.065E-19 2.079E-19 2.100E-19
 2.161E-19 2.180E-19 2.185E-19 2.212E-19 2.179E-19 2.176E-19 2.229E-19 2.265E-19 2.229E-19 2.282E-19
 2.338E-19 2.315E-19 2.345E-19 2.401E-19 2.410E-19 2.404E-19 2.349E-19 2.403E-19 2.482E-19 2.478E-19
 2.493E-19 2.539E-19 2.503E-19 2.545E-19 2.559E-19 2.541E-19 2.579E-19 2.600E-19 2.679E-19 2.659E-19
 2.614E-19 2.655E-19 2.651E-19 2.675E-19 2.666E-19 2.686E-19 2.728E-19 2.744E-19 2.651E-19 2.667E-19
 2.713E-19 2.700E-19 2.723E-19 2.719E-19 2.761E-19 2.736E-19 2.679E-19 2.670E-19 2.675E-19 2.686E-19
 2.732E-19 2.708E-19 2.708E-19 2.675E-19 2.676E-19 2.716E-19 2.632E-19 2.663E-19 2.595E-19 2.646E-19
 2.644E-19 2.582E-19 2.542E-19 2.589E-19 2.610E-19 2.517E-19 2.534E-19 2.499E-19 2.565E-19 2.574E-19
 2.563E-19 2.509E-19 2.575E-19 2.454E-19 2.482E-19 2.459E-19 2.481E-19 2.416E-19 2.457E-19 2.390E-19
 2.359E-19 2.396E-19 2.395E-19 2.365E-19 2.305E-19 2.322E-19 2.247E-19 2.256E-19 2.223E-19 2.208E-19
 2.193E-19 2.154E-19 2.086E-19 2.168E-19 2.107E-19 2.092E-19 2.048E-19 1.995E-19 1.927E-19 2.001E-19
 1.983E-19 1.980E-19 1.895E-19 1.866E-19 1.810E-19 1.843E-19 1.824E-19 1.818E-19 1.794E-19 1.764E-19
 1.689E-19 1.679E-19 1.656E-19 1.669E-19 1.620E-19 1.561E-19 1.620E-19 1.554E-19 1.544E-19 1.497E-19
 1.482E-19 1.467E-19 1.424E-19 1.382E-19 1.395E-19 1.367E-19 1.352E-19 1.318E-19 1.285E-19 1.252E-19
 1.264E-19 1.201E-19 1.260E-19 1.211E-19 1.145E-19 1.122E-19 1.122E-19 1.116E-19 1.064E-19 1.059E-19
 1.049E-19 1.015E-19 9.821E-20 9.647E-20 1.005E-19 9.462E-20 8.489E-20 8.776E-20 8.986E-20 8.190E-20
 8.098E-20 8.133E-20 7.780E-20 8.464E-20 7.861E-20 6.438E-20 7.269E-20 6.936E-20 6.706E-20 6.835E-20
 6.449E-20 6.030E-20 6.058E-20 5.412E-20 5.702E-20 6.006E-20 5.217E-20 5.417E-20 5.805E-20 4.723E-20
 4.455E-20 4.860E-20 4.351E-20 4.466E-20 3.628E-20 3.730E-20 3.985E-20 3.167E-20 3.896E-20 3.289E-20
 3.299E-20 3.617E-20 3.324E-20 2.859E-20 2.933E-20 2.284E-20 2.429E-20 2.638E-20 3.360E-20 2.530E-20
 2.836E-20 2.135E-20 2.134E-20 2.090E-20 2.185E-20 2.232E-20 2.222E-20 1.890E-20 1.694E-20 1.417E-20
 1.521E-20 1.877E-20 1.273E-20 1.369E-20 1.449E-20 9.776E-21 8.444E-21 1.081E-20 1.170E-20 1.030E-20
 1.029E-20 9.818E-21 9.721E-21 6.494E-21 7.909E-21 8.474E-21 1.171E-20 1.070E-20 7.674E-21 3.297E-22
 4.572E-21 5.890E-21 3.158E-21 5.384E-21 1.647E-21 1.772E-21 6.016E-21 7.430E-21 7.869E-21 7.005E-21
 9.285E-21 7.265E-21 2.281E-21 7.277E-21 2.651E-21 4.107E-21 5.821E-21 8.511E-22 6.332E-21 2.068E-21
 7.617E-23 2.693E-21 5.398E-21 2.298E-21 7.817E-21 4.870E-21 0.000E+00 0.000E+00 0.000E+00 0.000E+00
 0.000E+00 0.000E+00 0.000E+00 0.000E+00 0.000E+00 0.000E+00 0.000E+00 0.000E+00 0.000E+00 0.000E+00
 0.000E+00 0.000E+00 0.000E+00 0.000E+00 0.000E+00 0.000E+00 0.000E+00 0.000E+00 0.000E+00 0.000E+00
 0.000E+00 0.000E+00 0.000E+00 0.000E+00 0.000E+00 0.000E+00 0.000E+00 0.000E+00 0.000E+00 0.000E+00
 0.000E+00 0.000E+00 0.000E+00 0.000E+00 0.000E+00 0.000E+00 0.000E+00 0.000E+00 0.000E+00 0.000E+00
 0.000E+00 0.000E+00 0.000E+00 0.000E+00 0.000E+00 0.000E+00 0.000E+00 0.000E+00 0.000E+00 0.000E+00
 0.000E+00 0.000E+00 0.000E+00 0.000E+00 0.000E+00 0.000E+00 0.000E+00 0.000E+00 0.000E+00 0.000E+00
 0.000E+00 0.000E+00 0.000E+00 0.000E+00 0.000E+00 0.000E+00 0.000E+00 0.000E+00 0.000E+00 0.000E+00
 0.000E+00 0.000E+00 0.000E+00 0.000E+00 0.000E+00 0.000E+00 0.000E+00 0.000E+00 0.000E+00 0.000E+00
 0.000E+00 0.000E+00 0.000E+00 0.000E+00 0.000E+00 0.000E+00 0.000E+00 0.000E+00 0.000E+00 0.000E+00
 0.000E+00 0.000E+00 0.000E+00 0.000E+00 0.000E+00 0.000E+00 0.000E+00 0.000E+00 0.000E+00 0.000E+00
 0.000E+00 0.000E+00 0.000E+00 0.000E+00 0.000E+00 0.000E+00 0.000E+00 0.000E+00 0.000E+00 0.000E+00
 0.000E+00 0.000E+00 0.000E+00 0.000E+00 0.000E+00 0.000E+00 0.000E+00 0.000E+00 0.000E+00 0.000E+00
 0.000E+00 0.000E+00 0.000E+00 0.000E+00 0.000E+00 0.000E+00 0.000E+00 0.000E+00 0.000E+00 0.000E+00
 0.000E+00 0.000E+00 0.000E+00 0.000E+00 0.000E+00 0.000E+00 0.000E+00 0.000E+00 0.000E+00 0.000E+00
 0.000E+00 0.000E+00 0.000E+00 0.000E+00 0.000E+00 0.000E+00 0.000E+00 0.000E+00 0.000E+00 0.000E+00
 0.000E+00 0.000E+00 0.000E+00 0.000E+00 0.000E+00 0.000E+00 0.000E+00 0.000E+00 0.000E+00 0.000E+00
 0.000E+00 0.000E+00 0.000E+00 0.000E+00 0.000E+00 0.000E+00 0.000E+00 0.000E+00 0.000E+00 0.000E+00
 0.000E+00 0.000E+00 0.000E+00 0.000E+00 0.000E+00 0.000E+00 0.000E+00 0.000E+00 0.000E+00 0.000E+00
 0.000E+00 0.000E+00 0.000E+00 0.000E+00 0.000E+00 0.000E+00 0.000E+00 0.000E+00 0.000E+00 0.000E+00
 0.000E+00 0.000E+00 0.000E+00 0.000E+00 0.000E+00 0.000E+00 0.000E+00 0.000E+00 0.000E+00 0.000E+00
 0.000E+00 0.000E+00 0.000E+00 0.000E+00 0.000E+00 0.000E+00 0.000E+00 0.000E+00 0.000E+00 0.000E+00
 0.000E+00 0.000E+00 0.000E+00 0.000E+00 0.000E+00 0.000E+00 0.000E+00 0.000E+00 0.000E+00 0.000E+00
 0.000E+00 0.000E+00 0.000E+00 0.000E+00 0.000E+00 0.000E+00 0.000E+00 0.000E+00 0.000E+00 0.000E+00
 0.000E+00 0.000E+00 0.000E+00 0.000E+00 0.000E+00 0.000E+00 0.000E+00 0.000E+00 0.000E+00 0.000E+00
 0.000E+00 0.000E+00 0.000E+00 0.000E+00 0.000E+00 0.000E+00 0.000E+00 0.000E+00 0.000E+00 0.000E+00
 0.000E+00 0.000E+00 0.000E+00 0.000E+00 0.000E+00 0.000E+00 0.000E+00 0.000E+00 0.000E+00 0.000E+00
 0.000E+00 0.000E+00 0.000E+00 0.000E+00 0.000E+00 0.000E+00 0.000E+00 0.000E+00 0.000E+00 0.000E+00
 0.000E+00 0.000E+00 0.000E+00 0.000E+00 0.000E+00 0.000E+00 0.000E+00 0.000E+00 0.000E+00 0.000E+00
 0.000E+00 0.000E+00 0.000E+00 0.000E+00 0.000E+00 0.000E+00 0.000E+00 0.000E+00 0.000E+00 0.000E+00
 0.000E+00 0.000E+00 0.000E+00 0.000E+00 0.000E+00 0.000E+00 0.000E+00 0.000E+00 0.000E+00 0.000E+00
 0.000E+00 0.000E+00 0.000E+00 0.000E+00 0.000E+00 0.000E+00 0.000E+00 0.000E+00 0.000E+00 0.000E+00
 0.000E+00 0.000E+00 0.000E+00 0.000E+00 0.000E+00 0.000E+00 0.000E+00 0.000E+00 0.000E+00 0.000E+00
 0.000E+00 0.000E+00 0.000E+00 0.000E+00 0.000E+00 0.000E+00 0.000E+00 0.000E+00 0.000E+00 0.000E+00
 0.000E+00 0.000E+00 0.000E+00 0.000E+00 0.000E+00 0.000E+00 0.000E+00 0.000E+00 0.000E+00 0.000E+00
 0.000E+00 0.000E+00 0.000E+00 0.000E+00 0.000E+00 0.000E+00 0.000E+00 0.000E+00 0.000E+00 0.000E+00
 0.000E+00 0.000E+00 0.000E+00 0.000E+00 0.000E+00 0.000E+00 0.000E+00 0.000E+00 0.000E+00 0.000E+00
 0.000E+00 0.000E+00 0.000E+00 0.000E+00 0.000E+00 0.000E+00 0.000E+00 0.000E+00 0.000E+00 0.000E+00
 0.000E+00 0.000E+00 0.000E+00 0.000E+00 0.000E+00 0.000E+00 0.000E+00 0.000E+00 0.000E+00 0.000E+00
 0.000E+00 0.000E+00 0.000E+00 0.000E+00 0.000E+00 0.000E+00 0.000E+00 0.000E+00 0.000E+00 0.000E+00
 0.000E+00 0.000E+00 0.000E+00 0.000E+00 0.000E+00 0.000E+00 0.000E+00 0.000E+00 0.000E+00 0.000E+00
 0.000E+00 0.000E+00 0.000E+00 0.000E+00 0.000E+00 0.000E+00 0.000E+00 0.000E+00 0.000E+00 0.000E+00
 0.000E+00 0.000E+00 0.000E+00 0.000E+00 0.000E+00 0.000E+00 0.000E+00 0.000E+00 0.000E+00 0.000E+00
 0.000E+00 0.000E+00 0.000E+00 0.000E+00 0.000E+00 0.000E+00 0.000E+00 0.000E+00 0.000E+00 0.000E+00
 0.000E+00 0.000E+00 0.000E+00 0.000E+00 0.000E+00 0.000E+00 0.000E+00 0.000E+00 0.000E+00 0.000E+00
 0.000E+00 0.000E+00 0.000E+00 0.000E+00 0.000E+00 0.000E+00 0.000E+00 0.000E+00 0.000E+00 0.000E+00
 0.000E+00 0.000E+00 0.000E+00 0.000E+00 0.000E+00 0.000E+00 0.000E+00 0.000E+00 0.000E+00 0.000E+00
 0.000E+00 0.000E+00 0.000E+00 0.000E+00 0.000E+00 0.000E+00 0.000E+00 0.000E+00 0.000E+00 0.000E+00
 0.000E+00 0.000E+00 0.000E+00 0.000E+00 0.000E+00 0.000E+00 0.000E+00 0.000E+00 0.000E+00 0.000E+00
 0.000E+00 0.000E+00 0.000E+00 0.000E+00 0.000E+00 0.000E+00 0.000E+00 0.000E+00 0.000E+00 0.000E+00
 0.000E+00 0.000E+00 0.000E+00 0.000E+00 0.000E+00 0.000E+00 0.000E+00 0.000E+00 0.000E+00 0.000E+00
 0.000E+00 0.000E+00 0.000E+00 0.000E+00 0.000E+00 0.000E+00 0.000E+00 0.000E+00 0.000E+00 0.000E+00
 0.000E+00 0.000E+00 0.000E+00 0.000E+00 0.000E+00 0.000E+00 0.000E+00 0.000E+00 0.000E+00 0.000E+00
 0.000E+00 0.000E+00 0.000E+00 0.000E+00 0.000E+00 0.000E+00 0.000E+00 0.000E+00 0.000E+00 0.000E+00
 0.000E+00 0.000E+00 0.000E+00 0.000E+00 0.000E+00 0.000E+00 0.000E+00 0.000E+00 0.000E+00 0.000E+00
 0.000E+00 0.000E+00 0.000E+00 0.000E+00 0.000E+00 0.000E+00 0.000E+00 0.000E+00 0.000E+00 0.000E+00
 0.000E+00 0.000E+00 0.000E+00 0.000E+00 0.000E+00 0.000E+00 0.000E+00 0.000E+00 0.000E+00 0.000E+00
 0.000E+00 0.000E+00 0.000E+00 0.000E+00 0.000E+00 0.000E+00 0.000E+00 0.000E+00 0.000E+00 0.000E+00
 0.000E+00 0.000E+00 0.000E+00 0.000E+00 0.000E+00 0.000E+00 0.000E+00 0.000E+00 0.000E+00 0.000E+00
 0.000E+00 0.000E+00 0.000E+00 0.000E+00 0.000E+00 0.000E+00 0.000E+00 0.000E+00 0.000E+00 0.000E+00
 0.000E+00 0.000E+00 0.000E+00 0.000E+00 0.000E+00 0.000E+00 0.000E+00 0.000E+00 0.000E+00 0.000E+00
 0.000E+00 0.000E+00 0.000E+00 0.000E+00 0.000E+00 0.000E+00 0.000E+00 0.000E+00 0.000E+00 0.000E+00
 0.000E+00 0.000E+00 0.000E+00 0.000E+00 0.000E+00 0.000E+00 0.000E+00 0.000E+00 0.000E+00 0.000E+00
 0.000E+00 0.000E+00 0.000E+00 0.000E+00 0.000E+00 0.000E+00 0.000E+00 0.000E+00 0.000E+00 0.000E+00
 0.000E+00 0.000E+00 0.000E+00 0.000E+00 0.000E+00 0.000E+00 0.000E+00 0.000E+00 0.000E+00 0.000E+00
 0.000E+00 0.000E+00 0.000E+00 0.000E+00 0.000E+00 0.000E+00 0.000E+00 0.000E+00 0.000E+00 0.000E+00
 0.000E+00 0.000E+00 0.000E+00 0.000E+00 0.000E+00 0.000E+00 0.000E+00 0.000E+00 0.000E+00 0.000E+00
 0.000E+00 0.000E+00 0.000E+00 0.000E+00 0.000E+00 0.000E+00 0.000E+00 0.000E+00 0.000E+00 0.000E+00
 0.000E+00 0.000E+00 0.000E+00 0.000E+00 0.000E+00 0.000E+00 0.000E+00 0.000E+00 0.000E+00 0.000E+00
 0.000E+00 0.000E+00 0.000E+00 0.000E+00 0.000E+00 0.000E+00 0.000E+00 0.000E+00 0.000E+00 0.000E+00
 0.000E+00 0.000E+00 0.000E+00 0.000E+00 0.000E+00 0.000E+00 0.000E+00 0.000E+00 0.000E+00 0.000E+00
 0.000E+00 0.000E+00 0.000E+00 0.000E+00 0.000E+00 0.000E+00 0.000E+00 0.000E+00 0.000E+00 0.000E+00
 0.000E+00 0.000E+00 0.000E+00 0.000E+00 0.000E+00 0.000E+00 0.000E+00 0.000E+00 0.000E+00 0.000E+00
 0.000E+00 0.000E+00 0.000E+00 0.000E+00 0.000E+00 0.000E+00 0.000E+00 0.000E+00 0.000E+00 0.000E+00
 0.000E+00 0.000E+00 0.000E+00 0.000E+00 0.000E+00 0.000E+00 0.000E+00 0.000E+00 0.000E+00 0.000E+00
 0.000E+00 0.000E+00 0.000E+00 0.000E+00 0.000E+00 0.000E+00 0.000E+00 0.000E+00 0.000E+00 0.000E+00
 0.000E+00 0.000E+00 0.000E+00 0.000E+00 0.000E+00 0.000E+00 0.000E+00 0.000E+00 0.000E+00 0.000E+00
 0.000E+00 0.000E+00 0.000E+00 0.000E+00 0.000E+00 0.000E+00 0.000E+00 0.000E+00 0.000E+00 0.000E+00
 0.000E+00 0.000E+00 0.000E+00 0.000E+00 0.000E+00 0.000E+00 0.000E+00 0.000E+00 0.000E+00 0.000E+00
 0.000E+00 0.000E+00 0.000E+00 0.000E+00 0.000E+00 0.000E+00 0.000E+00 0.000E+00 0.000E+00 0.000E+00
 0.000E+00 0.000E+00 0.000E+00 0.000E+00 0.000E+00 0.000E+00 0.000E+00 0.000E+00 0.000E+00 0.000E+00
 0.000E+00 0.000E+00 0.000E+00 0.000E+00 0.000E+00 0.000E+00 0.000E+00 0.000E+00 0.000E+00 0.000E+00
 0.000E+00 0.000E+00 0.000E+00 0.000E+00 0.000E+00 0.000E+00 0.000E+00 0.000E+00 0.000E+00 0.000E+00
 0.000E+00 0.000E+00 0.000E+00 0.000E+00 0.000E+00 0.000E+00 0.000E+00 0.000E+00 0.000E+00 0.000E+00
 0.000E+00 0.000E+00 0.000E+00 0.000E+00 0.000E+00 0.000E+00 0.000E+00 0.000E+00 0.000E+00 0.000E+00
 0.000E+00 0.000E+00 0.000E+00 0.000E+00 0.000E+00 0.000E+00 0.000E+00 0.000E+00 0.000E+00 0.000E+00
 0.000E+00 0.000E+00 0.000E+00 0.000E+00 0.000E+00 0.000E+00 0.000E+00 0.000E+00 0.000E+00 0.000E+00
 0.000E+00 0.000E+00 0.000E+00 0.000E+00 0.000E+00 0.000E+00 0.000E+00 0.000E+00 0.000E+00 0.000E+00
 0.000E+00 0.000E+00 0.000E+00 0.000E+00 0.000E+00 0.000E+00 0.000E+00 0.000E+00 0.000E+00 0.000E+00
 0.000E+00 0.000E+00 0.000E+00 0.000E+00 0.000E+00 0.000E+00 0.000E+00 0.000E+00 0.000E+00 0.000E+00
 0.000E+00 0.000E+00 0.000E+00 0.000E+00 0.000E+00 0.000E+00 0.000E+00 0.000E+00 0.000E+00 0.000E+00
 0.000E+00 0.000E+00 0.000E+00 0.000E+00 0.000E+00 0.000E+00 0.000E+00 0.000E+00 0.000E+00 0.000E+00
 0.000E+00 0.000E+00 0.000E+00 0.000E+00 0.000E+00 0.000E+00 0.000E+00 0.000E+00 0.000E+00 0.000E+00
 0.000E+00 0.000E+00 0.000E+00 0.000E+00 0.000E+00 0.000E+00 0.000E+00 0.000E+00 0.000E+00 0.000E+00
 0.000E+00 0.000E+00 0.000E+00 0.000E+00 0.000E+00 0.000E+00 0.000E+00 0.000E+00 0.000E+00 0.000E+00
 0.000E+00 0.000E+00 0.000E+00 0.000E+00 0.000E+00 0.000E+00 0.000E+00 0.000E+00 0.000E+00 0.000E+00
 0.000E+00 0.000E+00 0.000E+00 0.000E+00 0.000E+00 0.000E+00 0.000E+00 0.000E+00 0.000E+00 0.000E+00
 0.000E+00 0.000E+00 0.000E+00 0.000E+00 0.000E+00 0.000E+00 0.000E+00 0.000E+00 0.000E+00 0.000E+00
 0.000E+00 0.000E+00 0.000E+00 0.000E+00 0.000E+00 0.000E+00 0.000E+00 0.000E+00 0.000E+00 0.000E+00
 0.000E+00 0.000E+00 0.000E+00 0.000E+00 0.000E+00 0.000E+00 0.000E+00 0.000E+00 0.000E+00 0.000E+00
 0.000E+00 0.000E+00 0.000E+00 0.000E+00 0.000E+00 0.000E+00 0.000E+00 0.000E+00 0.000E+00 0.000E+00
 0.000E+00 0.000E+00 0.000E+00 0.000E+00 0.000E+00 0.000E+00 0.000E+00 0.000E+00 0.000E+00 3.204E-22
 1.018E-20 2.861E-21 7.244E-21 1.302E-20 4.123E-21 2.932E-21 9.368E-21 6.542E-21 5.806E-21 1.165E-20
 5.294E-21 1.039E-20 9.369E-21 6.825E-21 1.446E-20 5.436E-21 2.022E-22 6.603E-21 7.550E-21 8.207E-21
 1.416E-20 1.077E-20 6.740E-21 1.183E-20 1.086E-20 9.414E-21 8.164E-21 1.250E-20 2.698E-21 1.636E-20
 6.664E-21 9.430E-21 8.347E-21 3.839E-21 8.483E-21 8.048E-21 9.053E-21 1.128E-20 7.973E-21 6.712E-21
 1.098E-20 1.322E-20 1.047E-20 1.151E-20 4.904E-22 5.570E-21 4.399E-21 1.124E-20 6.786E-21 1.331E-20
 1.322E-20 1.039E-20 9.597E-21 1.364E-20 9.041E-21 1.080E-20 7.358E-21 2.067E-21 1.143E-20 1.259E-20
 5.461E-21 1.547E-20 8.171E-21 1.263E-20 6.623E-21 8.096E-21 1.038E-20 8.924E-21 7.239E-21 1.271E-20
 9.089E-21 1.241E-20 1.411E-20 8.953E-21 8.229E-21 1.463E-20 1.070E-20 4.295E-21 8.022E-21 8.038E-21
 8.534E-21 9.599E-21 1.361E-20 8.113E-21 1.077E-20 6.641E-21 8.474E-21 7.558E-21 8.038E-21 8.504E-21
 8.640E-21 1.276E-20 1.035E-20 8.175E-21 1.268E-20 8.263E-21 1.555E-20 1.055E-20 1.405E-20 7.093E-21
 8.025E-21 8.025E-21 8.189E-21 1.319E-20 9.498E-21 1.028E-20 6.011E-21 1.800E-20 1.420E-20 1.168E-20
 5.818E-21 1.178E-20 8.824E-21 3.835E-21 8.072E-21 9.439E-21 8.717E-21 1.501E-20 8.088E-21 9.831E-21
 6.240E-21 1.049E-20 1.215E-20 5.953E-21 1.582E-20 4.286E-21 7.592E-21 9.185E-21 1.504E-20 8.856E-21
 4.933E-21 1.330E-20 1.284E-20 1.260E-20 5.250E-21 8.494E-21 8.193E-21 1.306E-20 5.478E-21 1.568E-20
 1.407E-20 7.775E-21 1.446E-20 5.354E-21 1.185E-20 1.093E-20 1.134E-20 9.653E-21 1.512E-20 1.159E-20
 1.759E-20 1.553E-20 9.428E-21 8.046E-21 8.527E-21 8.917E-21 6.782E-21 1.278E-20 1.081E-20 7.779E-21
 1.455E-20 8.017E-21 7.582E-21 8.409E-21 5.373E-21 1.225E-20 9.146E-21 1.383E-20 1.440E-20 3.392E-21
 8.394E-21 4.983E-21 1.490E-20 1.858E-20 3.150E-21 1.556E-20 1.048E-20 1.207E-20 1.781E-20 8.186E-21
 1.280E-20 1.159E-20 1.732E-20 7.073E-21 7.312E-21 1.490E-20 1.905E-20 1.732E-20 7.374E-21 1.643E-20
 8.638E-21 1.223E-20 8.035E-21 8.035E-21 8.215E-21 1.358E-20 6.533E-21 4.864E-21 1.098E-20 1.283E-20
 1.209E-20 3.844E-21 8.006E-21 7.227E-21 1.187E-20 1.128E-20 7.784E-21 1.475E-20 1.412E-20 9.180E-21
 1.472E-20 1.342E-20 1.618E-20 1.508E-20 1.031E-20 2.076E-20 1.298E-20 1.716E-20 1.663E-20 1.484E-20
 1.713E-20 1.573E-20 1.578E-20 1.711E-20 1.523E-20 1.468E-20 1.202E-20 1.629E-20 1.847E-20 1.379E-20
 1.343E-20 1.691E-20 2.318E-20 1.575E-20 1.633E-20 2.007E-20 2.055E-20 2.090E-20 1.717E-20 1.734E-20
 2.224E-20 1.550E-20 2.284E-20 1.990E-20 2.952E-20 2.461E-20 1.685E-20 2.144E-20 1.963E-20 2.111E-20
 2.398E-20 2.649E-20 3.183E-20 2.403E-20 2.760E-20 2.304E-20 2.589E-20 2.778E-20 2.879E-20 3.103E-20
 2.825E-20 2.879E-20 3.112E-20 3.116E-20 3.239E-20 2.746E-20 3.303E-20 3.274E-20 3.825E-20 3.585E-20
 3.373E-20 4.010E-20 3.565E-20 4.171E-20 4.221E-20 4.328E-20 4.739E-20 4.487E-20 3.895E-20 4.325E-20
 4.670E-20 5.260E-20 4.758E-20 3.660E-20 4.293E-20 5.124E-20 4.889E-20 4.840E-20 4.757E-20 5.076E-20
 4.855E-20 5.217E-20 4.896E-20 5.025E-20 4.717E-20 5.247E-20 4.378E-20 4.834E-20 4.588E-20 5.638E-20
 6.419E-20 6.064E-20 5.210E-20 6.138E-20 6.065E-20 6.678E-20 6.892E-20 6.323E-20 6.011E-20 6.439E-20
 6.704E-20 6.294E-20 6.588E-20 6.984E-20 6.307E-20 6.958E-20 6.949E-20 6.684E-20 7.160E-20 8.901E-20
 8.027E-20 8.365E-20 8.724E-20 8.335E-20 9.268E-20 9.325E-20 9.654E-20 9.742E-20 9.625E-20 1.032E-19
 1.029E-19 1.206E-19 1.231E-19 1.276E-19 1.382E-19 1.356E-19 1.401E-19 1.500E-19 1.532E-19 1.517E-19
 1.625E-19 1.656E-19 1.750E-19 1.785E-19 1.850E-19 1.850E-19 2.007E-19 1.981E-19 2.016E-19 2.113E-19
 2.235E-19 2.266E-19 2.360E-19 2.543E-19 2.595E-19 2.755E-19 2.801E-19 2.941E-19 3.223E-19 3.196E-19
 3.499E-19 3.514E-19 3.698E-19 3.928E-19 4.122E-19 4.214E-19 4.472E-19 4.534E-19 4.752E-19 5.015E-19
 5.229E-19 5.526E-19 5.645E-19 5.871E-19 6.098E-19 6.339E-19 6.601E-19 6.788E-19 6.966E-19 7.315E-19
 7.583E-19 7.822E-19 8.168E-19 8.349E-19 8.649E-19 8.988E-19 9.256E-19 9.489E-19 9.794E-19 1.003E-18
 1.039E-18 1.064E-18 1.105E-18 1.119E-18 1.146E-18 1.173E-18 1.213E-18 1.225E-18 1.273E-18 1.303E-18
 1.321E-18 1.339E-18 1.371E-18 1.402E-18 1.418E-18 1.450E-18 1.470E-18 1.491E-18 1.520E-18 1.533E-18
 1.544E-18 1.564E-18 1.576E-18 1.596E-18 1.601E-18 1.627E-18 1.635E-18 1.631E-18 1.651E-18 1.647E-18
 1.643E-18 1.645E-18 1.647E-18 1.640E-18 1.651E-18 1.647E-18 1.650E-18 1.637E-18 1.622E-18 1.617E-18
 1.621E-18 1.613E-18 1.589E-18 1.599E-18 1.587E-18 1.582E-18 1.590E-18 1.598E-18 1.591E-18 1.602E-18
 1.613E-18 1.623E-18 1.626E-18 1.659E-18 1.679E-18 1.693E-18 1.720E-18 1.740E-18 1.773E-18 1.795E-18
 1.826E-18 1.873E-18 1.923E-18 1.982E-18 2.051E-18 2.120E-18 2.163E-18 2.209E-18 2.239E-18 2.280E-18
 2.305E-18 2.311E-18 2.346E-18 2.353E-18 2.367E-18 2.349E-18 2.285E-18 2.205E-18 2.165E-18 2.074E-18
 1.978E-18 1.888E-18 1.775E-18 1.657E-18 1.567E-18 1.466E-18 1.356E-18 1.320E-18 1.329E-18 1.354E-18
 1.407E-18 1.450E-18 1.498E-18 1.547E-18 1.598E-18 1.644E-18 1.688E-18 1.739E-18 1.785E-18 1.820E-18
 1.853E-18 1.890E-18 1.921E-18 1.943E-18 1.966E-18 1.984E-18 2.016E-18 2.019E-18 2.033E-18 2.015E-18
 2.039E-18 2.032E-18 2.007E-18 1.992E-18 1.971E-18 1.966E-18 1.938E-18 1.886E-18 1.869E-18 1.838E-18
 1.797E-18 1.757E-18 1.715E-18 1.666E-18 1.610E-18 1.568E-18 1.522E-18 1.465E-18 1.419E-18 1.363E-18
 1.306E-18 1.252E-18 1.194E-18 1.145E-18 1.091E-18 1.041E-18 9.891E-19 9.373E-19 8.913E-19 8.494E-19
 7.921E-19 7.461E-19 7.029E-19 6.627E-19 6.277E-19 5.803E-19 5.394E-19 4.995E-19 4.734E-19 4.415E-19
 4.184E-19 3.824E-19 3.461E-19 3.331E-19 3.048E-19 2.799E-19 2.716E-19 2.454E-19 2.268E-19 2.110E-19
 1.977E-19 1.758E-19 1.736E-19 1.500E-19 1.375E-19 1.275E-19 1.342E-19 1.106E-19 1.134E-19 1.012E-19
 9.526E-20 8.614E-20 9.157E-20 8.653E-20 7.487E-20 7.372E-20 6.710E-20 6.373E-20 6.028E-20 5.428E-20
 5.570E-20 5.631E-20 4.675E-20 5.313E-20 4.893E-20 4.840E-20 4.621E-20 3.647E-20 3.733E-20 3.537E-20
 4.632E-20 3.995E-20 4.395E-20 3.840E-20 3.948E-20 4.404E-20 4.117E-20 3.863E-20 3.198E-20 2.828E-20
 4.302E-20 3.837E-20 3.834E-20 3.722E-20 3.201E-20 4.291E-20 3.505E-20 3.631E-20 3.232E-20 3.809E-20
 2.979E-20 3.215E-20 3.291E-20 2.801E-20 3.427E-20 2.685E-20 2.751E-20 3.370E-20 3.753E-20 2.699E-20
 3.148E-20 2.708E-20 3.443E-20 3.164E-20 3.128E-20 2.077E-20 2.632E-20 2.482E-20 8.244E-21 2.731E-20
 2.727E-20 2.576E-20 2.252E-20 2.289E-20 2.037E-20 2.826E-20 2.764E-20 2.285E-20 1.872E-20 2.063E-20
 2.200E-20 2.110E-20 2.200E-20 2.122E-20 2.556E-20 1.640E-20 2.055E-20 1.989E-20 2.747E-20 1.769E-20
 1.713E-20 1.430E-20 1.363E-20 2.114E-20 2.336E-20 1.993E-20 1.491E-20 1.762E-20 1.531E-20 1.568E-20
 1.308E-20 1.879E-20 2.204E-20 8.287E-21 1.431E-20 1.359E-20 1.993E-20 1.476E-20 1.305E-20 1.759E-20
 1.425E-20 1.169E-20 1.846E-20 1.240E-20 1.223E-20 2.102E-20 1.939E-20 1.231E-20 9.159E-21 1.240E-20
 1.227E-20 2.217E-20 1.190E-20 1.134E-20 2.169E-20 1.139E-20 9.720E-21 1.524E-20 1.347E-20 1.617E-20
 1.341E-20 1.408E-20 6.230E-21 8.232E-21 1.251E-20 1.532E-20 1.570E-20 1.347E-20 1.606E-20 1.017E-20
 1.454E-20 6.447E-21 1.490E-20 1.715E-20 1.468E-20 1.074E-20 1.800E-20 1.237E-20 1.088E-20 8.280E-21
 1.394E-20 1.611E-20 1.135E-20 8.359E-21 1.600E-20 8.248E-21 1.303E-20 1.668E-20 1.462E-20 8.637E-21
 1.054E-20 1.199E-20 1.355E-20 1.848E-20 1.317E-20 2.073E-20 1.058E-20 1.281E-20 1.022E-20 1.608E-20
 1.067E-20 1.596E-20 2.092E-20 1.607E-20 1.030E-20 1.839E-20 1.000E-20 9.899E-21 2.037E-20 1.407E-20
 1.999E-20 1.635E-20 1.815E-20 2.624E-21 1.160E-20 1.573E-20 1.387E-20 1.391E-20 1.545E-20 1.957E-20
 1.763E-20 1.520E-20 1.222E-20 2.019E-20 8.396E-21 1.714E-20 1.444E-20 1.717E-20 1.534E-20 1.636E-20
 1.908E-20 1.691E-20 2.169E-20 2.508E-20 1.547E-20 1.971E-20 7.975E-21 1.864E-20 1.773E-20 1.815E-20
 1.660E-20 1.204E-20 1.478E-20 1.343E-20 1.491E-20 1.739E-20 2.200E-20 2.069E-20 2.339E-20 2.057E-20
 1.981E-20 2.488E-20 2.331E-20 1.803E-20 1.310E-20 1.835E-20 8.994E-21 2.097E-20 1.764E-20 1.572E-20
 2.752E-20 1.877E-20 2.177E-20 2.748E-20 1.794E-20 2.429E-20 1.978E-20 2.384E-20 2.017E-20 2.141E-20
 1.697E-20 2.314E-20 1.315E-20 2.000E-20 1.640E-20 2.020E-20 2.238E-20 1.829E-20 2.091E-20 1.610E-20
 2.479E-20 2.074E-20 2.479E-20 2.068E-20 2.301E-20 2.295E-20 2.097E-20 1.772E-20 1.778E-20 1.960E-20
 1.841E-20 2.436E-20 2.150E-20 1.993E-20 2.803E-20 2.006E-20 1.845E-20 2.574E-20 2.120E-20 2.453E-20
 2.679E-20 2.490E-20 2.408E-20 2.742E-20 2.957E-20 2.447E-20 2.478E-20 2.019E-20 2.217E-20 2.591E-20
 2.623E-20 2.219E-20 2.649E-20 2.933E-20 1.743E-20 2.307E-20 2.493E-20 2.501E-20 2.706E-20 1.890E-20
 2.519E-20 1.891E-20 2.535E-20 2.363E-20 2.779E-20 2.676E-20 2.408E-20 2.720E-20 2.303E-20 2.327E-20
 1.700E-20 2.410E-20 2.785E-20 2.859E-20 2.323E-20 2.935E-20 1.791E-20 2.353E-20 2.447E-20 2.503E-20
 2.779E-20 2.702E-20 3.150E-20 2.627E-20 2.301E-20 2.309E-20 2.551E-20 2.811E-20 2.263E-20 2.537E-20
 2.391E-20 2.216E-20 2.566E-20 3.254E-20 2.975E-20 2.963E-20 2.647E-20 2.911E-20 2.454E-20 2.701E-20
 3.113E-20 2.911E-20 2.467E-20 3.068E-20 2.959E-20 2.491E-20 2.409E-20 2.744E-20 3.031E-20 3.244E-20
 2.682E-20 2.577E-20 3.592E-20 3.361E-20 3.395E-20 3.031E-20 3.255E-20 3.026E-20 3.125E-20 3.300E-20
 2.973E-20 2.932E-20 3.092E-20 3.653E-20 2.436E-20 3.514E-20 2.411E-20 2.798E-20 3.267E-20 3.360E-20
 3.358E-20 3.312E-20 3.293E-20 2.741E-20 2.944E-20 3.446E-20 3.166E-20 3.132E-20 3.491E-20 3.116E-20
 3.025E-20 3.081E-20 3.380E-20 3.978E-20 3.771E-20 3.124E-20 3.268E-20 3.416E-20 3.653E-20 3.786E-20
 3.592E-20 3.374E-20 3.769E-20 3.068E-20 2.994E-20 3.557E-20 3.661E-20 2.695E-20 4.263E-20 2.559E-20
 3.006E-20 2.534E-20 3.695E-20 3.663E-20 4.057E-20 3.368E-20 3.599E-20 3.533E-20 2.996E-20 3.615E-20
 4.004E-20 3.172E-20 3.312E-20 3.333E-20 3.932E-20 3.805E-20 4.179E-20 4.213E-20 3.824E-20 3.307E-20
 3.176E-20 3.440E-20 4.345E-20 3.626E-20 4.338E-20 3.430E-20 4.085E-20 4.178E-20 4.181E-20 4.252E-20
 3.612E-20 3.947E-20 4.199E-20 3.402E-20 3.237E-20 3.836E-20 3.713E-20 4.197E-20 4.747E-20 4.486E-20
 3.666E-20 4.160E-20 3.661E-20 4.019E-20 3.617E-20 4.102E-20 4.661E-20 3.346E-20 4.359E-20 5.392E-20
 4.300E-20 3.673E-20 4.380E-20 4.657E-20 4.604E-20 4.415E-20 4.319E-20 4.212E-20 3.793E-20 3.822E-20
 4.648E-20 4.330E-20 4.559E-20 4.470E-20 4.567E-20 4.705E-20 4.649E-20 4.373E-20 4.465E-20 4.423E-20
 4.583E-20 5.184E-20 5.071E-20 4.470E-20 4.550E-20 4.207E-20 5.019E-20 4.337E-20 4.780E-20 5.523E-20
 5.465E-20 5.141E-20 5.167E-20 4.580E-20 5.079E-20 4.726E-20 5.276E-20 5.029E-20 4.633E-20 5.281E-20
 5.172E-20 4.729E-20 5.353E-20 4.584E-20 5.210E-20 5.823E-20 4.725E-20 5.236E-20 5.247E-20 5.548E-20
 4.905E-20 6.411E-20 5.621E-20 5.595E-20 4.866E-20 5.300E-20 5.752E-20 5.396E-20 5.879E-20 6.361E-20
 5.533E-20 5.759E-20 5.605E-20 6.526E-20 6.294E-20 6.291E-20 6.201E-20 6.303E-20 6.581E-20 6.561E-20
 7.323E-20 6.461E-20 5.746E-20 6.587E-20 6.731E-20 6.858E-20 6.497E-20 6.813E-20 6.552E-20 7.060E-20
 6.961E-20 6.811E-20 7.896E-20 8.326E-20 7.329E-20 8.087E-20 8.513E-20 8.704E-20 7.524E-20 8.353E-20
 8.121E-20 8.137E-20 8.581E-20 7.980E-20 8.087E-20 8.490E-20 8.054E-20 8.877E-20 8.535E-20 9.361E-20
 9.063E-20 8.517E-20 8.831E-20 8.523E-20 9.017E-20 8.523E-20 9.047E-20 9.416E-20 9.320E-20 9.238E-20
 9.568E-20 9.701E-20 9.544E-20 1.038E-19 1.047E-19 1.026E-19 1.095E-19 1.080E-19 1.053E-19 1.082E-19
 1.099E-19 1.206E-19 1.184E-19 1.104E-19 1.197E-19 1.197E-19 1.217E-19 1.240E-19 1.234E-19 1.342E-19
 1.360E-19 1.342E-19 1.379E-19 1.364E-19 1.343E-19 1.408E-19 1.527E-19 1.489E-19 1.473E-19 1.527E-19
 1.492E-19 1.553E-19 1.578E-19 1.626E-19 1.668E-19 1.669E-19 1.705E-19 1.672E-19 1.803E-19 1.820E-19
 1.786E-19 1.869E-19 1.846E-19 1.849E-19 1.959E-19 2.028E-19 2.020E-19 2.056E-19 2.010E-19 2.158E-19
 2.143E-19 2.250E-19 2.255E-19 2.263E-19 2.372E-19 2.425E-19 2.368E-19 2.458E-19 2.496E-19 2.529E-19
 2.561E-19 2.663E-19 2.520E-19 2.685E-19 2.753E-19 2.722E-19 2.766E-19 2.814E-19 2.878E-19 2.965E-19
 2.949E-19 3.005E-19 3.032E-19 3.126E-19 3.171E-19 3.249E-19 3.226E-19 3.368E-19 3.443E-19 3.344E-19
 3.439E-19 3.495E-19 3.501E-19 3.541E-19 3.627E-19 3.698E-19 3.738E-19 3.819E-19 3.879E-19 4.014E-19
 4.020E-19 4.065E-19 4.165E-19 4.214E-19 4.290E-19 4.484E-19 4.465E-19 4.577E-19 4.605E-19 4.607E-19
 4.782E-19 4.758E-19 4.728E-19 4.801E-19 4.882E-19 4.833E-19 5.015E-19 5.060E-19 5.142E-19 5.228E-19
 5.306E-19 5.404E-19 5.414E-19 5.454E-19 5.531E-19 5.625E-19 5.773E-19 5.767E-19 5.986E-19 6.009E-19
 6.013E-19 6.146E-19 6.362E-19 6.430E-19 6.380E-19 6.536E-19 6.620E-19 6.620E-19 6.775E-19 6.836E-19
 6.987E-19 7.058E-19 7.231E-19 7.253E-19 7.352E-19 7.387E-19 7.459E-19 7.548E-19 7.703E-19 7.765E-19
 7.814E-19 7.868E-19 7.959E-19 8.051E-19 8.154E-19 8.311E-19 8.283E-19 8.421E-19 8.525E-19 8.579E-19
 8.664E-19 8.711E-19 8.863E-19 8.947E-19 9.114E-19 9.089E-19 9.174E-19 9.354E-19 9.462E-19 9.507E-19
 9.581E-19 9.718E-19 9.789E-19 9.815E-19 9.905E-19 9.958E-19 1.016E-18 1.022E-18 1.033E-18 1.044E-18
 1.046E-18 1.055E-18 1.071E-18 1.090E-18 1.090E-18 1.103E-18 1.117E-18 1.128E-18 1.127E-18 1.145E-18
 1.154E-18 1.167E-18 1.183E-18 1.194E-18 1.204E-18 1.216E-18 1.226E-18 1.228E-18 1.255E-18 1.263E-18
 1.290E-18 1.295E-18 1.303E-18 1.314E-18 1.328E-18 1.346E-18 1.357E-18 1.366E-18 1.390E-18 1.408E-18
 1.409E-18 1.429E-18 1.442E-18 1.456E-18 1.464E-18 1.482E-18 1.509E-18 1.523E-18 1.532E-18 1.547E-18
 1.552E-18 1.578E-18 1.584E-18 1.601E-18 1.607E-18 1.619E-18 1.615E-18 1.636E-18 1.644E-18 1.640E-18
 1.640E-18 1.642E-18 1.655E-18 1.658E-18 1.652E-18 1.654E-18 1.636E-18 1.644E-18 1.626E-18 1.641E-18
 1.624E-18 1.637E-18 1.621E-18 1.619E-18 1.632E-18 1.639E-18 1.630E-18 1.632E-18 1.641E-18 1.628E-18
 1.635E-18 1.645E-18 1.627E-18 1.649E-18 1.630E-18 1.633E-18 1.622E-18 1.636E-18 1.623E-18 1.626E-18
 1.626E-18 1.624E-18 1.630E-18 1.610E-18 1.615E-18 1.607E-18 1.605E-18 1.605E-18 1.600E-18 1.603E-18
 1.604E-18 1.599E-18 1.602E-18 1.602E-18 1.578E-18 1.577E-18 1.586E-18 1.580E-18 1.560E-18 1.558E-18
 1.561E-18 1.563E-18 1.551E-18 1.556E-18 1.537E-18 1.549E-18 1.527E-18 1.527E-18 1.519E-18 1.511E-18
 1.516E-18 1.509E-18 1.500E-18 1.502E-18 1.486E-18 1.482E-18 1.482E-18 1.478E-18 1.462E-18 1.458E-18
 1.444E-18 1.439E-18 1.453E-18 1.430E-18 1.426E-18 1.422E-18 1.426E-18 1.412E-18 1.411E-18 1.413E-18
 1.413E-18 1.407E-18 1.404E-18 1.393E-18 1.400E-18 1.384E-18 1.384E-18 1.387E-18 1.394E-18 1.384E-18
 1.383E-18 1.391E-18 1.388E-18 1.392E-18 1.395E-18 1.396E-18 1.407E-18 1.405E-18 1.419E-18 1.422E-18
 1.421E-18 1.435E-18 1.444E-18 1.464E-18 1.468E-18 1.476E-18 1.487E-18 1.500E-18 1.528E-18 1.546E-18
 1.557E-18 1.567E-18 1.596E-18 1.615E-18 1.637E-18 1.658E-18 1.672E-18 1.700E-18 1.718E-18 1.740E-18
 1.787E-18 1.789E-18 1.821E-18 1.841E-18 1.883E-18 1.902E-18 1.927E-18 1.954E-18 1.990E-18 2.002E-18
 2.041E-18 2.048E-18 2.080E-18 2.124E-18 2.142E-18 2.166E-18 2.200E-18 2.221E-18 2.248E-18 2.281E-18
 2.311E-18 2.330E-18 2.341E-18 2.378E-18 2.404E-18 2.426E-18 2.480E-18 2.477E-18 2.511E-18 2.553E-18
 2.582E-18 2.598E-18 2.646E-18 2.659E-18 2.726E-18 2.746E-18 2.814E-18 2.828E-18 2.871E-18 2.935E-18
 2.992E-18 3.048E-18 3.065E-18 3.116E-18 3.175E-18 3.219E-18 3.269E-18 3.306E-18 3.330E-18 3.389E-18
 3.434E-18 3.443E-18 3.419E-18 3.386E-18 3.344E-18 3.342E-18 3.324E-18 3.279E-18 3.251E-18 3.229E-18
 3.238E-18 3.246E-18 3.261E-18 3.265E-18 3.223E-18 3.218E-18 3.202E-18 3.195E-18 3.193E-18 3.160E-18
 3.170E-18 3.178E-18 3.192E-18 3.173E-18 3.166E-18 3.168E-18 3.174E-18 3.208E-18 3.224E-18 3.207E-18
 3.215E-18 3.229E-18 3.238E-18 3.237E-18 3.236E-18 3.267E-18 3.236E-18 3.255E-18 3.243E-18 3.257E-18
 3.253E-18 3.244E-18 3.252E-18 3.239E-18 3.220E-18 3.216E-18 3.250E-18 3.241E-18 3.206E-18 3.231E-18
 3.221E-18 3.190E-18 3.211E-18 3.193E-18 3.172E-18 3.177E-18 3.167E-18 3.185E-18 3.145E-18 3.169E-18
 3.151E-18 3.150E-18 3.128E-18 3.120E-18 3.128E-18 3.101E-18 3.115E-18 3.101E-18 3.096E-18 3.094E-18
 3.078E-18 3.097E-18 3.096E-18 3.113E-18 3.090E-18 3.106E-18 3.112E-18 3.105E-18 3.099E-18 3.087E-18
 3.075E-18 3.071E-18 3.065E-18 3.031E-18 3.024E-18 3.039E-18 2.998E-18 2.985E-18 2.985E-18 2.945E-18
 2.930E-18 2.897E-18 2.873E-18 2.847E-18 2.827E-18 2.818E-18 2.800E-18 2.771E-18 2.756E-18 2.735E-18
 2.695E-18 2.689E-18 2.665E-18 2.641E-18 2.603E-18 2.600E-18 2.599E-18 2.582E-18 2.553E-18 2.521E-18
 2.512E-18 2.487E-18 2.452E-18 2.451E-18 2.424E-18 2.412E-18 2.411E-18 2.378E-18 2.347E-18 2.318E-18
 2.287E-18 2.277E-18 2.236E-18 2.215E-18 2.179E-18 2.151E-18 2.115E-18 2.105E-18 2.065E-18 2.047E-18
 2.018E-18 1.994E-18 1.963E-18 1.941E-18 1.913E-18 1.894E-18 1.862E-18 1.836E-18 1.807E-18 1.780E-18
 1.761E-18 1.736E-18 1.722E-18 1.697E-18 1.660E-18 1.647E-18 1.631E-18 1.592E-18 1.572E-18 1.541E-18
 1.532E-18 1.502E-18 1.486E-18 1.461E-18 1.441E-18 1.418E-18 1.402E-18 1.375E-18 1.349E-18 1.334E-18
 1.302E-18 1.288E-18 1.251E-18 1.234E-18 1.222E-18 1.199E-18 1.175E-18 1.153E-18 1.136E-18 1.109E-18
 1.089E-18 1.072E-18 1.050E-18 1.024E-18 1.010E-18 9.825E-19 9.642E-19 9.450E-19 9.247E-19 9.014E-19
 8.873E-19 8.683E-19 8.412E-19 8.223E-19 8.147E-19 7.939E-19 7.718E-19 7.493E-19 7.439E-19 7.193E-19
 6.949E-19 6.873E-19 6.692E-19 6.547E-19 6.374E-19 6.211E-19 6.064E-19 5.968E-19 5.733E-19 5.667E-19
 5.484E-19 5.314E-19 5.199E-19 4.975E-19 4.812E-19 4.671E-19 4.616E-19 4.481E-19 4.359E-19 4.297E-19
 4.128E-19 4.071E-19 3.908E-19 3.738E-19 3.653E-19 3.610E-19 3.459E-19 3.367E-19 3.280E-19 3.172E-19
 3.134E-19 2.990E-19 2.961E-19 2.817E-19 2.808E-19 2.684E-19 2.575E-19 2.498E-19 2.430E-19 2.358E-19
 2.274E-19 2.257E-19 2.172E-19 2.148E-19 2.117E-19 2.023E-19 1.980E-19 1.947E-19 1.929E-19 1.807E-19
 1.790E-19 1.692E-19 1.686E-19 1.640E-19 1.647E-19 1.570E-19 1.513E-19 1.471E-19 1.451E-19 1.402E-19
 1.349E-19 1.295E-19 1.324E-19 1.237E-19 1.268E-19 1.218E-19 1.240E-19 1.215E-19 1.154E-19 1.160E-19
 1.179E-19 1.069E-19 1.096E-19 1.071E-19 1.043E-19 1.025E-19 1.034E-19 1.028E-19 9.916E-20 1.013E-19
 9.745E-20 9.221E-20 8.881E-20 9.751E-20 9.412E-20 9.014E-20 9.549E-20 8.925E-20 8.334E-20 8.707E-20
 8.742E-20 8.422E-20 8.555E-20 8.361E-20 8.124E-20 8.000E-20 8.412E-20 8.265E-20 8.031E-20 7.976E-20
 7.748E-20 7.827E-20 7.459E-20 7.539E-20 7.187E-20 7.723E-20 7.133E-20 7.519E-20 7.920E-20 7.464E-20
 7.693E-20 7.579E-20 6.992E-20 7.453E-20 7.355E-20 7.222E-20 7.398E-20 7.123E-20 7.209E-20 7.012E-20
 6.688E-20 6.730E-20 6.599E-20 6.838E-20 7.023E-20 7.030E-20 7.214E-20 7.159E-20 6.934E-20 7.103E-20
 6.654E-20 7.048E-20 6.394E-20 6.273E-20 6.761E-20 6.166E-20 6.412E-20 6.792E-20 7.022E-20 6.982E-20
 7.158E-20 6.864E-20 6.460E-20 6.821E-20 6.553E-20 6.831E-20 6.836E-20 6.979E-20 7.072E-20 7.075E-20
 7.145E-20 6.502E-20 6.710E-20 7.360E-20 7.354E-20 7.163E-20 7.032E-20 7.244E-20 6.682E-20 6.560E-20
 7.009E-20 6.596E-20 6.747E-20 7.079E-20 7.247E-20 6.805E-20 7.403E-20 7.254E-20 6.989E-20 7.365E-20
 7.503E-20 7.457E-20 7.457E-20 7.453E-20 7.369E-20 7.597E-20 7.498E-20 7.324E-20 7.651E-20 7.684E-20
 7.321E-20 7.573E-20 8.126E-20 8.030E-20 7.944E-20 8.120E-20 7.865E-20 8.531E-20 8.990E-20 8.839E-20
 8.513E-20 8.468E-20 8.528E-20 8.879E-20 8.344E-20 8.969E-20 9.560E-20 9.226E-20 8.972E-20 9.677E-20
 9.889E-20 9.339E-20 9.551E-20 1.028E-19 9.957E-20 9.959E-20 9.998E-20 9.826E-20 1.020E-19 1.016E-19
 1.055E-19 1.111E-19 1.117E-19 1.135E-19 1.120E-19 1.110E-19 1.212E-19 1.202E-19 1.193E-19 1.204E-19
 1.236E-19 1.247E-19 1.271E-19 1.312E-19 1.288E-19 1.404E-19 1.384E-19 1.367E-19 1.387E-19 1.432E-19
 1.407E-19 1.481E-19 1.463E-19 1.501E-19 1.523E-19 1.622E-19 1.664E-19 1.658E-19 1.636E-19 1.675E-19
 1.712E-19 1.709E-19 1.749E-19 1.834E-19 1.875E-19 1.867E-19 1.902E-19 1.959E-19 2.021E-19 2.051E-19
 2.122E-19 2.154E-19 2.147E-19 2.212E-19 2.225E-19 2.318E-19 2.314E-19 2.348E-19 2.378E-19 2.445E-19
 2.503E-19 2.566E-19 2.641E-19 2.677E-19 2.758E-19 2.708E-19 2.861E-19 2.860E-19 2.959E-19 2.996E-19
 3.013E-19 3.106E-19 3.227E-19 3.239E-19 3.311E-19 3.385E-19 3.398E-19 3.489E-19 3.570E-19 3.644E-19
 3.766E-19 3.801E-19 3.876E-19 3.900E-19 4.035E-19 4.061E-19 4.136E-19 4.177E-19 4.288E-19 4.388E-19
 4.480E-19 4.578E-19 4.600E-19 4.687E-19 4.803E-19 4.913E-19 4.902E-19 5.102E-19 5.130E-19 5.263E-19
 5.359E-19 5.438E-19 5.454E-19 5.627E-19 5.681E-19 5.777E-19 5.983E-19 6.029E-19 6.146E-19 6.187E-19
 6.292E-19 6.390E-19 6.536E-19 6.602E-19 6.747E-19 6.794E-19 6.926E-19 7.014E-19 7.133E-19 7.227E-19
 7.385E-19 7.536E-19 7.600E-19 7.710E-19 7.803E-19 7.935E-19 8.130E-19 8.123E-19 8.321E-19 8.417E-19
 8.521E-19 8.694E-19 8.740E-19 8.853E-19 9.038E-19 9.143E-19 9.244E-19 9.334E-19 9.411E-19 9.615E-19
 9.724E-19 9.798E-19 9.928E-19 1.006E-18 1.018E-18 1.035E-18 1.047E-18 1.052E-18 1.071E-18 1.079E-18
 1.092E-18 1.113E-18 1.118E-18 1.127E-18 1.140E-18 1.160E-18 1.166E-18 1.187E-18 1.198E-18 1.201E-18
 1.207E-18 1.229E-18 1.240E-18 1.251E-18 1.263E-18 1.277E-18 1.280E-18 1.298E-18 1.307E-18 1.315E-18
 1.331E-18 1.348E-18 1.348E-18 1.361E-18 1.377E-18 1.380E-18 1.389E-18 1.401E-18 1.408E-18 1.422E-18
 1.428E-18 1.447E-18 1.442E-18 1.453E-18 1.461E-18 1.470E-18 1.471E-18 1.474E-18 1.488E-18 1.488E-18
 1.496E-18 1.499E-18 1.498E-18 1.509E-18 1.499E-18 1.514E-18 1.502E-18 1.506E-18 1.511E-18 1.503E-18
 1.497E-18 1.492E-18 1.484E-18 1.491E-18 1.468E-18 1.469E-18 1.456E-18 1.448E-18 1.429E-18 1.424E-18
 1.403E-18 1.385E-18 1.367E-18 1.342E-18 1.333E-18 1.315E-18 1.286E-18 1.274E-18 1.246E-18 1.221E-18
 1.184E-18 1.176E-18 1.145E-18 1.126E-18 1.111E-18 1.100E-18 1.090E-18 1.089E-18 1.092E-18 1.082E-18
 1.088E-18 1.099E-18 1.107E-18 1.124E-18 1.132E-18 1.145E-18 1.174E-18 1.181E-18 1.205E-18 1.223E-18
 1.225E-18 1.246E-18 1.252E-18 1.267E-18 1.274E-18 1.284E-18 1.281E-18 1.288E-18 1.281E-18 1.293E-18
 1.286E-18 1.284E-18 1.275E-18 1.268E-18 1.248E-18 1.234E-18 1.215E-18 1.204E-18 1.183E-18 1.177E-18
 1.151E-18 1.137E-18 1.116E-18 1.092E-18 1.071E-18 1.050E-18 1.033E-18 1.017E-18 9.986E-19 9.838E-19
 9.744E-19 9.556E-19 9.375E-19 9.217E-19 9.094E-19 9.023E-19 8.846E-19 8.704E-19 8.487E-19 8.376E-19
 8.246E-19 8.131E-19 8.007E-19 7.924E-19 7.793E-19 7.630E-19 7.473E-19 7.379E-19 7.209E-19 7.128E-19
 7.051E-19 6.853E-19 6.762E-19 6.673E-19 6.537E-19 6.466E-19 6.313E-19 6.175E-19 6.062E-19 5.904E-19
 5.767E-19 5.689E-19 5.580E-19 5.514E-19 5.340E-19 5.287E-19 5.100E-19 5.047E-19 5.005E-19 4.855E-19
 4.814E-19 4.576E-19 4.525E-19 4.523E-19 4.343E-19 4.223E-19 4.133E-19 4.074E-19 3.984E-19 3.927E-19
 3.759E-19 3.714E-19 3.642E-19 3.547E-19 3.498E-19 3.416E-19 3.339E-19 3.243E-19 3.166E-19 3.087E-19
 2.956E-19 2.904E-19 2.886E-19 2.783E-19 2.734E-19 2.682E-19 2.627E-19 2.524E-19 2.503E-19 2.422E-19
 2.369E-19 2.307E-19 2.257E-19 2.176E-19 2.097E-19 2.089E-19 2.001E-19 2.011E-19 1.904E-19 1.874E-19
 1.821E-19 1.766E-19 1.794E-19 1.657E-19 1.713E-19 1.602E-19 1.595E-19 1.528E-19 1.491E-19 1.495E-19
 1.459E-19 1.375E-19 1.357E-19 1.363E-19 1.266E-19 1.292E-19 1.229E-19 1.154E-19 1.122E-19 1.139E-19
 1.111E-19 1.101E-19 1.083E-19 9.770E-20 9.810E-20 9.628E-20 9.728E-20 9.874E-20 8.831E-20 9.463E-20
 9.000E-20 8.964E-20 8.009E-20 8.495E-20 7.854E-20 8.083E-20 7.988E-20 7.919E-20 7.322E-20 7.454E-20
 7.278E-20 7.520E-20 7.755E-20 6.589E-20 6.399E-20 6.289E-20 7.082E-20 7.207E-20 6.813E-20 6.182E-20
 6.691E-20 6.631E-20 6.261E-20 6.266E-20 5.168E-20 5.521E-20 5.080E-20 5.697E-20 6.055E-20 5.738E-20
 5.925E-20 5.961E-20 5.679E-20 5.588E-20 5.631E-20 5.549E-20 5.824E-20 5.707E-20 5.068E-20 5.321E-20
 4.618E-20 4.468E-20 5.381E-20 5.015E-20 5.151E-20 5.061E-20 5.158E-20 5.230E-20 4.689E-20 5.103E-20
 5.029E-20 5.502E-20 4.548E-20 5.046E-20 4.711E-20 4.430E-20 4.358E-20 4.909E-20 4.782E-20 5.081E-20
 4.407E-20 5.007E-20 4.910E-20 4.806E-20 4.512E-20 5.341E-20 5.177E-20 4.512E-20 5.333E-20 4.966E-20
 5.046E-20 4.732E-20 5.015E-20 5.153E-20 5.101E-20 4.964E-20 5.012E-20 5.055E-20 4.981E-20 5.488E-20
 5.378E-20 4.919E-20 5.071E-20 5.380E-20 4.969E-20 5.156E-20 5.211E-20 5.431E-20 5.115E-20 5.333E-20
 4.959E-20 4.878E-20 5.206E-20 5.292E-20 5.107E-20 5.115E-20 5.326E-20 4.796E-20 5.488E-20 5.383E-20
 5.062E-20 5.150E-20 5.014E-20 5.107E-20 5.100E-20 4.908E-20 4.731E-20 4.971E-20 5.196E-20 5.018E-20
 5.205E-20 5.260E-20 5.484E-20 5.296E-20 5.208E-20 5.354E-20 5.531E-20 5.315E-20 5.722E-20 5.442E-20
 5.383E-20 5.067E-20 5.308E-20 5.547E-20 5.728E-20 5.632E-20 5.526E-20 5.173E-20 5.631E-20 5.479E-20
 5.139E-20 4.748E-20 5.454E-20 5.744E-20 6.055E-20 5.674E-20 5.401E-20 5.522E-20 5.064E-20 5.234E-20
 6.049E-20 5.523E-20 5.056E-20 4.986E-20 5.598E-20 5.863E-20 5.502E-20 5.766E-20 5.409E-20 5.768E-20
 5.446E-20 5.508E-20 5.921E-20 5.811E-20 5.372E-20 6.031E-20 6.301E-20 6.084E-20 6.482E-20 5.966E-20
 5.793E-20 6.108E-20 5.875E-20 5.827E-20 5.786E-20 5.921E-20 5.842E-20 6.204E-20 5.975E-20 6.014E-20
 5.853E-20 6.493E-20 6.248E-20 5.889E-20 6.203E-20 5.930E-20 6.064E-20 5.934E-20 6.167E-20 6.232E-20
 6.728E-20 6.370E-20 6.694E-20 6.680E-20 6.315E-20 6.454E-20 6.450E-20 6.354E-20 6.267E-20 6.401E-20
 6.261E-20 6.256E-20 6.124E-20 6.296E-20 5.932E-20 6.131E-20 6.495E-20 6.318E-20 6.557E-20 6.739E-20
 6.650E-20 6.751E-20 6.960E-20 6.370E-20 6.684E-20 6.427E-20 6.990E-20 7.177E-20 7.221E-20 7.168E-20
 6.990E-20 7.168E-20 6.967E-20 6.578E-20 7.300E-20 6.806E-20 7.202E-20 6.681E-20 7.584E-20 6.937E-20
 6.995E-20 7.293E-20 6.614E-20 7.028E-20 6.959E-20 7.575E-20 6.649E-20 5.450E-20 5.613E-20 6.272E-20
 6.562E-20 6.873E-20 6.532E-20 7.302E-20 6.841E-20 6.911E-20 7.537E-20 6.901E-20 5.991E-20 6.437E-20
 5.982E-20 6.252E-20 7.239E-20 6.341E-20 5.838E-20 4.768E-20 4.709E-20 5.628E-20 6.664E-20 7.121E-20
 6.933E-20 6.873E-20 6.513E-20 6.793E-20 6.867E-20 7.596E-20 7.247E-20 6.627E-20 7.361E-20 7.150E-20
 6.470E-20 6.891E-20 6.970E-20 6.620E-20 7.153E-20 6.563E-20 6.879E-20 6.640E-20 6.453E-20 6.424E-20
 6.863E-20 6.216E-20 6.255E-20 6.063E-20 5.908E-20 6.697E-20 6.745E-20 6.770E-20 6.233E-20 6.735E-20
 6.484E-20 5.986E-20 6.314E-20 6.426E-20 6.934E-20 6.886E-20 6.813E-20 6.118E-20 6.106E-20 5.785E-20
 5.857E-20 5.315E-20 5.700E-20 6.079E-20 6.314E-20 6.386E-20 5.823E-20 5.666E-20 6.395E-20 6.062E-20
 5.853E-20 6.445E-20 6.167E-20 6.161E-20 6.029E-20 6.206E-20 5.978E-20 6.065E-20 5.907E-20 5.404E-20
 5.595E-20 5.746E-20 6.062E-20 5.830E-20 5.820E-20 5.549E-20 5.720E-20 5.370E-20 5.930E-20 6.016E-20
 5.844E-20 6.225E-20 6.477E-20 5.812E-20 6.577E-20 5.980E-20 6.114E-20 5.975E-20 5.990E-20 6.402E-20
 6.225E-20 5.179E-20 4.447E-20 3.539E-20 5.266E-20 5.601E-20 5.880E-20 5.942E-20 6.344E-20 5.943E-20
 6.354E-20 6.210E-20 6.034E-20 5.091E-20 5.870E-20 5.658E-20 6.171E-20 6.279E-20 6.713E-20 7.180E-20
 7.243E-20 6.470E-20 6.844E-20 6.933E-20 6.835E-20 6.689E-20 6.504E-20 6.554E-20 7.886E-20 7.567E-20
 7.677E-20 6.964E-20 7.704E-20 7.668E-20 7.953E-20 8.133E-20 8.015E-20 8.562E-20 8.331E-20 8.340E-20
 8.575E-20 8.674E-20 8.861E-20 8.913E-20 9.043E-20 8.829E-20 9.285E-20 9.130E-20 9.889E-20 9.166E-20
 9.636E-20 9.811E-20 9.564E-20 1.040E-19 1.035E-19 1.027E-19 1.077E-19 1.038E-19 1.109E-19 1.034E-19
 1.132E-19 1.141E-19 1.136E-19 1.133E-19 1.185E-19 1.213E-19 1.224E-19 1.262E-19 1.299E-19 1.297E-19
 1.369E-19 1.316E-19 1.372E-19 1.390E-19 1.372E-19 1.391E-19 1.411E-19 1.426E-19 1.463E-19 1.466E-19
 1.536E-19 1.560E-19 1.592E-19 1.574E-19 1.600E-19 1.676E-19 1.724E-19 1.649E-19 1.734E-19 1.795E-19
 1.796E-19 1.834E-19 1.868E-19 1.776E-19 1.914E-19 1.887E-19 1.913E-19 1.875E-19 1.967E-19 1.961E-19
 2.048E-19 2.021E-19 2.048E-19 2.130E-19 2.094E-19 2.142E-19 2.175E-19 2.205E-19 2.240E-19 2.200E-19
 2.243E-19 2.277E-19 2.321E-19 2.384E-19 2.457E-19 2.412E-19 2.196E-19 2.011E-19 2.274E-19 2.358E-19
 2.502E-19 2.518E-19 2.583E-19 2.585E-19 2.633E-19 2.672E-19 2.602E-19 2.733E-19 2.757E-19 2.782E-19
 2.839E-19 2.868E-19 2.910E-19 2.916E-19 2.950E-19 3.003E-19 3.044E-19 3.031E-19 3.051E-19 3.087E-19
 3.070E-19 3.109E-19 3.151E-19 3.171E-19 3.215E-19 3.268E-19 3.323E-19 3.320E-19 3.362E-19 3.368E-19
 3.411E-19 3.441E-19 3.496E-19 3.480E-19 3.430E-19 3.565E-19 3.584E-19 3.614E-19 3.667E-19 3.729E-19
 3.764E-19 3.729E-19 3.786E-19 3.805E-19 3.836E-19 3.922E-19 3.983E-19 4.007E-19 4.027E-19 4.062E-19
 4.128E-19 4.175E-19 4.197E-19 4.150E-19 3.895E-19 4.121E-19 4.251E-19 4.371E-19 4.492E-19 4.500E-19
 4.598E-19 4.604E-19 4.657E-19 4.713E-19 4.602E-19 4.720E-19 4.773E-19 4.837E-19 4.944E-19 4.967E-19
 5.075E-19 5.127E-19 5.153E-19 5.232E-19 5.229E-19 5.390E-19 5.359E-19 5.414E-19 5.528E-19 5.600E-19
 5.657E-19 5.701E-19 5.783E-19 5.853E-19 5.995E-19 6.091E-19 6.178E-19 6.288E-19 6.371E-19 6.496E-19
 6.616E-19 6.724E-19 6.644E-19 6.726E-19 6.835E-19 7.150E-19 7.274E-19 7.499E-19 7.569E-19 7.710E-19
 7.894E-19 7.981E-19 8.098E-19 8.237E-19 8.370E-19 8.466E-19 8.682E-19 8.775E-19 8.906E-19 9.060E-19
 9.209E-19 9.375E-19 9.486E-19 9.591E-19 9.810E-19 9.977E-19 1.011E-18 1.016E-18 1.036E-18 1.049E-18
 1.067E-18 1.082E-18 1.088E-18 1.109E-18 1.123E-18 1.133E-18 1.143E-18 1.158E-18 1.173E-18 1.188E-18
 1.195E-18 1.207E-18 1.216E-18 1.229E-18 1.237E-18 1.248E-18 1.255E-18 1.263E-18 1.273E-18 1.281E-18
 1.287E-18 1.282E-18 1.285E-18 1.304E-18 1.306E-18 1.332E-18 1.337E-18 1.356E-18 1.346E-18 1.357E-18
 1.364E-18 1.369E-18 1.366E-18 1.381E-18 1.391E-18 1.393E-18 1.399E-18 1.407E-18 1.414E-18 1.425E-18
 1.426E-18 1.442E-18 1.448E-18 1.447E-18 1.460E-18 1.472E-18 1.491E-18 1.499E-18 1.503E-18 1.505E-18
 1.523E-18 1.527E-18 1.533E-18 1.527E-18 1.520E-18 1.504E-18 1.466E-18 1.445E-18 1.411E-18 1.399E-18
 1.395E-18 1.391E-18 1.370E-18 1.380E-18 1.383E-18 1.380E-18 1.381E-18 1.369E-18 1.326E-18 1.256E-18
 1.186E-18 1.128E-18 1.088E-18 1.057E-18 1.044E-18 1.041E-18 1.045E-18 1.049E-18 1.068E-18 1.087E-18
 1.110E-18 1.130E-18 1.159E-18 1.182E-18 1.196E-18 1.210E-18 1.225E-18 1.231E-18 1.248E-18 1.248E-18
 1.261E-18 1.274E-18 1.280E-18 1.287E-18 1.283E-18 1.284E-18 1.296E-18 1.293E-18 1.292E-18 1.295E-18
 1.282E-18 1.272E-18 1.273E-18 1.271E-18 1.258E-18 1.235E-18 1.226E-18 1.212E-18 1.197E-18 1.176E-18
 1.173E-18 1.144E-18 1.132E-18 1.097E-18 1.075E-18 1.059E-18 1.037E-18 1.018E-18 9.806E-19 9.599E-19
 9.246E-19 8.984E-19 8.783E-19 8.486E-19 8.190E-19 7.831E-19 7.636E-19 7.379E-19 7.188E-19 6.916E-19
 6.695E-19 6.462E-19 6.169E-19 5.905E-19 5.652E-19 5.439E-19 5.062E-19 4.882E-19 4.650E-19 4.491E-19
 4.204E-19 3.695E-19 2.986E-19 3.340E-19 3.400E-19 3.381E-19 3.238E-19 3.140E-19 2.988E-19 2.873E-19
 2.780E-19 2.628E-19 2.527E-19 2.443E-19 2.399E-19 2.235E-19 2.188E-19 2.167E-19 2.076E-19 1.895E-19
 1.872E-19 1.746E-19 1.713E-19 1.717E-19 1.679E-19 1.551E-19 1.567E-19 1.518E-19 1.440E-19 1.446E-19
 1.372E-19 1.366E-19 1.331E-19 1.257E-19 1.271E-19 1.262E-19 1.154E-19 1.100E-19 1.031E-19 1.052E-19
 9.770E-20 9.608E-20 1.020E-19 9.831E-20 9.971E-20 1.002E-19 1.018E-19 9.364E-20 9.854E-20 9.355E-20
 9.630E-20 9.508E-20 8.793E-20 9.412E-20 8.670E-20 8.640E-20 9.046E-20 8.762E-20 8.620E-20 8.520E-20
 8.326E-20 8.084E-20 7.831E-20 8.485E-20 8.617E-20 8.403E-20 7.684E-20 8.241E-20 8.280E-20 8.102E-20
 8.298E-20 8.565E-20 8.255E-20 7.436E-20 7.792E-20 7.436E-20 7.814E-20 8.001E-20 8.049E-20 8.099E-20
 8.188E-20 8.104E-20 8.316E-20 7.814E-20 8.003E-20 8.104E-20 8.275E-20 6.633E-20 4.898E-20 5.512E-20
 5.852E-20 6.274E-20 6.422E-20 6.669E-20 7.084E-20 7.034E-20 6.922E-20 6.429E-20 6.860E-20 7.214E-20
 6.810E-20 7.134E-20 7.136E-20 7.187E-20 7.296E-20 6.482E-20 5.821E-20 6.653E-20 6.648E-20 6.494E-20
 6.126E-20 6.163E-20 5.928E-20 5.825E-20 5.549E-20 5.567E-20 4.865E-20 5.829E-20 5.646E-20 5.694E-20
 5.736E-20 5.638E-20 5.527E-20 6.210E-20 5.923E-20 5.685E-20 5.507E-20 5.678E-20 5.313E-20 5.450E-20
 5.402E-20 5.346E-20 5.126E-20 5.407E-20 5.500E-20 5.482E-20 5.010E-20 4.788E-20 5.023E-20 5.131E-20
 5.544E-20 5.427E-20 4.703E-20 2.680E-20 6.203E-21 0.000E+00 0.000E+00 2.074E-22 6.055E-21 2.105E-20
 2.593E-20 3.205E-20 2.297E-20 2.760E-20 2.767E-20 2.977E-20 3.489E-20 0.000E+00 0.000E+00 0.000E+00
 0.000E+00 0.000E+00 0.000E+00 0.000E+00 0.000E+00 0.000E+00 0.000E+00 0.000E+00 0.000E+00 0.000E+00
 0.000E+00 0.000E+00 0.000E+00 0.000E+00 0.000E+00 0.000E+00 0.000E+00 0.000E+00 0.000E+00 0.000E+00
 0.000E+00 0.000E+00 0.000E+00 0.000E+00 0.000E+00 0.000E+00 0.000E+00 0.000E+00 0.000E+00 0.000E+00
 0.000E+00 0.000E+00 0.000E+00 0.000E+00 0.000E+00 0.000E+00 0.000E+00 0.000E+00 0.000E+00 0.000E+00
 0.000E+00 0.000E+00 0.000E+00 0.000E+00 0.000E+00 0.000E+00 0.000E+00 0.000E+00 0.000E+00 0.000E+00
 0.000E+00 0.000E+00 0.000E+00 0.000E+00 0.000E+00 0.000E+00 0.000E+00 0.000E+00 0.000E+00 0.000E+00
 0.000E+00 0.000E+00 0.000E+00 0.000E+00 0.000E+00 0.000E+00 0.000E+00 0.000E+00 0.000E+00 0.000E+00
 0.000E+00 0.000E+00 0.000E+00 0.000E+00 0.000E+00 0.000E+00 0.000E+00 0.000E+00 0.000E+00 0.000E+00
 0.000E+00 0.000E+00 0.000E+00 0.000E+00 0.000E+00 0.000E+00 0.000E+00 0.000E+00 0.000E+00 0.000E+00
 0.000E+00 0.000E+00 0.000E+00 0.000E+00 0.000E+00 0.000E+00 0.000E+00 0.000E+00 0.000E+00 0.000E+00
 0.000E+00 0.000E+00 0.000E+00 0.000E+00 0.000E+00 0.000E+00 0.000E+00 0.000E+00 0.000E+00 0.000E+00
 0.000E+00 0.000E+00 0.000E+00 0.000E+00 0.000E+00 0.000E+00 0.000E+00 0.000E+00 0.000E+00 0.000E+00
 0.000E+00 0.000E+00 0.000E+00 0.000E+00 0.000E+00 0.000E+00 0.000E+00 0.000E+00 0.000E+00 0.000E+00
 0.000E+00 0.000E+00 0.000E+00 0.000E+00 0.000E+00 0.000E+00 0.000E+00 0.000E+00 0.000E+00 0.000E+00
 0.000E+00 0.000E+00 0.000E+00 0.000E+00 0.000E+00 0.000E+00 0.000E+00 0.000E+00 0.000E+00 0.000E+00
 0.000E+00 0.000E+00 0.000E+00 0.000E+00 0.000E+00 0.000E+00 0.000E+00 0.000E+00 0.000E+00 0.000E+00
 0.000E+00 0.000E+00 0.000E+00 0.000E+00 0.000E+00 0.000E+00 0.000E+00 0.000E+00 0.000E+00 0.000E+00
 0.000E+00 0.000E+00 0.000E+00 0.000E+00 0.000E+00 0.000E+00 0.000E+00 0.000E+00 0.000E+00 0.000E+00
 0.000E+00 0.000E+00 0.000E+00 0.000E+00 0.000E+00 0.000E+00 0.000E+00 0.000E+00 0.000E+00 0.000E+00
 0.000E+00 0.000E+00 0.000E+00 0.000E+00 0.000E+00 0.000E+00 0.000E+00 0.000E+00 0.000E+00 0.000E+00
 0.000E+00 0.000E+00 0.000E+00 0.000E+00 0.000E+00 0.000E+00 0.000E+00 0.000E+00 0.000E+00 0.000E+00
 0.000E+00 0.000E+00 0.000E+00 0.000E+00 0.000E+00 0.000E+00 0.000E+00 0.000E+00 0.000E+00 0.000E+00
 0.000E+00 0.000E+00 0.000E+00 0.000E+00 0.000E+00 0.000E+00 0.000E+00 0.000E+00 0.000E+00 0.000E+00
 0.000E+00 0.000E+00 0.000E+00 0.000E+00 0.000E+00 0.000E+00 0.000E+00 0.000E+00 0.000E+00 0.000E+00
 0.000E+00 0.000E+00 0.000E+00 0.000E+00 0.000E+00 0.000E+00 0.000E+00 0.000E+00 0.000E+00 0.000E+00
 0.000E+00 0.000E+00 0.000E+00 0.000E+00 0.000E+00 0.000E+00 0.000E+00 0.000E+00 0.000E+00 0.000E+00
 0.000E+00 0.000E+00 0.000E+00 0.000E+00 0.000E+00 0.000E+00 0.000E+00 0.000E+00 0.000E+00 0.000E+00
 0.000E+00 0.000E+00 0.000E+00 0.000E+00 0.000E+00 0.000E+00 0.000E+00 0.000E+00 0.000E+00 0.000E+00
 0.000E+00 0.000E+00 0.000E+00 0.000E+00 0.000E+00 0.000E+00 0.000E+00 0.000E+00 0.000E+00 0.000E+00
 0.000E+00 0.000E+00 0.000E+00 0.000E+00 0.000E+00 0.000E+00 0.000E+00 0.000E+00 0.000E+00 0.000E+00
 0.000E+00 0.000E+00 0.000E+00 0.000E+00 0.000E+00 0.000E+00 0.000E+00 0.000E+00 0.000E+00 0.000E+00
 0.000E+00 0.000E+00 0.000E+00 0.000E+00 0.000E+00 0.000E+00 0.000E+00 0.000E+00 0.000E+00 0.000E+00
 0.000E+00 0.000E+00 0.000E+00 0.000E+00 0.000E+00 0.000E+00 0.000E+00 0.000E+00 0.000E+00 0.000E+00
 0.000E+00 0.000E+00 0.000E+00 0.000E+00 0.000E+00 0.000E+00 0.000E+00 0.000E+00 0.000E+00 0.000E+00
 0.000E+00 0.000E+00 0.000E+00 0.000E+00 0.000E+00 0.000E+00 0.000E+00 0.000E+00 0.000E+00 0.000E+00
 0.000E+00 0.000E+00 0.000E+00 0.000E+00 0.000E+00 0.000E+00 0.000E+00 0.000E+00 0.000E+00 0.000E+00
 0.000E+00 0.000E+00 0.000E+00 0.000E+00 0.000E+00 0.000E+00 0.000E+00 0.000E+00 0.000E+00 0.000E+00
 0.000E+00 0.000E+00 0.000E+00 0.000E+00 0.000E+00 0.000E+00 0.000E+00 0.000E+00 0.000E+00 0.000E+00
 0.000E+00 0.000E+00 0.000E+00 0.000E+00 0.000E+00 0.000E+00 0.000E+00 0.000E+00 0.000E+00 0.000E+00
 0.000E+00 0.000E+00 0.000E+00 0.000E+00 0.000E+00 0.000E+00 0.000E+00 0.000E+00 0.000E+00 0.000E+00
 0.000E+00 0.000E+00 0.000E+00 0.000E+00 0.000E+00 0.000E+00 0.000E+00 0.000E+00 0.000E+00 0.000E+00
 0.000E+00 0.000E+00 0.000E+00 0.000E+00 0.000E+00 0.000E+00 0.000E+00 0.000E+00 0.000E+00 0.000E+00
 0.000E+00 0.000E+00 0.000E+00 0.000E+00 0.000E+00 0.000E+00 0.000E+00 0.000E+00 0.000E+00 0.000E+00
 0.000E+00 0.000E+00 0.000E+00 0.000E+00 0.000E+00 0.000E+00 0.000E+00 0.000E+00 0.000E+00 0.000E+00
 0.000E+00 0.000E+00 0.000E+00 0.000E+00 0.000E+00 0.000E+00 0.000E+00 0.000E+00 0.000E+00 0.000E+00
 0.000E+00 0.000E+00 0.000E+00 0.000E+00 0.000E+00 0.000E+00 0.000E+00 0.000E+00 0.000E+00 0.000E+00
 0.000E+00 0.000E+00 0.000E+00 0.000E+00 0.000E+00 0.000E+00 0.000E+00 0.000E+00 0.000E+00 0.000E+00
 0.000E+00 0.000E+00 0.000E+00 0.000E+00 0.000E+00 0.000E+00 0.000E+00 0.000E+00 0.000E+00 0.000E+00
 0.000E+00 0.000E+00 0.000E+00 0.000E+00 0.000E+00 0.000E+00 0.000E+00 0.000E+00 0.000E+00 0.000E+00
 0.000E+00 0.000E+00 0.000E+00 0.000E+00 0.000E+00 0.000E+00 0.000E+00 0.000E+00 0.000E+00 0.000E+00
 0.000E+00 0.000E+00 0.000E+00 0.000E+00 0.000E+00 0.000E+00 0.000E+00 0.000E+00 0.000E+00 0.000E+00
 0.000E+00 0.000E+00 0.000E+00 0.000E+00 0.000E+00 0.000E+00 0.000E+00 0.000E+00 0.000E+00 0.000E+00
