CHF2CH2CF3  640.0200 1500.1000      3569     296.0  700.0000 3.079E-18  HITRAN   HFC-245FA    air 90
 0.000E+00 0.000E+00 0.000E+00 0.000E+00 0.000E+00 0.000E+00 0.000E+00 0.000E+00 0.000E+00 0.000E+00
 0.000E+00 0.000E+00 0.000E+00 0.000E+00 1.220E-20 8.359E-21 0.000E+00 7.092E-22 1.360E-20 0.000E+00
 1.101E-20 1.173E-20 0.000E+00 1.063E-20 1.692E-20 5.558E-22 0.000E+00 0.000E+00 0.000E+00 1.284E-22
 7.213E-21 0.000E+00 1.536E-21 3.286E-21 0.000E+00 1.576E-21 8.306E-21 3.529E-21 2.637E-21 4.405E-21
 1.475E-21 2.499E-23 7.292E-21 1.956E-21 0.000E+00 0.000E+00 0.000E+00 8.425E-21 2.912E-21 4.079E-21
 9.728E-22 0.000E+00 1.370E-20 7.073E-21 4.590E-21 5.468E-21 0.000E+00 1.055E-20 1.371E-20 0.000E+00
 1.137E-20 9.498E-21 0.000E+00 2.957E-21 2.090E-21 0.000E+00 0.000E+00 0.000E+00 0.000E+00 1.433E-20
 1.941E-20 0.000E+00 0.000E+00 2.348E-20 1.328E-20 0.000E+00 9.939E-21 1.473E-20 2.016E-20 2.611E-20
 4.907E-21 5.058E-21 2.328E-20 1.160E-20 1.488E-20 2.905E-20 2.719E-20 2.410E-20 1.225E-20 2.047E-20
 4.055E-20 2.328E-20 1.517E-20 2.937E-20 2.160E-20 2.414E-20 3.731E-20 3.147E-20 2.941E-20 3.160E-20
 2.670E-20 3.712E-20 4.783E-20 3.409E-20 3.899E-20 6.147E-20 5.783E-20 5.875E-20 6.427E-20 4.523E-20
 3.784E-20 5.000E-20 5.561E-20 5.904E-20 2.575E-20 3.677E-20 6.580E-20 6.822E-20 6.924E-20 8.568E-20
 8.947E-20 7.929E-20 8.987E-20 9.761E-20 9.815E-20 1.084E-19 1.109E-19 1.172E-19 1.289E-19 1.266E-19
 1.217E-19 1.249E-19 1.290E-19 1.283E-19 1.271E-19 1.266E-19 1.314E-19 1.501E-19 1.535E-19 1.415E-19
 1.488E-19 1.606E-19 1.547E-19 1.497E-19 1.537E-19 1.584E-19 1.644E-19 1.672E-19 1.711E-19 1.703E-19
 1.658E-19 1.684E-19 1.655E-19 1.684E-19 1.768E-19 1.682E-19 1.593E-19 1.636E-19 1.684E-19 1.679E-19
 1.632E-19 1.555E-19 1.569E-19 1.696E-19 1.693E-19 1.833E-19 1.939E-19 1.657E-19 1.559E-19 1.652E-19
 1.608E-19 1.611E-19 1.664E-19 1.671E-19 1.571E-19 1.543E-19 1.589E-19 1.495E-19 1.489E-19 1.493E-19
 1.464E-19 1.430E-19 1.272E-19 1.369E-19 1.464E-19 1.293E-19 1.320E-19 1.425E-19 1.308E-19 1.260E-19
 1.323E-19 1.297E-19 1.280E-19 1.295E-19 1.265E-19 1.159E-19 1.037E-19 9.935E-20 1.039E-19 1.117E-19
 9.645E-20 7.807E-20 9.543E-20 9.898E-20 7.774E-20 7.976E-20 7.754E-20 6.336E-20 6.984E-20 6.362E-20
 4.158E-20 4.598E-20 5.525E-20 5.248E-20 5.285E-20 4.883E-20 3.430E-20 3.117E-20 3.534E-20 2.988E-20
 3.877E-20 4.130E-20 2.590E-20 2.791E-20 1.757E-20 1.762E-20 3.292E-20 2.009E-20 1.890E-20 2.125E-20
 1.567E-20 2.787E-20 2.909E-20 2.078E-20 6.915E-21 0.000E+00 0.000E+00 4.582E-21 3.699E-21 2.308E-21
 8.292E-21 3.674E-21 7.498E-21 6.314E-21 0.000E+00 8.416E-21 4.274E-21 1.053E-22 1.025E-20 1.550E-20
 9.306E-21 5.985E-21 6.561E-21 8.422E-21 8.022E-21 6.434E-21 1.075E-20 8.935E-21 2.784E-21 6.341E-21
 8.307E-21 6.386E-21 7.280E-21 6.279E-21 4.696E-21 4.210E-21 1.255E-21 0.000E+00 6.256E-22 0.000E+00
 3.127E-22 4.413E-21 0.000E+00 0.000E+00 0.000E+00 0.000E+00 0.000E+00 0.000E+00 0.000E+00 0.000E+00
 0.000E+00 0.000E+00 0.000E+00 0.000E+00 0.000E+00 0.000E+00 0.000E+00 0.000E+00 0.000E+00 0.000E+00
 0.000E+00 0.000E+00 0.000E+00 0.000E+00 0.000E+00 0.000E+00 0.000E+00 0.000E+00 0.000E+00 0.000E+00
 0.000E+00 0.000E+00 0.000E+00 0.000E+00 0.000E+00 0.000E+00 0.000E+00 0.000E+00 0.000E+00 0.000E+00
 0.000E+00 0.000E+00 0.000E+00 0.000E+00 0.000E+00 0.000E+00 0.000E+00 0.000E+00 0.000E+00 0.000E+00
 0.000E+00 0.000E+00 0.000E+00 0.000E+00 0.000E+00 0.000E+00 0.000E+00 0.000E+00 0.000E+00 0.000E+00
 0.000E+00 0.000E+00 0.000E+00 0.000E+00 0.000E+00 0.000E+00 0.000E+00 0.000E+00 0.000E+00 0.000E+00
 0.000E+00 0.000E+00 0.000E+00 0.000E+00 0.000E+00 0.000E+00 0.000E+00 0.000E+00 0.000E+00 0.000E+00
 0.000E+00 0.000E+00 0.000E+00 0.000E+00 0.000E+00 0.000E+00 0.000E+00 0.000E+00 0.000E+00 0.000E+00
 0.000E+00 0.000E+00 0.000E+00 0.000E+00 0.000E+00 0.000E+00 0.000E+00 0.000E+00 0.000E+00 0.000E+00
 0.000E+00 0.000E+00 0.000E+00 0.000E+00 0.000E+00 0.000E+00 0.000E+00 0.000E+00 0.000E+00 0.000E+00
 0.000E+00 0.000E+00 0.000E+00 0.000E+00 0.000E+00 0.000E+00 0.000E+00 0.000E+00 0.000E+00 0.000E+00
 0.000E+00 0.000E+00 0.000E+00 0.000E+00 0.000E+00 0.000E+00 0.000E+00 0.000E+00 0.000E+00 0.000E+00
 0.000E+00 0.000E+00 0.000E+00 0.000E+00 0.000E+00 0.000E+00 0.000E+00 0.000E+00 0.000E+00 0.000E+00
 0.000E+00 0.000E+00 0.000E+00 0.000E+00 0.000E+00 0.000E+00 0.000E+00 0.000E+00 0.000E+00 0.000E+00
 0.000E+00 0.000E+00 0.000E+00 0.000E+00 0.000E+00 0.000E+00 0.000E+00 0.000E+00 0.000E+00 0.000E+00
 0.000E+00 0.000E+00 0.000E+00 0.000E+00 0.000E+00 0.000E+00 0.000E+00 0.000E+00 0.000E+00 0.000E+00
 0.000E+00 0.000E+00 0.000E+00 0.000E+00 0.000E+00 0.000E+00 0.000E+00 0.000E+00 0.000E+00 0.000E+00
 0.000E+00 0.000E+00 0.000E+00 0.000E+00 0.000E+00 0.000E+00 0.000E+00 0.000E+00 0.000E+00 0.000E+00
 0.000E+00 0.000E+00 0.000E+00 0.000E+00 0.000E+00 0.000E+00 0.000E+00 0.000E+00 0.000E+00 0.000E+00
 0.000E+00 0.000E+00 0.000E+00 0.000E+00 0.000E+00 0.000E+00 0.000E+00 0.000E+00 0.000E+00 0.000E+00
 0.000E+00 0.000E+00 0.000E+00 0.000E+00 0.000E+00 0.000E+00 0.000E+00 0.000E+00 0.000E+00 0.000E+00
 0.000E+00 0.000E+00 0.000E+00 0.000E+00 0.000E+00 0.000E+00 0.000E+00 0.000E+00 0.000E+00 0.000E+00
 0.000E+00 0.000E+00 0.000E+00 0.000E+00 0.000E+00 0.000E+00 0.000E+00 0.000E+00 0.000E+00 0.000E+00
 0.000E+00 0.000E+00 0.000E+00 0.000E+00 0.000E+00 0.000E+00 0.000E+00 0.000E+00 0.000E+00 0.000E+00
 0.000E+00 0.000E+00 0.000E+00 0.000E+00 0.000E+00 0.000E+00 0.000E+00 0.000E+00 0.000E+00 0.000E+00
 0.000E+00 0.000E+00 0.000E+00 0.000E+00 0.000E+00 0.000E+00 0.000E+00 0.000E+00 0.000E+00 0.000E+00
 0.000E+00 0.000E+00 0.000E+00 0.000E+00 0.000E+00 0.000E+00 0.000E+00 0.000E+00 0.000E+00 0.000E+00
 0.000E+00 0.000E+00 0.000E+00 0.000E+00 0.000E+00 0.000E+00 0.000E+00 0.000E+00 0.000E+00 0.000E+00
 0.000E+00 0.000E+00 0.000E+00 0.000E+00 0.000E+00 0.000E+00 0.000E+00 0.000E+00 0.000E+00 0.000E+00
 0.000E+00 0.000E+00 0.000E+00 0.000E+00 0.000E+00 0.000E+00 0.000E+00 0.000E+00 0.000E+00 0.000E+00
 0.000E+00 0.000E+00 0.000E+00 0.000E+00 0.000E+00 0.000E+00 0.000E+00 0.000E+00 0.000E+00 0.000E+00
 0.000E+00 0.000E+00 0.000E+00 0.000E+00 0.000E+00 0.000E+00 0.000E+00 0.000E+00 0.000E+00 0.000E+00
 0.000E+00 0.000E+00 0.000E+00 0.000E+00 0.000E+00 0.000E+00 0.000E+00 0.000E+00 0.000E+00 0.000E+00
 0.000E+00 0.000E+00 0.000E+00 0.000E+00 0.000E+00 0.000E+00 0.000E+00 0.000E+00 0.000E+00 0.000E+00
 0.000E+00 0.000E+00 0.000E+00 0.000E+00 0.000E+00 0.000E+00 0.000E+00 0.000E+00 0.000E+00 0.000E+00
 0.000E+00 0.000E+00 0.000E+00 0.000E+00 0.000E+00 0.000E+00 0.000E+00 0.000E+00 0.000E+00 0.000E+00
 0.000E+00 0.000E+00 0.000E+00 0.000E+00 0.000E+00 0.000E+00 0.000E+00 0.000E+00 0.000E+00 0.000E+00
 0.000E+00 0.000E+00 0.000E+00 0.000E+00 0.000E+00 0.000E+00 0.000E+00 0.000E+00 0.000E+00 0.000E+00
 0.000E+00 0.000E+00 0.000E+00 0.000E+00 0.000E+00 0.000E+00 0.000E+00 0.000E+00 0.000E+00 0.000E+00
 0.000E+00 0.000E+00 0.000E+00 0.000E+00 0.000E+00 0.000E+00 0.000E+00 0.000E+00 0.000E+00 0.000E+00
 0.000E+00 0.000E+00 0.000E+00 0.000E+00 0.000E+00 0.000E+00 0.000E+00 0.000E+00 0.000E+00 0.000E+00
 0.000E+00 0.000E+00 0.000E+00 0.000E+00 0.000E+00 0.000E+00 0.000E+00 0.000E+00 0.000E+00 0.000E+00
 0.000E+00 0.000E+00 0.000E+00 0.000E+00 0.000E+00 0.000E+00 0.000E+00 0.000E+00 0.000E+00 0.000E+00
 0.000E+00 0.000E+00 0.000E+00 0.000E+00 0.000E+00 0.000E+00 0.000E+00 0.000E+00 0.000E+00 0.000E+00
 0.000E+00 0.000E+00 0.000E+00 0.000E+00 0.000E+00 0.000E+00 0.000E+00 0.000E+00 2.125E-21 2.550E-21
 2.115E-21 4.341E-21 3.905E-21 1.295E-21 2.156E-21 3.404E-21 1.087E-21 0.000E+00 0.000E+00 0.000E+00
 1.626E-21 1.617E-21 8.376E-22 7.044E-23 9.175E-22 2.647E-21 2.176E-21 3.121E-21 3.335E-21 1.268E-21
 2.222E-21 4.209E-21 4.089E-21 3.006E-21 2.427E-21 1.984E-21 2.355E-21 3.106E-21 2.720E-21 2.791E-21
 2.089E-21 1.161E-21 1.071E-21 1.669E-21 4.036E-21 4.526E-21 2.881E-21 2.298E-21 4.126E-21 4.727E-21
 2.276E-21 3.117E-21 3.197E-21 1.272E-21 2.659E-21 2.143E-21 1.266E-21 2.364E-21 2.112E-21 3.201E-21
 5.884E-21 5.738E-21 3.084E-21 3.998E-21 6.520E-21 5.306E-21 5.096E-21 5.865E-21 4.456E-21 4.672E-21
 5.258E-21 4.449E-21 4.794E-21 4.234E-21 3.396E-21 4.617E-21 4.629E-21 4.139E-21 5.284E-21 5.768E-21
 6.168E-21 7.079E-21 6.600E-21 6.480E-21 7.482E-21 8.006E-21 9.405E-21 1.047E-20 9.179E-21 8.853E-21
 1.008E-20 9.201E-21 8.673E-21 1.131E-20 1.143E-20 9.776E-21 1.121E-20 1.139E-20 1.170E-20 1.492E-20
 1.569E-20 1.548E-20 1.719E-20 1.758E-20 1.630E-20 1.718E-20 1.955E-20 1.835E-20 1.794E-20 2.123E-20
 2.230E-20 2.391E-20 2.504E-20 2.218E-20 2.321E-20 2.642E-20 2.780E-20 3.054E-20 3.177E-20 3.261E-20
 3.458E-20 3.451E-20 3.644E-20 4.012E-20 3.996E-20 4.035E-20 4.325E-20 4.362E-20 4.490E-20 4.809E-20
 4.970E-20 5.334E-20 5.593E-20 5.509E-20 5.803E-20 6.245E-20 6.413E-20 6.750E-20 7.166E-20 7.291E-20
 7.479E-20 7.817E-20 8.028E-20 8.223E-20 8.424E-20 8.616E-20 8.843E-20 9.101E-20 9.317E-20 9.479E-20
 9.756E-20 9.937E-20 1.011E-19 1.040E-19 1.045E-19 1.059E-19 1.094E-19 1.112E-19 1.119E-19 1.123E-19
 1.138E-19 1.153E-19 1.152E-19 1.156E-19 1.177E-19 1.201E-19 1.206E-19 1.186E-19 1.176E-19 1.182E-19
 1.188E-19 1.198E-19 1.206E-19 1.231E-19 1.269E-19 1.298E-19 1.325E-19 1.323E-19 1.342E-19 1.397E-19
 1.378E-19 1.331E-19 1.303E-19 1.258E-19 1.223E-19 1.208E-19 1.198E-19 1.192E-19 1.203E-19 1.214E-19
 1.212E-19 1.219E-19 1.235E-19 1.232E-19 1.228E-19 1.243E-19 1.249E-19 1.256E-19 1.250E-19 1.215E-19
 1.207E-19 1.209E-19 1.189E-19 1.170E-19 1.144E-19 1.109E-19 1.092E-19 1.076E-19 1.038E-19 1.016E-19
 1.002E-19 9.719E-20 9.518E-20 9.254E-20 8.862E-20 8.566E-20 8.394E-20 8.200E-20 7.882E-20 7.680E-20
 7.577E-20 7.348E-20 7.141E-20 7.144E-20 7.153E-20 7.012E-20 6.982E-20 7.051E-20 6.950E-20 6.765E-20
 6.886E-20 7.095E-20 6.955E-20 6.953E-20 7.094E-20 6.981E-20 7.019E-20 7.173E-20 7.207E-20 7.346E-20
 7.498E-20 7.525E-20 7.556E-20 7.741E-20 8.055E-20 8.163E-20 8.136E-20 8.496E-20 8.971E-20 9.176E-20
 9.372E-20 9.532E-20 9.701E-20 1.003E-19 1.030E-19 1.045E-19 1.064E-19 1.094E-19 1.127E-19 1.145E-19
 1.175E-19 1.227E-19 1.263E-19 1.285E-19 1.308E-19 1.338E-19 1.385E-19 1.420E-19 1.434E-19 1.458E-19
 1.491E-19 1.527E-19 1.559E-19 1.590E-19 1.627E-19 1.652E-19 1.681E-19 1.703E-19 1.714E-19 1.747E-19
 1.774E-19 1.785E-19 1.818E-19 1.857E-19 1.876E-19 1.885E-19 1.894E-19 1.907E-19 1.909E-19 1.901E-19
 1.910E-19 1.911E-19 1.886E-19 1.868E-19 1.846E-19 1.819E-19 1.793E-19 1.746E-19 1.720E-19 1.711E-19
 1.702E-19 1.728E-19 1.756E-19 1.758E-19 1.769E-19 1.818E-19 1.869E-19 1.890E-19 1.921E-19 1.969E-19
 1.989E-19 1.974E-19 1.959E-19 1.951E-19 1.931E-19 1.896E-19 1.862E-19 1.832E-19 1.796E-19 1.778E-19
 1.776E-19 1.748E-19 1.723E-19 1.710E-19 1.693E-19 1.670E-19 1.625E-19 1.584E-19 1.568E-19 1.540E-19
 1.498E-19 1.470E-19 1.438E-19 1.392E-19 1.345E-19 1.306E-19 1.294E-19 1.275E-19 1.226E-19 1.189E-19
 1.159E-19 1.123E-19 1.097E-19 1.076E-19 1.048E-19 1.019E-19 9.913E-20 9.562E-20 9.211E-20 8.885E-20
 8.628E-20 8.405E-20 8.111E-20 7.803E-20 7.523E-20 7.283E-20 7.051E-20 6.950E-20 6.815E-20 6.463E-20
 6.324E-20 6.174E-20 5.829E-20 5.738E-20 5.553E-20 5.214E-20 5.153E-20 5.003E-20 4.709E-20 4.574E-20
 4.315E-20 4.129E-20 4.151E-20 3.856E-20 3.646E-20 3.712E-20 3.504E-20 3.338E-20 3.281E-20 3.070E-20
 3.034E-20 3.022E-20 2.779E-20 2.641E-20 2.640E-20 2.567E-20 2.460E-20 2.275E-20 2.135E-20 2.182E-20
 2.153E-20 2.022E-20 1.919E-20 1.800E-20 1.714E-20 1.747E-20 1.806E-20 1.724E-20 1.696E-20 1.677E-20
 1.527E-20 1.534E-20 1.413E-20 1.243E-20 1.461E-20 1.476E-20 1.237E-20 1.187E-20 1.128E-20 1.169E-20
 1.347E-20 1.243E-20 1.017E-20 1.074E-20 1.258E-20 1.236E-20 1.037E-20 1.069E-20 1.259E-20 1.157E-20
 1.078E-20 1.195E-20 1.122E-20 1.011E-20 1.060E-20 1.024E-20 8.921E-21 9.227E-21 1.016E-20 9.575E-21
 9.362E-21 1.025E-20 1.009E-20 9.123E-21 9.626E-21 1.089E-20 1.005E-20 8.270E-21 8.557E-21 9.285E-21
 8.743E-21 8.879E-21 8.730E-21 7.372E-21 7.542E-21 8.591E-21 9.268E-21 9.422E-21 8.884E-21 9.819E-21
 1.007E-20 8.669E-21 9.481E-21 9.720E-21 8.308E-21 9.381E-21 1.030E-20 8.812E-21 8.393E-21 8.976E-21
 8.320E-21 7.964E-21 8.612E-21 8.192E-21 7.442E-21 8.052E-21 8.142E-21 7.491E-21 7.714E-21 7.392E-21
 7.350E-21 8.210E-21 8.075E-21 8.799E-21 9.442E-21 8.875E-21 8.808E-21 7.114E-21 5.654E-21 6.383E-21
 6.475E-21 6.488E-21 6.815E-21 6.355E-21 5.729E-21 6.161E-21 6.363E-21 5.717E-21 6.352E-21 6.419E-21
 6.689E-21 7.884E-21 5.750E-21 4.759E-21 6.451E-21 5.272E-21 4.521E-21 5.095E-21 4.018E-21 4.015E-21
 4.714E-21 4.423E-21 4.691E-21 4.468E-21 3.842E-21 4.631E-21 4.418E-21 2.987E-21 4.119E-21 5.262E-21
 3.350E-21 3.109E-21 4.052E-21 2.813E-21 3.351E-21 4.226E-21 2.531E-21 2.760E-21 3.774E-21 2.715E-21
 2.860E-21 0.000E+00 0.000E+00 0.000E+00 0.000E+00 0.000E+00 0.000E+00 0.000E+00 0.000E+00 0.000E+00
 0.000E+00 0.000E+00 0.000E+00 0.000E+00 0.000E+00 0.000E+00 0.000E+00 0.000E+00 0.000E+00 0.000E+00
 0.000E+00 0.000E+00 0.000E+00 0.000E+00 0.000E+00 0.000E+00 0.000E+00 0.000E+00 0.000E+00 0.000E+00
 0.000E+00 0.000E+00 0.000E+00 0.000E+00 0.000E+00 0.000E+00 0.000E+00 0.000E+00 0.000E+00 0.000E+00
 0.000E+00 0.000E+00 0.000E+00 0.000E+00 0.000E+00 0.000E+00 0.000E+00 0.000E+00 0.000E+00 0.000E+00
 0.000E+00 0.000E+00 0.000E+00 0.000E+00 0.000E+00 0.000E+00 0.000E+00 0.000E+00 0.000E+00 0.000E+00
 0.000E+00 0.000E+00 0.000E+00 0.000E+00 0.000E+00 0.000E+00 0.000E+00 0.000E+00 0.000E+00 0.000E+00
 0.000E+00 0.000E+00 0.000E+00 0.000E+00 0.000E+00 0.000E+00 0.000E+00 0.000E+00 0.000E+00 0.000E+00
 0.000E+00 0.000E+00 0.000E+00 0.000E+00 0.000E+00 0.000E+00 0.000E+00 0.000E+00 0.000E+00 0.000E+00
 0.000E+00 0.000E+00 0.000E+00 0.000E+00 0.000E+00 0.000E+00 0.000E+00 0.000E+00 0.000E+00 0.000E+00
 0.000E+00 0.000E+00 0.000E+00 0.000E+00 0.000E+00 0.000E+00 0.000E+00 0.000E+00 0.000E+00 0.000E+00
 0.000E+00 0.000E+00 0.000E+00 0.000E+00 0.000E+00 0.000E+00 0.000E+00 0.000E+00 0.000E+00 0.000E+00
 0.000E+00 0.000E+00 0.000E+00 0.000E+00 0.000E+00 0.000E+00 0.000E+00 0.000E+00 0.000E+00 0.000E+00
 0.000E+00 0.000E+00 0.000E+00 0.000E+00 0.000E+00 0.000E+00 0.000E+00 0.000E+00 0.000E+00 0.000E+00
 0.000E+00 0.000E+00 0.000E+00 0.000E+00 0.000E+00 0.000E+00 0.000E+00 0.000E+00 0.000E+00 0.000E+00
 0.000E+00 0.000E+00 0.000E+00 0.000E+00 0.000E+00 5.639E-21 5.614E-21 4.729E-21 3.993E-21 4.416E-21
 5.203E-21 3.401E-21 2.876E-21 4.975E-21 4.638E-21 3.902E-21 4.579E-21 4.748E-21 3.986E-21 3.458E-21
 4.567E-21 5.125E-21 4.775E-21 4.826E-21 4.826E-21 4.739E-21 4.589E-21 5.593E-21 5.697E-21 3.521E-21
 3.615E-21 4.807E-21 3.682E-21 4.351E-21 6.371E-21 4.728E-21 3.619E-21 5.244E-21 5.492E-21 5.733E-21
 6.111E-21 5.385E-21 5.317E-21 5.489E-21 5.517E-21 5.759E-21 5.407E-21 4.665E-21 5.164E-21 5.865E-21
 4.491E-21 4.113E-21 6.178E-21 6.220E-21 4.780E-21 4.866E-21 5.256E-21 6.383E-21 7.388E-21 7.243E-21
 8.160E-21 8.143E-21 6.981E-21 6.693E-21 6.659E-21 7.854E-21 8.690E-21 7.959E-21 7.785E-21 8.492E-21
 8.995E-21 9.100E-21 9.411E-21 9.019E-21 9.370E-21 1.107E-20 1.134E-20 1.132E-20 1.145E-20 1.124E-20
 1.141E-20 1.185E-20 1.336E-20 1.416E-20 1.318E-20 1.349E-20 1.530E-20 1.564E-20 1.491E-20 1.559E-20
 1.682E-20 1.759E-20 1.792E-20 1.782E-20 1.954E-20 2.168E-20 2.129E-20 2.189E-20 2.335E-20 2.240E-20
 2.247E-20 2.335E-20 2.393E-20 2.635E-20 2.638E-20 2.567E-20 2.805E-20 2.837E-20 2.829E-20 3.050E-20
 3.158E-20 3.226E-20 3.307E-20 3.316E-20 3.373E-20 3.503E-20 3.537E-20 3.520E-20 3.696E-20 3.862E-20
 3.944E-20 4.108E-20 4.084E-20 4.018E-20 4.196E-20 4.286E-20 4.309E-20 4.473E-20 4.557E-20 4.590E-20
 4.666E-20 4.651E-20 4.756E-20 4.914E-20 4.881E-20 5.031E-20 5.193E-20 5.104E-20 5.158E-20 5.240E-20
 5.293E-20 5.404E-20 5.436E-20 5.566E-20 5.705E-20 5.691E-20 5.649E-20 5.657E-20 5.730E-20 5.811E-20
 5.916E-20 5.916E-20 5.933E-20 6.150E-20 6.098E-20 5.909E-20 5.980E-20 6.056E-20 6.103E-20 6.243E-20
 6.303E-20 6.194E-20 6.277E-20 6.418E-20 6.363E-20 6.524E-20 6.509E-20 6.351E-20 6.670E-20 6.765E-20
 6.553E-20 6.408E-20 6.059E-20 5.742E-20 5.470E-20 5.161E-20 5.182E-20 5.287E-20 5.168E-20 5.112E-20
 5.033E-20 4.926E-20 5.043E-20 4.975E-20 4.790E-20 4.810E-20 4.712E-20 4.594E-20 4.611E-20 4.552E-20
 4.409E-20 4.388E-20 4.389E-20 4.231E-20 4.127E-20 3.964E-20 3.822E-20 3.889E-20 3.775E-20 3.637E-20
 3.587E-20 3.437E-20 3.459E-20 3.525E-20 3.352E-20 3.209E-20 3.240E-20 3.183E-20 3.039E-20 2.991E-20
 2.991E-20 2.958E-20 2.797E-20 2.677E-20 2.760E-20 2.698E-20 2.552E-20 2.605E-20 2.517E-20 2.309E-20
 2.287E-20 2.253E-20 2.259E-20 2.312E-20 2.117E-20 2.003E-20 2.069E-20 2.024E-20 2.037E-20 2.028E-20
 1.901E-20 1.838E-20 1.837E-20 1.874E-20 1.820E-20 1.809E-20 1.867E-20 1.756E-20 1.744E-20 1.743E-20
 1.627E-20 1.665E-20 1.682E-20 1.698E-20 1.722E-20 1.591E-20 1.618E-20 1.750E-20 1.660E-20 1.632E-20
 1.687E-20 1.573E-20 1.617E-20 1.780E-20 1.767E-20 1.826E-20 1.867E-20 1.788E-20 1.855E-20 1.948E-20
 1.905E-20 1.845E-20 1.912E-20 2.038E-20 2.009E-20 2.021E-20 2.192E-20 2.192E-20 2.075E-20 2.104E-20
 2.283E-20 2.372E-20 2.334E-20 2.477E-20 2.556E-20 2.516E-20 2.631E-20 2.653E-20 2.748E-20 2.925E-20
 2.924E-20 2.968E-20 3.004E-20 3.053E-20 3.286E-20 3.415E-20 3.375E-20 3.453E-20 3.531E-20 3.590E-20
 3.892E-20 4.081E-20 4.019E-20 4.077E-20 4.235E-20 4.389E-20 4.493E-20 4.558E-20 4.684E-20 4.867E-20
 5.021E-20 5.122E-20 5.249E-20 5.417E-20 5.605E-20 5.804E-20 5.918E-20 5.972E-20 6.204E-20 6.505E-20
 6.640E-20 6.842E-20 7.012E-20 7.024E-20 7.171E-20 7.450E-20 7.787E-20 8.000E-20 8.108E-20 8.435E-20
 8.713E-20 8.865E-20 9.184E-20 9.523E-20 9.858E-20 1.022E-19 1.042E-19 1.073E-19 1.121E-19 1.150E-19
 1.182E-19 1.235E-19 1.275E-19 1.313E-19 1.367E-19 1.411E-19 1.454E-19 1.522E-19 1.579E-19 1.620E-19
 1.681E-19 1.736E-19 1.799E-19 1.896E-19 1.976E-19 2.038E-19 2.121E-19 2.207E-19 2.301E-19 2.411E-19
 2.502E-19 2.597E-19 2.719E-19 2.834E-19 2.952E-19 3.079E-19 3.205E-19 3.336E-19 3.475E-19 3.619E-19
 3.752E-19 3.886E-19 4.042E-19 4.207E-19 4.361E-19 4.513E-19 4.669E-19 4.823E-19 4.987E-19 5.162E-19
 5.318E-19 5.477E-19 5.658E-19 5.830E-19 5.994E-19 6.160E-19 6.325E-19 6.485E-19 6.645E-19 6.804E-19
 6.937E-19 7.073E-19 7.222E-19 7.340E-19 7.454E-19 7.574E-19 7.670E-19 7.770E-19 7.865E-19 7.960E-19
 8.063E-19 8.144E-19 8.220E-19 8.278E-19 8.318E-19 8.401E-19 8.470E-19 8.469E-19 8.511E-19 8.616E-19
 8.654E-19 8.653E-19 8.711E-19 8.783E-19 8.845E-19 8.953E-19 9.035E-19 8.981E-19 8.939E-19 9.043E-19
 9.120E-19 9.094E-19 9.156E-19 9.267E-19 9.215E-19 9.200E-19 9.298E-19 9.328E-19 9.470E-19 9.630E-19
 9.787E-19 1.001E-18 9.592E-19 8.807E-19 8.612E-19 8.709E-19 8.733E-19 8.779E-19 8.791E-19 8.794E-19
 8.806E-19 8.774E-19 8.723E-19 8.656E-19 8.558E-19 8.456E-19 8.328E-19 8.158E-19 7.980E-19 7.788E-19
 7.576E-19 7.349E-19 7.107E-19 6.851E-19 6.597E-19 6.361E-19 6.115E-19 5.855E-19 5.601E-19 5.357E-19
 5.139E-19 4.936E-19 4.723E-19 4.532E-19 4.384E-19 4.227E-19 4.073E-19 3.942E-19 3.808E-19 3.691E-19
 3.574E-19 3.462E-19 3.376E-19 3.286E-19 3.205E-19 3.141E-19 3.078E-19 3.023E-19 2.973E-19 2.911E-19
 2.853E-19 2.823E-19 2.792E-19 2.747E-19 2.712E-19 2.686E-19 2.654E-19 2.621E-19 2.591E-19 2.558E-19
 2.533E-19 2.507E-19 2.470E-19 2.445E-19 2.412E-19 2.374E-19 2.351E-19 2.315E-19 2.274E-19 2.242E-19
 2.205E-19 2.166E-19 2.125E-19 2.086E-19 2.057E-19 2.022E-19 1.984E-19 1.951E-19 1.920E-19 1.892E-19
 1.868E-19 1.837E-19 1.804E-19 1.784E-19 1.758E-19 1.727E-19 1.715E-19 1.701E-19 1.689E-19 1.674E-19
 1.653E-19 1.650E-19 1.644E-19 1.635E-19 1.639E-19 1.639E-19 1.628E-19 1.620E-19 1.633E-19 1.648E-19
 1.651E-19 1.664E-19 1.675E-19 1.676E-19 1.688E-19 1.700E-19 1.712E-19 1.736E-19 1.761E-19 1.779E-19
 1.789E-19 1.799E-19 1.826E-19 1.846E-19 1.851E-19 1.877E-19 1.915E-19 1.936E-19 1.958E-19 1.983E-19
 1.993E-19 2.016E-19 2.053E-19 2.073E-19 2.094E-19 2.122E-19 2.138E-19 2.168E-19 2.201E-19 2.209E-19
 2.220E-19 2.242E-19 2.250E-19 2.259E-19 2.274E-19 2.286E-19 2.322E-19 2.349E-19 2.338E-19 2.347E-19
 2.378E-19 2.398E-19 2.429E-19 2.475E-19 2.514E-19 2.552E-19 2.573E-19 2.591E-19 2.623E-19 2.651E-19
 2.689E-19 2.735E-19 2.778E-19 2.840E-19 2.897E-19 2.940E-19 2.995E-19 3.052E-19 3.092E-19 3.111E-19
 3.127E-19 3.162E-19 3.223E-19 3.302E-19 3.386E-19 3.465E-19 3.530E-19 3.603E-19 3.702E-19 3.798E-19
 3.889E-19 3.986E-19 4.066E-19 4.145E-19 4.225E-19 4.283E-19 4.345E-19 4.416E-19 4.477E-19 4.537E-19
 4.589E-19 4.640E-19 4.694E-19 4.730E-19 4.755E-19 4.786E-19 4.802E-19 4.813E-19 4.828E-19 4.823E-19
 4.807E-19 4.792E-19 4.768E-19 4.753E-19 4.737E-19 4.716E-19 4.705E-19 4.701E-19 4.716E-19 4.755E-19
 4.812E-19 4.896E-19 5.011E-19 5.203E-19 5.483E-19 5.889E-19 6.339E-19 6.329E-19 5.835E-19 5.462E-19
 5.247E-19 5.003E-19 4.840E-19 4.751E-19 4.714E-19 4.746E-19 4.807E-19 4.900E-19 4.998E-19 5.057E-19
 5.123E-19 5.222E-19 5.304E-19 5.360E-19 5.417E-19 5.444E-19 5.459E-19 5.483E-19 5.478E-19 5.447E-19
 5.411E-19 5.363E-19 5.296E-19 5.199E-19 5.094E-19 4.985E-19 4.857E-19 4.714E-19 4.562E-19 4.415E-19
 4.268E-19 4.100E-19 3.935E-19 3.776E-19 3.612E-19 3.463E-19 3.312E-19 3.171E-19 3.049E-19 2.901E-19
 2.764E-19 2.659E-19 2.546E-19 2.439E-19 2.355E-19 2.273E-19 2.186E-19 2.120E-19 2.053E-19 1.979E-19
 1.942E-19 1.892E-19 1.818E-19 1.783E-19 1.757E-19 1.715E-19 1.684E-19 1.655E-19 1.621E-19 1.609E-19
 1.605E-19 1.581E-19 1.559E-19 1.552E-19 1.548E-19 1.538E-19 1.523E-19 1.515E-19 1.510E-19 1.507E-19
 1.514E-19 1.518E-19 1.514E-19 1.511E-19 1.528E-19 1.539E-19 1.530E-19 1.542E-19 1.561E-19 1.560E-19
 1.579E-19 1.605E-19 1.614E-19 1.633E-19 1.664E-19 1.679E-19 1.696E-19 1.729E-19 1.749E-19 1.774E-19
 1.813E-19 1.832E-19 1.852E-19 1.887E-19 1.922E-19 1.961E-19 2.000E-19 2.045E-19 2.087E-19 2.125E-19
 2.164E-19 2.202E-19 2.252E-19 2.307E-19 2.355E-19 2.401E-19 2.447E-19 2.501E-19 2.556E-19 2.605E-19
 2.661E-19 2.722E-19 2.783E-19 2.848E-19 2.915E-19 2.978E-19 3.046E-19 3.128E-19 3.205E-19 3.279E-19
 3.359E-19 3.433E-19 3.511E-19 3.605E-19 3.697E-19 3.786E-19 3.882E-19 3.979E-19 4.074E-19 4.169E-19
 4.275E-19 4.392E-19 4.508E-19 4.622E-19 4.740E-19 4.867E-19 5.001E-19 5.140E-19 5.280E-19 5.419E-19
 5.562E-19 5.716E-19 5.864E-19 6.021E-19 6.191E-19 6.344E-19 6.508E-19 6.697E-19 6.866E-19 7.046E-19
 7.253E-19 7.445E-19 7.643E-19 7.856E-19 8.056E-19 8.273E-19 8.497E-19 8.699E-19 8.915E-19 9.145E-19
 9.373E-19 9.620E-19 9.874E-19 1.012E-18 1.039E-18 1.066E-18 1.094E-18 1.121E-18 1.151E-18 1.181E-18
 1.213E-18 1.246E-18 1.278E-18 1.312E-18 1.348E-18 1.382E-18 1.418E-18 1.455E-18 1.491E-18 1.530E-18
 1.567E-18 1.604E-18 1.643E-18 1.681E-18 1.718E-18 1.757E-18 1.795E-18 1.835E-18 1.875E-18 1.916E-18
 1.956E-18 1.994E-18 2.034E-18 2.076E-18 2.115E-18 2.155E-18 2.195E-18 2.232E-18 2.270E-18 2.310E-18
 2.350E-18 2.388E-18 2.429E-18 2.473E-18 2.520E-18 2.571E-18 2.624E-18 2.681E-18 2.742E-18 2.795E-18
 2.833E-18 2.853E-18 2.871E-18 2.902E-18 2.927E-18 2.944E-18 2.975E-18 3.005E-18 3.022E-18 3.040E-18
 3.056E-18 3.068E-18 3.078E-18 3.079E-18 3.077E-18 3.073E-18 3.060E-18 3.045E-18 3.031E-18 3.015E-18
 2.996E-18 2.969E-18 2.935E-18 2.894E-18 2.850E-18 2.806E-18 2.759E-18 2.715E-18 2.671E-18 2.629E-18
 2.591E-18 2.550E-18 2.513E-18 2.483E-18 2.451E-18 2.428E-18 2.408E-18 2.379E-18 2.353E-18 2.319E-18
 2.268E-18 2.226E-18 2.191E-18 2.147E-18 2.097E-18 2.043E-18 1.985E-18 1.927E-18 1.865E-18 1.804E-18
 1.750E-18 1.695E-18 1.641E-18 1.590E-18 1.540E-18 1.491E-18 1.444E-18 1.400E-18 1.354E-18 1.311E-18
 1.267E-18 1.221E-18 1.176E-18 1.132E-18 1.088E-18 1.045E-18 1.002E-18 9.603E-19 9.186E-19 8.781E-19
 8.390E-19 8.004E-19 7.644E-19 7.295E-19 6.945E-19 6.623E-19 6.321E-19 6.021E-19 5.734E-19 5.464E-19
 5.200E-19 4.944E-19 4.703E-19 4.474E-19 4.257E-19 4.057E-19 3.871E-19 3.686E-19 3.516E-19 3.370E-19
 3.215E-19 3.073E-19 2.954E-19 2.821E-19 2.708E-19 2.613E-19 2.499E-19 2.398E-19 2.301E-19 2.202E-19
 2.125E-19 2.034E-19 1.939E-19 1.865E-19 1.796E-19 1.738E-19 1.683E-19 1.624E-19 1.568E-19 1.515E-19
 1.474E-19 1.431E-19 1.394E-19 1.369E-19 1.322E-19 1.281E-19 1.248E-19 1.206E-19 1.175E-19 1.141E-19
 1.098E-19 1.069E-19 1.045E-19 1.020E-19 9.966E-20 9.765E-20 9.644E-20 9.583E-20 9.411E-20 9.201E-20
 9.188E-20 9.182E-20 9.034E-20 8.909E-20 8.772E-20 8.599E-20 8.476E-20 8.311E-20 8.127E-20 8.004E-20
 7.828E-20 7.677E-20 7.676E-20 7.690E-20 7.690E-20 7.676E-20 7.596E-20 7.622E-20 7.634E-20 7.531E-20
 7.614E-20 7.689E-20 7.593E-20 7.529E-20 7.444E-20 7.329E-20 7.214E-20 7.092E-20 7.047E-20 7.038E-20
 6.970E-20 6.968E-20 7.061E-20 7.035E-20 7.027E-20 7.146E-20 7.226E-20 7.277E-20 7.297E-20 7.280E-20
 7.280E-20 7.280E-20 7.186E-20 7.122E-20 7.116E-20 6.943E-20 6.873E-20 6.902E-20 6.820E-20 6.876E-20
 6.939E-20 6.966E-20 7.104E-20 7.121E-20 7.076E-20 7.158E-20 7.196E-20 7.214E-20 7.347E-20 7.282E-20
 7.093E-20 7.135E-20 7.056E-20 6.853E-20 6.901E-20 6.906E-20 6.860E-20 6.972E-20 6.941E-20 6.898E-20
 7.009E-20 6.993E-20 7.015E-20 7.147E-20 7.124E-20 7.128E-20 7.278E-20 7.251E-20 7.127E-20 7.127E-20
 6.992E-20 6.807E-20 6.798E-20 6.761E-20 6.705E-20 6.711E-20 6.755E-20 6.897E-20 6.988E-20 6.925E-20
 6.985E-20 7.168E-20 7.232E-20 7.310E-20 7.387E-20 7.367E-20 7.422E-20 7.432E-20 7.338E-20 7.380E-20
 7.422E-20 7.357E-20 7.420E-20 7.511E-20 7.556E-20 7.699E-20 7.764E-20 7.818E-20 8.072E-20 8.298E-20
 8.465E-20 8.705E-20 8.836E-20 8.905E-20 9.137E-20 9.272E-20 9.260E-20 9.416E-20 9.569E-20 9.686E-20
 9.996E-20 1.026E-19 1.044E-19 1.076E-19 1.108E-19 1.134E-19 1.179E-19 1.227E-19 1.268E-19 1.318E-19
 1.357E-19 1.383E-19 1.428E-19 1.478E-19 1.516E-19 1.552E-19 1.593E-19 1.646E-19 1.698E-19 1.743E-19
 1.811E-19 1.883E-19 1.942E-19 2.012E-19 2.091E-19 2.179E-19 2.264E-19 2.329E-19 2.403E-19 2.497E-19
 2.582E-19 2.656E-19 2.746E-19 2.825E-19 2.893E-19 2.986E-19 3.077E-19 3.165E-19 3.268E-19 3.366E-19
 3.473E-19 3.586E-19 3.684E-19 3.801E-19 3.932E-19 4.030E-19 4.153E-19 4.286E-19 4.374E-19 4.486E-19
 4.607E-19 4.704E-19 4.819E-19 4.914E-19 4.989E-19 5.116E-19 5.253E-19 5.345E-19 5.458E-19 5.571E-19
 5.652E-19 5.778E-19 5.896E-19 5.976E-19 6.096E-19 6.205E-19 6.289E-19 6.401E-19 6.499E-19 6.580E-19
 6.670E-19 6.754E-19 6.845E-19 6.944E-19 7.037E-19 7.145E-19 7.269E-19 7.371E-19 7.459E-19 7.533E-19
 7.610E-19 7.730E-19 7.804E-19 7.868E-19 7.990E-19 8.066E-19 8.111E-19 8.074E-19 8.025E-19 8.043E-19
 7.818E-19 7.502E-19 7.453E-19 7.472E-19 7.429E-19 7.386E-19 7.331E-19 7.300E-19 7.303E-19 7.291E-19
 7.245E-19 7.202E-19 7.164E-19 7.108E-19 7.046E-19 6.981E-19 6.897E-19 6.816E-19 6.747E-19 6.652E-19
 6.554E-19 6.484E-19 6.387E-19 6.284E-19 6.216E-19 6.125E-19 6.030E-19 5.958E-19 5.851E-19 5.747E-19
 5.674E-19 5.562E-19 5.441E-19 5.337E-19 5.203E-19 5.083E-19 4.980E-19 4.864E-19 4.765E-19 4.673E-19
 4.574E-19 4.485E-19 4.403E-19 4.323E-19 4.254E-19 4.189E-19 4.121E-19 4.059E-19 3.990E-19 3.920E-19
 3.865E-19 3.783E-19 3.705E-19 3.655E-19 3.576E-19 3.519E-19 3.489E-19 3.428E-19 3.390E-19 3.367E-19
 3.328E-19 3.323E-19 3.326E-19 3.310E-19 3.314E-19 3.336E-19 3.346E-19 3.353E-19 3.366E-19 3.370E-19
 3.388E-19 3.423E-19 3.442E-19 3.463E-19 3.490E-19 3.515E-19 3.559E-19 3.620E-19 3.684E-19 3.747E-19
 3.812E-19 3.892E-19 3.979E-19 4.068E-19 4.160E-19 4.245E-19 4.324E-19 4.398E-19 4.482E-19 4.568E-19
 4.644E-19 4.734E-19 4.819E-19 4.900E-19 5.001E-19 5.099E-19 5.195E-19 5.310E-19 5.427E-19 5.539E-19
 5.654E-19 5.768E-19 5.883E-19 5.991E-19 6.098E-19 6.210E-19 6.299E-19 6.381E-19 6.486E-19 6.575E-19
 6.645E-19 6.735E-19 6.834E-19 6.916E-19 7.000E-19 7.101E-19 7.191E-19 7.279E-19 7.374E-19 7.458E-19
 7.521E-19 7.577E-19 7.639E-19 7.689E-19 7.707E-19 7.708E-19 7.705E-19 7.701E-19 7.680E-19 7.635E-19
 7.588E-19 7.522E-19 7.427E-19 7.325E-19 7.225E-19 7.134E-19 7.051E-19 6.944E-19 6.818E-19 6.714E-19
 6.624E-19 6.524E-19 6.418E-19 6.337E-19 6.294E-19 6.235E-19 6.202E-19 6.219E-19 6.195E-19 6.175E-19
 6.192E-19 6.185E-19 6.177E-19 6.176E-19 6.155E-19 6.121E-19 6.054E-19 5.965E-19 5.881E-19 5.769E-19
 5.637E-19 5.512E-19 5.366E-19 5.227E-19 5.110E-19 4.981E-19 4.846E-19 4.716E-19 4.610E-19 4.501E-19
 4.366E-19 4.256E-19 4.162E-19 4.059E-19 3.948E-19 3.836E-19 3.727E-19 3.601E-19 3.489E-19 3.383E-19
 3.246E-19 3.125E-19 3.020E-19 2.900E-19 2.785E-19 2.680E-19 2.583E-19 2.474E-19 2.372E-19 2.303E-19
 2.229E-19 2.144E-19 2.068E-19 2.002E-19 1.930E-19 1.853E-19 1.772E-19 1.688E-19 1.621E-19 1.548E-19
 1.467E-19 1.417E-19 1.364E-19 1.288E-19 1.228E-19 1.178E-19 1.126E-19 1.083E-19 1.054E-19 1.015E-19
 9.744E-20 9.544E-20 9.178E-20 8.725E-20 8.481E-20 8.060E-20 7.639E-20 7.426E-20 6.991E-20 6.651E-20
 6.516E-20 6.058E-20 5.650E-20 5.502E-20 5.260E-20 5.068E-20 4.965E-20 4.788E-20 4.783E-20 4.829E-20
 4.558E-20 4.395E-20 4.399E-20 4.210E-20 4.106E-20 3.959E-20 3.674E-20 3.653E-20 3.581E-20 3.297E-20
 3.150E-20 3.060E-20 2.994E-20 2.962E-20 2.915E-20 3.025E-20 3.250E-20 3.107E-20 3.011E-20 3.207E-20
 3.173E-20 3.046E-20 3.045E-20 3.014E-20 3.020E-20 2.876E-20 2.783E-20 2.885E-20 2.838E-20 2.810E-20
 2.837E-20 2.874E-20 3.039E-20 3.147E-20 3.254E-20 3.337E-20 3.404E-20 3.604E-20 3.736E-20 3.877E-20
 3.995E-20 3.966E-20 4.098E-20 4.206E-20 4.231E-20 4.435E-20 4.543E-20 4.664E-20 4.900E-20 5.036E-20
 5.309E-20 5.598E-20 5.831E-20 6.230E-20 6.555E-20 6.848E-20 7.274E-20 7.653E-20 7.968E-20 8.349E-20
 8.776E-20 9.122E-20 9.546E-20 1.005E-19 1.039E-19 1.088E-19 1.159E-19 1.212E-19 1.277E-19 1.359E-19
 1.428E-19 1.522E-19 1.629E-19 1.716E-19 1.805E-19 1.902E-19 2.010E-19 2.132E-19 2.252E-19 2.359E-19
 2.471E-19 2.584E-19 2.679E-19 2.793E-19 2.925E-19 3.045E-19 3.171E-19 3.307E-19 3.434E-19 3.572E-19
 3.711E-19 3.795E-19 3.893E-19 3.995E-19 4.072E-19 4.151E-19 4.217E-19 4.306E-19 4.362E-19 4.367E-19
 4.402E-19 4.424E-19 4.414E-19 4.399E-19 4.392E-19 4.397E-19 4.349E-19 4.293E-19 4.259E-19 4.241E-19
 4.215E-19 4.174E-19 4.173E-19 4.213E-19 4.223E-19 4.262E-19 4.390E-19 4.475E-19 4.454E-19 4.415E-19
 4.491E-19 4.644E-19 4.603E-19 4.437E-19 4.399E-19 4.382E-19 4.322E-19 4.249E-19 4.119E-19 4.010E-19
 3.926E-19 3.794E-19 3.676E-19 3.610E-19 3.580E-19 3.595E-19 3.619E-19 3.632E-19 3.655E-19 3.683E-19
 3.705E-19 3.711E-19 3.681E-19 3.642E-19 3.605E-19 3.544E-19 3.469E-19 3.395E-19 3.285E-19 3.164E-19
 3.060E-19 2.924E-19 2.778E-19 2.642E-19 2.493E-19 2.354E-19 2.228E-19 2.087E-19 1.937E-19 1.808E-19
 1.692E-19 1.566E-19 1.465E-19 1.370E-19 1.274E-19 1.207E-19 1.121E-19 1.035E-19 9.796E-20 9.050E-20
 8.439E-20 8.171E-20 7.688E-20 7.259E-20 6.973E-20 6.448E-20 6.126E-20 6.140E-20 6.041E-20 5.848E-20
 5.697E-20 5.661E-20 5.652E-20 5.485E-20 5.392E-20 5.503E-20 5.539E-20 5.426E-20 5.423E-20 5.413E-20
 5.413E-20 5.826E-20 5.534E-20 5.441E-20 5.645E-20 5.636E-20 5.615E-20 5.979E-20 6.026E-20 6.305E-20
 6.947E-20 6.456E-20 6.463E-20 6.699E-20 6.776E-20 6.979E-20 7.301E-20 7.427E-20 7.699E-20 7.988E-20
 8.054E-20 8.277E-20 8.526E-20 8.738E-20 9.089E-20 9.339E-20 9.695E-20 1.020E-19 1.045E-19 1.070E-19
 1.118E-19 1.171E-19 1.228E-19 1.267E-19 1.303E-19 1.353E-19 1.400E-19 1.443E-19 1.498E-19 1.544E-19
 1.593E-19 1.656E-19 1.711E-19 1.767E-19 1.820E-19 1.868E-19 1.938E-19 2.005E-19 2.058E-19 2.112E-19
 2.159E-19 2.227E-19 2.281E-19 2.351E-19 2.418E-19 2.422E-19 2.453E-19 2.497E-19 2.535E-19 2.608E-19
 2.625E-19 2.629E-19 2.651E-19 2.674E-19 2.701E-19 2.721E-19 2.743E-19 2.766E-19 2.782E-19 2.798E-19
 2.817E-19 2.847E-19 2.849E-19 2.858E-19 2.890E-19 2.900E-19 2.916E-19 2.945E-19 2.945E-19 2.941E-19
 2.962E-19 2.977E-19 2.963E-19 2.941E-19 2.921E-19 2.900E-19 2.883E-19 2.857E-19 2.856E-19 2.891E-19
 2.911E-19 2.939E-19 2.960E-19 2.957E-19 2.962E-19 2.948E-19 2.929E-19 2.931E-19 2.923E-19 2.906E-19
 2.895E-19 2.878E-19 2.846E-19 2.817E-19 2.777E-19 2.748E-19 2.743E-19 2.682E-19 2.625E-19 2.566E-19
 2.460E-19 2.428E-19 2.416E-19 2.342E-19 2.258E-19 2.210E-19 2.133E-19 2.074E-19 2.006E-19 1.946E-19
 1.897E-19 1.837E-19 1.780E-19 1.727E-19 1.681E-19 1.634E-19 1.591E-19 1.546E-19 1.501E-19 1.461E-19
 1.418E-19 1.376E-19 1.331E-19 1.290E-19 1.268E-19 1.245E-19 1.193E-19 1.178E-19 1.130E-19 1.126E-19
 1.094E-19 1.086E-19 1.037E-19 1.029E-19 1.047E-19 1.044E-19 9.907E-20 9.746E-20 9.658E-20 9.457E-20
 9.315E-20 9.199E-20 9.327E-20 9.645E-20 9.292E-20 9.123E-20 9.135E-20 9.029E-20 8.931E-20 1.015E-19
 9.510E-20 9.546E-20 9.752E-20 9.861E-20 1.001E-19 1.036E-19 1.050E-19 1.060E-19 1.089E-19 1.124E-19
 1.160E-19 1.193E-19 1.222E-19 1.271E-19 1.315E-19 1.347E-19 1.402E-19 1.457E-19 1.509E-19 1.567E-19
 1.640E-19 1.708E-19 1.768E-19 1.916E-19 1.945E-19 1.978E-19 2.052E-19 2.116E-19 2.189E-19 2.267E-19
 2.335E-19 2.419E-19 2.496E-19 2.571E-19 2.662E-19 2.747E-19 2.828E-19 2.921E-19 3.013E-19 3.106E-19
 3.216E-19 3.314E-19 3.405E-19 3.530E-19 3.649E-19 3.745E-19 3.873E-19 3.999E-19 4.114E-19 4.260E-19
 4.410E-19 4.540E-19 4.683E-19 4.834E-19 4.969E-19 5.114E-19 5.271E-19 5.427E-19 5.570E-19 5.696E-19
 5.831E-19 5.919E-19 5.945E-19 5.996E-19 6.094E-19 6.201E-19 6.316E-19 6.414E-19 6.490E-19 6.597E-19
 6.673E-19 6.737E-19 6.821E-19 6.868E-19 6.931E-19 7.027E-19 7.034E-19 7.033E-19 7.070E-19 7.054E-19
 7.010E-19 7.056E-19 6.920E-19 7.104E-19 6.886E-19 6.938E-19 6.867E-19 6.893E-19 6.906E-19 6.944E-19
 7.013E-19 7.066E-19 7.182E-19 7.333E-19 7.531E-19 7.762E-19 7.767E-19 7.448E-19 7.045E-19 6.767E-19
 6.573E-19 6.445E-19 6.382E-19 6.346E-19 6.352E-19 6.391E-19 6.460E-19 6.523E-19 6.568E-19 6.611E-19
 6.650E-19 6.680E-19 6.700E-19 6.706E-19 6.689E-19 6.653E-19 6.615E-19 6.544E-19 6.454E-19 6.374E-19
 6.260E-19 6.126E-19 5.985E-19 5.832E-19 5.678E-19 5.521E-19 5.404E-19 5.252E-19 5.064E-19 4.890E-19
 4.741E-19 4.600E-19 4.441E-19 4.308E-19 4.155E-19 3.972E-19 3.815E-19 3.677E-19 3.534E-19 3.419E-19
 3.329E-19 3.253E-19 3.239E-19 3.258E-19 3.317E-19 3.441E-19 3.517E-19 3.479E-19 3.312E-19 3.091E-19
 2.933E-19 2.794E-19 2.659E-19 2.559E-19 2.582E-19 2.685E-19 2.426E-19 2.454E-19 2.395E-19 2.383E-19
 2.378E-19 2.350E-19 2.347E-19 2.327E-19 2.301E-19 2.288E-19 2.262E-19 2.224E-19 2.189E-19 2.146E-19
 2.090E-19 2.035E-19 1.968E-19 1.897E-19 1.837E-19 1.762E-19 1.686E-19 1.622E-19 1.544E-19 1.474E-19
 1.413E-19 1.343E-19 1.288E-19 1.237E-19 1.178E-19 1.132E-19 1.081E-19 1.022E-19 9.846E-20 9.496E-20
 9.084E-20 8.762E-20 8.367E-20 7.924E-20 7.638E-20 7.274E-20 6.842E-20 6.647E-20 6.491E-20 6.328E-20
 6.139E-20 6.932E-20 6.289E-20 5.841E-20 5.581E-20 5.578E-20 5.414E-20 5.318E-20 5.252E-20 5.104E-20
 5.063E-20 4.980E-20 4.994E-20 4.839E-20 4.590E-20 4.659E-20 4.617E-20 4.552E-20 4.791E-20 4.714E-20
 4.597E-20 4.542E-20 4.417E-20 4.350E-20 4.444E-20 4.516E-20 4.470E-20 4.448E-20 4.516E-20 4.539E-20
 4.173E-20 4.193E-20 4.672E-20 4.269E-20 4.219E-20 3.992E-20 3.485E-20 4.123E-20 5.523E-20 2.975E-20
 4.780E-20 4.460E-20 4.444E-20 4.358E-20 5.021E-20 4.832E-20 4.553E-20 4.338E-20 5.067E-20 4.428E-20
 4.172E-20 4.325E-20 4.198E-20 4.172E-20 4.185E-20 4.117E-20 4.104E-20 4.113E-20 4.096E-20 4.030E-20
 3.961E-20 4.010E-20 4.093E-20 3.959E-20 3.867E-20 3.860E-20 3.710E-20 3.666E-20 3.589E-20 3.720E-20
 3.422E-20 3.468E-20 3.995E-20 3.854E-20 3.759E-20 3.580E-20 3.483E-20 3.236E-20 3.287E-20 3.185E-20
 3.029E-20 3.082E-20 3.116E-20 2.989E-20 2.904E-20 2.891E-20 2.770E-20 2.706E-20 2.727E-20 2.722E-20
 2.621E-20 2.493E-20 2.463E-20 2.531E-20 2.524E-20 2.338E-20 2.389E-20 2.209E-20 1.954E-20 2.532E-20
 1.648E-20 2.164E-20 1.835E-20 2.346E-20 1.476E-20 1.990E-20 1.090E-20 1.093E-20 9.779E-21 1.881E-20
 1.358E-20 1.448E-20 1.465E-20 1.172E-20 1.228E-20 1.179E-20 9.956E-21 8.056E-21 1.501E-20 1.912E-20
 1.165E-20 9.119E-21 8.236E-21 8.769E-21 7.424E-21 7.066E-21 7.473E-21 6.044E-21 6.190E-21 7.264E-21
 5.996E-21 5.228E-21 5.610E-21 4.626E-21 4.596E-21 5.821E-21 5.375E-21 3.902E-21 3.635E-21 5.945E-21
 6.363E-21 5.140E-21 4.119E-21 3.696E-21 4.710E-21 4.446E-21 3.259E-21 3.636E-21 3.195E-21 2.775E-21
 3.177E-21 2.853E-21 2.947E-21 2.496E-21 1.797E-21 2.419E-21 2.705E-21 2.153E-21 1.786E-21 3.477E-21
 3.676E-21 6.070E-22 1.953E-21 2.159E-21 2.377E-21 8.000E-21 4.090E-21 2.260E-21 1.721E-21 1.790E-21
 1.813E-21 3.310E-21 5.224E-21 3.973E-21 1.816E-21 6.758E-21 1.876E-21 2.354E-21 0.000E+00 7.549E-21
 3.852E-21 3.072E-21 2.390E-21 3.168E-21 1.385E-21 7.120E-22 1.293E-21 1.128E-21 1.293E-21 0.000E+00
 0.000E+00 0.000E+00 0.000E+00 0.000E+00 0.000E+00 0.000E+00 0.000E+00 0.000E+00 0.000E+00 0.000E+00
 0.000E+00 0.000E+00 0.000E+00 0.000E+00 0.000E+00 0.000E+00 0.000E+00 0.000E+00 0.000E+00 0.000E+00
 0.000E+00 0.000E+00 0.000E+00 0.000E+00 0.000E+00 0.000E+00 0.000E+00 0.000E+00 0.000E+00 0.000E+00
