      HNO4  770.0070  829.9990      5476      268. 0.70       2.91E-19  100CM   -5C   DU85      TORR
 0.000E+00 0.000E+00 0.000E+00 0.000E+00 0.000E+00 0.000E+00 0.000E+00 0.000E+00 0.000E+00 0.000E+00
 0.000E+00 0.000E+00 0.000E+00 0.000E+00 0.000E+00 0.000E+00 0.000E+00 0.000E+00 0.000E+00 0.000E+00
 0.000E+00 0.000E+00 0.000E+00 0.000E+00 0.000E+00 0.000E+00 0.000E+00 0.000E+00 0.000E+00 0.000E+00
 0.000E+00 0.169E-20 0.349E-20 0.395E-20 0.278E-20 0.456E-21 0.000E+00 0.000E+00 0.000E+00 0.000E+00
 0.000E+00 0.000E+00 0.000E+00 0.180E-20 0.564E-20 0.892E-20 0.105E-19 0.102E-19 0.831E-20 0.570E-20
 0.331E-20 0.210E-20 0.243E-20 0.365E-20 0.456E-20 0.432E-20 0.303E-20 0.141E-20 0.611E-22 0.000E+00
 0.000E+00 0.000E+00 0.000E+00 0.000E+00 0.000E+00 0.000E+00 0.000E+00 0.000E+00 0.000E+00 0.000E+00
 0.000E+00 0.578E-21 0.238E-20 0.165E-20 0.000E+00 0.000E+00 0.000E+00 0.000E+00 0.000E+00 0.830E-21
 0.324E-20 0.412E-20 0.283E-20 0.370E-21 0.000E+00 0.000E+00 0.000E+00 0.000E+00 0.000E+00 0.000E+00
 0.000E+00 0.552E-21 0.000E+00 0.000E+00 0.000E+00 0.000E+00 0.637E-21 0.143E-20 0.396E-21 0.000E+00
 0.000E+00 0.583E-24 0.218E-20 0.285E-20 0.147E-20 0.000E+00 0.000E+00 0.127E-20 0.304E-20 0.296E-20
 0.115E-20 0.000E+00 0.827E-22 0.200E-20 0.337E-20 0.288E-20 0.124E-20 0.293E-21 0.121E-20 0.351E-20
 0.569E-20 0.680E-20 0.728E-20 0.829E-20 0.103E-19 0.123E-19 0.129E-19 0.115E-19 0.922E-20 0.752E-20
 0.674E-20 0.619E-20 0.502E-20 0.319E-20 0.141E-20 0.551E-21 0.744E-21 0.113E-20 0.674E-21 0.000E+00
 0.000E+00 0.000E+00 0.692E-21 0.837E-21 0.000E+00 0.000E+00 0.000E+00 0.000E+00 0.288E-20 0.474E-20
 0.401E-20 0.100E-20 0.000E+00 0.000E+00 0.000E+00 0.000E+00 0.000E+00 0.000E+00 0.000E+00 0.000E+00
 0.000E+00 0.000E+00 0.000E+00 0.000E+00 0.000E+00 0.000E+00 0.000E+00 0.000E+00 0.000E+00 0.000E+00
 0.000E+00 0.000E+00 0.000E+00 0.168E-21 0.688E-22 0.000E+00 0.000E+00 0.000E+00 0.000E+00 0.000E+00
 0.000E+00 0.000E+00 0.000E+00 0.000E+00 0.000E+00 0.000E+00 0.000E+00 0.000E+00 0.000E+00 0.000E+00
 0.243E-20 0.696E-20 0.893E-20 0.773E-20 0.466E-20 0.166E-20 0.607E-22 0.121E-21 0.120E-20 0.226E-20
 0.251E-20 0.184E-20 0.839E-21 0.274E-21 0.337E-21 0.435E-21 0.000E+00 0.000E+00 0.000E+00 0.000E+00
 0.000E+00 0.000E+00 0.000E+00 0.000E+00 0.000E+00 0.000E+00 0.000E+00 0.000E+00 0.000E+00 0.000E+00
 0.000E+00 0.000E+00 0.000E+00 0.451E-21 0.120E-20 0.182E-20 0.277E-20 0.380E-20 0.442E-20 0.459E-20
 0.466E-20 0.491E-20 0.549E-20 0.644E-20 0.746E-20 0.780E-20 0.695E-20 0.545E-20 0.453E-20 0.479E-20
 0.531E-20 0.469E-20 0.276E-20 0.936E-21 0.658E-21 0.163E-20 0.222E-20 0.141E-20 0.273E-21 0.108E-20
 0.485E-20 0.977E-20 0.124E-19 0.111E-19 0.687E-20 0.274E-20 0.590E-21 0.617E-21 0.237E-20 0.561E-20
 0.974E-20 0.131E-19 0.136E-19 0.110E-19 0.713E-20 0.476E-20 0.522E-20 0.737E-20 0.890E-20 0.844E-20
 0.659E-20 0.500E-20 0.489E-20 0.618E-20 0.800E-20 0.950E-20 0.103E-19 0.103E-19 0.961E-20 0.831E-20
 0.693E-20 0.618E-20 0.648E-20 0.728E-20 0.740E-20 0.601E-20 0.360E-20 0.140E-20 0.134E-21 0.000E+00
 0.000E+00 0.000E+00 0.000E+00 0.000E+00 0.000E+00 0.000E+00 0.000E+00 0.000E+00 0.000E+00 0.000E+00
 0.000E+00 0.850E-22 0.141E-20 0.343E-20 0.599E-20 0.837E-20 0.933E-20 0.806E-20 0.501E-20 0.165E-20
 0.000E+00 0.000E+00 0.000E+00 0.000E+00 0.000E+00 0.110E-20 0.277E-20 0.349E-20 0.333E-20 0.281E-20
 0.208E-20 0.105E-20 0.526E-22 0.000E+00 0.958E-21 0.272E-20 0.449E-20 0.630E-20 0.848E-20 0.106E-19
 0.113E-19 0.101E-19 0.792E-20 0.676E-20 0.704E-20 0.728E-20 0.612E-20 0.434E-20 0.415E-20 0.654E-20
 0.978E-20 0.110E-19 0.923E-20 0.594E-20 0.385E-20 0.429E-20 0.646E-20 0.839E-20 0.868E-20 0.751E-20
 0.617E-20 0.562E-20 0.566E-20 0.535E-20 0.429E-20 0.319E-20 0.307E-20 0.404E-20 0.502E-20 0.489E-20
 0.366E-20 0.247E-20 0.243E-20 0.355E-20 0.474E-20 0.471E-20 0.304E-20 0.510E-21 0.000E+00 0.000E+00
 0.000E+00 0.000E+00 0.000E+00 0.000E+00 0.000E+00 0.000E+00 0.000E+00 0.000E+00 0.000E+00 0.428E-21
 0.238E-20 0.557E-20 0.949E-20 0.118E-19 0.104E-19 0.584E-20 0.113E-20 0.000E+00 0.000E+00 0.108E-20
 0.138E-20 0.828E-22 0.000E+00 0.000E+00 0.000E+00 0.000E+00 0.000E+00 0.000E+00 0.000E+00 0.000E+00
 0.000E+00 0.000E+00 0.298E-20 0.638E-20 0.961E-20 0.123E-19 0.134E-19 0.123E-19 0.947E-20 0.667E-20
 0.495E-20 0.423E-20 0.412E-20 0.467E-20 0.583E-20 0.678E-20 0.636E-20 0.437E-20 0.204E-20 0.852E-21
 0.126E-20 0.247E-20 0.339E-20 0.335E-20 0.205E-20 0.000E+00 0.000E+00 0.000E+00 0.000E+00 0.000E+00
 0.000E+00 0.315E-21 0.000E+00 0.000E+00 0.000E+00 0.203E-20 0.479E-20 0.617E-20 0.530E-20 0.296E-20
 0.864E-21 0.235E-21 0.857E-21 0.144E-20 0.951E-21 0.000E+00 0.000E+00 0.000E+00 0.000E+00 0.000E+00
 0.000E+00 0.000E+00 0.743E-21 0.189E-20 0.217E-20 0.152E-20 0.979E-21 0.166E-20 0.379E-20 0.668E-20
 0.914E-20 0.995E-20 0.852E-20 0.544E-20 0.217E-20 0.000E+00 0.000E+00 0.000E+00 0.000E+00 0.000E+00
 0.000E+00 0.000E+00 0.416E-21 0.391E-20 0.801E-20 0.106E-19 0.988E-20 0.667E-20 0.349E-20 0.232E-20
 0.309E-20 0.469E-20 0.644E-20 0.797E-20 0.842E-20 0.682E-20 0.368E-20 0.113E-20 0.111E-20 0.358E-20
 0.660E-20 0.803E-20 0.710E-20 0.471E-20 0.264E-20 0.213E-20 0.285E-20 0.334E-20 0.258E-20 0.106E-20
 0.252E-21 0.100E-20 0.277E-20 0.421E-20 0.441E-20 0.354E-20 0.257E-20 0.234E-20 0.278E-20 0.312E-20
 0.302E-20 0.316E-20 0.441E-20 0.651E-20 0.799E-20 0.766E-20 0.573E-20 0.335E-20 0.134E-20 0.000E+00
 0.000E+00 0.000E+00 0.000E+00 0.000E+00 0.000E+00 0.312E-20 0.740E-20 0.110E-19 0.122E-19 0.105E-19
 0.714E-20 0.396E-20 0.199E-20 0.859E-21 0.342E-22 0.228E-22 0.196E-20 0.596E-20 0.105E-19 0.136E-19
 0.147E-19 0.148E-19 0.149E-19 0.149E-19 0.143E-19 0.133E-19 0.129E-19 0.132E-19 0.134E-19 0.123E-19
 0.104E-19 0.928E-20 0.979E-20 0.109E-19 0.112E-19 0.103E-19 0.901E-20 0.816E-20 0.816E-20 0.933E-20
 0.117E-19 0.142E-19 0.151E-19 0.138E-19 0.118E-19 0.109E-19 0.114E-19 0.112E-19 0.901E-20 0.578E-20
 0.360E-20 0.322E-20 0.349E-20 0.319E-20 0.257E-20 0.283E-20 0.440E-20 0.651E-20 0.836E-20 0.100E-19
 0.118E-19 0.130E-19 0.128E-19 0.108E-19 0.852E-20 0.733E-20 0.728E-20 0.727E-20 0.675E-20 0.661E-20
 0.797E-20 0.104E-19 0.120E-19 0.114E-19 0.917E-20 0.708E-20 0.608E-20 0.561E-20 0.488E-20 0.428E-20
 0.503E-20 0.751E-20 0.104E-19 0.119E-19 0.113E-19 0.979E-20 0.853E-20 0.791E-20 0.771E-20 0.811E-20
 0.959E-20 0.116E-19 0.125E-19 0.111E-19 0.844E-20 0.701E-20 0.811E-20 0.103E-19 0.113E-19 0.105E-19
 0.982E-20 0.107E-19 0.124E-19 0.131E-19 0.123E-19 0.113E-19 0.113E-19 0.114E-19 0.103E-19 0.753E-20
 0.442E-20 0.255E-20 0.250E-20 0.386E-20 0.609E-20 0.880E-20 0.115E-19 0.135E-19 0.143E-19 0.140E-19
 0.130E-19 0.114E-19 0.953E-20 0.799E-20 0.729E-20 0.714E-20 0.665E-20 0.558E-20 0.494E-20 0.564E-20
 0.686E-20 0.672E-20 0.466E-20 0.257E-20 0.275E-20 0.516E-20 0.732E-20 0.706E-20 0.465E-20 0.215E-20
 0.123E-20 0.189E-20 0.290E-20 0.322E-20 0.302E-20 0.346E-20 0.522E-20 0.747E-20 0.841E-20 0.724E-20
 0.508E-20 0.384E-20 0.422E-20 0.518E-20 0.533E-20 0.438E-20 0.340E-20 0.375E-20 0.600E-20 0.939E-20
 0.123E-19 0.135E-19 0.133E-19 0.129E-19 0.133E-19 0.137E-19 0.131E-19 0.115E-19 0.984E-20 0.933E-20
 0.100E-19 0.117E-19 0.144E-19 0.178E-19 0.209E-19 0.218E-19 0.195E-19 0.144E-19 0.899E-20 0.510E-20
 0.308E-20 0.197E-20 0.125E-20 0.162E-20 0.367E-20 0.627E-20 0.738E-20 0.652E-20 0.552E-20 0.632E-20
 0.857E-20 0.103E-19 0.105E-19 0.109E-19 0.136E-19 0.184E-19 0.227E-19 0.237E-19 0.215E-19 0.183E-19
 0.159E-19 0.142E-19 0.118E-19 0.838E-20 0.487E-20 0.242E-20 0.108E-20 0.431E-21 0.824E-21 0.311E-20
 0.717E-20 0.113E-19 0.133E-19 0.125E-19 0.101E-19 0.828E-20 0.804E-20 0.894E-20 0.946E-20 0.860E-20
 0.699E-20 0.629E-20 0.757E-20 0.103E-19 0.129E-19 0.141E-19 0.137E-19 0.120E-19 0.991E-20 0.876E-20
 0.958E-20 0.124E-19 0.158E-19 0.179E-19 0.178E-19 0.165E-19 0.156E-19 0.162E-19 0.177E-19 0.180E-19
 0.158E-19 0.123E-19 0.101E-19 0.105E-19 0.128E-19 0.151E-19 0.167E-19 0.181E-19 0.203E-19 0.229E-19
 0.244E-19 0.238E-19 0.216E-19 0.190E-19 0.168E-19 0.148E-19 0.132E-19 0.133E-19 0.161E-19 0.205E-19
 0.233E-19 0.221E-19 0.177E-19 0.132E-19 0.105E-19 0.933E-20 0.850E-20 0.829E-20 0.969E-20 0.126E-19
 0.154E-19 0.166E-19 0.163E-19 0.158E-19 0.156E-19 0.150E-19 0.132E-19 0.112E-19 0.105E-19 0.118E-19
 0.140E-19 0.149E-19 0.137E-19 0.114E-19 0.965E-20 0.939E-20 0.101E-19 0.106E-19 0.100E-19 0.832E-20
 0.641E-20 0.562E-20 0.658E-20 0.873E-20 0.108E-19 0.121E-19 0.126E-19 0.131E-19 0.142E-19 0.161E-19
 0.176E-19 0.174E-19 0.147E-19 0.108E-19 0.816E-20 0.825E-20 0.979E-20 0.102E-19 0.864E-20 0.716E-20
 0.805E-20 0.108E-19 0.125E-19 0.109E-19 0.761E-20 0.620E-20 0.854E-20 0.128E-19 0.157E-19 0.165E-19
 0.167E-19 0.180E-19 0.193E-19 0.189E-19 0.170E-19 0.161E-19 0.178E-19 0.206E-19 0.214E-19 0.183E-19
 0.131E-19 0.919E-20 0.816E-20 0.906E-20 0.959E-20 0.862E-20 0.734E-20 0.766E-20 0.100E-19 0.129E-19
 0.148E-19 0.157E-19 0.164E-19 0.167E-19 0.152E-19 0.121E-19 0.935E-20 0.978E-20 0.136E-19 0.178E-19
 0.187E-19 0.155E-19 0.107E-19 0.764E-20 0.815E-20 0.112E-19 0.141E-19 0.147E-19 0.134E-19 0.127E-19
 0.142E-19 0.175E-19 0.202E-19 0.206E-19 0.189E-19 0.165E-19 0.150E-19 0.147E-19 0.157E-19 0.176E-19
 0.200E-19 0.222E-19 0.233E-19 0.226E-19 0.201E-19 0.172E-19 0.160E-19 0.173E-19 0.197E-19 0.205E-19
 0.183E-19 0.149E-19 0.128E-19 0.129E-19 0.137E-19 0.133E-19 0.122E-19 0.123E-19 0.154E-19 0.207E-19
 0.254E-19 0.267E-19 0.243E-19 0.209E-19 0.198E-19 0.219E-19 0.250E-19 0.265E-19 0.256E-19 0.237E-19
 0.217E-19 0.189E-19 0.153E-19 0.126E-19 0.131E-19 0.166E-19 0.198E-19 0.194E-19 0.154E-19 0.111E-19
 0.965E-20 0.113E-19 0.138E-19 0.149E-19 0.144E-19 0.138E-19 0.145E-19 0.160E-19 0.167E-19 0.156E-19
 0.136E-19 0.129E-19 0.152E-19 0.201E-19 0.249E-19 0.260E-19 0.225E-19 0.163E-19 0.115E-19 0.104E-19
 0.129E-19 0.163E-19 0.180E-19 0.169E-19 0.140E-19 0.118E-19 0.121E-19 0.147E-19 0.178E-19 0.193E-19
 0.184E-19 0.163E-19 0.152E-19 0.165E-19 0.195E-19 0.223E-19 0.227E-19 0.202E-19 0.166E-19 0.143E-19
 0.146E-19 0.173E-19 0.203E-19 0.217E-19 0.209E-19 0.192E-19 0.185E-19 0.192E-19 0.202E-19 0.200E-19
 0.188E-19 0.182E-19 0.190E-19 0.203E-19 0.202E-19 0.182E-19 0.156E-19 0.145E-19 0.153E-19 0.167E-19
 0.169E-19 0.159E-19 0.152E-19 0.160E-19 0.176E-19 0.188E-19 0.185E-19 0.174E-19 0.171E-19 0.187E-19
 0.220E-19 0.251E-19 0.260E-19 0.239E-19 0.198E-19 0.152E-19 0.119E-19 0.104E-19 0.104E-19 0.113E-19
 0.127E-19 0.143E-19 0.159E-19 0.163E-19 0.151E-19 0.133E-19 0.132E-19 0.164E-19 0.221E-19 0.274E-19
 0.298E-19 0.290E-19 0.260E-19 0.221E-19 0.175E-19 0.125E-19 0.809E-20 0.586E-20 0.682E-20 0.103E-19
 0.142E-19 0.161E-19 0.151E-19 0.124E-19 0.104E-19 0.111E-19 0.147E-19 0.195E-19 0.228E-19 0.225E-19
 0.188E-19 0.142E-19 0.116E-19 0.116E-19 0.129E-19 0.135E-19 0.131E-19 0.129E-19 0.142E-19 0.166E-19
 0.185E-19 0.184E-19 0.171E-19 0.163E-19 0.169E-19 0.178E-19 0.172E-19 0.144E-19 0.111E-19 0.101E-19
 0.125E-19 0.169E-19 0.200E-19 0.194E-19 0.156E-19 0.112E-19 0.918E-20 0.103E-19 0.127E-19 0.137E-19
 0.125E-19 0.108E-19 0.105E-19 0.120E-19 0.133E-19 0.130E-19 0.118E-19 0.120E-19 0.150E-19 0.196E-19
 0.231E-19 0.236E-19 0.218E-19 0.202E-19 0.202E-19 0.209E-19 0.210E-19 0.202E-19 0.189E-19 0.177E-19
 0.160E-19 0.139E-19 0.127E-19 0.144E-19 0.192E-19 0.248E-19 0.276E-19 0.262E-19 0.219E-19 0.180E-19
 0.164E-19 0.171E-19 0.187E-19 0.195E-19 0.181E-19 0.147E-19 0.114E-19 0.109E-19 0.142E-19 0.190E-19
 0.216E-19 0.203E-19 0.168E-19 0.145E-19 0.148E-19 0.170E-19 0.192E-19 0.203E-19 0.200E-19 0.189E-19
 0.178E-19 0.175E-19 0.185E-19 0.201E-19 0.216E-19 0.231E-19 0.255E-19 0.289E-19 0.311E-19 0.300E-19
 0.255E-19 0.202E-19 0.173E-19 0.177E-19 0.198E-19 0.209E-19 0.198E-19 0.180E-19 0.177E-19 0.200E-19
 0.230E-19 0.238E-19 0.215E-19 0.183E-19 0.176E-19 0.200E-19 0.236E-19 0.257E-19 0.249E-19 0.228E-19
 0.214E-19 0.217E-19 0.231E-19 0.247E-19 0.262E-19 0.278E-19 0.290E-19 0.293E-19 0.286E-19 0.282E-19
 0.284E-19 0.283E-19 0.260E-19 0.218E-19 0.181E-19 0.177E-19 0.208E-19 0.252E-19 0.284E-19 0.289E-19
 0.275E-19 0.253E-19 0.235E-19 0.231E-19 0.247E-19 0.276E-19 0.296E-19 0.286E-19 0.244E-19 0.199E-19
 0.184E-19 0.208E-19 0.254E-19 0.285E-19 0.281E-19 0.248E-19 0.211E-19 0.189E-19 0.187E-19 0.196E-19
 0.202E-19 0.200E-19 0.198E-19 0.208E-19 0.235E-19 0.268E-19 0.285E-19 0.275E-19 0.251E-19 0.238E-19
 0.254E-19 0.293E-19 0.329E-19 0.343E-19 0.330E-19 0.309E-19 0.298E-19 0.301E-19 0.304E-19 0.289E-19
 0.255E-19 0.220E-19 0.215E-19 0.253E-19 0.316E-19 0.363E-19 0.361E-19 0.311E-19 0.249E-19 0.211E-19
 0.209E-19 0.232E-19 0.261E-19 0.279E-19 0.279E-19 0.263E-19 0.246E-19 0.243E-19 0.261E-19 0.292E-19
 0.328E-19 0.362E-19 0.392E-19 0.410E-19 0.403E-19 0.364E-19 0.302E-19 0.243E-19 0.213E-19 0.220E-19
 0.251E-19 0.276E-19 0.277E-19 0.261E-19 0.248E-19 0.256E-19 0.281E-19 0.303E-19 0.307E-19 0.297E-19
 0.288E-19 0.291E-19 0.302E-19 0.307E-19 0.300E-19 0.288E-19 0.280E-19 0.278E-19 0.275E-19 0.272E-19
 0.273E-19 0.280E-19 0.283E-19 0.269E-19 0.237E-19 0.204E-19 0.193E-19 0.207E-19 0.225E-19 0.226E-19
 0.210E-19 0.196E-19 0.203E-19 0.226E-19 0.246E-19 0.248E-19 0.235E-19 0.221E-19 0.220E-19 0.234E-19
 0.257E-19 0.276E-19 0.283E-19 0.279E-19 0.269E-19 0.264E-19 0.272E-19 0.296E-19 0.327E-19 0.343E-19
 0.328E-19 0.287E-19 0.244E-19 0.228E-19 0.246E-19 0.281E-19 0.302E-19 0.292E-19 0.260E-19 0.227E-19
 0.209E-19 0.210E-19 0.222E-19 0.234E-19 0.240E-19 0.237E-19 0.225E-19 0.212E-19 0.213E-19 0.239E-19
 0.283E-19 0.316E-19 0.313E-19 0.273E-19 0.219E-19 0.181E-19 0.178E-19 0.207E-19 0.247E-19 0.274E-19
 0.281E-19 0.273E-19 0.262E-19 0.253E-19 0.252E-19 0.261E-19 0.272E-19 0.273E-19 0.262E-19 0.251E-19
 0.260E-19 0.291E-19 0.325E-19 0.338E-19 0.325E-19 0.290E-19 0.245E-19 0.202E-19 0.173E-19 0.168E-19
 0.187E-19 0.215E-19 0.242E-19 0.261E-19 0.275E-19 0.282E-19 0.279E-19 0.271E-19 0.267E-19 0.274E-19
 0.287E-19 0.298E-19 0.305E-19 0.312E-19 0.321E-19 0.321E-19 0.310E-19 0.299E-19 0.304E-19 0.323E-19
 0.336E-19 0.328E-19 0.307E-19 0.291E-19 0.287E-19 0.289E-19 0.289E-19 0.291E-19 0.300E-19 0.312E-19
 0.318E-19 0.307E-19 0.280E-19 0.250E-19 0.240E-19 0.262E-19 0.305E-19 0.340E-19 0.341E-19 0.309E-19
 0.269E-19 0.243E-19 0.238E-19 0.253E-19 0.279E-19 0.304E-19 0.311E-19 0.291E-19 0.257E-19 0.235E-19
 0.246E-19 0.282E-19 0.312E-19 0.312E-19 0.291E-19 0.276E-19 0.285E-19 0.311E-19 0.327E-19 0.322E-19
 0.306E-19 0.301E-19 0.317E-19 0.351E-19 0.385E-19 0.406E-19 0.403E-19 0.376E-19 0.340E-19 0.314E-19
 0.316E-19 0.339E-19 0.356E-19 0.343E-19 0.304E-19 0.267E-19 0.256E-19 0.272E-19 0.299E-19 0.324E-19
 0.342E-19 0.353E-19 0.350E-19 0.332E-19 0.310E-19 0.299E-19 0.306E-19 0.321E-19 0.332E-19 0.341E-19
 0.361E-19 0.392E-19 0.420E-19 0.425E-19 0.404E-19 0.369E-19 0.339E-19 0.328E-19 0.333E-19 0.348E-19
 0.359E-19 0.358E-19 0.340E-19 0.308E-19 0.275E-19 0.258E-19 0.268E-19 0.307E-19 0.358E-19 0.400E-19
 0.416E-19 0.406E-19 0.383E-19 0.368E-19 0.364E-19 0.364E-19 0.356E-19 0.340E-19 0.326E-19 0.326E-19
 0.340E-19 0.358E-19 0.371E-19 0.376E-19 0.372E-19 0.363E-19 0.352E-19 0.345E-19 0.346E-19 0.353E-19
 0.365E-19 0.374E-19 0.380E-19 0.385E-19 0.396E-19 0.421E-19 0.455E-19 0.479E-19 0.475E-19 0.441E-19
 0.400E-19 0.378E-19 0.387E-19 0.418E-19 0.449E-19 0.459E-19 0.440E-19 0.397E-19 0.349E-19 0.317E-19
 0.317E-19 0.347E-19 0.387E-19 0.414E-19 0.412E-19 0.391E-19 0.372E-19 0.373E-19 0.394E-19 0.418E-19
 0.426E-19 0.414E-19 0.395E-19 0.388E-19 0.400E-19 0.420E-19 0.426E-19 0.408E-19 0.380E-19 0.367E-19
 0.385E-19 0.424E-19 0.458E-19 0.467E-19 0.448E-19 0.414E-19 0.392E-19 0.393E-19 0.411E-19 0.418E-19
 0.393E-19 0.346E-19 0.314E-19 0.333E-19 0.398E-19 0.468E-19 0.502E-19 0.490E-19 0.456E-19 0.426E-19
 0.412E-19 0.411E-19 0.415E-19 0.415E-19 0.406E-19 0.386E-19 0.368E-19 0.373E-19 0.412E-19 0.475E-19
 0.530E-19 0.549E-19 0.527E-19 0.482E-19 0.437E-19 0.411E-19 0.415E-19 0.447E-19 0.486E-19 0.507E-19
 0.499E-19 0.473E-19 0.448E-19 0.431E-19 0.421E-19 0.413E-19 0.406E-19 0.397E-19 0.385E-19 0.377E-19
 0.383E-19 0.404E-19 0.433E-19 0.455E-19 0.462E-19 0.451E-19 0.423E-19 0.390E-19 0.366E-19 0.361E-19
 0.372E-19 0.385E-19 0.392E-19 0.392E-19 0.391E-19 0.391E-19 0.387E-19 0.373E-19 0.359E-19 0.361E-19
 0.393E-19 0.448E-19 0.498E-19 0.514E-19 0.485E-19 0.436E-19 0.409E-19 0.425E-19 0.469E-19 0.505E-19
 0.503E-19 0.467E-19 0.422E-19 0.383E-19 0.359E-19 0.356E-19 0.381E-19 0.428E-19 0.468E-19 0.474E-19
 0.447E-19 0.416E-19 0.410E-19 0.433E-19 0.464E-19 0.483E-19 0.482E-19 0.470E-19 0.452E-19 0.431E-19
 0.405E-19 0.381E-19 0.373E-19 0.391E-19 0.433E-19 0.482E-19 0.514E-19 0.522E-19 0.513E-19 0.506E-19
 0.509E-19 0.510E-19 0.498E-19 0.480E-19 0.478E-19 0.506E-19 0.548E-19 0.569E-19 0.552E-19 0.506E-19
 0.459E-19 0.428E-19 0.412E-19 0.408E-19 0.419E-19 0.447E-19 0.478E-19 0.490E-19 0.475E-19 0.445E-19
 0.425E-19 0.428E-19 0.448E-19 0.469E-19 0.479E-19 0.478E-19 0.478E-19 0.485E-19 0.498E-19 0.508E-19
 0.517E-19 0.534E-19 0.560E-19 0.580E-19 0.574E-19 0.545E-19 0.519E-19 0.518E-19 0.537E-19 0.558E-19
 0.574E-19 0.587E-19 0.594E-19 0.586E-19 0.558E-19 0.524E-19 0.503E-19 0.498E-19 0.495E-19 0.481E-19
 0.463E-19 0.458E-19 0.478E-19 0.512E-19 0.537E-19 0.538E-19 0.516E-19 0.486E-19 0.461E-19 0.445E-19
 0.438E-19 0.446E-19 0.472E-19 0.509E-19 0.532E-19 0.523E-19 0.489E-19 0.459E-19 0.461E-19 0.490E-19
 0.524E-19 0.544E-19 0.550E-19 0.548E-19 0.543E-19 0.535E-19 0.531E-19 0.535E-19 0.544E-19 0.551E-19
 0.542E-19 0.511E-19 0.464E-19 0.429E-19 0.434E-19 0.485E-19 0.555E-19 0.605E-19 0.611E-19 0.581E-19
 0.538E-19 0.502E-19 0.486E-19 0.493E-19 0.517E-19 0.541E-19 0.551E-19 0.548E-19 0.543E-19 0.545E-19
 0.552E-19 0.559E-19 0.562E-19 0.564E-19 0.567E-19 0.571E-19 0.575E-19 0.576E-19 0.573E-19 0.566E-19
 0.560E-19 0.565E-19 0.589E-19 0.631E-19 0.677E-19 0.702E-19 0.687E-19 0.635E-19 0.571E-19 0.524E-19
 0.507E-19 0.510E-19 0.513E-19 0.509E-19 0.509E-19 0.526E-19 0.563E-19 0.606E-19 0.633E-19 0.631E-19
 0.605E-19 0.565E-19 0.524E-19 0.495E-19 0.489E-19 0.508E-19 0.544E-19 0.581E-19 0.606E-19 0.611E-19
 0.596E-19 0.572E-19 0.555E-19 0.560E-19 0.585E-19 0.621E-19 0.660E-19 0.697E-19 0.725E-19 0.735E-19
 0.728E-19 0.717E-19 0.707E-19 0.688E-19 0.647E-19 0.597E-19 0.567E-19 0.573E-19 0.605E-19 0.634E-19
 0.650E-19 0.660E-19 0.674E-19 0.687E-19 0.686E-19 0.664E-19 0.633E-19 0.613E-19 0.616E-19 0.635E-19
 0.652E-19 0.659E-19 0.662E-19 0.673E-19 0.681E-19 0.663E-19 0.609E-19 0.547E-19 0.515E-19 0.528E-19
 0.567E-19 0.601E-19 0.625E-19 0.648E-19 0.673E-19 0.687E-19 0.675E-19 0.653E-19 0.647E-19 0.667E-19
 0.689E-19 0.682E-19 0.642E-19 0.595E-19 0.570E-19 0.575E-19 0.608E-19 0.659E-19 0.713E-19 0.742E-19
 0.724E-19 0.665E-19 0.597E-19 0.558E-19 0.564E-19 0.597E-19 0.630E-19 0.644E-19 0.640E-19 0.627E-19
 0.614E-19 0.602E-19 0.595E-19 0.600E-19 0.619E-19 0.646E-19 0.677E-19 0.707E-19 0.729E-19 0.732E-19
 0.716E-19 0.697E-19 0.699E-19 0.733E-19 0.784E-19 0.823E-19 0.831E-19 0.806E-19 0.761E-19 0.716E-19
 0.687E-19 0.682E-19 0.690E-19 0.690E-19 0.669E-19 0.631E-19 0.593E-19 0.570E-19 0.567E-19 0.585E-19
 0.624E-19 0.680E-19 0.737E-19 0.778E-19 0.794E-19 0.789E-19 0.773E-19 0.752E-19 0.726E-19 0.701E-19
 0.691E-19 0.704E-19 0.730E-19 0.744E-19 0.730E-19 0.692E-19 0.655E-19 0.640E-19 0.650E-19 0.681E-19
 0.722E-19 0.762E-19 0.790E-19 0.799E-19 0.789E-19 0.766E-19 0.743E-19 0.732E-19 0.738E-19 0.754E-19
 0.772E-19 0.782E-19 0.776E-19 0.753E-19 0.722E-19 0.702E-19 0.711E-19 0.742E-19 0.769E-19 0.768E-19
 0.747E-19 0.734E-19 0.744E-19 0.762E-19 0.765E-19 0.750E-19 0.741E-19 0.758E-19 0.794E-19 0.813E-19
 0.790E-19 0.734E-19 0.682E-19 0.660E-19 0.672E-19 0.703E-19 0.734E-19 0.758E-19 0.771E-19 0.777E-19
 0.779E-19 0.776E-19 0.769E-19 0.769E-19 0.789E-19 0.823E-19 0.848E-19 0.833E-19 0.777E-19 0.708E-19
 0.663E-19 0.660E-19 0.689E-19 0.729E-19 0.757E-19 0.766E-19 0.751E-19 0.715E-19 0.669E-19 0.633E-19
 0.631E-19 0.668E-19 0.722E-19 0.759E-19 0.766E-19 0.760E-19 0.771E-19 0.808E-19 0.846E-19 0.858E-19
 0.836E-19 0.798E-19 0.764E-19 0.739E-19 0.718E-19 0.698E-19 0.693E-19 0.715E-19 0.760E-19 0.807E-19
 0.826E-19 0.807E-19 0.767E-19 0.732E-19 0.721E-19 0.736E-19 0.765E-19 0.797E-19 0.821E-19 0.830E-19
 0.824E-19 0.810E-19 0.801E-19 0.799E-19 0.794E-19 0.779E-19 0.758E-19 0.742E-19 0.740E-19 0.748E-19
 0.761E-19 0.776E-19 0.787E-19 0.785E-19 0.767E-19 0.751E-19 0.760E-19 0.800E-19 0.849E-19 0.877E-19
 0.876E-19 0.862E-19 0.850E-19 0.841E-19 0.834E-19 0.828E-19 0.821E-19 0.808E-19 0.786E-19 0.765E-19
 0.760E-19 0.772E-19 0.790E-19 0.808E-19 0.826E-19 0.843E-19 0.852E-19 0.849E-19 0.841E-19 0.836E-19
 0.833E-19 0.829E-19 0.823E-19 0.827E-19 0.841E-19 0.853E-19 0.853E-19 0.844E-19 0.835E-19 0.825E-19
 0.810E-19 0.793E-19 0.790E-19 0.805E-19 0.824E-19 0.829E-19 0.822E-19 0.814E-19 0.815E-19 0.818E-19
 0.821E-19 0.829E-19 0.846E-19 0.859E-19 0.850E-19 0.818E-19 0.785E-19 0.777E-19 0.803E-19 0.844E-19
 0.874E-19 0.877E-19 0.860E-19 0.843E-19 0.844E-19 0.861E-19 0.875E-19 0.868E-19 0.842E-19 0.820E-19
 0.824E-19 0.856E-19 0.893E-19 0.912E-19 0.901E-19 0.861E-19 0.804E-19 0.746E-19 0.706E-19 0.697E-19
 0.719E-19 0.758E-19 0.793E-19 0.817E-19 0.831E-19 0.842E-19 0.848E-19 0.845E-19 0.834E-19 0.827E-19
 0.841E-19 0.882E-19 0.938E-19 0.986E-19 0.100E-18 0.980E-19 0.934E-19 0.891E-19 0.875E-19 0.888E-19
 0.916E-19 0.935E-19 0.931E-19 0.906E-19 0.872E-19 0.844E-19 0.834E-19 0.844E-19 0.861E-19 0.874E-19
 0.883E-19 0.906E-19 0.953E-19 0.101E-18 0.104E-18 0.102E-18 0.964E-19 0.897E-19 0.838E-19 0.803E-19
 0.798E-19 0.818E-19 0.845E-19 0.862E-19 0.866E-19 0.862E-19 0.855E-19 0.849E-19 0.849E-19 0.864E-19
 0.897E-19 0.937E-19 0.965E-19 0.967E-19 0.941E-19 0.899E-19 0.858E-19 0.832E-19 0.824E-19 0.825E-19
 0.823E-19 0.814E-19 0.803E-19 0.799E-19 0.809E-19 0.830E-19 0.857E-19 0.878E-19 0.886E-19 0.882E-19
 0.880E-19 0.895E-19 0.925E-19 0.951E-19 0.953E-19 0.927E-19 0.890E-19 0.856E-19 0.828E-19 0.802E-19
 0.778E-19 0.763E-19 0.765E-19 0.784E-19 0.814E-19 0.841E-19 0.851E-19 0.836E-19 0.808E-19 0.791E-19
 0.806E-19 0.848E-19 0.894E-19 0.930E-19 0.958E-19 0.981E-19 0.991E-19 0.966E-19 0.902E-19 0.823E-19
 0.764E-19 0.750E-19 0.782E-19 0.833E-19 0.873E-19 0.881E-19 0.866E-19 0.845E-19 0.827E-19 0.805E-19
 0.778E-19 0.765E-19 0.788E-19 0.841E-19 0.896E-19 0.932E-19 0.956E-19 0.983E-19 0.100E-18 0.994E-19
 0.950E-19 0.903E-19 0.893E-19 0.920E-19 0.950E-19 0.946E-19 0.907E-19 0.863E-19 0.841E-19 0.841E-19
 0.844E-19 0.835E-19 0.826E-19 0.835E-19 0.867E-19 0.908E-19 0.942E-19 0.962E-19 0.972E-19 0.971E-19
 0.959E-19 0.948E-19 0.953E-19 0.976E-19 0.999E-19 0.999E-19 0.968E-19 0.922E-19 0.885E-19 0.873E-19
 0.887E-19 0.913E-19 0.938E-19 0.956E-19 0.971E-19 0.983E-19 0.982E-19 0.962E-19 0.934E-19 0.915E-19
 0.914E-19 0.920E-19 0.924E-19 0.927E-19 0.939E-19 0.949E-19 0.937E-19 0.901E-19 0.863E-19 0.853E-19
 0.877E-19 0.913E-19 0.941E-19 0.958E-19 0.979E-19 0.102E-18 0.106E-18 0.109E-18 0.108E-18 0.105E-18
 0.100E-18 0.968E-19 0.947E-19 0.936E-19 0.926E-19 0.914E-19 0.902E-19 0.890E-19 0.880E-19 0.881E-19
 0.900E-19 0.937E-19 0.980E-19 0.101E-18 0.101E-18 0.100E-18 0.101E-18 0.103E-18 0.107E-18 0.109E-18
 0.109E-18 0.108E-18 0.105E-18 0.101E-18 0.976E-19 0.943E-19 0.915E-19 0.892E-19 0.874E-19 0.855E-19
 0.835E-19 0.823E-19 0.829E-19 0.854E-19 0.888E-19 0.912E-19 0.922E-19 0.934E-19 0.966E-19 0.102E-18
 0.107E-18 0.110E-18 0.111E-18 0.109E-18 0.108E-18 0.107E-18 0.107E-18 0.108E-18 0.108E-18 0.106E-18
 0.102E-18 0.978E-19 0.955E-19 0.957E-19 0.972E-19 0.980E-19 0.978E-19 0.973E-19 0.976E-19 0.990E-19
 0.101E-18 0.104E-18 0.106E-18 0.106E-18 0.103E-18 0.980E-19 0.933E-19 0.913E-19 0.921E-19 0.937E-19
 0.944E-19 0.944E-19 0.954E-19 0.985E-19 0.102E-18 0.103E-18 0.101E-18 0.973E-19 0.930E-19 0.902E-19
 0.895E-19 0.912E-19 0.946E-19 0.980E-19 0.992E-19 0.969E-19 0.926E-19 0.885E-19 0.867E-19 0.874E-19
 0.895E-19 0.916E-19 0.931E-19 0.943E-19 0.955E-19 0.957E-19 0.943E-19 0.924E-19 0.923E-19 0.946E-19
 0.972E-19 0.972E-19 0.946E-19 0.920E-19 0.916E-19 0.929E-19 0.942E-19 0.942E-19 0.927E-19 0.902E-19
 0.872E-19 0.853E-19 0.857E-19 0.886E-19 0.921E-19 0.942E-19 0.937E-19 0.921E-19 0.914E-19 0.932E-19
 0.965E-19 0.993E-19 0.996E-19 0.980E-19 0.961E-19 0.951E-19 0.947E-19 0.940E-19 0.928E-19 0.913E-19
 0.899E-19 0.890E-19 0.897E-19 0.926E-19 0.964E-19 0.980E-19 0.959E-19 0.917E-19 0.888E-19 0.884E-19
 0.891E-19 0.894E-19 0.896E-19 0.912E-19 0.939E-19 0.957E-19 0.952E-19 0.935E-19 0.925E-19 0.929E-19
 0.937E-19 0.934E-19 0.922E-19 0.908E-19 0.905E-19 0.908E-19 0.905E-19 0.886E-19 0.856E-19 0.840E-19
 0.852E-19 0.884E-19 0.907E-19 0.900E-19 0.872E-19 0.850E-19 0.857E-19 0.888E-19 0.922E-19 0.941E-19
 0.943E-19 0.936E-19 0.934E-19 0.943E-19 0.961E-19 0.978E-19 0.980E-19 0.958E-19 0.920E-19 0.887E-19
 0.877E-19 0.886E-19 0.896E-19 0.890E-19 0.871E-19 0.859E-19 0.868E-19 0.894E-19 0.917E-19 0.919E-19
 0.901E-19 0.883E-19 0.883E-19 0.903E-19 0.932E-19 0.957E-19 0.971E-19 0.972E-19 0.960E-19 0.938E-19
 0.919E-19 0.914E-19 0.915E-19 0.909E-19 0.885E-19 0.852E-19 0.827E-19 0.817E-19 0.820E-19 0.826E-19
 0.830E-19 0.830E-19 0.828E-19 0.832E-19 0.846E-19 0.873E-19 0.903E-19 0.923E-19 0.924E-19 0.902E-19
 0.866E-19 0.833E-19 0.816E-19 0.814E-19 0.816E-19 0.818E-19 0.827E-19 0.848E-19 0.869E-19 0.878E-19
 0.871E-19 0.859E-19 0.847E-19 0.829E-19 0.807E-19 0.797E-19 0.815E-19 0.854E-19 0.889E-19 0.898E-19
 0.877E-19 0.839E-19 0.800E-19 0.767E-19 0.741E-19 0.721E-19 0.712E-19 0.716E-19 0.735E-19 0.761E-19
 0.780E-19 0.788E-19 0.792E-19 0.801E-19 0.818E-19 0.837E-19 0.850E-19 0.850E-19 0.839E-19 0.827E-19
 0.822E-19 0.824E-19 0.818E-19 0.793E-19 0.751E-19 0.708E-19 0.678E-19 0.666E-19 0.664E-19 0.667E-19
 0.672E-19 0.685E-19 0.706E-19 0.740E-19 0.790E-19 0.849E-19 0.898E-19 0.914E-19 0.893E-19 0.858E-19
 0.840E-19 0.855E-19 0.889E-19 0.915E-19 0.918E-19 0.901E-19 0.874E-19 0.843E-19 0.809E-19 0.777E-19
 0.749E-19 0.727E-19 0.713E-19 0.713E-19 0.731E-19 0.766E-19 0.811E-19 0.860E-19 0.906E-19 0.940E-19
 0.953E-19 0.945E-19 0.923E-19 0.897E-19 0.873E-19 0.856E-19 0.850E-19 0.850E-19 0.851E-19 0.845E-19
 0.825E-19 0.790E-19 0.750E-19 0.724E-19 0.726E-19 0.750E-19 0.775E-19 0.780E-19 0.768E-19 0.755E-19
 0.757E-19 0.778E-19 0.808E-19 0.836E-19 0.849E-19 0.841E-19 0.818E-19 0.794E-19 0.780E-19 0.775E-19
 0.769E-19 0.757E-19 0.738E-19 0.721E-19 0.719E-19 0.732E-19 0.750E-19 0.757E-19 0.747E-19 0.731E-19
 0.723E-19 0.726E-19 0.732E-19 0.736E-19 0.739E-19 0.743E-19 0.744E-19 0.730E-19 0.698E-19 0.659E-19
 0.631E-19 0.630E-19 0.656E-19 0.694E-19 0.722E-19 0.728E-19 0.720E-19 0.716E-19 0.723E-19 0.740E-19
 0.761E-19 0.785E-19 0.811E-19 0.827E-19 0.816E-19 0.778E-19 0.733E-19 0.710E-19 0.720E-19 0.744E-19
 0.756E-19 0.744E-19 0.715E-19 0.692E-19 0.690E-19 0.711E-19 0.746E-19 0.781E-19 0.804E-19 0.811E-19
 0.805E-19 0.805E-19 0.825E-19 0.861E-19 0.884E-19 0.868E-19 0.811E-19 0.747E-19 0.712E-19 0.716E-19
 0.741E-19 0.764E-19 0.771E-19 0.763E-19 0.743E-19 0.715E-19 0.688E-19 0.668E-19 0.664E-19 0.676E-19
 0.702E-19 0.739E-19 0.789E-19 0.848E-19 0.900E-19 0.922E-19 0.907E-19 0.863E-19 0.811E-19 0.763E-19
 0.718E-19 0.673E-19 0.636E-19 0.619E-19 0.629E-19 0.655E-19 0.678E-19 0.683E-19 0.674E-19 0.665E-19
 0.671E-19 0.692E-19 0.717E-19 0.737E-19 0.753E-19 0.774E-19 0.798E-19 0.811E-19 0.795E-19 0.746E-19
 0.676E-19 0.604E-19 0.553E-19 0.532E-19 0.538E-19 0.556E-19 0.565E-19 0.560E-19 0.549E-19 0.541E-19
 0.535E-19 0.521E-19 0.499E-19 0.484E-19 0.490E-19 0.522E-19 0.569E-19 0.615E-19 0.649E-19 0.660E-19
 0.644E-19 0.609E-19 0.566E-19 0.531E-19 0.516E-19 0.519E-19 0.531E-19 0.538E-19 0.532E-19 0.523E-19
 0.522E-19 0.534E-19 0.550E-19 0.560E-19 0.561E-19 0.561E-19 0.568E-19 0.585E-19 0.608E-19 0.624E-19
 0.623E-19 0.606E-19 0.588E-19 0.578E-19 0.578E-19 0.574E-19 0.561E-19 0.545E-19 0.543E-19 0.566E-19
 0.605E-19 0.637E-19 0.645E-19 0.631E-19 0.614E-19 0.617E-19 0.644E-19 0.687E-19 0.723E-19 0.736E-19
 0.720E-19 0.687E-19 0.659E-19 0.651E-19 0.662E-19 0.672E-19 0.665E-19 0.637E-19 0.604E-19 0.589E-19
 0.599E-19 0.624E-19 0.645E-19 0.652E-19 0.650E-19 0.653E-19 0.667E-19 0.690E-19 0.714E-19 0.722E-19
 0.699E-19 0.649E-19 0.592E-19 0.556E-19 0.550E-19 0.567E-19 0.591E-19 0.606E-19 0.606E-19 0.588E-19
 0.559E-19 0.534E-19 0.525E-19 0.531E-19 0.542E-19 0.546E-19 0.540E-19 0.530E-19 0.527E-19 0.537E-19
 0.559E-19 0.581E-19 0.588E-19 0.576E-19 0.551E-19 0.526E-19 0.508E-19 0.498E-19 0.492E-19 0.486E-19
 0.473E-19 0.454E-19 0.436E-19 0.433E-19 0.448E-19 0.474E-19 0.495E-19 0.500E-19 0.495E-19 0.490E-19
 0.498E-19 0.518E-19 0.533E-19 0.526E-19 0.497E-19 0.465E-19 0.446E-19 0.441E-19 0.438E-19 0.431E-19
 0.429E-19 0.439E-19 0.455E-19 0.467E-19 0.479E-19 0.501E-19 0.533E-19 0.562E-19 0.571E-19 0.557E-19
 0.535E-19 0.522E-19 0.525E-19 0.540E-19 0.555E-19 0.558E-19 0.548E-19 0.532E-19 0.524E-19 0.532E-19
 0.554E-19 0.577E-19 0.587E-19 0.581E-19 0.566E-19 0.555E-19 0.556E-19 0.570E-19 0.592E-19 0.614E-19
 0.629E-19 0.637E-19 0.645E-19 0.663E-19 0.689E-19 0.712E-19 0.718E-19 0.696E-19 0.660E-19 0.636E-19
 0.642E-19 0.674E-19 0.708E-19 0.729E-19 0.734E-19 0.730E-19 0.718E-19 0.696E-19 0.670E-19 0.651E-19
 0.643E-19 0.638E-19 0.626E-19 0.607E-19 0.590E-19 0.584E-19 0.587E-19 0.586E-19 0.574E-19 0.558E-19
 0.549E-19 0.557E-19 0.580E-19 0.607E-19 0.630E-19 0.643E-19 0.648E-19 0.641E-19 0.616E-19 0.576E-19
 0.543E-19 0.538E-19 0.569E-19 0.623E-19 0.690E-19 0.772E-19 0.874E-19 0.981E-19 0.105E-18 0.105E-18
 0.994E-19 0.907E-19 0.826E-19 0.761E-19 0.711E-19 0.679E-19 0.667E-19 0.667E-19 0.664E-19 0.646E-19
 0.618E-19 0.597E-19 0.593E-19 0.600E-19 0.605E-19 0.605E-19 0.604E-19 0.602E-19 0.594E-19 0.576E-19
 0.557E-19 0.551E-19 0.561E-19 0.579E-19 0.593E-19 0.596E-19 0.593E-19 0.589E-19 0.594E-19 0.609E-19
 0.628E-19 0.637E-19 0.628E-19 0.608E-19 0.587E-19 0.573E-19 0.562E-19 0.550E-19 0.535E-19 0.526E-19
 0.539E-19 0.578E-19 0.636E-19 0.695E-19 0.737E-19 0.755E-19 0.753E-19 0.741E-19 0.730E-19 0.733E-19
 0.750E-19 0.775E-19 0.797E-19 0.815E-19 0.830E-19 0.840E-19 0.837E-19 0.820E-19 0.793E-19 0.767E-19
 0.747E-19 0.726E-19 0.701E-19 0.675E-19 0.659E-19 0.660E-19 0.671E-19 0.683E-19 0.687E-19 0.686E-19
 0.689E-19 0.705E-19 0.733E-19 0.762E-19 0.783E-19 0.793E-19 0.802E-19 0.820E-19 0.845E-19 0.865E-19
 0.876E-19 0.895E-19 0.951E-19 0.106E-18 0.122E-18 0.139E-18 0.157E-18 0.175E-18 0.196E-18 0.223E-18
 0.254E-18 0.280E-18 0.291E-18 0.286E-18 0.272E-18 0.257E-18 0.247E-18 0.241E-18 0.237E-18 0.234E-18
 0.233E-18 0.233E-18 0.230E-18 0.225E-18 0.219E-18 0.217E-18 0.222E-18 0.234E-18 0.252E-18 0.270E-18
 0.281E-18 0.280E-18 0.267E-18 0.247E-18 0.230E-18 0.217E-18 0.209E-18 0.204E-18 0.200E-18 0.197E-18
 0.196E-18 0.198E-18 0.200E-18 0.198E-18 0.191E-18 0.179E-18 0.166E-18 0.157E-18 0.154E-18 0.158E-18
 0.168E-18 0.179E-18 0.188E-18 0.192E-18 0.190E-18 0.186E-18 0.181E-18 0.176E-18 0.172E-18 0.170E-18
 0.172E-18 0.178E-18 0.185E-18 0.191E-18 0.192E-18 0.188E-18 0.183E-18 0.181E-18 0.181E-18 0.184E-18
 0.186E-18 0.187E-18 0.185E-18 0.180E-18 0.170E-18 0.160E-18 0.153E-18 0.148E-18 0.143E-18 0.139E-18
 0.136E-18 0.135E-18 0.134E-18 0.129E-18 0.122E-18 0.117E-18 0.116E-18 0.118E-18 0.121E-18 0.123E-18
 0.126E-18 0.127E-18 0.125E-18 0.119E-18 0.112E-18 0.106E-18 0.103E-18 0.993E-19 0.944E-19 0.888E-19
 0.846E-19 0.827E-19 0.820E-19 0.806E-19 0.776E-19 0.738E-19 0.703E-19 0.674E-19 0.648E-19 0.624E-19
 0.607E-19 0.602E-19 0.610E-19 0.625E-19 0.643E-19 0.652E-19 0.644E-19 0.623E-19 0.607E-19 0.615E-19
 0.646E-19 0.673E-19 0.670E-19 0.639E-19 0.601E-19 0.581E-19 0.583E-19 0.595E-19 0.601E-19 0.593E-19
 0.575E-19 0.560E-19 0.559E-19 0.576E-19 0.597E-19 0.609E-19 0.608E-19 0.601E-19 0.599E-19 0.604E-19
 0.614E-19 0.623E-19 0.629E-19 0.632E-19 0.632E-19 0.630E-19 0.625E-19 0.621E-19 0.619E-19 0.619E-19
 0.613E-19 0.601E-19 0.587E-19 0.584E-19 0.596E-19 0.617E-19 0.635E-19 0.647E-19 0.658E-19 0.677E-19
 0.702E-19 0.723E-19 0.731E-19 0.725E-19 0.712E-19 0.701E-19 0.693E-19 0.679E-19 0.656E-19 0.634E-19
 0.629E-19 0.645E-19 0.663E-19 0.663E-19 0.645E-19 0.630E-19 0.637E-19 0.661E-19 0.682E-19 0.686E-19
 0.677E-19 0.673E-19 0.687E-19 0.714E-19 0.738E-19 0.742E-19 0.726E-19 0.703E-19 0.687E-19 0.678E-19
 0.671E-19 0.662E-19 0.652E-19 0.643E-19 0.632E-19 0.619E-19 0.608E-19 0.611E-19 0.630E-19 0.660E-19
 0.687E-19 0.702E-19 0.706E-19 0.701E-19 0.687E-19 0.667E-19 0.653E-19 0.656E-19 0.673E-19 0.689E-19
 0.686E-19 0.668E-19 0.650E-19 0.646E-19 0.653E-19 0.661E-19 0.662E-19 0.655E-19 0.642E-19 0.627E-19
 0.616E-19 0.618E-19 0.636E-19 0.665E-19 0.688E-19 0.686E-19 0.658E-19 0.620E-19 0.593E-19 0.586E-19
 0.593E-19 0.605E-19 0.612E-19 0.611E-19 0.596E-19 0.572E-19 0.548E-19 0.539E-19 0.554E-19 0.590E-19
 0.638E-19 0.681E-19 0.705E-19 0.707E-19 0.696E-19 0.682E-19 0.666E-19 0.644E-19 0.614E-19 0.590E-19
 0.584E-19 0.598E-19 0.623E-19 0.647E-19 0.663E-19 0.671E-19 0.675E-19 0.679E-19 0.686E-19 0.696E-19
 0.708E-19 0.728E-19 0.764E-19 0.809E-19 0.843E-19 0.845E-19 0.815E-19 0.770E-19 0.730E-19 0.705E-19
 0.697E-19 0.707E-19 0.732E-19 0.758E-19 0.770E-19 0.758E-19 0.732E-19 0.711E-19 0.709E-19 0.724E-19
 0.744E-19 0.760E-19 0.782E-19 0.821E-19 0.869E-19 0.899E-19 0.885E-19 0.831E-19 0.768E-19 0.725E-19
 0.710E-19 0.712E-19 0.722E-19 0.731E-19 0.730E-19 0.714E-19 0.691E-19 0.675E-19 0.675E-19 0.685E-19
 0.690E-19 0.685E-19 0.683E-19 0.700E-19 0.734E-19 0.759E-19 0.757E-19 0.735E-19 0.719E-19 0.717E-19
 0.715E-19 0.694E-19 0.659E-19 0.629E-19 0.620E-19 0.627E-19 0.634E-19 0.633E-19 0.626E-19 0.619E-19
 0.612E-19 0.608E-19 0.613E-19 0.642E-19 0.691E-19 0.736E-19 0.744E-19 0.707E-19 0.646E-19 0.597E-19
 0.579E-19 0.590E-19 0.618E-19 0.654E-19 0.686E-19 0.706E-19 0.705E-19 0.688E-19 0.669E-19 0.656E-19
 0.645E-19 0.629E-19 0.610E-19 0.608E-19 0.638E-19 0.692E-19 0.740E-19 0.756E-19 0.738E-19 0.705E-19
 0.681E-19 0.675E-19 0.687E-19 0.709E-19 0.730E-19 0.745E-19 0.752E-19 0.763E-19 0.785E-19 0.819E-19
 0.852E-19 0.872E-19 0.876E-19 0.873E-19 0.871E-19 0.873E-19 0.875E-19 0.865E-19 0.836E-19 0.793E-19
 0.748E-19 0.717E-19 0.709E-19 0.721E-19 0.747E-19 0.778E-19 0.804E-19 0.816E-19 0.811E-19 0.797E-19
 0.793E-19 0.812E-19 0.853E-19 0.906E-19 0.957E-19 0.996E-19 0.102E-18 0.102E-18 0.997E-19 0.944E-19
 0.878E-19 0.821E-19 0.783E-19 0.765E-19 0.756E-19 0.751E-19 0.744E-19 0.737E-19 0.734E-19 0.741E-19
 0.761E-19 0.795E-19 0.838E-19 0.886E-19 0.932E-19 0.965E-19 0.974E-19 0.952E-19 0.911E-19 0.873E-19
 0.855E-19 0.860E-19 0.868E-19 0.857E-19 0.821E-19 0.773E-19 0.737E-19 0.733E-19 0.758E-19 0.795E-19
 0.826E-19 0.843E-19 0.854E-19 0.872E-19 0.904E-19 0.942E-19 0.966E-19 0.967E-19 0.950E-19 0.932E-19
 0.921E-19 0.912E-19 0.893E-19 0.865E-19 0.838E-19 0.821E-19 0.810E-19 0.797E-19 0.784E-19 0.786E-19
 0.812E-19 0.852E-19 0.890E-19 0.914E-19 0.927E-19 0.935E-19 0.942E-19 0.953E-19 0.969E-19 0.989E-19
 0.100E-18 0.101E-18 0.992E-19 0.970E-19 0.941E-19 0.904E-19 0.857E-19 0.814E-19 0.795E-19 0.814E-19
 0.863E-19 0.909E-19 0.922E-19 0.902E-19 0.878E-19 0.874E-19 0.893E-19 0.917E-19 0.926E-19 0.916E-19
 0.896E-19 0.872E-19 0.842E-19 0.803E-19 0.763E-19 0.740E-19 0.746E-19 0.776E-19 0.815E-19 0.851E-19
 0.882E-19 0.909E-19 0.928E-19 0.936E-19 0.935E-19 0.934E-19 0.939E-19 0.946E-19 0.944E-19 0.922E-19
 0.889E-19 0.863E-19 0.856E-19 0.856E-19 0.841E-19 0.807E-19 0.770E-19 0.748E-19 0.749E-19 0.767E-19
 0.796E-19 0.834E-19 0.880E-19 0.927E-19 0.961E-19 0.970E-19 0.956E-19 0.932E-19 0.915E-19 0.907E-19
 0.898E-19 0.883E-19 0.867E-19 0.856E-19 0.845E-19 0.825E-19 0.796E-19 0.769E-19 0.756E-19 0.763E-19
 0.788E-19 0.821E-19 0.844E-19 0.843E-19 0.822E-19 0.803E-19 0.809E-19 0.841E-19 0.883E-19 0.912E-19
 0.913E-19 0.887E-19 0.851E-19 0.824E-19 0.815E-19 0.815E-19 0.812E-19 0.800E-19 0.793E-19 0.802E-19
 0.824E-19 0.842E-19 0.847E-19 0.842E-19 0.837E-19 0.828E-19 0.811E-19 0.793E-19 0.794E-19 0.822E-19
 0.863E-19 0.892E-19 0.896E-19 0.884E-19 0.871E-19 0.861E-19 0.851E-19 0.843E-19 0.847E-19 0.870E-19
 0.906E-19 0.940E-19 0.954E-19 0.949E-19 0.936E-19 0.922E-19 0.910E-19 0.894E-19 0.881E-19 0.877E-19
 0.881E-19 0.880E-19 0.864E-19 0.838E-19 0.822E-19 0.829E-19 0.855E-19 0.891E-19 0.927E-19 0.964E-19
 0.100E-18 0.103E-18 0.106E-18 0.108E-18 0.108E-18 0.106E-18 0.102E-18 0.964E-19 0.918E-19 0.898E-19
 0.906E-19 0.925E-19 0.926E-19 0.899E-19 0.858E-19 0.830E-19 0.829E-19 0.847E-19 0.868E-19 0.878E-19
 0.882E-19 0.886E-19 0.896E-19 0.905E-19 0.909E-19 0.910E-19 0.917E-19 0.930E-19 0.943E-19 0.949E-19
 0.947E-19 0.936E-19 0.911E-19 0.870E-19 0.828E-19 0.811E-19 0.833E-19 0.887E-19 0.942E-19 0.976E-19
 0.983E-19 0.976E-19 0.963E-19 0.944E-19 0.916E-19 0.886E-19 0.859E-19 0.834E-19 0.812E-19 0.793E-19
 0.785E-19 0.794E-19 0.820E-19 0.855E-19 0.891E-19 0.914E-19 0.915E-19 0.896E-19 0.871E-19 0.864E-19
 0.886E-19 0.921E-19 0.940E-19 0.925E-19 0.888E-19 0.854E-19 0.833E-19 0.819E-19 0.793E-19 0.754E-19
 0.716E-19 0.702E-19 0.722E-19 0.770E-19 0.825E-19 0.863E-19 0.866E-19 0.837E-19 0.800E-19 0.790E-19
 0.827E-19 0.901E-19 0.974E-19 0.101E-18 0.987E-19 0.938E-19 0.889E-19 0.850E-19 0.817E-19 0.784E-19
 0.763E-19 0.768E-19 0.800E-19 0.837E-19 0.851E-19 0.833E-19 0.799E-19 0.771E-19 0.765E-19 0.783E-19
 0.828E-19 0.898E-19 0.973E-19 0.101E-18 0.997E-19 0.928E-19 0.847E-19 0.786E-19 0.758E-19 0.758E-19
 0.771E-19 0.784E-19 0.793E-19 0.802E-19 0.818E-19 0.840E-19 0.864E-19 0.880E-19 0.889E-19 0.898E-19
 0.916E-19 0.944E-19 0.969E-19 0.967E-19 0.926E-19 0.861E-19 0.812E-19 0.812E-19 0.854E-19 0.897E-19
 0.904E-19 0.873E-19 0.836E-19 0.821E-19 0.839E-19 0.877E-19 0.909E-19 0.920E-19 0.914E-19 0.918E-19
 0.958E-19 0.103E-18 0.109E-18 0.110E-18 0.105E-18 0.976E-19 0.908E-19 0.860E-19 0.833E-19 0.826E-19
 0.839E-19 0.865E-19 0.893E-19 0.911E-19 0.919E-19 0.916E-19 0.902E-19 0.885E-19 0.876E-19 0.885E-19
 0.906E-19 0.923E-19 0.933E-19 0.947E-19 0.970E-19 0.983E-19 0.957E-19 0.892E-19 0.830E-19 0.815E-19
 0.854E-19 0.912E-19 0.946E-19 0.945E-19 0.923E-19 0.900E-19 0.881E-19 0.865E-19 0.857E-19 0.864E-19
 0.884E-19 0.904E-19 0.912E-19 0.914E-19 0.918E-19 0.924E-19 0.918E-19 0.891E-19 0.857E-19 0.844E-19
 0.872E-19 0.922E-19 0.955E-19 0.941E-19 0.896E-19 0.861E-19 0.864E-19 0.892E-19 0.913E-19 0.916E-19
 0.914E-19 0.920E-19 0.930E-19 0.930E-19 0.922E-19 0.918E-19 0.924E-19 0.926E-19 0.906E-19 0.866E-19
 0.826E-19 0.805E-19 0.797E-19 0.781E-19 0.751E-19 0.724E-19 0.728E-19 0.772E-19 0.840E-19 0.905E-19
 0.951E-19 0.979E-19 0.996E-19 0.101E-18 0.101E-18 0.101E-18 0.101E-18 0.101E-18 0.101E-18 0.974E-19
 0.924E-19 0.875E-19 0.842E-19 0.824E-19 0.806E-19 0.781E-19 0.759E-19 0.757E-19 0.785E-19 0.838E-19
 0.893E-19 0.928E-19 0.935E-19 0.927E-19 0.919E-19 0.918E-19 0.923E-19 0.933E-19 0.949E-19 0.968E-19
 0.978E-19 0.966E-19 0.929E-19 0.881E-19 0.848E-19 0.846E-19 0.868E-19 0.891E-19 0.888E-19 0.861E-19
 0.839E-19 0.848E-19 0.886E-19 0.918E-19 0.915E-19 0.883E-19 0.856E-19 0.860E-19 0.892E-19 0.923E-19
 0.935E-19 0.926E-19 0.910E-19 0.896E-19 0.889E-19 0.890E-19 0.896E-19 0.902E-19 0.903E-19 0.905E-19
 0.914E-19 0.931E-19 0.943E-19 0.937E-19 0.914E-19 0.890E-19 0.874E-19 0.860E-19 0.832E-19 0.793E-19
 0.759E-19 0.747E-19 0.758E-19 0.783E-19 0.816E-19 0.853E-19 0.891E-19 0.921E-19 0.940E-19 0.956E-19
 0.980E-19 0.101E-18 0.102E-18 0.101E-18 0.985E-19 0.957E-19 0.946E-19 0.951E-19 0.954E-19 0.937E-19
 0.893E-19 0.840E-19 0.798E-19 0.782E-19 0.787E-19 0.803E-19 0.822E-19 0.839E-19 0.856E-19 0.873E-19
 0.891E-19 0.915E-19 0.950E-19 0.996E-19 0.104E-18 0.106E-18 0.106E-18 0.104E-18 0.104E-18 0.103E-18
 0.103E-18 0.100E-18 0.962E-19 0.913E-19 0.856E-19 0.802E-19 0.775E-19 0.794E-19 0.848E-19 0.903E-19
 0.932E-19 0.932E-19 0.917E-19 0.901E-19 0.885E-19 0.875E-19 0.882E-19 0.914E-19 0.965E-19 0.102E-18
 0.105E-18 0.104E-18 0.100E-18 0.937E-19 0.871E-19 0.829E-19 0.822E-19 0.842E-19 0.872E-19 0.902E-19
 0.926E-19 0.941E-19 0.938E-19 0.914E-19 0.880E-19 0.854E-19 0.846E-19 0.849E-19 0.847E-19 0.834E-19
 0.820E-19 0.814E-19 0.819E-19 0.836E-19 0.867E-19 0.909E-19 0.944E-19 0.954E-19 0.939E-19 0.916E-19
 0.894E-19 0.870E-19 0.844E-19 0.828E-19 0.836E-19 0.858E-19 0.869E-19 0.855E-19 0.831E-19 0.820E-19
 0.828E-19 0.840E-19 0.841E-19 0.830E-19 0.812E-19 0.785E-19 0.754E-19 0.737E-19 0.752E-19 0.801E-19
 0.860E-19 0.901E-19 0.914E-19 0.905E-19 0.890E-19 0.881E-19 0.879E-19 0.876E-19 0.863E-19 0.839E-19
 0.820E-19 0.825E-19 0.859E-19 0.901E-19 0.915E-19 0.879E-19 0.810E-19 0.750E-19 0.730E-19 0.752E-19
 0.788E-19 0.817E-19 0.835E-19 0.852E-19 0.871E-19 0.880E-19 0.871E-19 0.851E-19 0.843E-19 0.858E-19
 0.882E-19 0.891E-19 0.878E-19 0.851E-19 0.826E-19 0.808E-19 0.795E-19 0.788E-19 0.792E-19 0.805E-19
 0.815E-19 0.813E-19 0.802E-19 0.795E-19 0.798E-19 0.809E-19 0.822E-19 0.835E-19 0.848E-19 0.861E-19
 0.873E-19 0.883E-19 0.893E-19 0.901E-19 0.900E-19 0.885E-19 0.861E-19 0.840E-19 0.826E-19 0.816E-19
 0.805E-19 0.800E-19 0.807E-19 0.821E-19 0.827E-19 0.814E-19 0.791E-19 0.775E-19 0.773E-19 0.781E-19
 0.792E-19 0.806E-19 0.826E-19 0.852E-19 0.874E-19 0.882E-19 0.873E-19 0.856E-19 0.840E-19 0.831E-19
 0.829E-19 0.833E-19 0.840E-19 0.842E-19 0.831E-19 0.812E-19 0.799E-19 0.805E-19 0.825E-19 0.841E-19
 0.842E-19 0.834E-19 0.825E-19 0.814E-19 0.788E-19 0.745E-19 0.708E-19 0.705E-19 0.746E-19 0.806E-19
 0.854E-19 0.873E-19 0.872E-19 0.866E-19 0.859E-19 0.846E-19 0.825E-19 0.802E-19 0.787E-19 0.786E-19
 0.797E-19 0.818E-19 0.844E-19 0.869E-19 0.884E-19 0.879E-19 0.855E-19 0.826E-19 0.810E-19 0.813E-19
 0.821E-19 0.816E-19 0.795E-19 0.776E-19 0.774E-19 0.793E-19 0.822E-19 0.844E-19 0.851E-19 0.841E-19
 0.816E-19 0.786E-19 0.769E-19 0.779E-19 0.818E-19 0.868E-19 0.903E-19 0.907E-19 0.887E-19 0.861E-19
 0.846E-19 0.844E-19 0.843E-19 0.833E-19 0.815E-19 0.803E-19 0.814E-19 0.842E-19 0.865E-19 0.859E-19
 0.823E-19 0.781E-19 0.761E-19 0.766E-19 0.780E-19 0.789E-19 0.794E-19 0.807E-19 0.829E-19 0.846E-19
 0.847E-19 0.836E-19 0.822E-19 0.809E-19 0.800E-19 0.796E-19 0.798E-19 0.802E-19 0.803E-19 0.800E-19
 0.799E-19 0.797E-19 0.786E-19 0.758E-19 0.727E-19 0.714E-19 0.731E-19 0.766E-19 0.791E-19 0.787E-19
 0.758E-19 0.727E-19 0.713E-19 0.716E-19 0.722E-19 0.721E-19 0.715E-19 0.714E-19 0.721E-19 0.734E-19
 0.744E-19 0.750E-19 0.746E-19 0.731E-19 0.708E-19 0.684E-19 0.669E-19 0.672E-19 0.687E-19 0.703E-19
 0.706E-19 0.697E-19 0.693E-19 0.708E-19 0.739E-19 0.768E-19 0.778E-19 0.773E-19 0.765E-19 0.758E-19
 0.748E-19 0.733E-19 0.722E-19 0.718E-19 0.720E-19 0.724E-19 0.730E-19 0.737E-19 0.738E-19 0.724E-19
 0.693E-19 0.661E-19 0.647E-19 0.660E-19 0.693E-19 0.727E-19 0.741E-19 0.733E-19 0.719E-19 0.722E-19
 0.751E-19 0.788E-19 0.808E-19 0.798E-19 0.763E-19 0.723E-19 0.693E-19 0.683E-19 0.691E-19 0.705E-19
 0.712E-19 0.710E-19 0.709E-19 0.716E-19 0.726E-19 0.726E-19 0.712E-19 0.696E-19 0.691E-19 0.699E-19
 0.709E-19 0.712E-19 0.705E-19 0.690E-19 0.678E-19 0.686E-19 0.720E-19 0.758E-19 0.767E-19 0.733E-19
 0.682E-19 0.651E-19 0.657E-19 0.682E-19 0.699E-19 0.701E-19 0.702E-19 0.711E-19 0.724E-19 0.729E-19
 0.715E-19 0.686E-19 0.658E-19 0.649E-19 0.667E-19 0.698E-19 0.726E-19 0.741E-19 0.744E-19 0.739E-19
 0.736E-19 0.747E-19 0.778E-19 0.811E-19 0.818E-19 0.782E-19 0.720E-19 0.671E-19 0.659E-19 0.682E-19
 0.719E-19 0.747E-19 0.751E-19 0.728E-19 0.690E-19 0.660E-19 0.650E-19 0.653E-19 0.653E-19 0.642E-19
 0.632E-19 0.634E-19 0.641E-19 0.637E-19 0.615E-19 0.589E-19 0.575E-19 0.581E-19 0.599E-19 0.623E-19
 0.653E-19 0.684E-19 0.703E-19 0.695E-19 0.663E-19 0.628E-19 0.611E-19 0.614E-19 0.621E-19 0.619E-19
 0.611E-19 0.609E-19 0.621E-19 0.635E-19 0.635E-19 0.614E-19 0.584E-19 0.562E-19 0.556E-19 0.560E-19
 0.564E-19 0.562E-19 0.556E-19 0.550E-19 0.545E-19 0.545E-19 0.556E-19 0.577E-19 0.597E-19 0.607E-19
 0.607E-19 0.610E-19 0.626E-19 0.645E-19 0.650E-19 0.632E-19 0.601E-19 0.576E-19 0.568E-19 0.573E-19
 0.582E-19 0.587E-19 0.582E-19 0.571E-19 0.561E-19 0.566E-19 0.589E-19 0.618E-19 0.638E-19 0.644E-19
 0.646E-19 0.655E-19 0.664E-19 0.660E-19 0.635E-19 0.601E-19 0.578E-19 0.580E-19 0.603E-19 0.626E-19
 0.633E-19 0.624E-19 0.608E-19 0.591E-19 0.572E-19 0.551E-19 0.532E-19 0.523E-19 0.526E-19 0.536E-19
 0.550E-19 0.562E-19 0.569E-19 0.569E-19 0.567E-19 0.571E-19 0.583E-19 0.598E-19 0.610E-19 0.613E-19
 0.609E-19 0.605E-19 0.608E-19 0.620E-19 0.633E-19 0.637E-19 0.624E-19 0.599E-19 0.577E-19 0.572E-19
 0.585E-19 0.601E-19 0.603E-19 0.584E-19 0.554E-19 0.530E-19 0.525E-19 0.538E-19 0.558E-19 0.581E-19
 0.607E-19 0.634E-19 0.653E-19 0.653E-19 0.631E-19 0.600E-19 0.579E-19 0.574E-19 0.575E-19 0.574E-19
 0.572E-19 0.573E-19 0.573E-19 0.563E-19 0.537E-19 0.508E-19 0.493E-19 0.500E-19 0.523E-19 0.547E-19
 0.560E-19 0.556E-19 0.543E-19 0.529E-19 0.523E-19 0.522E-19 0.523E-19 0.528E-19 0.546E-19 0.578E-19
 0.616E-19 0.643E-19 0.644E-19 0.620E-19 0.580E-19 0.543E-19 0.524E-19 0.527E-19 0.540E-19 0.543E-19
 0.523E-19 0.489E-19 0.462E-19 0.455E-19 0.463E-19 0.476E-19 0.487E-19 0.501E-19 0.516E-19 0.530E-19
 0.539E-19 0.545E-19 0.551E-19 0.554E-19 0.548E-19 0.530E-19 0.509E-19 0.495E-19 0.492E-19 0.495E-19
 0.496E-19 0.494E-19 0.496E-19 0.509E-19 0.531E-19 0.549E-19 0.552E-19 0.539E-19 0.520E-19 0.509E-19
 0.509E-19 0.518E-19 0.529E-19 0.535E-19 0.536E-19 0.533E-19 0.527E-19 0.519E-19 0.510E-19 0.502E-19
 0.493E-19 0.484E-19 0.474E-19 0.467E-19 0.470E-19 0.487E-19 0.508E-19 0.515E-19 0.504E-19 0.490E-19
 0.494E-19 0.517E-19 0.542E-19 0.548E-19 0.532E-19 0.506E-19 0.483E-19 0.468E-19 0.462E-19 0.464E-19
 0.471E-19 0.475E-19 0.471E-19 0.463E-19 0.455E-19 0.449E-19 0.441E-19 0.431E-19 0.422E-19 0.420E-19
 0.428E-19 0.442E-19 0.457E-19 0.467E-19 0.472E-19 0.476E-19 0.481E-19 0.488E-19 0.491E-19 0.481E-19
 0.460E-19 0.439E-19 0.428E-19 0.429E-19 0.439E-19 0.450E-19 0.458E-19 0.464E-19 0.468E-19 0.473E-19
 0.474E-19 0.469E-19 0.454E-19 0.432E-19 0.412E-19 0.400E-19 0.393E-19 0.384E-19 0.372E-19 0.362E-19
 0.359E-19 0.359E-19 0.362E-19 0.371E-19 0.393E-19 0.420E-19 0.439E-19 0.438E-19 0.422E-19 0.404E-19
 0.395E-19 0.397E-19 0.409E-19 0.427E-19 0.448E-19 0.461E-19 0.458E-19 0.438E-19 0.409E-19 0.381E-19
 0.357E-19 0.339E-19 0.331E-19 0.339E-19 0.358E-19 0.379E-19 0.387E-19 0.377E-19 0.359E-19 0.349E-19
 0.356E-19 0.375E-19 0.395E-19 0.404E-19 0.402E-19 0.396E-19 0.395E-19 0.397E-19 0.393E-19 0.381E-19
 0.366E-19 0.356E-19 0.353E-19 0.350E-19 0.343E-19 0.336E-19 0.343E-19 0.368E-19 0.402E-19 0.424E-19
 0.421E-19 0.392E-19 0.351E-19 0.317E-19 0.303E-19 0.310E-19 0.325E-19 0.338E-19 0.346E-19 0.351E-19
 0.354E-19 0.356E-19 0.354E-19 0.349E-19 0.344E-19 0.344E-19 0.351E-19 0.360E-19 0.360E-19 0.349E-19
 0.332E-19 0.320E-19 0.317E-19 0.319E-19 0.323E-19 0.329E-19 0.338E-19 0.346E-19 0.346E-19 0.336E-19
 0.324E-19 0.319E-19 0.325E-19 0.338E-19 0.351E-19 0.360E-19 0.362E-19 0.357E-19 0.345E-19 0.332E-19
 0.325E-19 0.327E-19 0.332E-19 0.330E-19 0.317E-19 0.297E-19 0.285E-19 0.289E-19 0.307E-19 0.325E-19
 0.335E-19 0.336E-19 0.337E-19 0.342E-19 0.347E-19 0.346E-19 0.340E-19 0.335E-19 0.336E-19 0.337E-19
 0.333E-19 0.329E-19 0.333E-19 0.345E-19 0.349E-19 0.335E-19 0.316E-19 0.311E-19 0.327E-19 0.346E-19
 0.349E-19 0.337E-19 0.325E-19 0.329E-19 0.347E-19 0.364E-19 0.369E-19 0.358E-19 0.339E-19 0.324E-19
 0.318E-19 0.316E-19 0.316E-19 0.315E-19 0.316E-19 0.321E-19 0.326E-19 0.325E-19 0.317E-19 0.304E-19
 0.295E-19 0.300E-19 0.320E-19 0.343E-19 0.355E-19 0.354E-19 0.344E-19 0.338E-19 0.339E-19 0.345E-19
 0.348E-19 0.343E-19 0.330E-19 0.312E-19 0.297E-19 0.288E-19 0.289E-19 0.297E-19 0.306E-19 0.308E-19
 0.303E-19 0.300E-19 0.313E-19 0.338E-19 0.359E-19 0.358E-19 0.336E-19 0.307E-19 0.291E-19 0.290E-19
 0.296E-19 0.301E-19 0.307E-19 0.320E-19 0.336E-19 0.346E-19 0.340E-19 0.318E-19 0.295E-19 0.282E-19
 0.286E-19 0.303E-19 0.324E-19 0.336E-19 0.331E-19 0.314E-19 0.303E-19 0.309E-19 0.330E-19 0.349E-19
 0.357E-19 0.355E-19 0.353E-19 0.350E-19 0.341E-19 0.319E-19 0.293E-19 0.279E-19 0.288E-19 0.310E-19
 0.326E-19 0.323E-19 0.307E-19 0.291E-19 0.288E-19 0.295E-19 0.304E-19 0.309E-19 0.312E-19 0.315E-19
 0.315E-19 0.310E-19 0.301E-19 0.290E-19 0.278E-19 0.265E-19 0.252E-19 0.246E-19 0.249E-19 0.261E-19
 0.272E-19 0.273E-19 0.263E-19 0.257E-19 0.269E-19 0.300E-19 0.336E-19 0.362E-19 0.371E-19 0.370E-19
 0.364E-19 0.354E-19 0.338E-19 0.317E-19 0.299E-19 0.287E-19 0.278E-19 0.272E-19 0.268E-19 0.273E-19
 0.287E-19 0.306E-19 0.321E-19 0.326E-19 0.316E-19 0.294E-19 0.270E-19 0.256E-19 0.259E-19 0.275E-19
 0.292E-19 0.300E-19 0.300E-19 0.297E-19 0.293E-19 0.289E-19 0.290E-19 0.297E-19 0.303E-19 0.301E-19
 0.290E-19 0.275E-19 0.261E-19 0.248E-19 0.235E-19 0.227E-19 0.228E-19 0.236E-19 0.240E-19 0.234E-19
 0.226E-19 0.226E-19 0.238E-19 0.255E-19 0.268E-19 0.276E-19 0.283E-19 0.293E-19 0.300E-19 0.295E-19
 0.276E-19 0.253E-19 0.239E-19 0.238E-19 0.242E-19 0.240E-19 0.229E-19 0.220E-19 0.222E-19 0.231E-19
 0.240E-19 0.243E-19 0.247E-19 0.255E-19 0.258E-19 0.244E-19 0.216E-19 0.192E-19 0.192E-19 0.217E-19
 0.252E-19 0.277E-19 0.284E-19 0.274E-19 0.255E-19 0.241E-19 0.240E-19 0.253E-19 0.272E-19 0.288E-19
 0.298E-19 0.302E-19 0.297E-19 0.279E-19 0.254E-19 0.231E-19 0.223E-19 0.228E-19 0.234E-19 0.231E-19
 0.226E-19 0.230E-19 0.245E-19 0.260E-19 0.265E-19 0.264E-19 0.265E-19 0.269E-19 0.267E-19 0.260E-19
 0.256E-19 0.266E-19 0.282E-19 0.290E-19 0.279E-19 0.260E-19 0.249E-19 0.253E-19 0.267E-19 0.276E-19
 0.272E-19 0.260E-19 0.253E-19 0.257E-19 0.268E-19 0.272E-19 0.262E-19 0.244E-19 0.233E-19 0.240E-19
 0.260E-19 0.283E-19 0.295E-19 0.293E-19 0.283E-19 0.278E-19 0.284E-19 0.297E-19 0.304E-19 0.296E-19
 0.277E-19 0.261E-19 0.256E-19 0.263E-19 0.272E-19 0.273E-19 0.261E-19 0.240E-19 0.220E-19 0.214E-19
 0.229E-19 0.256E-19 0.272E-19 0.266E-19 0.244E-19 0.226E-19 0.227E-19 0.241E-19 0.257E-19 0.264E-19
 0.264E-19 0.261E-19 0.257E-19 0.252E-19 0.245E-19 0.239E-19 0.237E-19 0.239E-19 0.240E-19 0.235E-19
 0.221E-19 0.205E-19 0.200E-19 0.215E-19 0.241E-19 0.261E-19 0.262E-19 0.252E-19 0.249E-19 0.264E-19
 0.283E-19 0.284E-19 0.262E-19 0.232E-19 0.214E-19 0.217E-19 0.231E-19 0.245E-19 0.251E-19 0.247E-19
 0.232E-19 0.207E-19 0.174E-19 0.145E-19 0.132E-19 0.140E-19 0.163E-19 0.187E-19 0.202E-19 0.207E-19
 0.206E-19 0.205E-19 0.206E-19 0.209E-19 0.208E-19 0.198E-19 0.178E-19 0.158E-19 0.148E-19 0.153E-19
 0.168E-19 0.186E-19 0.201E-19 0.212E-19 0.223E-19 0.233E-19 0.240E-19 0.241E-19 0.235E-19 0.227E-19
 0.218E-19 0.208E-19 0.195E-19 0.183E-19 0.176E-19 0.178E-19 0.184E-19 0.187E-19 0.183E-19 0.176E-19
 0.170E-19 0.170E-19 0.177E-19 0.189E-19 0.199E-19 0.199E-19 0.189E-19 0.176E-19 0.165E-19 0.155E-19
 0.147E-19 0.146E-19 0.154E-19 0.164E-19 0.165E-19 0.155E-19 0.140E-19 0.134E-19 0.138E-19 0.144E-19
 0.149E-19 0.157E-19 0.172E-19 0.192E-19 0.206E-19 0.204E-19 0.190E-19 0.178E-19 0.180E-19 0.191E-19
 0.196E-19 0.186E-19 0.165E-19 0.148E-19 0.145E-19 0.152E-19 0.160E-19 0.161E-19 0.156E-19 0.149E-19
 0.145E-19 0.144E-19 0.144E-19 0.142E-19 0.134E-19 0.123E-19 0.115E-19 0.114E-19 0.117E-19 0.125E-19
 0.139E-19 0.158E-19 0.174E-19 0.177E-19 0.162E-19 0.135E-19 0.109E-19 0.951E-20 0.947E-20 0.102E-19
 0.112E-19 0.123E-19 0.137E-19 0.151E-19 0.157E-19 0.147E-19 0.128E-19 0.112E-19 0.114E-19 0.134E-19
 0.158E-19 0.169E-19 0.158E-19 0.136E-19 0.119E-19 0.121E-19 0.136E-19 0.152E-19 0.160E-19 0.160E-19
 0.155E-19 0.148E-19 0.138E-19 0.122E-19 0.106E-19 0.943E-20 0.927E-20 0.103E-19 0.123E-19 0.140E-19
 0.144E-19 0.132E-19 0.117E-19 0.114E-19 0.121E-19 0.125E-19 0.118E-19 0.104E-19 0.986E-20 0.107E-19
 0.121E-19 0.131E-19 0.135E-19 0.135E-19 0.135E-19 0.142E-19 0.152E-19 0.160E-19 0.157E-19 0.144E-19
 0.132E-19 0.131E-19 0.143E-19 0.156E-19 0.160E-19 0.155E-19 0.149E-19 0.149E-19 0.154E-19 0.159E-19
 0.158E-19 0.149E-19 0.136E-19 0.123E-19 0.116E-19 0.114E-19 0.115E-19 0.117E-19 0.123E-19 0.131E-19
 0.141E-19 0.148E-19 0.150E-19 0.146E-19 0.138E-19 0.129E-19 0.123E-19 0.124E-19 0.134E-19 0.145E-19
 0.149E-19 0.144E-19 0.144E-19 0.160E-19 0.187E-19 0.205E-19 0.200E-19 0.177E-19 0.155E-19 0.147E-19
 0.150E-19 0.154E-19 0.151E-19 0.141E-19 0.126E-19 0.116E-19 0.120E-19 0.136E-19 0.153E-19 0.159E-19
 0.152E-19 0.138E-19 0.125E-19 0.117E-19 0.118E-19 0.126E-19 0.138E-19 0.143E-19 0.135E-19 0.114E-19
 0.920E-20 0.800E-20 0.808E-20 0.851E-20 0.809E-20 0.658E-20 0.510E-20 0.512E-20 0.711E-20 0.102E-19
 0.131E-19 0.151E-19 0.160E-19 0.159E-19 0.149E-19 0.134E-19 0.120E-19 0.110E-19 0.104E-19 0.101E-19
 0.103E-19 0.110E-19 0.117E-19 0.120E-19 0.119E-19 0.117E-19 0.117E-19 0.118E-19 0.117E-19 0.121E-19
 0.132E-19 0.148E-19 0.156E-19 0.147E-19 0.125E-19 0.109E-19 0.111E-19 0.131E-19 0.151E-19 0.157E-19
 0.147E-19 0.135E-19 0.132E-19 0.139E-19 0.145E-19 0.140E-19 0.124E-19 0.102E-19 0.827E-20 0.735E-20
 0.786E-20 0.969E-20 0.120E-19 0.137E-19 0.143E-19 0.139E-19 0.134E-19 0.134E-19 0.141E-19 0.148E-19
 0.149E-19 0.141E-19 0.127E-19 0.117E-19 0.115E-19 0.119E-19 0.118E-19 0.108E-19 0.978E-20 0.984E-20
 0.112E-19 0.130E-19 0.143E-19 0.148E-19 0.146E-19 0.134E-19 0.112E-19 0.902E-20 0.825E-20 0.962E-20
 0.121E-19 0.140E-19 0.145E-19 0.142E-19 0.137E-19 0.129E-19 0.118E-19 0.102E-19 0.872E-20 0.805E-20
 0.866E-20 0.106E-19 0.130E-19 0.149E-19 0.151E-19 0.139E-19 0.124E-19 0.114E-19 0.114E-19 0.119E-19
 0.125E-19 0.125E-19 0.118E-19 0.104E-19 0.919E-20 0.899E-20 0.978E-20 0.108E-19 0.113E-19 0.114E-19
 0.115E-19 0.117E-19 0.116E-19 0.110E-19 0.100E-19 0.932E-20 0.926E-20 0.100E-19 0.113E-19 0.123E-19
 0.122E-19 0.107E-19 0.898E-20 0.816E-20 0.864E-20 0.963E-20 0.102E-19 0.991E-20 0.926E-20 0.866E-20
 0.834E-20 0.835E-20 0.865E-20 0.903E-20 0.919E-20 0.919E-20 0.960E-20 0.109E-19 0.127E-19 0.140E-19
 0.139E-19 0.125E-19 0.109E-19 0.948E-20 0.841E-20 0.773E-20 0.770E-20 0.838E-20 0.936E-20 0.102E-19
 0.106E-19 0.107E-19 0.984E-20 0.801E-20 0.616E-20 0.585E-20 0.760E-20 0.103E-19 0.123E-19 0.130E-19
 0.130E-19 0.127E-19 0.122E-19 0.111E-19 0.995E-20 0.939E-20 0.998E-20 0.115E-19 0.129E-19 0.134E-19
 0.129E-19 0.123E-19 0.122E-19 0.125E-19 0.124E-19 0.116E-19 0.103E-19 0.954E-20 0.981E-20 0.109E-19
 0.120E-19 0.125E-19 0.126E-19 0.126E-19 0.130E-19 0.136E-19 0.138E-19 0.131E-19 0.116E-19 0.974E-20
 0.839E-20 0.796E-20 0.838E-20 0.912E-20 0.953E-20 0.936E-20 0.882E-20 0.842E-20 0.854E-20 0.907E-20
 0.950E-20 0.939E-20 0.886E-20 0.838E-20 0.822E-20 0.830E-20 0.853E-20 0.920E-20 0.105E-19 0.122E-19
 0.133E-19 0.134E-19 0.127E-19 0.115E-19 0.103E-19 0.902E-20 0.769E-20 0.636E-20 0.526E-20 0.479E-20
 0.532E-20 0.686E-20 0.903E-20 0.112E-19 0.126E-19 0.127E-19 0.111E-19 0.851E-20 0.645E-20 0.614E-20
 0.734E-20 0.871E-20 0.937E-20 0.971E-20 0.107E-19 0.125E-19 0.146E-19 0.157E-19 0.152E-19 0.130E-19
 0.100E-19 0.762E-20 0.666E-20 0.714E-20 0.838E-20 0.962E-20 0.103E-19 0.101E-19 0.903E-20 0.776E-20
 0.746E-20 0.871E-20 0.109E-19 0.126E-19 0.131E-19 0.127E-19 0.118E-19 0.109E-19 0.990E-20 0.875E-20
 0.790E-20 0.784E-20 0.845E-20 0.890E-20 0.863E-20 0.804E-20 0.800E-20 0.852E-20 0.871E-20 0.799E-20
 0.708E-20 0.698E-20 0.747E-20 0.741E-20 0.641E-20 0.549E-20 0.569E-20 0.668E-20 0.724E-20 0.690E-20
 0.631E-20 0.615E-20 0.635E-20 0.653E-20 0.680E-20 0.763E-20 0.899E-20 0.102E-19 0.104E-19 0.940E-20
 0.791E-20 0.697E-20 0.741E-20 0.917E-20 0.111E-19 0.118E-19 0.105E-19 0.821E-20 0.626E-20 0.555E-20
 0.580E-20 0.596E-20 0.525E-20 0.387E-20 0.289E-20 0.336E-20 0.532E-20 0.773E-20 0.942E-20 0.999E-20
 0.977E-20 0.912E-20 0.825E-20 0.750E-20 0.729E-20 0.774E-20 0.832E-20 0.842E-20 0.810E-20 0.802E-20
 0.863E-20 0.953E-20 0.976E-20 0.885E-20 0.739E-20 0.650E-20 0.683E-20 0.791E-20 0.877E-20 0.902E-20
 0.919E-20 0.992E-20 0.111E-19 0.117E-19 0.112E-19 0.978E-20 0.871E-20 0.883E-20 0.987E-20 0.107E-19
 0.105E-19 0.936E-20 0.822E-20 0.788E-20 0.838E-20 0.925E-20 0.998E-20 0.103E-19 0.101E-19 0.967E-20
 0.968E-20 0.103E-19 0.112E-19 0.115E-19 0.114E-19 0.116E-19 0.128E-19 0.141E-19 0.141E-19 0.121E-19
 0.935E-20 0.759E-20 0.763E-20 0.856E-20 0.897E-20 0.832E-20 0.000E+00 0.000E+00 0.000E+00 0.000E+00
