       PAN  560.0268 1399.9705      8712     295.0    0.8000 1.206E-18  HITRAN         PAN    air 46
 2.830E-20 2.800E-20 2.881E-20 3.768E-20 3.875E-20 3.818E-20 3.714E-20 3.596E-20 3.271E-20 3.455E-20
 3.652E-20 4.125E-20 4.563E-20 4.015E-20 4.030E-20 3.806E-20 4.335E-20 4.237E-20 3.587E-20 3.066E-20
 2.836E-20 2.446E-20 2.853E-20 3.384E-20 3.819E-20 3.489E-20 4.445E-20 4.974E-20 5.094E-20 4.837E-20
 4.441E-20 4.312E-20 4.118E-20 3.692E-20 3.480E-20 3.788E-20 3.842E-20 5.236E-20 5.566E-20 5.404E-20
 5.667E-20 5.691E-20 5.510E-20 5.499E-20 6.033E-20 6.928E-20 7.140E-20 6.505E-20 6.026E-20 6.574E-20
 7.088E-20 7.688E-20 7.450E-20 6.686E-20 6.663E-20 6.767E-20 7.484E-20 8.140E-20 8.266E-20 7.571E-20
 6.625E-20 7.313E-20 8.174E-20 9.147E-20 9.110E-20 8.613E-20 8.672E-20 9.078E-20 9.180E-20 8.780E-20
 8.528E-20 8.872E-20 9.332E-20 9.621E-20 1.013E-19 1.016E-19 1.006E-19 9.739E-20 9.752E-20 1.023E-19
 1.064E-19 1.104E-19 1.160E-19 1.211E-19 1.219E-19 1.175E-19 1.120E-19 1.110E-19 1.135E-19 1.144E-19
 1.130E-19 1.132E-19 1.159E-19 1.194E-19 1.232E-19 1.263E-19 1.242E-19 1.172E-19 1.127E-19 1.129E-19
 1.152E-19 1.163E-19 1.160E-19 1.145E-19 1.123E-19 1.138E-19 1.188E-19 1.232E-19 1.223E-19 1.142E-19
 1.053E-19 1.066E-19 1.152E-19 1.171E-19 1.135E-19 1.128E-19 1.118E-19 1.098E-19 1.074E-19 1.044E-19
 1.033E-19 1.079E-19 1.129E-19 1.138E-19 1.154E-19 1.173E-19 1.151E-19 1.109E-19 1.099E-19 1.127E-19
 1.166E-19 1.175E-19 1.161E-19 1.186E-19 1.228E-19 1.220E-19 1.206E-19 1.230E-19 1.249E-19 1.239E-19
 1.231E-19 1.247E-19 1.276E-19 1.288E-19 1.281E-19 1.285E-19 1.321E-19 1.369E-19 1.402E-19 1.405E-19
 1.403E-19 1.420E-19 1.442E-19 1.433E-19 1.386E-19 1.329E-19 1.289E-19 1.256E-19 1.211E-19 1.173E-19
 1.137E-19 1.103E-19 1.076E-19 1.071E-19 1.105E-19 1.145E-19 1.178E-19 1.176E-19 1.141E-19 1.120E-19
 1.112E-19 1.114E-19 1.143E-19 1.143E-19 1.143E-19 1.134E-19 1.120E-19 1.141E-19 1.189E-19 1.202E-19
 1.156E-19 1.107E-19 1.112E-19 1.174E-19 1.248E-19 1.279E-19 1.259E-19 1.234E-19 1.234E-19 1.241E-19
 1.237E-19 1.236E-19 1.260E-19 1.299E-19 1.333E-19 1.363E-19 1.364E-19 1.341E-19 1.337E-19 1.350E-19
 1.336E-19 1.302E-19 1.287E-19 1.288E-19 1.273E-19 1.257E-19 1.278E-19 1.324E-19 1.342E-19 1.312E-19
 1.278E-19 1.271E-19 1.269E-19 1.252E-19 1.230E-19 1.214E-19 1.195E-19 1.170E-19 1.138E-19 1.104E-19
 1.076E-19 1.054E-19 1.056E-19 1.084E-19 1.098E-19 1.076E-19 1.045E-19 1.011E-19 9.564E-20 9.222E-20
 9.215E-20 8.874E-20 8.294E-20 8.243E-20 8.149E-20 8.064E-20 7.870E-20 7.635E-20 7.382E-20 7.151E-20
 6.872E-20 6.548E-20 6.429E-20 6.568E-20 6.412E-20 5.795E-20 5.614E-20 5.921E-20 6.180E-20 6.125E-20
 5.874E-20 5.639E-20 5.613E-20 5.809E-20 5.797E-20 5.366E-20 4.903E-20 5.005E-20 4.749E-20 4.202E-20
 3.746E-20 3.788E-20 3.753E-20 3.668E-20 3.788E-20 3.828E-20 3.504E-20 3.518E-20 3.777E-20 3.912E-20
 3.815E-20 3.686E-20 3.420E-20 3.089E-20 3.334E-20 3.662E-20 3.723E-20 3.459E-20 3.158E-20 3.215E-20
 3.203E-20 3.092E-20 3.013E-20 2.986E-20 2.871E-20 2.645E-20 2.522E-20 2.750E-20 2.957E-20 3.089E-20
 3.031E-20 2.761E-20 2.559E-20 2.694E-20 3.005E-20 2.975E-20 2.626E-20 2.145E-20 2.342E-20 2.623E-20
 2.767E-20 2.808E-20 2.631E-20 2.166E-20 2.421E-20 2.606E-20 2.629E-20 2.696E-20 2.462E-20 2.366E-20
 2.253E-20 2.333E-20 2.491E-20 2.683E-20 2.843E-20 2.786E-20 2.661E-20 2.549E-20 2.452E-20 2.571E-20
 2.693E-20 2.671E-20 2.894E-20 2.898E-20 2.792E-20 2.731E-20 2.617E-20 2.679E-20 3.046E-20 3.281E-20
 3.445E-20 3.620E-20 3.703E-20 3.499E-20 3.346E-20 3.030E-20 2.863E-20 2.913E-20 3.017E-20 3.295E-20
 3.329E-20 3.552E-20 3.794E-20 3.857E-20 3.925E-20 4.318E-20 4.520E-20 4.547E-20 4.561E-20 4.585E-20
 4.521E-20 4.418E-20 4.421E-20 4.783E-20 5.007E-20 5.083E-20 5.128E-20 5.143E-20 5.340E-20 5.584E-20
 5.873E-20 6.251E-20 6.435E-20 6.274E-20 6.074E-20 6.052E-20 6.199E-20 6.542E-20 7.004E-20 7.372E-20
 7.503E-20 7.474E-20 7.518E-20 7.720E-20 7.873E-20 7.896E-20 8.031E-20 8.350E-20 8.700E-20 9.008E-20
 9.247E-20 9.433E-20 9.644E-20 9.880E-20 1.006E-19 1.021E-19 1.042E-19 1.062E-19 1.072E-19 1.077E-19
 1.086E-19 1.099E-19 1.117E-19 1.144E-19 1.179E-19 1.212E-19 1.235E-19 1.252E-19 1.263E-19 1.260E-19
 1.256E-19 1.270E-19 1.304E-19 1.337E-19 1.357E-19 1.374E-19 1.402E-19 1.433E-19 1.444E-19 1.425E-19
 1.405E-19 1.422E-19 1.460E-19 1.476E-19 1.474E-19 1.481E-19 1.494E-19 1.511E-19 1.533E-19 1.552E-19
 1.566E-19 1.576E-19 1.574E-19 1.569E-19 1.590E-19 1.616E-19 1.608E-19 1.580E-19 1.567E-19 1.578E-19
 1.602E-19 1.624E-19 1.630E-19 1.619E-19 1.606E-19 1.608E-19 1.617E-19 1.608E-19 1.590E-19 1.593E-19
 1.617E-19 1.633E-19 1.629E-19 1.621E-19 1.618E-19 1.618E-19 1.623E-19 1.637E-19 1.658E-19 1.670E-19
 1.662E-19 1.651E-19 1.650E-19 1.658E-19 1.669E-19 1.685E-19 1.705E-19 1.720E-19 1.729E-19 1.725E-19
 1.712E-19 1.704E-19 1.701E-19 1.701E-19 1.707E-19 1.717E-19 1.724E-19 1.732E-19 1.742E-19 1.748E-19
 1.745E-19 1.732E-19 1.709E-19 1.683E-19 1.674E-19 1.687E-19 1.702E-19 1.706E-19 1.715E-19 1.733E-19
 1.737E-19 1.716E-19 1.700E-19 1.701E-19 1.699E-19 1.685E-19 1.667E-19 1.650E-19 1.641E-19 1.644E-19
 1.655E-19 1.663E-19 1.656E-19 1.633E-19 1.603E-19 1.578E-19 1.562E-19 1.562E-19 1.580E-19 1.598E-19
 1.595E-19 1.582E-19 1.580E-19 1.596E-19 1.618E-19 1.629E-19 1.615E-19 1.581E-19 1.560E-19 1.561E-19
 1.571E-19 1.577E-19 1.579E-19 1.584E-19 1.593E-19 1.602E-19 1.618E-19 1.633E-19 1.632E-19 1.622E-19
 1.617E-19 1.592E-19 1.559E-19 1.551E-19 1.564E-19 1.580E-19 1.592E-19 1.595E-19 1.593E-19 1.596E-19
 1.604E-19 1.611E-19 1.617E-19 1.611E-19 1.589E-19 1.563E-19 1.545E-19 1.536E-19 1.534E-19 1.536E-19
 1.540E-19 1.536E-19 1.520E-19 1.499E-19 1.476E-19 1.449E-19 1.425E-19 1.411E-19 1.404E-19 1.400E-19
 1.396E-19 1.384E-19 1.365E-19 1.347E-19 1.333E-19 1.319E-19 1.296E-19 1.264E-19 1.237E-19 1.221E-19
 1.210E-19 1.199E-19 1.187E-19 1.173E-19 1.157E-19 1.137E-19 1.112E-19 1.084E-19 1.057E-19 1.041E-19
 1.027E-19 9.983E-20 9.623E-20 9.386E-20 9.328E-20 9.362E-20 9.378E-20 9.313E-20 9.201E-20 9.061E-20
 8.817E-20 8.490E-20 8.142E-20 7.693E-20 7.248E-20 6.870E-20 6.857E-20 6.976E-20 7.004E-20 6.904E-20
 6.785E-20 6.655E-20 6.393E-20 6.029E-20 5.743E-20 5.682E-20 5.861E-20 5.720E-20 5.352E-20 4.988E-20
 5.032E-20 5.156E-20 5.243E-20 5.158E-20 4.933E-20 4.658E-20 4.325E-20 4.195E-20 4.132E-20 3.922E-20
 3.833E-20 3.818E-20 3.781E-20 3.720E-20 3.696E-20 3.680E-20 3.567E-20 3.332E-20 2.989E-20 2.981E-20
 3.025E-20 2.945E-20 2.649E-20 2.472E-20 2.511E-20 2.677E-20 2.876E-20 2.949E-20 2.759E-20 2.303E-20
 2.013E-20 1.984E-20 1.998E-20 1.995E-20 1.859E-20 1.785E-20 1.831E-20 1.824E-20 1.909E-20 2.212E-20
 2.217E-20 1.957E-20 1.644E-20 1.617E-20 1.681E-20 1.764E-20 1.770E-20 1.600E-20 1.617E-20 1.757E-20
 1.823E-20 1.654E-20 1.746E-20 1.575E-20 1.367E-20 1.257E-20 1.228E-20 1.163E-20 1.189E-20 1.285E-20
 1.413E-20 1.389E-20 1.429E-20 1.308E-20 1.171E-20 1.397E-20 1.759E-20 1.748E-20 1.510E-20 1.412E-20
 1.352E-20 1.244E-20 1.139E-20 1.174E-20 1.316E-20 1.402E-20 1.397E-20 1.247E-20 1.366E-20 1.632E-20
 1.847E-20 1.697E-20 1.266E-20 8.449E-21 8.673E-21 1.077E-20 1.203E-20 1.152E-20 1.001E-20 8.770E-21
 1.134E-20 1.405E-20 1.622E-20 1.627E-20 1.459E-20 1.338E-20 1.081E-20 9.468E-21 1.121E-20 1.387E-20
 1.396E-20 1.262E-20 1.057E-20 1.044E-20 1.375E-20 1.484E-20 1.301E-20 9.451E-21 9.249E-21 1.233E-20
 1.437E-20 1.292E-20 1.139E-20 1.128E-20 1.036E-20 1.182E-20 1.240E-20 1.431E-20 1.588E-20 1.477E-20
 1.122E-20 9.170E-21 1.110E-20 1.284E-20 1.234E-20 1.191E-20 9.923E-21 1.146E-20 1.387E-20 1.448E-20
 1.278E-20 1.068E-20 9.853E-21 1.047E-20 1.008E-20 1.052E-20 1.139E-20 1.045E-20 8.709E-21 1.012E-20
 1.231E-20 1.357E-20 1.274E-20 1.016E-20 8.288E-21 8.348E-21 9.587E-21 1.151E-20 1.291E-20 1.204E-20
 1.069E-20 1.060E-20 1.022E-20 1.124E-20 1.170E-20 1.119E-20 1.064E-20 1.005E-20 1.086E-20 1.067E-20
 8.965E-21 8.215E-21 8.494E-21 9.483E-21 1.066E-20 1.141E-20 1.089E-20 8.965E-21 7.896E-21 8.644E-21
 1.040E-20 1.169E-20 1.156E-20 1.082E-20 9.733E-21 8.983E-21 1.224E-20 1.471E-20 1.389E-20 1.057E-20
 9.771E-21 9.414E-21 1.089E-20 1.091E-20 1.089E-20 9.583E-21 8.636E-21 9.442E-21 1.030E-20 1.277E-20
 1.457E-20 1.340E-20 1.029E-20 8.913E-21 8.778E-21 9.864E-21 1.083E-20 1.147E-20 1.367E-20 1.236E-20
 1.083E-20 1.064E-20 1.157E-20 1.158E-20 1.004E-20 8.091E-21 7.471E-21 8.772E-21 1.082E-20 1.035E-20
 8.240E-21 9.965E-21 1.142E-20 1.250E-20 1.290E-20 1.215E-20 8.987E-21 8.076E-21 9.799E-21 1.127E-20
 1.117E-20 9.599E-21 8.426E-21 9.233E-21 8.629E-21 8.407E-21 9.522E-21 9.429E-21 9.220E-21 7.846E-21
 6.411E-21 8.177E-21 9.086E-21 9.853E-21 9.663E-21 9.481E-21 1.327E-20 1.588E-20 1.503E-20 1.203E-20
 8.622E-21 7.222E-21 8.130E-21 1.037E-20 1.061E-20 8.335E-21 7.176E-21 6.823E-21 8.115E-21 1.052E-20
 1.374E-20 1.786E-20 1.881E-20 1.676E-20 1.232E-20 1.036E-20 1.111E-20 1.165E-20 9.289E-21 4.933E-21
 7.150E-21 9.730E-21 1.130E-20 1.050E-20 8.925E-21 6.524E-21 4.841E-21 7.712E-21 1.024E-20 1.055E-20
 8.100E-21 6.406E-21 6.425E-21 6.940E-21 7.348E-21 8.393E-21 8.215E-21 7.238E-21 6.110E-21 7.844E-21
 1.041E-20 1.289E-20 1.312E-20 1.060E-20 8.315E-21 1.043E-20 1.062E-20 9.149E-21 7.240E-21 6.916E-21
 6.706E-21 8.758E-21 1.093E-20 1.189E-20 1.002E-20 7.128E-21 7.456E-21 1.058E-20 1.146E-20 1.035E-20
 8.187E-21 6.019E-21 4.959E-21 6.760E-21 8.188E-21 9.813E-21 1.030E-20 8.062E-21 5.321E-21 5.566E-21
 8.753E-21 8.920E-21 7.705E-21 6.983E-21 4.839E-21 5.505E-21 1.001E-20 1.167E-20 9.965E-21 6.722E-21
 6.860E-21 7.668E-21 9.471E-21 9.067E-21 7.982E-21 6.188E-21 4.870E-21 7.028E-21 9.267E-21 1.012E-20
 1.062E-20 9.054E-21 4.724E-21 4.228E-21 4.891E-21 7.095E-21 8.581E-21 7.609E-21 4.708E-21 4.203E-21
 9.087E-21 1.266E-20 1.189E-20 7.033E-21 6.088E-21 9.910E-21 1.019E-20 9.756E-21 9.675E-21 8.157E-21
 5.085E-21 6.158E-21 8.472E-21 9.886E-21 8.827E-21 6.626E-21 5.856E-21 6.100E-21 6.762E-21 7.411E-21
 7.110E-21 5.540E-21 5.029E-21 5.486E-21 8.319E-21 1.105E-20 1.163E-20 8.986E-21 5.920E-21 4.569E-21
 7.430E-21 8.277E-21 7.993E-21 5.067E-21 3.730E-21 6.292E-21 1.050E-20 1.236E-20 9.629E-21 7.023E-21
 7.083E-21 6.511E-21 8.068E-21 1.003E-20 8.884E-21 7.011E-21 4.878E-21 3.423E-21 6.545E-21 9.945E-21
 1.098E-20 9.740E-21 7.628E-21 9.169E-21 1.079E-20 1.048E-20 9.370E-21 6.915E-21 5.094E-21 4.936E-21
 8.241E-21 1.128E-20 1.258E-20 1.187E-20 8.998E-21 5.904E-21 8.395E-21 9.160E-21 8.843E-21 7.590E-21
 6.402E-21 4.208E-21 5.044E-21 8.475E-21 1.131E-20 1.116E-20 8.470E-21 4.952E-21 8.478E-21 1.186E-20
 1.191E-20 8.746E-21 6.556E-21 5.357E-21 5.172E-21 7.260E-21 9.379E-21 9.924E-21 8.119E-21 5.843E-21
 7.779E-21 8.323E-21 7.506E-21 6.137E-21 4.867E-21 4.155E-21 5.666E-21 7.498E-21 8.782E-21 1.032E-20
 9.102E-21 5.725E-21 7.738E-21 9.795E-21 9.964E-21 8.497E-21 7.102E-21 6.326E-21 5.740E-21 9.009E-21
 1.039E-20 9.850E-21 6.510E-21 4.945E-21 5.904E-21 8.179E-21 9.587E-21 9.115E-21 5.912E-21 4.567E-21
 6.735E-21 8.069E-21 8.448E-21 8.027E-21 8.615E-21 8.856E-21 8.533E-21 9.294E-21 1.002E-20 1.001E-20
 7.895E-21 4.975E-21 3.852E-21 8.201E-21 1.121E-20 1.222E-20 1.075E-20 7.419E-21 8.325E-21 9.481E-21
 8.856E-21 8.228E-21 5.866E-21 3.641E-21 5.275E-21 7.788E-21 9.534E-21 1.017E-20 8.404E-21 5.147E-21
 7.782E-21 9.888E-21 9.608E-21 8.636E-21 8.626E-21 7.505E-21 6.223E-21 6.486E-21 1.130E-20 1.334E-20
 1.112E-20 5.782E-21 5.069E-21 8.276E-21 9.627E-21 9.405E-21 6.785E-21 3.452E-21 4.804E-21 6.923E-21
 7.562E-21 8.512E-21 9.766E-21 1.290E-20 1.765E-20 1.924E-20 1.673E-20 1.511E-20 1.401E-20 1.233E-20
 1.027E-20 1.060E-20 1.101E-20 1.146E-20 9.779E-21 6.124E-21 7.833E-21 1.112E-20 1.250E-20 1.096E-20
 7.208E-21 4.362E-21 4.244E-21 6.812E-21 9.313E-21 1.019E-20 1.052E-20 9.038E-21 7.560E-21 8.844E-21
 9.850E-21 8.369E-21 6.342E-21 4.415E-21 4.053E-21 4.794E-21 7.426E-21 9.856E-21 9.746E-21 6.985E-21
 4.979E-21 7.772E-21 9.323E-21 8.463E-21 7.102E-21 5.209E-21 2.554E-21 5.730E-21 8.813E-21 1.091E-20
 1.116E-20 8.650E-21 3.909E-21 6.098E-21 9.249E-21 9.588E-21 6.746E-21 4.396E-21 3.551E-21 4.935E-21
 8.139E-21 9.435E-21 1.062E-20 9.832E-21 5.861E-21 6.985E-21 8.828E-21 9.310E-21 7.552E-21 6.126E-21
 6.410E-21 7.189E-21 9.401E-21 9.826E-21 9.370E-21 6.809E-21 3.803E-21 5.658E-21 7.656E-21 8.804E-21
 8.352E-21 6.487E-21 3.778E-21 2.879E-21 5.106E-21 7.317E-21 7.569E-21 7.323E-21 6.085E-21 4.968E-21
 7.477E-21 8.477E-21 7.342E-21 6.250E-21 5.451E-21 5.719E-21 7.211E-21 1.072E-20 1.202E-20 9.752E-21
 7.233E-21 6.591E-21 8.685E-21 8.615E-21 7.116E-21 5.625E-21 5.058E-21 5.329E-21 6.412E-21 8.403E-21
 9.204E-21 7.589E-21 6.433E-21 5.618E-21 7.521E-21 9.005E-21 8.289E-21 7.009E-21 5.023E-21 4.295E-21
 7.565E-21 1.037E-20 1.140E-20 9.998E-21 6.329E-21 3.576E-21 7.262E-21 9.392E-21 7.996E-21 5.493E-21
 4.577E-21 3.283E-21 4.600E-21 6.092E-21 6.508E-21 6.965E-21 5.152E-21 4.832E-21 5.546E-21 6.994E-21
 8.152E-21 7.229E-21 6.364E-21 4.895E-21 6.131E-21 9.191E-21 1.093E-20 1.038E-20 6.619E-21 2.038E-21
 5.724E-21 8.076E-21 8.164E-21 6.640E-21 3.736E-21 3.098E-21 6.531E-21 9.208E-21 9.502E-21 9.209E-21
 7.445E-21 2.862E-21 5.253E-21 7.560E-21 8.231E-21 7.145E-21 4.504E-21 1.872E-21 3.781E-21 8.001E-21
 1.046E-20 1.003E-20 8.615E-21 6.533E-21 7.159E-21 9.452E-21 9.395E-21 8.594E-21 6.342E-21 3.750E-21
 5.327E-21 8.598E-21 1.033E-20 9.944E-21 6.910E-21 3.737E-21 5.339E-21 7.215E-21 8.267E-21 7.060E-21
 5.128E-21 4.687E-21 4.983E-21 7.136E-21 8.833E-21 9.698E-21 8.746E-21 6.627E-21 5.435E-21 7.984E-21
 9.315E-21 8.641E-21 6.332E-21 4.050E-21 4.825E-21 7.880E-21 9.410E-21 9.143E-21 7.292E-21 4.124E-21
 5.206E-21 7.893E-21 9.331E-21 8.339E-21 6.125E-21 4.542E-21 4.388E-21 5.348E-21 7.219E-21 8.127E-21
 6.962E-21 4.064E-21 5.222E-21 7.115E-21 8.005E-21 7.848E-21 6.571E-21 5.132E-21 4.213E-21 6.697E-21
 8.608E-21 9.447E-21 8.503E-21 6.402E-21 6.889E-21 8.331E-21 9.121E-21 8.494E-21 7.127E-21 5.716E-21
 4.756E-21 6.903E-21 8.169E-21 8.224E-21 7.781E-21 5.129E-21 2.971E-21 6.297E-21 7.876E-21 7.616E-21
 7.166E-21 6.714E-21 5.307E-21 6.497E-21 8.993E-21 9.874E-21 8.509E-21 6.309E-21 5.901E-21 8.204E-21
 9.170E-21 8.439E-21 6.924E-21 4.952E-21 3.942E-21 5.370E-21 6.720E-21 8.255E-21 9.747E-21 9.124E-21
 7.308E-21 8.371E-21 9.482E-21 9.023E-21 7.511E-21 6.035E-21 5.139E-21 6.308E-21 9.174E-21 1.130E-20
 1.033E-20 7.609E-21 5.305E-21 7.368E-21 8.691E-21 8.722E-21 8.210E-21 7.320E-21 6.248E-21 7.019E-21
 9.574E-21 1.096E-20 1.036E-20 7.909E-21 5.774E-21 7.095E-21 9.871E-21 1.131E-20 1.065E-20 8.758E-21
 6.381E-21 5.462E-21 8.061E-21 1.110E-20 1.215E-20 9.606E-21 5.933E-21 8.145E-21 1.168E-20 1.270E-20
 1.130E-20 9.155E-21 7.549E-21 8.090E-21 8.034E-21 9.070E-21 1.037E-20 9.749E-21 8.661E-21 9.329E-21
 1.097E-20 1.183E-20 1.149E-20 1.052E-20 9.615E-21 9.705E-21 9.754E-21 1.062E-20 1.216E-20 1.226E-20
 1.163E-20 1.126E-20 1.241E-20 1.278E-20 1.254E-20 1.142E-20 9.360E-21 1.043E-20 1.283E-20 1.384E-20
 1.374E-20 1.301E-20 1.194E-20 1.278E-20 1.472E-20 1.523E-20 1.482E-20 1.426E-20 1.313E-20 1.173E-20
 1.243E-20 1.283E-20 1.286E-20 1.261E-20 1.286E-20 1.370E-20 1.653E-20 1.787E-20 1.780E-20 1.642E-20
 1.421E-20 1.329E-20 1.428E-20 1.589E-20 1.693E-20 1.598E-20 1.450E-20 1.378E-20 1.567E-20 1.698E-20
 1.733E-20 1.645E-20 1.485E-20 1.330E-20 1.594E-20 1.858E-20 2.019E-20 2.035E-20 1.900E-20 1.694E-20
 1.718E-20 1.953E-20 2.059E-20 2.060E-20 1.877E-20 1.787E-20 1.899E-20 1.997E-20 2.076E-20 2.119E-20
 2.095E-20 1.982E-20 2.036E-20 2.193E-20 2.202E-20 2.146E-20 2.091E-20 2.102E-20 2.166E-20 2.238E-20
 2.368E-20 2.492E-20 2.512E-20 2.431E-20 2.358E-20 2.520E-20 2.521E-20 2.433E-20 2.376E-20 2.323E-20
 2.484E-20 2.677E-20 2.810E-20 2.869E-20 2.858E-20 2.724E-20 2.688E-20 2.924E-20 3.020E-20 2.906E-20
 2.719E-20 2.825E-20 3.021E-20 3.097E-20 3.105E-20 3.068E-20 2.961E-20 2.868E-20 2.892E-20 3.110E-20
 3.290E-20 3.294E-20 3.145E-20 3.077E-20 3.248E-20 3.474E-20 3.658E-20 3.738E-20 3.671E-20 3.474E-20
 3.418E-20 3.445E-20 3.441E-20 3.481E-20 3.467E-20 3.493E-20 3.638E-20 3.772E-20 3.833E-20 3.858E-20
 3.873E-20 3.790E-20 3.618E-20 3.559E-20 3.650E-20 3.761E-20 3.837E-20 3.921E-20 4.062E-20 4.171E-20
 4.243E-20 4.277E-20 4.260E-20 4.163E-20 4.016E-20 3.990E-20 4.074E-20 4.052E-20 3.980E-20 4.109E-20
 4.269E-20 4.369E-20 4.404E-20 4.420E-20 4.437E-20 4.424E-20 4.363E-20 4.268E-20 4.243E-20 4.260E-20
 4.196E-20 4.192E-20 4.277E-20 4.430E-20 4.586E-20 4.637E-20 4.554E-20 4.434E-20 4.374E-20 4.339E-20
 4.452E-20 4.442E-20 4.361E-20 4.377E-20 4.511E-20 4.624E-20 4.737E-20 4.829E-20 4.811E-20 4.657E-20
 4.500E-20 4.477E-20 4.594E-20 4.664E-20 4.585E-20 4.609E-20 4.650E-20 4.714E-20 4.831E-20 4.944E-20
 4.946E-20 4.830E-20 4.699E-20 4.647E-20 4.652E-20 4.645E-20 4.628E-20 4.696E-20 4.819E-20 4.918E-20
 4.977E-20 5.023E-20 5.009E-20 4.863E-20 4.634E-20 4.471E-20 4.500E-20 4.507E-20 4.583E-20 4.722E-20
 4.824E-20 4.853E-20 4.848E-20 4.854E-20 4.859E-20 4.824E-20 4.742E-20 4.646E-20 4.726E-20 4.802E-20
 4.731E-20 4.652E-20 4.718E-20 4.775E-20 4.836E-20 4.903E-20 4.905E-20 4.791E-20 4.621E-20 4.487E-20
 4.437E-20 4.479E-20 4.547E-20 4.566E-20 4.567E-20 4.622E-20 4.726E-20 4.820E-20 4.821E-20 4.679E-20
 4.485E-20 4.360E-20 4.288E-20 4.441E-20 4.465E-20 4.368E-20 4.294E-20 4.412E-20 4.518E-20 4.599E-20
 4.663E-20 4.669E-20 4.543E-20 4.314E-20 4.132E-20 4.138E-20 4.087E-20 4.052E-20 4.083E-20 4.194E-20
 4.316E-20 4.380E-20 4.368E-20 4.254E-20 4.022E-20 3.740E-20 3.532E-20 3.656E-20 3.817E-20 3.859E-20
 3.819E-20 3.799E-20 3.807E-20 3.853E-20 3.909E-20 3.901E-20 3.746E-20 3.514E-20 3.630E-20 3.735E-20
 3.635E-20 3.430E-20 3.353E-20 3.353E-20 3.361E-20 3.327E-20 3.272E-20 3.273E-20 3.317E-20 3.269E-20
 3.088E-20 3.103E-20 3.072E-20 3.009E-20 2.983E-20 3.050E-20 3.086E-20 3.081E-20 3.062E-20 3.020E-20
 2.926E-20 2.817E-20 2.695E-20 2.719E-20 2.580E-20 2.436E-20 2.399E-20 2.528E-20 2.574E-20 2.502E-20
 2.419E-20 2.367E-20 2.245E-20 2.098E-20 2.173E-20 2.348E-20 2.325E-20 2.183E-20 2.017E-20 2.061E-20
 2.179E-20 2.223E-20 2.189E-20 2.144E-20 2.100E-20 1.984E-20 1.851E-20 1.918E-20 1.909E-20 1.785E-20
 1.569E-20 1.529E-20 1.624E-20 1.691E-20 1.689E-20 1.619E-20 1.495E-20 1.358E-20 1.389E-20 1.477E-20
 1.486E-20 1.431E-20 1.429E-20 1.378E-20 1.427E-20 1.443E-20 1.469E-20 1.486E-20 1.443E-20 1.264E-20
 1.249E-20 1.272E-20 1.233E-20 1.164E-20 1.086E-20 9.898E-21 1.065E-20 1.099E-20 1.202E-20 1.284E-20
 1.272E-20 1.101E-20 8.712E-21 1.030E-20 1.165E-20 1.122E-20 9.322E-21 8.426E-21 9.920E-21 1.044E-20
 1.058E-20 1.060E-20 9.286E-21 8.010E-21 7.947E-21 9.046E-21 1.066E-20 9.955E-21 8.973E-21 7.650E-21
 5.912E-21 5.965E-21 7.790E-21 9.352E-21 9.941E-21 9.130E-21 7.785E-21 8.276E-21 8.950E-21 8.239E-21
 6.720E-21 5.485E-21 5.119E-21 5.985E-21 7.370E-21 8.427E-21 8.330E-21 7.678E-21 5.968E-21 6.901E-21
 7.464E-21 7.517E-21 6.808E-21 5.082E-21 3.767E-21 5.437E-21 7.478E-21 8.616E-21 7.966E-21 6.514E-21
 5.588E-21 7.975E-21 9.121E-21 8.605E-21 6.114E-21 3.832E-21 3.028E-21 4.512E-21 5.539E-21 6.955E-21
 6.962E-21 5.700E-21 5.402E-21 6.126E-21 7.365E-21 7.635E-21 7.158E-21 5.350E-21 3.480E-21 3.498E-21
 5.192E-21 6.574E-21 6.458E-21 4.453E-21 3.106E-21 5.973E-21 7.579E-21 7.357E-21 6.215E-21 4.770E-21
 3.694E-21 5.089E-21 6.407E-21 6.869E-21 6.393E-21 5.480E-21 5.206E-21 4.791E-21 6.693E-21 7.384E-21
 7.021E-21 5.695E-21 3.997E-21 4.473E-21 6.181E-21 6.868E-21 7.727E-21 7.512E-21 5.698E-21 4.683E-21
 6.132E-21 7.049E-21 6.871E-21 5.673E-21 3.612E-21 3.368E-21 4.595E-21 5.561E-21 5.929E-21 5.070E-21
 3.226E-21 2.786E-21 6.116E-21 7.739E-21 6.978E-21 5.348E-21 3.365E-21 2.003E-21 3.956E-21 6.448E-21
 6.887E-21 6.035E-21 5.088E-21 4.068E-21 4.406E-21 5.652E-21 5.938E-21 5.062E-21 3.195E-21 3.877E-21
 5.833E-21 7.940E-21 8.656E-21 7.000E-21 2.740E-21 2.548E-21 5.647E-21 6.431E-21 6.033E-21 5.281E-21
 3.808E-21 2.156E-21 3.359E-21 5.971E-21 7.282E-21 7.843E-21 6.367E-21 5.342E-21 6.203E-21 6.869E-21
 6.962E-21 5.794E-21 4.710E-21 3.050E-21 4.319E-21 6.174E-21 6.957E-21 5.988E-21 4.072E-21 2.674E-21
 5.079E-21 6.622E-21 5.769E-21 3.863E-21 2.024E-21 1.935E-21 2.286E-21 4.359E-21 6.601E-21 7.666E-21
 5.289E-21 3.156E-21 4.195E-21 4.697E-21 5.555E-21 5.470E-21 4.796E-21 3.290E-21 4.359E-21 6.149E-21
 6.585E-21 6.979E-21 6.409E-21 4.607E-21 4.867E-21 6.366E-21 6.709E-21 6.345E-21 4.792E-21 2.411E-21
 1.147E-21 3.967E-21 5.759E-21 5.651E-21 3.967E-21 1.761E-21 3.389E-21 5.277E-21 6.039E-21 5.711E-21
 4.918E-21 4.237E-21 2.827E-21 4.889E-21 7.319E-21 7.506E-21 6.124E-21 3.071E-21 3.085E-21 5.559E-21
 5.714E-21 5.085E-21 4.156E-21 2.998E-21 3.971E-21 6.444E-21 7.448E-21 7.548E-21 7.085E-21 4.514E-21
 4.506E-21 6.628E-21 7.181E-21 5.959E-21 3.921E-21 4.050E-21 3.370E-21 4.183E-21 5.356E-21 6.300E-21
 6.574E-21 4.987E-21 3.944E-21 5.255E-21 6.133E-21 5.732E-21 3.806E-21 2.702E-21 3.404E-21 5.352E-21
 6.676E-21 6.830E-21 7.270E-21 5.768E-21 5.391E-21 5.918E-21 6.508E-21 6.218E-21 5.949E-21 5.202E-21
 3.428E-21 3.394E-21 5.769E-21 6.403E-21 6.132E-21 5.343E-21 3.929E-21 4.383E-21 5.356E-21 5.692E-21
 5.302E-21 4.154E-21 2.582E-21 4.095E-21 7.238E-21 8.463E-21 6.806E-21 3.292E-21 4.401E-21 5.857E-21
 5.917E-21 6.575E-21 5.490E-21 3.685E-21 3.719E-21 4.426E-21 5.903E-21 8.610E-21 9.057E-21 6.466E-21
 3.083E-21 5.812E-21 8.150E-21 7.766E-21 5.495E-21 4.688E-21 3.647E-21 5.033E-21 7.238E-21 7.920E-21
 8.730E-21 7.998E-21 5.161E-21 4.804E-21 7.691E-21 8.746E-21 7.615E-21 5.650E-21 4.880E-21 5.785E-21
 6.448E-21 7.663E-21 8.150E-21 7.058E-21 5.435E-21 5.183E-21 6.453E-21 7.165E-21 7.303E-21 6.834E-21
 6.658E-21 6.891E-21 7.206E-21 7.363E-21 8.375E-21 9.278E-21 7.620E-21 7.847E-21 8.357E-21 9.275E-21
 9.097E-21 7.941E-21 6.728E-21 6.878E-21 8.043E-21 1.000E-20 1.048E-20 9.691E-21 9.590E-21 8.273E-21
 8.710E-21 9.819E-21 9.618E-21 9.258E-21 8.981E-21 9.787E-21 1.078E-20 1.184E-20 1.119E-20 1.108E-20
 1.074E-20 9.943E-21 1.084E-20 1.131E-20 1.198E-20 1.159E-20 1.059E-20 1.150E-20 1.206E-20 1.276E-20
 1.337E-20 1.258E-20 1.092E-20 1.111E-20 1.393E-20 1.564E-20 1.582E-20 1.527E-20 1.529E-20 1.661E-20
 1.719E-20 1.729E-20 1.758E-20 1.799E-20 1.768E-20 1.608E-20 1.497E-20 1.695E-20 1.899E-20 1.944E-20
 1.876E-20 1.976E-20 2.037E-20 2.110E-20 2.168E-20 2.168E-20 2.166E-20 2.180E-20 2.164E-20 2.287E-20
 2.355E-20 2.392E-20 2.384E-20 2.436E-20 2.583E-20 2.804E-20 2.948E-20 2.934E-20 2.866E-20 2.829E-20
 2.836E-20 3.019E-20 3.100E-20 3.115E-20 3.248E-20 3.394E-20 3.523E-20 3.623E-20 3.669E-20 3.636E-20
 3.562E-20 3.543E-20 3.643E-20 3.821E-20 4.051E-20 4.158E-20 4.215E-20 4.218E-20 4.245E-20 4.310E-20
 4.413E-20 4.561E-20 4.666E-20 4.670E-20 4.690E-20 4.809E-20 4.969E-20 5.132E-20 5.298E-20 5.474E-20
 5.665E-20 5.845E-20 5.969E-20 6.021E-20 6.003E-20 5.979E-20 6.048E-20 6.211E-20 6.424E-20 6.656E-20
 6.848E-20 6.956E-20 7.042E-20 7.190E-20 7.393E-20 7.583E-20 7.728E-20 7.858E-20 8.014E-20 8.209E-20
 8.431E-20 8.646E-20 8.854E-20 9.114E-20 9.449E-20 9.795E-20 1.006E-19 1.023E-19 1.032E-19 1.040E-19
 1.054E-19 1.076E-19 1.103E-19 1.131E-19 1.163E-19 1.192E-19 1.210E-19 1.222E-19 1.247E-19 1.286E-19
 1.323E-19 1.352E-19 1.379E-19 1.403E-19 1.423E-19 1.447E-19 1.476E-19 1.512E-19 1.555E-19 1.598E-19
 1.635E-19 1.672E-19 1.712E-19 1.748E-19 1.774E-19 1.802E-19 1.844E-19 1.893E-19 1.940E-19 1.988E-19
 2.039E-19 2.089E-19 2.133E-19 2.172E-19 2.208E-19 2.245E-19 2.285E-19 2.334E-19 2.392E-19 2.451E-19
 2.504E-19 2.555E-19 2.610E-19 2.668E-19 2.729E-19 2.793E-19 2.853E-19 2.902E-19 2.954E-19 3.015E-19
 3.079E-19 3.143E-19 3.211E-19 3.279E-19 3.349E-19 3.426E-19 3.506E-19 3.575E-19 3.634E-19 3.698E-19
 3.773E-19 3.855E-19 3.933E-19 4.002E-19 4.069E-19 4.140E-19 4.218E-19 4.305E-19 4.398E-19 4.486E-19
 4.564E-19 4.642E-19 4.726E-19 4.810E-19 4.891E-19 4.974E-19 5.066E-19 5.159E-19 5.242E-19 5.315E-19
 5.397E-19 5.493E-19 5.588E-19 5.669E-19 5.745E-19 5.830E-19 5.922E-19 6.011E-19 6.096E-19 6.184E-19
 6.274E-19 6.360E-19 6.442E-19 6.528E-19 6.620E-19 6.707E-19 6.779E-19 6.846E-19 6.920E-19 7.001E-19
 7.088E-19 7.174E-19 7.255E-19 7.326E-19 7.391E-19 7.456E-19 7.527E-19 7.598E-19 7.658E-19 7.711E-19
 7.770E-19 7.835E-19 7.903E-19 7.967E-19 8.023E-19 8.073E-19 8.121E-19 8.171E-19 8.224E-19 8.274E-19
 8.313E-19 8.342E-19 8.365E-19 8.388E-19 8.419E-19 8.458E-19 8.494E-19 8.522E-19 8.542E-19 8.562E-19
 8.583E-19 8.596E-19 8.593E-19 8.589E-19 8.595E-19 8.606E-19 8.611E-19 8.608E-19 8.602E-19 8.600E-19
 8.598E-19 8.593E-19 8.585E-19 8.573E-19 8.553E-19 8.529E-19 8.511E-19 8.504E-19 8.505E-19 8.509E-19
 8.507E-19 8.497E-19 8.488E-19 8.489E-19 8.502E-19 8.514E-19 8.514E-19 8.503E-19 8.496E-19 8.503E-19
 8.519E-19 8.533E-19 8.543E-19 8.555E-19 8.576E-19 8.602E-19 8.631E-19 8.663E-19 8.706E-19 8.759E-19
 8.814E-19 8.864E-19 8.906E-19 8.948E-19 8.993E-19 9.050E-19 9.116E-19 9.182E-19 9.238E-19 9.287E-19
 9.337E-19 9.385E-19 9.421E-19 9.444E-19 9.466E-19 9.495E-19 9.518E-19 9.527E-19 9.533E-19 9.534E-19
 9.499E-19 9.419E-19 9.326E-19 9.250E-19 9.193E-19 9.153E-19 9.118E-19 9.078E-19 9.037E-19 9.006E-19
 8.988E-19 8.973E-19 8.952E-19 8.922E-19 8.882E-19 8.834E-19 8.790E-19 8.751E-19 8.708E-19 8.663E-19
 8.623E-19 8.581E-19 8.536E-19 8.497E-19 8.467E-19 8.433E-19 8.392E-19 8.349E-19 8.306E-19 8.263E-19
 8.225E-19 8.190E-19 8.158E-19 8.127E-19 8.092E-19 8.045E-19 7.990E-19 7.939E-19 7.895E-19 7.849E-19
 7.793E-19 7.729E-19 7.668E-19 7.619E-19 7.577E-19 7.535E-19 7.488E-19 7.439E-19 7.386E-19 7.330E-19
 7.270E-19 7.209E-19 7.148E-19 7.086E-19 7.021E-19 6.958E-19 6.903E-19 6.852E-19 6.796E-19 6.735E-19
 6.669E-19 6.596E-19 6.518E-19 6.443E-19 6.368E-19 6.289E-19 6.210E-19 6.135E-19 6.064E-19 5.998E-19
 5.933E-19 5.867E-19 5.801E-19 5.735E-19 5.662E-19 5.581E-19 5.494E-19 5.407E-19 5.325E-19 5.244E-19
 5.169E-19 5.101E-19 5.033E-19 4.961E-19 4.891E-19 4.819E-19 4.739E-19 4.664E-19 4.596E-19 4.525E-19
 4.451E-19 4.379E-19 4.310E-19 4.246E-19 4.185E-19 4.124E-19 4.069E-19 4.019E-19 3.962E-19 3.894E-19
 3.826E-19 3.762E-19 3.696E-19 3.637E-19 3.591E-19 3.553E-19 3.513E-19 3.468E-19 3.417E-19 3.365E-19
 3.317E-19 3.277E-19 3.232E-19 3.179E-19 3.131E-19 3.094E-19 3.056E-19 3.015E-19 2.981E-19 2.956E-19
 2.926E-19 2.884E-19 2.843E-19 2.815E-19 2.791E-19 2.755E-19 2.715E-19 2.688E-19 2.671E-19 2.656E-19
 2.641E-19 2.627E-19 2.610E-19 2.589E-19 2.566E-19 2.544E-19 2.524E-19 2.504E-19 2.483E-19 2.461E-19
 2.444E-19 2.433E-19 2.426E-19 2.421E-19 2.417E-19 2.412E-19 2.400E-19 2.383E-19 2.369E-19 2.358E-19
 2.351E-19 2.348E-19 2.343E-19 2.330E-19 2.313E-19 2.306E-19 2.313E-19 2.318E-19 2.308E-19 2.285E-19
 2.262E-19 2.251E-19 2.250E-19 2.253E-19 2.254E-19 2.252E-19 2.247E-19 2.244E-19 2.247E-19 2.256E-19
 2.265E-19 2.269E-19 2.263E-19 2.248E-19 2.234E-19 2.226E-19 2.228E-19 2.242E-19 2.258E-19 2.261E-19
 2.251E-19 2.238E-19 2.235E-19 2.241E-19 2.242E-19 2.230E-19 2.220E-19 2.220E-19 2.229E-19 2.243E-19
 2.255E-19 2.259E-19 2.259E-19 2.255E-19 2.248E-19 2.244E-19 2.246E-19 2.243E-19 2.237E-19 2.234E-19
 2.234E-19 2.234E-19 2.235E-19 2.239E-19 2.244E-19 2.244E-19 2.239E-19 2.236E-19 2.240E-19 2.244E-19
 2.241E-19 2.234E-19 2.232E-19 2.242E-19 2.260E-19 2.274E-19 2.280E-19 2.280E-19 2.282E-19 2.286E-19
 2.289E-19 2.291E-19 2.293E-19 2.297E-19 2.304E-19 2.312E-19 2.318E-19 2.325E-19 2.332E-19 2.333E-19
 2.331E-19 2.335E-19 2.342E-19 2.343E-19 2.344E-19 2.350E-19 2.356E-19 2.360E-19 2.366E-19 2.376E-19
 2.387E-19 2.398E-19 2.411E-19 2.420E-19 2.420E-19 2.411E-19 2.398E-19 2.387E-19 2.388E-19 2.405E-19
 2.422E-19 2.433E-19 2.443E-19 2.453E-19 2.462E-19 2.473E-19 2.489E-19 2.503E-19 2.509E-19 2.507E-19
 2.502E-19 2.498E-19 2.503E-19 2.515E-19 2.529E-19 2.537E-19 2.536E-19 2.535E-19 2.541E-19 2.547E-19
 2.540E-19 2.530E-19 2.529E-19 2.535E-19 2.541E-19 2.546E-19 2.550E-19 2.552E-19 2.554E-19 2.558E-19
 2.565E-19 2.569E-19 2.567E-19 2.559E-19 2.549E-19 2.546E-19 2.553E-19 2.562E-19 2.567E-19 2.574E-19
 2.587E-19 2.599E-19 2.600E-19 2.594E-19 2.585E-19 2.574E-19 2.567E-19 2.571E-19 2.583E-19 2.590E-19
 2.590E-19 2.591E-19 2.594E-19 2.595E-19 2.592E-19 2.589E-19 2.589E-19 2.588E-19 2.579E-19 2.563E-19
 2.551E-19 2.548E-19 2.551E-19 2.557E-19 2.561E-19 2.560E-19 2.551E-19 2.537E-19 2.522E-19 2.512E-19
 2.507E-19 2.503E-19 2.502E-19 2.501E-19 2.496E-19 2.492E-19 2.491E-19 2.488E-19 2.482E-19 2.475E-19
 2.468E-19 2.458E-19 2.446E-19 2.434E-19 2.429E-19 2.428E-19 2.431E-19 2.437E-19 2.441E-19 2.431E-19
 2.417E-19 2.407E-19 2.394E-19 2.379E-19 2.368E-19 2.353E-19 2.337E-19 2.328E-19 2.325E-19 2.317E-19
 2.306E-19 2.300E-19 2.294E-19 2.279E-19 2.260E-19 2.247E-19 2.238E-19 2.229E-19 2.225E-19 2.223E-19
 2.215E-19 2.204E-19 2.201E-19 2.197E-19 2.186E-19 2.174E-19 2.168E-19 2.166E-19 2.160E-19 2.143E-19
 2.122E-19 2.107E-19 2.100E-19 2.095E-19 2.097E-19 2.103E-19 2.100E-19 2.086E-19 2.068E-19 2.055E-19
 2.046E-19 2.039E-19 2.032E-19 2.026E-19 2.022E-19 2.022E-19 2.025E-19 2.024E-19 2.016E-19 2.010E-19
 2.006E-19 1.992E-19 1.973E-19 1.960E-19 1.953E-19 1.948E-19 1.946E-19 1.942E-19 1.932E-19 1.923E-19
 1.919E-19 1.907E-19 1.888E-19 1.875E-19 1.870E-19 1.862E-19 1.853E-19 1.846E-19 1.842E-19 1.838E-19
 1.833E-19 1.823E-19 1.814E-19 1.803E-19 1.784E-19 1.764E-19 1.752E-19 1.739E-19 1.715E-19 1.697E-19
 1.696E-19 1.701E-19 1.699E-19 1.686E-19 1.668E-19 1.649E-19 1.631E-19 1.613E-19 1.600E-19 1.586E-19
 1.567E-19 1.548E-19 1.535E-19 1.524E-19 1.511E-19 1.495E-19 1.477E-19 1.456E-19 1.436E-19 1.419E-19
 1.404E-19 1.390E-19 1.372E-19 1.348E-19 1.328E-19 1.321E-19 1.321E-19 1.320E-19 1.309E-19 1.287E-19
 1.262E-19 1.242E-19 1.222E-19 1.203E-19 1.190E-19 1.183E-19 1.179E-19 1.171E-19 1.157E-19 1.139E-19
 1.123E-19 1.109E-19 1.096E-19 1.082E-19 1.069E-19 1.054E-19 1.033E-19 1.014E-19 1.003E-19 9.977E-20
 9.863E-20 9.694E-20 9.555E-20 9.480E-20 9.439E-20 9.357E-20 9.173E-20 8.934E-20 8.755E-20 8.668E-20
 8.630E-20 8.604E-20 8.575E-20 8.516E-20 8.415E-20 8.297E-20 8.176E-20 8.068E-20 7.998E-20 7.929E-20
 7.813E-20 7.689E-20 7.582E-20 7.453E-20 7.337E-20 7.299E-20 7.288E-20 7.213E-20 7.085E-20 6.977E-20
 6.894E-20 6.783E-20 6.638E-20 6.497E-20 6.374E-20 6.303E-20 6.328E-20 6.369E-20 6.301E-20 6.141E-20
 5.956E-20 5.774E-20 5.681E-20 5.700E-20 5.717E-20 5.682E-20 5.642E-20 5.612E-20 5.563E-20 5.486E-20
 5.406E-20 5.350E-20 5.282E-20 5.145E-20 4.990E-20 4.932E-20 4.986E-20 5.050E-20 5.030E-20 4.940E-20
 4.855E-20 4.793E-20 4.749E-20 4.755E-20 4.767E-20 4.686E-20 4.530E-20 4.408E-20 4.376E-20 4.414E-20
 4.445E-20 4.418E-20 4.377E-20 4.352E-20 4.296E-20 4.220E-20 4.206E-20 4.254E-20 4.261E-20 4.139E-20
 3.931E-20 3.814E-20 3.873E-20 3.954E-20 3.921E-20 3.861E-20 3.892E-20 3.977E-20 4.004E-20 3.923E-20
 3.778E-20 3.647E-20 3.555E-20 3.489E-20 3.439E-20 3.424E-20 3.467E-20 3.575E-20 3.682E-20 3.683E-20
 3.560E-20 3.424E-20 3.357E-20 3.316E-20 3.278E-20 3.284E-20 3.291E-20 3.232E-20 3.196E-20 3.280E-20
 3.407E-20 3.470E-20 3.467E-20 3.429E-20 3.361E-20 3.285E-20 3.245E-20 3.247E-20 3.216E-20 3.115E-20
 3.034E-20 3.058E-20 3.150E-20 3.214E-20 3.195E-20 3.101E-20 2.997E-20 2.943E-20 2.960E-20 3.027E-20
 3.087E-20 3.102E-20 3.091E-20 3.080E-20 3.094E-20 3.116E-20 3.076E-20 2.979E-20 2.926E-20 2.913E-20
 2.874E-20 2.843E-20 2.862E-20 2.913E-20 2.983E-20 3.029E-20 2.990E-20 2.895E-20 2.830E-20 2.812E-20
 2.791E-20 2.734E-20 2.665E-20 2.622E-20 2.611E-20 2.631E-20 2.670E-20 2.681E-20 2.651E-20 2.609E-20
 2.578E-20 2.612E-20 2.726E-20 2.760E-20 2.631E-20 2.632E-20 2.566E-20 2.518E-20 2.573E-20 2.664E-20
 2.727E-20 2.724E-20 2.667E-20 2.553E-20 2.438E-20 2.403E-20 2.436E-20 2.480E-20 2.505E-20 2.505E-20
 2.528E-20 2.594E-20 2.629E-20 2.609E-20 2.606E-20 2.608E-20 2.557E-20 2.492E-20 2.438E-20 2.366E-20
 2.307E-20 2.304E-20 2.331E-20 2.339E-20 2.323E-20 2.323E-20 2.371E-20 2.420E-20 2.397E-20 2.306E-20
 2.194E-20 2.141E-20 2.093E-20 2.134E-20 2.182E-20 2.193E-20 2.169E-20 2.162E-20 2.200E-20 2.217E-20
 2.143E-20 2.035E-20 1.979E-20 1.977E-20 1.999E-20 2.051E-20 2.117E-20 2.133E-20 2.112E-20 2.149E-20
 2.209E-20 2.141E-20 1.969E-20 1.872E-20 1.923E-20 2.016E-20 2.016E-20 1.984E-20 1.973E-20 2.011E-20
 2.052E-20 2.037E-20 2.006E-20 1.994E-20 1.955E-20 1.861E-20 1.775E-20 1.813E-20 1.814E-20 1.757E-20
 1.762E-20 1.860E-20 1.951E-20 2.001E-20 2.017E-20 1.969E-20 1.857E-20 1.747E-20 1.687E-20 1.663E-20
 1.662E-20 1.597E-20 1.532E-20 1.628E-20 1.744E-20 1.780E-20 1.734E-20 1.617E-20 1.459E-20 1.356E-20
 1.409E-20 1.495E-20 1.491E-20 1.483E-20 1.490E-20 1.417E-20 1.336E-20 1.351E-20 1.443E-20 1.495E-20
 1.450E-20 1.378E-20 1.350E-20 1.391E-20 1.353E-20 1.260E-20 1.206E-20 1.147E-20 1.148E-20 1.149E-20
 1.154E-20 1.161E-20 1.164E-20 1.116E-20 1.141E-20 1.218E-20 1.197E-20 1.061E-20 9.269E-21 9.378E-21
 1.030E-20 1.083E-20 1.042E-20 9.926E-21 1.002E-20 9.725E-21 8.414E-21 8.554E-21 8.563E-21 7.892E-21
 7.793E-21 8.309E-21 8.468E-21 8.630E-21 8.315E-21 7.943E-21 8.194E-21 8.457E-21 8.056E-21 8.106E-21
 7.453E-21 6.608E-21 6.225E-21 6.184E-21 6.243E-21 6.076E-21 5.906E-21 5.872E-21 5.857E-21 6.001E-21
 5.939E-21 5.748E-21 6.347E-21 6.502E-21 6.314E-21 6.176E-21 6.523E-21 7.291E-21 7.588E-21 7.026E-21
 6.211E-21 6.466E-21 6.790E-21 7.272E-21 7.596E-21 7.272E-21 6.412E-21 5.063E-21 4.916E-21 5.785E-21
 7.247E-21 8.108E-21 7.856E-21 5.936E-21 5.471E-21 6.350E-21 6.037E-21 6.582E-21 6.588E-21 6.362E-21
 5.421E-21 5.545E-21 6.357E-21 7.048E-21 7.061E-21 6.170E-21 5.047E-21 5.850E-21 7.323E-21 7.417E-21
 6.230E-21 4.940E-21 5.361E-21 5.403E-21 4.768E-21 4.986E-21 5.167E-21 5.308E-21 6.260E-21 6.828E-21
 6.386E-21 6.611E-21 6.090E-21 5.116E-21 5.769E-21 5.953E-21 5.884E-21 5.784E-21 7.059E-21 6.707E-21
 5.859E-21 6.151E-21 7.042E-21 7.361E-21 6.731E-21 5.578E-21 5.322E-21 6.128E-21 6.414E-21 6.059E-21
 5.606E-21 5.126E-21 5.655E-21 7.433E-21 7.791E-21 6.692E-21 5.119E-21 5.041E-21 4.717E-21 5.267E-21
 5.828E-21 6.139E-21 5.740E-21 4.518E-21 5.724E-21 6.010E-21 6.213E-21 7.685E-21 7.229E-21 5.181E-21
 3.144E-21 3.780E-21 4.731E-21 6.122E-21 6.271E-21 5.185E-21 4.044E-21 5.915E-21 6.799E-21 5.914E-21
 5.866E-21 5.978E-21 5.152E-21 4.558E-21 4.813E-21 5.738E-21 5.837E-21 6.006E-21 5.785E-21 5.081E-21
 4.793E-21 5.835E-21 5.968E-21 4.919E-21 4.988E-21 5.656E-21 5.638E-21 4.778E-21 5.089E-21 5.198E-21
 5.007E-21 5.659E-21 5.510E-21 5.026E-21 5.259E-21 5.592E-21 4.753E-21 3.894E-21 4.818E-21 6.212E-21
 6.914E-21 6.331E-21 5.470E-21 5.663E-21 6.068E-21 5.751E-21 5.057E-21 5.324E-21 5.785E-21 5.456E-21
 5.562E-21 5.804E-21 5.976E-21 5.232E-21 5.258E-21 5.609E-21 5.669E-21 6.603E-21 6.670E-21 5.246E-21
 4.785E-21 4.907E-21 4.855E-21 6.502E-21 7.619E-21 7.596E-21 6.398E-21 4.908E-21 5.996E-21 5.551E-21
 5.057E-21 5.886E-21 5.816E-21 4.880E-21 4.574E-21 5.178E-21 5.350E-21 4.895E-21 4.709E-21 4.908E-21
 5.585E-21 6.301E-21 6.210E-21 6.600E-21 6.459E-21 5.522E-21 4.677E-21 4.664E-21 5.810E-21 6.458E-21
 6.662E-21 6.842E-21 7.149E-21 6.113E-21 5.570E-21 4.886E-21 5.000E-21 5.741E-21 5.955E-21 5.596E-21
 4.970E-21 5.287E-21 5.000E-21 4.255E-21 5.287E-21 5.494E-21 5.156E-21 5.453E-21 5.361E-21 5.559E-21
 6.419E-21 5.964E-21 5.641E-21 5.250E-21 5.078E-21 5.184E-21 5.279E-21 5.557E-21 5.804E-21 5.699E-21
 4.552E-21 4.976E-21 5.978E-21 6.208E-21 6.839E-21 7.118E-21 6.456E-21 4.966E-21 5.352E-21 6.365E-21
 7.009E-21 6.377E-21 5.065E-21 4.504E-21 5.023E-21 6.429E-21 7.536E-21 7.508E-21 6.369E-21 4.759E-21
 4.873E-21 6.314E-21 6.717E-21 6.951E-21 6.415E-21 5.904E-21 5.266E-21 5.515E-21 6.688E-21 6.414E-21
 5.717E-21 5.116E-21 5.599E-21 5.936E-21 6.299E-21 6.132E-21 6.164E-21 6.127E-21 5.917E-21 5.695E-21
 5.757E-21 5.704E-21 5.677E-21 5.451E-21 5.360E-21 5.821E-21 6.028E-21 5.909E-21 5.853E-21 6.009E-21
 5.651E-21 5.726E-21 5.967E-21 6.476E-21 7.049E-21 7.623E-21 8.601E-21 8.551E-21 8.161E-21 7.724E-21
 6.982E-21 5.867E-21 5.858E-21 6.596E-21 6.844E-21 6.941E-21 6.991E-21 7.307E-21 7.124E-21 8.364E-21
 9.223E-21 8.723E-21 7.344E-21 7.125E-21 7.660E-21 7.877E-21 7.526E-21 7.464E-21 6.993E-21 6.863E-21
 6.842E-21 6.831E-21 7.368E-21 7.635E-21 7.456E-21 7.266E-21 7.690E-21 8.514E-21 8.763E-21 8.195E-21
 7.427E-21 6.910E-21 7.074E-21 7.795E-21 8.440E-21 8.739E-21 8.449E-21 7.682E-21 7.786E-21 8.195E-21
 8.189E-21 7.875E-21 7.452E-21 7.034E-21 7.906E-21 8.434E-21 7.758E-21 6.911E-21 6.813E-21 6.668E-21
 7.364E-21 8.150E-21 8.700E-21 8.649E-21 8.929E-21 9.338E-21 9.617E-21 1.014E-20 9.636E-21 8.169E-21
 7.196E-21 7.682E-21 8.384E-21 9.364E-21 1.017E-20 9.682E-21 8.672E-21 8.401E-21 8.341E-21 7.906E-21
 7.807E-21 8.549E-21 9.018E-21 9.828E-21 1.039E-20 1.074E-20 1.054E-20 1.003E-20 1.001E-20 1.028E-20
 1.032E-20 1.026E-20 9.953E-21 9.932E-21 9.862E-21 9.731E-21 1.069E-20 1.103E-20 1.094E-20 1.101E-20
 1.134E-20 1.145E-20 1.116E-20 1.073E-20 1.055E-20 1.102E-20 1.179E-20 1.206E-20 1.209E-20 1.257E-20
 1.308E-20 1.280E-20 1.198E-20 1.142E-20 1.151E-20 1.188E-20 1.208E-20 1.245E-20 1.342E-20 1.364E-20
 1.405E-20 1.461E-20 1.498E-20 1.510E-20 1.575E-20 1.673E-20 1.665E-20 1.519E-20 1.383E-20 1.442E-20
 1.444E-20 1.483E-20 1.542E-20 1.584E-20 1.614E-20 1.637E-20 1.660E-20 1.676E-20 1.663E-20 1.635E-20
 1.653E-20 1.741E-20 1.841E-20 1.929E-20 2.009E-20 2.041E-20 2.005E-20 1.977E-20 2.024E-20 2.123E-20
 2.204E-20 2.212E-20 2.167E-20 2.134E-20 2.113E-20 2.133E-20 2.230E-20 2.377E-20 2.483E-20 2.509E-20
 2.482E-20 2.479E-20 2.541E-20 2.603E-20 2.584E-20 2.519E-20 2.486E-20 2.509E-20 2.567E-20 2.628E-20
 2.681E-20 2.738E-20 2.808E-20 2.878E-20 2.919E-20 2.924E-20 2.935E-20 2.982E-20 3.045E-20 3.103E-20
 3.152E-20 3.178E-20 3.210E-20 3.308E-20 3.447E-20 3.527E-20 3.525E-20 3.512E-20 3.527E-20 3.567E-20
 3.648E-20 3.760E-20 3.828E-20 3.835E-20 3.843E-20 3.883E-20 3.966E-20 4.094E-20 4.189E-20 4.192E-20
 4.186E-20 4.229E-20 4.293E-20 4.393E-20 4.533E-20 4.631E-20 4.680E-20 4.768E-20 4.891E-20 4.975E-20
 5.014E-20 5.033E-20 5.040E-20 5.069E-20 5.149E-20 5.256E-20 5.368E-20 5.486E-20 5.595E-20 5.675E-20
 5.734E-20 5.786E-20 5.845E-20 5.933E-20 6.029E-20 6.102E-20 6.173E-20 6.247E-20 6.306E-20 6.387E-20
 6.522E-20 6.662E-20 6.754E-20 6.808E-20 6.872E-20 6.986E-20 7.130E-20 7.238E-20 7.279E-20 7.273E-20
 7.276E-20 7.369E-20 7.554E-20 7.756E-20 7.925E-20 8.042E-20 8.091E-20 8.120E-20 8.200E-20 8.343E-20
 8.506E-20 8.589E-20 8.556E-20 8.546E-20 8.699E-20 8.936E-20 9.122E-20 9.270E-20 9.416E-20 9.501E-20
 9.508E-20 9.520E-20 9.600E-20 9.736E-20 9.880E-20 1.000E-19 1.010E-19 1.021E-19 1.030E-19 1.040E-19
 1.052E-19 1.063E-19 1.070E-19 1.078E-19 1.094E-19 1.114E-19 1.129E-19 1.136E-19 1.140E-19 1.145E-19
 1.154E-19 1.167E-19 1.179E-19 1.188E-19 1.194E-19 1.200E-19 1.207E-19 1.217E-19 1.230E-19 1.244E-19
 1.256E-19 1.267E-19 1.277E-19 1.287E-19 1.296E-19 1.305E-19 1.317E-19 1.332E-19 1.343E-19 1.349E-19
 1.354E-19 1.358E-19 1.365E-19 1.374E-19 1.383E-19 1.391E-19 1.397E-19 1.407E-19 1.417E-19 1.422E-19
 1.427E-19 1.432E-19 1.432E-19 1.431E-19 1.439E-19 1.454E-19 1.470E-19 1.480E-19 1.483E-19 1.483E-19
 1.490E-19 1.502E-19 1.513E-19 1.517E-19 1.515E-19 1.515E-19 1.524E-19 1.537E-19 1.545E-19 1.550E-19
 1.554E-19 1.554E-19 1.551E-19 1.552E-19 1.558E-19 1.565E-19 1.572E-19 1.577E-19 1.576E-19 1.570E-19
 1.569E-19 1.577E-19 1.587E-19 1.593E-19 1.588E-19 1.572E-19 1.563E-19 1.568E-19 1.582E-19 1.592E-19
 1.597E-19 1.599E-19 1.593E-19 1.581E-19 1.575E-19 1.583E-19 1.596E-19 1.606E-19 1.609E-19 1.611E-19
 1.613E-19 1.614E-19 1.615E-19 1.617E-19 1.619E-19 1.619E-19 1.616E-19 1.614E-19 1.616E-19 1.617E-19
 1.612E-19 1.603E-19 1.597E-19 1.598E-19 1.603E-19 1.612E-19 1.622E-19 1.626E-19 1.622E-19 1.613E-19
 1.602E-19 1.598E-19 1.602E-19 1.606E-19 1.603E-19 1.595E-19 1.587E-19 1.581E-19 1.575E-19 1.568E-19
 1.560E-19 1.550E-19 1.537E-19 1.525E-19 1.521E-19 1.520E-19 1.522E-19 1.524E-19 1.522E-19 1.510E-19
 1.497E-19 1.492E-19 1.493E-19 1.487E-19 1.475E-19 1.467E-19 1.461E-19 1.455E-19 1.452E-19 1.449E-19
 1.444E-19 1.432E-19 1.421E-19 1.416E-19 1.415E-19 1.413E-19 1.410E-19 1.404E-19 1.390E-19 1.369E-19
 1.349E-19 1.339E-19 1.340E-19 1.344E-19 1.342E-19 1.329E-19 1.310E-19 1.297E-19 1.289E-19 1.282E-19
 1.276E-19 1.268E-19 1.251E-19 1.235E-19 1.230E-19 1.232E-19 1.230E-19 1.219E-19 1.201E-19 1.181E-19
 1.162E-19 1.147E-19 1.136E-19 1.126E-19 1.115E-19 1.101E-19 1.085E-19 1.074E-19 1.068E-19 1.058E-19
 1.041E-19 1.020E-19 1.004E-19 9.959E-20 9.889E-20 9.797E-20 9.711E-20 9.576E-20 9.378E-20 9.219E-20
 9.114E-20 8.969E-20 8.821E-20 8.773E-20 8.760E-20 8.674E-20 8.512E-20 8.308E-20 8.111E-20 7.983E-20
 7.920E-20 7.855E-20 7.757E-20 7.663E-20 7.613E-20 7.582E-20 7.522E-20 7.431E-20 7.313E-20 7.123E-20
 6.870E-20 6.674E-20 6.589E-20 6.538E-20 6.453E-20 6.331E-20 6.162E-20 5.961E-20 5.790E-20 5.664E-20
 5.539E-20 5.401E-20 5.241E-20 5.065E-20 4.945E-20 4.915E-20 4.908E-20 4.858E-20 4.739E-20 4.566E-20
 4.406E-20 4.295E-20 4.179E-20 4.025E-20 3.887E-20 3.792E-20 3.700E-20 3.585E-20 3.490E-20 3.429E-20
 3.319E-20 3.134E-20 2.993E-20 2.946E-20 2.862E-20 2.677E-20 2.506E-20 2.436E-20 2.405E-20 2.320E-20
 2.208E-20 2.177E-20 2.223E-20 2.204E-20 2.076E-20 1.947E-20 1.883E-20 1.836E-20 1.760E-20 1.662E-20
 1.549E-20 1.434E-20 1.360E-20 1.352E-20 1.393E-20 1.438E-20 1.423E-20 1.302E-20 1.142E-20 1.050E-20
 1.040E-20 1.064E-20 1.083E-20 1.079E-20 1.055E-20 1.012E-20 9.408E-21 8.837E-21 8.806E-21 8.846E-21
 8.465E-21 8.001E-21 7.703E-21 7.344E-21 6.890E-21 6.634E-21 6.536E-21 6.785E-21 7.344E-21 7.785E-21
 7.397E-21 6.142E-21 5.627E-21 5.542E-21 5.751E-21 6.242E-21 6.580E-21 6.519E-21 6.548E-21 6.653E-21
 6.464E-21 5.713E-21 4.918E-21 4.534E-21 5.327E-21 5.874E-21 6.010E-21 5.934E-21 5.710E-21 5.019E-21
 4.297E-21 3.722E-21 4.119E-21 4.339E-21 4.865E-21 4.746E-21 4.955E-21 5.284E-21 5.089E-21 4.216E-21
 3.235E-21 3.215E-21 3.118E-21 3.758E-21 4.179E-21 4.242E-21 4.230E-21 4.542E-21 4.560E-21 4.463E-21
 4.613E-21 4.845E-21 4.770E-21 4.220E-21 3.105E-21 2.578E-21 2.770E-21 2.646E-21 2.828E-21 2.595E-21
 2.355E-21 3.108E-21 3.662E-21 4.020E-21 4.015E-21 3.541E-21 3.159E-21 2.574E-21 2.246E-21 2.195E-21
 2.736E-21 2.897E-21 2.495E-21 2.241E-21 2.161E-21 1.887E-21 2.563E-21 3.141E-21 2.936E-21 2.814E-21
 2.617E-21 3.209E-21 3.954E-21 4.385E-21 4.221E-21 3.742E-21 2.527E-21 3.308E-21 3.386E-21 2.983E-21
 3.202E-21 2.963E-21 2.578E-21 2.461E-21 2.643E-21 2.970E-21 3.371E-21 4.100E-21 4.275E-21 3.813E-21
 3.412E-21 2.891E-21 2.502E-21 2.960E-21 3.607E-21 3.141E-21 2.319E-21 2.424E-21 3.006E-21 3.363E-21
 3.827E-21 3.748E-21 3.538E-21 2.933E-21 2.882E-21 3.006E-21 2.749E-21 3.448E-21 3.512E-21 2.461E-21
 2.747E-21 3.367E-21 3.356E-21 3.257E-21 3.254E-21 3.368E-21 3.136E-21 2.876E-21 2.925E-21 3.280E-21
 3.936E-21 4.491E-21 3.463E-21 2.824E-21 3.489E-21 3.319E-21 3.627E-21 4.396E-21 4.605E-21 4.161E-21
 3.477E-21 3.150E-21 3.414E-21 4.097E-21 4.459E-21 4.465E-21 4.323E-21 4.151E-21 4.140E-21 4.362E-21
 4.661E-21 5.207E-21 4.474E-21 3.435E-21 3.507E-21 4.132E-21 3.882E-21 4.946E-21 5.618E-21 5.429E-21
 4.395E-21 4.270E-21 4.288E-21 4.855E-21 5.702E-21 6.127E-21 5.525E-21 4.960E-21 5.012E-21 4.975E-21
 5.463E-21 5.731E-21 5.350E-21 4.529E-21 4.053E-21 4.747E-21 5.266E-21 5.700E-21 5.545E-21 4.956E-21
 4.727E-21 5.724E-21 5.836E-21 6.183E-21 6.324E-21 5.469E-21 4.831E-21 4.671E-21 5.403E-21 6.376E-21
 6.922E-21 7.408E-21 7.213E-21 6.290E-21 6.501E-21 6.819E-21 6.966E-21 7.393E-21 7.726E-21 7.611E-21
 8.483E-21 9.492E-21 8.012E-21 7.491E-21 7.555E-21 7.970E-21 7.555E-21 6.856E-21 7.400E-21 8.438E-21
 8.857E-21 8.397E-21 8.016E-21 8.346E-21 8.935E-21 9.204E-21 9.224E-21 9.133E-21 8.933E-21 8.702E-21
 7.982E-21 8.291E-21 8.510E-21 9.130E-21 9.319E-21 9.319E-21 9.508E-21 9.918E-21 1.042E-20 1.088E-20
 1.136E-20 1.165E-20 1.123E-20 1.074E-20 1.129E-20 1.214E-20 1.242E-20 1.198E-20 1.125E-20 1.068E-20
 1.100E-20 1.227E-20 1.346E-20 1.409E-20 1.421E-20 1.360E-20 1.270E-20 1.258E-20 1.335E-20 1.436E-20
 1.512E-20 1.523E-20 1.458E-20 1.382E-20 1.345E-20 1.354E-20 1.431E-20 1.439E-20 1.494E-20 1.553E-20
 1.588E-20 1.580E-20 1.587E-20 1.633E-20 1.664E-20 1.672E-20 1.699E-20 1.756E-20 1.846E-20 1.955E-20
 2.028E-20 2.040E-20 2.030E-20 2.027E-20 2.032E-20 2.075E-20 2.159E-20 2.223E-20 2.226E-20 2.211E-20
 2.215E-20 2.223E-20 2.264E-20 2.394E-20 2.537E-20 2.562E-20 2.507E-20 2.488E-20 2.504E-20 2.526E-20
 2.581E-20 2.663E-20 2.733E-20 2.787E-20 2.831E-20 2.868E-20 2.923E-20 3.019E-20 3.112E-20 3.140E-20
 3.136E-20 3.194E-20 3.309E-20 3.400E-20 3.432E-20 3.418E-20 3.406E-20 3.460E-20 3.585E-20 3.714E-20
 3.780E-20 3.767E-20 3.744E-20 3.793E-20 3.898E-20 4.015E-20 4.146E-20 4.265E-20 4.337E-20 4.387E-20
 4.451E-20 4.549E-20 4.691E-20 4.814E-20 4.851E-20 4.846E-20 4.876E-20 4.953E-20 5.074E-20 5.223E-20
 5.369E-20 5.499E-20 5.604E-20 5.675E-20 5.734E-20 5.832E-20 5.967E-20 6.075E-20 6.120E-20 6.165E-20
 6.268E-20 6.404E-20 6.545E-20 6.676E-20 6.767E-20 6.816E-20 6.862E-20 6.945E-20 7.089E-20 7.272E-20
 7.421E-20 7.496E-20 7.527E-20 7.568E-20 7.656E-20 7.764E-20 7.835E-20 7.888E-20 7.986E-20 8.114E-20
 8.230E-20 8.340E-20 8.433E-20 8.476E-20 8.500E-20 8.568E-20 8.671E-20 8.767E-20 8.841E-20 8.883E-20
 8.912E-20 8.978E-20 9.071E-20 9.135E-20 9.180E-20 9.243E-20 9.313E-20 9.382E-20 9.453E-20 9.496E-20
 9.496E-20 9.494E-20 9.535E-20 9.602E-20 9.629E-20 9.614E-20 9.616E-20 9.623E-20 9.636E-20 9.735E-20
 9.882E-20 9.941E-20 9.891E-20 9.831E-20 9.776E-20 9.765E-20 9.811E-20 9.851E-20 9.831E-20 9.758E-20
 9.693E-20 9.692E-20 9.750E-20 9.791E-20 9.801E-20 9.791E-20 9.757E-20 9.731E-20 9.731E-20 9.740E-20
 9.738E-20 9.747E-20 9.780E-20 9.810E-20 9.820E-20 9.820E-20 9.860E-20 9.900E-20 9.900E-20 9.890E-20
 9.910E-20 9.950E-20 1.001E-19 1.013E-19 1.026E-19 1.035E-19 1.042E-19 1.052E-19 1.062E-19 1.073E-19
 1.088E-19 1.101E-19 1.106E-19 1.103E-19 1.100E-19 1.102E-19 1.104E-19 1.102E-19 1.099E-19 1.102E-19
 1.107E-19 1.106E-19 1.101E-19 1.092E-19 1.077E-19 1.057E-19 1.040E-19 1.028E-19 1.016E-19 1.004E-19
 9.968E-20 9.958E-20 9.928E-20 9.858E-20 9.828E-20 9.818E-20 9.762E-20 9.698E-20 9.666E-20 9.664E-20
 9.668E-20 9.662E-20 9.655E-20 9.653E-20 9.634E-20 9.628E-20 9.672E-20 9.745E-20 9.807E-20 9.837E-20
 9.847E-20 9.877E-20 9.927E-20 9.927E-20 9.897E-20 9.907E-20 9.917E-20 9.937E-20 9.977E-20 9.997E-20
 1.001E-19 1.003E-19 1.003E-19 9.996E-20 9.966E-20 9.986E-20 1.003E-19 1.006E-19 1.005E-19 1.001E-19
 9.926E-20 9.846E-20 9.836E-20 9.856E-20 9.846E-20 9.764E-20 9.676E-20 9.622E-20 9.603E-20 9.596E-20
 9.575E-20 9.515E-20 9.413E-20 9.297E-20 9.195E-20 9.101E-20 9.013E-20 8.932E-20 8.835E-20 8.721E-20
 8.609E-20 8.504E-20 8.436E-20 8.415E-20 8.354E-20 8.212E-20 8.072E-20 7.940E-20 7.763E-20 7.593E-20
 7.474E-20 7.346E-20 7.198E-20 7.091E-20 7.033E-20 6.982E-20 6.915E-20 6.817E-20 6.681E-20 6.512E-20
 6.330E-20 6.160E-20 6.005E-20 5.857E-20 5.717E-20 5.569E-20 5.405E-20 5.249E-20 5.134E-20 5.084E-20
 5.087E-20 5.048E-20 4.907E-20 4.736E-20 4.592E-20 4.458E-20 4.352E-20 4.285E-20 4.193E-20 4.063E-20
 3.947E-20 3.851E-20 3.746E-20 3.638E-20 3.522E-20 3.402E-20 3.294E-20 3.209E-20 3.159E-20 3.147E-20
 3.116E-20 3.019E-20 2.899E-20 2.836E-20 2.828E-20 2.794E-20 2.712E-20 2.642E-20 2.593E-20 2.509E-20
 2.399E-20 2.339E-20 2.329E-20 2.302E-20 2.240E-20 2.170E-20 2.098E-20 2.017E-20 1.958E-20 1.941E-20
 1.924E-20 1.871E-20 1.824E-20 1.818E-20 1.817E-20 1.789E-20 1.752E-20 1.710E-20 1.659E-20 1.605E-20
 1.555E-20 1.521E-20 1.516E-20 1.546E-20 1.583E-20 1.570E-20 1.485E-20 1.411E-20 1.425E-20 1.481E-20
 1.496E-20 1.467E-20 1.429E-20 1.384E-20 1.310E-20 1.240E-20 1.224E-20 1.292E-20 1.345E-20 1.340E-20
 1.325E-20 1.329E-20 1.328E-20 1.305E-20 1.274E-20 1.249E-20 1.204E-20 1.133E-20 1.108E-20 1.168E-20
 1.240E-20 1.251E-20 1.209E-20 1.163E-20 1.151E-20 1.168E-20 1.177E-20 1.153E-20 1.101E-20 1.028E-20
 9.901E-21 9.691E-21 9.810E-21 1.068E-20 1.176E-20 1.208E-20 1.157E-20 1.063E-20 9.586E-21 9.236E-21
 9.975E-21 1.114E-20 1.171E-20 1.135E-20 1.063E-20 1.023E-20 1.024E-20 1.035E-20 1.014E-20 9.470E-21
 8.820E-21 8.669E-21 8.819E-21 9.208E-21 9.708E-21 9.447E-21 8.386E-21 8.286E-21 8.945E-21 9.615E-21
 1.038E-20 1.019E-20 9.133E-21 8.792E-21 8.232E-21 8.881E-21 9.341E-21 1.002E-20 1.007E-20 9.649E-21
 9.199E-21 9.268E-21 9.767E-21 1.016E-20 1.029E-20 1.009E-20 9.365E-21 8.495E-21 8.264E-21 8.543E-21
 8.913E-21 8.672E-21 8.152E-21 8.511E-21 9.611E-21 1.036E-20 1.035E-20 1.002E-20 9.778E-21 9.418E-21
 8.957E-21 9.047E-21 9.556E-21 9.546E-21 9.215E-21 9.144E-21 8.924E-21 8.453E-21 8.163E-21 8.562E-21
 8.652E-21 9.181E-21 9.601E-21 9.400E-21 9.279E-21 9.289E-21 8.578E-21 8.508E-21 8.417E-21 8.187E-21
 7.896E-21 8.385E-21 9.015E-21 1.012E-20 1.031E-20 9.993E-21 9.773E-21 9.582E-21 9.652E-21 1.019E-20
 1.044E-20 9.780E-21 8.759E-21 8.119E-21 8.188E-21 8.808E-21 9.237E-21 9.376E-21 9.136E-21 8.145E-21
 8.175E-21 9.284E-21 1.023E-20 1.031E-20 9.443E-21 8.202E-21 8.231E-21 8.341E-21 8.510E-21 9.430E-21
 1.048E-20 1.042E-20 9.778E-21 8.587E-21 8.017E-21 8.386E-21 9.266E-21 9.895E-21 9.485E-21 9.474E-21
 8.774E-21 7.973E-21 7.902E-21 8.832E-21 9.681E-21 1.006E-20 1.006E-20 9.940E-21 9.649E-21 9.078E-21
 9.588E-21 9.927E-21 9.767E-21 8.716E-21 7.676E-21 8.375E-21 8.895E-21 9.004E-21 8.503E-21 8.163E-21
 8.372E-21 9.082E-21 9.831E-21 9.951E-21 1.001E-20 1.003E-20 9.799E-21 9.988E-21 9.948E-21 1.007E-20
 1.002E-20 9.886E-21 9.435E-21 9.165E-21 8.814E-21 8.814E-21 9.573E-21 1.060E-20 1.028E-20 9.242E-21
 9.751E-21 1.075E-20 1.116E-20 1.062E-20 9.959E-21 9.568E-21 9.168E-21 8.847E-21 8.657E-21 8.516E-21
 8.265E-21 8.785E-21 9.514E-21 9.474E-21 8.513E-21 8.403E-21 8.622E-21 9.872E-21 1.051E-20 1.078E-20
 1.054E-20 9.799E-21 9.589E-21 9.558E-21 9.778E-21 9.817E-21 9.506E-21 9.256E-21 9.575E-21 1.032E-20
 1.075E-20 1.034E-20 9.613E-21 9.562E-21 1.011E-20 1.095E-20 1.134E-20 1.109E-20 1.042E-20 9.849E-21
 9.959E-21 1.075E-20 1.160E-20 1.199E-20 1.188E-20 1.155E-20 1.098E-20 1.085E-20 1.114E-20 1.173E-20
 1.228E-20 1.248E-20 1.243E-20 1.210E-20 1.137E-20 1.078E-20 1.088E-20 1.109E-20 1.111E-20 1.087E-20
 1.059E-20 1.064E-20 1.115E-20 1.181E-20 1.249E-20 1.308E-20 1.342E-20 1.378E-20 1.415E-20 1.380E-20
 1.287E-20 1.259E-20 1.326E-20 1.391E-20 1.400E-20 1.386E-20 1.383E-20 1.378E-20 1.346E-20 1.306E-20
 1.321E-20 1.302E-20 1.281E-20 1.302E-20 1.371E-20 1.457E-20 1.514E-20 1.519E-20 1.487E-20 1.460E-20
 1.473E-20 1.527E-20 1.574E-20 1.563E-20 1.538E-20 1.588E-20 1.671E-20 1.652E-20 1.547E-20 1.504E-20
 1.552E-20 1.618E-20 1.684E-20 1.751E-20 1.788E-20 1.741E-20 1.699E-20 1.703E-20 1.744E-20 1.778E-20
 1.793E-20 1.824E-20 1.874E-20 1.907E-20 1.896E-20 1.852E-20 1.822E-20 1.825E-20 1.838E-20 1.875E-20
 1.921E-20 1.905E-20 1.855E-20 1.886E-20 1.971E-20 2.020E-20 2.062E-20 2.127E-20 2.169E-20 2.190E-20
 2.226E-20 2.284E-20 2.359E-20 2.418E-20 2.421E-20 2.383E-20 2.338E-20 2.303E-20 2.293E-20 2.305E-20
 2.388E-20 2.381E-20 2.425E-20 2.434E-20 2.403E-20 2.408E-20 2.482E-20 2.570E-20 2.599E-20 2.578E-20
 2.619E-20 2.753E-20 2.850E-20 2.855E-20 2.852E-20 2.868E-20 2.872E-20 2.901E-20 2.976E-20 3.048E-20
 3.094E-20 3.114E-20 3.103E-20 3.069E-20 3.019E-20 2.981E-20 3.033E-20 3.185E-20 3.315E-20 3.321E-20
 3.248E-20 3.236E-20 3.310E-20 3.334E-20 3.272E-20 3.229E-20 3.224E-20 3.237E-20 3.338E-20 3.486E-20
 3.534E-20 3.500E-20 3.481E-20 3.477E-20 3.495E-20 3.565E-20 3.628E-20 3.626E-20 3.596E-20 3.570E-20
 3.564E-20 3.624E-20 3.784E-20 3.963E-20 4.036E-20 3.995E-20 3.929E-20 3.880E-20 3.857E-20 3.908E-20
 4.021E-20 4.089E-20 4.059E-20 3.989E-20 3.971E-20 4.037E-20 4.171E-20 4.326E-20 4.434E-20 4.463E-20
 4.462E-20 4.457E-20 4.426E-20 4.411E-20 4.493E-20 4.644E-20 4.767E-20 4.809E-20 4.810E-20 4.850E-20
 4.936E-20 4.988E-20 4.969E-20 4.902E-20 4.811E-20 4.765E-20 4.829E-20 4.948E-20 5.020E-20 5.016E-20
 4.964E-20 4.914E-20 4.919E-20 4.976E-20 5.020E-20 5.022E-20 5.021E-20 5.044E-20 5.072E-20 5.097E-20
 5.137E-20 5.194E-20 5.246E-20 5.277E-20 5.291E-20 5.317E-20 5.359E-20 5.383E-20 5.373E-20 5.358E-20
 5.379E-20 5.429E-20 5.466E-20 5.470E-20 5.473E-20 5.502E-20 5.521E-20 5.491E-20 5.441E-20 5.451E-20
 5.564E-20 5.722E-20 5.810E-20 5.804E-20 5.781E-20 5.788E-20 5.803E-20 5.826E-20 5.881E-20 5.933E-20
 5.920E-20 5.860E-20 5.840E-20 5.878E-20 5.922E-20 5.932E-20 5.900E-20 5.856E-20 5.859E-20 5.915E-20
 5.962E-20 5.966E-20 5.938E-20 5.905E-20 5.922E-20 5.991E-20 6.046E-20 6.065E-20 6.056E-20 6.011E-20
 5.956E-20 5.944E-20 5.977E-20 6.069E-20 6.209E-20 6.283E-20 6.230E-20 6.156E-20 6.148E-20 6.179E-20
 6.209E-20 6.240E-20 6.275E-20 6.289E-20 6.256E-20 6.208E-20 6.199E-20 6.214E-20 6.234E-20 6.261E-20
 6.247E-20 6.175E-20 6.150E-20 6.227E-20 6.314E-20 6.332E-20 6.284E-20 6.196E-20 6.133E-20 6.138E-20
 6.150E-20 6.122E-20 6.077E-20 6.026E-20 5.994E-20 6.020E-20 6.072E-20 6.094E-20 6.112E-20 6.142E-20
 6.142E-20 6.101E-20 6.056E-20 6.043E-20 6.081E-20 6.120E-20 6.098E-20 6.043E-20 6.030E-20 6.082E-20
 6.147E-20 6.138E-20 6.029E-20 5.879E-20 5.748E-20 5.701E-20 5.773E-20 5.872E-20 5.893E-20 5.881E-20
 5.900E-20 5.930E-20 5.954E-20 5.982E-20 6.009E-20 5.984E-20 5.841E-20 5.665E-20 5.631E-20 5.706E-20
 5.737E-20 5.712E-20 5.684E-20 5.655E-20 5.626E-20 5.613E-20 5.626E-20 5.644E-20 5.617E-20 5.533E-20
 5.457E-20 5.425E-20 5.446E-20 5.523E-20 5.576E-20 5.530E-20 5.430E-20 5.334E-20 5.280E-20 5.322E-20
 5.407E-20 5.403E-20 5.331E-20 5.291E-20 5.260E-20 5.207E-20 5.194E-20 5.224E-20 5.203E-20 5.081E-20
 4.943E-20 4.915E-20 5.020E-20 5.148E-20 5.185E-20 5.109E-20 4.976E-20 4.882E-20 4.872E-20 4.901E-20
 4.912E-20 4.886E-20 4.835E-20 4.791E-20 4.775E-20 4.769E-20 4.738E-20 4.661E-20 4.538E-20 4.417E-20
 4.365E-20 4.407E-20 4.499E-20 4.575E-20 4.598E-20 4.560E-20 4.461E-20 4.343E-20 4.283E-20 4.295E-20
 4.327E-20 4.346E-20 4.305E-20 4.184E-20 4.054E-20 3.991E-20 3.967E-20 3.942E-20 3.943E-20 3.994E-20
 4.030E-20 3.962E-20 3.830E-20 3.763E-20 3.802E-20 3.877E-20 3.893E-20 3.795E-20 3.653E-20 3.601E-20
 3.654E-20 3.714E-20 3.698E-20 3.596E-20 3.504E-20 3.521E-20 3.603E-20 3.630E-20 3.553E-20 3.404E-20
 3.274E-20 3.229E-20 3.216E-20 3.202E-20 3.247E-20 3.306E-20 3.268E-20 3.169E-20 3.111E-20 3.094E-20
 3.067E-20 3.015E-20 2.942E-20 2.873E-20 2.850E-20 2.864E-20 2.870E-20 2.872E-20 2.887E-20 2.880E-20
 2.846E-20 2.835E-20 2.861E-20 2.888E-20 2.869E-20 2.781E-20 2.675E-20 2.621E-20 2.557E-20 2.440E-20
 2.377E-20 2.422E-20 2.490E-20 2.500E-20 2.443E-20 2.369E-20 2.351E-20 2.379E-20 2.365E-20 2.302E-20
 2.252E-20 2.227E-20 2.203E-20 2.173E-20 2.144E-20 2.114E-20 2.089E-20 2.089E-20 2.106E-20 2.121E-20
 2.141E-20 2.166E-20 2.178E-20 2.182E-20 2.175E-20 2.130E-20 2.065E-20 2.025E-20 1.997E-20 1.965E-20
 1.948E-20 1.940E-20 1.891E-20 1.782E-20 1.678E-20 1.647E-20 1.668E-20 1.695E-20 1.722E-20 1.719E-20
 1.667E-20 1.636E-20 1.670E-20 1.712E-20 1.707E-20 1.668E-20 1.649E-20 1.671E-20 1.678E-20 1.609E-20
 1.532E-20 1.522E-20 1.553E-20 1.581E-20 1.581E-20 1.526E-20 1.452E-20 1.439E-20 1.487E-20 1.528E-20
 1.517E-20 1.438E-20 1.316E-20 1.229E-20 1.211E-20 1.276E-20 1.378E-20 1.481E-20 1.545E-20 1.531E-20
 1.466E-20 1.425E-20 1.411E-20 1.368E-20 1.300E-20 1.266E-20 1.255E-20 1.263E-20 1.274E-20 1.295E-20
 1.315E-20 1.319E-20 1.312E-20 1.300E-20 1.287E-20 1.272E-20 1.268E-20 1.282E-20 1.281E-20 1.223E-20
 1.144E-20 1.126E-20 1.175E-20 1.245E-20 1.317E-20 1.341E-20 1.282E-20 1.234E-20 1.266E-20 1.289E-20
 1.243E-20 1.179E-20 1.121E-20 1.111E-20 1.216E-20 1.328E-20 1.289E-20 1.176E-20 1.229E-20 1.236E-20
 1.201E-20 1.163E-20 1.166E-20 1.100E-20 1.074E-20 1.152E-20 1.259E-20 1.324E-20 1.307E-20 1.204E-20
 1.118E-20 1.165E-20 1.262E-20 1.268E-20 1.239E-20 1.212E-20 1.223E-20 1.265E-20 1.288E-20 1.272E-20
 1.279E-20 1.332E-20 1.362E-20 1.315E-20 1.225E-20 1.142E-20 1.101E-20 1.113E-20 1.134E-20 1.117E-20
 1.098E-20 1.132E-20 1.169E-20 1.146E-20 1.111E-20 1.118E-20 1.130E-20 1.124E-20 1.124E-20 1.139E-20
 1.175E-20 1.255E-20 1.330E-20 1.313E-20 1.218E-20 1.125E-20 1.070E-20 1.071E-20 1.134E-20 1.198E-20
 1.208E-20 1.186E-20 1.176E-20 1.197E-20 1.225E-20 1.184E-20 1.057E-20 9.797E-21 1.011E-20 1.068E-20
 1.114E-20 1.179E-20 1.251E-20 1.214E-20 1.097E-20 1.039E-20 1.128E-20 1.274E-20 1.362E-20 1.387E-20
 1.341E-20 1.204E-20 1.078E-20 1.078E-20 1.161E-20 1.228E-20 1.251E-20 1.235E-20 1.188E-20 1.146E-20
 1.132E-20 1.123E-20 1.102E-20 1.098E-20 1.162E-20 1.277E-20 1.352E-20 1.349E-20 1.333E-20 1.333E-20
 1.296E-20 1.220E-20 1.163E-20 1.153E-20 1.185E-20 1.216E-20 1.173E-20 1.044E-20 9.324E-21 9.274E-21
 1.035E-20 1.193E-20 1.312E-20 1.324E-20 1.253E-20 1.207E-20 1.240E-20 1.283E-20 1.281E-20 1.284E-20
 1.303E-20 1.278E-20 1.230E-20 1.227E-20 1.255E-20 1.249E-20 1.199E-20 1.133E-20 1.077E-20 1.042E-20
 1.036E-20 1.076E-20 1.146E-20 1.197E-20 1.193E-20 1.119E-20 1.045E-20 1.075E-20 1.158E-20 1.148E-20
 1.076E-20 1.068E-20 1.112E-20 1.138E-20 1.153E-20 1.179E-20 1.197E-20 1.187E-20 1.156E-20 1.108E-20
 1.037E-20 9.800E-21 1.083E-20 1.115E-20 1.109E-20 1.078E-20 1.002E-20 1.006E-20 1.078E-20 1.083E-20
 9.945E-21 9.054E-21 8.684E-21 8.943E-21 9.963E-21 1.084E-20 1.088E-20 1.035E-20 9.810E-21 9.730E-21
 1.010E-20 1.041E-20 1.078E-20 1.154E-20 1.200E-20 1.159E-20 1.101E-20 1.099E-20 1.144E-20 1.171E-20
 1.101E-20 9.683E-21 8.973E-21 9.092E-21 9.261E-21 9.231E-21 9.360E-21 9.590E-21 9.469E-21 9.019E-21
 8.938E-21 9.508E-21 1.016E-20 1.045E-20 1.045E-20 1.029E-20 1.004E-20 9.624E-21 9.154E-21 9.073E-21
 9.162E-21 8.922E-21 9.361E-21 9.931E-21 9.530E-21 9.080E-21 9.289E-21 9.629E-21 9.258E-21 8.837E-21
 8.967E-21 9.336E-21 9.626E-21 9.505E-21 8.775E-21 7.984E-21 7.773E-21 8.113E-21 8.722E-21 8.772E-21
 8.041E-21 7.611E-21 7.780E-21 8.130E-21 8.529E-21 8.888E-21 8.608E-21 7.627E-21 6.696E-21 7.476E-21
 7.976E-21 7.215E-21 8.224E-21 9.084E-21 8.913E-21 8.123E-21 7.872E-21 8.422E-21 9.001E-21 8.961E-21
 8.360E-21 7.819E-21 7.919E-21 7.768E-21 7.448E-21 7.377E-21 7.687E-21 7.306E-21 6.051E-21 5.598E-21
 6.146E-21 7.564E-21 8.773E-21 9.443E-21 9.962E-21 9.831E-21 9.561E-21 1.000E-20 1.045E-20 9.969E-21
 9.209E-21 8.708E-21 7.858E-21 7.117E-21 8.006E-21 7.746E-21 7.575E-21 6.902E-21 6.125E-21 6.349E-21
 7.333E-21 7.522E-21 8.102E-21 8.381E-21 8.331E-21 7.230E-21 5.971E-21 6.400E-21 7.769E-21 8.538E-21
 8.217E-21 7.407E-21 6.772E-21 7.246E-21 8.355E-21 9.265E-21 9.634E-21 8.913E-21 7.243E-21 6.835E-21
 7.044E-21 6.991E-21 7.851E-21 8.700E-21 8.590E-21 7.729E-21 7.458E-21 7.818E-21 7.937E-21 7.907E-21
 7.596E-21 7.716E-21 8.265E-21 8.745E-21 9.094E-21 9.413E-21 9.103E-21 8.532E-21 8.412E-21 8.971E-21
 9.681E-21 1.004E-20 1.011E-20 9.919E-21 9.308E-21 8.718E-21 8.807E-21 9.217E-21 9.446E-21 9.486E-21
 9.695E-21 9.504E-21 9.174E-21 9.543E-21 1.010E-20 1.065E-20 1.121E-20 1.151E-20 1.127E-20 1.069E-20
 1.037E-20 1.046E-20 1.054E-20 1.049E-20 1.057E-20 1.066E-20 1.058E-20 1.042E-20 1.044E-20 1.085E-20
 1.120E-20 1.081E-20 1.023E-20 1.067E-20 1.111E-20 1.109E-20 1.113E-20 1.157E-20 1.231E-20 1.294E-20
 1.284E-20 1.193E-20 1.102E-20 1.094E-20 1.180E-20 1.285E-20 1.302E-20 1.238E-20 1.186E-20 1.167E-20
 1.130E-20 1.084E-20 1.074E-20 1.114E-20 1.190E-20 1.262E-20 1.292E-20 1.293E-20 1.307E-20 1.330E-20
 1.340E-20 1.356E-20 1.404E-20 1.443E-20 1.427E-20 1.400E-20 1.414E-20 1.447E-20 1.459E-20 1.451E-20
 1.431E-20 1.411E-20 1.413E-20 1.446E-20 1.488E-20 1.495E-20 1.455E-20 1.427E-20 1.473E-20 1.565E-20
 1.626E-20 1.623E-20 1.590E-20 1.564E-20 1.538E-20 1.495E-20 1.478E-20 1.530E-20 1.620E-20 1.698E-20
 1.723E-20 1.675E-20 1.612E-20 1.588E-20 1.576E-20 1.579E-20 1.640E-20 1.698E-20 1.677E-20 1.617E-20
 1.590E-20 1.604E-20 1.633E-20 1.643E-20 1.660E-20 1.733E-20 1.812E-20 1.821E-20 1.785E-20 1.762E-20
 1.762E-20 1.758E-20 1.743E-20 1.776E-20 1.879E-20 1.977E-20 2.028E-20 2.081E-20 2.103E-20 2.038E-20
 1.974E-20 1.983E-20 2.014E-20 2.031E-20 2.044E-20 2.070E-20 2.123E-20 2.185E-20 2.237E-20 2.282E-20
 2.294E-20 2.274E-20 2.293E-20 2.333E-20 2.315E-20 2.286E-20 2.330E-20 2.391E-20 2.394E-20 2.373E-20
 2.414E-20 2.523E-20 2.575E-20 2.508E-20 2.450E-20 2.483E-20 2.529E-20 2.566E-20 2.641E-20 2.724E-20
 2.769E-20 2.777E-20 2.766E-20 2.785E-20 2.834E-20 2.845E-20 2.831E-20 2.862E-20 2.920E-20 2.950E-20
 2.952E-20 2.946E-20 2.956E-20 2.994E-20 3.060E-20 3.174E-20 3.303E-20 3.341E-20 3.271E-20 3.201E-20
 3.209E-20 3.307E-20 3.445E-20 3.533E-20 3.545E-20 3.534E-20 3.538E-20 3.567E-20 3.632E-20 3.705E-20
 3.731E-20 3.710E-20 3.701E-20 3.751E-20 3.823E-20 3.829E-20 3.766E-20 3.744E-20 3.844E-20 4.016E-20
 4.149E-20 4.212E-20 4.252E-20 4.309E-20 4.341E-20 4.316E-20 4.305E-20 4.379E-20 4.498E-20 4.577E-20
 4.605E-20 4.617E-20 4.628E-20 4.635E-20 4.659E-20 4.734E-20 4.829E-20 4.856E-20 4.820E-20 4.824E-20
 4.908E-20 5.033E-20 5.157E-20 5.247E-20 5.297E-20 5.350E-20 5.436E-20 5.523E-20 5.567E-20 5.566E-20
 5.578E-20 5.656E-20 5.771E-20 5.854E-20 5.884E-20 5.894E-20 5.921E-20 5.987E-20 6.097E-20 6.217E-20
 6.288E-20 6.311E-20 6.358E-20 6.444E-20 6.515E-20 6.564E-20 6.632E-20 6.712E-20 6.778E-20 6.835E-20
 6.901E-20 6.991E-20 7.089E-20 7.161E-20 7.199E-20 7.245E-20 7.325E-20 7.424E-20 7.515E-20 7.589E-20
 7.670E-20 7.784E-20 7.921E-20 8.060E-20 8.156E-20 8.180E-20 8.193E-20 8.270E-20 8.393E-20 8.510E-20
 8.608E-20 8.661E-20 8.681E-20 8.741E-20 8.858E-20 8.980E-20 9.067E-20 9.109E-20 9.154E-20 9.238E-20
 9.318E-20 9.404E-20 9.558E-20 9.704E-20 9.754E-20 9.754E-20 9.784E-20 9.814E-20 9.893E-20 1.008E-19
 1.027E-19 1.036E-19 1.041E-19 1.052E-19 1.069E-19 1.083E-19 1.091E-19 1.091E-19 1.090E-19 1.095E-19
 1.110E-19 1.125E-19 1.138E-19 1.150E-19 1.163E-19 1.171E-19 1.177E-19 1.182E-19 1.195E-19 1.214E-19
 1.227E-19 1.231E-19 1.233E-19 1.238E-19 1.251E-19 1.269E-19 1.290E-19 1.309E-19 1.323E-19 1.334E-19
 1.348E-19 1.359E-19 1.367E-19 1.378E-19 1.393E-19 1.403E-19 1.411E-19 1.430E-19 1.455E-19 1.475E-19
 1.483E-19 1.482E-19 1.485E-19 1.498E-19 1.513E-19 1.523E-19 1.535E-19 1.550E-19 1.561E-19 1.568E-19
 1.582E-19 1.604E-19 1.629E-19 1.651E-19 1.666E-19 1.673E-19 1.683E-19 1.698E-19 1.713E-19 1.723E-19
 1.736E-19 1.755E-19 1.778E-19 1.801E-19 1.822E-19 1.841E-19 1.856E-19 1.866E-19 1.876E-19 1.891E-19
 1.910E-19 1.937E-19 1.971E-19 2.001E-19 2.020E-19 2.034E-19 2.053E-19 2.078E-19 2.109E-19 2.136E-19
 2.153E-19 2.167E-19 2.189E-19 2.220E-19 2.255E-19 2.287E-19 2.313E-19 2.337E-19 2.357E-19 2.378E-19
 2.406E-19 2.439E-19 2.471E-19 2.505E-19 2.538E-19 2.564E-19 2.585E-19 2.610E-19 2.647E-19 2.688E-19
 2.724E-19 2.755E-19 2.786E-19 2.822E-19 2.866E-19 2.914E-19 2.957E-19 2.994E-19 3.029E-19 3.069E-19
 3.117E-19 3.173E-19 3.229E-19 3.276E-19 3.317E-19 3.356E-19 3.397E-19 3.442E-19 3.496E-19 3.556E-19
 3.614E-19 3.668E-19 3.720E-19 3.771E-19 3.822E-19 3.880E-19 3.947E-19 4.015E-19 4.078E-19 4.137E-19
 4.197E-19 4.264E-19 4.336E-19 4.406E-19 4.469E-19 4.532E-19 4.595E-19 4.662E-19 4.738E-19 4.817E-19
 4.892E-19 4.966E-19 5.040E-19 5.113E-19 5.192E-19 5.278E-19 5.366E-19 5.448E-19 5.525E-19 5.606E-19
 5.692E-19 5.779E-19 5.866E-19 5.953E-19 6.036E-19 6.122E-19 6.214E-19 6.310E-19 6.409E-19 6.508E-19
 6.602E-19 6.693E-19 6.787E-19 6.886E-19 6.992E-19 7.101E-19 7.200E-19 7.292E-19 7.388E-19 7.486E-19
 7.583E-19 7.684E-19 7.789E-19 7.890E-19 7.986E-19 8.083E-19 8.181E-19 8.282E-19 8.385E-19 8.488E-19
 8.591E-19 8.699E-19 8.805E-19 8.900E-19 8.988E-19 9.083E-19 9.189E-19 9.294E-19 9.393E-19 9.487E-19
 9.579E-19 9.669E-19 9.755E-19 9.837E-19 9.916E-19 9.998E-19 1.008E-18 1.016E-18 1.023E-18 1.031E-18
 1.039E-18 1.046E-18 1.053E-18 1.059E-18 1.064E-18 1.070E-18 1.076E-18 1.083E-18 1.089E-18 1.094E-18
 1.098E-18 1.102E-18 1.106E-18 1.110E-18 1.113E-18 1.117E-18 1.120E-18 1.123E-18 1.126E-18 1.129E-18
 1.131E-18 1.132E-18 1.134E-18 1.136E-18 1.138E-18 1.140E-18 1.141E-18 1.142E-18 1.142E-18 1.144E-18
 1.146E-18 1.148E-18 1.148E-18 1.148E-18 1.148E-18 1.149E-18 1.152E-18 1.153E-18 1.155E-18 1.156E-18
 1.157E-18 1.157E-18 1.158E-18 1.159E-18 1.159E-18 1.160E-18 1.160E-18 1.159E-18 1.158E-18 1.157E-18
 1.158E-18 1.160E-18 1.162E-18 1.164E-18 1.165E-18 1.167E-18 1.169E-18 1.171E-18 1.173E-18 1.177E-18
 1.180E-18 1.184E-18 1.187E-18 1.190E-18 1.193E-18 1.196E-18 1.199E-18 1.203E-18 1.205E-18 1.206E-18
 1.206E-18 1.206E-18 1.206E-18 1.205E-18 1.202E-18 1.197E-18 1.191E-18 1.185E-18 1.179E-18 1.174E-18
 1.169E-18 1.165E-18 1.160E-18 1.155E-18 1.149E-18 1.144E-18 1.140E-18 1.136E-18 1.131E-18 1.127E-18
 1.123E-18 1.120E-18 1.117E-18 1.114E-18 1.111E-18 1.109E-18 1.109E-18 1.109E-18 1.109E-18 1.110E-18
 1.111E-18 1.112E-18 1.113E-18 1.115E-18 1.117E-18 1.118E-18 1.117E-18 1.118E-18 1.120E-18 1.121E-18
 1.122E-18 1.123E-18 1.124E-18 1.124E-18 1.124E-18 1.123E-18 1.122E-18 1.121E-18 1.120E-18 1.118E-18
 1.117E-18 1.113E-18 1.109E-18 1.105E-18 1.100E-18 1.095E-18 1.088E-18 1.081E-18 1.074E-18 1.067E-18
 1.059E-18 1.050E-18 1.040E-18 1.029E-18 1.019E-18 1.009E-18 9.977E-19 9.875E-19 9.760E-19 9.635E-19
 9.499E-19 9.361E-19 9.228E-19 9.095E-19 8.955E-19 8.816E-19 8.684E-19 8.551E-19 8.404E-19 8.247E-19
 8.090E-19 7.937E-19 7.787E-19 7.636E-19 7.482E-19 7.325E-19 7.174E-19 7.027E-19 6.879E-19 6.726E-19
 6.570E-19 6.417E-19 6.271E-19 6.134E-19 5.997E-19 5.850E-19 5.693E-19 5.533E-19 5.385E-19 5.256E-19
 5.138E-19 5.021E-19 4.898E-19 4.766E-19 4.631E-19 4.501E-19 4.382E-19 4.272E-19 4.169E-19 4.063E-19
 3.954E-19 3.848E-19 3.748E-19 3.648E-19 3.549E-19 3.449E-19 3.352E-19 3.261E-19 3.176E-19 3.093E-19
 3.011E-19 2.930E-19 2.848E-19 2.771E-19 2.702E-19 2.637E-19 2.571E-19 2.502E-19 2.437E-19 2.378E-19
 2.320E-19 2.258E-19 2.197E-19 2.142E-19 2.095E-19 2.049E-19 1.997E-19 1.941E-19 1.892E-19 1.851E-19
 1.814E-19 1.777E-19 1.738E-19 1.700E-19 1.664E-19 1.631E-19 1.596E-19 1.561E-19 1.527E-19 1.497E-19
 1.470E-19 1.444E-19 1.416E-19 1.387E-19 1.358E-19 1.329E-19 1.301E-19 1.277E-19 1.255E-19 1.231E-19
 1.206E-19 1.183E-19 1.161E-19 1.140E-19 1.121E-19 1.105E-19 1.089E-19 1.071E-19 1.046E-19 1.016E-19
 9.939E-20 9.828E-20 9.718E-20 9.599E-20 9.516E-20 9.437E-20 9.280E-20 9.053E-20 8.835E-20 8.668E-20
 8.545E-20 8.452E-20 8.376E-20 8.277E-20 8.110E-20 7.911E-20 7.785E-20 7.750E-20 7.692E-20 7.553E-20
 7.408E-20 7.297E-20 7.176E-20 7.077E-20 7.063E-20 7.060E-20 6.931E-20 6.676E-20 6.423E-20 6.293E-20
 6.304E-20 6.377E-20 6.380E-20 6.236E-20 6.026E-20 5.902E-20 5.890E-20 5.918E-20 5.936E-20 5.889E-20
 5.757E-20 5.630E-20 5.589E-20 5.574E-20 5.510E-20 5.416E-20 5.322E-20 5.222E-20 5.115E-20 5.043E-20
 5.045E-20 5.087E-20 5.072E-20 4.968E-20 4.859E-20 4.796E-20 4.748E-20 4.717E-20 4.711E-20 4.667E-20
 4.576E-20 4.540E-20 4.566E-20 4.560E-20 4.496E-20 4.422E-20 4.393E-20 4.419E-20 4.422E-20 4.380E-20
 4.361E-20 4.354E-20 4.288E-20 4.188E-20 4.099E-20 4.043E-20 4.072E-20 4.133E-20 4.077E-20 3.914E-20
 3.795E-20 3.785E-20 3.835E-20 3.888E-20 3.929E-20 3.941E-20 3.886E-20 3.782E-20 3.719E-20 3.718E-20
 3.696E-20 3.607E-20 3.491E-20 3.409E-20 3.422E-20 3.522E-20 3.620E-20 3.651E-20 3.629E-20 3.568E-20
 3.438E-20 3.269E-20 3.192E-20 3.259E-20 3.379E-20 3.455E-20 3.456E-20 3.392E-20 3.320E-20 3.286E-20
 3.271E-20 3.259E-20 3.250E-20 3.214E-20 3.138E-20 3.082E-20 3.110E-20 3.207E-20 3.265E-20 3.204E-20
 3.089E-20 3.023E-20 3.021E-20 3.069E-20 3.135E-20 3.139E-20 3.083E-20 3.047E-20 3.016E-20 2.970E-20
 2.983E-20 3.046E-20 3.040E-20 2.955E-20 2.877E-20 2.849E-20 2.872E-20 2.936E-20 3.010E-20 3.027E-20
 2.945E-20 2.839E-20 2.835E-20 2.923E-20 2.982E-20 2.979E-20 2.957E-20 2.925E-20 2.863E-20 2.804E-20
 2.804E-20 2.858E-20 2.892E-20 2.852E-20 2.759E-20 2.684E-20 2.675E-20 2.716E-20 2.763E-20 2.805E-20
 2.825E-20 2.788E-20 2.727E-20 2.716E-20 2.756E-20 2.789E-20 2.764E-20 2.694E-20 2.646E-20 2.653E-20
 2.701E-20 2.774E-20 2.804E-20 2.733E-20 2.620E-20 2.567E-20 2.595E-20 2.659E-20 2.691E-20 2.690E-20
 2.704E-20 2.699E-20 2.629E-20 2.573E-20 2.584E-20 2.601E-20 2.611E-20 2.657E-20 2.752E-20 2.866E-20
 2.920E-20 2.848E-20 2.704E-20 2.577E-20 2.507E-20 2.511E-20 2.569E-20 2.624E-20 2.647E-20 2.638E-20
 2.613E-20 2.593E-20 2.565E-20 2.531E-20 2.524E-20 2.526E-20 2.504E-20 2.501E-20 2.559E-20 2.656E-20
 2.731E-20 2.723E-20 2.644E-20 2.567E-20 2.525E-20 2.497E-20 2.470E-20 2.445E-20 2.434E-20 2.408E-20
 2.324E-20 2.267E-20 2.365E-20 2.556E-20 2.671E-20 2.652E-20 2.551E-20 2.487E-20 2.539E-20 2.603E-20
 2.546E-20 2.429E-20 2.397E-20 2.470E-20 2.548E-20 2.538E-20 2.459E-20 2.390E-20 2.347E-20 2.320E-20
 2.324E-20 2.338E-20 2.325E-20 2.312E-20 2.320E-20 2.340E-20 2.362E-20 2.361E-20 2.322E-20 2.278E-20
 2.251E-20 2.221E-20 2.189E-20 2.150E-20 2.105E-20 2.097E-20 2.131E-20 2.125E-20 2.083E-20 2.099E-20
 2.132E-20 2.070E-20 1.991E-20 2.023E-20 2.082E-20 2.054E-20 1.996E-20 1.956E-20 1.888E-20 1.817E-20
 1.800E-20 1.812E-20 1.823E-20 1.818E-20 1.761E-20 1.669E-20 1.635E-20 1.710E-20 1.821E-20 1.854E-20
 1.797E-20 1.753E-20 1.760E-20 1.749E-20 1.690E-20 1.646E-20 1.666E-20 1.721E-20 1.719E-20 1.639E-20
 1.560E-20 1.497E-20 1.437E-20 1.477E-20 1.634E-20 1.711E-20 1.592E-20 1.412E-20 1.326E-20 1.345E-20
 1.406E-20 1.458E-20 1.471E-20 1.414E-20 1.309E-20 1.333E-20 1.328E-20 1.300E-20 1.287E-20 1.298E-20
 1.312E-20 1.279E-20 1.205E-20 1.133E-20 1.128E-20 1.199E-20 1.241E-20 1.175E-20 1.075E-20 1.041E-20
 1.066E-20 1.110E-20 1.173E-20 1.257E-20 1.321E-20 1.312E-20 1.221E-20 1.133E-20 1.148E-20 1.224E-20
 1.238E-20 1.177E-20 1.130E-20 1.122E-20 1.125E-20 1.121E-20 1.125E-20 1.081E-20 1.013E-20 9.305E-21
 9.455E-21 9.524E-21 9.693E-21 1.009E-20 1.040E-20 1.079E-20 1.168E-20 1.228E-20 1.198E-20 1.139E-20
 1.099E-20 1.070E-20 1.036E-20 1.041E-20 1.092E-20 1.120E-20 1.086E-20 1.058E-20 1.060E-20 1.103E-20
 1.158E-20 1.208E-20 1.238E-20 1.203E-20 1.138E-20 1.140E-20 1.209E-20 1.243E-20 1.181E-20 1.067E-20
 1.009E-20 1.070E-20 1.198E-20 1.239E-20 1.269E-20 1.347E-20 1.364E-20 1.335E-20 1.232E-20 1.055E-20
 9.952E-21 1.091E-20 1.156E-20 1.104E-20 1.078E-20 1.190E-20 1.335E-20 1.382E-20 1.373E-20 1.391E-20
 1.386E-20 1.296E-20 1.192E-20 1.154E-20 1.154E-20 1.143E-20 1.118E-20 1.081E-20 1.087E-20 1.124E-20
 1.133E-20 1.102E-20 1.057E-20 1.030E-20 9.938E-21 9.688E-21 9.517E-21 9.817E-21 1.035E-20 1.060E-20
 1.015E-20 9.205E-21 8.304E-21 8.393E-21 8.893E-21 8.402E-21 7.842E-21 8.071E-21 7.961E-21 7.600E-21
 7.850E-21 8.959E-21 1.009E-20 1.018E-20 9.237E-21 8.587E-21 7.806E-21 8.046E-21 8.265E-21 7.884E-21
 7.474E-21 7.563E-21 7.973E-21 8.132E-21 8.302E-21 8.631E-21 8.651E-21 7.990E-21 7.419E-21 7.209E-21
 7.048E-21 7.998E-21 8.557E-21 8.047E-21 7.066E-21 6.955E-21 8.005E-21 8.794E-21 8.384E-21 8.573E-21
 8.643E-21 8.082E-21 7.092E-21 6.541E-21 6.830E-21 7.680E-21 8.589E-21 8.419E-21 8.118E-21 8.398E-21
 8.197E-21 8.016E-21 8.256E-21 8.415E-21 8.285E-21 7.834E-21 7.644E-21 7.723E-21 8.403E-21 9.132E-21
 9.161E-21 8.531E-21 8.290E-21 8.450E-21 8.339E-21 7.439E-21 7.378E-21 7.567E-21 7.297E-21 7.006E-21
 7.076E-21 7.695E-21 8.925E-21 9.184E-21 9.384E-21 8.293E-21 7.032E-21 7.772E-21 8.981E-21 9.161E-21
 8.360E-21 7.980E-21 7.539E-21 6.859E-21 7.708E-21 9.397E-21 1.072E-20 1.072E-20 9.036E-21 7.265E-21
 6.965E-21 7.844E-21 8.563E-21 9.003E-21 9.242E-21 8.972E-21 9.351E-21 9.511E-21 9.140E-21 8.560E-21
 8.929E-21 8.758E-21 8.408E-21 8.267E-21 8.207E-21 8.086E-21 8.776E-21 8.945E-21 8.784E-21 9.184E-21
 9.503E-21 9.483E-21 9.082E-21 9.402E-21 9.801E-21 9.590E-21 8.160E-21 7.229E-21 7.459E-21 8.308E-21
 8.998E-21 9.317E-21 9.126E-21 7.906E-21 7.715E-21 8.385E-21 8.494E-21 8.194E-21 7.803E-21 7.953E-21
 8.402E-21 8.501E-21 8.291E-21 7.840E-21 7.280E-21 7.179E-21 7.599E-21 8.038E-21 8.358E-21 8.947E-21
 9.496E-21 9.386E-21 8.655E-21 7.585E-21 6.684E-21 7.884E-21 9.143E-21 9.373E-21 9.322E-21 8.401E-21
 7.711E-21 8.130E-21 8.540E-21 8.059E-21 7.509E-21 6.738E-21 6.407E-21 6.837E-21 7.506E-21 8.046E-21
 8.705E-21 9.195E-21 8.944E-21 7.463E-21 6.453E-21 7.252E-21 7.782E-21 7.801E-21 7.591E-21 7.500E-21
 7.640E-21 7.509E-21 7.808E-21 8.758E-21 9.157E-21 8.457E-21 6.806E-21 5.874E-21 5.972E-21 7.005E-21
 7.684E-21 7.563E-21 6.543E-21 5.469E-21 5.692E-21 6.197E-21 6.971E-21 8.540E-21 8.169E-21 6.193E-21
 5.509E-21 6.192E-21 6.767E-21 7.387E-21 7.446E-21 7.195E-21 6.805E-21 6.340E-21 6.394E-21 6.192E-21
 6.102E-21 6.306E-21 6.099E-21 5.637E-21 5.963E-21 6.176E-21 6.127E-21 6.075E-21 6.568E-21 6.498E-21
 5.633E-21 5.386E-21 5.780E-21 7.205E-21 7.415E-21 6.694E-21 6.065E-21 6.603E-21 6.703E-21 6.532E-21
 6.471E-21 6.294E-21 6.167E-21 5.730E-21 6.202E-21 6.689E-21 7.198E-21 7.248E-21 6.357E-21 5.281E-21
 4.841E-21 4.188E-21 3.606E-21 3.702E-21 4.655E-21 5.510E-21 5.922E-21 6.482E-21 7.051E-21 7.821E-21
 7.670E-21 7.080E-21 6.197E-21 6.082E-21 6.398E-21 6.717E-21 8.147E-21 8.996E-21 8.366E-21 7.285E-21
 7.115E-21 7.354E-21 6.813E-21 6.149E-21 5.735E-21 5.463E-21 4.954E-21 4.333E-21 4.775E-21 6.212E-21
 7.119E-21 7.428E-21 7.688E-21 8.747E-21 9.097E-21 8.816E-21 7.856E-21 7.005E-21 7.024E-21 7.044E-21
 7.493E-21 8.293E-21 8.172E-21 7.512E-21 7.011E-21 6.921E-21 7.160E-21 7.229E-21 6.789E-21 6.171E-21
 5.898E-21 6.053E-21 6.627E-21 6.566E-21 6.167E-21 6.114E-21 6.304E-21 6.374E-21 5.941E-21 5.157E-21
 5.022E-21 5.496E-21 6.081E-21 6.790E-21 6.990E-21 6.389E-21 5.374E-21 4.720E-21 5.000E-21 5.015E-21
 5.255E-21 6.024E-21 6.575E-21 6.745E-21 6.644E-21 6.864E-21 7.323E-21 7.652E-21 7.302E-21 6.541E-21
 6.258E-21 6.790E-21 7.490E-21 7.069E-21 6.379E-21 6.958E-21 8.018E-21 8.107E-21 7.966E-21 7.896E-21
 7.855E-21 8.105E-21 7.924E-21 8.014E-21 8.393E-21 8.782E-21 8.932E-21 8.981E-21 9.531E-21 9.510E-21
 8.640E-21 7.229E-21 6.808E-21 7.548E-21 7.937E-21 7.627E-21 7.366E-21 7.656E-21 8.095E-21 8.484E-21
 9.114E-21 9.543E-21 8.853E-21 7.452E-21 7.872E-21 8.291E-21 8.201E-21 8.500E-21 8.599E-21 8.109E-21
 7.608E-21 7.858E-21 8.407E-21 9.057E-21 8.866E-21 8.946E-21 8.695E-21 8.344E-21 8.044E-21 8.113E-21
 7.893E-21 7.792E-21 7.982E-21 8.641E-21 8.970E-21 8.950E-21 8.589E-21 8.419E-21 8.828E-21 9.148E-21
 8.897E-21 8.457E-21 8.256E-21 8.266E-21 8.235E-21 8.634E-21 8.704E-21 8.673E-21 8.793E-21 8.742E-21
 8.511E-21 7.801E-21 7.450E-21 7.410E-21 7.929E-21 8.899E-21 9.948E-21 9.378E-21 7.327E-21 6.976E-21
 7.596E-21 8.335E-21 8.535E-21 7.974E-21 8.244E-21 8.483E-21 8.452E-21 8.512E-21 8.551E-21 8.141E-21
 8.310E-21 8.130E-21 7.829E-21 8.269E-21 9.138E-21 9.267E-21 8.537E-21 7.976E-21 8.176E-21 8.615E-21
 8.705E-21 8.804E-21 9.463E-21 1.006E-20 9.802E-21 9.452E-21 9.441E-21 9.661E-21 9.950E-21 9.270E-21
 8.449E-21 8.718E-21 9.428E-21 9.267E-21 9.137E-21 8.976E-21 9.376E-21 9.635E-21 9.875E-21 1.049E-20
 1.167E-20 1.257E-20 1.212E-20 1.102E-20 1.087E-20 1.163E-20 1.224E-20 1.240E-20 1.218E-20 1.152E-20
 1.078E-20 1.059E-20 1.093E-20 1.121E-20 1.143E-20 1.220E-20 1.347E-20 1.416E-20 1.378E-20 1.299E-20
 1.278E-20 1.361E-20 1.468E-20 1.472E-20 1.399E-20 1.382E-20 1.444E-20 1.507E-20 1.543E-20 1.565E-20
 1.565E-20 1.542E-20 1.531E-20 1.563E-20 1.634E-20 1.723E-20 1.810E-20 1.842E-20 1.789E-20 1.740E-20
 1.783E-20 1.868E-20 1.892E-20 1.841E-20 1.807E-20 1.873E-20 1.999E-20 2.063E-20 2.054E-20 2.058E-20
 2.083E-20 2.097E-20 2.136E-20 2.211E-20 2.267E-20 2.251E-20 2.163E-20 2.084E-20 2.105E-20 2.219E-20
 2.362E-20 2.481E-20 2.516E-20 2.459E-20 2.416E-20 2.471E-20 2.575E-20 2.651E-20 2.680E-20 2.695E-20
 2.733E-20 2.774E-20 2.783E-20 2.779E-20 2.801E-20 2.848E-20 2.869E-20 2.846E-20 2.863E-20 2.986E-20
 3.137E-20 3.206E-20 3.209E-20 3.216E-20 3.243E-20 3.276E-20 3.326E-20 3.422E-20 3.531E-20 3.589E-20
 3.610E-20 3.668E-20 3.761E-20 3.815E-20 3.804E-20 3.773E-20 3.754E-20 3.745E-20 3.772E-20 3.877E-20
 4.007E-20 4.072E-20 4.059E-20 4.018E-20 4.004E-20 4.059E-20 4.158E-20 4.219E-20 4.216E-20 4.205E-20
 4.227E-20 4.277E-20 4.340E-20 4.418E-20 4.506E-20 4.562E-20 4.558E-20 4.523E-20 4.533E-20 4.645E-20
 4.820E-20 4.944E-20 4.960E-20 4.897E-20 4.841E-20 4.890E-20 5.015E-20 5.069E-20 5.033E-20 5.009E-20
 5.031E-20 5.093E-20 5.210E-20 5.332E-20 5.408E-20 5.451E-20 5.471E-20 5.469E-20 5.468E-20 5.473E-20
 5.499E-20 5.564E-20 5.631E-20 5.675E-20 5.718E-20 5.753E-20 5.792E-20 5.895E-20 6.023E-20 6.059E-20
 6.019E-20 6.026E-20 6.106E-20 6.193E-20 6.273E-20 6.339E-20 6.348E-20 6.327E-20 6.372E-20 6.484E-20
 6.596E-20 6.696E-20 6.745E-20 6.704E-20 6.670E-20 6.761E-20 6.958E-20 7.158E-20 7.274E-20 7.300E-20
 7.315E-20 7.357E-20 7.410E-20 7.489E-20 7.569E-20 7.579E-20 7.570E-20 7.634E-20 7.751E-20 7.867E-20
 8.004E-20 8.169E-20 8.296E-20 8.346E-20 8.372E-20 8.441E-20 8.549E-20 8.655E-20 8.739E-20 8.814E-20
 8.887E-20 8.940E-20 9.004E-20 9.155E-20 9.333E-20 9.382E-20 9.329E-20 9.335E-20 9.426E-20 9.537E-20
 9.660E-20 9.770E-20 9.840E-20 9.910E-20 1.000E-19 1.011E-19 1.022E-19 1.032E-19 1.041E-19 1.052E-19
 1.067E-19 1.082E-19 1.094E-19 1.107E-19 1.124E-19 1.143E-19 1.158E-19 1.165E-19 1.171E-19 1.183E-19
 1.198E-19 1.209E-19 1.218E-19 1.234E-19 1.258E-19 1.280E-19 1.293E-19 1.300E-19 1.313E-19 1.330E-19
 1.344E-19 1.356E-19 1.377E-19 1.406E-19 1.427E-19 1.437E-19 1.445E-19 1.460E-19 1.481E-19 1.504E-19
 1.521E-19 1.532E-19 1.543E-19 1.560E-19 1.581E-19 1.604E-19 1.626E-19 1.639E-19 1.649E-19 1.665E-19
 1.692E-19 1.719E-19 1.744E-19 1.767E-19 1.788E-19 1.809E-19 1.835E-19 1.863E-19 1.887E-19 1.906E-19
 1.924E-19 1.943E-19 1.962E-19 1.987E-19 2.017E-19 2.051E-19 2.088E-19 2.125E-19 2.153E-19 2.176E-19
 2.204E-19 2.240E-19 2.280E-19 2.316E-19 2.342E-19 2.362E-19 2.380E-19 2.403E-19 2.440E-19 2.490E-19
 2.542E-19 2.590E-19 2.635E-19 2.672E-19 2.702E-19 2.733E-19 2.770E-19 2.811E-19 2.856E-19 2.903E-19
 2.950E-19 2.997E-19 3.046E-19 3.094E-19 3.139E-19 3.187E-19 3.240E-19 3.291E-19 3.333E-19 3.376E-19
 3.431E-19 3.491E-19 3.547E-19 3.604E-19 3.669E-19 3.732E-19 3.790E-19 3.843E-19 3.898E-19 3.955E-19
 4.011E-19 4.067E-19 4.131E-19 4.200E-19 4.267E-19 4.331E-19 4.397E-19 4.464E-19 4.535E-19 4.608E-19
 4.680E-19 4.751E-19 4.821E-19 4.891E-19 4.960E-19 5.028E-19 5.096E-19 5.166E-19 5.243E-19 5.327E-19
 5.411E-19 5.488E-19 5.558E-19 5.632E-19 5.711E-19 5.789E-19 5.863E-19 5.936E-19 6.015E-19 6.102E-19
 6.192E-19 6.273E-19 6.341E-19 6.404E-19 6.474E-19 6.550E-19 6.627E-19 6.698E-19 6.769E-19 6.845E-19
 6.922E-19 6.993E-19 7.062E-19 7.133E-19 7.204E-19 7.272E-19 7.340E-19 7.410E-19 7.472E-19 7.525E-19
 7.580E-19 7.641E-19 7.697E-19 7.750E-19 7.807E-19 7.871E-19 7.932E-19 7.981E-19 8.020E-19 8.064E-19
 8.120E-19 8.173E-19 8.209E-19 8.241E-19 8.288E-19 8.339E-19 8.375E-19 8.400E-19 8.427E-19 8.456E-19
 8.482E-19 8.505E-19 8.531E-19 8.565E-19 8.597E-19 8.618E-19 8.637E-19 8.659E-19 8.677E-19 8.693E-19
 8.714E-19 8.739E-19 8.760E-19 8.775E-19 8.785E-19 8.792E-19 8.798E-19 8.812E-19 8.839E-19 8.865E-19
 8.873E-19 8.874E-19 8.887E-19 8.916E-19 8.946E-19 8.963E-19 8.972E-19 8.985E-19 9.004E-19 9.025E-19
 9.047E-19 9.066E-19 9.079E-19 9.095E-19 9.116E-19 9.132E-19 9.143E-19 9.157E-19 9.164E-19 9.157E-19
 9.148E-19 9.148E-19 9.150E-19 9.144E-19 9.135E-19 9.130E-19 9.124E-19 9.120E-19 9.120E-19 9.123E-19
 9.127E-19 9.129E-19 9.130E-19 9.128E-19 9.123E-19 9.115E-19 9.101E-19 9.085E-19 9.077E-19 9.076E-19
 9.066E-19 9.036E-19 8.993E-19 8.957E-19 8.934E-19 8.924E-19 8.918E-19 8.905E-19 8.886E-19 8.868E-19
 8.850E-19 8.828E-19 8.806E-19 8.788E-19 8.774E-19 8.761E-19 8.751E-19 8.743E-19 8.739E-19 8.740E-19
 8.741E-19 8.736E-19 8.729E-19 8.729E-19 8.732E-19 8.725E-19 8.715E-19 8.711E-19 8.709E-19 8.702E-19
 8.694E-19 8.692E-19 8.692E-19 8.687E-19 8.677E-19 8.663E-19 8.644E-19 8.624E-19 8.602E-19 8.579E-19
 8.554E-19 8.520E-19 8.481E-19 8.453E-19 8.434E-19 8.411E-19 8.377E-19 8.336E-19 8.291E-19 8.242E-19
 8.191E-19 8.140E-19 8.088E-19 8.031E-19 7.972E-19 7.916E-19 7.865E-19 7.814E-19 7.761E-19 7.699E-19
 7.622E-19 7.534E-19 7.447E-19 7.370E-19 7.300E-19 7.229E-19 7.154E-19 7.076E-19 6.997E-19 6.921E-19
 6.850E-19 6.780E-19 6.705E-19 6.615E-19 6.513E-19 6.413E-19 6.326E-19 6.249E-19 6.177E-19 6.100E-19
 6.013E-19 5.922E-19 5.834E-19 5.752E-19 5.670E-19 5.586E-19 5.502E-19 5.416E-19 5.325E-19 5.233E-19
 5.149E-19 5.079E-19 5.020E-19 4.962E-19 4.888E-19 4.795E-19 4.703E-19 4.627E-19 4.553E-19 4.468E-19
 4.378E-19 4.295E-19 4.225E-19 4.166E-19 4.104E-19 4.029E-19 3.948E-19 3.877E-19 3.814E-19 3.748E-19
 3.676E-19 3.606E-19 3.545E-19 3.487E-19 3.426E-19 3.365E-19 3.307E-19 3.250E-19 3.199E-19 3.147E-19
 3.085E-19 3.017E-19 2.957E-19 2.911E-19 2.870E-19 2.823E-19 2.771E-19 2.718E-19 2.667E-19 2.623E-19
 2.589E-19 2.555E-19 2.508E-19 2.456E-19 2.408E-19 2.364E-19 2.317E-19 2.272E-19 2.238E-19 2.217E-19
 2.196E-19 2.164E-19 2.121E-19 2.078E-19 2.041E-19 2.006E-19 1.971E-19 1.934E-19 1.899E-19 1.864E-19
 1.834E-19 1.809E-19 1.787E-19 1.762E-19 1.734E-19 1.706E-19 1.685E-19 1.668E-19 1.651E-19 1.640E-19
 1.628E-19 1.593E-19 1.546E-19 1.511E-19 1.490E-19 1.471E-19 1.453E-19 1.434E-19 1.409E-19 1.379E-19
 1.355E-19 1.343E-19 1.339E-19 1.326E-19 1.298E-19 1.269E-19 1.251E-19 1.239E-19 1.227E-19 1.213E-19
 1.193E-19 1.162E-19 1.129E-19 1.111E-19 1.111E-19 1.113E-19 1.097E-19 1.063E-19 1.033E-19 1.019E-19
 1.018E-19 1.016E-19 1.003E-19 9.846E-20 9.636E-20 9.391E-20 9.180E-20 9.130E-20 9.175E-20 9.171E-20
 9.092E-20 8.973E-20 8.803E-20 8.593E-20 8.429E-20 8.358E-20 8.296E-20 8.147E-20 7.945E-20 7.776E-20
 7.650E-20 7.551E-20 7.504E-20 7.505E-20 7.468E-20 7.321E-20 7.117E-20 6.960E-20 6.878E-20 6.838E-20
 6.768E-20 6.610E-20 6.439E-20 6.394E-20 6.460E-20 6.509E-20 6.477E-20 6.370E-20 6.210E-20 6.056E-20
 5.963E-20 5.936E-20 5.907E-20 5.770E-20 5.519E-20 5.271E-20 5.129E-20 5.093E-20 5.068E-20 4.948E-20
 4.783E-20 4.718E-20 4.739E-20 4.751E-20 4.774E-20 4.798E-20 4.698E-20 4.459E-20 4.241E-20 4.164E-20
 4.193E-20 4.212E-20 4.159E-20 4.064E-20 3.975E-20 3.906E-20 3.878E-20 3.901E-20 3.950E-20 3.986E-20
 3.973E-20 3.872E-20 3.701E-20 3.532E-20 3.421E-20 3.368E-20 3.333E-20 3.284E-20 3.250E-20 3.271E-20
 3.291E-20 3.240E-20 3.153E-20 3.086E-20 3.041E-20 3.000E-20 2.931E-20 2.803E-20 2.657E-20 2.562E-20
 2.539E-20 2.549E-20 2.556E-20 2.529E-20 2.512E-20 2.536E-20 2.541E-20 2.485E-20 2.404E-20 2.331E-20
 2.278E-20 2.269E-20 2.293E-20 2.272E-20 2.166E-20 2.046E-20 1.991E-20 1.997E-20 2.020E-20 2.016E-20
 1.965E-20 1.925E-20 1.934E-20 1.930E-20 1.919E-20 1.970E-20 2.011E-20 1.935E-20 1.818E-20 1.743E-20
 1.650E-20 1.535E-20 1.487E-20 1.476E-20 1.419E-20 1.363E-20 1.390E-20 1.470E-20 1.504E-20 1.452E-20
 1.380E-20 1.344E-20 1.311E-20 1.282E-20 1.294E-20 1.305E-20 1.270E-20 1.243E-20 1.260E-20 1.286E-20
 1.282E-20 1.215E-20 1.132E-20 1.154E-20 1.247E-20 1.219E-20 1.048E-20 9.286E-21 9.686E-21 1.076E-20
 1.127E-20 1.111E-20 1.112E-20 1.238E-20 1.434E-20 1.471E-20 1.289E-20 1.136E-20 1.158E-20 1.186E-20
 1.107E-20 1.021E-20 1.026E-20 1.022E-20 9.777E-21 9.056E-21 8.876E-21 9.165E-21 9.185E-21 8.874E-21
 8.594E-21 8.513E-21 9.902E-21 1.282E-20 1.421E-20 1.263E-20 1.074E-20 1.035E-20 1.048E-20 1.044E-20
 1.040E-20 9.927E-21 9.147E-21 9.026E-21 9.166E-21 8.455E-21 7.665E-21 6.934E-21 7.113E-21 8.413E-21
 1.038E-20 1.161E-20 1.244E-20 1.418E-20 1.512E-20 1.318E-20 1.013E-20 8.478E-21 8.128E-21 8.257E-21
 8.577E-21 8.676E-21 8.396E-21 7.995E-21 7.804E-21 7.994E-21 8.433E-21 9.103E-21 9.072E-21 8.962E-21
 9.101E-21 8.630E-21 7.780E-21 8.379E-21 8.799E-21 8.908E-21 9.158E-21 9.457E-21 9.526E-21 8.946E-21
 8.365E-21 8.655E-21 9.274E-21 8.924E-21 7.773E-21 7.483E-21 8.582E-21 1.015E-20 1.056E-20 1.004E-20
 9.840E-21 1.003E-20 9.759E-21 8.958E-21 8.268E-21 7.837E-21 7.456E-21 7.336E-21 7.545E-21 8.625E-21
 9.854E-21 1.056E-20 1.029E-20 9.022E-21 7.692E-21 7.381E-21 7.921E-21 8.560E-21 9.040E-21 9.289E-21
 9.138E-21 8.838E-21 8.867E-21 9.407E-21 1.009E-20 9.996E-21 9.495E-21 9.105E-21 8.984E-21 9.133E-21
 9.373E-21 9.552E-21 9.882E-21 1.028E-20 1.076E-20 1.118E-20 1.116E-20 1.032E-20 9.298E-21 9.128E-21
 9.727E-21 1.048E-20 1.064E-20 1.023E-20 1.011E-20 1.061E-20 1.098E-20 1.090E-20 1.081E-20 1.068E-20
 1.062E-20 1.060E-20 1.093E-20 1.091E-20 1.060E-20 1.119E-20 1.248E-20 1.303E-20 1.275E-20 1.264E-20
 1.294E-20 1.316E-20 1.301E-20 1.266E-20 1.236E-20 1.217E-20 1.189E-20 1.142E-20 1.128E-20 1.204E-20
 1.314E-20 1.336E-20 1.296E-20 1.306E-20 1.368E-20 1.406E-20 1.408E-20 1.408E-20 1.429E-20 1.448E-20
 1.430E-20 1.418E-20 1.462E-20 1.520E-20 1.553E-20 1.543E-20 1.551E-20 1.611E-20 1.713E-20 1.777E-20
 1.757E-20 1.716E-20 1.705E-20 1.701E-20 1.699E-20 1.747E-20 1.854E-20 1.985E-20 2.096E-20 2.116E-20
 1.990E-20 1.824E-20 1.859E-20 1.955E-20 2.119E-20 2.203E-20 2.203E-20 2.142E-20 2.101E-20 2.143E-20
 2.220E-20 2.294E-20 2.402E-20 2.488E-20 2.456E-20 2.387E-20 2.402E-20 2.461E-20 2.482E-20 2.483E-20
 2.526E-20 2.642E-20 2.785E-20 2.866E-20 2.867E-20 2.827E-20 2.766E-20 2.762E-20 2.885E-20 3.040E-20
 3.113E-20 3.140E-20 3.181E-20 3.241E-20 3.349E-20 3.501E-20 3.622E-20 3.674E-20 3.678E-20 3.677E-20
 3.722E-20 3.808E-20 3.890E-20 3.982E-20 4.119E-20 4.259E-20 4.342E-20 4.365E-20 4.344E-20 4.321E-20
 4.380E-20 4.539E-20 4.709E-20 4.799E-20 4.843E-20 4.928E-20 5.047E-20 5.135E-20 5.204E-20 5.290E-20
 5.359E-20 5.400E-20 5.479E-20 5.641E-20 5.846E-20 5.982E-20 6.011E-20 6.065E-20 6.222E-20 6.393E-20
 6.529E-20 6.637E-20 6.697E-20 6.750E-20 6.848E-20 7.039E-20 7.474E-20 8.059E-20 8.285E-20 8.009E-20
 7.732E-20 7.754E-20 7.911E-20 8.064E-20 8.157E-20 8.156E-20 8.170E-20 8.284E-20 8.445E-20 8.626E-20
 8.801E-20 8.947E-20 9.167E-20 9.459E-20 9.602E-20 9.592E-20 9.702E-20 9.992E-20 1.035E-19 1.080E-19
 1.113E-19 1.098E-19 1.056E-19 1.041E-19 1.058E-19 1.072E-19 1.074E-19 1.074E-19 1.078E-19 1.088E-19
 1.101E-19 1.114E-19 1.125E-19 1.137E-19 1.146E-19 1.152E-19 1.158E-19 1.168E-19 1.184E-19 1.201E-19
 1.210E-19 1.214E-19 1.224E-19 1.243E-19 1.256E-19 1.260E-19 1.254E-19 1.240E-19 1.231E-19 1.234E-19
 1.243E-19 1.249E-19 1.254E-19 1.253E-19 1.248E-19 1.254E-19 1.273E-19 1.291E-19 1.298E-19 1.293E-19
 1.285E-19 1.284E-19 1.289E-19 1.295E-19 1.305E-19 1.319E-19 1.327E-19 1.328E-19 1.324E-19 1.322E-19
 1.323E-19 1.328E-19 1.338E-19 1.351E-19 1.369E-19 1.395E-19 1.414E-19 1.410E-19 1.396E-19 1.391E-19
 1.393E-19 1.396E-19 1.399E-19 1.405E-19 1.419E-19 1.440E-19 1.458E-19 1.470E-19 1.481E-19 1.493E-19
 1.509E-19 1.526E-19 1.538E-19 1.541E-19 1.539E-19 1.537E-19 1.541E-19 1.548E-19 1.547E-19 1.533E-19
 1.515E-19 1.505E-19 1.510E-19 1.520E-19 1.524E-19 1.520E-19 1.509E-19 1.489E-19 1.459E-19 1.427E-19
 1.411E-19 1.411E-19 1.408E-19 1.401E-19 1.396E-19 1.397E-19 1.403E-19 1.413E-19 1.420E-19 1.425E-19
 1.431E-19 1.438E-19 1.445E-19 1.448E-19 1.451E-19 1.461E-19 1.477E-19 1.508E-19 1.572E-19 1.629E-19
 1.617E-19 1.561E-19 1.525E-19 1.519E-19 1.519E-19 1.526E-19 1.536E-19 1.536E-19 1.534E-19 1.536E-19
 1.545E-19 1.574E-19 1.620E-19 1.643E-19 1.616E-19 1.577E-19 1.563E-19 1.560E-19 1.546E-19 1.531E-19
 1.526E-19 1.527E-19 1.529E-19 1.526E-19 1.515E-19 1.503E-19 1.493E-19 1.479E-19 1.463E-19 1.449E-19
 1.439E-19 1.430E-19 1.421E-19 1.409E-19 1.391E-19 1.372E-19 1.355E-19 1.340E-19 1.326E-19 1.315E-19
 1.303E-19 1.291E-19 1.284E-19 1.276E-19 1.260E-19 1.240E-19 1.224E-19 1.207E-19 1.190E-19 1.173E-19
 1.155E-19 1.136E-19 1.120E-19 1.109E-19 1.098E-19 1.080E-19 1.060E-19 1.052E-19 1.051E-19 1.040E-19
 1.015E-19 9.922E-20 9.772E-20 9.662E-20 9.542E-20 9.422E-20 9.336E-20 9.314E-20 9.335E-20 9.282E-20
 9.110E-20 8.905E-20 8.722E-20 8.567E-20 8.470E-20 8.431E-20 8.383E-20 8.283E-20 8.175E-20 8.110E-20
 8.017E-20 7.824E-20 7.640E-20 7.574E-20 7.542E-20 7.437E-20 7.285E-20 7.152E-20 7.052E-20 6.963E-20
 6.902E-20 6.895E-20 6.862E-20 6.745E-20 6.639E-20 6.621E-20 6.623E-20 6.567E-20 6.428E-20 6.240E-20
 6.087E-20 6.014E-20 6.016E-20 6.071E-20 6.109E-20 6.048E-20 5.872E-20 5.678E-20 5.601E-20 5.623E-20
 5.596E-20 5.529E-20 5.517E-20 5.503E-20 5.411E-20 5.321E-20 5.317E-20 5.325E-20 5.242E-20 5.114E-20
 5.031E-20 4.944E-20 4.833E-20 4.796E-20 4.823E-20 4.849E-20 4.880E-20 4.841E-20 4.672E-20 4.565E-20
 4.654E-20 4.768E-20 4.686E-20 4.435E-20 4.261E-20 4.258E-20 4.284E-20 4.294E-20 4.267E-20 4.258E-20
 4.838E-20 6.145E-20 6.812E-20 5.892E-20 4.578E-20 4.074E-20 4.007E-20 3.933E-20 3.991E-20 4.099E-20
 4.045E-20 3.903E-20 3.820E-20 3.824E-20 3.855E-20 3.817E-20 3.700E-20 3.599E-20 3.585E-20 3.635E-20
 3.676E-20 3.685E-20 3.688E-20 3.683E-20 3.646E-20 3.553E-20 3.429E-20 3.372E-20 3.408E-20 3.418E-20
 3.355E-20 3.343E-20 3.432E-20 3.391E-20 3.319E-20 3.164E-20 3.073E-20 3.131E-20 3.211E-20 3.181E-20
 3.171E-20 3.309E-20 3.430E-20 3.377E-20 3.284E-20 3.246E-20 3.169E-20 3.081E-20 3.095E-20 3.166E-20
 3.262E-20 3.401E-20 3.428E-20 3.264E-20 3.097E-20 3.002E-20 2.890E-20 2.835E-20 2.890E-20 2.955E-20
 2.958E-20 2.993E-20 3.087E-20 3.182E-20 3.191E-20 3.054E-20 2.873E-20 2.781E-20 2.788E-20 2.819E-20
 2.919E-20 3.002E-20 3.460E-20 4.573E-20 5.346E-20 4.706E-20 3.422E-20 2.807E-20 2.809E-20 2.828E-20
 2.768E-20 2.662E-20 2.568E-20 2.623E-20 2.744E-20 2.843E-20 3.145E-20 3.671E-20 3.888E-20 3.509E-20
 2.980E-20 2.734E-20 2.696E-20 2.720E-20 2.739E-20 2.651E-20 2.552E-20 2.622E-20 2.725E-20 2.678E-20
 2.598E-20 2.580E-20 2.569E-20 2.568E-20 2.622E-20 2.788E-20 3.082E-20 3.303E-20 3.274E-20 3.104E-20
 2.895E-20 2.661E-20 2.536E-20 2.561E-20 2.535E-20 2.390E-20 2.251E-20 2.206E-20 2.287E-20 2.552E-20
 2.687E-20 2.806E-20 3.800E-20 4.487E-20 3.934E-20 2.835E-20 2.309E-20 2.113E-20 2.053E-20 1.876E-20
 1.921E-20 2.160E-20
